1 0.822269 0.302337 0.0691841 0.0766661
1 1.9396 0.296288 0.0697053 0.0750207
1 3.05417 0.292714 0.0706961 0.076219
1 4.16784 0.290887 0.0691655 0.0734463
1 5.28048 0.288773 0.0672979 0.0741705
1 6.39198 0.287415 0.0471916 0.0679159
1 7.50172 0.285007 0.0203524 0.0662182
1 8.60677 0.281502 -0.0154153 0.0490251
1 9.70829 0.278246 -0.0409596 0.0391656
1 10.8089 0.272669 -0.0277347 0.0467567
1 11.9118 0.267347 -0.0181561 0.044756
1 13.0157 0.265378 -0.0163056 0.0380375
1 14.1185 0.263067 -0.0199231 0.0461395
1 15.2217 0.25765 -0.0196529 0.0539641
1 16.3259 0.252449 -0.0187442 0.0440709
1 17.4303 0.250549 -0.0260943 0.0252944
1 18.5347 0.251666 -0.0188109 0.0129359
1 19.6385 0.254075 -0.00489919 0.0129545
1 20.7414 0.255987 -0.00663739 0.016217
1 21.8441 0.256667 -0.00385486 0.0166157
1 22.947 0.256605 0.00720983 0.016682
1 24.0499 0.255388 0.00405248 0.014519
1 25.153 0.252898 0.00972769 0.0103916
1 26.2573 0.250343 0.0253276 0.0154472
1 27.362 0.250166 0.0228693 0.032816
1 28.4665 0.253918 0.0197844 0.0513214
1 29.5703 0.260419 0.021738 0.0560009
1 30.6729 0.265033 0.0151138 0.0431129
1 31.776 0.266285 0.0168968 0.039232
1 32.8801 0.269529 0.0227837 0.0480231
1 33.9817 0.275848 0.0356703 0.0420952
1 35.0822 0.279697 0.0359863 0.0375936
1 36.1857 0.282641 -0.00497015 0.0617389
1 37.293 0.286729 -0.0386384 0.0711902
1 38.4039 0.287788 -0.0603507 0.0673969
1 39.5161 0.28939 -0.0675735 0.0773607
1 40.6294 0.291827 -0.0709215 0.0722646
1 41.7435 0.293965 -0.0720854 0.0747529
1 42.8588 0.298272 -0.0706249 0.0754244
1 43.9797 0.314593 -0.0727778 0.0777072
1 0.268219 1.27433 0.074756 0.0743876
1 1.38816 1.26572 0.0723547 0.0774048
1 2.50126 1.26147 0.0715223 0.0729798
1 3.61406 1.25908 0.0715148 0.0744876
1 4.72628 1.25715 0.0713797 0.0762924
1 5.83807 1.25546 0.0598193 0.071192
1 6.94876 1.25399 0.0413657 0.0728238
1 8.05638 1.25142 0.00988984 0.0659656
1 9.16033 1.24932 -0.022303 0.0511319
1 10.2622 1.24583 -0.0297807 0.050346
1 11.3642 1.24052 -0.0216371 0.042973
1 12.4669 1.23668 -0.0203125 0.0360957
1 13.5697 1.23407 -0.0184236 0.0424811
1 14.6728 1.23019 -0.0171945 0.0515404
1 15.7764 1.2249 -0.0170632 0.0482739
1 16.8797 1.22125 -0.0173264 0.0319749
1 17.9828 1.22107 -0.0170419 0.0185524
1 19.0863 1.22284 -0.00927744 0.0132396
1 20.1896 1.22487 -0.00529571 0.0121241
1 21.2925 1.22632 -0.00667635 0.0147878
1 22.3956 1.22673 0.00192893 0.0161078
1 23.4988 1.22593 0.0059562 0.0128238
1 24.6018 1.224 0.00654297 0.0106618
1 25.7056 1.22154 0.0158609 0.0128062
1 26.8091 1.22002 0.0178539 0.0226577
1 27.9119 1.22184 0.0125935 0.0419811
1 29.0152 1.22726 0.0172203 0.0538764
1 30.1188 1.23251 0.0215968 0.0482503
1 31.2219 1.23552 0.0204043 0.0400549
1 32.3246 1.23843 0.0184219 0.0391306
1 33.427 1.24321 0.0255189 0.0457678
1 34.5288 1.24763 0.0284175 0.0505736
1 35.6312 1.2501 0.00548412 0.0588876
1 36.737 1.25273 -0.0262153 0.0702748
1 37.8466 1.25475 -0.0516792 0.0709151
1 38.9578 1.25585 -0.0644506 0.0733548
1 40.07 1.25786 -0.0664725 0.0746711
1 41.1828 1.26009 -0.0687006 0.0750433
1 42.2949 1.26307 -0.0703844 0.0750055
1 43.4084 1.27069 -0.0700859 0.07376
1 0.835151 2.23126 0.0695013 0.0713503
1 1.94872 2.22647 0.0696613 0.0751437
1 3.06059 2.22322 0.0705588 0.0759392
1 4.17239 2.22111 0.0690652 0.0735324
1 5.28423 2.21939 0.0628405 0.0754649
1 6.39503 2.21766 0.0526694 0.0747024
1 7.50402 2.21591 0.0259647 0.0707603
1 8.60987 2.21411 -0.00418232 0.0652946
1 9.71305 2.21187 -0.0173353 0.0617956
1 10.8157 2.20854 -0.01301 0.0542597
1 11.919 2.20509 -0.0132179 0.0426589
1 13.0217 2.20162 -0.0218293 0.0408922
1 14.1239 2.19742 -0.0251385 0.0440039
1 15.227 2.19312 -0.0146565 0.0461564
1 16.3299 2.18921 -0.00756046 0.0411552
1 17.432 2.18707 -0.014211 0.0275642
1 18.5348 2.18749 -0.0143854 0.0169543
1 19.6384 2.18948 -0.00540854 0.0121476
1 20.7412 2.19133 -0.00601081 0.0125202
1 21.844 2.19208 -0.00238671 0.0145552
1 22.9473 2.19193 0.00707157 0.0137674
1 24.0502 2.19064 0.00316194 0.0114014
1 25.1533 2.18832 0.00658819 0.012595
1 26.2566 2.18658 0.0171039 0.0187678
1 27.359 2.18704 0.0131133 0.0317012
1 28.4616 2.1903 0.0110455 0.0475826
1 29.5647 2.19522 0.0195884 0.0507418
1 30.6673 2.19984 0.0255371 0.0415638
1 31.7697 2.2034 0.0158933 0.0396069
1 32.8727 2.20679 0.00760667 0.0507865
1 33.9758 2.21031 0.0181565 0.0578897
1 35.0786 2.21272 0.015396 0.0617848
1 36.1827 2.21488 -0.0137768 0.0702576
1 37.2903 2.21689 -0.0373448 0.0718535
1 38.4008 2.21835 -0.0605978 0.072796
1 39.5118 2.21987 -0.0695058 0.0759758
1 40.6235 2.22198 -0.0692011 0.0748016
1 41.7355 2.22483 -0.0702106 0.0733041
1 42.8475 2.22918 -0.0705083 0.0768146
1 43.9687 2.23286 -0.0698597 0.0747605
1 0.27388 3.19303 0.071203 0.0761959
1 1.39492 3.19084 0.0715305 0.075168
1 2.50713 3.18747 0.0705873 0.0756781
1 3.61882 3.18492 0.0696725 0.0740079
1 4.73008 3.18291 0.0673676 0.076202
1 5.84119 3.18112 0.0562532 0.0732909
1 6.95089 3.17947 0.03907 0.0727171
1 8.05799 3.17776 0.00805811 0.0682759
1 9.16205 3.17603 -0.0104399 0.0658613
1 10.265 3.17365 -0.00778414 0.0650334
1 11.3688 3.17132 0.00261268 0.0560759
1 12.473 3.1689 -0.00414658 0.049743
1 13.5759 3.16513 -0.0195252 0.0437452
1 14.6777 3.16087 -0.0215397 0.037942
1 15.7801 3.1568 -0.0164902 0.0407605
1 16.8825 3.15361 -0.0139056 0.0353963
1 17.9846 3.1528 -0.0128081 0.020953
1 19.0873 3.15387 -0.00622254 0.0135535
1 20.1901 3.15561 -0.00207879 0.0124526
1 21.2927 3.15701 -0.00502152 0.0122256
1 22.3955 3.15736 0.000577714 0.011709
1 23.4984 3.15647 0.00357498 0.0115364
1 24.6011 3.15466 0.00584239 0.0112661
1 25.7044 3.1529 0.0132417 0.0148457
1 26.8068 3.15241 0.0112723 0.0269557
1 27.9087 3.15433 0.00731438 0.0396036
1 29.0109 3.15841 0.0162104 0.0411051
1 30.1127 3.16301 0.0257646 0.0412992
1 31.2152 3.16719 0.0186762 0.0480811
1 32.3193 3.17028 -0.000154708 0.0533291
1 33.4236 3.17239 0.00202553 0.0599912
1 34.527 3.17458 0.0145247 0.0652793
1 35.63 3.17665 0.00258418 0.0674463
1 36.7355 3.17856 -0.0252354 0.0722796
1 37.8441 3.18039 -0.0511685 0.0740396
1 38.9547 3.18187 -0.0645105 0.0729168
1 40.0658 3.18384 -0.070406 0.0739959
1 41.1774 3.18602 -0.0682427 0.076392
1 42.2892 3.18925 -0.070277 0.0754537
1 43.4035 3.19213 -0.0707132 0.0707456
1 0.838134 4.15322 0.0724067 0.0728614
1 1.95253 4.15117 0.0716767 0.0759101
1 3.0645 4.14858 0.0726436 0.0759529
1 4.17589 4.14647 0.0723516 0.0738898
1 5.28687 4.14465 0.0647815 0.0753927
1 6.39688 4.1428 0.0505951 0.0742295
1 7.50489 4.1412 0.02249 0.068185
1 8.60998 4.13957 -0.00439952 0.0688276
1 9.71295 4.13737 -0.0121525 0.0681122
1 10.8165 4.13553 0.000592303 0.0635945
1 11.9215 4.13391 0.0103111 0.0615121
1 13.0263 4.13153 -0.00492155 0.0561055
1 14.1297 4.12832 -0.0185273 0.0446321
1 15.2319 4.12479 -0.015093 0.0365454
1 16.3334 4.12106 -0.0102991 0.0336694
1 17.4344 4.11862 -0.0118737 0.027199
1 18.5366 4.11858 -0.0116299 0.0183626
1 19.6397 4.12002 -0.00395343 0.0113574
1 20.7419 4.12159 -0.00252791 0.0104519
1 21.8442 4.12241 -0.00096638 0.0125828
1 22.9471 4.12217 0.00431886 0.0110529
1 24.0492 4.12087 0.000476477 0.00900128
1 25.1516 4.11906 0.00359957 0.0134605
1 26.2544 4.11801 0.01195 0.0218356
1 27.3559 4.119 0.0159365 0.0288457
1 28.4576 4.12228 0.0206396 0.0360083
1 29.5597 4.12647 0.0158941 0.0439219
1 30.6618 4.13011 0.00545939 0.0507817
1 31.766 4.13272 -0.00495918 0.0580192
1 32.8715 4.13465 -0.010549 0.0649418
1 33.9756 4.13639 0.0019141 0.0652318
1 35.0781 4.13823 0.0120233 0.0651167
1 36.1817 4.14012 -0.00917381 0.0710735
1 37.2883 4.14206 -0.0362114 0.0733934
1 38.3979 4.14376 -0.0565879 0.0720138
1 39.5086 4.14535 -0.0654548 0.0761778
1 40.6199 4.14741 -0.0672969 0.0743963
1 41.7315 4.14993 -0.0693342 0.0737094
1 42.844 4.15252 -0.0724633 0.0761227
1 43.9643 4.15422 -0.0762311 0.0764109
1 0.276955 5.11572 0.0749685 0.0766814
1 1.39738 5.11413 0.0720876 0.0788162
1 2.50988 5.11215 0.0697428 0.0742709
1 3.62154 5.11014 0.0677946 0.0763491
1 4.73269 5.1081 0.0668284 0.0748554
1 5.84323 5.10642 0.0545099 0.0730172
1 6.95213 5.10477 0.0343068 0.0725722
1 8.05825 5.10296 0.00360043 0.0703272
1 9.16142 5.10095 -0.0121063 0.0669567
1 10.2642 5.09914 -0.00543346 0.0657936
1 11.3685 5.09757 0.0149756 0.0664946
1 12.4737 5.09588 0.0131643 0.0627658
1 13.5787 5.09395 0.00244302 0.0558862
1 14.6817 5.09166 -0.0010656 0.0483887
1 15.7843 5.08888 -0.014445 0.0392275
1 16.8864 5.08585 -0.0229811 0.0282799
1 17.9873 5.08422 -0.0164584 0.0175601
1 19.089 5.08475 -0.00269442 0.0130657
1 20.1912 5.08624 0.00176951 0.0124494
1 21.2931 5.08738 -0.00438894 0.0111324
1 22.3954 5.08767 0.000587891 0.0104432
1 23.4976 5.08698 0.00190237 0.0113382
1 24.5997 5.0854 0.00280766 0.0111582
1 25.7024 5.08395 0.0139665 0.0133549
1 26.8037 5.08433 0.014684 0.0226671
1 27.9043 5.08694 0.00781701 0.0342199
1 29.0063 5.09002 0.007515 0.0427893
1 30.1093 5.0925 0.006514 0.0540121
1 31.2136 5.09493 -0.00214312 0.0634903
1 32.3192 5.09683 -0.0112642 0.0639169
1 33.4246 5.09814 -0.00367954 0.0649305
1 34.5278 5.09996 0.0102237 0.0684685
1 35.6302 5.10196 0.00785211 0.0671575
1 36.7349 5.1037 -0.02165 0.0698206
1 37.8424 5.1054 -0.0508151 0.0745901
1 38.9525 5.10719 -0.0629531 0.0747664
1 40.0634 5.10911 -0.0714926 0.0736054
1 41.1747 5.11119 -0.0712108 0.0774068
1 42.2869 5.11318 -0.0701609 0.0771554
1 43.4014 5.11514 -0.0744449 0.0756846
1 0.839806 6.07677 0.0690453 0.0768807
1 1.95428 6.07529 0.0724966 0.0777939
1 3.06632 6.07362 0.0700799 0.0805018
1 4.17778 6.07161 0.0702311 0.0774549
1 5.28863 6.07007 0.0608731 0.0769237
1 6.39827 6.06825 0.0461353 0.0765327
1 7.50557 6.06661 0.0151566 0.0725961
1 8.60979 6.06462 -0.008363 0.0711033
1 9.71191 6.06264 -0.0111851 0.0677683
1 10.8152 6.06115 0.0067593 0.0675697
1 11.92 6.05951 0.0165954 0.0693999
1 13.0257 6.05786 0.00402794 0.0636791
1 14.1304 6.05644 0.00266229 0.0593679
1 15.2341 6.05475 0.00332532 0.0529728
1 16.3374 6.0529 -0.00101722 0.0411521
1 17.4385 6.05122 -0.00882106 0.026489
1 18.5394 6.05062 -0.016512 0.0144114
1 19.6413 6.05118 -0.00841738 0.0104447
1 20.7427 6.05236 -0.000992138 0.0118448
1 21.8443 6.05321 0.000459385 0.0129462
1 22.9466 6.0529 0.00217373 0.0130003
1 24.048 6.05174 -0.000548083 0.0113119
1 25.1494 6.05068 0.00835989 0.0100892
1 26.2508 6.05041 0.0169683 0.0169294
1 27.3519 6.05139 0.0119671 0.0341938
1 28.4547 6.05352 0.00398132 0.0512494
1 29.5583 6.05555 -0.00735218 0.0568275
1 30.6618 6.05697 -0.0120623 0.0602227
1 31.7667 6.05852 -0.014078 0.0675989
1 32.8725 6.06028 -0.0130107 0.0689824
1 33.9768 6.06175 0.0029595 0.0667586
1 35.079 6.06346 0.0167472 0.0689493
1 36.1819 6.06552 0.000938927 0.0731146
1 37.2878 6.06725 -0.032731 0.0740539
1 38.3966 6.06898 -0.0566203 0.0773842
1 39.507 6.07086 -0.0674937 0.0792747
1 40.618 6.07264 -0.0687693 0.0786086
1 41.7298 6.0745 -0.0691496 0.0753767
1 42.8423 6.07591 -0.0720179 0.0801851
1 43.9629 6.0773 -0.0722464 0.0788163
1 0.277969 7.03887 0.0735619 0.0776211
1 1.39863 7.03785 0.0722898 0.0755477
1 2.5111 7.03672 0.0716949 0.0726428
1 3.62291 7.03518 0.0706786 0.0738707
1 4.73391 7.03333 0.0682299 0.0746966
1 5.84412 7.0317 0.0563085 0.0709056
1 6.95246 7.03022 0.0283532 0.0715011
1 8.0581 7.02816 -0.00488346 0.0691789
1 9.16042 7.0264 -0.0150496 0.0618049
1 10.2626 7.02476 -0.00344252 0.064846
1 11.3668 7.02284 0.0142364 0.0680764
1 12.4722 7.0212 0.0124019 0.0615601
1 13.5772 7.02022 0.0138679 0.0567666
1 14.6806 7.01899 0.0149033 0.0572814
1 15.7849 7.01779 0.00233814 0.0494428
1 16.8889 7.01695 -0.00337798 0.0388497
1 17.9907 7.01669 -0.00849174 0.0226639
1 19.0922 7.01728 -0.0069503 0.00728345
1 20.1931 7.01807 -0.00379893 0.00404053
1 21.2935 7.01856 -0.00757796 0.00790851
1 22.3952 7.01864 0.00192297 0.00876956
1 23.4966 7.01829 0.0075632 0.00561168
1 24.5972 7.01757 0.00762391 0.0044316
1 25.6989 7.01677 0.0114006 0.0130749
1 26.8006 7.01636 0.000926299 0.028871
1 27.9026 7.01681 -0.0114159 0.0452631
1 29.0064 7.01803 -0.00913228 0.055708
1 30.1108 7.01935 -0.00215715 0.0586382
1 31.2156 7.02065 -0.00720471 0.0606907
1 32.3209 7.02206 -0.0171474 0.0642207
1 33.426 7.02364 -0.00436599 0.0647217
1 34.5292 7.02543 0.0105965 0.0644092
1 35.6305 7.02725 0.00928925 0.0653683
1 36.7342 7.02906 -0.014551 0.068564
1 37.8411 7.03071 -0.0453368 0.0728631
1 38.951 7.03244 -0.0579781 0.0737869
1 40.062 7.03429 -0.0682529 0.0718577
1 41.1733 7.03585 -0.0675217 0.0750726
1 42.2855 7.03734 -0.0684888 0.0749556
1 43.3997 7.0385 -0.0685 0.0744152
1 0.841086 8.00043 0.0707292 0.0723193
1 1.95528 7.9997 0.0701022 0.0740345
1 3.0674 7.99821 0.0697294 0.0746985
1 4.17881 7.99685 0.0690946 0.0732461
1 5.28962 7.99521 0.0594222 0.0729948
1 6.39894 7.99348 0.0438084 0.0719557
1 7.50563 7.99176 0.0107753 0.0667374
1 8.60885 7.99012 -0.0128209 0.0635712
1 9.71024 7.98823 -0.0141744 0.0647639
1 10.8136 7.98615 0.00460991 0.0633951
1 11.9184 7.98462 0.0156747 0.0601511
1 13.0235 7.98347 0.00702539 0.0573766
1 14.1278 7.98246 0.00648217 0.0557704
1 15.2323 7.98136 0.00935447 0.0528549
1 16.3368 7.98074 0.0161377 0.0468642
1 17.4392 7.98097 0.0117237 0.0340165
1 18.5416 7.9824 -0.00249474 0.017631
1 19.6443 7.98395 -0.00330419 0.00813962
1 20.7448 7.98467 -0.00663491 0.00274222
1 21.8448 7.98479 -0.00337417 -0.00221947
1 22.9453 7.98474 0.00904455 -0.00113243
1 24.0454 7.9843 0.00179915 0.00456984
1 25.1466 7.98308 -0.00355935 0.0124814
1 26.2491 7.98141 -0.00117868 0.0247701
1 27.352 7.9803 -0.00264813 0.0394851
1 28.4563 7.98051 -0.00851632 0.0521263
1 29.5605 7.98164 -0.0177009 0.0563271
1 30.664 7.98277 -0.0120136 0.055453
1 31.7689 7.98385 -0.0115987 0.0594688
1 32.8743 7.98536 -0.0156929 0.0639015
1 33.9785 7.98722 0.00507997 0.0631458
1 35.0804 7.9891 0.0181697 0.0619926
1 36.1821 7.99085 0.00468187 0.0653
1 37.2872 7.99253 -0.0279849 0.0694982
1 38.3955 7.99418 -0.0544099 0.070182
1 39.5059 7.9958 -0.0660637 0.0745554
1 40.6169 7.9976 -0.0670359 0.0745146
1 41.7286 7.9991 -0.068715 0.073132
1 42.8407 8.00003 -0.071563 0.072745
1 43.9608 8.00081 -0.0693983 0.0755157
1 0.279747 8.96296 0.0685536 0.0690577
1 1.39949 8.96246 0.069345 0.0714951
1 2.51189 8.96107 0.0690103 0.0682901
1 3.62347 8.95966 0.0668761 0.0681767
1 4.73467 8.9578 0.0621228 0.0690614
1 5.84493 8.95619 0.0505369 0.0646619
1 6.95297 8.95466 0.0233948 0.0625743
1 8.05759 8.95284 -0.00937474 0.0594894
1 9.15912 8.95099 -0.0208451 0.0547847
1 10.2611 8.94889 -0.00467308 0.0553515
1 11.3651 8.94697 0.0147753 0.0532263
1 12.47 8.94582 0.0116554 0.0480708
1 13.5744 8.94487 0.0121112 0.0453129
1 14.6779 8.94375 0.0154672 0.047414
1 15.7825 8.9427 0.0104006 0.04305
1 16.8866 8.9429 0.00695979 0.0319782
1 17.9897 8.94465 0.00322814 0.0195398
1 19.0931 8.94709 0.0116641 0.0101532
1 20.195 8.94918 0.0149454 0.000513859
1 21.2949 8.95058 -0.000619807 -0.0104325
1 22.3947 8.95097 -0.00120888 -0.0143
1 23.4946 8.95002 -0.00399919 -0.00661558
1 24.5957 8.94804 -0.0105212 0.00487869
1 25.6991 8.94565 -0.00806235 0.015406
1 26.802 8.94341 -0.0137445 0.0251382
1 27.9047 8.94221 -0.0153701 0.0365487
1 29.0093 8.94264 -0.00916345 0.0463649
1 30.1138 8.94399 -0.00548426 0.0491031
1 31.218 8.94525 -0.0071551 0.047162
1 32.3227 8.94629 -0.0152992 0.0501659
1 33.4275 8.94776 -0.00207424 0.0545982
1 34.5309 8.94991 0.0173555 0.0562924
1 35.6319 8.95197 0.0163928 0.0562464
1 36.7348 8.95364 -0.00944645 0.0598194
1 37.8412 8.95538 -0.0454742 0.0643836
1 38.9504 8.95688 -0.0632189 0.0666246
1 40.061 8.95872 -0.0696251 0.0678824
1 41.1723 8.96042 -0.0695044 0.0685391
1 42.2844 8.96186 -0.0699972 0.0688273
1 43.3984 8.96277 -0.0733871 0.0676498
1 0.841217 9.92503 0.0674277 0.0636381
1 1.95574 9.92364 0.0666844 0.0640028
1 3.06789 9.92215 0.0681268 0.0622467
1 4.17931 9.92023 0.0691498 0.0571806
1 5.28982 9.91859 0.0583594 0.0533349
1 6.39896 9.91667 0.0384509 0.0517408
1 7.50514 9.91487 0.00385833 0.044118
1 8.60766 9.91307 -0.02261 0.0404278
1 9.70879 9.91064 -0.0213067 0.0396181
1 10.8121 9.90843 0.00207285 0.0325236
1 11.9165 9.90732 0.0160856 0.0257951
1 13.0208 9.90625 0.00368331 0.0270186
1 14.125 9.90475 0.00148578 0.0266494
1 15.2295 9.90338 0.0101408 0.022558
1 16.3338 9.90321 0.0166469 0.0117735
1 17.4366 9.90474 0.0129003 0.000181702
1 18.5396 9.90749 0.0123499 -0.00896955
1 19.6427 9.91067 0.0244184 -0.017509
1 20.7439 9.91356 0.0168594 -0.0252205
1 21.8447 9.91513 0.00144262 -0.0282088
1 22.9457 9.91466 -0.00719229 -0.0267702
1 24.0464 9.91224 -0.02505 -0.022846
1 25.1485 9.90887 -0.0231769 -0.0147094
1 26.2518 9.90575 -0.0103061 -0.00395719
1 27.3547 9.90351 -0.00722641 0.00610948
1 28.4588 9.90273 -0.00918229 0.0168486
1 29.5631 9.90355 -0.0133342 0.0253893
1 30.6667 9.90522 -0.00617339 0.0270527
1 31.7713 9.90661 -0.00862111 0.026389
1 32.876 9.90772 -0.0159556 0.0297944
1 33.9799 9.90938 0.00886791 0.0356897
1 35.0817 9.91174 0.0276857 0.0389589
1 36.183 9.91385 0.0142335 0.0431224
1 37.2875 9.91579 -0.0213225 0.0494943
1 38.3956 9.91766 -0.0513692 0.0505112
1 39.5056 9.9193 -0.0639365 0.0547535
1 40.6166 9.92122 -0.0631826 0.0609506
1 41.7284 9.92308 -0.0663856 0.0603155
1 42.8406 9.92446 -0.0688377 0.0661845
1 43.9601 9.92495 -0.0706534 0.0639733
1 0.27958 10.8874 0.0639347 0.0567677
1 1.39969 10.8853 0.0624218 0.0530895
1 2.51201 10.8835 0.0619787 0.0468009
1 3.62382 10.8813 0.0617119 0.0435692
1 4.7347 10.8793 0.0601398 0.0382221
1 5.84477 10.8771 0.0456882 0.0330528
1 6.95248 10.875 0.0158584 0.02631
1 8.0566 10.8727 -0.0218814 0.0214737
1 9.15795 10.87 -0.0335517 0.014462
1 10.2597 10.8676 -0.00891267 0.00518063
1 11.3631 10.8661 0.0140583 -0.000807292
1 12.4677 10.8648 0.00434537 -0.00251968
1 13.5723 10.8629 0.00256995 -0.00351187
1 14.6758 10.8612 0.0126408 -0.00865205
1 15.7799 10.8604 0.00854239 -0.0197878
1 16.8839 10.8616 0.00552167 -0.0332079
1 17.9864 10.8643 0.0122056 -0.043637
1 19.0888 10.8679 0.0277959 -0.0503393
1 20.1908 10.8714 0.0284388 -0.0529333
1 21.2928 10.8737 0.00693106 -0.0510754
1 22.3956 10.8741 -0.00302569 -0.0494269
1 23.4979 10.8728 -0.0169648 -0.0515004
1 24.6 10.8697 -0.0267304 -0.053576
1 25.7031 10.8659 -0.0185967 -0.0496142
1 26.8052 10.8625 -0.0169528 -0.0387982
1 27.9073 10.8604 -0.0150757 -0.0253261
1 29.0115 10.8602 -0.00730296 -0.0142018
1 30.1159 10.8615 -1.37026e-05 -0.00543431
1 31.2201 10.8636 0.00121315 -0.00207247
1 32.3248 10.8654 -0.0109327 -0.00248454
1 33.4292 10.8666 -0.00159288 0.000779951
1 34.5319 10.8686 0.0242278 0.0104819
1 35.6326 10.8713 0.0307028 0.0178574
1 36.7351 10.8737 0.00288936 0.022239
1 37.8413 10.8758 -0.0334835 0.0297578
1 38.9509 10.8781 -0.0513814 0.0363611
1 40.0618 10.8802 -0.0627722 0.038129
1 41.173 10.8823 -0.0633123 0.0463064
1 42.2853 10.8845 -0.0631349 0.0513412
1 43.4 10.8867 -0.0625947 0.0539402
1 0.840776 11.8465 0.0535829 0.0431093
1 1.95496 11.8441 0.0570287 0.033503
1 3.06698 11.8413 0.0569483 0.0269238
1 4.17845 11.8386 0.0566245 0.0191925
1 5.28928 11.8359 0.0462347 0.0138483
1 6.39851 11.8332 0.0265787 0.00821526
1 7.50464 11.8304 -0.0129049 0.00195498
1 8.60706 11.8273 -0.0367275 -0.00708535
1 9.70742 11.8244 -0.025179 -0.0178832
1 10.81 11.8224 -0.00274872 -0.0265654
1 11.9144 11.8205 0.00674401 -0.028741
1 13.0192 11.8182 -0.00509869 -0.0288369
1 14.1233 11.8158 -0.00440699 -0.0367962
1 15.2276 11.8146 0.00513817 -0.0504106
1 16.3314 11.8153 0.0162617 -0.0662405
1 17.4329 11.8178 0.0208661 -0.0778166
1 18.5345 11.8212 0.0175332 -0.081898
1 19.6375 11.8245 0.0192419 -0.0817649
1 20.7404 11.8268 0.0110226 -0.0788778
1 21.844 11.8277 0.00214264 -0.0745832
1 22.948 11.8274 -0.0040497 -0.0751592
1 24.051 11.8258 -0.0221214 -0.0802953
1 25.1537 11.823 -0.023543 -0.0839757
1 26.2562 11.8193 -0.014379 -0.0829284
1 27.3578 11.8159 -0.0107654 -0.0734635
1 28.4608 11.8142 -0.00923445 -0.0575285
1 29.5646 11.8145 -0.00875217 -0.0421274
1 30.6682 11.8165 0.00341801 -0.0328764
1 31.7731 11.8191 0.00139891 -0.0290351
1 32.8781 11.8213 -0.00955009 -0.0279665
1 33.9816 11.8232 0.0129311 -0.0233916
1 35.0827 11.8256 0.038039 -0.0141584
1 36.1836 11.8286 0.0294764 -0.00278255
1 37.2879 11.8316 -0.00899515 0.00394349
1 38.3959 11.8341 -0.0407054 0.0106027
1 39.5063 11.837 -0.0531343 0.0181379
1 40.6174 11.8398 -0.0550027 0.0226162
1 41.7292 11.8425 -0.0540976 0.0286241
1 42.8418 11.8451 -0.052409 0.0374212
1 43.9629 11.8479 -0.0487687 0.0394541
1 0.275028 12.8049 0.0332837 0.0183256
1 1.39725 12.8032 0.047838 0.019239
1 2.51009 12.8002 0.0533027 0.0187612
1 3.62186 12.797 0.0541072 0.0150944
1 4.73311 12.7935 0.0490549 0.0130561
1 5.84368 12.7901 0.0335039 0.00669284
1 6.95181 12.7869 0.00164585 0.00287251
1 8.05597 12.7834 -0.0347384 -0.00334173
1 9.15663 12.7803 -0.0416251 -0.0148554
1 10.2577 12.7777 -0.015922 -0.0219022
1 11.3612 12.7753 0.0054033 -0.022385
1 12.4663 12.7723 -0.00609056 -0.0234744
1 13.5713 12.7693 -0.00862844 -0.0303669
1 14.6746 12.7676 0.00743774 -0.0457517
1 15.7777 12.7679 0.0109803 -0.0626267
1 16.8801 12.7701 0.0094784 -0.0739138
1 17.9817 12.7731 0.00691248 -0.0766984
1 19.0845 12.7758 0.0106566 -0.0744401
1 20.1879 12.7779 0.0112679 -0.0717684
1 21.2914 12.7788 0.000716072 -0.0689553
1 22.396 12.7788 0.000136895 -0.0683693
1 23.5002 12.7784 -0.00540939 -0.0707303
1 24.6038 12.777 -0.0107108 -0.0732999
1 25.7076 12.7745 -0.00763966 -0.0764435
1 26.8094 12.7714 -0.0148208 -0.0775588
1 27.9103 12.7685 -0.0178933 -0.0705009
1 29.0131 12.767 -0.00787814 -0.0555678
1 30.1167 12.7677 0.00587202 -0.0368829
1 31.221 12.7703 0.0119741 -0.0241535
1 32.3262 12.7736 0.00150733 -0.0228269
1 33.4311 12.7763 0.00788469 -0.0231216
1 34.5337 12.7787 0.0308989 -0.0189654
1 35.6335 12.7816 0.041095 -0.00909808
1 36.7356 12.7849 0.0166729 -0.000655906
1 37.8418 12.7883 -0.0223993 0.00503096
1 38.9514 12.7916 -0.0407534 0.00976487
1 40.0626 12.7951 -0.0492027 0.0119372
1 41.1741 12.7983 -0.0480745 0.01609
1 42.2863 12.8015 -0.0452916 0.0197861
1 43.4006 12.8045 -0.0414796 0.0207124
1 0.836842 13.7606 0.0407861 -0.0026318
1 1.952 13.7584 0.0452108 0.00695862
1 3.06455 13.755 0.0495739 0.00972086
1 4.17657 13.7513 0.0468777 0.0142068
1 5.28801 13.7474 0.0383665 0.0142529
1 6.39752 13.7438 0.0187343 0.013564
1 7.50384 13.7401 -0.0227281 0.0104265
1 8.60589 13.7368 -0.0457533 0.00200452
1 9.70566 13.7341 -0.0323229 -0.00251084
1 10.8082 13.7312 -0.0139652 -0.00151369
1 11.9135 13.7276 -0.00815463 2.66338e-05
1 13.0188 13.7241 -0.0163815 -0.00689518
1 14.1225 13.722 -0.00692477 -0.022638
1 15.2253 13.7221 0.00597991 -0.0380645
1 16.3278 13.7238 0.0109539 -0.0467152
1 17.4291 13.7261 0.00624657 -0.0486521
1 18.5317 13.7282 -0.00325985 -0.0462761
1 19.6358 13.7298 -0.00041191 -0.0438766
1 20.7396 13.7306 0.000278256 -0.0433208
1 21.8437 13.7308 0.00013053 -0.0434312
1 22.9485 13.7307 0.00141272 -0.0443579
1 24.0523 13.7302 -0.00624468 -0.0444092
1 25.1561 13.7291 -0.00256646 -0.0447258
1 26.2596 13.7272 0.00418177 -0.0480091
1 27.3617 13.7247 -0.000107374 -0.0495239
1 28.4639 13.7224 -0.00785123 -0.0447804
1 29.5662 13.7213 -0.00915824 -0.031513
1 30.6687 13.7223 0.00958828 -0.014624
1 31.7735 13.7253 0.0122048 -0.00171875
1 32.8791 13.7291 0.00240414 0.00136388
1 33.9832 13.7325 0.0227248 -0.00187222
1 35.084 13.7352 0.0461022 -0.00149478
1 36.1841 13.7381 0.0399492 0.00666321
1 37.2884 13.7418 0.00319572 0.0125766
1 38.3969 13.7454 -0.0302182 0.0112672
1 39.5076 13.749 -0.0428522 0.0140102
1 40.6194 13.7529 -0.044659 0.0126182
1 41.7314 13.7565 -0.0455327 0.0074183
1 42.8446 13.7595 -0.0376942 0.00118597
1 43.9682 13.7603 -0.0124804 -0.00781137
1 0.266877 14.7141 0.00964229 -0.0360476
1 1.39204 14.7153 0.0327005 -0.00958684
1 2.50653 14.7132 0.0429371 0.00490511
1 3.61965 14.7097 0.0437866 0.0142845
1 4.73189 14.7057 0.042035 0.0167438
1 5.84295 14.702 0.0243387 0.0188861
1 6.95158 14.6982 -0.00763357 0.0196515
1 8.05533 14.695 -0.0402853 0.0132865
1 9.15516 14.6924 -0.0495947 0.00939486
1 10.2564 14.6893 -0.0307899 0.0137817
1 11.3609 14.6853 -0.0113862 0.0145751
1 12.4662 14.6814 -0.0152129 0.00553908
1 13.5703 14.6792 -0.0106582 -0.00853302
1 14.6722 14.679 0.00518459 -0.0208959
1 15.7744 14.6801 -0.00136361 -0.0278326
1 16.8771 14.6816 -0.0116336 -0.0305743
1 17.98 14.6831 -0.0141123 -0.0305768
1 19.084 14.6841 -0.00577343 -0.0290326
1 20.1879 14.6848 0.000564897 -0.0295836
1 21.2914 14.6851 -0.00387524 -0.0310431
1 22.3959 14.6851 0.000331636 -0.0320358
1 23.5003 14.685 0.00249815 -0.0318768
1 24.6041 14.6845 0.0048341 -0.0295204
1 25.7087 14.6836 0.0104773 -0.0288106
1 26.8117 14.6823 0.00517531 -0.0308444
1 27.9135 14.6806 -0.000360789 -0.0311458
1 29.0161 14.679 0.000529796 -0.027307
1 30.1186 14.6783 0.00812161 -0.0165504
1 31.2215 14.6795 0.0169252 -0.000103347
1 32.3263 14.6828 0.0144106 0.0122467
1 33.4319 14.687 0.0229942 0.0163125
1 34.535 14.6907 0.0411427 0.0126731
1 35.6344 14.6936 0.0483769 0.0103999
1 36.7359 14.6963 0.0240349 0.0162464
1 37.8423 14.6999 -0.0147006 0.0204594
1 38.9523 14.7037 -0.038545 0.0179987
1 40.0639 14.7075 -0.0469641 0.0157402
1 41.1762 14.7114 -0.0467115 0.00991277
1 42.2892 14.7143 -0.0443868 -0.00216215
1 43.4048 14.7151 -0.0367239 -0.0229237
1 0.831676 15.6692 0.0274933 -0.0434898
1 1.94875 15.6693 0.037272 -0.015563
1 3.06283 15.6669 0.0439682 0.00288186
1 4.17574 15.6634 0.0455547 0.0100628
1 5.28764 15.6597 0.0338855 0.0157052
1 6.39774 15.656 0.0134989 0.0163228
1 7.50356 15.653 -0.0254585 0.0104495
1 8.60477 15.6506 -0.0545073 0.0110184
1 9.7047 15.6474 -0.0484821 0.0172899
1 10.8081 15.6432 -0.0296231 0.0168932
1 11.9134 15.6393 -0.0164739 0.0089579
1 13.0175 15.6369 -0.0202255 -0.00309094
1 14.1201 15.6362 -0.0151502 -0.0137639
1 15.2228 15.6367 -0.0115891 -0.0197423
1 16.326 15.6377 -0.0120709 -0.0222246
1 17.4284 15.6386 -0.0121716 -0.0232626
1 18.5318 15.6393 -0.0142996 -0.0236573
1 19.6363 15.6396 -0.00814195 -0.0247723
1 20.7399 15.6399 -0.00522001 -0.0270633
1 21.8438 15.64 -0.00216676 -0.0281383
1 22.9483 15.64 0.00389332 -0.0280886
1 24.0518 15.6398 0.00196792 -0.0264872
1 25.1556 15.6394 0.00845808 -0.0241973
1 26.2598 15.6388 0.0186522 -0.0233759
1 27.363 15.638 0.0198123 -0.0226523
1 28.4662 15.637 0.0113894 -0.0216117
1 29.5688 15.6361 0.00332684 -0.0186391
1 30.6707 15.636 0.0157812 -0.0112281
1 31.7742 15.6374 0.0181685 0.00172457
1 32.879 15.6407 0.0153211 0.0151038
1 33.9837 15.645 0.0399495 0.0196596
1 35.0852 15.6489 0.0579517 0.0151223
1 36.1849 15.6516 0.0418337 0.0109833
1 37.2881 15.6543 0.00324512 0.0143523
1 38.3966 15.6578 -0.0268048 0.0164378
1 39.5079 15.6615 -0.0409341 0.0132257
1 40.6203 15.6651 -0.0406229 0.00743819
1 41.7341 15.6682 -0.037457 -0.00637016
1 42.8498 15.6692 -0.0279105 -0.0270981
1 43.9769 15.6666 -0.017747 -0.0509731
1 0.25986 16.6205 0.0227296 -0.0565402
1 1.38821 16.6223 0.0219614 -0.0452539
1 2.50545 16.6219 0.031328 -0.0244346
1 3.62021 16.6194 0.0388797 -0.0095441
1 4.73287 16.6161 0.0403746 -0.00231163
1 5.84395 16.6127 0.0252621 -0.00159546
1 6.95177 16.6099 -0.00575713 -0.00343746
1 8.05477 16.6075 -0.047735 -0.00149123
1 9.15484 16.6043 -0.0652825 0.00453822
1 10.2567 16.6002 -0.0446504 0.00684232
1 11.3611 16.5963 -0.0192294 -9.10176e-05
1 12.4654 16.5937 -0.0221444 -0.0113985
1 13.5687 16.5926 -0.0233747 -0.020297
1 14.6708 16.5927 -0.0119549 -0.0243024
1 15.7737 16.5932 -0.0191521 -0.0255967
1 16.8772 16.5937 -0.0253578 -0.0263383
1 17.9804 16.594 -0.0212825 -0.0274896
1 19.0846 16.5942 -0.0107024 -0.0285582
1 20.1884 16.5942 -0.00408879 -0.0303264
1 21.2917 16.5943 -0.00619326 -0.0313638
1 22.3959 16.5943 0.000613093 -0.0312423
1 23.4998 16.5943 0.00630194 -0.0307253
1 24.6034 16.5941 0.0106854 -0.029114
1 25.7081 16.594 0.0161917 -0.0278566
1 26.8114 16.5936 0.0154452 -0.0271859
1 27.9139 16.5932 0.0167806 -0.0262158
1 29.0174 16.5927 0.0186408 -0.0251724
1 30.1203 16.5923 0.0221891 -0.0229955
1 31.2229 16.5927 0.0257828 -0.0170718
1 32.3266 16.5944 0.0214104 -0.00737219
1 33.4315 16.5977 0.0337662 0.00333723
1 34.5349 16.6019 0.0565913 0.00867925
1 35.635 16.6058 0.0613231 0.00247151
1 36.7363 16.6086 0.0250613 -0.00363256
1 37.8418 16.611 -0.0170248 -0.0019261
1 38.9517 16.6143 -0.0346537 -1.01924e-05
1 40.0639 16.6177 -0.0435445 -0.00624213
1 41.1772 16.6204 -0.0398627 -0.0162662
1 42.2926 16.622 -0.0308032 -0.0334795
1 43.4113 16.6209 -0.0203909 -0.0546703
1 0.827239 17.5727 0.0138088 -0.0487979
1 1.94689 17.5738 0.0182071 -0.0363317
1 3.06348 17.5734 0.0307498 -0.0202683
1 4.17749 17.5716 0.0385563 -0.0080355
1 5.28962 17.5687 0.0325675 -0.00271622
1 6.39895 17.5661 0.0143666 -0.00518353
1 7.50417 17.5638 -0.0321212 -0.00295869
1 8.60587 17.5606 -0.0690135 0.0053631
1 9.7064 17.5565 -0.0600314 0.00845616
1 10.8096 17.5527 -0.0365737 0.000976261
1 11.914 17.5502 -0.0241483 -0.00975964
1 13.0174 17.549 -0.0309022 -0.0177463
1 14.1199 17.5487 -0.027233 -0.0217373
1 15.223 17.5489 -0.0224912 -0.0227144
1 16.3265 17.5492 -0.0207633 -0.0230587
1 17.4289 17.5494 -0.0167554 -0.0235227
1 18.5323 17.5494 -0.0168864 -0.0239978
1 19.6367 17.5494 -0.0110826 -0.0247178
1 20.7402 17.5493 -0.00657747 -0.0252547
1 21.8439 17.5493 -0.00187514 -0.024365
1 22.9481 17.5493 0.00458881 -0.0240208
1 24.0513 17.5493 0.00394268 -0.0242218
1 25.155 17.5493 0.0109272 -0.0240025
1 26.2593 17.5493 0.0220859 -0.0238133
1 27.3626 17.5492 0.0270053 -0.0232001
1 28.466 17.5489 0.0213984 -0.0227024
1 29.569 17.5486 0.0154203 -0.0225022
1 30.6711 17.5486 0.0281179 -0.0204008
1 31.7742 17.5493 0.0269807 -0.0146701
1 32.8781 17.5511 0.0218999 -0.00484266
1 33.9821 17.5542 0.0486418 0.00440468
1 35.0839 17.5582 0.0721117 0.00728654
1 36.1843 17.562 0.0539875 0.00286717
1 37.2878 17.5649 0.00548416 -0.00429482
1 38.3955 17.5672 -0.0292391 -0.00421405
1 39.5065 17.5699 -0.0412297 -0.0027756
1 40.6195 17.5725 -0.0365252 -0.0114096
1 41.7349 17.5736 -0.0260155 -0.0257994
1 42.8534 17.5728 -0.0193095 -0.0441399
1 43.9825 17.5714 -0.032403 -0.0536415
1 0.257281 18.5229 0.0361781 -0.0396494
1 1.38679 18.5234 0.0195776 -0.0371366
1 2.50585 18.5248 0.0232619 -0.0286439
1 3.62188 18.5253 0.0326286 -0.0133341
1 4.73517 18.5238 0.0364473 -0.00283986
1 5.84603 18.5219 0.0229334 -0.00109955
1 6.95383 18.5196 -0.0147051 0.00482488
1 8.05762 18.5162 -0.0622699 0.0134882
1 9.15836 18.5121 -0.0759671 0.0149784
1 10.26 18.5085 -0.0502417 0.00864081
1 11.3636 18.5061 -0.024436 -0.00178979
1 12.4669 18.505 -0.0285905 -0.0107387
1 13.5697 18.5046 -0.0293506 -0.0154567
1 14.6716 18.5047 -0.0155082 -0.0160505
1 15.7744 18.5049 -0.0218264 -0.0154885
1 16.8776 18.5051 -0.0275785 -0.0151847
1 17.9807 18.5051 -0.0224184 -0.0149243
1 19.0848 18.5051 -0.0119624 -0.0143341
1 20.1886 18.505 -0.00439907 -0.0134326
1 21.2917 18.5049 -0.00496599 -0.0121988
1 22.3958 18.5048 0.00119086 -0.0115122
1 23.4996 18.5048 0.006242 -0.0120885
1 24.6031 18.5049 0.0109446 -0.0128911
1 25.7078 18.505 0.0160956 -0.0140309
1 26.8111 18.505 0.0167259 -0.0151946
1 27.9134 18.5049 0.020142 -0.0156337
1 29.0167 18.5047 0.0226683 -0.0157836
1 30.1196 18.5045 0.0277449 -0.0154263
1 31.2219 18.5046 0.0327694 -0.0130942
1 32.3248 18.5053 0.0275499 -0.00696091
1 33.4288 18.507 0.0385071 0.00294373
1 34.5315 18.51 0.0637995 0.0129713
1 35.6319 18.5139 0.0749833 0.0149024
1 36.734 18.5178 0.0382012 0.00843335
1 37.84 18.5206 -0.0119652 0.00168663
1 38.9496 18.5228 -0.0324624 -0.000492606
1 40.0619 18.5246 -0.0355114 -0.00641624
1 41.1765 18.5249 -0.0244755 -0.021313
1 42.294 18.5236 -0.0136935 -0.0331657
1 43.414 18.5224 -0.0178231 -0.0375514
1 0.827491 19.4733 0.023791 -0.0253404
1 1.94705 19.4744 0.0161342 -0.0320006
1 3.06455 19.477 0.0217955 -0.0296533
1 4.17975 19.4782 0.0310559 -0.0160388
1 5.29236 19.4776 0.0267226 -0.00551343
1 6.40242 19.4755 0.00447869 0.00409651
1 7.50871 19.4719 -0.0468484 0.0123925
1 8.61115 19.4677 -0.0799651 0.0143278
1 9.71139 19.4641 -0.0634488 0.00759344
1 10.8136 19.4619 -0.0379167 -0.0037075
1 11.9169 19.4609 -0.0265495 -0.0131571
1 13.0192 19.4606 -0.0329294 -0.0179892
1 14.1211 19.4606 -0.0277387 -0.0196212
1 15.2236 19.4607 -0.0224549 -0.0194499
1 16.3268 19.4609 -0.0211221 -0.0189388
1 17.429 19.461 -0.0160781 -0.0176324
1 18.5322 19.4609 -0.0157033 -0.0154368
1 19.6367 19.4608 -0.0101344 -0.0135932
1 20.7401 19.4607 -0.00468103 -0.0121333
1 21.8438 19.4606 -0.000585684 -0.0108476
1 22.9481 19.4606 0.00368152 -0.0109502
1 24.0513 19.4607 0.0025986 -0.0122472
1 25.1551 19.4608 0.00948647 -0.0139045
1 26.2593 19.4608 0.0204907 -0.0161725
1 27.3624 19.4609 0.0264135 -0.0180277
1 28.4655 19.4608 0.0210606 -0.0188331
1 29.568 19.4606 0.0160336 -0.019756
1 30.6697 19.4604 0.0307278 -0.0189678
1 31.772 19.4605 0.0296427 -0.0153524
1 32.8747 19.4611 0.0240934 -0.00794263
1 33.9777 19.4627 0.0507253 0.00210253
1 35.0787 19.4655 0.0784326 0.0112211
1 36.1793 19.4696 0.0682816 0.0153031
1 37.2838 19.4737 0.0214612 0.00935819
1 38.3925 19.4766 -0.0159719 -0.00202576
1 39.5042 19.4779 -0.0314243 -0.0109486
1 40.6183 19.4777 -0.0239291 -0.0232905
1 41.735 19.4754 -0.0183938 -0.0347012
1 42.8537 19.4731 -0.0196083 -0.0291455
1 43.9828 19.4729 -0.0346977 -0.0207379
1 0.259115 20.4243 0.0330816 -0.00473242
1 1.38744 20.4247 0.0215489 -0.0153535
1 2.50566 20.4271 0.0165208 -0.027903
1 3.62274 20.4304 0.0191531 -0.0255013
1 4.73739 20.4321 0.0232658 -0.0118431
1 5.84985 20.4312 0.0061877 0.00425967
1 6.95949 20.4278 -0.0322655 0.0181057
1 8.06415 20.4234 -0.0723851 0.0189007
1 9.16442 20.4199 -0.0771391 0.0104768
1 10.2649 20.4178 -0.0483627 -0.000358776
1 11.3671 20.4169 -0.0234645 -0.00885138
1 12.4692 20.4167 -0.029352 -0.0145424
1 13.571 20.4167 -0.030912 -0.0178062
1 14.6723 20.4169 -0.0158893 -0.0186532
1 15.7746 20.4171 -0.0209164 -0.0182569
1 16.8776 20.4172 -0.0254257 -0.0171941
1 17.9805 20.4171 -0.0190899 -0.0148206
1 19.0846 20.4171 -0.00864665 -0.0119889
1 20.1884 20.4171 -0.001376 -0.00990152
1 21.2916 20.417 -0.0027486 -0.00850856
1 22.3958 20.4169 0.000833078 -0.00816786
1 23.4998 20.417 0.00389592 -0.00915923
1 24.6034 20.417 0.00788357 -0.0105421
1 25.708 20.4171 0.0120462 -0.0128227
1 26.8112 20.4171 0.0134296 -0.0159476
1 27.9132 20.4171 0.0189295 -0.0175222
1 29.0162 20.4169 0.0225396 -0.0179868
1 30.1186 20.4167 0.0287107 -0.0180846
1 31.2201 20.4166 0.034319 -0.0165118
1 32.3219 20.4166 0.0278891 -0.0120661
1 33.4246 20.4171 0.0369143 -0.00412564
1 34.526 20.4185 0.0628859 0.0063622
1 35.6255 20.4213 0.0809559 0.0160981
1 36.7278 20.4254 0.0530451 0.0195517
1 37.8352 20.4296 0.00741924 0.0136217
1 38.9467 20.4319 -0.0172414 -0.00363412
1 40.0604 20.4315 -0.0251277 -0.019731
1 41.176 20.4288 -0.0207457 -0.0284655
1 42.293 20.4256 -0.0222851 -0.0232568
1 43.4113 20.4243 -0.0247054 -0.0107139
1 0.830363 21.3767 0.0272417 4.19381e-06
1 1.94777 21.3781 0.0255686 -0.00955419
1 3.06393 21.3809 0.0206526 -0.0175966
1 4.17997 21.3842 0.0177227 -0.0125118
1 5.29508 21.3852 0.00352065 0.00664217
1 6.40794 21.3828 -0.0189858 0.0220171
1 7.51559 21.379 -0.0582022 0.0250002
1 8.61746 21.3757 -0.0800942 0.0192645
1 9.71633 21.3737 -0.0587466 0.0102097
1 10.8171 21.3729 -0.0347486 0.00191213
1 11.9191 21.3728 -0.0265267 -0.00403771
1 13.0205 21.3729 -0.034991 -0.00733523
1 14.1217 21.373 -0.0295562 -0.00884663
1 15.2239 21.3732 -0.0222575 -0.00884516
1 16.3268 21.3733 -0.0183699 -0.00843007
1 17.4289 21.3734 -0.0110165 -0.00667905
1 18.5321 21.3733 -0.0101804 -0.00348225
1 19.6365 21.3733 -0.00578862 -0.00108543
1 20.74 21.3733 -0.00177473 0.000275935
1 21.8438 21.3733 4.98804e-05 0.00102389
1 22.9481 21.3733 0.0017976 0.000690908
1 24.0515 21.3733 -0.000803421 -0.000605396
1 25.1553 21.3733 0.00483026 -0.0023416
1 26.2595 21.3733 0.0153722 -0.00495557
1 27.3625 21.3733 0.0226351 -0.00728655
1 28.4654 21.3733 0.019151 -0.00790644
1 29.5675 21.3731 0.0163295 -0.00841335
1 30.6686 21.3729 0.0327561 -0.00770823
1 31.7701 21.3727 0.0309189 -0.00532351
1 32.8717 21.3727 0.0227516 -0.00113413
1 33.9734 21.373 0.0464461 0.00539798
1 35.073 21.3743 0.074969 0.0144179
1 36.1725 21.3769 0.0734325 0.0238581
1 37.2772 21.3807 0.0389088 0.0265628
1 38.3882 21.3842 0.0079001 0.0160367
1 39.5025 21.3851 -0.00933246 -0.00322899
1 40.6183 21.3827 -0.0116974 -0.0165717
1 41.7351 21.3794 -0.0164687 -0.0128302
1 42.8518 21.3775 -0.0228132 -0.00359917
1 43.9783 21.3773 -0.0314788 0.0043099
1 0.264688 22.331 0.0301601 0.00503331
1 1.38941 22.3313 0.0278513 -0.00490511
1 2.50523 22.3326 0.0223946 -0.00999824
1 3.62132 22.335 0.0117788 -0.0170968
1 4.73805 22.3372 6.5124e-05 -0.00645603
1 5.854 22.3365 -0.0174086 0.00822525
1 6.96555 22.3341 -0.0437927 0.0145233
1 8.06989 22.3314 -0.0719509 0.0116869
1 9.16881 22.3298 -0.0713809 0.00487924
1 10.2679 22.3291 -0.043983 -0.00103729
1 11.369 22.329 -0.022512 -0.00500713
1 12.4703 22.329 -0.0310658 -0.00791941
1 13.5716 22.3291 -0.0330918 -0.00965614
1 14.6726 22.3293 -0.0161401 -0.00988255
1 15.7747 22.3293 -0.0186541 -0.00939793
1 16.8775 22.3293 -0.0212828 -0.00865779
1 17.9804 22.3293 -0.014124 -0.0069025
1 19.0845 22.3293 -0.00423675 -0.00468492
1 20.1883 22.3293 0.00164727 -0.00328268
1 21.2915 22.3293 -0.00143233 -0.00253959
1 22.3958 22.3293 0.000189395 -0.00251754
1 23.4998 22.3294 0.00157268 -0.00327227
1 24.6035 22.3293 0.00440098 -0.00425747
1 25.7081 22.3293 0.00737158 -0.0057147
1 26.8112 22.3293 0.00898382 -0.00777621
1 27.9132 22.3293 0.0161723 -0.00887838
1 29.0161 22.3293 0.0219771 -0.00920449
1 30.1181 22.3291 0.0299419 -0.00926085
1 31.2191 22.329 0.0362164 -0.00851393
1 32.3203 22.3289 0.0281691 -0.00644825
1 33.422 22.3288 0.03356 -0.0029257
1 34.5222 22.3292 0.0567629 0.0020497
1 35.6203 22.3303 0.0772224 0.00851388
1 36.7216 22.3324 0.0579684 0.0138338
1 37.8296 22.3352 0.0265245 0.0127149
1 38.944 22.337 0.0097492 0.0026993
1 40.0609 22.3363 -0.00718824 -0.0132733
1 41.1772 22.3337 -0.019712 -0.0145508
1 42.2927 22.3321 -0.0278642 -0.00452299
1 43.4093 22.3312 -0.0312776 0.0029251
1 0.830929 23.2858 0.0325173 0.00140582
1 1.94734 23.2862 0.025988 -0.0031095
1 3.06242 23.2869 0.0195163 -0.00845931
1 4.17895 23.2881 0.0011197 -0.00812095
1 5.29686 23.2884 -0.0186758 -0.00186489
1 6.4119 23.2878 -0.031656 0.00227158
1 7.51979 23.2868 -0.059728 0.00244041
1 8.62073 23.286 -0.0759916 0.000257597
1 9.71852 23.2856 -0.0539326 -0.00209427
1 10.8184 23.2855 -0.0327399 -0.00409669
1 11.9199 23.2855 -0.0271575 -0.00561924
1 13.021 23.2856 -0.0365941 -0.00644976
1 14.1219 23.2856 -0.0303474 -0.00691476
1 15.2239 23.2856 -0.021658 -0.00681964
1 16.3268 23.2856 -0.0163303 -0.00670257
1 17.4289 23.2855 -0.00778726 -0.00621893
1 18.532 23.2855 -0.00680682 -0.00534043
1 19.6365 23.2855 -0.00329425 -0.00466749
1 20.74 23.2855 -0.000462055 -0.00435221
1 21.8438 23.2856 0.000111716 -0.00423331
1 22.9482 23.2856 0.00060932 -0.00442338
1 24.0515 23.2856 -0.00279917 -0.0048882
1 25.1553 23.2856 0.00228997 -0.00529025
1 26.2595 23.2856 0.0125716 -0.00582984
1 27.3625 23.2856 0.0200721 -0.0064037
1 28.4653 23.2856 0.0178181 -0.00651951
1 29.5673 23.2855 0.0167011 -0.00652564
1 30.6683 23.2855 0.0340289 -0.00614661
1 31.7694 23.2854 0.0319524 -0.00557335
1 32.8707 23.2854 0.0219846 -0.00466531
1 33.9717 23.2854 0.042723 -0.00317361
1 35.0703 23.2856 0.069747 -0.00123511
1 36.1687 23.2861 0.0714197 0.00122912
1 37.2729 23.287 0.0449738 0.00243702
1 38.385 23.2879 0.0246378 0.000441324
1 39.5022 23.2882 0.00963827 -0.00473374
1 40.6197 23.2875 -0.00820398 -0.00849912
1 41.7352 23.2868 -0.0247223 -0.00523674
1 42.8501 23.2865 -0.0294781 -0.00320393
1 43.9733 23.2864 -0.0278042 0.00166906
1 0.266961 24.2408 0.0285902 -0.00204654
1 1.39004 24.2408 0.0300928 0.00292697
1 2.50502 24.2405 0.0251944 0.00473606
1 3.62061 24.2397 0.00977336 0.00855222
1 4.73809 24.239 -0.00807246 0.00448579
1 5.85515 24.2393 -0.0242772 -0.000926831
1 6.96713 24.2402 -0.0462982 -0.00253359
1 8.07122 24.2411 -0.0710249 -0.00137519
1 9.1697 24.2417 -0.0694411 0.000768887
1 10.2684 24.2419 -0.0428288 0.00281852
1 11.3693 24.2419 -0.0225306 0.00432647
1 12.4705 24.2419 -0.0317635 0.0052016
1 13.5717 24.2418 -0.0336072 0.00586741
1 14.6726 24.2418 -0.0159635 0.00608135
1 15.7746 24.2417 -0.0180087 0.00590162
1 16.8774 24.2417 -0.0202437 0.00584642
1 17.9804 24.2417 -0.0127784 0.00534986
1 19.0845 24.2417 -0.00297492 0.00471724
1 20.1884 24.2417 0.00240206 0.00429472
1 21.2916 24.2417 -0.00127708 0.00385191
1 22.3959 24.2417 -0.00010893 0.00369607
1 23.4998 24.2417 0.000865106 0.00388223
1 24.6034 24.2418 0.00352132 0.00417532
1 25.7081 24.2418 0.00643715 0.00478435
1 26.8112 24.2417 0.00800684 0.00558779
1 27.9132 24.2417 0.0153822 0.00612999
1 29.016 24.2417 0.0218787 0.00628765
1 30.118 24.2417 0.0304737 0.0064623
1 31.219 24.2417 0.0368409 0.00605827
1 32.3201 24.2417 0.028487 0.0053098
1 33.4216 24.2417 0.0329825 0.00378517
1 34.5216 24.2416 0.0548564 0.00176156
1 35.6192 24.2412 0.0750522 -0.000528228
1 36.7201 24.2405 0.0575488 -0.00258063
1 37.8281 24.2395 0.0305347 -0.00258816
1 38.9432 24.2387 0.0178473 0.00117556
1 40.0612 24.2391 -0.00111842 0.00814833
1 41.1777 24.2404 -0.019114 0.00826713
1 42.2928 24.2411 -0.0265067 0.00257972
1 43.4093 24.2415 -0.0318917 -0.00158169
1 0.830879 25.1961 0.0314361 -0.00349685
1 1.94752 25.1952 0.0270574 0.00470541
1 3.06296 25.1936 0.0196408 0.0153233
1 4.17935 25.1909 0.00718512 0.0139284
1 5.29616 25.1902 -0.0104276 -0.00188827
1 6.41041 25.1921 -0.0276149 -0.0130008
1 7.51828 25.1949 -0.0597645 -0.0135374
1 8.61961 25.197 -0.0779545 -0.00804442
1 9.7178 25.1981 -0.0556799 -0.00180064
1 10.818 25.1985 -0.0334884 0.00328844
1 11.9197 25.1984 -0.0268695 0.00689761
1 13.0208 25.1983 -0.0360601 0.00914874
1 14.1218 25.1982 -0.0300014 0.0100221
1 15.2239 25.198 -0.0217421 0.00988428
1 16.3267 25.1979 -0.0168766 0.00963512
1 17.4288 25.1979 -0.00869743 0.00870456
1 18.532 25.198 -0.00787016 0.00650547
1 19.6365 25.1979 -0.00428208 0.00497006
1 20.74 25.1979 -0.00115349 0.00394461
1 21.8438 25.1979 -0.000123071 0.00320252
1 22.9482 25.198 0.00084325 0.00332614
1 24.0515 25.198 -0.00213636 0.00426118
1 25.1553 25.198 0.00339057 0.00553118
1 26.2595 25.198 0.0138525 0.0075272
1 27.3624 25.1979 0.0212846 0.00931458
1 28.4653 25.1979 0.0185552 0.0101715
1 29.5673 25.198 0.0167637 0.0105866
1 30.6683 25.1981 0.0336542 0.0101055
1 31.7696 25.1982 0.0313681 0.00834686
1 32.871 25.1983 0.0218003 0.00556497
1 33.9722 25.1981 0.0437463 0.00162925
1 35.0712 25.1974 0.0714241 -0.00432759
1 36.17 25.1958 0.0720243 -0.0114208
1 37.2744 25.1932 0.0424266 -0.0145114
1 38.3861 25.1907 0.0177819 -0.00817361
1 39.5021 25.19 0.0011023 0.0071112
1 40.6188 25.1921 -0.0098493 0.0178448
1 41.735 25.1947 -0.0213702 0.0104608
1 42.8507 25.1959 -0.0271151 0.00433834
1 43.9754 25.1963 -0.0297636 -0.00502073
1 0.262144 26.1502 0.0319324 -0.00470335
1 1.38843 26.1499 0.0234836 0.00404519
1 2.50529 26.148 0.0166334 0.0132441
1 3.62206 26.1448 0.0128314 0.0169031
1 4.73776 26.1423 0.010788 0.00296549
1 5.85199 26.1432 -0.00680841 -0.0156248
1 6.96276 26.1467 -0.0396266 -0.0266386
1 8.06737 26.1505 -0.0733083 -0.0235456
1 9.16694 26.1532 -0.0749463 -0.0143741
1 10.2666 26.1544 -0.0464355 -0.00536257
1 11.3682 26.1548 -0.0231995 0.00109215
1 12.4698 26.1547 -0.0305177 0.00519121
1 13.5713 26.1546 -0.0323321 0.00769886
1 14.6724 26.1544 -0.0160482 0.00829934
1 15.7745 26.1542 -0.0194761 0.00774807
1 16.8774 26.1541 -0.0227099 0.00709382
1 17.9804 26.1541 -0.0158994 0.00477222
1 19.0845 26.1541 -0.0058644 0.00203825
1 20.1884 26.1541 0.00032197 0.000184357
1 21.2916 26.1542 -0.00230024 -0.00105436
1 22.3959 26.1542 6.78482e-05 -0.00138904
1 23.4999 26.1541 0.00232486 -0.000561534
1 24.6035 26.1541 0.00590841 0.000820109
1 25.7081 26.1541 0.00974588 0.00323343
1 26.8112 26.1541 0.0114491 0.00629251
1 27.9132 26.1541 0.0179109 0.00811925
1 29.0161 26.1542 0.0226005 0.00869645
1 30.1182 26.1544 0.029521 0.00879064
1 31.2194 26.1545 0.0352067 0.00719394
1 32.3209 26.1546 0.0276958 0.00396706
1 33.423 26.1545 0.0347692 -0.00184404
1 34.5237 26.1537 0.059627 -0.0100312
1 35.6224 26.1517 0.0794299 -0.0190677
1 36.7243 26.1485 0.0562283 -0.0250319
1 37.832 26.1446 0.0173299 -0.0216244
1 38.945 26.1423 -0.00507979 -0.00672362
1 40.0601 26.1431 -0.0179001 0.0127357
1 41.1761 26.1465 -0.0203119 0.0175849
1 42.2924 26.1493 -0.0263934 0.00969655
1 43.4098 26.1507 -0.0278349 -0.000146706
1 0.82898 27.1033 0.0248004 0.0112865
1 1.94732 27.1018 0.0211442 0.0240894
1 3.06423 27.0986 0.0209674 0.0288603
1 4.17991 27.096 0.025399 0.0192427
1 5.29358 27.0955 0.0168921 0.00260387
1 6.405 27.0979 -0.00885719 -0.0129284
1 7.51214 27.1021 -0.0537911 -0.0191967
1 8.6144 27.1061 -0.0811759 -0.0159993
1 9.714 27.1089 -0.0615769 -0.00638816
1 10.8154 27.1104 -0.0367833 0.00407231
1 11.9181 27.1108 -0.0267716 0.011963
1 13.0199 27.1108 -0.0342428 0.0164154
1 14.1214 27.1107 -0.0288791 0.0178803
1 15.2237 27.1105 -0.0224053 0.0177981
1 16.3267 27.1103 -0.0195801 0.0173268
1 17.4289 27.1103 -0.013256 0.0155886
1 18.5321 27.1103 -0.0126866 0.0124977
1 19.6365 27.1104 -0.00790259 0.0103029
1 20.7401 27.1104 -0.00348372 0.00878847
1 21.8438 27.1105 -0.000743374 0.00781686
1 22.9482 27.1104 0.0023234 0.00808235
1 24.0514 27.1103 0.000989629 0.00947122
1 25.1552 27.1103 0.007767 0.0115973
1 26.2594 27.1103 0.0188307 0.014647
1 27.3624 27.1103 0.0255669 0.0170217
1 28.4653 27.1103 0.020839 0.0180256
1 29.5676 27.1105 0.0162325 0.0184449
1 30.6689 27.1107 0.0313445 0.0176843
1 31.7708 27.1107 0.0297912 0.0145721
1 32.8729 27.1105 0.023031 0.00863862
1 33.9752 27.1096 0.0485321 0.00023868
1 35.0756 27.1075 0.0771132 -0.010219
1 36.1757 27.104 0.071475 -0.0189095
1 37.2804 27.0997 0.0305989 -0.017655
1 38.3901 27.0962 -0.00598728 -0.00458366
1 39.5027 27.0953 -0.0229397 0.0120469
1 40.6174 27.0969 -0.0181715 0.0250024
1 41.7345 27.1002 -0.0157917 0.0283334
1 42.8527 27.1028 -0.0206089 0.015748
1 43.981 27.1032 -0.0333928 0.00480157
1 0.257402 28.0547 0.0354524 0.0215387
1 1.38662 28.0544 0.0207783 0.0299297
1 2.50552 28.052 0.0198022 0.0348185
1 3.62217 28.0498 0.025779 0.0229898
1 4.73607 28.0496 0.0310806 0.0100925
1 5.84751 28.0508 0.0157463 0.00112146
1 6.95616 28.0538 -0.023997 -0.00990035
1 8.06059 28.0579 -0.068815 -0.0159882
1 9.16125 28.0619 -0.0780765 -0.0120257
1 10.2624 28.0647 -0.0501375 -0.00278532
1 11.3653 28.0663 -0.0245504 0.00735609
1 12.4679 28.0669 -0.0292619 0.0146375
1 13.5702 28.067 -0.0301761 0.0183622
1 14.6718 28.0668 -0.0156081 0.0190474
1 15.7744 28.0666 -0.0213146 0.0181654
1 16.8775 28.0665 -0.0265991 0.0172638
1 17.9806 28.0666 -0.0209818 0.0153861
1 19.0847 28.0666 -0.0105249 0.0133726
1 20.1885 28.0667 -0.00314132 0.0116705
1 21.2916 28.0668 -0.00419681 0.0103664
1 22.3958 28.0668 0.000661846 0.0101965
1 23.4997 28.0667 0.00522364 0.0113104
1 24.6033 28.0666 0.010293 0.0127247
1 25.7079 28.0665 0.0153384 0.0148699
1 26.8111 28.0665 0.0163975 0.0172306
1 27.9132 28.0665 0.0204497 0.0183997
1 29.0163 28.0667 0.0227609 0.0186998
1 30.1189 28.0668 0.0278697 0.0189548
1 31.2207 28.0668 0.0332231 0.017365
1 32.3231 28.0665 0.0277788 0.012522
1 33.4265 28.0655 0.0381285 0.00306182
1 34.5287 28.0633 0.0643084 -0.00809511
1 35.6287 28.0598 0.0790415 -0.0149243
1 36.7311 28.0556 0.0456452 -0.0130055
1 37.8376 28.052 -0.00424935 -0.0054197
1 38.9477 28.0499 -0.0277974 0.00560097
1 40.0604 28.0492 -0.0314477 0.0151026
1 41.1755 28.0503 -0.0220732 0.0290585
1 42.293 28.0529 -0.0167504 0.03247
1 43.4127 28.0542 -0.0231673 0.0262315
1 0.826276 29.005 0.0178385 0.0381735
1 1.94633 29.0038 0.0134051 0.0331057
1 3.06374 29.0026 0.0253542 0.0207423
1 4.17837 29.003 0.0354474 0.00610721
1 5.29059 29.0048 0.0310275 0.000118576
1 6.39997 29.0069 0.010177 -0.0025046
1 7.50578 29.0097 -0.0396395 -0.00917816
1 8.60798 29.0136 -0.0756201 -0.0155201
1 9.70853 29.0175 -0.062532 -0.0133994
1 10.8112 29.0205 -0.0381732 -0.00355021
1 11.9151 29.0221 -0.0262549 0.00619429
1 13.018 29.0228 -0.0326011 0.0123814
1 14.1203 29.0229 -0.0277298 0.014598
1 15.2232 29.0227 -0.0226575 0.0149669
1 16.3266 29.0225 -0.0210795 0.0148323
1 17.429 29.0224 -0.0165627 0.0142246
1 18.5323 29.0224 -0.0165018 0.013073
1 19.6368 29.0225 -0.0108714 0.0121724
1 20.7402 29.0226 -0.00581516 0.0113292
1 21.8438 29.0226 -0.00123308 0.0106076
1 22.948 29.0225 0.0043487 0.0112899
1 24.0512 29.0225 0.00385732 0.0125284
1 25.155 29.0224 0.0111864 0.0134622
1 26.2593 29.0223 0.022399 0.0142267
1 27.3624 29.0223 0.027547 0.0144479
1 28.4656 29.0225 0.0216209 0.0147958
1 29.5683 29.0227 0.0160306 0.0152902
1 30.6703 29.0228 0.0300677 0.0146192
1 31.7731 29.0224 0.0292342 0.0101506
1 32.8765 29.0213 0.0239987 0.00110062
1 33.9801 29.0189 0.0506913 -0.00910958
1 35.0816 29.0153 0.0762805 -0.0153801
1 36.1822 29.0113 0.0616177 -0.0139394
1 37.2861 29.0079 0.0121142 -0.00540161
1 38.394 29.0056 -0.0243568 0.00070365
1 39.505 29.0036 -0.0367895 0.00157783
1 40.6184 29.0021 -0.0309514 0.0119908
1 41.7343 29.0025 -0.0217464 0.0280488
1 42.8532 29.004 -0.0181145 0.0378273
1 43.9828 29.0046 -0.0355832 0.041266
1 0.257557 29.9557 0.0320599 0.0542545
1 1.38678 29.9545 0.0204935 0.0443444
1 2.50537 29.9539 0.0283716 0.0259753
1 3.62083 29.955 0.0386725 0.0119483
1 4.73372 29.9576 0.0410349 0.00374321
1 5.84462 29.9603 0.0270007 0.00506865
1 6.95222 29.9625 -0.00815531 0.00457961
1 8.05553 29.9654 -0.0545135 -0.00201085
1 9.15605 29.9692 -0.0714866 -0.00636677
1 10.2579 29.9731 -0.0479887 -0.00382789
1 11.3619 29.9763 -0.0223032 0.0053899
1 12.4656 29.9781 -0.0263812 0.0151891
1 13.5687 29.9787 -0.0274721 0.0208945
1 14.6709 29.9787 -0.0149068 0.0229569
1 15.7739 29.9784 -0.02142 0.0231627
1 16.8773 29.9782 -0.0269709 0.0238621
1 17.9806 29.978 -0.0221841 0.0244138
1 19.0847 29.978 -0.011718 0.024517
1 20.1885 29.978 -0.00443188 0.0246689
1 21.2916 29.978 -0.0051329 0.0246111
1 22.3957 29.978 0.00175123 0.0248867
1 23.4996 29.978 0.00693065 0.0257475
1 24.6032 29.9779 0.0111075 0.0253252
1 25.7078 29.9779 0.0164996 0.0246102
1 26.8112 29.9779 0.0168767 0.0241181
1 27.9135 29.9781 0.0198275 0.0235764
1 29.017 29.9784 0.0225802 0.0231758
1 30.12 29.9786 0.0271712 0.0223208
1 31.2226 29.9783 0.0311618 0.0183151
1 32.326 29.9771 0.0257665 0.010541
1 33.4305 29.9746 0.0369339 -0.00011418
1 34.5337 29.9708 0.0609782 -0.00763442
1 35.634 29.9668 0.0681396 -0.00454946
1 36.7356 29.9636 0.0308115 0.00397118
1 37.841 29.9613 -0.015482 0.00624018
1 38.9506 29.9587 -0.0333847 0.00313682
1 40.0628 29.9558 -0.0383997 0.00817706
1 41.1766 29.9539 -0.0304995 0.0202571
1 42.2931 29.9535 -0.0185905 0.0363086
1 43.4126 29.9546 -0.0132667 0.0498254
1 0.828925 30.9063 0.0206117 0.0540969
1 1.94759 30.9054 0.030918 0.0329128
1 3.06291 30.9071 0.0404756 0.0158036
1 4.17633 30.9099 0.0436932 0.00609137
1 5.28849 30.9133 0.0335572 -0.000186923
1 6.39819 30.9165 0.0158213 0.00172549
1 7.50348 30.9189 -0.0265502 0.00323932
1 8.60479 30.9216 -0.0618907 -0.00280638
1 9.70511 30.9255 -0.0551403 -0.00888527
1 10.8085 30.9297 -0.0333033 -0.00368337
1 11.9134 30.9329 -0.0197589 0.00691601
1 13.017 30.9346 -0.0255485 0.0166739
1 14.1195 30.935 -0.0222056 0.0224831
1 15.2225 30.9347 -0.0184804 0.0248227
1 16.326 30.9342 -0.0177419 0.0259558
1 17.4286 30.9337 -0.0153326 0.0268958
1 18.532 30.9334 -0.0163587 0.0275383
1 19.6365 30.9332 -0.0105129 0.0287832
1 20.74 30.9331 -0.00589561 0.0304468
1 21.8437 30.933 -0.000765174 0.0309175
1 22.9481 30.9331 0.00558921 0.0310748
1 24.0514 30.9332 0.00354245 0.0302595
1 25.1552 30.9332 0.00975312 0.0283942
1 26.2595 30.9334 0.0209012 0.0271806
1 27.3627 30.9337 0.0253441 0.025948
1 28.4662 30.9342 0.01934 0.0253132
1 29.5691 30.9348 0.0122277 0.023848
1 30.6712 30.9348 0.0236943 0.0198726
1 31.7746 30.9337 0.0229483 0.0111583
1 32.8789 30.9311 0.0189302 0.000114255
1 33.9834 30.9272 0.0451303 -0.00691939
1 35.0851 30.9232 0.0659227 -0.00490898
1 36.1851 30.9199 0.0473301 0.000987746
1 37.2882 30.9175 0.00336952 0.00328956
1 38.3962 30.9147 -0.0274728 0.00127147
1 39.5074 30.9113 -0.0400682 0.00192612
1 40.6201 30.9081 -0.036817 0.00940853
1 41.7347 30.9055 -0.0295907 0.0237748
1 42.8517 30.9051 -0.0211271 0.0445689
1 43.98 30.9068 -0.021687 0.0564112
1 0.263287 31.8607 0.0168243 0.0497131
1 1.39027 31.8582 0.0287439 0.0255174
1 2.50601 31.8593 0.0394361 0.00477567
1 3.6199 31.8624 0.0427206 -0.00890233
1 4.7323 31.866 0.0412082 -0.0139799
1 5.8435 31.8697 0.0244468 -0.0174305
1 6.95182 31.8731 -0.00551272 -0.0154713
1 8.05492 31.8758 -0.0420739 -0.0121957
1 9.15468 31.8785 -0.0572789 -0.0162963
1 10.2563 31.8823 -0.0393827 -0.0204198
1 11.361 31.8867 -0.0155693 -0.0158161
1 12.4657 31.8899 -0.0174536 -0.00237125
1 13.5692 31.8914 -0.0156036 0.0103785
1 14.671 31.8912 -0.00305076 0.0179227
1 15.7736 31.8903 -0.0110489 0.0209417
1 16.8769 31.8893 -0.0198731 0.0222449
1 17.98 31.8885 -0.0193045 0.0228297
1 19.0842 31.8879 -0.00973347 0.0235238
1 20.188 31.8876 -0.00253926 0.0257953
1 21.2914 31.8873 -0.00450603 0.027639
1 22.3958 31.8873 0.00202094 0.0276911
1 23.4999 31.8875 0.0057669 0.0265364
1 24.6036 31.8877 0.00840191 0.0241879
1 25.7083 31.8881 0.0142244 0.0230318
1 26.8116 31.8887 0.0125293 0.022925
1 27.914 31.8896 0.0112613 0.0218543
1 29.0172 31.8907 0.011918 0.0191481
1 30.1198 31.8912 0.0153321 0.0128829
1 31.2224 31.8905 0.0202823 0.00224001
1 32.3266 31.888 0.0176671 -0.00942188
1 33.432 31.8841 0.0297043 -0.0175398
1 34.5354 31.88 0.0497271 -0.0181345
1 35.6351 31.8768 0.0538696 -0.012017
1 36.7363 31.8743 0.0239999 -0.0117632
1 37.8423 31.8713 -0.0145598 -0.0177226
1 38.9525 31.8676 -0.0349058 -0.0168041
1 40.0645 31.864 -0.0453036 -0.0112391
1 41.1774 31.8606 -0.0436416 -0.0039021
1 42.2914 31.8581 -0.0379857 0.0143218
1 43.4083 31.858 -0.0278314 0.0423173
1 0.835181 32.8123 0.0370927 0.0208142
1 1.95091 32.8131 0.0440116 0.000792861
1 3.06391 32.816 0.0468536 -0.010253
1 4.17631 32.8199 0.0467729 -0.0156944
1 5.28779 32.8236 0.0373238 -0.0182262
1 6.39759 32.8273 0.0139982 -0.0205968
1 7.50383 32.831 -0.0252508 -0.0166442
1 8.60539 32.8337 -0.0489689 -0.0108686
1 9.70502 32.8365 -0.0397594 -0.0129623
1 10.8081 32.8402 -0.0228587 -0.0163556
1 11.9136 32.8444 -0.0133206 -0.012331
1 13.0184 32.8477 -0.0166663 -1.39521e-05
1 14.1213 32.8489 -0.00797181 0.0164698
1 15.2237 32.8482 -0.000588711 0.0271826
1 16.3264 32.8466 -0.000694228 0.0308203
1 17.4283 32.845 -0.00473913 0.0305743
1 18.5314 32.8437 -0.0105641 0.0288509
1 19.6358 32.8428 -0.00499889 0.0293545
1 20.7395 32.8423 -0.00232689 0.0317206
1 21.8437 32.8421 -0.000471191 0.0318527
1 22.9483 32.8422 0.00353515 0.0308105
1 24.0519 32.8425 -0.000796806 0.0295125
1 25.1558 32.8431 0.00475313 0.0289244
1 26.2599 32.8442 0.0135746 0.030408
1 27.3628 32.8456 0.0115616 0.0305006
1 28.4656 32.8472 0.00179645 0.0278054
1 29.5678 32.8483 -0.0045942 0.0207057
1 30.6697 32.848 0.0112576 0.00854542
1 31.7738 32.8458 0.0158411 -0.00581843
1 32.8792 32.842 0.0106536 -0.0148237
1 33.9838 32.838 0.031057 -0.0139097
1 35.0848 32.8349 0.0500444 -0.00940092
1 36.1846 32.8323 0.0398894 -0.013342
1 37.2885 32.829 0.00540252 -0.0199692
1 38.3973 32.8252 -0.0266138 -0.0192501
1 39.5084 32.8215 -0.0415902 -0.0172146
1 40.6207 32.8176 -0.0415165 -0.0140627
1 41.7337 32.8141 -0.0410545 -0.00527664
1 42.848 32.812 -0.0318688 0.00840112
1 43.9731 32.813 -0.00923676 0.0340874
1 0.271871 33.7671 0.0132729 0.00619665
1 1.39544 33.768 0.0386373 -0.0024032
1 2.50866 33.771 0.0470716 -0.00800602
1 3.62083 33.7745 0.0468007 -0.0129977
1 4.73258 33.7785 0.0433359 -0.0138118
1 5.84324 33.782 0.0283123 -0.0113424
1 6.95154 33.7855 -0.00475927 -0.0125259
1 8.05565 33.7891 -0.0400488 -0.0071195
1 9.1559 33.7921 -0.0453811 0.0010594
1 10.2569 33.7947 -0.0220332 0.00168858
1 11.3609 33.7981 -0.00294158 -0.00177378
1 12.4664 33.802 -0.0113385 0.00109981
1 13.5711 33.805 -0.00883022 0.013991
1 14.6736 33.8059 0.00984153 0.0310995
1 15.7759 33.8048 0.00825228 0.0441434
1 16.8782 33.8025 -0.000253776 0.0487815
1 17.9803 33.8001 -0.00494803 0.0472058
1 19.0837 33.7982 0.00142973 0.0441831
1 20.1875 33.7971 0.00595898 0.0437561
1 21.2912 33.7966 -0.00178879 0.0436362
1 22.3959 33.7965 -0.000245772 0.0428745
1 23.5002 33.7967 -6.28222e-05 0.0428368
1 24.6041 33.7975 0.000243434 0.0432578
1 25.7084 33.7991 0.00350855 0.0455186
1 26.811 33.8012 -0.00537863 0.0479976
1 27.9122 33.8034 -0.0118532 0.0460413
1 29.0146 33.8052 -0.00634887 0.0376936
1 30.1174 33.8053 0.00687384 0.0221699
1 31.2212 33.8033 0.0166963 0.00617736
1 32.3265 33.7997 0.00900232 -0.000634912
1 33.4319 33.7961 0.0138535 0.000790884
1 34.5345 33.7932 0.0334844 0.00199506
1 35.6341 33.7905 0.0446709 -0.0021082
1 36.736 33.7872 0.021122 -0.0103082
1 37.8425 33.7835 -0.0195064 -0.0134786
1 38.9522 33.7799 -0.0396553 -0.0140076
1 40.0637 33.776 -0.0469233 -0.0142727
1 41.1757 33.7723 -0.0487258 -0.00995066
1 42.2883 33.769 -0.0451849 -0.00733393
1 43.4034 33.7668 -0.0406351 0.00105334
1 0.839407 34.723 0.0417272 -0.0217072
1 1.95374 34.7259 0.0454374 -0.0200719
1 3.06601 34.7292 0.0490985 -0.0157439
1 4.17755 34.7323 0.0494868 -0.0114164
1 5.28868 34.7358 0.0396902 -0.00879707
1 6.39807 34.739 0.0215226 -0.00391087
1 7.50415 34.7423 -0.0183065 0.00173009
1 8.60632 34.7456 -0.0423944 0.0101733
1 9.70637 34.7485 -0.0299555 0.0200557
1 10.8089 34.751 -0.00773972 0.0239977
1 11.9137 34.7536 -0.000600717 0.0236934
1 13.0189 34.7569 -0.0118033 0.0255874
1 14.1232 34.7595 -0.00594977 0.038121
1 15.2268 34.7602 0.00728697 0.0564947
1 16.3297 34.7587 0.0170198 0.0717316
1 17.4306 34.7558 0.016101 0.0787943
1 18.5324 34.7527 0.00794081 0.0777027
1 19.636 34.7503 0.0104054 0.0744416
1 20.7396 34.7489 0.00572331 0.0719013
1 21.8436 34.7484 -0.00039537 0.0695813
1 22.9483 34.7485 -0.00111129 0.0702591
1 24.0519 34.7494 -0.0113264 0.0730755
1 25.1553 34.7514 -0.0117106 0.0755762
1 26.2582 34.7542 -0.00778363 0.0778402
1 27.3598 34.7571 -0.0100477 0.0748784
1 28.4622 34.7593 -0.010602 0.0635626
1 29.5653 34.7597 -0.00666944 0.0468566
1 30.6687 34.758 0.00918729 0.0317372
1 31.7737 34.755 0.00681119 0.0246282
1 32.8788 34.752 -0.00564102 0.0231446
1 33.9824 34.7496 0.016792 0.0226101
1 35.0834 34.7471 0.0423803 0.0155944
1 36.184 34.7439 0.0347371 0.00453361
1 37.2883 34.7404 -0.00317996 -0.00163211
1 38.3966 34.7371 -0.0351986 -0.00535964
1 39.5072 34.7338 -0.048482 -0.0119742
1 40.6185 34.7303 -0.0519756 -0.0140448
1 41.7302 34.7271 -0.0515559 -0.0184135
1 42.8429 34.7243 -0.0470028 -0.0196794
1 43.9651 34.7226 -0.0340092 -0.0201732
1 0.276905 35.6795 0.0502466 -0.0406643
1 1.39812 35.6824 0.0536598 -0.0382091
1 2.51084 35.6849 0.0559999 -0.0289298
1 3.62273 35.6876 0.0575594 -0.0232022
1 4.73383 35.6903 0.0541118 -0.0183954
1 5.84417 35.6932 0.0393844 -0.0105877
1 6.95207 35.6957 0.00753457 -0.00397604
1 8.05624 35.6986 -0.029712 0.00311328
1 9.15718 35.7017 -0.0373756 0.0146628
1 10.2585 35.704 -0.0120177 0.0233324
1 11.3619 35.7059 0.00944134 0.0284431
1 12.4668 35.7081 -0.00031282 0.0296527
1 13.5717 35.7106 -0.00292591 0.0335198
1 14.6752 35.7126 0.00913031 0.0428698
1 15.7791 35.7129 0.00932375 0.0581843
1 16.8821 35.7112 0.00971736 0.0740274
1 17.9837 35.7079 0.0133853 0.0834633
1 19.0861 35.7042 0.0226713 0.0843485
1 20.1888 35.7014 0.0220632 0.0806702
1 21.2917 35.6998 0.00374686 0.0757191
1 22.3956 35.6995 -0.00231377 0.0750611
1 23.4994 35.7003 -0.0107462 0.079206
1 24.6024 35.7026 -0.0195684 0.0821926
1 25.7055 35.706 -0.0171481 0.0821967
1 26.8071 35.7094 -0.0196868 0.0779753
1 27.9086 35.7119 -0.0167172 0.066307
1 29.0124 35.7126 -0.00527239 0.0509142
1 30.1166 35.7114 0.0043533 0.037456
1 31.2208 35.7091 0.00517358 0.0293814
1 32.3256 35.7068 -0.005662 0.0292695
1 33.4301 35.7049 0.0026837 0.0269446
1 34.5327 35.7029 0.0260812 0.0181441
1 35.6329 35.7 0.0355471 0.00723956
1 36.7353 35.6969 0.0111578 -0.00170409
1 37.8416 35.6941 -0.0275915 -0.00824815
1 38.951 35.6914 -0.0475396 -0.0139907
1 40.0619 35.6887 -0.0564436 -0.0187765
1 41.1733 35.686 -0.0560233 -0.0269757
1 42.2853 35.6833 -0.0571261 -0.0336357
1 43.3994 35.6809 -0.053978 -0.0438581
1 0.839837 36.6408 0.062111 -0.0542389
1 1.9547 36.6431 0.0636889 -0.0523494
1 3.06702 36.6453 0.0651479 -0.0478762
1 4.17844 36.6474 0.06392 -0.0402676
1 5.28928 36.6494 0.0508186 -0.0380996
1 6.39864 36.6517 0.0327919 -0.0317185
1 7.50468 36.6538 -0.0047241 -0.0240107
1 8.60723 36.6562 -0.0315265 -0.0198295
1 9.70811 36.6589 -0.0232362 -0.0121383
1 10.8109 36.6609 0.00158519 -0.0023324
1 11.9152 36.6621 0.0122101 0.000746517
1 13.0199 36.6639 -0.00116306 0.000793839
1 14.1241 36.6659 -0.00043364 0.00388336
1 15.2285 36.6672 0.00720974 0.0123826
1 16.3327 36.667 0.0150557 0.023885
1 17.4348 36.665 0.0182089 0.0368852
1 18.537 36.6616 0.0187292 0.047416
1 19.6398 36.6577 0.0261221 0.0515973
1 20.7418 36.6547 0.0172153 0.0495202
1 21.844 36.6533 0.00288904 0.0472467
1 22.9469 36.6537 -0.00704341 0.0489197
1 24.049 36.656 -0.0282994 0.0507259
1 25.1511 36.6595 -0.0284906 0.0480915
1 26.2536 36.6631 -0.0132054 0.0415094
1 27.356 36.6659 -0.00695371 0.0311125
1 28.46 36.667 -0.00861716 0.0177661
1 29.5641 36.6663 -0.0120694 0.00675948
1 30.6676 36.6646 -0.00189622 0.00184138
1 31.7723 36.6628 -0.00321451 0.000952834
1 32.877 36.6615 -0.014081 -0.000929012
1 33.9804 36.66 0.00956655 -0.00671099
1 35.082 36.6576 0.0339298 -0.0160912
1 36.1833 36.6548 0.0215327 -0.0233076
1 37.2876 36.6526 -0.0178346 -0.0281109
1 38.3955 36.6505 -0.0478111 -0.0348633
1 39.5056 36.6483 -0.0597988 -0.0400582
1 40.6165 36.6462 -0.0599131 -0.0447625
1 41.7283 36.644 -0.0609529 -0.0475977
1 42.8405 36.6421 -0.0620168 -0.0533841
1 43.9607 36.6402 -0.0641981 -0.0563378
1 0.279584 37.6026 0.0711935 -0.0629895
1 1.39925 37.6031 0.0695293 -0.0658577
1 2.5116 37.6045 0.0676647 -0.0606777
1 3.62348 37.6064 0.0648725 -0.0612044
1 4.73459 37.6083 0.0645516 -0.0547976
1 5.84453 37.6099 0.0496158 -0.0506357
1 6.95254 37.6118 0.0194727 -0.0495145
1 8.05687 37.6137 -0.0145166 -0.0431065
1 9.15819 37.6158 -0.0266785 -0.038919
1 10.2602 37.6182 -0.00786834 -0.0360557
1 11.364 37.6198 0.0158218 -0.0293882
1 12.4686 37.6209 0.00956222 -0.0260213
1 13.5732 37.6223 0.006524 -0.0268653
1 14.6768 37.6239 0.0136335 -0.0247655
1 15.7812 37.6247 0.00909194 -0.0166284
1 16.8852 37.624 0.0058575 -0.00639612
1 17.9882 37.6218 0.00938186 0.00405895
1 19.0913 37.6187 0.0226764 0.0146923
1 20.1933 37.6153 0.025399 0.0228456
1 21.294 37.6129 0.00711396 0.0268087
1 22.3949 37.6123 -0.001534 0.0282213
1 23.4959 37.6139 -0.0165527 0.0251387
1 24.5972 37.6168 -0.0252675 0.0174451
1 25.7005 37.62 -0.0123926 0.00870964
1 26.8034 37.6227 -0.0118561 -0.00051314
1 27.9062 37.6243 -0.016716 -0.0120672
1 29.0105 37.6241 -0.0100872 -0.022431
1 30.115 37.6228 -0.00162614 -0.0265601
1 31.2192 37.6213 -0.00357508 -0.0268167
1 32.3236 37.6203 -0.0146744 -0.0256368
1 33.4281 37.6192 -0.00182838 -0.0327184
1 34.5313 37.617 0.0219007 -0.0398418
1 35.6323 37.6145 0.0212362 -0.0402466
1 36.7348 37.6127 -0.00592378 -0.044063
1 37.8411 37.6109 -0.0396676 -0.0516577
1 38.9505 37.609 -0.0595371 -0.0534408
1 40.0611 37.6073 -0.0681804 -0.0567966
1 41.1724 37.6054 -0.0665939 -0.0621113
1 42.2846 37.6039 -0.0661272 -0.0635972
1 43.399 37.6024 -0.0678128 -0.0627926
1 0.841508 38.5648 0.0731019 -0.0662653
1 1.95558 38.5657 0.0711542 -0.0680429
1 3.06773 38.5672 0.0709472 -0.0672788
1 4.1792 38.5689 0.0705346 -0.0663836
1 5.2898 38.5707 0.0620342 -0.0645399
1 6.39884 38.5722 0.0445622 -0.0626703
1 7.50509 38.5739 0.00769924 -0.0580219
1 8.60802 38.5756 -0.017245 -0.054975
1 9.70916 38.5777 -0.0164678 -0.0544832
1 10.8126 38.5798 0.00245184 -0.0527247
1 11.9174 38.5813 0.0163018 -0.04849
1 13.0221 38.5823 0.00682382 -0.0453679
1 14.1263 38.5836 0.00517746 -0.0475621
1 15.2308 38.585 0.00920334 -0.0449348
1 16.3353 38.5854 0.0152925 -0.0348008
1 17.438 38.5842 0.0144849 -0.0236832
1 18.5409 38.582 0.00798814 -0.0139562
1 19.6442 38.5796 0.00973625 -0.00340835
1 20.7451 38.5776 0.00421028 0.00793849
1 21.8449 38.5766 0.00116759 0.015563
1 22.9448 38.577 0.000742172 0.012007
1 24.0447 38.5784 -0.0146568 0.000934986
1 25.1467 38.5804 -0.0120879 -0.00888152
1 26.2502 38.5829 -0.00392534 -0.0184217
1 27.3533 38.5847 -0.00833817 -0.0306235
1 28.4574 38.5849 -0.0105905 -0.0415688
1 29.5619 38.5839 -0.0150353 -0.0461701
1 30.6655 38.5828 -0.0113224 -0.0439048
1 31.7699 38.5818 -0.0104831 -0.0465079
1 32.875 38.5807 -0.0148591 -0.0518535
1 33.979 38.5788 0.00588342 -0.0535888
1 35.0809 38.5767 0.0216346 -0.0532266
1 36.1823 38.5748 0.00846934 -0.0580972
1 37.2871 38.573 -0.0253819 -0.0609079
1 38.3953 38.5714 -0.0529076 -0.0624733
1 39.5056 38.5698 -0.0620521 -0.0671696
1 40.6169 38.5679 -0.0656837 -0.0664152
1 41.7285 38.5665 -0.0681643 -0.0668155
1 42.8407 38.5651 -0.0691501 -0.0704474
1 43.9603 38.5645 -0.0683955 -0.0680788
1 0.279149 39.527 0.0701634 -0.0738612
1 1.39928 39.5277 0.0723368 -0.0721202
1 2.51155 39.5285 0.0695206 -0.0732487
1 3.62326 39.5301 0.0681833 -0.0751754
1 4.73437 39.5319 0.0663163 -0.0747283
1 5.84466 39.5335 0.0519971 -0.0705457
1 6.95286 39.5352 0.0264812 -0.0698584
1 8.05776 39.5369 -0.00545779 -0.0654255
1 9.1595 39.5387 -0.0175126 -0.0621068
1 10.2616 39.5406 -0.00452574 -0.0633517
1 11.3658 39.5424 0.015167 -0.063723
1 12.471 39.5439 0.0120767 -0.0598447
1 13.5759 39.545 0.0123704 -0.0560075
1 14.6794 39.5462 0.0181121 -0.0566742
1 15.7836 39.5474 0.00806644 -0.0527527
1 16.888 39.5476 0.00116556 -0.0397757
1 17.9908 39.5465 0.000721854 -0.024724
1 19.0932 39.5448 0.00336317 -0.012624
1 20.1944 39.5436 -0.00122076 -0.00494755
1 21.2944 39.5431 -0.00897916 0.000805428
1 22.3948 39.543 0.00323367 0.00227827
1 23.495 39.5431 0.00681845 -0.00291476
1 24.5956 39.5438 0.00236385 -0.00838997
1 25.6985 39.5454 0.00219834 -0.0177913
1 26.8008 39.5468 -0.0107773 -0.034452
1 27.9033 39.5471 -0.0159478 -0.0475956
1 29.0078 39.5465 -0.00940843 -0.0533753
1 30.1122 39.5454 -0.00646279 -0.0563738
1 31.2166 39.5444 -0.00657906 -0.0582017
1 32.3217 39.5432 -0.0146897 -0.0603626
1 33.4266 39.5417 -0.00371935 -0.0634249
1 34.5299 39.5397 0.0151233 -0.065267
1 35.6311 39.5378 0.0117475 -0.0636326
1 36.7343 39.5361 -0.0129354 -0.0672292
1 37.841 39.5343 -0.0447658 -0.0721368
1 38.9506 39.5326 -0.0606066 -0.0736547
1 40.0615 39.5308 -0.0684344 -0.0732242
1 41.1729 39.5294 -0.0685421 -0.0750372
1 42.285 39.5279 -0.0691055 -0.073729
1 43.3992 39.5272 -0.0720405 -0.0712036
1 0.840506 40.4892 0.0672544 -0.0734827
1 1.95473 40.4902 0.0691237 -0.0741926
1 3.0669 40.4917 0.0688722 -0.0746262
1 4.17827 40.4933 0.069352 -0.0718238
1 5.28924 40.4951 0.0567943 -0.0733982
1 6.39887 40.4969 0.0444568 -0.0729128
1 7.50567 40.4986 0.0126603 -0.068449
1 8.60935 40.5005 -0.010479 -0.0651725
1 9.71089 40.5022 -0.0103849 -0.0635239
1 10.8141 40.504 0.00509681 -0.064227
1 11.9192 40.5056 0.0176617 -0.0640525
1 13.0245 40.507 0.00739891 -0.0607794
1 14.1293 40.5083 0.00221163 -0.0588819
1 15.2337 40.5097 0.00901682 -0.0558806
1 16.3374 40.511 0.0114727 -0.0451067
1 17.4394 40.5115 -1.63635e-05 -0.0286235
1 18.5411 40.511 -0.0115735 -0.0129702
1 19.6428 40.5102 -0.00854445 -0.00444862
1 20.7432 40.5095 -0.00713964 -0.00545559
1 21.8444 40.5091 -0.00196721 -0.00873143
1 22.9462 40.5092 0.00726896 -0.00792712
1 24.0466 40.5096 0.00415891 -0.00380904
1 25.1475 40.5104 0.00684289 -0.00692564
1 26.2492 40.5109 0.00805154 -0.0226515
1 27.3511 40.5107 0.00211489 -0.0390891
1 28.455 40.5099 -0.00259016 -0.049766
1 29.5593 40.5087 -0.0150095 -0.0577962
1 30.6627 40.5075 -0.013602 -0.0571168
1 31.7677 40.5065 -0.0112039 -0.0614575
1 32.8733 40.5049 -0.0145051 -0.0679833
1 33.9775 40.503 0.00429028 -0.0641851
1 35.0795 40.5014 0.0160718 -0.0614634
1 36.1818 40.4996 0.0034054 -0.0691122
1 37.2875 40.4975 -0.029758 -0.0711163
1 38.396 40.496 -0.0586023 -0.0708775
1 39.5063 40.4943 -0.0677491 -0.0745253
1 40.6173 40.4923 -0.0695503 -0.0730837
1 41.7292 40.4908 -0.0705591 -0.0720768
1 42.8415 40.4897 -0.0716302 -0.0749689
1 43.962 40.4888 -0.0729336 -0.0768068
1 0.277314 41.4505 0.0722135 -0.0779803
1 1.39795 41.4517 0.0720583 -0.0788208
1 2.51053 41.4531 0.0702718 -0.0736016
1 3.62227 41.4548 0.0694629 -0.0768675
1 4.73328 41.4565 0.0679345 -0.0778475
1 5.84367 41.4584 0.0542187 -0.075817
1 6.95226 41.4602 0.0315189 -0.0724851
1 8.05798 41.462 -0.00236523 -0.0713406
1 9.16093 41.464 -0.0156153 -0.0674867
1 10.2633 41.4657 -0.00259382 -0.0654557
1 11.3676 41.4671 0.0131373 -0.0677423
1 12.4733 41.4689 0.0149551 -0.066456
1 13.5782 41.4705 0.0121451 -0.0586556
1 14.6817 41.4719 0.00690301 -0.0552392
1 15.7853 41.4741 -0.00459142 -0.0499548
1 16.8881 41.4762 -0.013148 -0.0327748
1 17.9891 41.4772 -0.0170045 -0.0160271
1 19.0904 41.4769 -0.00873416 -0.00901074
1 20.1917 41.4758 0.00072559 -0.0100222
1 21.2931 41.4746 -0.00231509 -0.0119025
1 22.3953 41.4743 -0.000613759 -0.0118866
1 23.4971 41.4751 0.00117212 -0.0108464
1 24.5986 41.4763 0.00808105 -0.00917377
1 25.7007 41.4768 0.0165457 -0.0128836
1 26.8014 41.4762 0.0096625 -0.0251268
1 27.9025 41.4745 0.000902629 -0.0402611
1 29.0059 41.4727 -0.00359413 -0.0521429
1 30.1096 41.4711 -0.00336903 -0.0581826
1 31.2143 41.4697 -0.0033613 -0.0626196
1 32.32 41.468 -0.0156276 -0.0683328
1 33.4249 41.4664 -0.00571055 -0.0662638
1 34.5282 41.4649 0.0117906 -0.0666295
1 35.6301 41.4629 0.00729037 -0.0692682
1 36.7343 41.461 -0.0170894 -0.0706054
1 37.8416 41.4593 -0.0471247 -0.0743888
1 38.9515 41.4575 -0.0615652 -0.0752686
1 40.0624 41.4559 -0.0685138 -0.075662
1 41.1738 41.4539 -0.0682389 -0.0785305
1 42.2859 41.4522 -0.0709545 -0.0760572
1 43.4003 41.4508 -0.0705155 -0.0762731
1 0.839019 42.4125 0.0730463 -0.0744157
1 1.95348 42.4144 0.0718647 -0.0763084
1 3.06559 42.4163 0.073076 -0.0761137
1 4.17688 42.4183 0.072488 -0.072943
1 5.28772 42.4202 0.0621188 -0.0740878
1 6.39757 42.4221 0.0492798 -0.0741848
1 7.50505 42.4238 0.0193155 -0.0698971
1 8.60975 42.4255 -0.00927319 -0.0669758
1 9.71239 42.4275 -0.00986607 -0.0682655
1 10.8157 42.4293 0.00471184 -0.064774
1 11.921 42.4306 0.0120308 -0.063131
1 13.0266 42.4326 0.0025727 -0.0621439
1 14.1308 42.4351 -0.00720383 -0.0525206
1 15.2338 42.4377 -0.00740936 -0.0412797
1 16.3358 42.4408 -0.00707682 -0.0331939
1 17.4363 42.4434 -0.0134386 -0.0221258
1 18.5376 42.4438 -0.0136163 -0.0127054
1 19.6402 42.4423 -0.00315827 -0.0100656
1 20.7423 42.4407 -0.00179629 -0.0100611
1 21.8443 42.44 -0.00077555 -0.00941841
1 22.9466 42.4402 0.00416384 -0.0100652
1 24.0485 42.4413 -0.00115777 -0.0113342
1 25.1508 42.4428 0.0021157 -0.0119297
1 26.2526 42.4433 0.015776 -0.0163942
1 27.3535 42.4416 0.0211777 -0.0268501
1 28.4555 42.4386 0.0133798 -0.0382928
1 29.558 42.4359 0.000801778 -0.0480045
1 30.6611 42.4337 -0.00268535 -0.0551475
1 31.7661 42.4318 -0.0126261 -0.0621326
1 32.8715 42.4301 -0.01497 -0.0661421
1 33.9758 42.4285 0.00614442 -0.0651541
1 35.0784 42.4267 0.013872 -0.066364
1 36.1816 42.4247 -0.00450863 -0.0703304
1 37.2878 42.4229 -0.0346569 -0.0722684
1 38.3969 42.4212 -0.0564393 -0.0721659
1 39.5075 42.4194 -0.0654488 -0.0740188
1 40.6187 42.4173 -0.0666976 -0.0753452
1 41.7304 42.4152 -0.0688734 -0.0729606
1 42.8427 42.4133 -0.0719749 -0.0772792
1 43.963 42.4117 -0.074579 -0.0771267
1 0.275825 43.3734 0.0760691 -0.0767031
1 1.3963 43.3751 0.0722702 -0.0777749
1 2.50896 43.3777 0.0707631 -0.0759544
1 3.62042 43.3801 0.0682862 -0.0768594
1 4.73161 43.3822 0.0661834 -0.0781917
1 5.84228 43.3838 0.0549797 -0.0745981
1 6.95173 43.3856 0.0351177 -0.0752897
1 8.05819 43.3875 0.00744795 -0.0724005
1 9.16184 43.3893 -0.0114876 -0.0665949
1 10.2647 43.3911 -0.00194932 -0.0664552
1 11.3687 43.3928 0.0103628 -0.0657802
1 12.4741 43.3948 0.00496237 -0.0586485
1 13.5782 43.3975 -0.00598583 -0.0515083
1 14.6802 43.4013 -0.0164377 -0.0449102
1 15.7823 43.4055 -0.0209862 -0.0374153
1 16.8842 43.4087 -0.0175356 -0.0302976
1 17.9857 43.4097 -0.0119012 -0.0234528
1 19.0882 43.4087 -0.00343986 -0.0148763
1 20.1906 43.4068 -0.000249006 -0.0102415
1 21.2927 43.4055 -0.00500045 -0.0124285
1 22.3955 43.4052 0.000982044 -0.013861
1 23.498 43.406 0.00304499 -0.0117382
1 24.6002 43.4076 0.0035164 -0.012582
1 25.7033 43.4089 0.011037 -0.0194675
1 26.8055 43.4089 0.0127475 -0.028122
1 27.9064 43.4065 0.010586 -0.0346568
1 29.008 43.4027 0.0156186 -0.0379795
1 30.1102 43.3992 0.0184255 -0.0464996
1 31.2136 43.3961 0.0051202 -0.0579878
1 32.3185 43.3938 -0.00997392 -0.0629598
1 33.4235 43.3922 0.000479963 -0.0644129
1 34.5271 43.3904 0.0133211 -0.0688669
1 35.6299 43.3881 0.00425882 -0.0699676
1 36.735 43.3865 -0.0232156 -0.0698807
1 37.8431 43.3849 -0.0509127 -0.0767503
1 38.9534 43.3831 -0.0647583 -0.0775659
1 40.0644 43.3811 -0.0708619 -0.0764534
1 41.1757 43.3789 -0.0708924 -0.077905
1 42.2876 43.3763 -0.070521 -0.0771086
1 43.402 43.3742 -0.0731757 -0.0739933
1 0.836834 44.3356 0.0698647 -0.0708707
1 1.95115 44.3384 0.0710955 -0.0760577
1 3.06294 44.3416 0.0696861 -0.076785
1 4.17446 44.3438 0.0714534 -0.0734671
1 5.28559 44.3457 0.0648585 -0.0726675
1 6.39592 44.3472 0.0500817 -0.0735834
1 7.50453 44.349 0.0237158 -0.0720112
1 8.61001 44.3509 -0.0039011 -0.0666878
1 9.71325 44.3529 -0.0144266 -0.0647363
1 10.8166 44.3551 -0.00195113 -0.0592898
1 11.9208 44.3573 -0.000307844 -0.0525231
1 13.0248 44.3605 -0.0186349 -0.0471993
1 14.1273 44.3647 -0.0256666 -0.0405451
1 15.2292 44.3694 -0.0156502 -0.0405877
1 16.3313 44.3735 -0.0073799 -0.0393685
1 17.4332 44.3753 -0.0108859 -0.0267644
1 18.5357 44.3748 -0.0130245 -0.014473
1 19.6388 44.3731 -0.00594775 -0.0109706
1 20.7415 44.3712 -0.00353484 -0.0112835
1 21.8442 44.3703 -0.00062858 -0.0112573
1 22.9471 44.3706 0.00460263 -0.011698
1 24.0497 44.372 0.00235316 -0.0120044
1 25.1525 44.3737 0.00574735 -0.013087
1 26.2553 44.3747 0.0127485 -0.0202269
1 27.3574 44.3739 0.0129665 -0.0347026
1 28.4597 44.3707 0.0156274 -0.0400172
1 29.5621 44.3667 0.0215523 -0.0374344
1 30.6638 44.3624 0.0196837 -0.0437211
1 31.7668 44.3587 0.00465407 -0.0500664
1 32.8712 44.3564 -0.00234626 -0.0559939
1 33.9751 44.3541 0.00841922 -0.0645316
1 35.0778 44.3517 0.0115616 -0.0651657
1 36.1819 44.3499 -0.00887419 -0.0676284
1 37.2891 44.3482 -0.0389902 -0.0725739
1 38.399 44.3466 -0.0563344 -0.0729753
1 39.5102 44.3448 -0.0665502 -0.0760291
1 40.6214 44.3428 -0.0691289 -0.0733441
1 41.733 44.3402 -0.0697454 -0.0755584
1 42.8451 44.3367 -0.0712549 -0.0752777
1 43.966 44.3345 -0.0708993 -0.0753301
1 0.271527 45.2949 0.0706804 -0.075106
1 1.3928 45.2985 0.070154 -0.0768553
1 2.50483 45.3028 0.0713331 -0.0733931
1 3.61676 45.3057 0.0698226 -0.0744587
1 4.72849 45.3077 0.0697171 -0.075416
1 5.83952 45.3092 0.0600862 -0.0724764
1 6.94992 45.3106 0.0365619 -0.0710795
1 8.05743 45.3126 0.0126019 -0.0693189
1 9.16143 45.3147 -0.0151428 -0.0613456
1 10.2643 45.3171 -0.0178632 -0.0571223
1 11.3673 45.3207 -0.00780462 -0.04995
1 12.4702 45.3242 -0.0159406 -0.0386773
1 13.5726 45.3278 -0.0257342 -0.0408645
1 14.6752 45.3325 -0.0203341 -0.0503778
1 15.7784 45.3374 -0.0116078 -0.0477143
1 16.881 45.3407 -0.0142226 -0.0316459
1 17.9835 45.3411 -0.0168989 -0.0183175
1 19.0867 45.3393 -0.00685675 -0.0122374
1 20.1897 45.337 -0.00306129 -0.0112855
1 21.2925 45.3357 -0.00743272 -0.0135375
1 22.3956 45.3355 0.00236595 -0.0141009
1 23.4986 45.3362 0.00631549 -0.0122124
1 24.6015 45.338 0.0049397 -0.0119024
1 25.7051 45.34 0.0139601 -0.0162848
1 26.8079 45.3404 0.0148168 -0.0266919
1 27.91 45.3382 0.00779926 -0.0407425
1 29.0129 45.3343 0.0152042 -0.0460634
1 30.116 45.3301 0.0256863 -0.0438721
1 31.2182 45.3259 0.022979 -0.0405319
1 32.3209 45.3225 0.0137617 -0.0424707
1 33.4243 45.3191 0.0133305 -0.0543886
1 34.527 45.3158 0.0177058 -0.0619313
1 35.6301 45.3135 0.00312551 -0.0651292
1 36.736 45.3117 -0.0272053 -0.0698909
1 37.845 45.31 -0.0526778 -0.0740587
1 38.956 45.3084 -0.0623522 -0.0744693
1 40.0678 45.3067 -0.0682732 -0.072687
1 41.1795 45.3045 -0.069249 -0.0754022
1 42.2913 45.3012 -0.0691131 -0.075326
1 43.4048 45.2963 -0.0699833 -0.0714641
1 0.831947 46.2572 0.070152 -0.0736721
1 1.9454 46.2647 0.0717362 -0.0755821
1 3.05745 46.2677 0.0704394 -0.0747989
1 4.17024 46.2698 0.0674045 -0.0742695
1 5.2825 46.2717 0.0645636 -0.073444
1 6.39366 46.2728 0.0507555 -0.0702947
1 7.50328 46.2748 0.0244694 -0.0697305
1 8.60892 46.2774 -0.00668836 -0.0584102
1 9.71132 46.2799 -0.0278781 -0.0498794
1 10.813 46.2843 -0.0249822 -0.0453144
1 11.9153 46.2891 -0.0181293 -0.0388274
1 13.0181 46.292 -0.0196818 -0.039612
1 14.1211 46.2952 -0.0219656 -0.0476888
1 15.2247 46.3005 -0.0175619 -0.0542514
1 16.328 46.3059 -0.0124036 -0.0425642
1 17.4309 46.3077 -0.0172592 -0.0231147
1 18.5345 46.3061 -0.0163714 -0.0127385
1 19.6382 46.3037 -0.00735034 -0.0107003
1 20.7411 46.3017 -0.00574122 -0.0129621
1 21.8441 46.3009 -0.00184713 -0.0162195
1 22.9473 46.3012 0.00619754 -0.0151348
1 24.0503 46.3026 0.0052915 -0.012051
1 25.1536 46.3047 0.00915469 -0.013276
1 26.2572 46.3065 0.01732 -0.0183102
1 27.3603 46.3062 0.0168525 -0.0317773
1 28.4635 46.3025 0.0169606 -0.0483063
1 29.5671 46.2972 0.0173818 -0.0515964
1 30.6701 46.2935 0.0183959 -0.0428384
1 31.7729 46.2909 0.020804 -0.0363293
1 32.8757 46.2871 0.0218121 -0.0428547
1 33.9777 46.2818 0.0300093 -0.0506665
1 35.0795 46.2783 0.0224059 -0.0514942
1 36.1836 46.2762 -0.0112099 -0.066243
1 37.2913 46.2736 -0.0425802 -0.0722402
1 38.4021 46.2723 -0.059991 -0.0700541
1 39.5139 46.2708 -0.0704998 -0.0753693
1 40.626 46.2688 -0.0712247 -0.0737653
1 41.7388 46.2663 -0.0713444 -0.0729021
1 42.8518 46.2619 -0.0723376 -0.0780139
1 43.9716 46.2534 -0.0746713 -0.0747952
1 0.260841 47.2134 0.0734351 -0.0769005
1 1.38161 47.2295 0.0711872 -0.0756966
1 2.49694 47.2339 0.0736505 -0.0754802
1 3.61096 47.2359 0.0720402 -0.0721202
1 4.72426 47.2382 0.0685002 -0.0772318
1 5.83653 47.2398 0.0599336 -0.0672788
1 6.9473 47.2408 0.0366464 -0.0705607
1 8.05449 47.245 0.00273813 -0.0613118
1 9.15771 47.2479 -0.0353884 -0.0374716
1 10.2583 47.2518 -0.0348093 -0.0424744
1 11.3598 47.258 -0.0222661 -0.047689
1 12.4638 47.2613 -0.0169062 -0.0387812
1 13.5669 47.2627 -0.0149482 -0.0427699
1 14.6695 47.2674 -0.0223387 -0.0558879
1 15.7734 47.2739 -0.0193912 -0.0518214
1 16.878 47.2776 -0.02362 -0.033537
1 17.9827 47.2774 -0.0248919 -0.0159778
1 19.0869 47.2749 -0.0100214 -0.0105546
1 20.19 47.2724 -0.00389137 -0.0145042
1 21.2928 47.2711 -0.00732475 -0.0169459
1 22.3956 47.2709 0.00323974 -0.0168898
1 23.4985 47.2716 0.00723762 -0.0166773
1 24.6015 47.2735 0.00419617 -0.0133244
1 25.7053 47.2759 0.0185417 -0.0130443
1 26.8097 47.2771 0.0260827 -0.0251139
1 27.9141 47.2751 0.0184666 -0.0436601
1 29.0182 47.2699 0.0203576 -0.0541589
1 30.1214 47.2645 0.0197483 -0.0466597
1 31.2242 47.2623 0.0170025 -0.0385918
1 32.3281 47.2604 0.0182937 -0.0453435
1 33.431 47.2551 0.0283858 -0.0466081
1 34.5317 47.2495 0.0418726 -0.0393927
1 35.6332 47.2461 0.0137061 -0.0493974
1 36.7383 47.2426 -0.0225036 -0.0667269
1 37.848 47.2404 -0.0482546 -0.068125
1 38.9596 47.2392 -0.0674946 -0.0735413
1 40.0722 47.2371 -0.0684223 -0.0725666
1 41.1858 47.2352 -0.0696381 -0.0757405
1 42.3003 47.2315 -0.0694939 -0.0748538
1 43.4177 47.2253 -0.0694261 -0.0762584
