1 0.54169 0.0788694 -0.0320554 -0.0675118
1 1.65966 0.0705447 -0.0356653 -0.0660354
1 2.77432 0.0673942 -0.021583 -0.0703986
1 3.88981 0.0627608 -0.0284642 -0.0564682
1 5.00736 0.0596345 -0.0388585 -0.0514037
1 6.12586 0.0577879 -0.0314641 -0.0385827
1 7.24433 0.0606751 -0.0207307 -0.0393044
1 8.3624 0.0701861 -0.0236637 -0.0344753
1 9.47997 0.0783981 -0.0198238 -0.018293
1 10.5997 0.0830138 -0.019705 -0.0253449
1 11.7216 0.087405 -0.00434803 -0.0326132
1 12.8453 0.0942186 0.0256102 -0.0298509
1 13.9702 0.108579 0.040207 -0.0344408
1 15.0954 0.12757 0.0472526 -0.0339402
1 16.2216 0.144612 0.0573494 -0.0252654
1 17.3476 0.158035 0.0583906 -0.00191026
1 18.4711 0.167304 0.0457911 0.0238061
1 19.5925 0.172518 0.0155482 0.0249553
1 20.7144 0.172833 -0.00119316 0.0247082
1 21.8384 0.171209 0.00177989 0.0429288
1 22.9635 0.172486 0.00348015 0.0394509
1 24.0866 0.173466 -0.00531318 0.0237206
1 25.208 0.170256 -0.033002 0.0287625
1 26.3299 0.164004 -0.0560316 0.0150144
1 27.4542 0.152645 -0.0555061 -0.0207169
1 28.5803 0.136693 -0.0523024 -0.0358184
1 29.706 0.117924 -0.0416484 -0.0396941
1 30.8317 0.0990658 -0.0304196 -0.0347726
1 31.957 0.0886761 -0.012906 -0.0194568
1 33.0802 0.0857034 0.0109992 -0.0215441
1 34.2011 0.0820322 0.0172622 -0.0218512
1 35.3194 0.076319 0.0173689 -0.0273685
1 36.4366 0.0671216 0.0221189 -0.0427242
1 37.5551 0.0591129 0.0270142 -0.044651
1 38.6738 0.0582122 0.0329582 -0.0410325
1 39.7909 0.0616924 0.0248332 -0.0519174
1 40.907 0.0648615 0.0232559 -0.0596285
1 42.0223 0.0701219 0.0304078 -0.064165
1 43.1379 0.0744931 0.0384631 -0.069083
1 44.2593 0.0900101 0.0416062 -0.0630418
1 -0.0113751 1.05104 -0.0426171 -0.0558068
1 1.10959 1.04148 -0.0448522 -0.0647504
1 2.22319 1.03636 -0.0398535 -0.0662935
1 3.33718 1.0324 -0.0292364 -0.0614722
1 4.45167 1.02814 -0.0320345 -0.0571338
1 5.56746 1.02588 -0.0298117 -0.0483939
1 6.68283 1.02671 -0.0203703 -0.0360618
1 7.79869 1.03184 -0.0248191 -0.0324802
1 8.91623 1.0402 -0.0220651 -0.0237088
1 10.0351 1.04669 -0.0183884 -0.0254393
1 11.1555 1.05094 -0.0113808 -0.0343114
1 12.2768 1.05668 0.0120638 -0.0365591
1 13.3979 1.06696 0.0302609 -0.0356149
1 14.5205 1.08278 0.0409652 -0.0346438
1 15.6461 1.09976 0.044217 -0.0316739
1 16.7743 1.1146 0.0338484 -0.0161133
1 17.9021 1.12598 0.0334059 0.0169058
1 19.0275 1.13342 0.029182 0.0317459
1 20.1518 1.1367 0.00564167 0.0331391
1 21.276 1.13654 0.00134645 0.0389438
1 22.4008 1.13627 0.00511591 0.0387164
1 23.5258 1.13691 -0.00112078 0.036093
1 24.6502 1.13558 -0.0169806 0.0335468
1 25.7749 1.13051 -0.0322426 0.0282084
1 26.9013 1.12158 -0.0372591 -0.00172118
1 28.0291 1.10828 -0.0421141 -0.0307313
1 29.1559 1.09153 -0.0438049 -0.0371458
1 30.2802 1.07356 -0.0394976 -0.037397
1 31.402 1.0596 -0.0251285 -0.0317108
1 32.5234 1.05298 -0.000773666 -0.0245144
1 33.6445 1.04963 0.0117928 -0.0284294
1 34.7641 1.04522 0.0192935 -0.0278233
1 35.8825 1.03803 0.0304579 -0.0342015
1 36.9995 1.02994 0.0333058 -0.0421541
1 38.1153 1.0257 0.0325802 -0.0422836
1 39.2311 1.02688 0.0410458 -0.0481741
1 40.3466 1.03019 0.034225 -0.0580841
1 41.4611 1.03476 0.0349877 -0.0604009
1 42.5752 1.0394 0.0420815 -0.0660968
1 43.6889 1.04709 0.0350682 -0.0620558
1 0.5555 2.00724 -0.0401529 -0.0566485
1 1.66952 2.00172 -0.0409368 -0.0643909
1 2.78254 1.99743 -0.0369896 -0.0655322
1 3.89602 1.9933 -0.0326596 -0.0595129
1 5.00963 1.99008 -0.0396489 -0.0578734
1 6.12353 1.99004 -0.0330984 -0.0460832
1 7.23809 1.99199 -0.0338142 -0.0237175
1 8.35399 1.99707 -0.0343898 -0.0318738
1 9.47204 2.00476 -0.0250977 -0.0360661
1 10.5916 2.01033 -0.0141392 -0.0321357
1 11.7116 2.01556 -0.00450893 -0.0430828
1 12.8316 2.02451 0.0209902 -0.0443542
1 13.9512 2.03687 0.0362969 -0.0357625
1 15.0734 2.05117 0.0377162 -0.0333396
1 16.2004 2.06513 0.0277858 -0.0237489
1 17.3304 2.07716 0.0153668 -0.00306176
1 18.4588 2.08643 0.0161695 0.0168124
1 19.5855 2.0923 0.018062 0.0276541
1 20.7114 2.09485 0.00823728 0.0378941
1 21.8378 2.09573 0.000936025 0.0399269
1 22.9651 2.09539 -0.000170807 0.0345965
1 24.0914 2.09382 -0.00953694 0.032923
1 25.2173 2.09009 -0.0186032 0.0268782
1 26.3445 2.08274 -0.0147543 0.00615687
1 27.4741 2.07206 -0.0183818 -0.0150383
1 28.6027 2.05897 -0.0377891 -0.0298003
1 29.7272 2.04362 -0.0395525 -0.0398402
1 30.8483 2.029 -0.0305164 -0.0399939
1 31.9679 2.01844 -0.00823036 -0.0362243
1 33.0887 2.01272 0.0142485 -0.032165
1 34.2088 2.00864 0.0173411 -0.0313541
1 35.3274 2.003 0.0229668 -0.0345941
1 36.4441 1.9961 0.0301584 -0.0377327
1 37.5596 1.99099 0.0290839 -0.0411924
1 38.6737 1.98924 0.0333761 -0.0501482
1 39.7873 1.99141 0.0316961 -0.0553792
1 40.9006 1.99527 0.0275119 -0.0593147
1 42.0141 1.99965 0.0347486 -0.0631519
1 43.1275 2.00512 0.0320323 -0.0628866
1 44.2501 2.0092 0.0352676 -0.068196
1 -0.00854311 2.96845 -0.0394163 -0.0672998
1 1.11391 2.9662 -0.034731 -0.0669682
1 2.22711 2.9621 -0.0302033 -0.0627639
1 3.3397 2.95865 -0.0292532 -0.0630865
1 4.45239 2.95502 -0.0390192 -0.0564211
1 5.56554 2.95354 -0.0390853 -0.050056
1 6.67949 2.95417 -0.0365508 -0.0304095
1 7.79414 2.95643 -0.0258922 -0.0282062
1 8.90968 2.96269 -0.0198034 -0.0370131
1 10.0277 2.96931 -0.0222093 -0.0376957
1 11.1472 2.97464 -0.0147212 -0.0395147
1 12.267 2.98282 0.00578105 -0.0481194
1 13.386 2.9941 0.0294819 -0.0440063
1 14.5059 3.00604 0.0368102 -0.0288028
1 15.6298 3.01706 0.0253615 -0.0166829
1 16.7588 3.02735 0.00666487 -0.0109778
1 17.8889 3.03734 0.00240111 0.00147349
1 19.0169 3.04506 0.00649155 0.0122327
1 20.1437 3.0498 0.00543482 0.0291174
1 21.2718 3.05215 0.00150227 0.0420808
1 22.4022 3.05268 0.00169334 0.0415089
1 23.5319 3.05134 -0.00192263 0.0368469
1 24.6592 3.04804 -0.00988511 0.0196773
1 25.7863 3.04191 -0.00633015 0.00532375
1 26.9154 3.03294 -0.00068454 -0.00790258
1 28.0457 3.02271 -0.010821 -0.0150072
1 29.1723 3.01178 -0.0325741 -0.0224379
1 30.294 2.99929 -0.0351865 -0.0408346
1 31.413 2.98708 -0.0228498 -0.0457826
1 32.532 2.97776 -0.000312419 -0.0363612
1 33.6517 2.97213 0.0143144 -0.0343151
1 34.7708 2.96735 0.0228227 -0.0368148
1 35.8884 2.96146 0.0331016 -0.0339247
1 37.004 2.95615 0.0399882 -0.0338338
1 38.1179 2.95385 0.0380793 -0.0445904
1 39.2308 2.95389 0.0352056 -0.0516289
1 40.343 2.95691 0.0361073 -0.0557469
1 41.4555 2.96047 0.0410735 -0.0638442
1 42.5688 2.96438 0.0474063 -0.0607986
1 43.6841 2.96811 0.0487563 -0.06928
1 0.557185 3.92915 -0.0419586 -0.0708012
1 1.67174 3.92739 -0.0464585 -0.0650209
1 2.78417 3.92438 -0.039631 -0.0651857
1 3.89664 3.92169 -0.0394084 -0.0573582
1 5.00829 3.91879 -0.0375251 -0.050543
1 6.12085 3.91796 -0.0406936 -0.0385719
1 7.23458 3.91898 -0.0391052 -0.0293234
1 8.34903 3.9228 -0.033512 -0.0335499
1 9.46588 3.92864 -0.0265254 -0.0396346
1 10.5849 3.93455 -0.0150194 -0.0381086
1 11.7035 3.94184 0.000762828 -0.0485073
1 12.8221 3.95268 0.0161336 -0.0496715
1 13.9416 3.96376 0.0259711 -0.0333016
1 15.0637 3.97273 0.0180796 -0.0112831
1 16.1903 3.98017 0.00593495 -0.00216486
1 17.3197 3.98857 -0.00451772 -0.00715853
1 18.4484 3.99696 -0.00852048 -0.00234736
1 19.576 4.0032 -0.00498661 0.0133413
1 20.7041 4.00649 -0.00421727 0.0332379
1 21.836 4.00786 -0.00119432 0.0431861
1 22.9694 4.00746 0.00841619 0.0422832
1 24.0998 4.00537 0.00949121 0.0269733
1 25.2277 4.00092 0.00568179 0.00499883
1 26.3554 3.99323 0.00670126 -0.00728796
1 27.4846 3.98441 0.00128972 -0.00696808
1 28.613 3.97666 -0.0198579 -0.00492222
1 29.7367 3.96847 -0.0312171 -0.0238849
1 30.8572 3.95755 -0.0246294 -0.0437032
1 31.9761 3.9463 -0.00689249 -0.0484497
1 33.0956 3.93761 0.0151287 -0.0417956
1 34.2149 3.93194 0.0215604 -0.0349668
1 35.3327 3.9269 0.0200281 -0.0315922
1 36.448 3.92228 0.0237438 -0.0327967
1 37.5617 3.91948 0.0340335 -0.0397103
1 38.675 3.91838 0.043016 -0.0471955
1 39.7869 3.92028 0.0464989 -0.0527458
1 40.899 3.92322 0.0361108 -0.0630832
1 42.0108 3.92601 0.0371837 -0.0655692
1 43.1236 3.92888 0.0486565 -0.0684566
1 44.2446 3.93084 0.0375399 -0.0707857
1 -0.00270219 4.89267 -0.034231 -0.0729421
1 1.11676 4.89221 -0.0425975 -0.0678278
1 2.22876 4.89024 -0.0410148 -0.0700426
1 3.34046 4.8875 -0.0427112 -0.0635996
1 4.45228 4.88483 -0.0456496 -0.0526548
1 5.56444 4.88269 -0.0447693 -0.0424692
1 6.67754 4.88253 -0.0352244 -0.0389063
1 7.79103 4.88485 -0.0273622 -0.0329453
1 8.90597 4.88859 -0.0241198 -0.0315401
1 10.0228 4.89373 -0.0230224 -0.0420177
1 11.1408 4.90081 -0.00774387 -0.0503397
1 12.2595 4.91079 0.00202089 -0.054533
1 13.3797 4.92141 0.0109439 -0.0429831
1 14.5017 4.93034 0.0231417 -0.0201678
1 15.626 4.93602 0.0173108 0.00124745
1 16.753 4.94151 0.0034298 -0.00548932
1 17.8812 4.94912 -0.0114529 -0.0112756
1 19.0089 4.95538 -0.0227531 -0.00365002
1 20.137 4.95947 -0.0240775 0.0142802
1 21.2683 4.96121 -0.0126966 0.0268495
1 22.4032 4.9613 0.00869041 0.0306753
1 23.5369 4.96059 0.0159678 0.0244746
1 24.6665 4.95797 0.0176202 0.00599045
1 25.7945 4.95286 0.0206031 -0.007835
1 26.9225 4.94539 0.00439033 -0.0098607
1 28.0502 4.93862 -0.00635209 -0.00189498
1 29.1761 4.93351 -0.0145823 -0.00773517
1 30.2991 4.92577 -0.0163211 -0.0359805
1 31.4197 4.91569 -0.00991122 -0.0508426
1 32.5389 4.90538 -0.001656 -0.0512299
1 33.6573 4.89689 0.011444 -0.0431113
1 34.7751 4.89165 0.0259829 -0.0374482
1 35.8921 4.88756 0.0407711 -0.0310978
1 37.0073 4.88498 0.0462154 -0.0331406
1 38.1205 4.88337 0.0419343 -0.0488408
1 39.232 4.88388 0.0367836 -0.0516993
1 40.3436 4.8859 0.0433792 -0.0567965
1 41.4555 4.88903 0.0409697 -0.0638452
1 42.5672 4.89156 0.0436518 -0.0722348
1 43.6809 4.89283 0.0428686 -0.0651681
1 0.557105 5.85739 -0.047827 -0.0715318
1 1.67067 5.85621 -0.0422413 -0.0665911
1 2.78299 5.85339 -0.0472915 -0.0587997
1 3.89516 5.85034 -0.0471568 -0.0552123
1 5.00694 5.8479 -0.046194 -0.0443987
1 6.11968 5.84677 -0.0485581 -0.0432058
1 7.23318 5.84807 -0.0540782 -0.0342004
1 8.3479 5.85029 -0.0411051 -0.0293595
1 9.4637 5.85415 -0.0222119 -0.0374772
1 10.5801 5.86035 -0.0127098 -0.0478775
1 11.698 5.86921 -0.00646881 -0.0532995
1 12.8184 5.87926 -0.0013789 -0.0459607
1 13.9406 5.88815 0.0106471 -0.0314288
1 15.0642 5.89424 0.01595 -0.00623721
1 16.19 5.89804 0.0105957 0.0051398
1 17.3167 5.90285 -0.00464038 -0.0016909
1 18.4441 5.90834 -0.0241357 -0.00546812
1 19.5721 5.91216 -0.0275782 -0.00181797
1 20.7019 5.91401 -0.0197258 0.0111937
1 21.8356 5.91451 -0.00413348 0.0164691
1 22.9709 5.91423 0.017144 0.0125681
1 24.1032 5.91314 0.0268552 0.00648529
1 25.2315 5.91061 0.0276615 1.05153e-05
1 26.3588 5.90601 0.0153837 -0.00584473
1 27.4859 5.90043 -0.00475891 -0.000990202
1 28.612 5.89627 -0.016263 0.00126617
1 29.7365 5.89127 -0.0125588 -0.0214317
1 30.8601 5.88312 -0.00235486 -0.0375835
1 31.982 5.87383 0.00262237 -0.0478071
1 33.1017 5.86435 0.0102188 -0.0522623
1 34.2186 5.85747 0.0125711 -0.0414432
1 35.3341 5.85294 0.0166186 -0.0346973
1 36.449 5.84979 0.0320245 -0.0312567
1 37.5632 5.84843 0.043999 -0.0397249
1 38.6766 5.84816 0.0408072 -0.041499
1 39.7882 5.84951 0.0415215 -0.0563572
1 40.8992 5.85183 0.0367513 -0.0559197
1 42.0106 5.85518 0.0384275 -0.0589729
1 43.1228 5.857 0.0371568 -0.0661764
1 44.2415 5.85656 0.0272381 -0.060279
1 -0.00217218 6.82307 -0.0286906 -0.0625955
1 1.11609 6.82278 -0.0415687 -0.0666257
1 2.22804 6.81988 -0.0393817 -0.0563919
1 3.33988 6.81665 -0.0381485 -0.0569836
1 4.45146 6.81413 -0.0491502 -0.0498688
1 5.56438 6.81175 -0.0511713 -0.0433936
1 6.6782 6.81219 -0.0427534 -0.0435303
1 7.79227 6.81391 -0.0306329 -0.0378562
1 8.90638 6.81676 -0.017041 -0.0364574
1 10.0206 6.82157 -0.0136392 -0.0456984
1 11.137 6.82915 -0.0131329 -0.0539464
1 12.2568 6.83771 -0.00993082 -0.0495115
1 13.3795 6.84585 -0.00227676 -0.0364436
1 14.5041 6.85287 0.0135297 -0.0193427
1 15.6297 6.85718 0.0122507 -0.000351662
1 16.7564 6.86007 0.00455567 0.00456516
1 17.883 6.8636 -0.0145138 -0.000166409
1 19.0094 6.86652 -0.0312436 -0.00394565
1 20.1369 6.868 -0.0245577 -0.00603717
1 21.2682 6.86845 -0.0114005 -0.00120788
1 22.4029 6.86844 0.00677345 -0.000781479
1 23.5368 6.8681 0.017975 -0.00429142
1 24.6665 6.86704 0.0255849 -0.00379792
1 25.7933 6.86521 0.0250493 -0.00150312
1 26.9201 6.86196 0.00505896 0.0020612
1 28.0467 6.85868 -0.0046785 0.00414758
1 29.1725 6.85536 -0.013883 -0.0122257
1 30.2972 6.84895 -0.00997817 -0.0319773
1 31.4205 6.84116 0.00796563 -0.0398375
1 32.542 6.83305 0.0130328 -0.0488043
1 33.6604 6.82519 0.0151977 -0.0469315
1 34.7766 6.81966 0.0221898 -0.0423471
1 35.892 6.81607 0.0368206 -0.0365589
1 37.0065 6.81395 0.0519371 -0.0384574
1 38.1204 6.81268 0.0505805 -0.0452502
1 39.2336 6.81388 0.0484749 -0.0473203
1 40.3458 6.81594 0.0405807 -0.0521658
1 41.4578 6.81871 0.0404905 -0.0606031
1 42.5705 6.82165 0.0377509 -0.0606019
1 43.6841 6.82209 0.0321327 -0.0664742
1 0.555608 7.78909 -0.0370135 -0.0657292
1 1.66954 7.78723 -0.0435979 -0.0642917
1 2.78226 7.78352 -0.0440802 -0.0605192
1 3.89519 7.77998 -0.045844 -0.0511469
1 5.00828 7.77704 -0.0421587 -0.0446876
1 6.12116 7.77646 -0.042437 -0.0532265
1 7.23454 7.77773 -0.045152 -0.0433006
1 8.34895 7.77977 -0.0325822 -0.0395066
1 9.46442 7.78375 -0.0163839 -0.0473141
1 10.5797 7.78992 -0.0111035 -0.0506264
1 11.698 7.79703 -0.0121515 -0.0455671
1 12.8196 7.80409 -0.0046319 -0.038225
1 13.9432 7.81025 0.00989791 -0.0266612
1 15.0692 7.81539 0.00966901 -0.0101793
1 16.1973 7.81853 0.00168591 0.0030697
1 17.3247 7.82073 -0.00208927 0.00366035
1 18.4506 7.82276 -0.0182571 -0.000148388
1 19.5759 7.82355 -0.0144299 -0.00958129
1 20.7035 7.8233 -0.00194477 -0.0153686
1 21.8359 7.82339 -0.00282862 -0.013491
1 22.9699 7.82323 0.00333458 -0.0156649
1 24.1005 7.82305 0.0142913 -0.0152555
1 25.2265 7.82303 0.0175286 -0.00400067
1 26.3511 7.82194 0.00932161 0.00175632
1 27.4776 7.81969 0.00533974 0.00637851
1 28.6058 7.81722 -0.00771306 -0.00149615
1 29.7328 7.81284 -0.0157175 -0.0214327
1 30.8578 7.80643 0.00126999 -0.0337342
1 31.9813 7.79958 0.00991199 -0.0435061
1 33.1023 7.79276 0.00961142 -0.0463269
1 34.2186 7.78715 0.00910231 -0.0452722
1 35.3329 7.78235 0.0138438 -0.0404168
1 36.4473 7.77973 0.0290847 -0.041645
1 37.5616 7.77761 0.0426022 -0.0495881
1 38.6758 7.77732 0.0477342 -0.0456429
1 39.7896 7.77896 0.0506985 -0.0459684
1 40.9021 7.78217 0.0409064 -0.057583
1 42.0146 7.78546 0.0346285 -0.0568937
1 43.1271 7.78862 0.0373587 -0.0693061
1 44.2441 7.78708 0.0298715 -0.0766774
1 -0.00239772 8.75641 -0.0385328 -0.0791083
1 1.11411 8.75507 -0.0448808 -0.0661085
1 2.22666 8.75063 -0.0447805 -0.0589597
1 3.33971 8.74595 -0.0485719 -0.0503597
1 4.45249 8.74211 -0.0519123 -0.0498721
1 5.56551 8.7408 -0.0432099 -0.0490051
1 6.67996 8.74162 -0.0441075 -0.0470632
1 7.79442 8.74299 -0.0347533 -0.0420396
1 8.90857 8.74615 -0.0162327 -0.0462143
1 10.0222 8.75169 -0.00474019 -0.0441617
1 11.1383 8.75713 -0.00641893 -0.0395768
1 12.259 8.76259 -0.00632577 -0.0329687
1 13.383 8.76775 0.00081416 -0.022937
1 14.5095 8.77237 0.010937 -0.0127472
1 15.6381 8.77583 0.00336743 0.000609118
1 16.7677 8.77856 0.00148812 0.00171771
1 17.8944 8.78091 -0.00108268 -0.00341609
1 19.0179 8.78135 -0.00977666 -0.00442462
1 20.1416 8.78011 0.0028676 -0.0186883
1 21.2701 8.77937 0.00679339 -0.0247099
1 22.4025 8.77931 -0.000351609 -0.0220787
1 23.5336 8.7797 -0.00702243 -0.0242294
1 24.6599 8.78086 -0.00114152 -0.0155179
1 25.7831 8.78129 0.00450041 -0.00181188
1 26.9078 8.77964 -0.000735541 0.00189345
1 28.0364 8.77703 0.00701419 -0.000388172
1 29.1662 8.77396 -0.00306056 -0.00885915
1 30.2933 8.76971 -0.00929132 -0.0171897
1 31.4176 8.76472 0.00712323 -0.0311674
1 32.54 8.75892 0.0114899 -0.0379638
1 33.6588 8.75418 0.0105566 -0.0339757
1 34.7749 8.74914 0.0140721 -0.0419796
1 35.8903 8.74518 0.0307553 -0.0422677
1 37.0049 8.74316 0.0464139 -0.0479192
1 38.1184 8.74159 0.0418903 -0.051603
1 39.2317 8.74154 0.0428129 -0.04601
1 40.345 8.74433 0.0500091 -0.0452786
1 41.4589 8.74809 0.0481577 -0.0517112
1 42.5727 8.75297 0.0509484 -0.0622317
1 43.6879 8.7569 0.0476127 -0.0725168
1 0.555802 9.72549 -0.0554925 -0.072297
1 1.67117 9.7191 -0.0568693 -0.0586323
1 2.78525 9.71318 -0.0544252 -0.0561558
1 3.89865 9.70871 -0.0493844 -0.0527005
1 5.0111 9.70665 -0.0443839 -0.0526173
1 6.12411 9.70586 -0.0471115 -0.0501865
1 7.238 9.70702 -0.0454792 -0.049541
1 8.35219 9.70969 -0.0277065 -0.0531778
1 9.46665 9.71469 -0.0117042 -0.0512667
1 10.5818 9.71915 -0.00439842 -0.0371976
1 11.7006 9.72289 -0.010278 -0.0308983
1 12.8237 9.72649 -0.010865 -0.0233585
1 13.9494 9.72975 0.00626731 -0.0153496
1 15.078 9.73319 0.00889223 -0.0100569
1 16.2084 9.7363 0.000518981 -0.00990979
1 17.3371 9.7397 0.00958825 -0.0131666
1 18.4619 9.74172 0.00891056 -0.0103541
1 19.5841 9.74077 0.0139285 -0.0164004
1 20.7079 9.73852 0.022196 -0.0264168
1 21.8369 9.73747 0.00553957 -0.0274325
1 22.9674 9.73793 -0.0158841 -0.0291975
1 24.0943 9.73995 -0.0161332 -0.0260929
1 25.2168 9.74186 -0.00649703 -0.0115709
1 26.3391 9.74096 -0.00954452 -0.0109726
1 27.4658 9.73772 -0.00467 -0.0127057
1 28.5958 9.73429 -0.00479279 -0.0112953
1 29.7254 9.73093 -0.0134514 -0.0136016
1 30.8522 9.72796 -0.00321789 -0.0193605
1 31.9769 9.72452 0.00461223 -0.030959
1 33.0983 9.72053 0.0035576 -0.0342314
1 34.2148 9.71642 0.013044 -0.0420543
1 35.3292 9.71192 0.0267273 -0.0508187
1 36.4441 9.70893 0.0391313 -0.0480092
1 37.5585 9.70722 0.0477567 -0.0489421
1 38.6725 9.70657 0.0506077 -0.0515035
1 39.7852 9.70761 0.0565933 -0.0555697
1 40.8976 9.71069 0.0607655 -0.0544299
1 42.0108 9.71616 0.0647189 -0.0576557
1 43.1244 9.72226 0.0692788 -0.0635912
1 44.2414 9.73018 0.0538793 -0.0862712
1 0.00497043 10.6993 -0.0558128 -0.0710254
1 1.1229 10.6888 -0.073761 -0.0605361
1 2.23602 10.6813 -0.0634615 -0.0566023
1 3.34857 10.6759 -0.0582966 -0.0587116
1 4.45978 10.6725 -0.0569315 -0.0542735
1 5.57239 10.6709 -0.0493025 -0.046769
1 6.68584 10.6709 -0.0420936 -0.0501844
1 7.79908 10.6731 -0.0311075 -0.0566264
1 8.91248 10.6774 -0.0191347 -0.0568424
1 10.0262 10.6818 -0.00957431 -0.040755
1 11.143 10.6844 -0.00652484 -0.0273744
1 12.265 10.6859 -0.00666967 -0.0161572
1 13.3907 10.6875 -0.000357895 -0.0141526
1 14.5183 10.6901 0.0182406 -0.0157878
1 15.6475 10.6932 0.0205217 -0.0155977
1 16.7773 10.6973 0.0145747 -0.0227534
1 17.9038 10.7011 0.0150518 -0.0246225
1 19.0261 10.7019 0.0150317 -0.0189528
1 20.1477 10.6997 0.0242234 -0.0203465
1 21.273 10.6972 0.0191764 -0.0266934
1 22.4016 10.6967 -0.00708286 -0.0275646
1 23.5292 10.6987 -0.0297681 -0.0252431
1 24.6526 10.7016 -0.0206074 -0.019018
1 25.7741 10.702 -0.00969921 -0.0197539
1 26.8985 10.6992 -0.0168097 -0.0264847
1 28.0269 10.6949 -0.0115804 -0.0224321
1 29.1568 10.6911 -0.0153171 -0.0159548
1 30.285 10.6884 -0.0146801 -0.0144329
1 31.4108 10.6867 0.00663018 -0.0144323
1 32.5344 10.6853 0.0132634 -0.0238908
1 33.6535 10.6831 0.00605298 -0.0386503
1 34.769 10.6791 0.00927657 -0.0511502
1 35.8841 10.6745 0.0352029 -0.054138
1 36.9986 10.6722 0.0563948 -0.0480049
1 38.1115 10.6715 0.0543721 -0.0510124
1 39.2239 10.672 0.0531793 -0.0507919
1 40.3357 10.6741 0.063745 -0.0545081
1 41.4481 10.6785 0.0687316 -0.0583909
1 42.5618 10.6848 0.0764113 -0.0585455
1 43.6763 10.6949 0.0831067 -0.0597386
1 0.573521 11.6605 -0.0764945 -0.0442561
1 1.68716 11.65 -0.072847 -0.0553829
1 2.79929 11.643 -0.0642537 -0.0542071
1 3.91122 11.6392 -0.0605843 -0.0495422
1 5.02232 11.6363 -0.0540056 -0.0439445
1 6.13376 11.6357 -0.047743 -0.0477473
1 7.24513 11.6372 -0.0450588 -0.0545898
1 8.35792 11.6407 -0.029227 -0.0577667
1 9.47225 11.6444 -0.0153833 -0.0422751
1 10.5887 11.6467 -0.0209727 -0.0219406
1 11.7095 11.6473 -0.0227821 -0.0111775
1 12.8335 11.6469 -0.0101929 -0.00804441
1 13.9588 11.6481 0.0144572 -0.0114881
1 15.0862 11.6511 0.0239108 -0.0175463
1 16.2149 11.6549 0.0174886 -0.0258617
1 17.3427 11.6595 0.0129168 -0.0301054
1 18.4674 11.6625 0.00592274 -0.0275031
1 19.5891 11.6619 0.0167135 -0.0228174
1 20.7119 11.6591 0.0284278 -0.0178217
1 21.8381 11.6575 0.00596364 -0.0180071
1 22.9652 11.6584 -0.0253311 -0.0194507
1 24.09 11.6613 -0.0225669 -0.0180368
1 25.2113 11.6631 -0.00325358 -0.0233678
1 26.3336 11.6615 -0.00778349 -0.0320492
1 27.4599 11.6573 -0.0165261 -0.030774
1 28.588 11.6527 -0.0235654 -0.0213271
1 29.716 11.6492 -0.0221522 -0.0191803
1 30.8427 11.6471 -7.39651e-05 -0.0116149
1 31.9679 11.6469 0.0130748 -0.00525499
1 33.0912 11.6472 0.0119593 -0.0149295
1 34.2093 11.6458 0.00956027 -0.0341147
1 35.323 11.6427 0.0167721 -0.0568126
1 36.4355 11.6386 0.0323187 -0.0587627
1 37.5478 11.6367 0.0467156 -0.0459236
1 38.6605 11.6365 0.0539594 -0.0449155
1 39.7718 11.638 0.0608025 -0.0515184
1 40.8817 11.6411 0.0636266 -0.0521765
1 41.9932 11.6465 0.071906 -0.0525215
1 43.1048 11.6549 0.0837551 -0.0525072
1 44.2233 11.6678 0.0665875 -0.0430824
1 0.026803 12.6324 -0.0590118 -0.032639
1 1.14488 12.6198 -0.0695434 -0.0471955
1 2.25587 12.6119 -0.0666796 -0.0521204
1 3.36614 12.6062 -0.0618419 -0.0566605
1 4.47598 12.6032 -0.0578115 -0.0532567
1 5.58639 12.6019 -0.0473493 -0.0557058
1 6.69724 12.6031 -0.0397551 -0.057724
1 7.80796 12.6059 -0.0332351 -0.0618411
1 8.92053 12.6087 -0.0304638 -0.0477
1 10.0353 12.6093 -0.0308723 -0.0256697
1 11.1545 12.6091 -0.0304914 -0.0119608
1 12.2783 12.6085 -0.0190201 -0.0100765
1 13.4029 12.6087 -0.0043445 -0.0214758
1 14.5281 12.6109 0.0162889 -0.0264037
1 15.6546 12.6145 0.0253142 -0.0275091
1 16.7817 12.6187 0.0145399 -0.0362014
1 17.9074 12.6226 -0.00209142 -0.0382896
1 19.0297 12.6242 -0.00418359 -0.0329077
1 20.1511 12.6228 0.0159048 -0.0210353
1 21.2751 12.6203 0.0175916 -0.0154161
1 22.401 12.62 -0.0059016 -0.0132199
1 23.5264 12.6222 -0.0213061 -0.0152457
1 24.6488 12.6243 -0.00444268 -0.0256522
1 25.7704 12.624 0.0051757 -0.0372426
1 26.895 12.6211 -0.0061631 -0.0394536
1 28.0217 12.6166 -0.0152438 -0.0323666
1 29.1486 12.6126 -0.0260179 -0.0285285
1 30.2741 12.6095 -0.016386 -0.0257114
1 31.398 12.6084 0.0102683 -0.0126993
1 32.5213 12.609 0.0311731 -0.0111105
1 33.6432 12.6097 0.0391236 -0.0209405
1 34.761 12.6095 0.0329672 -0.0366761
1 35.8759 12.6073 0.0343224 -0.060742
1 36.9879 12.6042 0.0436014 -0.0638294
1 38.0979 12.6025 0.0474246 -0.0591566
1 39.2081 12.6028 0.0538841 -0.0530394
1 40.3182 12.6052 0.0622127 -0.0563839
1 41.4286 12.6087 0.065361 -0.0603364
1 42.5392 12.6156 0.0680629 -0.0523567
1 43.6519 12.6249 0.0657912 -0.0346003
1 0.597228 13.5891 -0.0575884 -0.037435
1 1.70965 13.5805 -0.0624574 -0.0531881
1 2.82051 13.5746 -0.0606301 -0.0634006
1 3.93031 13.5706 -0.0580443 -0.0638976
1 5.0392 13.5689 -0.0426824 -0.064413
1 6.148 13.5697 -0.04062 -0.0664865
1 7.25786 13.5716 -0.0511346 -0.060191
1 8.37087 13.5731 -0.0531472 -0.0441571
1 9.48723 13.5729 -0.0493187 -0.0292873
1 10.6054 13.5716 -0.0507455 -0.0174189
1 11.7264 13.5709 -0.0374229 -0.0165332
1 12.8487 13.571 -0.00782638 -0.0207728
1 13.9714 13.5726 0.0189085 -0.0313521
1 15.0955 13.5757 0.0244843 -0.0369236
1 16.2211 13.5792 0.0194273 -0.0404941
1 17.3469 13.5826 0.00999569 -0.0465158
1 18.4711 13.5852 -0.00985766 -0.045746
1 19.5925 13.5855 -0.00435097 -0.0344879
1 20.7148 13.584 0.0138806 -0.0197765
1 21.8388 13.5831 0.00264882 -0.0130735
1 22.963 13.5838 -0.0155455 -0.01583
1 24.0864 13.5854 -0.00771595 -0.0245533
1 25.2076 13.586 0.010646 -0.0427768
1 26.33 13.5845 0.00275956 -0.0473575
1 27.4552 13.5812 -0.0132397 -0.0415853
1 28.5809 13.5776 -0.0274825 -0.0399795
1 29.7054 13.5743 -0.0230517 -0.0377215
1 30.8287 13.572 0.0043575 -0.0267404
1 31.9517 13.5711 0.0180015 -0.0195046
1 33.0746 13.5712 0.0308618 -0.0173236
1 34.194 13.5723 0.0429501 -0.0222096
1 35.31 13.5734 0.046366 -0.0378533
1 36.4237 13.5731 0.0438027 -0.0551025
1 37.5345 13.5712 0.0394514 -0.0644344
1 38.6445 13.5695 0.0399934 -0.0655584
1 39.7539 13.57 0.0529993 -0.0660664
1 40.8626 13.573 0.0567304 -0.0674509
1 41.9721 13.5779 0.053882 -0.057894
1 43.0828 13.5845 0.0591578 -0.0478301
1 44.2007 13.5936 0.0450355 -0.0242423
1 0.0472223 14.5562 -0.038807 -0.0348074
1 1.16522 14.5489 -0.054756 -0.0454474
1 2.27556 14.5429 -0.049201 -0.0520591
1 3.38496 14.539 -0.0442938 -0.0565616
1 4.49312 14.5366 -0.0452056 -0.0627332
1 5.60176 14.5369 -0.0393402 -0.0536556
1 6.71265 14.5381 -0.0485551 -0.0412355
1 7.82524 14.5385 -0.0540165 -0.0245531
1 8.93983 14.5373 -0.0516329 -0.01717
1 10.0556 14.5356 -0.0377782 -0.0129208
1 11.1736 14.5346 -0.0214647 -0.0121178
1 12.2944 14.5354 -0.0121088 -0.0135649
1 13.4155 14.5368 0.00707838 -0.0217871
1 14.5377 14.539 0.0318366 -0.0332312
1 15.6618 14.542 0.0347772 -0.0364346
1 16.7871 14.5448 0.0260683 -0.0407101
1 17.9118 14.5468 0.00666155 -0.0420082
1 19.0337 14.5478 -0.0131575 -0.0347471
1 20.1545 14.5479 0.00150671 -0.022451
1 21.2771 14.5478 0.0127804 -0.0094254
1 22.4007 14.5479 -0.00260592 -0.00328066
1 23.5238 14.5482 -0.00904502 -0.0134126
1 24.6451 14.5483 0.00463094 -0.0300463
1 25.7662 14.5479 0.0032388 -0.0403916
1 26.8902 14.5462 -0.0162893 -0.0419362
1 28.0155 14.5436 -0.028231 -0.0398516
1 29.1406 14.541 -0.0386706 -0.0363495
1 30.2632 14.5382 -0.0276215 -0.0264019
1 31.384 14.5364 -0.00157846 -0.0179642
1 32.5048 14.5351 0.0238283 -0.0170898
1 33.624 14.5352 0.0413598 -0.0105586
1 34.7411 14.5367 0.0454604 -0.0131172
1 35.8581 14.5383 0.0538372 -0.0212324
1 36.9726 14.539 0.0590835 -0.0350763
1 38.0837 14.5378 0.0396007 -0.0505248
1 39.1925 14.5371 0.0303946 -0.0598451
1 40.3006 14.5384 0.0389867 -0.0584438
1 41.4099 14.5414 0.0402567 -0.0580562
1 42.5206 14.5461 0.0457222 -0.0528788
1 43.6332 14.5529 0.0399434 -0.0373313
1 0.612952 15.5163 -0.0314383 -0.0381731
1 1.72567 15.5114 -0.0353265 -0.0531526
1 2.83557 15.5075 -0.0294327 -0.0615575
1 3.94475 15.5048 -0.0279276 -0.0561868
1 5.05346 15.5041 -0.0301108 -0.0522205
1 6.16343 15.504 -0.0415979 -0.0364798
1 7.27586 15.5035 -0.0545235 -0.0213604
1 8.3909 15.5023 -0.0421172 -0.0115777
1 9.50633 15.5012 -0.0319149 -0.0117272
1 10.6217 15.5004 -0.0253126 -0.0114097
1 11.7389 15.5008 -0.010782 -0.0160459
1 12.8584 15.5027 0.0100385 -0.0175073
1 13.9787 15.5045 0.0419977 -0.0276431
1 15.1009 15.5064 0.0519953 -0.0375069
1 16.2261 15.5085 0.0408156 -0.0411975
1 17.3519 15.5104 0.0280589 -0.0394605
1 18.4752 15.5113 0.00123881 -0.0324129
1 19.5951 15.5117 -0.0105579 -0.0226376
1 20.7154 15.513 0.00230145 -0.0113993
1 21.8387 15.5136 0.00149525 -0.00674709
1 22.9627 15.5134 -0.00437389 -0.007497
1 24.0851 15.5125 0.000402387 -0.015523
1 25.2046 15.5119 0.00632398 -0.0258934
1 26.3255 15.5113 -0.012628 -0.0358638
1 27.4502 15.5098 -0.0349931 -0.0423132
1 28.5765 15.5079 -0.0512186 -0.0408054
1 29.7001 15.506 -0.0472237 -0.031718
1 30.821 15.5042 -0.0200022 -0.0240662
1 31.9413 15.5024 -0.00612158 -0.0200198
1 33.0601 15.5009 0.00266521 -0.0133939
1 34.1757 15.501 0.0146406 -0.0125289
1 35.2902 15.502 0.0301351 -0.0128763
1 36.4048 15.5035 0.0513598 -0.0131215
1 37.5186 15.5043 0.0495812 -0.0277807
1 38.6306 15.5047 0.0357548 -0.0450219
1 39.7403 15.505 0.031198 -0.0559797
1 40.8485 15.5068 0.0249309 -0.0582784
1 41.9575 15.5098 0.0269746 -0.0576544
1 43.0677 15.5141 0.0337542 -0.0475864
1 44.1863 15.5197 0.0227176 -0.0482721
1 0.0577305 16.4826 -0.0186633 -0.0438083
1 1.17569 16.479 -0.0217493 -0.0541985
1 2.28596 16.4761 -0.0140157 -0.0613227
1 3.39534 16.4735 -0.0178586 -0.0608374
1 4.50447 16.4712 -0.0264293 -0.0497583
1 5.6152 16.4702 -0.0306518 -0.0344883
1 6.7279 16.4693 -0.0416124 -0.0180373
1 7.84157 16.4685 -0.0378401 -0.013467
1 8.95507 16.468 -0.0208304 -0.00997848
1 10.0679 16.4684 -0.00734981 -0.00867424
1 11.1817 16.469 0.0105171 -0.00985701
1 12.2988 16.4701 0.0144171 -0.0165142
1 13.4186 16.4715 0.0316385 -0.0228994
1 14.5403 16.4727 0.0655669 -0.0327662
1 15.6644 16.4735 0.0662928 -0.0407481
1 16.7909 16.475 0.0426154 -0.0418591
1 17.9155 16.4765 0.0146969 -0.032051
1 19.0354 16.4774 -0.0119256 -0.0180383
1 20.1535 16.4785 -0.0027016 -0.0147955
1 21.2754 16.4795 0.00620548 -0.0165387
1 22.4012 16.4797 -0.00152985 -0.0158641
1 23.5255 16.4791 -0.00297236 -0.0147079
1 24.645 16.478 0.00692788 -0.0135501
1 25.7634 16.4773 -0.00266777 -0.0235395
1 26.8862 16.476 -0.0310125 -0.0399936
1 28.0125 16.4745 -0.0464694 -0.0428017
1 29.1382 16.4738 -0.0651627 -0.0368812
1 30.2605 16.4729 -0.0600503 -0.0289244
1 31.381 16.4715 -0.0277852 -0.0186896
1 32.4996 16.4702 0.000660823 -0.0123298
1 33.6148 16.4693 0.0101604 -0.00977863
1 34.7283 16.4688 0.0121495 -0.0121268
1 35.8425 16.4687 0.0269496 -0.0102386
1 36.9565 16.4691 0.0424431 -0.0157141
1 38.0694 16.4704 0.0323886 -0.0264877
1 39.1808 16.4712 0.0254683 -0.0426776
1 40.2902 16.4729 0.0205589 -0.0526989
1 41.3999 16.4754 0.0144322 -0.0627022
1 42.5105 16.478 0.0153241 -0.0588575
1 43.623 16.4809 0.0164627 -0.0489138
1 0.618508 17.4462 -0.0101082 -0.0576498
1 1.73098 17.4445 -0.0117959 -0.0586442
1 2.8422 17.4422 -0.0120035 -0.0518121
1 3.95341 17.4401 -0.0174595 -0.0452907
1 5.06391 17.4381 -0.0191824 -0.0341044
1 6.17491 17.4369 -0.0275112 -0.0189709
1 7.28708 17.4363 -0.0347996 -0.00477124
1 8.4004 17.4373 -0.0190797 0.00061369
1 9.51309 17.4384 -0.00491254 0.0016637
1 10.6252 17.44 -0.00167882 0.00206905
1 11.7399 17.4408 0.0150169 -0.00156914
1 12.8583 17.441 0.0392276 -0.0107359
1 13.9792 17.4414 0.0690554 -0.0207407
1 15.1024 17.4419 0.0756876 -0.0269878
1 16.2281 17.4425 0.0519463 -0.0317199
1 17.3536 17.4441 0.0249157 -0.0251573
1 18.4757 17.4461 -0.00172245 -0.00883702
1 19.5939 17.4476 -0.0077292 -0.00182211
1 20.7134 17.4483 0.00652655 -0.00725168
1 21.8383 17.4476 0.00463165 -0.0113756
1 22.9647 17.4478 -0.00522782 -0.0091475
1 24.0869 17.4479 -0.00451623 -0.00238007
1 25.2049 17.4469 0.00448995 -0.00127429
1 26.3241 17.4454 -0.0118291 -0.0172773
1 27.4479 17.4436 -0.0405102 -0.0299986
1 28.5739 17.4426 -0.068395 -0.0303952
1 29.6987 17.4423 -0.0737934 -0.0248626
1 30.8215 17.4418 -0.0434943 -0.0171907
1 31.9417 17.4417 -0.0239477 -0.004085
1 33.0587 17.4412 -0.0184877 0.00254711
1 34.1718 17.44 -0.00694657 0.00041273
1 35.2832 17.4386 0.0078002 0.00307543
1 36.395 17.4376 0.0211507 -0.00369864
1 37.5076 17.4371 0.0210209 -0.011978
1 38.6199 17.438 0.0210949 -0.0274899
1 39.7306 17.4397 0.0206309 -0.037865
1 40.8405 17.4419 0.00838188 -0.0498103
1 41.9511 17.444 0.00552752 -0.0533826
1 43.0614 17.4459 0.0123303 -0.059882
1 44.1784 17.4472 0.00345791 -0.0471899
1 0.0647346 18.4138 0.0117746 -0.0506337
1 1.18112 18.4132 -0.0061075 -0.055369
1 2.29181 18.4111 -0.00477536 -0.0474084
1 3.40269 18.409 -0.00450803 -0.0380937
1 4.51301 18.4074 -0.0113526 -0.0258212
1 5.6234 18.4059 -0.0125163 -0.0125747
1 6.73461 18.4055 -0.0184688 0.00579193
1 7.84525 18.4068 -0.0132964 0.0198504
1 8.95634 18.4092 0.00150588 0.0270069
1 10.067 18.4114 0.0133883 0.0216363
1 11.18 18.4124 0.0251608 0.0159326
1 12.2976 18.4119 0.0358348 0.00982723
1 13.4186 18.4108 0.0541195 0.00421386
1 14.5414 18.4109 0.0776098 -0.00101442
1 15.666 18.4118 0.0686124 -0.00242061
1 16.7918 18.4133 0.0367367 0.000809281
1 17.9147 18.4154 0.00827028 0.0104254
1 19.0337 18.4174 -0.00584917 0.0235038
1 20.1523 18.418 0.00905694 0.0247757
1 21.2751 18.4172 0.0168074 0.0164699
1 22.4014 18.4167 -0.00434796 0.0150631
1 23.5265 18.4176 -0.0104545 0.0223703
1 24.6467 18.4177 0.000904444 0.0267488
1 25.7647 18.4166 -0.00278396 0.0173589
1 26.8864 18.4145 -0.0262663 0.0054958
1 28.0115 18.4129 -0.0485018 -0.000724158
1 29.1368 18.4119 -0.0763234 -0.00443867
1 30.2601 18.4115 -0.0771695 -0.000850472
1 31.3815 18.4123 -0.0500245 0.0103063
1 32.5006 18.4131 -0.025771 0.0131788
1 33.6157 18.4128 -0.00999435 0.0185605
1 34.7276 18.4112 0.000662916 0.0256022
1 35.8399 18.4087 0.0153183 0.0235228
1 36.9522 18.4067 0.0240509 0.0119782
1 38.0628 18.4066 0.0184715 -0.0023885
1 39.1726 18.4074 0.00945115 -0.0203362
1 40.2828 18.4086 0.0103839 -0.0333932
1 41.3943 18.4105 0.0121829 -0.04283
1 42.5061 18.4129 0.0159043 -0.0524225
1 43.6192 18.4138 0.00292795 -0.0550461
1 0.624538 19.3822 0.00237592 -0.050524
1 1.73818 19.3808 -0.00639977 -0.0448722
1 2.84997 19.3786 -0.00569968 -0.0408701
1 3.96047 19.377 -0.0040062 -0.0268599
1 5.06939 19.3763 -0.00238871 -0.00684676
1 6.17807 19.3759 -0.010171 0.0109863
1 7.28724 19.3774 -0.0183415 0.0266636
1 8.39804 19.3797 -0.00685525 0.0352238
1 9.51017 19.3825 0.0140434 0.0324859
1 10.623 19.384 0.0227791 0.0224686
1 11.7393 19.3838 0.0328965 0.0160037
1 12.8589 19.3819 0.0538802 0.0168421
1 13.9801 19.3807 0.0768448 0.0126899
1 15.103 19.3817 0.0706406 0.0149169
1 16.2279 19.3832 0.0456929 0.018633
1 17.3527 19.3853 0.0259731 0.0220112
1 18.4746 19.3874 0.00228021 0.0294559
1 19.5931 19.3882 -0.00172731 0.0388335
1 20.7132 19.3876 0.0142653 0.0378586
1 21.8383 19.3866 0.00729368 0.0330223
1 22.9646 19.3869 -0.0142632 0.0327916
1 24.0873 19.3879 -0.0121892 0.0378247
1 25.2062 19.3879 0.00254775 0.0347537
1 26.3257 19.3865 -0.00969414 0.0246224
1 27.4489 19.3846 -0.0345338 0.0196189
1 28.5741 19.383 -0.0629457 0.0189845
1 29.6981 19.3818 -0.0795364 0.0169939
1 30.8203 19.3819 -0.0585182 0.0174038
1 31.9413 19.3839 -0.0426152 0.0143551
1 33.0601 19.385 -0.0390921 0.0179067
1 34.1745 19.3842 -0.0289609 0.0289445
1 35.2857 19.3819 -0.0094915 0.0340785
1 36.3964 19.3794 0.010708 0.0322962
1 37.506 19.3775 0.0142729 0.0201232
1 38.6157 19.3767 0.00665689 0.00512105
1 39.7251 19.3771 0.00574083 -0.0199103
1 40.8343 19.3781 0.00326567 -0.0365463
1 41.9446 19.38 0.00610881 -0.0418439
1 43.0556 19.3821 0.00375621 -0.0449281
1 44.172 19.3831 -0.0181887 -0.054977
1 0.0738838 20.3547 0.019714 -0.0562103
1 1.18894 20.3518 0.00496661 -0.041688
1 2.29927 20.3503 0.00681656 -0.0370486
1 3.40886 20.3496 0.00223933 -0.0352532
1 4.51645 20.3494 -0.00820295 -0.022856
1 5.624 20.3497 -0.00691991 -0.000440392
1 6.7327 20.3512 -0.0105647 0.0126315
1 7.84224 20.3533 -0.00549331 0.0195222
1 8.95308 20.3557 0.0161115 0.015228
1 10.0651 20.3574 0.0379419 0.0107264
1 11.1802 20.3579 0.0473873 0.0027772
1 12.2993 20.3573 0.0466891 0.00323631
1 13.42 20.3553 0.0577173 0.00898452
1 14.5413 20.3549 0.077271 0.0101856
1 15.6653 20.3566 0.0652057 0.0129503
1 16.7909 20.359 0.038364 0.0151306
1 17.9138 20.3608 0.00969386 0.0182624
1 19.0335 20.3619 -0.00630292 0.0242112
1 20.1529 20.3617 0.00934795 0.0311043
1 21.2755 20.3608 0.0181999 0.0296938
1 22.4012 20.3604 -0.0055494 0.028405
1 23.5261 20.3613 -0.0121145 0.0302163
1 24.6468 20.362 0.00200058 0.0252644
1 25.7654 20.3615 -0.00304178 0.0175243
1 26.8874 20.3599 -0.0281819 0.0169917
1 28.0124 20.3582 -0.0487582 0.0178172
1 29.1374 20.3564 -0.0740137 0.0128736
1 30.2593 20.3556 -0.0775502 0.00942634
1 31.3795 20.3569 -0.0554753 0.00700861
1 32.4995 20.3585 -0.0364704 0.00129753
1 33.6172 20.3584 -0.0292378 0.00593642
1 34.731 20.3575 -0.0241426 0.0149107
1 35.8438 20.3554 -0.00482292 0.0174956
1 36.9548 20.353 0.0138056 0.0171486
1 38.0632 20.3507 0.00868155 0.0065132
1 39.1707 20.35 0.00243138 -0.012898
1 40.2782 20.3497 0.00192448 -0.0288938
1 41.3874 20.3501 -0.000725986 -0.0382085
1 42.4987 20.3509 0.00256661 -0.0387403
1 43.6125 20.3531 0.00176827 -0.0453319
1 0.632567 21.3258 -0.000631974 -0.0354314
1 1.74443 21.3235 -0.000788428 -0.0368931
1 2.85431 21.3235 0.00623667 -0.0319561
1 3.96268 21.3246 0.00250228 -0.023131
1 5.06904 21.3259 -0.00473589 -0.01134
1 6.17544 21.3274 -0.00689012 -0.00160445
1 7.28393 21.3291 -0.00349268 0.00302714
1 8.39561 21.3309 0.0188359 0.00226392
1 9.50922 21.3325 0.0343236 0.00246697
1 10.6236 21.3334 0.033742 -0.00263688
1 11.7409 21.3339 0.0343026 -0.00191517
1 12.8608 21.3333 0.0528503 0.00409415
1 13.981 21.3323 0.0805197 0.00891039
1 15.1025 21.3326 0.0762837 0.0135868
1 16.2275 21.3346 0.0527052 0.0171449
1 17.3529 21.337 0.0325331 0.0212564
1 18.475 21.3381 0.00392361 0.023741
1 19.5938 21.3378 -0.00310091 0.0287718
1 20.7141 21.3377 0.0154235 0.0354959
1 21.8387 21.3378 0.00855543 0.039286
1 22.964 21.3378 -0.0150334 0.0368219
1 24.0867 21.3379 -0.00896614 0.0305373
1 25.206 21.3383 0.0032502 0.0247904
1 26.3258 21.338 -0.0182141 0.0218809
1 27.4489 21.3362 -0.0439674 0.020493
1 28.5745 21.334 -0.065595 0.017811
1 29.6979 21.3329 -0.082587 0.0119308
1 30.8186 21.3332 -0.0614535 0.00462167
1 31.9394 21.334 -0.0460948 0.000207829
1 33.0587 21.3344 -0.0480003 -0.003397
1 34.174 21.3336 -0.0460164 -0.00186084
1 35.2872 21.3325 -0.0290889 0.00354247
1 36.3994 21.3307 -0.00287851 0.0057682
1 37.5094 21.3286 0.00884978 0.00276919
1 38.6176 21.3268 0.00844406 -0.00644577
1 39.7244 21.3255 0.00676254 -0.015769
1 40.831 21.324 -0.00462644 -0.0271306
1 41.9394 21.3232 -0.0102674 -0.0335412
1 43.0477 21.3243 -0.00585499 -0.0374073
1 44.1608 21.3292 -0.017493 -0.0332546
1 0.0840918 22.3026 0.0166596 -0.0186296
1 1.19567 22.2992 0.00255879 -0.0283285
1 2.30153 22.2985 0.00297962 -0.0230081
1 3.40798 22.2997 0.000535946 -0.0142776
1 4.51449 22.3017 -0.00507246 -0.00284214
1 5.6216 22.3033 -0.00140798 -0.00408344
1 6.73051 22.3046 -0.00514626 -0.0037167
1 7.84128 22.3054 0.0100787 -0.000246588
1 8.95344 22.3063 0.0354034 0.00691206
1 10.0663 22.3075 0.0466374 0.00480877
1 11.1818 22.3087 0.0472258 0.00485469
1 12.301 22.3087 0.0473821 0.00526152
1 13.4217 22.3084 0.0627335 0.0122447
1 14.5426 22.3081 0.0851954 0.0258878
1 15.6657 22.3088 0.0761478 0.0303734
1 16.7909 22.3108 0.0534865 0.0330928
1 17.9147 22.312 0.0264529 0.040454
1 19.0349 22.3117 0.00372187 0.043996
1 20.1534 22.3115 0.0103313 0.0495945
1 21.2753 22.312 0.0128117 0.0560003
1 22.4011 22.3124 -0.00664947 0.0586741
1 23.5262 22.312 -0.0138947 0.0546664
1 24.646 22.3119 -0.0046325 0.0458057
1 25.7644 22.3125 -0.0131582 0.0411012
1 26.887 22.3121 -0.0377903 0.0372086
1 28.0122 22.3103 -0.0578197 0.0323556
1 29.1366 22.3086 -0.0826789 0.0290245
1 30.2582 22.3085 -0.0846733 0.0180824
1 31.3783 22.3088 -0.0602509 0.00813436
1 32.4979 22.3093 -0.0409223 0.0071035
1 33.6153 22.3089 -0.0368666 0.00259161
1 34.7298 22.3075 -0.0364006 0.00467383
1 35.844 22.3064 -0.0194316 0.00376358
1 36.9565 22.3053 0.00145687 -0.000522635
1 38.0659 22.3045 0.00192341 -0.00284035
1 39.1732 22.3026 -0.00178396 -0.00114163
1 40.2793 22.3008 -0.00106404 -0.00835537
1 41.3861 22.2987 -0.00242802 -0.0183728
1 42.4938 22.2985 0.00263015 -0.027613
1 43.6036 22.3006 0.000425988 -0.0238283
1 0.637966 23.2762 -0.00189705 -0.00783309
1 1.74654 23.2754 -0.0125954 -0.0101944
1 2.85281 23.2756 -0.00850378 -0.00493119
1 3.95921 23.2765 -0.00109154 -0.00133642
1 5.06591 23.2774 0.0106092 -0.00190605
1 6.17392 23.278 0.00655129 -0.00278132
1 7.28451 23.2781 0.00164384 -0.00410405
1 8.39714 23.2783 0.0169741 -0.00139301
1 9.51047 23.2786 0.0334641 0.00309019
1 10.6245 23.2794 0.0379943 0.00217868
1 11.7423 23.2799 0.0485122 0.0029682
1 12.8623 23.2797 0.0653901 0.00653943
1 13.9823 23.2795 0.0873568 0.0113585
1 15.1033 23.2796 0.0867128 0.0169441
1 16.2275 23.2802 0.0659497 0.0216887
1 17.3533 23.2807 0.0472224 0.0221931
1 18.4761 23.2807 0.0206225 0.0237579
1 19.5941 23.2806 0.00834223 0.0284001
1 20.7134 23.2808 0.0151771 0.0327866
1 21.8385 23.281 0.00373663 0.0328749
1 22.9649 23.2811 -0.0150095 0.0313987
1 24.0871 23.2811 -0.0149073 0.0307903
1 25.2051 23.2812 -0.0077239 0.0277606
1 26.3248 23.2813 -0.0306732 0.0239751
1 27.4487 23.2811 -0.0570927 0.0218633
1 28.5744 23.2803 -0.0788854 0.0185945
1 29.6969 23.2798 -0.0892489 0.0138741
1 30.8172 23.2799 -0.0642193 0.00827357
1 31.9381 23.2802 -0.054612 0.00303104
1 33.0581 23.2801 -0.0560821 0.00284684
1 34.1739 23.2795 -0.0511954 0.00654475
1 35.2861 23.2791 -0.0337667 0.00392962
1 36.3981 23.2787 -0.0144125 -0.00387821
1 37.5093 23.2786 -0.00722663 -0.00201994
1 38.6197 23.278 -0.0101474 -0.00108771
1 39.7275 23.2771 0.000913703 0.00143308
1 40.8333 23.276 0.00286586 -0.00253228
1 41.9382 23.2755 0.00125337 -0.00804286
1 43.0424 23.2754 -0.00198114 -0.0118695
1 44.1529 23.276 -0.0203049 -0.00934548
1 0.0868573 24.2513 0.0181623 0.00973777
1 1.19741 24.2523 0.00240646 0.0113854
1 2.30171 24.2524 -0.000887506 0.00849522
1 3.40674 24.2521 -0.00271561 0.00309415
1 4.51275 24.2509 -0.000628117 -0.000629678
1 5.62057 24.25 0.00940471 0.00148169
1 6.731 24.2495 0.00609973 0.00161663
1 7.84211 24.2493 0.0141668 0.00313543
1 8.95389 24.2489 0.032029 -0.00332461
1 10.066 24.2484 0.0488602 -0.00627106
1 11.1815 24.2479 0.0550907 -0.0023117
1 12.3015 24.2479 0.0540051 -0.00307899
1 13.4224 24.2483 0.0639509 -0.00830067
1 14.5428 24.2484 0.0874452 -0.01287
1 15.6654 24.2477 0.0807141 -0.0172379
1 16.7912 24.2467 0.0605138 -0.0208975
1 17.9153 24.2465 0.0332086 -0.0237343
1 19.0351 24.2467 0.00663723 -0.0282235
1 20.1531 24.2468 0.0141296 -0.032364
1 21.2751 24.2468 0.0149293 -0.0331662
1 22.4015 24.2469 -0.00427589 -0.0335042
1 23.5268 24.247 -0.0142468 -0.0340119
1 24.6462 24.2472 -0.00920027 -0.0288557
1 25.7641 24.2472 -0.0206831 -0.0239988
1 26.8866 24.2472 -0.0473512 -0.0215718
1 28.0122 24.2476 -0.0654254 -0.0208457
1 29.1365 24.2484 -0.0874795 -0.0160767
1 30.2575 24.2486 -0.0868033 -0.0107499
1 31.3774 24.2484 -0.0662611 -0.0062526
1 32.4973 24.2482 -0.0495394 -0.00237067
1 33.6152 24.2486 -0.0389555 -0.0014889
1 34.7294 24.2494 -0.0323579 -0.00285716
1 35.8428 24.2496 -0.015407 0.00155659
1 36.9556 24.25 -0.000814625 0.00419339
1 38.0662 24.25 -0.00603131 0.00268484
1 39.1744 24.2507 -0.0111692 0.00223151
1 40.281 24.2516 0.00240875 0.00185308
1 41.3872 24.2525 0.00959 0.00599926
1 42.4934 24.2524 0.0137056 0.0109146
1 43.6021 24.2512 -3.91628e-05 0.00851958
1 0.636077 25.2268 -0.00196875 0.0239416
1 1.74572 25.2291 -0.00250753 0.0268493
1 2.85355 25.229 0.00318482 0.0175663
1 3.96074 25.227 0.00293675 0.00827875
1 5.06709 25.2252 0.00214666 0.000422242
1 6.17431 25.2234 -0.000419488 0.0020239
1 7.28376 25.2226 -0.000128074 -0.000205758
1 8.39611 25.2216 0.0208044 -0.00419771
1 9.50998 25.2204 0.0371621 -0.00468493
1 10.6244 25.219 0.0364214 -0.00260833
1 11.7416 25.2186 0.0400166 -0.00624124
1 12.8613 25.2191 0.0592055 -0.00729792
1 13.9816 25.2195 0.0842201 -0.017117
1 15.1033 25.2192 0.0822622 -0.0277071
1 16.2278 25.2175 0.0599822 -0.0303799
1 17.353 25.2156 0.0391613 -0.036007
1 18.4758 25.2152 0.0143847 -0.0403354
1 19.5943 25.2158 0.00427461 -0.0451297
1 20.714 25.2158 0.0144333 -0.0539093
1 21.8388 25.2154 0.00632057 -0.0582952
1 22.9648 25.2156 -0.0129017 -0.0536061
1 24.087 25.2161 -0.0115973 -0.0488955
1 25.2052 25.2159 -0.00533597 -0.0434707
1 26.3252 25.2157 -0.0262006 -0.0392659
1 27.4489 25.2169 -0.0517194 -0.0327092
1 28.574 25.2189 -0.0750361 -0.029436
1 29.697 25.2198 -0.0863324 -0.0247785
1 30.8179 25.2196 -0.0627287 -0.0107589
1 31.9385 25.2193 -0.0476583 -0.00431636
1 33.0579 25.2193 -0.048171 -0.00454097
1 34.1735 25.2205 -0.0494693 -0.00485344
1 35.2865 25.2216 -0.0375279 -0.00721513
1 36.3988 25.2225 -0.0102038 0.000476025
1 37.5097 25.2233 0.00436839 0.00328948
1 38.6187 25.2246 0.000479511 0.00334924
1 39.7258 25.2262 0.00335755 0.00173988
1 40.8323 25.2282 -0.00151442 0.014638
1 41.9388 25.2292 -0.0027731 0.0230076
1 43.0445 25.2282 0.000111528 0.0288008
1 44.1559 25.2248 -0.0164343 0.0191487
1 0.078973 26.1983 0.0152842 0.0334112
1 1.19196 26.2031 0.00611852 0.0375662
1 2.3004 26.2042 0.00889037 0.0334392
1 3.40894 26.2034 0.00386067 0.0266047
1 4.51568 26.202 -0.00647273 0.0158753
1 5.62263 26.2007 -0.00797606 0.00652141
1 6.73085 26.199 -0.00954726 -0.00226626
1 7.84081 26.1971 0.00283019 -0.00530388
1 8.95287 26.1952 0.0270942 -0.00217965
1 10.0659 26.194 0.0432764 0.00328484
1 11.181 26.1932 0.0472936 0.00411818
1 12.3 26.1936 0.0457153 0.000933383
1 13.4209 26.1944 0.0605821 -0.0042237
1 14.5419 26.1946 0.0817557 -0.01114
1 15.6655 26.1935 0.0678077 -0.0165987
1 16.7913 26.1911 0.0466378 -0.0189143
1 17.9143 26.1893 0.0190026 -0.0217538
1 19.0341 26.1891 -0.00447057 -0.0239614
1 20.1535 26.1896 0.00925124 -0.0293866
1 21.2761 26.1897 0.0163482 -0.0350122
1 22.4014 26.1897 -0.00776973 -0.0381813
1 23.5261 26.1897 -0.0144232 -0.0343065
1 24.6465 26.1895 0.00236109 -0.027551
1 25.765 26.1892 -0.00487828 -0.0230041
1 26.8869 26.1904 -0.0340758 -0.0202697
1 28.0122 26.1927 -0.0522988 -0.0171668
1 29.1372 26.1948 -0.0768308 -0.0125695
1 30.2586 26.1951 -0.0797691 -0.00747186
1 31.3788 26.1944 -0.0535745 -0.00273656
1 32.4987 26.1938 -0.034963 0.00234215
1 33.6162 26.1943 -0.034252 0.00402608
1 34.7306 26.1952 -0.0337359 -0.00198627
1 35.8444 26.1967 -0.0178637 -0.00136421
1 36.9562 26.1986 0.00472201 -0.00246112
1 38.0647 26.2002 0.00767871 0.0021374
1 39.1713 26.2017 0.00405486 0.011907
1 40.2777 26.2029 -0.00222193 0.0233768
1 41.3859 26.204 -0.00578456 0.0326968
1 42.4957 26.2039 0.00207009 0.0372821
1 43.6076 26.2015 0.0015493 0.0352591
1 0.627346 27.1742 -0.00136439 0.0442528
1 1.7411 27.1761 -0.00245844 0.0396705
1 2.85247 27.177 0.000365253 0.0384811
1 3.96192 27.1775 -0.00177056 0.0296057
1 5.06957 27.1773 -0.00262226 0.014048
1 6.17679 27.1766 -0.00746981 -0.00392722
1 7.2852 27.1743 -0.0121692 -0.0148966
1 8.3962 27.172 0.00693429 -0.0159577
1 9.50877 27.1698 0.026085 -0.0137864
1 10.6225 27.1689 0.0294419 -0.00562854
1 11.74 27.1688 0.0359109 -0.000177533
1 12.86 27.1703 0.053946 -0.00606968
1 13.9804 27.1717 0.0763751 -0.008031
1 15.1025 27.1707 0.0727557 -0.011723
1 16.2277 27.1688 0.0494735 -0.0160491
1 17.3527 27.1671 0.027664 -0.0166432
1 18.4747 27.1656 0.00341599 -0.016814
1 19.5936 27.1652 -0.0023228 -0.024379
1 20.7141 27.1658 0.0138731 -0.0286989
1 21.839 27.1667 0.00630545 -0.0270644
1 22.9646 27.1664 -0.0166507 -0.0281475
1 24.0873 27.1654 -0.011075 -0.0293375
1 25.2064 27.1651 0.00454839 -0.0226424
1 26.326 27.1663 -0.0101274 -0.01624
1 27.4489 27.1681 -0.0364188 -0.0143666
1 28.5743 27.1704 -0.0630473 -0.0121698
1 29.6981 27.1722 -0.0767554 -0.00921085
1 30.8194 27.1719 -0.0567147 -0.00756273
1 31.9401 27.17 -0.0464977 -0.00274548
1 33.0596 27.1694 -0.0479531 -0.00221026
1 34.1749 27.1699 -0.0408713 -0.010137
1 35.2871 27.1716 -0.0186431 -0.0146792
1 36.3981 27.174 0.00476545 -0.0183029
1 37.5077 27.1761 0.00938634 -0.0108047
1 38.6164 27.1775 0.00641517 0.00250124
1 39.7239 27.1777 0.00810653 0.0247981
1 40.8314 27.1775 -0.00185504 0.036883
1 41.9408 27.1768 -0.00709061 0.0385003
1 43.0511 27.1756 -0.00447373 0.0417769
1 44.1661 27.1725 -0.02081 0.0552731
1 0.0680901 28.1445 0.0191534 0.0531522
1 1.18444 28.1451 -0.0023199 0.0438231
1 2.29545 28.1472 -0.00609347 0.0404901
1 3.40581 28.149 -0.00360289 0.0349792
1 4.51523 28.1501 -0.0078214 0.0192868
1 5.62454 28.1507 -0.00814919 -0.00470674
1 6.73422 28.15 -0.0151711 -0.0192396
1 7.84387 28.1481 -0.0100041 -0.0316346
1 8.95443 28.1455 0.00793323 -0.0339207
1 10.0654 28.1432 0.0263713 -0.0289117
1 11.1796 28.1424 0.0382482 -0.0185676
1 12.2982 28.1435 0.042575 -0.0145119
1 13.4192 28.1454 0.0590619 -0.0174721
1 14.5416 28.1455 0.0799117 -0.0164069
1 15.6658 28.1442 0.0652381 -0.0183698
1 16.7911 28.1425 0.0357961 -0.0188556
1 17.9143 28.1407 0.00959202 -0.0253501
1 19.034 28.1394 -0.00443125 -0.0340946
1 20.1529 28.1394 0.0111413 -0.036935
1 21.2755 28.1403 0.0152799 -0.032094
1 22.4017 28.1407 -0.00740328 -0.0323113
1 23.527 28.1397 -0.0144442 -0.0373278
1 24.6471 28.139 -5.23502e-05 -0.0375817
1 25.7654 28.1397 -0.00332213 -0.0277208
1 26.8872 28.142 -0.0257943 -0.0209437
1 28.0118 28.144 -0.0444248 -0.0192954
1 29.1366 28.1455 -0.0710995 -0.0150083
1 30.2594 28.1465 -0.0777276 -0.0127626
1 31.3806 28.1454 -0.0550659 -0.0175872
1 32.5003 28.1435 -0.0326166 -0.0165467
1 33.6167 28.1433 -0.0220005 -0.0230132
1 34.7297 28.1449 -0.0124217 -0.0328514
1 35.8421 28.1476 0.00860798 -0.0358926
1 36.9531 28.1499 0.0193205 -0.0263008
1 38.0623 28.1513 0.0112786 -0.0105229
1 39.171 28.151 0.00310778 0.00797063
1 40.2797 28.1502 0.00561428 0.0270478
1 41.3899 28.1485 0.0057906 0.0404198
1 42.5017 28.1466 0.00643678 0.0439287
1 43.6155 28.1453 -0.00275859 0.0496644
1 0.621064 29.1136 -0.00153177 0.0542765
1 1.73403 29.1144 -0.0146822 0.0510305
1 2.84577 29.1166 -0.0126943 0.040992
1 3.95736 29.1186 -0.0116285 0.0310686
1 5.06766 29.12 -0.0117174 0.0183454
1 6.17735 29.1209 -0.0197558 0.00123845
1 7.288 29.1208 -0.0236731 -0.0136325
1 8.4002 29.1188 -0.0143691 -0.0232892
1 9.51225 29.1164 0.000983462 -0.0261436
1 10.624 29.1146 0.0103059 -0.0186171
1 11.7391 29.1142 0.0262 -0.0141851
1 12.8582 29.115 0.0490297 -0.0109102
1 13.9797 29.1158 0.0762152 -0.00013063
1 15.1031 29.1153 0.0757011 0.0037496
1 16.2285 29.1143 0.0500713 0.000825953
1 17.3537 29.1127 0.0261846 -0.00642452
1 18.4754 29.1107 0.00244735 -0.0188003
1 19.5937 29.1095 -0.00334805 -0.0275198
1 20.7138 29.1097 0.011555 -0.0224163
1 21.8388 29.1104 0.00452989 -0.0157296
1 22.965 29.11 -0.0147863 -0.0177416
1 24.0878 29.1092 -0.00983159 -0.0254494
1 25.2063 29.1098 0.0041412 -0.0237765
1 26.3252 29.1119 -0.00829314 -0.0106157
1 27.448 29.1141 -0.0344342 -0.00217533
1 28.5736 29.1154 -0.0660443 0.000760137
1 29.698 29.1163 -0.0771496 -0.000374197
1 30.8207 29.1164 -0.053786 -0.00466598
1 31.9418 29.1153 -0.0355317 -0.0109329
1 33.0598 29.115 -0.0257478 -0.0161884
1 34.1731 29.116 -0.0155866 -0.0220265
1 35.284 29.1182 -0.00357737 -0.0277284
1 36.3952 29.1205 0.0138138 -0.0208076
1 37.5059 29.1218 0.0175482 -0.00657278
1 38.6169 29.1214 0.0131824 0.011877
1 39.7273 29.1198 0.0124596 0.024474
1 40.8374 29.1182 0.00589868 0.0369908
1 41.9482 29.1161 0.00544024 0.0463538
1 43.0589 29.1142 0.00647781 0.0544455
1 44.1754 29.1138 -0.0136744 0.0500305
1 0.061951 30.0802 -0.00317554 0.0476106
1 1.17883 30.0815 -0.0105407 0.0592797
1 2.2891 30.0832 -0.00450152 0.0531802
1 3.39953 30.0853 -0.00790917 0.050089
1 4.50955 30.0876 -0.021841 0.0378902
1 5.62024 30.0893 -0.0227971 0.0268115
1 6.73274 30.0902 -0.0233181 0.011
1 7.84525 30.0899 -0.0214659 0.00306859
1 8.957 30.0889 -0.0105686 -0.00361553
1 10.0682 30.0875 0.00418078 -0.000665496
1 11.1812 30.0862 0.0177253 -0.00256187
1 12.2979 30.0856 0.0239998 0.00496671
1 13.4181 30.0854 0.0444982 0.0172651
1 14.541 30.085 0.0748497 0.0251562
1 15.6659 30.0846 0.071652 0.0303774
1 16.7922 30.0835 0.0428221 0.029465
1 17.916 30.0819 0.0122974 0.0157137
1 19.0352 30.0804 -0.00635008 2.76425e-05
1 20.1532 30.0793 0.00374753 0.0013914
1 21.2753 30.0793 0.00727513 0.00823177
1 22.4017 30.0795 -0.00469942 0.0108384
1 23.5268 30.0789 -0.00770079 0.0064313
1 24.6463 30.0795 0.00504304 0.00073583
1 25.7643 30.0811 0.000615006 0.00831307
1 26.8863 30.0833 -0.0236061 0.0238887
1 28.0117 30.0848 -0.0496599 0.029905
1 29.1374 30.0853 -0.0759378 0.0264064
1 30.2604 30.0857 -0.0704698 0.0205535
1 31.3813 30.0862 -0.0404931 0.0110677
1 32.4997 30.0864 -0.0143569 0.00207308
1 33.6147 30.0872 0.00146013 -0.00286225
1 34.7269 30.0888 0.00616921 -0.00134546
1 35.8398 30.09 0.0199207 -0.000807177
1 36.9532 30.0909 0.0349191 0.00491867
1 38.0653 30.0904 0.0280087 0.0185891
1 39.1763 30.0892 0.0203596 0.0343959
1 40.2867 30.0871 0.0187448 0.0458898
1 41.3977 30.0849 0.0120401 0.0518143
1 42.509 30.0828 0.012332 0.0587247
1 43.6216 30.0813 0.0104036 0.0579383
1 0.617254 31.0467 -0.0149942 0.0479841
1 1.72971 31.0495 -0.0154315 0.05832
1 2.84012 31.0522 -0.0150956 0.06262
1 3.94982 31.0547 -0.0195269 0.0523418
1 5.05933 31.0562 -0.0246661 0.0412693
1 6.17067 31.057 -0.0325088 0.0255535
1 7.28361 31.0584 -0.0430098 0.0147567
1 8.39754 31.0589 -0.0273403 0.00992043
1 9.51147 31.0589 -0.011639 0.0110103
1 10.6249 31.0583 -0.0105791 0.0100944
1 11.74 31.0573 0.000379791 0.0127694
1 12.8587 31.0559 0.0272445 0.0189529
1 13.9793 31.0545 0.0596562 0.0288586
1 15.1018 31.0536 0.0651653 0.0367997
1 16.2276 31.0528 0.0494163 0.0425553
1 17.3539 31.0514 0.0329087 0.0392252
1 18.4767 31.0502 0.00214528 0.0227713
1 19.5952 31.0495 -0.00995621 0.0129795
1 20.7147 31.0483 0.00246775 0.0136271
1 21.8389 31.0476 0.00245479 0.0143023
1 22.9645 31.0478 -0.0042905 0.0156087
1 24.0866 31.0487 0.0012853 0.0145871
1 25.2047 31.0499 0.00963801 0.017122
1 26.3246 31.051 -0.0139004 0.031063
1 27.4491 31.0526 -0.0400177 0.0406096
1 28.5754 31.0539 -0.0636638 0.0396432
1 29.6995 31.0546 -0.0654785 0.0322922
1 30.8209 31.0558 -0.0317832 0.023236
1 31.9408 31.0572 -0.015142 0.0163497
1 33.0582 31.0584 -0.0120125 0.0101833
1 34.1721 31.059 0.00315954 0.0086586
1 35.2851 31.0594 0.0179764 0.010086
1 36.3987 31.0589 0.0389222 0.0142404
1 37.5124 31.0582 0.041406 0.0181343
1 38.625 31.0573 0.0310279 0.0332421
1 39.7358 31.0562 0.0268378 0.0491389
1 40.8448 31.054 0.0188576 0.060922
1 41.954 31.0512 0.0136262 0.0613969
1 43.0643 31.0485 0.0217154 0.0536637
1 44.1825 31.045 0.0178071 0.0422435
1 0.05405 32.0078 -0.0233899 0.0479589
1 1.17244 32.0134 -0.0341245 0.0479087
1 2.28252 32.018 -0.028126 0.0567992
1 3.39158 32.021 -0.0230995 0.0576679
1 4.49986 32.0227 -0.0298632 0.0554765
1 5.60955 32.0228 -0.0343199 0.0439856
1 6.72157 32.0233 -0.0496177 0.0273146
1 7.83531 32.0242 -0.0510049 0.0127116
1 8.94979 32.0258 -0.0321084 0.0131552
1 10.0642 32.0267 -0.0184057 0.0130532
1 11.1797 32.0268 -0.00368966 0.0139373
1 12.2984 32.0251 0.0064777 0.0205964
1 13.4186 32.0234 0.0213043 0.0242308
1 14.5396 32.0216 0.0478793 0.031288
1 15.6635 32.0197 0.053755 0.0407428
1 16.7899 32.0177 0.037493 0.0422631
1 17.9147 32.0163 0.0138417 0.0362046
1 19.0356 32.0158 -0.00777988 0.0268123
1 20.1551 32.0151 -0.00114791 0.0156307
1 21.2773 32.0141 0.0058655 0.00746249
1 22.4013 32.0138 -0.00158299 0.00670743
1 23.5247 32.0144 -0.00515899 0.0111131
1 24.6452 32.0156 0.00691278 0.0217041
1 25.7649 32.0163 -0.00143187 0.0318107
1 26.8882 32.0172 -0.0259561 0.0387177
1 28.0139 32.0192 -0.0386071 0.0403468
1 29.1391 32.0211 -0.0530415 0.0370866
1 30.2611 32.0229 -0.0435814 0.0275958
1 31.3812 32.0247 -0.0108646 0.0180949
1 32.5007 32.0266 0.0108541 0.0165815
1 33.618 32.0271 0.0241496 0.0127451
1 34.7333 32.0263 0.0311387 0.0135364
1 35.8491 32.0253 0.0414635 0.0122845
1 36.9643 32.0242 0.0550921 0.0214799
1 38.0767 32.0236 0.0431715 0.0357222
1 39.1868 32.0234 0.0308425 0.0509323
1 40.2955 32.0227 0.0276273 0.0559657
1 41.4046 32.0201 0.0283238 0.0628338
1 42.5144 32.0162 0.0348716 0.0538395
1 43.627 32.0112 0.0317052 0.0377685
1 0.607063 32.9746 -0.0393417 0.037983
1 1.71948 32.9815 -0.0447055 0.0532005
1 2.83006 32.9862 -0.0404672 0.0575267
1 3.93957 32.9892 -0.0388875 0.0576913
1 5.04777 32.9904 -0.0294699 0.0599111
1 6.15645 32.9897 -0.0371887 0.0502398
1 7.26746 32.9885 -0.057149 0.0346884
1 8.38188 32.9892 -0.0531453 0.0201151
1 9.49854 32.9908 -0.0464318 0.0128117
1 10.6157 32.9923 -0.0425224 0.00966254
1 11.7349 32.9923 -0.0239717 0.0163113
1 12.8558 32.991 0.000529033 0.0167899
1 13.9767 32.9893 0.0268611 0.0251877
1 15.0995 32.9864 0.0386029 0.0347401
1 16.2247 32.9837 0.0307976 0.0386194
1 17.35 32.9813 0.0182925 0.041164
1 18.474 32.9796 -0.00345352 0.0396247
1 19.5953 32.9793 -0.00671895 0.0295416
1 20.7165 32.9794 0.00851821 0.0121352
1 21.8396 32.9795 0.00354321 0.00227889
1 22.9629 32.9795 -0.00995866 0.00828881
1 24.0856 32.9794 -0.00243634 0.0208499
1 25.2063 32.9795 0.0115535 0.0322441
1 26.3283 32.9806 -0.00549075 0.0399255
1 27.4529 32.9828 -0.0250916 0.0388431
1 28.5781 32.9855 -0.0336111 0.0345126
1 29.7019 32.9884 -0.0315821 0.0325122
1 30.824 32.9906 -0.00579934 0.0208991
1 31.9451 32.9919 0.0114501 0.0137237
1 33.0661 32.9927 0.0204394 0.0124957
1 34.1842 32.9918 0.0341342 0.0134898
1 35.3001 32.9902 0.0500195 0.0170315
1 36.4149 32.9889 0.0543806 0.0237813
1 37.5277 32.9893 0.0483105 0.0398394
1 38.6385 32.9903 0.0395836 0.0536428
1 39.7471 32.9907 0.0443425 0.0638665
1 40.8551 32.9885 0.044832 0.0571676
1 41.9644 32.9847 0.0477207 0.0534633
1 43.0747 32.9785 0.0550909 0.0468537
1 44.1928 32.9711 0.0377883 0.0361138
1 0.0396023 33.9339 -0.0463414 0.0250924
1 1.15737 33.9431 -0.0587646 0.0484142
1 2.26795 33.9497 -0.0544312 0.0580737
1 3.37743 33.9546 -0.0554409 0.0664007
1 4.48627 33.9575 -0.0533133 0.064839
1 5.59576 33.9581 -0.0386163 0.0654521
1 6.70577 33.9563 -0.0384671 0.063898
1 7.81655 33.9544 -0.0425598 0.0543392
1 8.93004 33.9541 -0.0467806 0.0375115
1 10.0458 33.9552 -0.0455824 0.0209649
1 11.1651 33.9563 -0.0320283 0.0163808
1 12.2879 33.9564 -0.0185363 0.0170372
1 13.4109 33.9555 -0.00380825 0.0246188
1 14.5344 33.9532 0.0226803 0.0361742
1 15.6591 33.9499 0.0289072 0.0387759
1 16.7849 33.9464 0.0144442 0.0404025
1 17.9101 33.9432 -0.00242787 0.046786
1 19.0326 33.9417 -0.0127228 0.0422959
1 20.1539 33.9424 0.00701912 0.023408
1 21.2772 33.944 0.0177591 0.0144093
1 22.4013 33.9445 -0.00172713 0.0126761
1 23.5253 33.9435 -0.0145265 0.0189168
1 24.6476 33.942 0.00324761 0.0327033
1 25.7689 33.9423 0.0106761 0.0438634
1 26.893 33.945 -0.00826528 0.0442784
1 28.019 33.9485 -0.0173695 0.0388953
1 29.1445 33.9519 -0.024767 0.0358826
1 30.2683 33.9549 -0.019786 0.0305085
1 31.3909 33.9564 0.00623889 0.0200534
1 32.513 33.9566 0.0375174 0.0158738
1 33.6341 33.9558 0.0502602 0.0174504
1 34.7524 33.9546 0.0486898 0.028034
1 35.8692 33.9543 0.0536361 0.043172
1 36.9824 33.9557 0.0524511 0.0588424
1 38.0923 33.9576 0.0409662 0.0669288
1 39.2011 33.9584 0.0409576 0.0652657
1 40.3097 33.9569 0.056681 0.0645734
1 41.4193 33.953 0.0596009 0.0633061
1 42.5303 33.9471 0.0626446 0.0530723
1 43.6427 33.9383 0.0584931 0.0388091
1 0.588395 34.9026 -0.0663468 0.0352246
1 1.70103 34.912 -0.0684869 0.0516513
1 2.81156 34.9189 -0.06436 0.0596057
1 3.922 34.9225 -0.0618249 0.0555353
1 5.03209 34.9249 -0.0536725 0.0531786
1 6.14227 34.9252 -0.0466514 0.0580311
1 7.25238 34.9235 -0.0433994 0.0634739
1 8.36428 34.9204 -0.0344488 0.0590211
1 9.47895 34.9182 -0.0342084 0.0361583
1 10.5966 34.918 -0.0399677 0.0201963
1 11.7183 34.9186 -0.0314817 0.0103585
1 12.8418 34.9192 -0.0116082 0.0114423
1 13.9657 34.9181 0.0149615 0.0247787
1 15.0915 34.9151 0.0253599 0.0283714
1 16.2183 34.9111 0.0162921 0.0330768
1 17.345 34.9067 0.00603065 0.0408961
1 18.4697 34.9038 -0.00699608 0.0387649
1 19.5916 34.9035 0.00164849 0.0273169
1 20.7139 34.9057 0.0209947 0.0165121
1 21.8392 34.9079 0.00744871 0.015538
1 22.965 34.9075 -0.0154232 0.0169664
1 24.089 34.905 -0.0163879 0.0224686
1 25.2103 34.9034 0.00328291 0.0333105
1 26.3326 34.905 0.00439712 0.0385632
1 27.4584 34.9091 -0.011776 0.0373032
1 28.5854 34.9134 -0.0231873 0.0284244
1 29.7115 34.9169 -0.0167803 0.0270311
1 30.8365 34.919 0.00463214 0.0211648
1 31.9611 34.9192 0.0189872 0.0102112
1 33.085 34.9186 0.0305363 0.011304
1 34.2045 34.9184 0.029308 0.0252491
1 35.3195 34.9189 0.0306217 0.0458308
1 36.4322 34.9215 0.0342382 0.0608149
1 37.543 34.9243 0.0397636 0.0572956
1 38.6537 34.9257 0.0479023 0.0564257
1 39.764 34.9244 0.05715 0.053977
1 40.8737 34.9215 0.0624021 0.0564566
1 41.9839 34.9158 0.0656757 0.0512627
1 43.095 34.9078 0.0708564 0.0465227
1 44.213 34.8952 0.0586981 0.0331872
1 0.0171116 35.8595 -0.0670226 0.0428089
1 1.1354 35.8724 -0.0828437 0.051531
1 2.24701 35.8809 -0.0731891 0.0508518
1 3.35843 35.8864 -0.0641635 0.0522005
1 4.46844 35.8895 -0.0603643 0.0509184
1 5.57975 35.8911 -0.0536181 0.0456228
1 6.69245 35.8908 -0.0469118 0.0466574
1 7.8047 35.8888 -0.032401 0.0589957
1 8.91721 35.8847 -0.0179223 0.0564901
1 10.0308 35.8816 -0.0122379 0.0342914
1 11.1487 35.8802 -0.012508 0.0160598
1 12.2717 35.8804 -0.0135843 0.00544625
1 13.3968 35.8802 -6.59431e-05 0.0113253
1 14.5236 35.8782 0.021269 0.0188015
1 15.6518 35.8748 0.0252213 0.0211174
1 16.7801 35.8703 0.0180405 0.0312908
1 17.9064 35.866 0.0100747 0.0336464
1 19.0288 35.8645 0.00165862 0.0250371
1 20.1501 35.8663 0.0207322 0.0187308
1 21.2749 35.8691 0.0257035 0.0205617
1 22.4022 35.8701 -0.00456592 0.0180315
1 23.5285 35.8684 -0.027707 0.0189267
1 24.6513 35.8656 -0.0177471 0.0231032
1 25.7728 35.865 -0.00665215 0.0277294
1 26.8973 35.868 -0.0130085 0.0308814
1 28.0251 35.8727 -0.0165148 0.027643
1 29.1537 35.8765 -0.0231981 0.0188038
1 30.2809 35.8795 -0.0144618 0.0122668
1 31.4061 35.8806 0.00957592 0.00892043
1 32.53 35.8802 0.0229001 0.0115714
1 33.6509 35.8807 0.0201852 0.0225581
1 34.7675 35.8829 0.0147882 0.0422755
1 35.8822 35.8866 0.0296606 0.0581154
1 36.9951 35.89 0.0458693 0.0548674
1 38.1063 35.8916 0.0485962 0.0489257
1 39.2177 35.8911 0.0537001 0.043784
1 40.3287 35.8882 0.0614545 0.0497101
1 41.4405 35.8844 0.0651298 0.0538918
1 42.5528 35.8774 0.073262 0.055186
1 43.6664 35.8672 0.0775041 0.0449501
1 0.56379 36.8326 -0.0823632 0.0589685
1 1.67827 36.8427 -0.0768018 0.0576505
1 2.79191 36.849 -0.0696389 0.0577457
1 3.90453 36.8534 -0.0636391 0.054177
1 5.01634 36.8555 -0.052654 0.050426
1 6.12872 36.856 -0.052589 0.0506726
1 7.24168 36.8552 -0.0544075 0.0490058
1 8.35607 36.8527 -0.0346548 0.0539772
1 9.47093 36.8482 -0.0114866 0.0502952
1 10.5864 36.8444 -0.00708691 0.0379307
1 11.7053 36.8421 -0.0139678 0.024104
1 12.8288 36.8407 -0.00678971 0.0141223
1 13.9547 36.839 0.0148995 0.0129984
1 15.0831 36.8364 0.0172553 0.0142045
1 16.2131 36.8326 0.0128645 0.0214668
1 17.3416 36.8283 0.0161821 0.0260522
1 18.4661 36.8255 0.00868957 0.0197722
1 19.5878 36.826 0.0189108 0.0187211
1 20.711 36.8288 0.0308881 0.0248603
1 21.8385 36.8308 0.00799782 0.0268053
1 22.9671 36.8303 -0.0181957 0.0252571
1 24.0925 36.8279 -0.0256045 0.0193114
1 25.2141 36.8257 -0.0173474 0.0178767
1 26.3362 36.8265 -0.0137227 0.0237731
1 27.4626 36.8303 -0.0133054 0.0232539
1 28.5923 36.8344 -0.0183564 0.0166656
1 29.7214 36.8375 -0.0185809 0.0159379
1 30.8487 36.8401 -0.000310987 0.013471
1 31.9744 36.8415 0.00646429 0.0155685
1 33.0968 36.8431 0.00547071 0.0261966
1 34.2137 36.8455 0.00739491 0.0395577
1 35.3276 36.8498 0.0190644 0.0567036
1 36.4411 36.8541 0.0313439 0.0570976
1 37.5544 36.8563 0.0416402 0.0504075
1 38.6676 36.8564 0.049304 0.0465002
1 39.7801 36.8549 0.0569415 0.0529329
1 40.8914 36.8514 0.0586093 0.0583465
1 42.0039 36.8461 0.0627947 0.057092
1 43.117 36.8387 0.0755361 0.0601778
1 44.235 36.8284 0.0573435 0.0704736
1 -0.00133382 37.7975 -0.0556848 0.0863454
1 1.11554 37.8053 -0.0681686 0.0640386
1 2.2291 37.8113 -0.0661829 0.0574663
1 3.3424 37.8168 -0.0615732 0.0540824
1 4.455 37.8199 -0.0565862 0.0544196
1 5.56786 37.821 -0.0503179 0.0510807
1 6.68196 37.8203 -0.0468533 0.049252
1 7.79617 37.8184 -0.038304 0.0478271
1 8.91084 37.8153 -0.0273489 0.0502109
1 10.0252 37.8109 -0.0153709 0.0406257
1 11.1416 37.807 -0.0045466 0.033514
1 12.2627 37.803 -0.0049936 0.0298635
1 13.3873 37.7995 0.00300987 0.0190136
1 14.5143 37.7965 0.0143559 0.011931
1 15.644 37.7932 0.00701444 0.00877289
1 16.7742 37.7898 0.00505023 0.0119379
1 17.9008 37.7866 0.00965515 0.0110015
1 19.0232 37.7857 0.00291126 0.0110174
1 20.1458 37.7876 0.0142551 0.0256695
1 21.2726 37.7896 0.0171231 0.0290356
1 22.4032 37.79 -0.00378071 0.0260758
1 23.5325 37.789 -0.0209183 0.0252269
1 24.6563 37.7869 -0.0149648 0.0155193
1 25.7783 37.786 -0.0101071 0.00980311
1 26.9028 37.7879 -0.00905577 0.0124754
1 28.0316 37.7912 0.00116211 0.0102057
1 29.162 37.7944 -0.00722002 0.0102277
1 30.2903 37.7979 -0.00715336 0.0146456
1 31.4159 37.8011 0.0105266 0.02204
1 32.539 37.8046 0.00932838 0.0294917
1 33.6579 37.8082 0.00316469 0.0354696
1 34.7732 37.8125 0.0102123 0.0497951
1 35.8879 37.8175 0.0286688 0.052832
1 37.0021 37.8203 0.0464222 0.0497472
1 38.1159 37.8215 0.0483611 0.049657
1 39.2289 37.8207 0.0445323 0.0512771
1 40.3414 37.8186 0.0497897 0.0520937
1 41.4547 37.8143 0.0552954 0.055709
1 42.5688 37.8084 0.0561969 0.0587117
1 43.6841 37.802 0.0564222 0.0712266
1 0.552121 38.7707 -0.0485402 0.0720189
1 1.66732 38.7745 -0.0514244 0.0621251
1 2.7811 38.7793 -0.0477651 0.0517728
1 3.89521 38.7831 -0.050324 0.0447307
1 5.0086 38.7859 -0.0426893 0.0452967
1 6.12189 38.7859 -0.0406931 0.051535
1 7.23549 38.7842 -0.0452403 0.0477458
1 8.35001 38.7821 -0.0301209 0.0430787
1 9.46513 38.7781 -0.0145391 0.0418287
1 10.581 38.7731 -0.0115748 0.0334441
1 11.6998 38.7685 -0.0114755 0.0365848
1 12.822 38.7627 -0.00633333 0.0309835
1 13.9466 38.7576 0.00992556 0.0175372
1 15.0738 38.7533 0.00511463 0.0083677
1 16.2036 38.7504 -0.00533523 -0.000701518
1 17.3322 38.7478 0.000420367 -0.00214765
1 18.457 38.7461 -0.00606682 0.00210312
1 19.5803 38.7465 -0.00065385 0.0157941
1 20.7066 38.7477 0.00861217 0.0239865
1 21.8377 38.748 0.00212256 0.0214907
1 22.9701 38.7479 -0.00467467 0.024875
1 24.0985 38.7473 -0.00425718 0.0187147
1 25.2222 38.7463 0.00664821 0.00492934
1 26.3455 38.7467 0.00129633 0.00277037
1 27.4722 38.7489 -0.000751567 -0.00185712
1 28.6017 38.7515 -0.00228799 -0.000139398
1 29.7302 38.7551 -0.0111652 0.0132663
1 30.8565 38.7598 -0.00229707 0.0225357
1 31.9805 38.7649 0.00565651 0.032489
1 33.1014 38.7702 0.00503754 0.0383364
1 34.2176 38.7755 0.00265439 0.0427089
1 35.3314 38.7809 0.015224 0.046236
1 36.4457 38.7842 0.0350479 0.0423602
1 37.5602 38.7857 0.0452503 0.0467847
1 38.6746 38.7865 0.0427827 0.0485378
1 39.7875 38.7852 0.0525144 0.04987
1 40.9003 38.7814 0.0494167 0.049819
1 42.0134 38.7768 0.0452424 0.0590821
1 43.1261 38.7724 0.045549 0.0660729
1 44.2427 38.7709 0.0384678 0.0784004
1 -0.00436252 39.7404 -0.0299725 0.0760102
1 1.11281 39.7389 -0.0374061 0.0682603
1 2.22532 39.7421 -0.0352385 0.05766
1 3.33796 39.7453 -0.0416385 0.0572668
1 4.45057 39.7485 -0.0500925 0.0464342
1 5.56458 39.7503 -0.0486794 0.0462529
1 6.67884 39.7499 -0.0430492 0.0504801
1 7.79305 39.7478 -0.028377 0.0434945
1 8.90733 39.7449 -0.0149432 0.041546
1 10.0214 39.7402 -0.011199 0.0463619
1 11.1375 39.7345 -0.0113462 0.047193
1 12.2584 39.7278 -0.0101297 0.0436001
1 13.382 39.7209 -0.00250315 0.0350807
1 14.5072 39.7146 0.0161696 0.0227566
1 15.6342 39.7103 0.0101003 0.0017542
1 16.7623 39.7078 -0.00292624 -0.00612679
1 17.8886 39.7055 -0.0091298 -0.00157453
1 19.0134 39.7042 -0.0197016 0.00412992
1 20.1396 39.7041 -0.0151038 0.015372
1 21.2702 39.7039 -0.00300799 0.015913
1 22.4043 39.7038 0.00423001 0.0139314
1 23.5368 39.704 0.00396449 0.0157214
1 24.6644 39.704 0.0149545 0.0101299
1 25.7896 39.7049 0.0173885 0.000765146
1 26.9154 39.7068 0.0015141 -0.00328568
1 28.0426 39.7088 -0.00244402 -0.00194351
1 29.1705 39.7119 -0.00995387 0.0112146
1 30.2963 39.7172 -0.0101037 0.0276025
1 31.4199 39.7234 0.00402481 0.0384747
1 32.5417 39.7304 0.0121526 0.0458202
1 33.6601 39.7374 0.0106721 0.0506494
1 34.7755 39.7434 0.0161643 0.0480215
1 35.8911 39.7474 0.033486 0.0399391
1 37.0056 39.7495 0.0457206 0.0448533
1 38.1189 39.7509 0.0441736 0.0539704
1 39.2318 39.7504 0.041937 0.0452968
1 40.3449 39.7473 0.0464309 0.0508518
1 41.4578 39.7439 0.0443061 0.0614216
1 42.5706 39.7403 0.04301 0.0645706
1 43.6847 39.7384 0.0367123 0.0648625
1 0.556033 40.7054 -0.0317931 0.066553
1 1.66952 40.7059 -0.0384321 0.0606358
1 2.78222 40.7087 -0.0413508 0.0612263
1 3.89439 40.7114 -0.0410911 0.0525548
1 5.00668 40.7136 -0.0493344 0.0474958
1 6.1198 40.7148 -0.0495095 0.0453606
1 7.23386 40.7135 -0.0517903 0.0377304
1 8.34833 40.7114 -0.0358907 0.0373859
1 9.46345 40.7076 -0.0219611 0.0423059
1 10.5794 40.7021 -0.0162226 0.0466083
1 11.6977 40.6942 -0.0143819 0.0484534
1 12.8191 40.6862 -0.010072 0.0405508
1 13.9427 40.6784 0.00931098 0.0317427
1 15.0675 40.6723 0.0145708 0.0117876
1 16.1934 40.669 0.00613685 -0.00460591
1 17.3199 40.6655 -0.0042083 -0.0026462
1 18.4468 40.662 -0.0251458 0.000797655
1 19.5737 40.6601 -0.0267638 0.00373223
1 20.7032 40.659 -0.0167125 0.00393094
1 21.8372 40.6587 -0.00517048 0.000218984
1 22.9719 40.6589 0.0118154 7.05275e-05
1 24.1033 40.6595 0.0229611 0.00493088
1 25.2307 40.6611 0.0293013 0.0038793
1 26.357 40.664 0.0140891 0.000137014
1 27.4835 40.6674 -0.00306759 -0.00395589
1 28.6099 40.6701 -0.0112275 0.000643259
1 29.7354 40.6744 -0.0130595 0.0196492
1 30.8599 40.6815 0.00138788 0.0352684
1 31.9828 40.6897 0.010619 0.0487812
1 33.103 40.6982 0.0116891 0.0526631
1 34.2193 40.7056 0.0118168 0.045165
1 35.3336 40.7105 0.0154945 0.0370286
1 36.4477 40.7132 0.0303391 0.0379095
1 37.5619 40.7151 0.043095 0.0429566
1 38.6757 40.7156 0.0512846 0.0438851
1 39.7886 40.7132 0.0508005 0.0503585
1 40.9002 40.7106 0.0374088 0.0575328
1 42.012 40.7075 0.0385155 0.0564591
1 43.1241 40.7047 0.0424751 0.0660241
1 44.2424 40.7045 0.0277051 0.0624066
1 -0.00134795 41.6709 -0.025426 0.0607605
1 1.11729 41.6705 -0.0349749 0.0661679
1 2.22936 41.6722 -0.0393977 0.0594531
1 3.34094 41.6753 -0.0371142 0.055928
1 4.45184 41.6778 -0.0417045 0.0548324
1 5.56369 41.6792 -0.0410211 0.0409141
1 6.67713 41.679 -0.0427361 0.0397351
1 7.79133 41.6774 -0.0316836 0.0309352
1 8.90605 41.6744 -0.0183021 0.0334944
1 10.0214 41.6697 -0.0143494 0.0404326
1 11.1381 41.6628 -0.0114987 0.0509763
1 12.2576 41.6534 -0.00369302 0.0468494
1 13.3795 41.6441 0.00147949 0.0366061
1 14.5032 41.6362 0.0122175 0.0191751
1 15.628 41.6314 0.0171928 -0.00333171
1 16.7542 41.6271 0.0056525 -0.000920016
1 17.8813 41.6213 -0.0159654 0.00466409
1 19.0086 41.6166 -0.0289974 -0.00114041
1 20.1369 41.614 -0.0269437 -0.00738437
1 21.2692 41.613 -0.0165079 -0.013338
1 22.4045 41.6129 0.00521516 -0.0181831
1 23.5383 41.6135 0.0211057 -0.013462
1 24.6681 41.6154 0.0288982 -0.000678814
1 25.796 41.6193 0.0236305 0.004372
1 26.9233 41.6247 0.00449924 0.00125174
1 28.05 41.6294 -0.00902882 -0.00483213
1 29.1755 41.633 -0.0147534 0.00564144
1 30.299 41.639 -0.0104207 0.0295119
1 31.4212 41.648 0.000635425 0.0439595
1 32.5418 41.658 0.00525567 0.0505457
1 33.6597 41.6668 0.0104268 0.0463465
1 34.7762 41.6731 0.0214154 0.0369184
1 35.8921 41.677 0.0415288 0.0289427
1 37.0068 41.679 0.0548471 0.0341121
1 38.1203 41.6804 0.0490916 0.0431378
1 39.2331 41.6793 0.04606 0.0432658
1 40.3448 41.6768 0.0480933 0.0547953
1 41.457 41.6738 0.0476488 0.0592219
1 42.5694 41.6712 0.0429652 0.0656496
1 43.683 41.67 0.0476242 0.07075
1 0.559312 42.6347 -0.0420317 0.0651687
1 1.67291 42.636 -0.0439328 0.073208
1 2.7846 42.6383 -0.0401372 0.0657739
1 3.89648 42.6416 -0.0424812 0.056843
1 5.00819 42.6436 -0.0372528 0.0520091
1 6.11981 42.6442 -0.0406635 0.0485339
1 7.23304 42.6426 -0.0449474 0.0338601
1 8.34811 42.6399 -0.0393464 0.0316051
1 9.46485 42.6359 -0.0264633 0.0389328
1 10.5825 42.6305 -0.0126516 0.0441501
1 11.7007 42.622 0.000151054 0.0522404
1 12.82 42.6116 0.00875663 0.0518546
1 13.9407 42.6017 0.0175093 0.0362355
1 15.0638 42.5942 0.0153987 0.00796883
1 16.1899 42.5891 0.00728528 0.00179067
1 17.3178 42.5822 -0.00551482 0.0108742
1 18.4459 42.5746 -0.0207198 0.00968905
1 19.5737 42.5694 -0.0175278 -0.00406254
1 20.7032 42.5668 -0.0147574 -0.0228656
1 21.8368 42.5662 -0.00836366 -0.0295477
1 22.9717 42.5664 0.0129312 -0.0266696
1 24.1031 42.5682 0.0229924 -0.0143425
1 25.2311 42.5723 0.020813 0.00418227
1 26.3588 42.5785 0.0103687 0.0129137
1 27.487 42.5861 -0.00149848 0.00765485
1 28.6139 42.5915 -0.0160771 0.000402251
1 29.738 42.597 -0.0235779 0.0208814
1 30.8598 42.6059 -0.0117162 0.0429386
1 31.98 42.6165 -0.00204548 0.0544981
1 33.099 42.6265 0.00577585 0.0510806
1 34.217 42.6337 0.0202217 0.0426236
1 35.334 42.6389 0.0232627 0.0326699
1 36.4491 42.6426 0.0279967 0.0325047
1 37.5626 42.6448 0.0351804 0.0399189
1 38.6756 42.6447 0.0446734 0.0425259
1 39.7876 42.6425 0.0451006 0.052755
1 40.8994 42.6397 0.0427244 0.0644037
1 42.0111 42.637 0.040254 0.0713157
1 43.1232 42.6352 0.0431932 0.0682521
1 44.2425 42.6348 0.033829 0.0727118
1 -0.00410315 43.5969 -0.037622 0.0698114
1 1.1167 43.5987 -0.047774 0.0693057
1 2.22939 43.6015 -0.037207 0.0674923
1 3.34119 43.6042 -0.0360781 0.0634591
1 4.45324 43.6072 -0.046099 0.0531816
1 5.56541 43.6091 -0.0425702 0.0468214
1 6.6787 43.608 -0.0334467 0.0402031
1 7.79235 43.6053 -0.0240652 0.0343366
1 8.90752 43.6007 -0.0201911 0.0319736
1 10.025 43.5956 -0.0233959 0.0360053
1 11.1441 43.5898 -0.0150461 0.0418062
1 12.2633 43.581 0.00691937 0.0486888
1 13.3825 43.5698 0.0244666 0.043778
1 14.503 43.5591 0.0304499 0.0232887
1 15.6269 43.551 0.020248 0.00539976
1 16.7554 43.5431 -0.0024329 0.00697096
1 17.8847 43.5343 -0.00816672 0.00714828
1 19.0125 43.5266 -0.00607115 -0.00398098
1 20.1404 43.522 -0.00861912 -0.0250523
1 21.2706 43.52 -0.00814106 -0.0419295
1 22.404 43.5197 0.00160954 -0.0431033
1 23.536 43.521 0.0044204 -0.0335864
1 24.6642 43.5244 0.00695552 -0.0139048
1 25.7917 43.5306 0.00881555 0.00275907
1 26.9202 43.5389 0.00332734 0.00815849
1 28.0496 43.5473 -0.00542402 0.00328397
1 29.1762 43.5546 -0.0186342 0.0112825
1 30.2981 43.5636 -0.0260068 0.0333822
1 31.4175 43.5746 -0.0166474 0.0498691
1 32.5361 43.5855 -0.000996754 0.0494674
1 33.6547 43.5929 0.0141182 0.0381548
1 34.7739 43.5988 0.0263341 0.0393745
1 35.891 43.6047 0.0338787 0.0344432
1 37.0055 43.6084 0.0401501 0.0297497
1 38.1191 43.6094 0.0411539 0.0389618
1 39.2317 43.6085 0.0380919 0.0512658
1 40.3432 43.6055 0.0389592 0.0582393
1 41.4556 43.6029 0.0406469 0.0665326
1 42.5681 43.6 0.0467164 0.0655692
1 43.6827 43.5982 0.0426638 0.0710174
1 0.556323 44.5596 -0.0488132 0.0700545
1 1.67155 44.5632 -0.0464985 0.0625849
1 2.78478 44.5671 -0.0402877 0.0648072
1 3.89739 44.5705 -0.0350622 0.0555746
1 5.00961 44.5736 -0.0352068 0.051619
1 6.12232 44.5737 -0.0377837 0.0451864
1 7.23624 44.5714 -0.039319 0.0342175
1 8.35181 44.5662 -0.0329947 0.0345693
1 9.46923 44.5603 -0.0226233 0.0378014
1 10.5882 44.5554 -0.0140745 0.0360788
1 11.7078 44.5496 0.00100056 0.0371939
1 12.8267 44.5402 0.0223384 0.0466449
1 13.9457 44.5283 0.0350289 0.0407707
1 15.0674 44.5159 0.0326623 0.0241025
1 16.1942 44.5048 0.0115457 0.0157259
1 17.3246 44.4946 -9.28992e-05 0.00761524
1 18.454 44.4857 0.00582812 -0.00501661
1 19.5811 44.4795 0.0092559 -0.0176968
1 20.7082 44.4762 0.00283493 -0.0350759
1 21.8378 44.4748 -0.00143482 -0.0401366
1 22.9682 44.4754 -0.000586065 -0.0409485
1 24.0963 44.4778 -0.00597027 -0.0283605
1 25.2232 44.4825 -0.00735703 -0.0113593
1 26.3511 44.4902 -0.0035699 9.84878e-05
1 27.481 44.5 -0.00655894 0.0124307
1 28.61 44.5103 -0.0248716 0.0180132
1 29.7339 44.5214 -0.0383852 0.028983
1 30.8538 44.5333 -0.0294859 0.0441769
1 31.9727 44.5446 -0.00536919 0.0495108
1 33.0926 44.5529 0.0144966 0.039976
1 34.2121 44.5582 0.0214841 0.0388094
1 35.3303 44.5648 0.0191242 0.038162
1 36.4459 44.5711 0.0257891 0.0288842
1 37.5606 44.5733 0.0355452 0.0307256
1 38.6745 44.5738 0.0411385 0.0506082
1 39.7876 44.5722 0.0390877 0.0558056
1 40.9001 44.5685 0.0297774 0.0642769
1 42.0127 44.5652 0.0300254 0.0642482
1 43.126 44.5611 0.0352351 0.0671599
1 44.2485 44.5589 0.0403072 0.0680216
1 -0.00949191 45.5187 -0.0359923 0.0687986
1 1.11301 45.5226 -0.0326291 0.0637146
1 2.22636 45.5281 -0.0345797 0.0640397
1 3.33975 45.5323 -0.0282235 0.0595643
1 4.45305 45.5361 -0.0300694 0.0542878
1 5.56669 45.5383 -0.0324442 0.0500413
1 6.68076 45.5367 -0.0281303 0.041407
1 7.79621 45.5315 -0.0292824 0.0373764
1 8.91302 45.5246 -0.0234064 0.0331837
1 10.0315 45.5191 -0.0175082 0.0306284
1 11.1515 45.5149 -0.0138952 0.0327984
1 12.2718 45.5091 0.00960187 0.0370798
1 13.3913 45.4987 0.0304399 0.0402115
1 14.5125 45.4842 0.0391682 0.040051
1 15.6371 45.4687 0.0384872 0.0310665
1 16.7658 45.4555 0.0175326 0.0146578
1 17.8954 45.4449 0.0144179 -0.0068943
1 19.0228 45.4375 0.0182808 -0.0260409
1 20.1488 45.4338 0.00989811 -0.0320668
1 21.275 45.4322 0.00024829 -0.0349601
1 22.4022 45.4318 -0.000140077 -0.0395668
1 23.5287 45.4328 -0.00760725 -0.0380609
1 24.6546 45.4353 -0.0153741 -0.0271383
1 25.7813 45.4412 -0.0166958 -0.016213
1 26.9095 45.4504 -0.0172111 0.00381226
1 28.0392 45.4622 -0.0268554 0.0243753
1 29.1665 45.4763 -0.0377733 0.0331619
1 30.2886 45.4906 -0.0380001 0.0356036
1 31.4083 45.5031 -0.0217901 0.0432242
1 32.5282 45.512 0.00339679 0.0423586
1 33.6482 45.5174 0.0138722 0.0332585
1 34.7678 45.5229 0.0247175 0.035886
1 35.8859 45.5305 0.0354685 0.032237
1 37.0019 45.5355 0.0349671 0.0222919
1 38.1164 45.5374 0.0340262 0.0455098
1 39.2305 45.5372 0.0379189 0.0578649
1 40.3439 45.5339 0.0329064 0.0586277
1 41.4574 45.5298 0.0366637 0.0656869
1 42.5705 45.5256 0.0409255 0.0652688
1 43.6845 45.5202 0.0399245 0.0573161
1 0.55157 46.4806 -0.0354045 0.0637649
1 1.66527 46.4883 -0.0429823 0.0667325
1 2.77942 46.4928 -0.035046 0.061081
1 3.89383 46.4973 -0.0349231 0.0577631
1 5.00921 46.5007 -0.0407699 0.0477385
1 6.12495 46.5019 -0.0318914 0.041813
1 7.24089 46.4976 -0.032404 0.0413915
1 8.35781 46.4894 -0.0314716 0.0339135
1 9.47621 46.4823 -0.0198171 0.0256154
1 10.5957 46.478 -0.0124246 0.0275165
1 11.7166 46.4746 -0.000864797 0.0251266
1 12.8378 46.4679 0.0241134 0.0320806
1 13.9595 46.4542 0.0378148 0.0376732
1 15.084 46.436 0.0436198 0.0365446
1 16.2108 46.4193 0.0426675 0.028858
1 17.3387 46.406 0.0369547 -0.000398094
1 18.4652 46.3971 0.0325896 -0.0298826
1 19.5899 46.392 0.0165243 -0.0337817
1 20.7143 46.3907 0.00153993 -0.0367449
1 21.8393 46.3913 -0.00471519 -0.0407456
1 22.9641 46.391 -0.00192823 -0.040786
1 24.0882 46.3909 -0.00533112 -0.0343049
1 25.2125 46.3942 -0.0290365 -0.0320586
1 26.3378 46.4016 -0.0335384 -0.0169222
1 27.4655 46.4128 -0.0335889 0.015359
1 28.5934 46.4274 -0.043931 0.030632
1 29.7192 46.4445 -0.0397494 0.0333001
1 30.8419 46.4604 -0.030612 0.0354757
1 31.9629 46.4709 -0.0120937 0.0351534
1 33.0843 46.4766 0.0114504 0.0341731
1 34.2048 46.4809 0.0174243 0.0241451
1 35.3238 46.4874 0.0221202 0.0240493
1 36.4414 46.4956 0.0266612 0.0309907
1 37.5573 46.5006 0.0224181 0.0363712
1 38.6726 46.5014 0.0305416 0.0475179
1 39.7882 46.499 0.0334158 0.0569353
1 40.9027 46.4946 0.0286145 0.0610106
1 42.0167 46.4908 0.0381187 0.0673717
1 43.1304 46.4858 0.0453721 0.065648
1 44.2514 46.4764 0.0427476 0.0562265
1 -0.0188382 47.4375 -0.041586 0.0640326
1 1.10245 47.4532 -0.0400028 0.0698098
1 2.21814 47.4575 -0.0309972 0.0648362
1 3.33334 47.4627 -0.0249015 0.059388
1 4.4494 47.4661 -0.0236201 0.0525023
1 5.56667 47.4696 -0.0320424 0.0419943
1 6.68542 47.4685 -0.0260327 0.0462845
1 7.80393 47.4603 -0.0218915 0.0438057
1 8.92112 47.4512 -0.018364 0.0265872
1 10.0393 47.4457 -0.0180535 0.0225942
1 11.1598 47.442 -0.0119007 0.0235132
1 12.2828 47.439 0.0121262 0.0207498
1 13.4081 47.4287 0.0292402 0.0355033
1 14.5338 47.4098 0.0414083 0.0407836
1 15.6596 47.391 0.0529415 0.0355962
1 16.7857 47.375 0.0555763 0.0197181
1 17.9102 47.3637 0.0543346 -0.0151075
1 19.0321 47.3574 0.0336976 -0.0279864
1 20.1535 47.3542 0.00599563 -0.0228464
1 21.2766 47.3552 -0.00297615 -0.039009
1 22.4016 47.3564 -0.00230956 -0.0432685
1 23.5256 47.3548 0.000558472 -0.0246745
1 24.6474 47.3553 -0.0145816 -0.0240984
1 25.7689 47.3605 -0.0445463 -0.0224505
1 26.8923 47.3696 -0.0573812 0.00277489
1 28.0182 47.3827 -0.0562794 0.0254228
1 29.1443 47.3996 -0.046015 0.034575
1 30.2696 47.4188 -0.041048 0.0347485
1 31.3944 47.4334 -0.02665 0.0304303
1 32.5181 47.4403 0.00333639 0.032745
1 33.6402 47.4446 0.0200812 0.0256558
1 34.76 47.4493 0.0202895 0.0192059
1 35.8778 47.4574 0.0230675 0.0342103
1 36.9958 47.4668 0.0223494 0.0403383
1 38.1141 47.4697 0.0322916 0.0397692
1 39.2326 47.4677 0.0409174 0.0521717
1 40.3502 47.4643 0.0292451 0.0568839
1 41.4656 47.4597 0.0216359 0.0715461
1 42.5803 47.4567 0.0365709 0.0675811
1 43.6984 47.4485 0.0339682 0.0687367
