1 0.528793 0.0485815 -0.0134699 -0.0673761
1 1.64691 0.0422277 -0.0209091 -0.0638754
1 2.76424 0.0390156 -0.0132563 -0.0462634
1 3.88247 0.0397446 -0.0124528 -0.0359285
1 5.00134 0.0434254 -0.00887428 -0.00848886
1 6.11989 0.0490621 0.00705486 -0.00173219
1 7.23853 0.056307 0.0133401 0.00507427
1 8.35879 0.0600344 0.0163633 0.000405522
1 9.48289 0.0646544 0.0312184 -0.0165406
1 10.6097 0.0738053 0.0508029 -0.00628293
1 11.7367 0.0843648 0.0655732 0.0134371
1 12.8642 0.0962604 0.0597439 0.015908
1 13.9922 0.106126 0.0385751 0.0103726
1 15.1188 0.114821 0.0216394 -0.00956046
1 16.2422 0.128212 0.0179818 -0.0300443
1 17.3627 0.144862 0.0263025 -0.0473973
1 18.4833 0.160766 0.0349665 -0.0467995
1 19.6047 0.173476 0.0261366 -0.0134738
1 20.7246 0.182242 0.00720702 0.00574337
1 21.8414 0.186476 0.000492544 -0.00435243
1 22.9572 0.184631 -0.0027822 0.000770584
1 24.0753 0.178526 -0.0161984 0.00145949
1 25.1954 0.168224 -0.0331438 -0.0332772
1 26.3158 0.152791 -0.032103 -0.0536396
1 27.4363 0.135458 -0.0211057 -0.0412546
1 28.5584 0.119319 -0.0192498 -0.0242491
1 29.6843 0.108734 -0.0243606 0.00440377
1 30.8121 0.102712 -0.047239 0.0208605
1 31.939 0.0926208 -0.0642037 0.0138711
1 33.0661 0.0808281 -0.0567619 0.00651907
1 34.1929 0.0704672 -0.0432355 -0.0126659
1 35.3186 0.0616148 -0.0273789 -0.0154192
1 36.4414 0.0566519 -0.0134745 0.000964285
1 37.5615 0.0527361 -0.0087013 0.00440096
1 38.6807 0.0464856 0.000569578 -0.00689248
1 39.7992 0.0422622 0.00426805 -0.0158029
1 40.9173 0.0405057 0.00435382 -0.0428066
1 42.0343 0.0399566 0.00728532 -0.0560324
1 43.1514 0.043388 0.017426 -0.0658301
1 44.2745 0.0613851 0.0139602 -0.0601069
1 -0.0267743 1.0192 -0.0133009 -0.0641657
1 1.09517 1.01128 -0.0168276 -0.0680081
1 2.20937 1.00776 -0.0129249 -0.055407
1 3.32403 1.00603 -0.00582866 -0.0427773
1 4.43946 1.00817 -0.00602524 -0.0330027
1 5.55609 1.01319 -0.000716965 -0.0121472
1 6.67421 1.01906 0.00375816 -0.00291303
1 7.79454 1.0236 0.00977031 -0.00844547
1 8.91591 1.02802 0.0279854 -0.0173625
1 10.0389 1.03365 0.034438 -0.0202374
1 11.1648 1.04273 0.0410678 -0.006838
1 12.2918 1.05363 0.0542827 0.0100629
1 13.4197 1.06377 0.0499287 0.00650758
1 14.5471 1.0739 0.0402504 -0.00720971
1 15.6703 1.08652 0.0373465 -0.021896
1 16.7907 1.10211 0.0337985 -0.0380692
1 17.9119 1.11788 0.0311056 -0.0477672
1 19.0348 1.13126 0.0195458 -0.0310851
1 20.1576 1.14203 0.00676153 -0.00796975
1 21.2798 1.14912 0.00188719 -0.000848349
1 22.4005 1.15038 -0.00327464 -0.00320131
1 23.5208 1.14615 -0.00498984 -0.00406985
1 24.6433 1.13768 -0.00794378 -0.0216633
1 25.7665 1.12518 -0.0261084 -0.0433932
1 26.8881 1.10952 -0.0316101 -0.0468901
1 28.009 1.09255 -0.0320904 -0.0342565
1 29.1309 1.07806 -0.0399259 -0.0127976
1 30.2558 1.06868 -0.0452887 0.00836291
1 31.3836 1.06058 -0.0533284 0.0125178
1 32.5112 1.0504 -0.0539853 0.00548769
1 33.6374 1.03974 -0.0411338 -0.0151695
1 34.7621 1.03079 -0.0349255 -0.0254039
1 35.8844 1.02461 -0.02723 -0.0163275
1 37.0048 1.02087 -0.0118375 -0.00318577
1 38.1238 1.01646 0.000548533 -0.00935202
1 39.2416 1.01111 0.00881655 -0.0214122
1 40.3578 1.00799 0.0197819 -0.0408641
1 41.4734 1.0071 0.0204101 -0.0541113
1 42.587 1.00868 0.0214247 -0.0634948
1 43.7001 1.01555 0.0206854 -0.0637328
1 0.541448 1.97641 -0.026105 -0.0651448
1 1.6552 1.97236 -0.0242739 -0.0562139
1 2.76794 1.96987 -0.0167574 -0.0464585
1 3.8814 1.9704 -0.0192855 -0.0347304
1 4.9966 1.97386 -0.0171312 -0.018676
1 6.1133 1.97861 -0.00673442 -0.000186907
1 7.23181 1.98271 0.00581321 -0.00632608
1 8.35156 1.98777 0.0213626 -0.0197833
1 9.47263 1.9925 0.0295563 -0.013297
1 10.5964 1.99848 0.0293984 -0.0110538
1 11.7218 2.00754 0.0477635 0.00179985
1 12.8483 2.01708 0.0554466 0.0100469
1 13.9748 2.02748 0.0482309 -0.00425058
1 15.0985 2.04042 0.043037 -0.01378
1 16.2199 2.0551 0.042056 -0.0190852
1 17.3411 2.07009 0.0423975 -0.0255666
1 18.4641 2.08348 0.0302129 -0.0238464
1 19.5894 2.09479 0.00122615 -0.0151062
1 20.7145 2.10314 -0.0108785 -0.00372555
1 21.8391 2.10685 -0.00160883 0.00167133
1 22.9635 2.10575 0.00672153 -0.0015941
1 24.0879 2.09995 0.00841348 -0.013085
1 25.2129 2.08983 -0.0124369 -0.0249159
1 26.3371 2.07691 -0.0373635 -0.0289255
1 27.459 2.06175 -0.0451103 -0.0248908
1 28.5797 2.04603 -0.0458859 -0.0169102
1 29.702 2.0328 -0.0478238 -0.00394695
1 30.8269 2.02306 -0.0509953 0.00685887
1 31.954 2.01387 -0.0430545 0.00819703
1 33.081 2.00458 -0.0288013 -0.00359623
1 34.206 1.99632 -0.0281282 -0.0155664
1 35.3282 1.98972 -0.0317228 -0.0180158
1 36.4481 1.98464 -0.0193568 -0.0124319
1 37.5673 1.98085 -0.00303628 -0.00417451
1 38.6855 1.97658 0.00933515 -0.0134989
1 39.8016 1.97273 0.0185338 -0.027435
1 40.9159 1.97086 0.0134582 -0.0402552
1 42.0288 1.97146 0.0157565 -0.0540818
1 43.141 1.97481 0.0200507 -0.0549739
1 44.2619 1.97769 0.0171577 -0.0582566
1 -0.0186208 2.93932 -0.0215965 -0.0595629
1 1.10071 2.93722 -0.0269985 -0.0556806
1 2.21249 2.93461 -0.0241871 -0.0464347
1 3.32465 2.93388 -0.0230383 -0.0362997
1 4.43802 2.93506 -0.0244689 -0.0235254
1 5.55388 2.93926 -0.0169859 -0.0145768
1 6.67102 2.94298 0.00634103 -0.00901997
1 7.78862 2.94768 0.0231543 -0.0206319
1 8.90838 2.95293 0.027234 -0.0142661
1 10.03 2.95673 0.0275171 -0.00748421
1 11.1538 2.96298 0.0313407 -0.00697908
1 12.279 2.97198 0.04425 -0.00283764
1 13.4044 2.9812 0.0494748 -0.00254671
1 14.5282 2.99371 0.0427362 -0.015528
1 15.65 3.00845 0.0410529 -0.0170709
1 16.7711 3.02254 0.0496475 -0.0137376
1 17.8937 3.03534 0.0477039 -0.00527395
1 19.02 3.04602 0.0193506 -0.00705991
1 20.1481 3.05493 -0.012975 -0.0108416
1 21.2753 3.06025 -0.0174593 -0.00710347
1 22.4017 3.06143 0.00573867 -0.00655587
1 23.5284 3.05873 0.016168 -0.00742518
1 24.6559 3.0513 -0.00154623 -0.00917835
1 25.783 3.04115 -0.035488 -0.00702571
1 26.907 3.02889 -0.0519874 -0.0145064
1 28.0284 3.01439 -0.0437012 -0.0195239
1 29.1497 2.99978 -0.0354059 -0.0162812
1 30.2726 2.98709 -0.0443584 -0.00531545
1 31.3974 2.97722 -0.0483422 0.00217949
1 32.5229 2.96882 -0.0418768 -0.0018604
1 33.6475 2.96107 -0.0313796 -0.00794907
1 34.7703 2.95493 -0.0275328 -0.0137428
1 35.8911 2.94962 -0.0204751 -0.0202904
1 37.0102 2.9449 -0.00599235 -0.0142516
1 38.1278 2.94153 0.00784316 -0.00831179
1 39.2443 2.93779 0.017295 -0.0166971
1 40.3591 2.93545 0.0202148 -0.0291586
1 41.472 2.93514 0.0235124 -0.0463975
1 42.584 2.93623 0.024981 -0.0508681
1 43.6979 2.93881 0.0292738 -0.0624985
1 0.542958 3.90166 -0.0287125 -0.0539227
1 1.6568 3.8997 -0.0268588 -0.0544692
1 2.76848 3.89842 -0.0227214 -0.0474467
1 3.88091 3.89845 -0.0215433 -0.0370154
1 4.9947 3.90058 -0.0165191 -0.0294502
1 6.1104 3.9044 -0.00512264 -0.0203891
1 7.22691 3.90868 0.00362897 -0.027587
1 8.34589 3.91301 0.00849881 -0.0233122
1 9.46749 3.91698 0.02317 -0.0140547
1 10.5894 3.92138 0.0357084 -0.0130661
1 11.7122 3.92809 0.0432131 -0.0146046
1 12.8366 3.93668 0.0443315 -0.0135819
1 13.9602 3.94738 0.0353491 -0.0222746
1 15.082 3.96172 0.029257 -0.0297091
1 16.2035 3.9762 0.0367684 -0.0261485
1 17.3254 3.98815 0.0523264 -0.00549353
1 18.4503 3.99713 0.0457877 0.00885416
1 19.5801 4.00519 0.0171838 -0.00443381
1 20.71 4.01183 -0.00667404 -0.0136788
1 21.8379 4.01508 -0.00686076 -0.0193101
1 22.9661 4.01442 0.00874617 -0.0172484
1 24.0949 4.00931 0.00381914 -0.00880008
1 25.2246 4.00156 -0.027039 0.00432098
1 26.3519 3.99316 -0.0473764 0.00212843
1 27.4754 3.98199 -0.045891 -0.0215741
1 28.5966 3.96777 -0.03864 -0.0297563
1 29.7178 3.9537 -0.0380627 -0.0258323
1 30.8404 3.94204 -0.0429512 -0.0148101
1 31.9647 3.93321 -0.0365086 -0.0085988
1 33.0894 3.92579 -0.0290703 -0.013463
1 34.2127 3.91999 -0.0275874 -0.0169363
1 35.3337 3.9149 -0.0305571 -0.020412
1 36.4527 3.91018 -0.0203677 -0.0247399
1 37.5702 3.90655 -0.00892194 -0.0227806
1 38.6871 3.90297 0.00995368 -0.0231424
1 39.8025 3.90007 0.0179921 -0.029235
1 40.9154 3.89936 0.0197289 -0.0412582
1 42.0278 3.89947 0.0233391 -0.0532713
1 43.1401 3.90091 0.0283428 -0.0569923
1 44.2605 3.90183 0.0217198 -0.0621254
1 -0.0215883 4.86459 -0.024598 -0.0510809
1 1.09927 4.86398 -0.0253033 -0.0497821
1 2.21208 4.86341 -0.0192482 -0.0518248
1 3.32398 4.863 -0.0149377 -0.0417797
1 4.43636 4.8639 -0.0105703 -0.0313931
1 5.55087 4.86631 -0.00605162 -0.0261516
1 6.66724 4.87016 0.00794237 -0.0236361
1 7.78526 4.87356 0.0150138 -0.0179871
1 8.90518 4.87745 0.0243602 -0.0175922
1 10.0257 4.8817 0.0355373 -0.0132104
1 11.1477 4.88655 0.0376119 -0.00775952
1 12.2714 4.89339 0.0367036 -0.0122617
1 13.3946 4.90272 0.040119 -0.0224823
1 14.5161 4.91569 0.03126 -0.0344334
1 15.6368 4.93002 0.0249687 -0.0313538
1 16.7591 4.94196 0.0365228 -0.012498
1 17.8838 4.95017 0.047639 0.0154034
1 19.0117 4.95588 0.0380879 0.0153672
1 20.1423 4.9619 0.0179982 -0.00188373
1 21.2727 4.96667 -0.00186467 -0.0112171
1 22.4028 4.96794 -2.8196e-05 -0.0127347
1 23.5324 4.96513 -0.0068593 -0.0072064
1 24.6624 4.95908 -0.0282325 0.00684612
1 25.7919 4.95342 -0.0461138 0.0211835
1 26.9178 4.94661 -0.0431424 0.000419319
1 28.0416 4.93547 -0.0243493 -0.0285506
1 29.1631 4.92209 -0.0252655 -0.0323658
1 30.2838 4.90869 -0.0372597 -0.0252164
1 31.4061 4.89816 -0.0411796 -0.0131841
1 32.5294 4.89087 -0.0414242 -0.0103191
1 33.6524 4.88509 -0.0357149 -0.0123778
1 34.774 4.88015 -0.0264295 -0.0164051
1 35.8943 4.87528 -0.0121171 -0.023911
1 37.0134 4.87171 -0.00146836 -0.0220142
1 38.1303 4.86832 0.00802511 -0.0242574
1 39.246 4.86534 0.0165798 -0.0266835
1 40.3598 4.86367 0.0225686 -0.0358533
1 41.4724 4.86332 0.0288008 -0.0418583
1 42.5844 4.86444 0.031032 -0.0458001
1 43.6984 4.865 0.0383035 -0.0514881
1 0.540935 5.82821 -0.0394857 -0.0508433
1 1.65473 5.82797 -0.0304915 -0.0447771
1 2.76692 5.82778 -0.0249897 -0.0426426
1 3.87918 5.82828 -0.0226459 -0.0368896
1 4.99272 5.82941 -0.0141123 -0.0247562
1 6.10802 5.83221 -0.00941607 -0.0238033
1 7.22506 5.83516 -0.00247462 -0.018724
1 8.34444 5.8379 0.0143412 -0.0199028
1 9.46482 5.8424 0.0303886 -0.0156764
1 10.5862 5.84699 0.0398537 -0.00920994
1 11.7088 5.85187 0.0426033 -0.010242
1 12.8316 5.86002 0.044541 -0.0254012
1 13.9524 5.87159 0.0365565 -0.0339637
1 15.0725 5.88452 0.0156198 -0.032522
1 16.1948 5.89608 0.00645015 -0.0242602
1 17.3197 5.90447 0.0286671 -0.00235697
1 18.4466 5.90931 0.0488663 0.0172594
1 19.5759 5.91298 0.0387621 0.00881971
1 20.706 5.91711 0.0184785 0.000764717
1 21.8371 5.91948 0.00194586 -0.00187161
1 22.9689 5.91876 -0.00275887 0.000203485
1 24.0992 5.91552 -0.0219815 0.00361506
1 25.2283 5.91156 -0.0451033 0.0144102
1 26.3559 5.90726 -0.043065 0.0125441
1 27.4821 5.90024 -0.0211548 -0.0162471
1 28.606 5.88981 -0.0157565 -0.0301617
1 29.7269 5.87746 -0.0277526 -0.0349137
1 30.8474 5.8652 -0.038029 -0.028507
1 31.9694 5.8562 -0.0342284 -0.0117546
1 33.093 5.85017 -0.0306619 -0.00723647
1 34.2154 5.84572 -0.0333539 -0.0138034
1 35.3357 5.84106 -0.034062 -0.0228172
1 36.4547 5.83636 -0.0236228 -0.0219718
1 37.5728 5.83349 -0.00510197 -0.0239251
1 38.6896 5.83072 0.00566794 -0.0216205
1 39.8044 5.82913 0.00827589 -0.0329513
1 40.916 5.82822 0.0115943 -0.0388536
1 42.0277 5.82849 0.023544 -0.039647
1 43.1404 5.82885 0.0301852 -0.0457184
1 44.2599 5.82943 0.0328322 -0.0494012
1 -0.0199376 6.79319 -0.0276334 -0.0563497
1 1.09909 6.79369 -0.0279676 -0.0516322
1 2.21128 6.79278 -0.0173378 -0.0466747
1 3.32272 6.79325 -0.0103286 -0.0444309
1 4.43476 6.79362 -0.00987151 -0.0368531
1 5.54928 6.79483 -0.00833395 -0.0334611
1 6.66637 6.79721 0.0019014 -0.0250895
1 7.78474 6.79926 0.0214138 -0.0256052
1 8.90365 6.80331 0.0311378 -0.0258664
1 10.0242 6.80762 0.0332074 -0.018071
1 11.1469 6.81217 0.0347925 -0.0166263
1 12.2699 6.8189 0.0373849 -0.0269995
1 13.391 6.82903 0.0391637 -0.0348415
1 14.5115 6.84054 0.0199463 -0.0347188
1 15.6329 6.85069 0.00309094 -0.0303392
1 16.7576 6.85862 0.0110016 -0.0210072
1 17.8844 6.86427 0.0360481 -0.00333137
1 19.0123 6.86697 0.0393781 0.00625124
1 20.1414 6.86883 0.0210866 0.00243686
1 21.2711 6.87045 0.00171557 0.00848289
1 22.4029 6.87081 -0.00130634 0.010631
1 23.5336 6.86996 -0.0118433 0.0039009
1 24.6627 6.86835 -0.0311292 0.00599858
1 25.7912 6.86607 -0.0398811 0.00281081
1 26.9183 6.8615 -0.0211076 -0.0149418
1 28.0452 6.85417 0.00385367 -0.0270958
1 29.1685 6.84522 -0.00649125 -0.0300072
1 30.2889 6.83401 -0.035168 -0.0354614
1 31.4089 6.82368 -0.0497396 -0.0294825
1 32.5298 6.81614 -0.0441428 -0.0203982
1 33.6526 6.81069 -0.0348469 -0.0150952
1 34.775 6.80627 -0.0258898 -0.0212145
1 35.8962 6.80186 -0.0143293 -0.0281614
1 37.0148 6.79872 -0.00586348 -0.0301198
1 38.1316 6.79579 0.00611326 -0.0295261
1 39.2468 6.79438 0.0167624 -0.0320876
1 40.3608 6.79416 0.0194055 -0.0418632
1 41.4724 6.79384 0.0221021 -0.0496286
1 42.584 6.79338 0.0345205 -0.0504148
1 43.6975 6.7937 0.0478429 -0.0541185
1 0.54146 7.75886 -0.0439045 -0.0584776
1 1.65538 7.75888 -0.028525 -0.0546153
1 2.76671 7.75871 -0.0187809 -0.0510885
1 3.87899 7.75864 -0.019008 -0.0411628
1 4.99297 7.75874 -0.0128374 -0.0341792
1 6.10812 7.7601 -0.00976364 -0.0285124
1 7.2249 7.76155 0.00022841 -0.0229308
1 8.34417 7.76418 0.0131819 -0.0251122
1 9.46531 7.7683 0.0226157 -0.0215226
1 10.5878 7.77304 0.0372003 -0.0188717
1 11.7103 7.77932 0.0503953 -0.0215854
1 12.8315 7.78779 0.0468222 -0.0267562
1 13.9514 7.79735 0.0276141 -0.0267041
1 15.0722 7.80651 -0.00144641 -0.0229025
1 16.196 7.81352 -0.0109065 -0.0246688
1 17.3227 7.81903 0.0149306 -0.0162034
1 18.4507 7.82229 0.0298759 -0.000201379
1 19.58 7.8232 0.0192794 0.00516436
1 20.7087 7.82341 0.00708662 0.014166
1 21.8374 7.82338 -0.00253616 0.0246607
1 22.9671 7.82363 0.00145217 0.0194789
1 24.0959 7.82385 -0.00405237 0.00830375
1 25.2241 7.82326 -0.0240018 0.00372395
1 26.3524 7.8209 -0.025803 -0.010788
1 27.4801 7.81579 -0.00483026 -0.0242882
1 28.6053 7.80948 0.00401668 -0.0195216
1 29.7277 7.80162 -0.0113836 -0.0227681
1 30.8485 7.79229 -0.0343156 -0.0264321
1 31.969 7.78381 -0.0436284 -0.0212311
1 33.0916 7.77636 -0.0399131 -0.0189961
1 34.2142 7.77133 -0.0341926 -0.0205964
1 35.3351 7.76683 -0.0283101 -0.0239723
1 36.4547 7.76356 -0.0222622 -0.0193933
1 37.573 7.76131 -0.0074248 -0.0294027
1 38.6894 7.75987 0.000995687 -0.0355145
1 39.8043 7.75886 0.00875953 -0.0359137
1 40.9168 7.7597 0.0157288 -0.0461897
1 42.0284 7.75926 0.0159019 -0.0569044
1 43.1398 7.75907 0.0171221 -0.0574048
1 44.2581 7.75835 0.0157707 -0.0495952
1 -0.0169449 8.72594 -0.0101291 -0.0521157
1 1.10026 8.72527 -0.0154692 -0.0585593
1 2.21239 8.72516 -0.0167108 -0.0513315
1 3.32474 8.72454 -0.0186581 -0.0410651
1 4.43744 8.72385 -0.010826 -0.035406
1 5.5523 8.72401 -0.00555147 -0.025938
1 6.66969 8.72469 0.000801793 -0.0200832
1 7.78784 8.72629 0.018783 -0.0191231
1 8.9069 8.7298 0.0297899 -0.0252068
1 10.0277 8.7342 0.0336856 -0.0220348
1 11.1501 8.73996 0.0409391 -0.02512
1 12.2725 8.74798 0.0444943 -0.0207059
1 13.3936 8.75618 0.0347525 -0.0184741
1 14.5144 8.76401 0.00459283 -0.0186642
1 15.6365 8.77023 -0.0126385 -0.0196261
1 16.762 8.77475 -0.000643831 -0.0187652
1 17.8901 8.77767 0.0126659 -0.00957091
1 19.0191 8.779 0.00294384 0.000697256
1 20.1478 8.77918 -0.00815231 0.00951334
1 21.2748 8.77872 -0.0108777 0.0258882
1 22.4016 8.77886 0.000169581 0.0308646
1 23.5281 8.77952 0.0109165 0.0167053
1 24.6558 8.77941 0.00516469 0.00572662
1 25.7851 8.77868 -0.0121288 -0.00306507
1 26.9137 8.77637 -0.00764639 -0.0176442
1 28.0407 8.77177 0.0146793 -0.021247
1 29.1643 8.76662 0.00852726 -0.0176763
1 30.2853 8.75971 -0.0203474 -0.0178004
1 31.4058 8.7522 -0.0407123 -0.0168332
1 32.5274 8.74428 -0.042218 -0.0237252
1 33.6502 8.73739 -0.0344447 -0.0211111
1 34.7726 8.7324 -0.0253244 -0.0249789
1 35.8936 8.72817 -0.0152329 -0.0237595
1 37.013 8.72591 -0.000334277 -0.0204204
1 38.1304 8.72499 0.006812 -0.0222783
1 39.2463 8.72423 0.00782617 -0.0340609
1 40.3603 8.72475 0.0115497 -0.0399184
1 41.4732 8.7254 0.0102871 -0.0442728
1 42.5848 8.72601 0.0122728 -0.0532922
1 43.698 8.72529 0.0213244 -0.0581872
1 0.543667 9.69362 -0.0180911 -0.0604503
1 1.65702 9.69204 -0.0133082 -0.052522
1 2.76952 9.69041 -0.0111892 -0.0419883
1 3.88281 9.68902 -0.0116323 -0.0390427
1 4.99746 9.68831 -0.0140724 -0.0308968
1 6.11359 9.68762 -0.00849632 -0.0256321
1 7.23065 9.68902 0.0100383 -0.0244299
1 8.34932 9.69169 0.0251155 -0.0272786
1 9.47016 9.69558 0.0273354 -0.0249557
1 10.5926 9.70058 0.0392235 -0.0276826
1 11.7154 9.70825 0.0446283 -0.02867
1 12.8374 9.71619 0.0393683 -0.020921
1 13.9578 9.72279 0.0219458 -0.016475
1 15.0787 9.72799 -0.0124769 -0.0153661
1 16.2023 9.73154 -0.0212951 -0.0187418
1 17.3295 9.73359 0.00129628 -0.0148257
1 18.4588 9.73434 0.000815639 -0.00980145
1 19.5878 9.7352 -0.0136607 -0.00594935
1 20.7146 9.73597 -0.0161086 0.00877851
1 21.839 9.73643 -0.00840533 0.0236264
1 22.9629 9.7365 0.0135606 0.0204011
1 24.0883 9.73585 0.0257518 0.000622511
1 25.216 9.73473 0.0130196 -0.00922792
1 26.3451 9.73403 -0.00205016 -0.0105923
1 27.4735 9.73253 0.00662299 -0.0182345
1 28.599 9.72958 0.0168835 -0.0185976
1 29.7213 9.72493 -0.00618462 -0.0147096
1 30.842 9.71899 -0.0303162 -0.0135916
1 31.9637 9.71228 -0.0401217 -0.0217577
1 33.0869 9.70467 -0.0467012 -0.0290572
1 34.2091 9.6983 -0.0358704 -0.0285476
1 35.3299 9.69385 -0.0336099 -0.028603
1 36.4489 9.69037 -0.0278573 -0.0241911
1 37.5677 9.68859 -0.00727323 -0.0229722
1 38.6856 9.68847 0.00488446 -0.0286748
1 39.8016 9.68907 0.00415328 -0.0330746
1 40.9151 9.68997 0.00876566 -0.039058
1 42.028 9.6921 0.0118451 -0.0463786
1 43.141 9.69318 0.0101526 -0.0533518
1 44.258 9.69226 0.00675989 -0.057843
1 -0.0129294 10.6626 -0.0137136 -0.0675012
1 1.10409 10.6607 -0.0144967 -0.0533747
1 2.21669 10.6575 -0.0118065 -0.0447844
1 3.32956 10.6548 -0.00973709 -0.0342722
1 4.44317 10.6529 -0.00627841 -0.0243765
1 5.55961 10.6521 -3.944e-05 -0.02415
1 6.6766 10.6528 0.0114804 -0.0260618
1 7.79453 10.6548 0.0296513 -0.0178302
1 8.91365 10.6578 0.034122 -0.0175915
1 10.0343 10.6625 0.0440108 -0.0256102
1 11.1559 10.6693 0.0499985 -0.0273829
1 12.2791 10.6771 0.0414667 -0.0175489
1 13.4011 10.6837 0.0280742 -0.00824829
1 14.5222 10.6879 -0.00292121 -0.0020244
1 15.6448 10.6903 -0.0227008 -0.00230906
1 16.7706 10.6915 -0.0114371 -0.00481319
1 17.8992 10.6912 -0.000963835 -0.00558733
1 19.0274 10.6917 -0.016753 -0.00839438
1 20.1539 10.694 -0.0283403 -0.000174952
1 21.2781 10.6961 -0.0196975 0.0170343
1 22.4006 10.6968 0.00347173 0.0253236
1 23.5231 10.6953 0.0229697 0.0100811
1 24.6483 10.6927 0.0254868 -0.00695404
1 25.7758 10.6912 0.00702832 -0.0062804
1 26.9043 10.6913 0.000620785 -0.00454176
1 28.0322 10.6909 0.0262789 -0.003991
1 29.1568 10.6889 0.0224294 -0.00391059
1 30.2776 10.6853 -0.0168631 -0.0036108
1 31.398 10.6801 -0.0337332 -0.0113658
1 32.5209 10.6731 -0.0365005 -0.0191406
1 33.6439 10.6661 -0.0398598 -0.023186
1 34.766 10.6606 -0.0357508 -0.0216222
1 35.8871 10.6567 -0.0323399 -0.0228043
1 37.0059 10.6537 -0.0133984 -0.0229265
1 38.1228 10.6523 0.00616723 -0.0243969
1 39.2397 10.6528 0.0147362 -0.0242334
1 40.3559 10.654 0.0183317 -0.0346339
1 41.4703 10.6563 0.0174623 -0.0343083
1 42.5844 10.6593 0.0214638 -0.0462843
1 43.6992 10.663 0.0295932 -0.0624819
1 0.548178 11.6317 -0.0422341 -0.0615937
1 1.66297 11.6262 -0.032187 -0.0411988
1 2.77675 11.6216 -0.0273985 -0.0270893
1 3.89127 11.6188 -0.0242914 -0.0228226
1 5.00662 11.6171 -0.0162001 -0.0234688
1 6.12233 11.6177 -0.00633927 -0.0204148
1 7.23916 11.619 0.00899022 -0.0156614
1 8.35804 11.6215 0.0266992 -0.0136504
1 9.47845 11.6258 0.0365766 -0.0171948
1 10.5993 11.6324 0.0492821 -0.0194493
1 11.7216 11.6395 0.0421578 -0.0137706
1 12.8443 11.6458 0.033229 0.00137314
1 13.9657 11.6496 0.00896639 0.0145601
1 15.0879 11.6506 -0.0281364 0.0142959
1 16.2127 11.6506 -0.0282537 0.00769066
1 17.3405 11.6503 0.00462347 0.00557839
1 18.4683 11.6501 0.00243764 0.000890778
1 19.5941 11.6523 -0.0197095 -0.000483891
1 20.7177 11.6564 -0.0220356 0.0115642
1 21.8396 11.6592 -0.00513801 0.0227889
1 22.9612 11.6581 0.0200063 0.0222257
1 24.0838 11.6542 0.0280087 0.00687142
1 25.2079 11.6508 0.0135718 -0.0040644
1 26.3344 11.6496 -0.0111827 0.00253783
1 27.4625 11.6506 0.000559033 0.00789519
1 28.5888 11.651 0.028516 0.012437
1 29.7121 11.6501 0.01215 0.0143552
1 30.8338 11.6475 -0.0182549 0.00662232
1 31.956 11.6419 -0.030683 -0.00716888
1 33.0796 11.6352 -0.0395917 -0.0127527
1 34.2019 11.6288 -0.0380458 -0.0138319
1 35.3223 11.6244 -0.0335301 -0.0139314
1 36.4409 11.6207 -0.0271091 -0.0171546
1 37.559 11.6182 -0.00917573 -0.0204349
1 38.6764 11.617 -0.00064283 -0.0232496
1 39.7927 11.6178 0.0104186 -0.0202096
1 40.9068 11.6201 0.0209029 -0.0223726
1 42.0205 11.6239 0.0294645 -0.0361509
1 43.1336 11.6296 0.0302191 -0.0464485
1 44.2495 11.6374 0.0293391 -0.0802317
1 -0.000829136 12.6073 -0.0284345 -0.0731249
1 1.11563 12.5969 -0.0405587 -0.0423278
1 2.22894 12.59 -0.0370641 -0.031489
1 3.34191 12.5852 -0.0259373 -0.0273875
1 4.45538 12.5831 -0.0099511 -0.023717
1 5.57058 12.5831 -0.00392811 -0.0259773
1 6.68738 12.5842 0.00422852 -0.0168901
1 7.80515 12.5866 0.0269059 -0.0150188
1 8.92307 12.5907 0.0388136 -0.0124562
1 10.0414 12.5965 0.0443925 -0.0129569
1 11.162 12.6032 0.0429934 -0.0062154
1 12.2856 12.6088 0.0316411 0.00905449
1 13.4091 12.6119 0.0133588 0.0223787
1 14.5322 12.6125 -0.0122836 0.0263172
1 15.6561 12.6115 -0.0188468 0.017456
1 16.7821 12.6105 0.00686239 0.00598802
1 17.9089 12.6105 0.0236577 0.00663749
1 19.0336 12.6126 0.000993541 0.00330196
1 20.1562 12.6171 -0.0227719 0.00678814
1 21.278 12.6216 -0.0197198 0.015325
1 22.4 12.6227 0.00681789 0.0183222
1 23.522 12.6194 0.0210971 0.0115283
1 24.644 12.6145 0.012073 0.00491229
1 25.7675 12.611 -0.0188147 0.00351929
1 26.8938 12.6102 -0.022858 0.00396541
1 28.021 12.6111 0.0169173 0.0137049
1 29.1458 12.6121 0.0276142 0.0228687
1 30.2688 12.6123 -0.00323816 0.0249608
1 31.3913 12.6103 -0.0293141 0.015042
1 32.5137 12.6055 -0.0402269 -0.00196735
1 33.6353 12.5993 -0.0440374 -0.0114944
1 34.7553 12.5934 -0.0333759 -0.00665156
1 35.8757 12.589 -0.0204179 -0.00906981
1 36.9947 12.5855 -0.00574563 -0.0169495
1 38.1111 12.5834 0.0130902 -0.0248832
1 39.2265 12.5827 0.0221311 -0.0270142
1 40.3414 12.5839 0.0327462 -0.0253944
1 41.455 12.5871 0.0444763 -0.0293086
1 42.5685 12.5933 0.0537971 -0.0348197
1 43.6833 12.6034 0.0714314 -0.058731
1 0.567887 13.571 -0.077686 -0.0474499
1 1.68225 13.5599 -0.0585696 -0.0331941
1 2.79531 13.5538 -0.0410199 -0.0265557
1 3.90783 13.551 -0.0312295 -0.0258967
1 5.02127 13.5502 -0.0187713 -0.0206601
1 6.13584 13.551 -0.0162138 -0.0134373
1 7.25148 13.553 0.00394828 -0.00731725
1 8.36906 13.5573 0.028087 -0.00336331
1 9.48728 13.5636 0.0421274 0.000834252
1 10.6059 13.5698 0.0415909 0.00851017
1 11.7276 13.5743 0.0317124 0.0204228
1 12.8514 13.5759 0.0247689 0.0356824
1 13.9756 13.5759 0.00544788 0.0376962
1 15.0988 13.5746 -0.0178539 0.0316547
1 16.2228 13.5728 -0.00681392 0.0214785
1 17.3488 13.5729 0.0249224 0.0169244
1 18.4733 13.5755 0.0205719 0.0225157
1 19.5953 13.5799 -0.00307107 0.0266936
1 20.7167 13.5848 -0.0138804 0.025972
1 21.839 13.5875 -0.00546084 0.022895
1 22.9621 13.5861 0.01551 0.0238984
1 24.084 13.5821 0.0134841 0.0251865
1 25.205 13.5773 -0.00650618 0.0198447
1 26.3279 13.5741 -0.0301385 0.016029
1 27.4533 13.5728 -0.0160304 0.0180035
1 28.5777 13.5737 0.00912806 0.0304721
1 29.701 13.5754 0.00864193 0.0359511
1 30.8254 13.576 -0.0061011 0.036482
1 31.9497 13.5752 -0.0244991 0.0301731
1 33.0734 13.572 -0.0416267 0.011934
1 34.1934 13.5661 -0.0493046 0.00229048
1 35.3104 13.5597 -0.0379069 -5.16374e-06
1 36.4274 13.5551 -0.0203301 -0.000781154
1 37.5442 13.5526 -0.00164669 -0.00992219
1 38.6602 13.5508 0.00563474 -0.0213407
1 39.7744 13.55 0.0157568 -0.0223407
1 40.8867 13.552 0.0332668 -0.027055
1 41.9984 13.5567 0.0448051 -0.0314917
1 43.1113 13.5649 0.0553107 -0.0372251
1 44.2293 13.5797 0.0369451 -0.044695
1 0.0203411 14.5451 -0.0329384 -0.0250324
1 1.13932 14.5321 -0.0500202 -0.0281071
1 2.25156 14.5245 -0.0420927 -0.0275941
1 3.36287 14.5205 -0.028601 -0.0169089
1 4.47438 14.5192 -0.01459 -0.0152124
1 5.5878 14.5198 -0.00755676 -0.00675468
1 6.7025 14.522 -0.000138603 -0.00331448
1 7.81724 14.526 0.0207326 -0.000530504
1 8.93171 14.5324 0.0382451 0.00375085
1 10.0482 14.5384 0.0376984 0.0198336
1 11.1697 14.5422 0.0276387 0.0346712
1 12.2949 14.5429 0.0164927 0.0464647
1 13.4202 14.541 0.00513527 0.0426833
1 14.5443 14.5397 -0.00929971 0.0376553
1 15.6666 14.5383 -0.0116921 0.0347879
1 16.7894 14.5379 0.0118326 0.0269523
1 17.9128 14.5405 0.0200446 0.0304667
1 19.0343 14.5452 0.00417471 0.0352296
1 20.1549 14.5499 -0.00394053 0.035296
1 21.2768 14.5527 -0.00666248 0.0360434
1 22.4007 14.5532 0.00512418 0.0345302
1 23.5235 14.5513 0.00639362 0.0329452
1 24.6444 14.5475 0.000626311 0.0346623
1 25.7655 14.543 -0.0183123 0.0312397
1 26.8883 14.5392 -0.0216612 0.0267204
1 28.0119 14.5379 0.00839889 0.0314985
1 29.1341 14.539 0.0128796 0.0372175
1 30.2569 14.5404 -0.00580457 0.0390786
1 31.3807 14.542 -0.0163335 0.0456682
1 32.5057 14.5429 -0.0189227 0.0375412
1 33.6291 14.5408 -0.027097 0.0253109
1 34.7476 14.5355 -0.0355429 0.00961617
1 35.864 14.5285 -0.0283074 -0.000783533
1 36.9797 14.5237 -0.00351337 -0.000221571
1 38.094 14.521 0.0176803 -0.00351796
1 39.2074 14.5199 0.0199972 -0.012969
1 40.3195 14.5199 0.0269252 -0.0198139
1 41.4307 14.5221 0.0378312 -0.0205545
1 42.5418 14.5279 0.0539147 -0.0301794
1 43.6548 14.5387 0.072555 -0.0203901
1 0.594739 15.5044 -0.0543372 -0.00182718
1 1.70772 15.4957 -0.0447836 -0.0155472
1 2.81868 15.4905 -0.0352305 -0.0115818
1 3.92939 15.4886 -0.025149 -0.00256279
1 5.04121 15.4895 -0.0212606 0.00262612
1 6.15321 15.4918 -0.0145433 0.00567157
1 7.26546 15.4965 0.00146429 0.00603415
1 8.37932 15.5029 0.0154818 0.0146559
1 9.49586 15.5087 0.0144692 0.0297192
1 10.6166 15.5113 0.00933764 0.0437349
1 11.7424 15.5111 0.0126733 0.0489844
1 12.8683 15.509 0.0217431 0.0516469
1 13.9916 15.5066 0.0079367 0.0424943
1 15.1121 15.5055 -0.0194495 0.0418173
1 16.2321 15.5059 -0.0134162 0.0436216
1 17.3538 15.5083 0.0171029 0.0404964
1 18.4752 15.5125 0.0180096 0.0394286
1 19.5958 15.5172 0.00359181 0.0414198
1 20.7169 15.5203 -0.005668 0.043504
1 21.839 15.5209 -0.00364759 0.0466136
1 22.9618 15.5206 0.00990475 0.0458717
1 24.0834 15.519 0.0037695 0.040982
1 25.2042 15.515 -0.0100808 0.0378885
1 26.3247 15.5107 -0.0205325 0.0390674
1 27.446 15.5072 -0.00468827 0.0418103
1 28.5666 15.5057 0.0131477 0.0425197
1 29.6871 15.5062 0.00878681 0.0418866
1 30.8091 15.5076 -0.00822306 0.0456188
1 31.9339 15.5102 -0.0160214 0.0496106
1 33.061 15.5117 -0.0162977 0.0466285
1 34.1844 15.5104 -0.0212594 0.0387405
1 35.3016 15.5059 -0.028291 0.0196316
1 36.4152 15.4997 -0.0214053 0.00700837
1 37.5277 15.4941 -0.000621483 0.00788948
1 38.6404 15.491 0.00426957 0.00782053
1 39.7531 15.4893 0.00693308 -0.000391313
1 40.8636 15.4895 0.0197063 -0.0048132
1 41.9734 15.4933 0.0319183 -0.0131817
1 43.085 15.4995 0.0350879 -0.00949101
1 44.2042 15.5099 0.021021 0.00619431
1 0.0463836 16.4762 -0.00247832 0.0304397
1 1.16429 16.4666 -0.0187637 0.00252392
1 2.27559 16.4614 -0.0200156 -0.000192626
1 3.38552 16.4589 -0.0127797 0.00277675
1 4.49504 16.4596 -0.00235446 0.00865705
1 5.60633 16.4635 0.000390937 0.0124453
1 6.7176 16.4691 0.00271788 0.0133001
1 7.82994 16.4753 0.0109711 0.0195768
1 8.94466 16.4796 0.0148682 0.0360607
1 10.0642 16.4815 0.0203057 0.0447057
1 11.1893 16.4807 0.0284464 0.0471064
1 12.3163 16.4788 0.0286237 0.0452161
1 13.4401 16.4768 0.0188386 0.0463373
1 14.5601 16.4757 -0.00263755 0.0484852
1 15.6779 16.4762 -0.0135899 0.0528496
1 16.7967 16.4787 0.00893442 0.0520789
1 17.9171 16.4823 0.0302542 0.0471319
1 19.0373 16.4865 0.0175196 0.0450465
1 20.1578 16.4897 -0.00425292 0.0514272
1 21.2786 16.4913 -0.00753007 0.0595431
1 22.4001 16.4916 0.00108099 0.0579928
1 23.5214 16.4909 0.00604276 0.0512269
1 24.6419 16.4884 -0.00502008 0.047761
1 25.7621 16.4846 -0.026913 0.0473596
1 26.8823 16.4808 -0.0219288 0.0502014
1 28.0029 16.4776 0.0123194 0.0503757
1 29.1212 16.476 0.0125182 0.0494985
1 30.2389 16.4761 -0.0220732 0.0466082
1 31.3598 16.4779 -0.0395294 0.0451317
1 32.4852 16.4802 -0.0280617 0.0445362
1 33.6113 16.4818 -0.0133996 0.0473815
1 34.7338 16.4814 -0.00923208 0.0377456
1 35.8524 16.4781 -0.0118639 0.0265254
1 36.9662 16.4722 -0.0028673 0.0118212
1 38.0771 16.4663 0.00551188 0.00945701
1 39.188 16.4618 0.0111757 0.00715072
1 40.2986 16.4595 0.0188882 0.00497038
1 41.4086 16.4601 0.0247918 0.000694963
1 42.5196 16.4635 0.0273163 -0.000743748
1 43.6323 16.4698 0.0370823 0.0101986
1 0.617373 17.4378 -0.0233225 0.0205755
1 1.7296 17.4323 -0.0230688 0.0090417
1 2.83968 17.43 -0.013849 0.00758299
1 3.9489 17.4314 -0.00740716 0.00801224
1 5.05818 17.4356 -0.00621332 0.0103103
1 6.16791 17.4419 -0.00521305 0.015912
1 7.27931 17.4479 0.00433538 0.0182774
1 8.39531 17.4519 0.016944 0.0282256
1 9.51499 17.4525 0.027458 0.0324195
1 10.6379 17.4517 0.0428867 0.0362339
1 11.7638 17.4498 0.0534251 0.0350553
1 12.8881 17.4488 0.054007 0.0360874
1 14.0072 17.4481 0.0307158 0.0408405
1 15.1231 17.4485 -0.0037606 0.0471209
1 16.24 17.4507 -0.0025411 0.0459899
1 17.3596 17.4541 0.0333725 0.0415763
1 18.4799 17.4575 0.0388929 0.0395076
1 19.5998 17.4607 0.0102603 0.0418616
1 20.7196 17.4632 -0.00518162 0.0513821
1 21.8395 17.4644 -0.00305544 0.0565936
1 22.96 17.4643 0.00931671 0.0563445
1 24.0802 17.4625 0.00393438 0.044512
1 25.2003 17.4592 -0.0227005 0.0387816
1 26.3202 17.4559 -0.0398619 0.0415756
1 27.4399 17.4527 -0.0217742 0.0445907
1 28.5578 17.4498 -0.00368676 0.0469436
1 29.6738 17.4486 -0.0147138 0.0447181
1 30.7913 17.4488 -0.0378832 0.035076
1 31.9132 17.4498 -0.0511276 0.0317853
1 33.039 17.451 -0.0509189 0.0342023
1 34.1641 17.4524 -0.0422326 0.0312956
1 35.285 17.4525 -0.0291971 0.0314724
1 36.4017 17.4508 -0.0142853 0.0246896
1 37.5149 17.4453 -0.00563368 0.0178422
1 38.6266 17.4391 -0.00534498 0.0106508
1 39.7368 17.4335 -0.00633887 0.00890856
1 40.8453 17.4306 -0.0020285 0.00528849
1 41.9546 17.431 0.00340101 0.00742389
1 43.0652 17.4346 0.00559659 0.0122845
1 44.1819 17.4403 -0.0127887 0.0301933
1 0.0672558 18.409 0.0219101 0.028893
1 1.18327 18.404 0.00388907 0.0248498
1 2.29239 18.4017 0.00112026 0.01531
1 3.39973 18.403 0.00733509 0.0139748
1 4.50739 18.4073 0.0121233 0.0185133
1 5.61777 18.4134 0.00666257 0.0216334
1 6.73034 18.4194 0.00966839 0.024685
1 7.84531 18.4227 0.0301339 0.0237544
1 8.96326 18.4231 0.0511029 0.0226758
1 10.084 18.4219 0.0615433 0.0202231
1 11.2079 18.4207 0.0690767 0.0204874
1 12.3323 18.4203 0.0652313 0.0192238
1 13.4531 18.421 0.0512172 0.0245687
1 14.5691 18.4217 0.0292495 0.032796
1 15.6841 18.4226 0.0153765 0.0333726
1 16.8017 18.4256 0.0313663 0.0295986
1 17.9214 18.4288 0.0521852 0.0270451
1 19.0408 18.4314 0.0292614 0.0240168
1 20.1604 18.4341 -0.00367941 0.0312985
1 21.28 18.4367 -0.00876688 0.0439436
1 22.3993 18.4375 -0.00216104 0.0454386
1 23.5194 18.4358 0.00565324 0.0368304
1 24.6391 18.433 -0.00891721 0.0260078
1 25.7584 18.4304 -0.0440946 0.0257447
1 26.878 18.4275 -0.0457335 0.0300287
1 27.9975 18.4244 -0.0112399 0.0324462
1 29.1137 18.4224 -0.0109047 0.0317421
1 30.2283 18.4217 -0.045892 0.0250612
1 31.3463 18.421 -0.0697885 0.0211215
1 32.469 18.4207 -0.0729215 0.0208233
1 33.5929 18.4218 -0.0714361 0.0196195
1 34.715 18.4232 -0.058649 0.0182118
1 35.835 18.4236 -0.0362415 0.0235235
1 36.9527 18.4217 -0.0142733 0.0234987
1 38.0662 18.4171 0.000838626 0.0206835
1 39.1772 18.4107 0.00248493 0.0207485
1 40.2861 18.4053 8.98863e-06 0.0167062
1 41.3942 18.4023 0.00297518 0.00997003
1 42.5033 18.4027 0.011663 0.0156326
1 43.6151 18.4061 0.0143723 0.0283027
1 0.631434 19.3761 -0.0135998 0.0295399
1 1.74198 19.3742 -0.000736183 0.0240344
1 2.84922 19.3754 -0.000723674 0.0230883
1 3.95637 19.3787 -0.00296088 0.0268687
1 5.06567 19.3835 0.00198699 0.0282207
1 6.17797 19.3884 0.00714894 0.0214595
1 7.29301 19.3919 0.0274909 0.0180481
1 8.4111 19.3925 0.0532929 0.00893488
1 9.5307 19.3916 0.0685367 0.00498419
1 10.6519 19.3907 0.0793093 0.00076328
1 11.7746 19.3905 0.082892 0.00134153
1 12.8966 19.3912 0.0798476 0.000333731
1 14.0142 19.3927 0.0555701 0.00302992
1 15.1281 19.3937 0.0183268 0.0106994
1 16.2434 19.3948 0.018284 0.00630068
1 17.3626 19.3973 0.0553431 0.000513971
1 18.4828 19.4 0.0542369 -0.00214868
1 19.602 19.402 0.0129797 -0.00335569
1 20.7207 19.4047 -0.00787517 0.00260293
1 21.8402 19.4068 -0.00598069 0.0102628
1 22.9601 19.4063 0.00927752 0.00782097
1 24.079 19.4037 0.0047432 -0.00120293
1 25.1977 19.4014 -0.0332184 -0.00257777
1 26.3168 19.3991 -0.0606267 -0.00146551
1 27.436 19.3962 -0.0387036 3.13108e-05
1 28.553 19.3943 -0.0202954 0.00894971
1 29.6676 19.3939 -0.0372631 0.00801818
1 30.784 19.3923 -0.0606839 -0.000578757
1 31.9042 19.3909 -0.0726283 -9.95429e-05
1 33.0277 19.3911 -0.081756 0.00157657
1 34.1503 19.3919 -0.08112 0.00227261
1 35.2699 19.3929 -0.0698727 0.00601103
1 36.3875 19.3929 -0.0504375 0.0114214
1 37.5038 19.3911 -0.0271527 0.0193559
1 38.6184 19.3864 -0.0125166 0.0294675
1 39.7301 19.3813 -0.0113772 0.0274213
1 40.8379 19.3771 -0.0101381 0.0228043
1 41.9445 19.3749 -0.00956367 0.0238805
1 43.0525 19.375 -0.0105267 0.0245319
1 44.1672 19.3788 -0.0206473 0.0241316
1 0.0779705 20.3493 0.00550093 0.0244209
1 1.19086 20.3483 0.00232345 0.0222204
1 2.29744 20.3492 0.00578229 0.0302204
1 3.40407 20.351 0.00507074 0.0269561
1 4.51251 20.3538 0.013302 0.0207032
1 5.62511 20.357 0.0238678 0.0152203
1 6.74044 20.3603 0.0349737 0.00913837
1 7.85726 20.3618 0.0589231 0.00105558
1 8.97434 20.3623 0.0765599 -0.0091797
1 10.0928 20.3612 0.0850475 -0.0121949
1 11.2142 20.3605 0.0877298 -0.0140959
1 12.3371 20.3605 0.082093 -0.0157676
1 13.4571 20.3619 0.0643245 -0.018748
1 14.5732 20.3635 0.036286 -0.0177458
1 15.6877 20.3638 0.0246991 -0.0209112
1 16.8042 20.3644 0.0432079 -0.0309044
1 17.9234 20.3659 0.0640915 -0.0363836
1 19.0429 20.3682 0.0354818 -0.0400403
1 20.1614 20.3705 -0.00363292 -0.0394164
1 21.2801 20.3722 -0.0126526 -0.0386987
1 22.3997 20.3727 -0.000295808 -0.0403137
1 23.5196 20.3718 0.0073142 -0.0395117
1 24.6378 20.3698 -0.0121296 -0.0392059
1 25.7561 20.3677 -0.0524255 -0.0367645
1 26.8756 20.3654 -0.0587745 -0.0355104
1 27.9945 20.3642 -0.0229459 -0.0279915
1 29.1099 20.3638 -0.0186273 -0.020549
1 30.2243 20.363 -0.057163 -0.0175771
1 31.3413 20.3617 -0.0857405 -0.0168541
1 32.463 20.361 -0.0853102 -0.0159377
1 33.5856 20.3613 -0.0807729 -0.0152525
1 34.7057 20.3625 -0.0717253 -0.00817006
1 35.8246 20.3629 -0.0634392 -0.00441367
1 36.9427 20.362 -0.0436997 0.00481184
1 38.0584 20.3592 -0.021639 0.0101013
1 39.1714 20.3558 -0.0103729 0.0188441
1 40.2821 20.3527 -0.0055087 0.0266659
1 41.3901 20.3505 -0.00258001 0.0301429
1 42.497 20.3486 0.000929658 0.0254288
1 43.6063 20.3486 0.0100638 0.0188093
1 0.635177 21.3231 -0.0187445 0.0236847
1 1.74397 21.3249 -0.0106887 0.0274674
1 2.85138 21.3253 -0.00104215 0.0322825
1 3.9603 21.3263 0.0113109 0.0292007
1 5.07139 21.3282 0.0206203 0.019369
1 6.1843 21.3308 0.0272309 0.0150936
1 7.29928 21.3327 0.0442345 0.0141895
1 8.41656 21.3339 0.066305 0.00892839
1 9.53557 21.3339 0.0761626 0.00644925
1 10.6557 21.3327 0.0832816 0.00271552
1 11.7778 21.3317 0.083601 0.00371531
1 12.899 21.3324 0.0839597 0.00534361
1 14.0159 21.3337 0.0558824 0.00229402
1 15.1302 21.3342 0.016668 -0.00584188
1 16.2457 21.3339 0.0197112 -0.0131255
1 17.3645 21.3338 0.0555747 -0.0150104
1 18.4838 21.3355 0.0494257 -0.0187037
1 19.6024 21.3374 0.0128245 -0.0224725
1 20.7208 21.3386 -0.00578985 -0.0240331
1 21.8403 21.3389 -0.00597689 -0.0229439
1 22.96 21.3389 0.00790225 -0.0228052
1 24.0788 21.3382 0.00533131 -0.0234677
1 25.1971 21.3368 -0.0280953 -0.0197158
1 26.3156 21.335 -0.0592065 -0.0166456
1 27.4343 21.3341 -0.0399973 -0.0164843
1 28.5512 21.3343 -0.0201901 -0.0113499
1 29.666 21.3345 -0.0346367 -0.00251851
1 30.7822 21.3336 -0.0629675 0.00453206
1 31.9019 21.3324 -0.0782658 0.00518102
1 33.0247 21.3328 -0.0872706 0.0034692
1 34.1457 21.3341 -0.0918688 0.00346856
1 35.2641 21.3349 -0.0827114 0.00784981
1 36.3811 21.3344 -0.0659385 0.0116783
1 37.497 21.3326 -0.0408747 0.0160451
1 38.6117 21.3301 -0.0350675 0.0154432
1 39.7248 21.3277 -0.0279433 0.0230966
1 40.8344 21.3261 -0.00880717 0.0334695
1 41.9417 21.3255 0.00208011 0.035697
1 43.0483 21.3246 0.00717711 0.0250329
1 44.1603 21.3225 0.000328293 0.019997
1 0.080434 22.2966 -0.00301202 0.0132863
1 1.19268 22.3007 -0.00812533 0.0250099
1 2.30043 22.3014 0.000285932 0.0313091
1 3.40841 22.3006 0.0151717 0.0270646
1 4.51793 22.3009 0.0316872 0.0291404
1 5.63023 22.3028 0.0387057 0.0279592
1 6.74404 22.3049 0.0456355 0.0301781
1 7.85941 22.3063 0.0671933 0.0286477
1 8.97616 22.3064 0.0879587 0.027562
1 10.0946 22.3057 0.0933718 0.0264289
1 11.216 22.3046 0.0841585 0.0323023
1 12.3381 22.3043 0.0764257 0.0325239
1 13.4572 22.3051 0.0618051 0.034389
1 14.5737 22.3058 0.034575 0.0324602
1 15.6889 22.3058 0.015818 0.0257978
1 16.8056 22.3052 0.0343381 0.024594
1 17.924 22.3053 0.0558602 0.0270231
1 19.0428 22.3068 0.027856 0.0259421
1 20.1616 22.3079 -0.00791221 0.025693
1 21.2804 22.3078 -0.0142676 0.0256485
1 22.3999 22.3075 0.00365145 0.0269984
1 23.5195 22.3079 0.00822421 0.0259067
1 24.6377 22.3073 -0.0102857 0.0256161
1 25.7559 22.306 -0.0436966 0.0265031
1 26.8746 22.3054 -0.0479835 0.0264843
1 27.9932 22.306 -0.0151536 0.0247179
1 29.109 22.3063 -0.0166095 0.0269114
1 30.2243 22.306 -0.0541533 0.0340672
1 31.3414 22.3054 -0.0797208 0.0346174
1 32.4615 22.3052 -0.0822196 0.0339373
1 33.5832 22.3061 -0.0836728 0.0287624
1 34.7035 22.3069 -0.0831926 0.0239585
1 35.8224 22.3074 -0.0726631 0.0262543
1 36.9393 22.3065 -0.0483258 0.0287926
1 38.0537 22.3049 -0.0338699 0.0301652
1 39.166 22.3025 -0.0307211 0.0283251
1 40.2766 22.3014 -0.01724 0.0283287
1 41.3854 22.3012 0.00035054 0.0298169
1 42.4942 22.3017 0.0143335 0.0315805
1 43.6052 22.2995 0.0293719 0.0220631
1 0.634668 23.2753 -0.0255082 0.00563958
1 1.74686 23.2764 -0.00893666 0.0112828
1 2.85693 23.276 0.00798071 0.0108297
1 3.9659 23.2756 0.0204228 0.0106869
1 5.07509 23.2758 0.0309108 0.0108606
1 6.18632 23.2767 0.0382697 0.0178014
1 7.30058 23.2774 0.0572844 0.0168617
1 8.41819 23.2778 0.0786921 0.0145926
1 9.53666 23.2778 0.0848332 0.0153607
1 10.6564 23.2774 0.0838564 0.0182707
1 11.7778 23.2771 0.0840487 0.0192169
1 12.8983 23.2772 0.0835309 0.0207401
1 14.0156 23.2772 0.0553607 0.0200997
1 15.1309 23.2774 0.0113772 0.0176358
1 16.2471 23.2777 0.00958889 0.0205198
1 17.3657 23.2774 0.0456725 0.020269
1 18.4841 23.2776 0.043118 0.0194884
1 19.6026 23.2782 0.00926215 0.0214126
1 20.7214 23.2783 -0.00921207 0.021534
1 21.8406 23.2778 -0.00664942 0.021058
1 22.9598 23.278 0.011492 0.0214666
1 24.0783 23.2782 0.0121311 0.0222397
1 25.1968 23.2777 -0.0252146 0.0215829
1 26.3149 23.2772 -0.0553784 0.0198343
1 27.4332 23.2778 -0.0332853 0.02066
1 28.5505 23.2783 -0.0152265 0.0184564
1 29.6658 23.2781 -0.0349352 0.019704
1 30.7822 23.2781 -0.0609308 0.0218125
1 31.9015 23.2779 -0.0760064 0.0186741
1 33.0236 23.2777 -0.0806263 0.0189532
1 34.145 23.2782 -0.0857805 0.018564
1 35.2634 23.2787 -0.0885968 0.0153502
1 36.3801 23.2788 -0.0769707 0.015
1 37.4957 23.2783 -0.0569094 0.019301
1 38.6093 23.2773 -0.0414838 0.0138216
1 39.7204 23.2763 -0.0314803 0.0126695
1 40.829 23.2763 -0.0176843 0.0107163
1 41.9375 23.2769 -0.00765981 0.0135949
1 43.0471 23.2766 0.00581298 0.0133167
1 44.1598 23.2744 0.00571026 0.00825764
1 0.0802411 24.2532 -0.00222794 -0.00758662
1 1.19308 24.2512 -0.00396768 -0.0129433
1 2.30251 24.2507 0.00759932 -0.0123466
1 3.41094 24.2513 0.0171239 -0.0111704
1 4.51967 24.2514 0.030923 -0.0128912
1 5.63076 24.2505 0.0409047 -0.0125517
1 6.74421 24.2496 0.0547631 -0.0173283
1 7.85973 24.2492 0.0756576 -0.0139008
1 8.9764 24.2493 0.0872009 -0.0145752
1 10.0948 24.2497 0.0851214 -0.017816
1 11.2161 24.2503 0.0824258 -0.0182187
1 12.3382 24.2501 0.0779173 -0.0185224
1 13.4577 24.2498 0.0624823 -0.0216693
1 14.5742 24.2498 0.0345752 -0.0193278
1 15.6895 24.2497 0.0135946 -0.0171617
1 16.8067 24.25 0.0328302 -0.0178691
1 17.9249 24.2505 0.0551301 -0.0162489
1 19.0432 24.2498 0.0262396 -0.0183757
1 20.162 24.2492 -0.0111216 -0.0206347
1 21.2805 24.2494 -0.0146403 -0.0201976
1 22.3992 24.2495 0.00372623 -0.0198175
1 23.5188 24.2492 0.00965182 -0.0197288
1 24.6375 24.2493 -0.00561606 -0.0184306
1 25.7558 24.25 -0.0424511 -0.0165983
1 26.874 24.2504 -0.0473655 -0.0171759
1 27.9928 24.2502 -0.0111764 -0.0187378
1 29.1092 24.2506 -0.0116338 -0.0166756
1 30.2244 24.2508 -0.0541226 -0.0198352
1 31.3415 24.2507 -0.0821699 -0.020271
1 32.4618 24.2508 -0.0832909 -0.0188127
1 33.5833 24.2505 -0.0824246 -0.0178481
1 34.703 24.2502 -0.0847815 -0.0147763
1 35.8214 24.2501 -0.0783473 -0.0137099
1 36.9391 24.2505 -0.0582299 -0.0153847
1 38.0535 24.2511 -0.0390273 -0.0163419
1 39.1649 24.2521 -0.0316125 -0.00991459
1 40.2741 24.2521 -0.0216387 -0.0102198
1 41.3829 24.2516 -0.00860501 -0.0103275
1 42.4932 24.2513 0.00888322 -0.0107893
1 43.6056 24.2525 0.0244665 -0.00574992
1 0.634845 25.2282 -0.0287373 -0.0220328
1 1.74578 25.2258 -0.0133078 -0.0314104
1 2.85442 25.2263 0.000461409 -0.0311395
1 3.96346 25.2262 0.0158436 -0.030111
1 5.07389 25.2252 0.0288825 -0.0297496
1 6.18606 25.223 0.0323698 -0.0314379
1 7.30028 25.2215 0.0476453 -0.0296621
1 8.41722 25.2206 0.0731135 -0.0269752
1 9.53601 25.221 0.0830191 -0.0246756
1 10.6564 25.2219 0.0843836 -0.0289331
1 11.7782 25.2228 0.0836285 -0.0341004
1 12.8986 25.2225 0.081321 -0.0351122
1 14.0159 25.2219 0.0558033 -0.034542
1 15.131 25.2216 0.0161571 -0.0277306
1 16.2468 25.2219 0.013563 -0.0236128
1 17.3653 25.2224 0.0463873 -0.0260485
1 18.4844 25.2216 0.0433778 -0.0254702
1 19.6027 25.2202 0.0119043 -0.0252926
1 20.7209 25.2196 -0.00835934 -0.0258952
1 21.8401 25.2199 -0.00727933 -0.0271019
1 22.9598 25.2196 0.0122679 -0.0252764
1 24.0785 25.2197 0.0090065 -0.024976
1 25.1969 25.2208 -0.0257033 -0.0255392
1 26.3156 25.2223 -0.0546654 -0.0259419
1 27.434 25.2226 -0.0339418 -0.0243523
1 28.5508 25.2222 -0.0161815 -0.0257503
1 29.666 25.2221 -0.0345779 -0.0330139
1 30.7825 25.2228 -0.0606276 -0.0348499
1 31.9015 25.2236 -0.07476 -0.0327336
1 33.0238 25.2232 -0.0826314 -0.0326881
1 34.1452 25.2221 -0.0935551 -0.0266445
1 35.2638 25.2215 -0.0886355 -0.0283203
1 36.3806 25.2215 -0.068595 -0.0294441
1 37.496 25.2229 -0.0466734 -0.0314003
1 38.6099 25.225 -0.0384759 -0.0283506
1 39.7222 25.2269 -0.0317712 -0.0296194
1 40.8317 25.2271 -0.0161759 -0.0275463
1 41.9398 25.2262 -0.000376182 -0.0326688
1 43.0478 25.2269 0.00832388 -0.0260471
1 44.16 25.2309 0.00178246 -0.0122461
1 0.0794937 26.205 0.00338224 -0.0204506
1 1.19172 26.2028 -0.0046037 -0.0238724
1 2.29826 26.2018 -0.00156417 -0.0357139
1 3.40566 26.2013 0.0077323 -0.0336904
1 4.51525 26.1999 0.0270377 -0.0241531
1 5.62833 26.1976 0.0337253 -0.0178058
1 6.74294 26.1951 0.0382976 -0.0171466
1 7.8589 26.1935 0.0642561 -0.0121691
1 8.97578 26.193 0.0825309 -0.00766343
1 10.0941 26.1939 0.0918057 -0.00366894
1 11.2152 26.1951 0.0888625 -0.00263788
1 12.3379 26.1954 0.080806 -0.00471751
1 13.4577 26.1943 0.065287 -0.00461815
1 14.574 26.1933 0.0359484 0.00182697
1 15.6888 26.1934 0.02101 0.0101297
1 16.8056 26.1936 0.0403016 0.0154979
1 17.9244 26.1926 0.0588233 0.0147587
1 19.0431 26.1907 0.0276886 0.0184164
1 20.1616 26.1892 -0.0057205 0.0213683
1 21.2802 26.1886 -0.00981719 0.0218994
1 22.3996 26.1885 0.00159965 0.0215608
1 23.5193 26.1888 0.00565584 0.0225817
1 24.6377 26.1901 -0.0110251 0.0209973
1 25.756 26.1921 -0.0488658 0.0162032
1 26.875 26.1938 -0.0559945 0.013846
1 27.9941 26.1939 -0.0209493 0.0117
1 29.1097 26.1937 -0.0169146 0.00606956
1 30.2241 26.1941 -0.0550962 -0.00259351
1 31.3409 26.1954 -0.0831074 -0.00584127
1 32.4619 26.196 -0.0825974 -0.00469243
1 33.584 26.1951 -0.0821658 -0.00312436
1 34.7041 26.1939 -0.0755604 -0.00643762
1 35.8232 26.1938 -0.0661418 -0.00902462
1 36.9404 26.195 -0.0453789 -0.0148073
1 38.0555 26.197 -0.0280831 -0.0158677
1 39.1686 26.1996 -0.0211463 -0.0200471
1 40.2799 26.2014 -0.0118642 -0.0294459
1 41.3886 26.2023 0.00185416 -0.032674
1 42.4963 26.2026 0.011381 -0.0283407
1 43.6053 26.2043 0.017911 -0.0228007
1 0.633809 27.1787 -0.00967799 -0.0185925
1 1.74296 27.1785 -3.66373e-05 -0.0240418
1 2.84976 27.1769 0.00297832 -0.0286955
1 3.95782 27.1747 0.00483104 -0.0249786
1 5.06842 27.1717 0.00899032 -0.0182423
1 6.18138 27.1684 0.0198617 -0.0104165
1 7.29695 27.1657 0.0411996 -0.00510751
1 8.41499 27.1649 0.0618688 0.00513613
1 9.53389 27.1653 0.0719787 0.00844762
1 10.6541 27.1665 0.0823911 0.0157255
1 11.7769 27.1667 0.0868379 0.0172206
1 12.8987 27.1661 0.0867175 0.0174669
1 14.0159 27.1648 0.0574885 0.0175929
1 15.1302 27.1639 0.0184563 0.0198214
1 16.2455 27.1634 0.0220783 0.0273161
1 17.3643 27.1621 0.0586472 0.0337636
1 18.4841 27.1598 0.0535354 0.0361071
1 19.6026 27.1576 0.0141511 0.0367073
1 20.7207 27.1557 -0.00694648 0.0371307
1 21.8402 27.1549 -0.00393838 0.0379315
1 22.9601 27.1553 0.0109435 0.0374863
1 24.0787 27.1571 0.00364464 0.0382411
1 25.1969 27.1594 -0.0344754 0.0375858
1 26.3161 27.1617 -0.0636776 0.0348814
1 27.4354 27.1633 -0.0428375 0.0299326
1 28.5521 27.1639 -0.0240646 0.0216759
1 29.6667 27.1643 -0.035214 0.0177154
1 30.7829 27.1658 -0.0629216 0.0185921
1 31.9027 27.1672 -0.079883 0.0154712
1 33.0258 27.1671 -0.086653 0.0135079
1 34.1472 27.1663 -0.0848241 0.0125085
1 35.2657 27.1653 -0.0764772 0.00986642
1 36.3828 27.1658 -0.0602879 0.000131507
1 37.4995 27.1674 -0.0366612 -0.00836373
1 38.6149 27.1707 -0.0239153 -0.0145365
1 39.7277 27.1739 -0.0126247 -0.0196209
1 40.8362 27.1767 -0.00539216 -0.0263376
1 41.9429 27.1783 -0.0058801 -0.0296916
1 43.0498 27.179 -0.000888635 -0.0215931
1 44.1629 27.1781 -0.00330729 -0.0256452
1 0.0729642 28.1486 0.0194899 -0.0235215
1 1.18773 28.1522 0.0100449 -0.0252105
1 2.29555 28.1524 0.0091199 -0.0240559
1 3.40211 28.1503 0.0103408 -0.0217209
1 4.50986 28.1461 0.0130174 -0.0265734
1 5.62137 28.141 0.0125963 -0.0298956
1 6.73594 28.1364 0.0258978 -0.0202377
1 7.85226 28.1348 0.0483512 -0.0126691
1 8.96994 28.1349 0.0682295 -0.00662657
1 10.0896 28.1359 0.0802208 -0.00233674
1 11.2123 28.1367 0.0826308 -0.00122765
1 12.3356 28.137 0.0749369 0.000659411
1 13.4559 28.1356 0.0618452 0.000985399
1 14.5723 28.134 0.0379069 -0.0071048
1 15.6868 28.1335 0.0207057 -0.00918913
1 16.8037 28.1315 0.0392511 0.000132467
1 17.9231 28.1286 0.0609368 0.00139935
1 19.0424 28.1263 0.0344775 0.00281598
1 20.1612 28.124 -0.00362575 -9.66861e-05
1 21.28 28.1215 -0.0116273 -0.00930882
1 22.3996 28.1209 0.000986098 -0.0103908
1 23.5196 28.123 0.0070986 -0.00247472
1 24.6382 28.1259 -0.0111537 0.00279506
1 25.7571 28.1279 -0.0527073 0.000758111
1 26.8771 28.1304 -0.055329 -0.000316761
1 27.9965 28.1329 -0.0183851 -0.00530814
1 29.112 28.134 -0.0177172 -0.00930594
1 30.2261 28.135 -0.0550793 -0.00295687
1 31.3435 28.1365 -0.079436 -0.00058832
1 32.4653 28.1372 -0.081164 -0.00153362
1 33.5879 28.137 -0.0784079 -0.00043245
1 34.7089 28.136 -0.0692683 -0.0043411
1 35.8286 28.1352 -0.0545153 -0.0082137
1 36.9466 28.1359 -0.0290982 -0.0176983
1 38.0618 28.1393 -0.00865607 -0.0216952
1 39.1745 28.1441 -0.00265514 -0.0289123
1 40.284 28.1489 0.00231807 -0.0268277
1 41.3911 28.1522 -0.000204081 -0.0228636
1 42.4984 28.1531 -0.000379619 -0.0249145
1 43.6091 28.1512 0.0146765 -0.0289486
1 0.62521 29.121 -0.014529 -0.0282834
1 1.73681 29.1246 -0.013713 -0.0151817
1 2.84572 29.1251 -0.0038383 -0.0111976
1 3.95392 29.1221 0.000645589 -0.0175837
1 5.06269 29.1166 -0.00174728 -0.0202767
1 6.17341 29.1103 -0.00110534 -0.0207157
1 7.28671 29.1059 0.0130647 -0.0247605
1 8.40434 29.1041 0.035042 -0.0244915
1 9.52451 29.1046 0.057011 -0.0190553
1 10.6468 29.106 0.0718669 -0.01929
1 11.7709 29.1071 0.0747341 -0.0203311
1 12.8939 29.1067 0.0704979 -0.0197709
1 14.012 29.106 0.0456666 -0.0239435
1 15.1265 29.1053 0.0103244 -0.0314057
1 16.2426 29.1033 0.0106374 -0.0320541
1 17.3619 29.1002 0.0457495 -0.0289714
1 18.4817 29.0972 0.0450554 -0.0237529
1 19.601 29.0946 0.0111057 -0.0251644
1 20.7208 29.0919 -0.00525273 -0.0363267
1 21.8405 29.0903 -0.00181972 -0.0442972
1 22.9601 29.091 0.00837507 -0.0426626
1 24.0796 29.0936 0.00483885 -0.0298304
1 25.1991 29.0964 -0.0278572 -0.0240897
1 26.3184 29.0988 -0.0528896 -0.0271086
1 27.4381 29.1019 -0.0319423 -0.0286063
1 28.5559 29.1047 -0.0149786 -0.0317302
1 29.671 29.1059 -0.0288455 -0.0319701
1 30.7869 29.1066 -0.0493008 -0.0232422
1 31.9075 29.1073 -0.0629734 -0.0184264
1 33.0321 29.107 -0.0676901 -0.0192825
1 34.1559 29.1057 -0.0625822 -0.0193901
1 35.2766 29.1047 -0.0525671 -0.0225652
1 36.3946 29.105 -0.031894 -0.0239065
1 37.5096 29.1083 -0.0103364 -0.0251401
1 38.6224 29.114 -0.00748699 -0.0216471
1 39.7329 29.1202 -0.0130788 -0.0189355
1 40.8408 29.1246 -0.00834652 -0.0142695
1 41.948 29.1259 -0.00103822 -0.0150697
1 43.0571 29.1234 -0.0016899 -0.0243746
1 44.1731 29.1183 -0.0183779 -0.0265652
1 0.0586246 30.0866 0.0113823 -0.0301312
1 1.17502 30.0927 -0.0063035 -0.01109
1 2.28547 30.0962 -0.00416727 -0.0069285
1 3.39486 30.0965 0.00132206 -0.00532213
1 4.50325 30.0937 0.00649165 -0.00845709
1 5.61328 30.0882 0.00590875 -0.00982186
1 6.72474 30.0819 0.00582911 -0.0168594
1 7.83811 30.0764 0.0142721 -0.0244685
1 8.95474 30.0747 0.0289048 -0.0314391
1 10.0758 30.075 0.0414883 -0.0304642
1 11.2009 30.0764 0.052099 -0.0347915
1 12.3267 30.0777 0.0530664 -0.0310737
1 13.4488 30.0787 0.039204 -0.0340107
1 14.5664 30.0788 0.0148124 -0.0430266
1 15.6823 30.0776 0.00308612 -0.0463674
1 16.8001 30.0746 0.0211673 -0.0433756
1 17.9198 30.0714 0.0395241 -0.0399897
1 19.0397 30.0681 0.0239294 -0.0366829
1 20.1599 30.0649 -0.00301667 -0.04383
1 21.28 30.0632 -0.00950515 -0.0547279
1 22.4005 30.063 0.00125071 -0.0543907
1 23.5207 30.0642 0.0047121 -0.0486878
1 24.6404 30.0667 -0.00914058 -0.0408572
1 25.7601 30.0699 -0.0380258 -0.0389686
1 26.8802 30.073 -0.0345043 -0.0407384
1 28 30.0763 0.00183485 -0.0443018
1 29.1171 30.0787 0.0031672 -0.0457187
1 30.2331 30.0792 -0.0308947 -0.0397169
1 31.3518 30.0786 -0.052494 -0.0346281
1 32.4759 30.0775 -0.0517958 -0.032565
1 33.6016 30.0757 -0.0424035 -0.0351909
1 34.7244 30.0749 -0.0283405 -0.0309296
1 35.8442 30.0755 -0.0175563 -0.0285531
1 36.9604 30.0794 -0.00577229 -0.0183252
1 38.0721 30.0854 0.00346675 -0.0147129
1 39.182 30.0917 0.00507711 -0.00828698
1 40.2914 30.0959 0.00558357 -0.00617103
1 41.4006 30.0975 0.0129084 -0.00726588
1 42.5107 30.0952 0.0235135 -0.00883661
1 43.6228 30.0895 0.0266126 -0.019445
1 0.608043 31.0575 -0.0368117 -0.011568
1 1.72077 31.0638 -0.0282797 0.000694634
1 2.83171 31.0671 -0.025397 0.00122341
1 3.94158 31.0676 -0.0197356 -0.00465625
1 5.05202 31.0654 -0.0112408 -0.00680157
1 6.16263 31.0609 -0.00604098 -0.00862623
1 7.27339 31.055 0.00214189 -0.0105908
1 8.38723 31.0491 0.0125761 -0.0241455
1 9.50568 31.0459 0.00950381 -0.0375713
1 10.6283 31.0454 0.0145499 -0.0470282
1 11.7546 31.0471 0.0292241 -0.044373
1 12.8804 31.0494 0.0400524 -0.0444774
1 14.0016 31.0512 0.0210636 -0.0454962
1 15.1193 31.0513 -0.013694 -0.0477068
1 16.2373 31.0497 -0.0131642 -0.049215
1 17.3577 31.0466 0.0214777 -0.0482769
1 18.4781 31.0426 0.0272916 -0.045393
1 19.5984 31.0389 0.00529664 -0.0459464
1 20.719 31.0365 -0.00509108 -0.0496765
1 21.8401 31.0358 -0.00275218 -0.0558683
1 22.9615 31.0361 0.00948123 -0.0566048
1 24.0822 31.0377 0.00623135 -0.0488425
1 25.2025 31.0409 -0.0159344 -0.043635
1 26.3226 31.0447 -0.031995 -0.0456437
1 27.443 31.0483 -0.00998247 -0.0499555
1 28.5619 31.0509 0.0127783 -0.0514431
1 29.6799 31.0515 0.00301522 -0.048134
1 30.7998 31.0505 -0.016777 -0.044549
1 31.9234 31.0486 -0.0265898 -0.043624
1 33.0505 31.0467 -0.0270786 -0.0451004
1 34.1756 31.0459 -0.0210413 -0.0444737
1 35.2951 31.0477 -0.01485 -0.0354757
1 36.41 31.0519 -0.0112722 -0.0186073
1 37.5223 31.0581 -0.00448614 -0.0118667
1 38.6338 31.0638 -0.00258991 -0.0103198
1 39.7451 31.0678 0.00125304 -0.00691744
1 40.8547 31.0686 0.0118075 -0.00123208
1 41.9645 31.0662 0.0194564 0.00033786
1 43.0758 31.0608 0.0194055 -0.00307811
1 44.1934 31.0512 0.00408217 -0.02974
1 0.0362757 32.0174 -0.0199087 -0.0075197
1 1.15542 32.0278 -0.0351043 0.00775692
1 2.26693 32.0339 -0.0319649 0.0118343
1 3.37681 32.0377 -0.0208204 0.00397921
1 4.48713 32.0378 -0.00729011 -0.000759697
1 5.5996 32.0362 -0.00530864 -0.00987149
1 6.71223 32.033 -0.000676466 -0.00954625
1 7.82478 32.0274 0.02063 -0.00873125
1 8.93831 32.0212 0.0287617 -0.0217137
1 10.0555 32.0168 0.0216847 -0.040223
1 11.1789 32.0156 0.0185608 -0.0486095
1 12.306 32.017 0.0186619 -0.0511115
1 13.431 32.0196 0.00910371 -0.0469317
1 14.5532 32.021 -0.00964193 -0.0424373
1 15.6736 32.0216 -0.0142171 -0.0433373
1 16.794 32.0202 0.00342612 -0.0424323
1 17.9153 32.0167 0.0193366 -0.0398987
1 19.036 32.0123 0.0105675 -0.0383189
1 20.1568 32.0084 -0.00292683 -0.0412679
1 21.2784 32.0068 -0.00938169 -0.045542
1 22.4012 32.0066 0.00222156 -0.0462997
1 23.5235 32.0072 0.00587346 -0.043357
1 24.6444 32.0101 -0.00177252 -0.0412058
1 25.7647 32.0147 -0.0164163 -0.0392938
1 26.8859 32.0187 -0.0167751 -0.0408403
1 28.0078 32.0211 0.0128782 -0.0442549
1 29.1279 32.0216 0.0178273 -0.0434967
1 30.2485 32.0207 -0.0085731 -0.0428749
1 31.3714 32.0184 -0.0212535 -0.0524934
1 32.4972 32.0163 -0.0111111 -0.0503403
1 33.6229 32.0161 -0.00774677 -0.045267
1 34.7437 32.0185 -0.013842 -0.0317816
1 35.8604 32.0243 -0.0159367 -0.0177648
1 36.9743 32.0306 -0.00365022 -0.00710719
1 38.0865 32.0354 0.012382 -0.00616696
1 39.1987 32.0378 0.020488 -0.00395386
1 40.3106 32.0388 0.0248046 0.00172688
1 41.4214 32.0369 0.0357685 0.010204
1 42.5324 32.0318 0.0448165 0.0147032
1 43.6453 32.0232 0.0560723 0.00139202
1 0.585368 32.9886 -0.0696807 0.0199638
1 1.69846 32.9992 -0.0543723 0.0291841
1 2.80975 33.005 -0.0384214 0.0207314
1 3.92088 33.0072 -0.0284182 0.0198074
1 5.03287 33.0072 -0.0207281 0.0126057
1 6.14594 33.006 -0.0190721 0.00248076
1 7.2601 33.0034 0.00226334 -0.000524835
1 8.37581 32.9985 0.0271734 1.68073e-05
1 9.4921 32.9915 0.0347921 -0.0106079
1 10.6107 32.9862 0.0286914 -0.0265088
1 11.7342 32.9841 0.0217464 -0.0378697
1 12.8593 32.985 0.0172962 -0.0463145
1 13.9834 32.9865 0.00493438 -0.0397937
1 15.1062 32.988 -0.0142666 -0.0374228
1 16.2282 32.9893 -0.0085141 -0.0325735
1 17.3515 32.988 0.0215132 -0.0277416
1 18.4745 32.9841 0.0186709 -0.0327094
1 19.5958 32.9796 -0.000816041 -0.0360122
1 20.7167 32.9759 -0.00735271 -0.0339639
1 21.8395 32.9741 -0.00676086 -0.035016
1 22.9634 32.9745 0.00875617 -0.0366146
1 24.0853 32.9773 0.0063011 -0.0356394
1 25.2058 32.9818 -0.00270312 -0.0356154
1 26.3272 32.9864 -0.0210297 -0.0309841
1 27.4504 32.9889 -0.0134263 -0.0277553
1 28.5732 32.9887 0.00969922 -0.035845
1 29.6955 32.9874 0.00945789 -0.0381062
1 30.8196 32.9862 -0.00428372 -0.0430174
1 31.9447 32.9844 -0.014743 -0.0473247
1 33.07 32.9851 -0.0255375 -0.0361147
1 34.1916 32.9887 -0.0370399 -0.0210772
1 35.3081 32.9946 -0.0379472 -0.00455272
1 36.4226 33.001 -0.0214803 0.000496693
1 37.5372 33.0051 -0.00147243 0.00327392
1 38.652 33.0074 0.00623634 0.00647316
1 39.7655 33.008 0.0149788 0.0144194
1 40.8772 33.0067 0.0285704 0.0165383
1 41.9884 33.0028 0.0427519 0.0280763
1 43.1007 32.9954 0.0500665 0.0282918
1 44.2197 32.9823 0.034804 0.0240966
1 0.0109326 33.9479 -0.0344628 0.0430002
1 1.12905 33.9624 -0.0551233 0.0371312
1 2.24188 33.9705 -0.0450463 0.0317971
1 3.3537 33.9753 -0.034653 0.0269819
1 4.46584 33.9772 -0.0165292 0.0226334
1 5.57999 33.9765 -0.00748042 0.0214562
1 6.69573 33.9747 0.000949114 0.0101506
1 7.81241 33.972 0.0204733 0.000754152
1 8.9294 33.9674 0.0375872 -0.000843046
1 10.0464 33.961 0.0485115 -0.00330198
1 11.1666 33.9552 0.0428347 -0.0122235
1 12.2901 33.952 0.0262516 -0.02977
1 13.4145 33.9511 0.00721127 -0.0360504
1 14.5389 33.9517 -0.00894673 -0.0360429
1 15.6622 33.9535 -0.0100191 -0.0312252
1 16.7865 33.9545 0.0152559 -0.0190338
1 17.9121 33.9532 0.0307692 -0.0176593
1 19.035 33.95 0.00774236 -0.021095
1 20.1561 33.9452 -0.0128417 -0.0259859
1 21.2779 33.9411 -0.0162805 -0.024923
1 22.4011 33.9398 0.0028389 -0.0235985
1 23.5237 33.9424 0.0121138 -0.0264694
1 24.6453 33.9473 0.00379522 -0.0263716
1 25.767 33.9516 -0.0200625 -0.0224064
1 26.891 33.9541 -0.0255769 -0.0173567
1 28.0171 33.9544 0.00580089 -0.0226044
1 29.1413 33.9527 0.0175464 -0.0329967
1 30.2645 33.9515 -0.00514993 -0.0378995
1 31.3884 33.9514 -0.0242724 -0.0358457
1 32.5122 33.953 -0.0293534 -0.0218185
1 33.6338 33.9574 -0.0406737 -0.00924866
1 34.7524 33.9636 -0.0428899 -0.0013633
1 35.8706 33.9698 -0.0290014 0.00366422
1 36.9881 33.9742 -0.00477951 0.00812488
1 38.1038 33.9764 0.0162045 0.0143886
1 39.2187 33.9771 0.0185059 0.0205822
1 40.3324 33.9764 0.0315382 0.0255952
1 41.4449 33.9736 0.0418358 0.0265816
1 42.5578 33.9677 0.0580457 0.0341635
1 43.6723 33.9566 0.0793321 0.0462914
1 0.556975 34.924 -0.0702231 0.0581093
1 1.67176 34.9341 -0.0536816 0.033885
1 2.78519 34.9403 -0.0440644 0.0280355
1 3.89886 34.9434 -0.0335006 0.0236068
1 5.01365 34.9446 -0.0231402 0.0252107
1 6.12883 34.9439 -0.0143325 0.0234294
1 7.24515 34.9418 0.00546979 0.0152029
1 8.36405 34.9383 0.0203042 0.00801066
1 9.48425 34.9338 0.0329124 0.00588916
1 10.6043 34.9279 0.0440968 0.00941731
1 11.7261 34.9218 0.0423089 0.000990449
1 12.8488 34.917 0.0305695 -0.0162073
1 13.9713 34.9148 0.00462853 -0.0257552
1 15.0944 34.9149 -0.0273646 -0.0241555
1 16.219 34.9161 -0.0170968 -0.0149577
1 17.3461 34.917 0.0224747 -0.00627304
1 18.4726 34.9164 0.0192059 -0.00640981
1 19.5963 34.913 -0.0116066 -0.0069509
1 20.7182 34.9081 -0.0212975 -0.0128874
1 21.8399 34.9046 -0.00807367 -0.0195812
1 22.9621 34.9055 0.0186815 -0.0171889
1 24.0841 34.91 0.0220896 -0.00847999
1 25.2066 34.9146 -0.00067245 -0.00433343
1 26.3311 34.9167 -0.0235961 -0.00834885
1 27.4577 34.9167 -0.00805994 -0.00894067
1 28.5837 34.9157 0.0176819 -0.0197429
1 29.7076 34.9148 0.01196 -0.0279279
1 30.8307 34.9154 -0.0133266 -0.0238909
1 31.9541 34.9185 -0.0303529 -0.00994243
1 33.0778 34.924 -0.041429 0.00445153
1 34.1985 34.9307 -0.0447374 0.0117823
1 35.3168 34.9366 -0.039694 0.0121034
1 36.4346 34.9407 -0.0279044 0.0146468
1 37.5523 34.9431 -0.00534817 0.0150401
1 38.6693 34.9442 0.00356642 0.0246419
1 39.7847 34.9443 0.00992703 0.0223946
1 40.8984 34.9422 0.0249005 0.0262073
1 42.0113 34.9375 0.0378817 0.0300649
1 43.1247 34.9306 0.04153 0.0410942
1 44.2412 34.9203 0.0289227 0.0717598
1 -0.009576 35.8899 -0.0284834 0.0790143
1 1.10653 35.8978 -0.0294336 0.045555
1 2.21964 35.9036 -0.0295235 0.0361107
1 3.33341 35.9073 -0.0218692 0.0222675
1 4.44758 35.9096 -0.0113383 0.0192366
1 5.56375 35.9104 -0.000880305 0.0228566
1 6.68101 35.9092 0.00677047 0.0200674
1 7.799 35.9067 0.0263521 0.0172041
1 8.91763 35.9031 0.0337438 0.0145608
1 10.0379 35.8983 0.038996 0.0148092
1 11.1602 35.892 0.0419105 0.0134649
1 12.2839 35.8853 0.0325408 0.00697332
1 13.4063 35.8797 0.0195621 -0.00645651
1 14.5279 35.8769 -0.0116051 -0.0138935
1 15.651 35.876 -0.029756 -0.0115135
1 16.7772 35.8765 -0.00235743 -0.00724355
1 17.9054 35.8776 0.0121179 -0.0035598
1 19.0319 35.8767 -0.0131156 0.0034535
1 20.1564 35.8732 -0.0282736 -0.00635804
1 21.2791 35.8693 -0.0212115 -0.0223482
1 22.4007 35.8679 0.00438701 -0.0233271
1 23.5227 35.8706 0.0222101 -0.0118933
1 24.6464 35.8747 0.0216928 0.000640751
1 25.7719 35.8771 -0.0017681 -0.000863242
1 26.8994 35.877 -0.00515052 -0.00665274
1 28.0272 35.8767 0.0271728 -0.00870911
1 29.1521 35.8767 0.0277578 -0.0140538
1 30.2743 35.8777 -0.009381 -0.0147912
1 31.3956 35.8815 -0.0330857 -0.000980864
1 32.5181 35.8877 -0.0399914 0.0135532
1 33.6404 35.8948 -0.0487939 0.0202103
1 34.7611 35.9014 -0.0374332 0.0175519
1 35.8816 35.9058 -0.0275854 0.0149469
1 37.0005 35.9084 -0.00929618 0.0164973
1 38.1175 35.9097 0.00643453 0.0197431
1 39.2334 35.9102 0.0155945 0.0235313
1 40.3489 35.9086 0.0238593 0.0229696
1 41.4635 35.9059 0.028014 0.027081
1 42.5772 35.9013 0.0320508 0.0406581
1 43.692 35.8958 0.0441299 0.0606797
1 0.540836 36.8643 -0.0284547 0.0615469
1 1.65568 36.8682 -0.0212777 0.0454245
1 2.76998 36.8712 -0.0169929 0.0346367
1 3.88439 36.8734 -0.0182084 0.0343916
1 5.00038 36.8746 -0.0149704 0.0248403
1 6.11708 36.8751 -0.0070658 0.0246201
1 7.23391 36.8739 0.0120344 0.0231049
1 8.35269 36.8708 0.0315175 0.0235236
1 9.47369 36.8667 0.0356769 0.0231249
1 10.5958 36.8611 0.0416114 0.0241201
1 11.719 36.854 0.0390641 0.019742
1 12.8422 36.8471 0.0342807 0.0109567
1 13.9627 36.8418 0.0167307 0.00362414
1 15.0833 36.8383 -0.0222027 0.0037739
1 16.2075 36.8363 -0.026772 0.00500314
1 17.3353 36.8359 -0.00177912 0.00397223
1 18.4641 36.8362 -0.00601991 0.00523138
1 19.5919 36.8347 -0.0219549 0.00586332
1 20.7173 36.8321 -0.0210655 -0.0103417
1 21.8398 36.8306 -0.00492224 -0.0260747
1 22.9623 36.8311 0.0179433 -0.0185231
1 24.0864 36.8331 0.0282129 -0.00120782
1 25.2126 36.8354 0.0168587 0.00734232
1 26.3408 36.8361 0.00169159 0.00508617
1 27.4692 36.836 0.0105358 0.00378709
1 28.595 36.8371 0.0215751 0.00165365
1 29.7177 36.8396 0.00180911 0.00181648
1 30.8387 36.8436 -0.0285542 0.00778879
1 31.9607 36.8501 -0.0398434 0.0174044
1 33.0839 36.8578 -0.0478923 0.027662
1 34.2054 36.8647 -0.04388 0.0265259
1 35.3261 36.8694 -0.0343715 0.019182
1 36.4452 36.8725 -0.029902 0.0186168
1 37.5633 36.8746 -0.0136635 0.027155
1 38.6804 36.8753 -0.000995371 0.0252073
1 39.7971 36.8745 0.00688273 0.0244463
1 40.9108 36.8726 0.00919102 0.0343596
1 42.0236 36.87 0.0118375 0.0446011
1 43.1362 36.8667 0.0139407 0.0532279
1 44.2532 36.8647 0.0141578 0.0674719
1 -0.0179643 37.835 -0.00573221 0.0588429
1 1.09915 37.8342 -0.00971529 0.0527852
1 2.21216 37.8353 -0.0113941 0.045342
1 3.32508 37.8375 -0.00969002 0.0384356
1 4.43859 37.8384 -0.00459377 0.0329676
1 5.55436 37.8389 -0.00632573 0.0277259
1 6.6722 37.8388 0.00330339 0.0213903
1 7.791 37.8371 0.0261279 0.022697
1 8.90998 37.8336 0.0328851 0.0278085
1 10.0307 37.829 0.03615 0.0270745
1 11.1531 37.8225 0.0483123 0.0280386
1 12.2763 37.8149 0.0407552 0.0187282
1 13.3982 37.8083 0.028595 0.0117503
1 14.5187 37.8024 0.00428774 0.0121094
1 15.6409 37.7978 -0.0174455 0.0173181
1 16.7661 37.7948 -0.00726151 0.0172246
1 17.8947 37.7934 0.00339277 0.00864645
1 19.0239 37.7928 -0.0120421 0.0073616
1 20.1519 37.7917 -0.0251283 -0.00181963
1 21.2774 37.791 -0.0153747 -0.0213925
1 22.4014 37.7911 0.00671083 -0.0261771
1 23.5258 37.7915 0.0164003 -0.0119465
1 24.6525 37.7921 0.0162155 0.0036321
1 25.7812 37.7929 0.000631735 0.00787055
1 26.9103 37.7939 -0.00111631 0.0135629
1 28.0375 37.7962 0.0207941 0.0162004
1 29.1611 37.7996 0.0124419 0.0131483
1 30.2821 37.8047 -0.0221867 0.0142349
1 31.4025 37.811 -0.0381685 0.0183306
1 32.5245 37.8188 -0.0418103 0.0260177
1 33.6472 37.8266 -0.0372271 0.0267586
1 34.7695 37.8317 -0.0269335 0.0244421
1 35.8903 37.8356 -0.0256514 0.0264285
1 37.0091 37.8383 -0.0108261 0.023945
1 38.1263 37.8398 0.00722095 0.0244905
1 39.2426 37.8391 0.0134516 0.0303908
1 40.3575 37.8384 0.0119297 0.038435
1 41.4707 37.837 0.0113795 0.0414688
1 42.5832 37.8353 0.0139274 0.0514747
1 43.6966 37.8336 0.018639 0.0601236
1 0.542044 38.802 -0.0200644 0.0585898
1 1.65527 38.8013 -0.0108533 0.0537818
1 2.76695 38.802 -0.0104442 0.044158
1 3.87984 38.8027 -0.0116148 0.0403861
1 4.99365 38.8032 -0.00920784 0.0342163
1 6.10948 38.8025 -0.00824818 0.0226691
1 7.22672 38.8016 -0.000713257 0.0204971
1 8.34614 38.7994 0.0139472 0.0235029
1 9.46714 38.7951 0.025368 0.0253589
1 10.5897 38.79 0.0364187 0.0223374
1 11.7126 38.7829 0.0438714 0.0244027
1 12.8342 38.7751 0.0405082 0.016614
1 13.9547 38.7675 0.0184091 0.0168461
1 15.0757 38.7607 -0.00928335 0.0174734
1 16.1992 38.7556 -0.0148689 0.0218416
1 17.3262 38.7511 0.00787914 0.017964
1 18.455 38.7489 0.0132041 0.00496264
1 19.5845 38.7482 -0.00269423 -0.00480531
1 20.7123 38.748 -0.00948377 -0.0156713
1 21.8387 38.7486 -0.00160751 -0.0293263
1 22.9655 38.7487 0.00906125 -0.0261414
1 24.0924 38.7481 0.0074462 -0.0101781
1 25.2208 38.7483 -0.00383136 -0.000488817
1 26.3498 38.7497 -0.0121203 0.010418
1 27.4777 38.753 0.000672716 0.0187611
1 28.6032 38.7575 0.0128175 0.0188628
1 29.7254 38.7636 -0.00445589 0.0193545
1 30.8462 38.7711 -0.0343361 0.0175583
1 31.9673 38.7791 -0.0432248 0.0210655
1 33.0897 38.7871 -0.0394082 0.0255929
1 34.2121 38.7931 -0.0336832 0.0231842
1 35.3329 38.7977 -0.0304009 0.0261177
1 36.4519 38.8011 -0.0194776 0.0189878
1 37.5702 38.8026 -0.00299527 0.0201053
1 38.6877 38.8033 0.00354698 0.0263208
1 39.8028 38.8036 0.00984285 0.0360294
1 40.9154 38.8029 0.0187464 0.0412627
1 42.0277 38.8021 0.0172766 0.0513663
1 43.1399 38.802 0.0161559 0.0583351
1 44.257 38.8013 0.0109093 0.0526162
1 -0.0177476 39.7692 -0.0147454 0.0497894
1 1.10045 39.7684 -0.0165598 0.0578726
1 2.21178 39.7682 -0.0157629 0.0579235
1 3.32334 39.7679 -0.0155483 0.0468205
1 4.43578 39.7687 -0.00866115 0.0365589
1 5.55054 39.7676 -0.00310012 0.0361041
1 6.66692 39.7662 0.00554535 0.0288042
1 7.78509 39.7641 0.0208404 0.0209215
1 8.90469 39.7608 0.0274396 0.0247496
1 10.0257 39.7563 0.0340742 0.0222805
1 11.1483 39.7511 0.0416058 0.0210944
1 12.2709 39.7436 0.0447672 0.0224161
1 13.3915 39.7351 0.0348218 0.0271113
1 14.5122 39.7258 0.0108565 0.0233203
1 15.6345 39.7179 -0.00461691 0.0209639
1 16.7597 39.7116 0.00325894 0.0256105
1 17.8876 39.7068 0.0263417 0.0124907
1 19.0159 39.7045 0.0238468 -0.00168079
1 20.1444 39.7038 0.00452352 -0.00567384
1 21.2732 39.7039 -0.00271264 -0.0167975
1 22.403 39.7041 0.000490645 -0.0234319
1 23.5316 39.7041 -0.00563812 -0.0129297
1 24.6601 39.7041 -0.0171916 -0.00370325
1 25.7891 39.7051 -0.0293959 0.00149858
1 26.917 39.7086 -0.0151627 0.0171182
1 28.0438 39.7144 0.010884 0.0248217
1 29.1678 39.7213 0.00246575 0.0240189
1 30.2886 39.7302 -0.0282556 0.0285699
1 31.4083 39.7394 -0.0459633 0.0288982
1 32.5294 39.7478 -0.0499587 0.0236841
1 33.6517 39.7543 -0.0370539 0.020188
1 34.7742 39.7592 -0.022913 0.0227528
1 35.8956 39.7633 -0.0133825 0.0256392
1 37.0148 39.7659 -0.000583312 0.0232387
1 38.1317 39.7673 0.00913202 0.029477
1 39.2471 39.7686 0.0121616 0.0356663
1 40.3612 39.7689 0.0182444 0.0419284
1 41.4735 39.7687 0.0189056 0.05157
1 42.5847 39.7684 0.0287792 0.0554398
1 43.6986 39.7684 0.0432078 0.0590187
1 0.542896 40.734 -0.045754 0.0549815
1 1.6563 40.7342 -0.0332625 0.0510175
1 2.76782 40.7337 -0.0206378 0.0497191
1 3.87948 40.7334 -0.0184951 0.0407522
1 4.99323 40.733 -0.0166666 0.0332575
1 6.10837 40.7315 -0.00701133 0.0295822
1 7.22493 40.7288 0.00467709 0.0295837
1 8.34359 40.7257 0.0145394 0.028683
1 9.46464 40.7213 0.0258248 0.0218344
1 10.5871 40.7168 0.0371837 0.0161146
1 11.71 40.7113 0.0459639 0.0199163
1 12.8311 40.7037 0.0506344 0.0292393
1 13.9511 40.6933 0.0345775 0.0336187
1 15.0715 40.6821 0.00688803 0.0307702
1 16.1948 40.673 -0.00528965 0.0274168
1 17.3216 40.666 0.0205703 0.0148739
1 18.4489 40.6616 0.0405001 -0.00334998
1 19.5776 40.6593 0.0328566 -0.00544545
1 20.7067 40.6576 0.0130455 -0.00216386
1 21.8375 40.6566 -0.000526193 -0.00886079
1 22.9693 40.657 -0.00289442 -0.00856978
1 24.0989 40.6586 -0.0213411 -0.0029179
1 25.2276 40.6604 -0.0406703 -0.00634829
1 26.3553 40.6632 -0.0369162 0.00266688
1 27.4821 40.669 -0.0116159 0.0209103
1 28.6069 40.6771 -0.00278044 0.0302173
1 29.7285 40.6871 -0.0206631 0.0353174
1 30.8489 40.6983 -0.038081 0.0357616
1 31.9699 40.7083 -0.0363755 0.028627
1 33.0927 40.7151 -0.033733 0.0173897
1 34.2154 40.7196 -0.0334584 0.017553
1 35.336 40.724 -0.0320092 0.0256093
1 36.455 40.7281 -0.0234284 0.0257453
1 37.5735 40.7302 -0.003707 0.0248297
1 38.6907 40.7325 0.00760927 0.0348335
1 39.8054 40.7338 0.00960795 0.037175
1 40.9174 40.7342 0.00958547 0.0437558
1 42.0288 40.7346 0.0171323 0.0473711
1 43.141 40.7337 0.0278211 0.0516639
1 44.2599 40.7342 0.0280447 0.0564704
1 -0.0195556 41.6983 -0.0324953 0.0500981
1 1.09999 41.6988 -0.0300089 0.0465446
1 2.21267 41.699 -0.0229133 0.0395694
1 3.32427 41.6992 -0.0122096 0.0381957
1 4.43595 41.6983 -0.00751412 0.0337053
1 5.55049 41.6965 -0.00730989 0.0214606
1 6.66723 41.6939 0.00284391 0.0230054
1 7.78517 41.6911 0.0210006 0.0206824
1 8.9042 41.6865 0.0338593 0.0223462
1 10.0245 41.6818 0.0342691 0.0137637
1 11.147 41.6773 0.0336586 0.00680512
1 12.2705 41.6712 0.0364509 0.0115549
1 13.3925 41.6621 0.0385996 0.0274304
1 14.513 41.6498 0.0268244 0.0343103
1 15.6339 41.6374 0.0138799 0.030832
1 16.7577 41.6271 0.0198499 0.0157684
1 17.8839 41.6203 0.0429633 -0.0134404
1 19.0116 41.6162 0.0438234 -0.0154634
1 20.1411 41.6122 0.0229558 -0.00248466
1 21.2715 41.6088 0.0023285 0.000574024
1 22.4034 41.608 -0.00312202 0.00221107
1 23.5342 41.6104 -0.0166522 -0.00118741
1 24.6642 41.6145 -0.036452 -0.00968799
1 25.7931 41.6182 -0.0490156 -0.0174482
1 26.9198 41.6231 -0.0309501 0.00166113
1 28.0449 41.6316 -0.00736412 0.024385
1 29.1674 41.6431 -0.015777 0.0318237
1 30.2877 41.6559 -0.0365705 0.0341234
1 31.4083 41.6673 -0.0432865 0.0257476
1 32.5309 41.6754 -0.0407936 0.0103198
1 33.6533 41.6802 -0.0375392 0.0084626
1 34.7746 41.6847 -0.0308252 0.0158217
1 35.8952 41.6893 -0.0145437 0.0189809
1 37.0146 41.6922 0.00193421 0.016773
1 38.1318 41.695 0.00826141 0.022912
1 39.2473 41.6979 0.0140075 0.0243477
1 40.3609 41.699 0.0223898 0.0372509
1 41.4732 41.6995 0.025937 0.0417881
1 42.5854 41.6994 0.0315303 0.0443686
1 43.6991 41.6991 0.0405202 0.0510415
1 0.542028 42.6628 -0.0393279 0.0511728
1 1.65603 42.6633 -0.0304101 0.0457834
1 2.76801 42.6643 -0.0283664 0.0406892
1 3.88064 42.6639 -0.0220418 0.0359276
1 4.99427 42.6621 -0.0173844 0.0275249
1 6.10975 42.6591 -0.00992715 0.0238188
1 7.22653 42.6557 0.00142889 0.0211274
1 8.34558 42.6522 0.0118572 0.0227526
1 9.4659 42.6474 0.0268512 0.0147044
1 10.5877 42.6425 0.0378407 0.0106304
1 11.7107 42.6367 0.0439107 0.00921591
1 12.8339 42.6294 0.042189 0.0136555
1 13.9562 42.6187 0.0368527 0.0231862
1 15.0768 42.6052 0.0257558 0.0316085
1 16.1981 42.5918 0.0242778 0.0264524
1 17.3218 42.5809 0.0432049 -0.00157433
1 18.448 42.5743 0.0453141 -0.0221708
1 19.5777 42.5686 0.0289628 -0.00752333
1 20.708 42.5625 0.00763854 0.00648771
1 21.8377 42.5597 -0.000954616 0.0129074
1 22.9678 42.5609 0.00143828 0.0105033
1 24.0978 42.5656 -0.0172795 0.00131303
1 25.228 42.5717 -0.0391285 -0.0158558
1 26.3558 42.5775 -0.0490633 -0.0165013
1 27.4805 42.5857 -0.0376007 0.0114868
1 28.6029 42.5976 -0.0252037 0.0301159
1 29.7238 42.6118 -0.0320521 0.0332629
1 30.8453 42.6248 -0.0398317 0.0221034
1 31.9685 42.634 -0.0346333 0.0114952
1 33.0921 42.6408 -0.0365272 0.00668025
1 34.2139 42.6456 -0.0356941 0.011561
1 35.3344 42.6498 -0.0241978 0.0168436
1 36.4544 42.6538 -0.0158801 0.0169707
1 37.5725 42.6571 -0.00896697 0.0218243
1 38.6891 42.661 0.00592097 0.0265977
1 39.8038 42.6635 0.0111685 0.0308627
1 40.9162 42.6643 0.0145142 0.040635
1 42.0282 42.664 0.0198512 0.0518234
1 43.141 42.6634 0.026024 0.0493911
1 44.2617 42.6629 0.0256451 0.050271
1 -0.0201025 43.626 -0.0209066 0.0622729
1 1.10031 43.6268 -0.0278271 0.0572394
1 2.21267 43.6283 -0.0233412 0.0529021
1 3.32505 43.6284 -0.0209173 0.0430035
1 4.43796 43.6276 -0.0177462 0.0318402
1 5.55316 43.6246 -0.0106815 0.0252631
1 6.67003 43.621 0.00823918 0.0240606
1 7.7874 43.6174 0.0204904 0.0259819
1 8.90648 43.6126 0.0292155 0.0221246
1 10.0274 43.6075 0.0284837 0.0189287
1 11.1507 43.6018 0.0294499 0.0157598
1 12.2753 43.5944 0.0390955 0.0105126
1 13.3996 43.5855 0.0435909 0.0167344
1 14.5221 43.5736 0.0382359 0.0277434
1 15.6432 43.5595 0.0379269 0.0305611
1 16.7643 43.5454 0.0456035 0.0222528
1 17.8878 43.5344 0.047039 -0.000936516
1 19.0152 43.526 0.0268085 -0.00268977
1 20.1453 43.5182 -0.0027733 0.010437
1 21.2744 43.5131 -0.00945649 0.0187146
1 22.4026 43.5124 0.00567129 0.022099
1 23.5303 43.5157 0.00766461 0.016021
1 24.6599 43.5223 -0.0141262 0.00686307
1 25.7893 43.5305 -0.0449089 -0.00627577
1 26.9141 43.5396 -0.0540015 0.00594989
1 28.0362 43.5514 -0.0373307 0.0275553
1 29.1579 43.5658 -0.0298552 0.031613
1 30.2798 43.58 -0.0353595 0.0252131
1 31.4033 43.5908 -0.0438435 0.0150907
1 32.5275 43.5993 -0.0430103 0.0162897
1 33.6503 43.606 -0.0354727 0.0148084
1 34.7721 43.6103 -0.0240887 0.0149739
1 35.8937 43.6144 -0.00780486 0.0247663
1 37.0127 43.6186 -0.00362941 0.0280475
1 38.1293 43.6228 0.00500572 0.0230733
1 39.2452 43.6268 0.0151066 0.0312732
1 40.3593 43.629 0.0228284 0.0380015
1 41.4717 43.629 0.022322 0.0487801
1 42.5834 43.6278 0.0268978 0.0551963
1 43.6972 43.6258 0.0296621 0.0554696
1 0.542382 44.5891 -0.028928 0.0622825
1 1.65631 44.5915 -0.0243701 0.051113
1 2.76843 44.5927 -0.0236754 0.0467503
1 3.88139 44.5923 -0.0210995 0.0300394
1 4.99611 44.5899 -0.0173587 0.0169063
1 6.11244 44.586 -0.00829614 0.00899779
1 7.22991 44.5826 0.00506862 0.0147705
1 8.34896 44.5779 0.0197389 0.0198252
1 9.46971 44.5726 0.0270362 0.0140763
1 10.5924 44.5665 0.0316174 0.00894821
1 11.7171 44.5589 0.0415316 0.00193535
1 12.8427 44.5505 0.0488219 -0.00216227
1 13.9675 44.5404 0.0440799 0.00543137
1 15.0901 44.5275 0.0360105 0.0157765
1 16.2113 44.513 0.0440953 0.0182759
1 17.3327 44.4985 0.0516117 0.0138974
1 18.4569 44.4864 0.0349565 0.00694848
1 19.5842 44.4762 0.00254451 0.00804446
1 20.7119 44.4687 -0.0156585 0.00598849
1 21.8388 44.4661 -0.0063553 0.00677006
1 22.9652 44.4673 0.0156425 0.0074436
1 24.0919 44.4727 0.0126566 0.0106049
1 25.2198 44.4816 -0.0194802 0.00677121
1 26.346 44.4923 -0.0475293 0.00507332
1 27.4686 44.5051 -0.0493617 0.0131632
1 28.5897 44.5191 -0.0406256 0.0169685
1 29.7116 44.5337 -0.0427653 0.0157733
1 30.8355 44.5462 -0.0483412 0.00437286
1 31.9606 44.5554 -0.0428677 0.00162199
1 33.086 44.5644 -0.0302484 0.00736717
1 34.2098 44.5706 -0.0273384 0.00647135
1 35.3315 44.5745 -0.0274056 0.0135229
1 36.4513 44.5797 -0.0242602 0.0203996
1 37.5689 44.5844 -0.00618635 0.00939679
1 38.6861 44.588 0.0162358 0.0147386
1 39.802 44.5923 0.0261855 0.0251366
1 40.9154 44.5937 0.0227598 0.037265
1 42.0276 44.5929 0.0232357 0.0468714
1 43.1394 44.5903 0.0270739 0.0549229
1 44.2586 44.5882 0.0217138 0.0598987
1 -0.0215982 45.5502 -0.0166873 0.0589331
1 1.09929 45.5531 -0.0198946 0.0555446
1 2.21149 45.5564 -0.0170705 0.0549085
1 3.32441 45.5569 -0.0138227 0.0392947
1 4.43887 45.555 -0.0188503 0.026731
1 5.55495 45.551 -0.00969608 0.0127296
1 6.67299 45.5468 0.00299107 0.00279485
1 7.79206 45.543 0.018831 0.0113614
1 8.91189 45.5379 0.030407 0.017721
1 10.0339 45.5313 0.0282479 0.0148668
1 11.1589 45.5232 0.029453 0.00285595
1 12.2858 45.5139 0.04412 -0.00960422
1 13.413 45.5047 0.0509628 -0.00813822
1 14.5378 45.4947 0.0475376 0.0028789
1 15.66 45.4814 0.0459939 0.0138359
1 16.7807 45.4657 0.0436744 0.0234735
1 17.9027 45.4506 0.0354991 0.0273751
1 19.027 45.4377 0.0133662 0.0222306
1 20.1522 45.4275 -0.0076358 0.0105148
1 21.2769 45.4217 -0.00694546 -6.69156e-05
1 22.4013 45.4207 0.000926104 -0.00293396
1 23.5256 45.4245 0.0106549 0.00327736
1 24.6506 45.4329 0.000969748 0.0130849
1 25.7757 45.4441 -0.0291815 0.0220001
1 26.8988 45.4576 -0.0420335 0.0246928
1 28.0201 45.4726 -0.041025 0.0171569
1 29.1415 45.4871 -0.0430044 0.0138552
1 30.2652 45.5 -0.0474696 0.00417829
1 31.3916 45.5104 -0.0555475 -0.0108858
1 32.5179 45.5199 -0.0464203 -0.00332906
1 33.6434 45.529 -0.0296318 0.00870859
1 34.7672 45.5349 -0.0295988 0.0114181
1 35.8884 45.5396 -0.0226317 0.0188786
1 37.0081 45.5448 -0.00641621 0.00531213
1 38.1267 45.5488 0.00612443 -0.00159366
1 39.2435 45.5535 0.0182339 0.0188878
1 40.3589 45.5572 0.0203803 0.0349368
1 41.4723 45.5577 0.018121 0.0467255
1 42.5849 45.5552 0.0254142 0.0553863
1 43.6986 45.5512 0.0274156 0.0650608
1 0.54003 46.5125 -0.02098 0.063631
1 1.65325 46.5193 -0.0207729 0.0649425
1 2.76702 46.5209 -0.0204898 0.0552853
1 3.88265 46.5198 -0.0194909 0.0419129
1 4.99895 46.5165 -0.0101457 0.0218537
1 6.11656 46.5112 -0.00186057 0.0100421
1 7.23548 46.5069 0.0101189 0.00374854
1 8.35562 46.5032 0.0269252 0.0175079
1 9.47769 46.497 0.0338994 0.0271302
1 10.6025 46.4879 0.040506 0.0153443
1 11.7286 46.4775 0.05415 -0.00543133
1 12.8564 46.4673 0.053709 -0.0114845
1 13.9842 46.4591 0.0458255 -0.00797219
1 15.109 46.4495 0.0410195 0.0136375
1 16.2308 46.4349 0.0324399 0.0352302
1 17.3516 46.418 0.0307069 0.048162
1 18.4734 46.4023 0.0254947 0.0440773
1 19.5966 46.3899 0.00834945 0.0206288
1 20.7193 46.3814 0.00510583 0.00366107
1 21.8399 46.3772 0.00238682 0.00339807
1 22.9605 46.3786 -0.0023264 0.00313385
1 24.0826 46.3858 -0.00621359 0.00845429
1 25.2051 46.3965 -0.0189532 0.031317
1 26.3281 46.4098 -0.0306375 0.0484429
1 27.4493 46.4257 -0.0343012 0.0394234
1 28.5696 46.4412 -0.0371499 0.0234436
1 29.6929 46.4538 -0.0399393 0.00965736
1 30.82 46.4637 -0.0483374 -0.00483823
1 31.9479 46.4739 -0.0523675 -0.0099195
1 33.075 46.4847 -0.0413706 0.00687127
1 34.2009 46.4938 -0.0341541 0.0197533
1 35.3241 46.4995 -0.0285661 0.0174503
1 36.4455 46.5039 -0.0107293 0.00857708
1 37.5659 46.5085 -0.00481385 0.00315213
1 38.6841 46.5142 0.000396247 0.0132788
1 39.8008 46.5194 0.0074152 0.0343063
1 40.9163 46.5217 0.00569995 0.0443954
1 42.0308 46.52 0.0124879 0.0568001
1 43.145 46.5164 0.0166465 0.0690891
1 44.2669 46.5084 0.0140237 0.0656166
1 -0.0341724 47.4668 -0.0131267 0.0608887
1 1.08891 47.4846 -0.0162448 0.0652993
1 2.20624 47.488 -0.00766213 0.0554587
1 3.32322 47.4874 -0.00370026 0.0437013
1 4.44131 47.4854 -0.00449816 0.0171072
1 5.55967 47.4812 -0.001377 0.00698356
1 6.67876 47.4751 0.00725551 -0.00465075
1 7.79879 47.4713 0.0122378 -0.000644428
1 8.92143 47.4664 0.0271758 0.017063
1 10.0469 47.4573 0.0437945 0.0141098
1 11.1736 47.4469 0.0567967 -0.00740296
1 12.3007 47.4353 0.0653134 -0.0149455
1 13.4279 47.4252 0.0472561 -0.0215686
1 14.5555 47.419 0.0263167 -0.00496078
1 15.6813 47.4083 0.0187668 0.0247874
1 16.8035 47.392 0.0195427 0.0422926
1 17.924 47.3747 0.0315381 0.0545072
1 19.0444 47.3594 0.0340343 0.0328693
1 20.1646 47.349 0.0163976 -0.00235362
1 21.283 47.3429 0.00165348 -0.000859449
1 22.3988 47.3412 -0.0015593 0.00603879
1 23.5157 47.3456 -0.00832626 -0.00313417
1 24.6354 47.3544 -0.0242379 0.0145207
1 25.7568 47.367 -0.0347083 0.045693
1 26.8773 47.3828 -0.0275016 0.0479126
1 27.9979 47.3996 -0.0180729 0.0321804
1 29.1213 47.413 -0.0204992 0.0110465
1 30.2479 47.4215 -0.036844 -0.00980754
1 31.3758 47.4313 -0.0593346 -0.0155156
1 32.5031 47.4431 -0.0653999 -0.0138634
1 33.6301 47.4537 -0.0499789 0.00514799
1 34.757 47.4627 -0.0313692 0.0159193
1 35.8812 47.4675 -0.0168362 0.000635146
1 37.0017 47.4713 -0.0149992 -0.00508927
1 38.1202 47.4785 -0.00836644 0.0012879
1 39.2389 47.4841 0.00736772 0.00922882
1 40.3578 47.4879 0.0129772 0.0368136
1 41.476 47.4888 0.0135988 0.0473214
1 42.5933 47.4856 0.0217021 0.0641098
1 43.7112 47.479 0.0138643 0.0675064
