1 0.60044 0.0111327 0.147725 0.0375288
1 1.7191 0.0226269 0.137571 0.026265
1 2.83646 0.0335638 0.13306 0.0143803
1 3.95495 0.0417594 0.119209 0.0187505
1 5.07441 0.0485459 0.0992845 0.013891
1 6.19231 0.0582938 0.082729 0.022452
1 7.30992 0.0668457 0.0749073 0.029677
1 8.429 0.0754293 0.0765367 0.0198126
1 9.5492 0.0827449 0.0705459 0.0256475
1 10.6698 0.0901262 0.0503523 0.0232766
1 11.7875 0.0989424 0.0363883 0.0191726
1 12.904 0.102614 0.0284246 0.0220319
1 14.023 0.104039 0.0290236 0.0168335
1 15.1422 0.109499 0.0227398 0.0104747
1 16.2595 0.114949 0.00828457 -0.0124526
1 17.3751 0.116601 0.00362009 -0.0353988
1 18.491 0.115057 -0.000962418 -0.0337832
1 19.6078 0.11194 -0.0105668 -0.0406261
1 20.7247 0.106484 -0.007148 -0.0464003
1 21.8409 0.101558 0.00195229 -0.0376142
1 22.9568 0.102848 0.0111641 -0.0384473
1 24.0741 0.10797 0.0142012 -0.0383951
1 25.1913 0.113535 0.00118529 -0.0262186
1 26.307 0.117858 -0.010259 -0.0343688
1 27.4222 0.117308 -0.00826727 -0.0308764
1 28.5382 0.112782 -0.0120617 -0.00149483
1 29.657 0.106543 -0.0221424 0.00780959
1 30.7767 0.101798 -0.0292385 0.0163388
1 31.8945 0.100421 -0.0332269 0.0295828
1 33.0111 0.0953103 -0.0438082 0.0244642
1 34.13 0.0866458 -0.0578069 0.0225499
1 35.251 0.0797352 -0.0685554 0.0221478
1 36.3707 0.0720633 -0.0710601 0.0182471
1 37.4892 0.0619633 -0.0706613 0.0240797
1 38.6078 0.0533938 -0.0848656 0.0274954
1 39.7266 0.045321 -0.109945 0.0192414
1 40.8456 0.037881 -0.130885 0.016059
1 41.9634 0.028237 -0.141933 0.016948
1 43.0806 0.0179918 -0.144296 0.0313371
1 44.2022 0.0150191 -0.152595 0.0245777
1 0.034558 0.977253 0.158659 0.0354076
1 1.15379 0.985045 0.150064 0.0304667
1 2.27003 0.995159 0.143709 0.0195146
1 3.38825 1.0039 0.129918 0.017749
1 4.50744 1.011 0.109989 0.0215077
1 5.62565 1.01921 0.088552 0.0299447
1 6.74455 1.0287 0.077511 0.0329466
1 7.86337 1.03736 0.074926 0.0286254
1 8.98337 1.0452 0.0665671 0.0246613
1 10.1042 1.05221 0.0566602 0.0280367
1 11.2236 1.06077 0.0454057 0.0302157
1 12.3425 1.06726 0.0387472 0.0339263
1 13.4615 1.06961 0.0361719 0.0252063
1 14.5801 1.07337 0.0305443 0.0147431
1 15.6988 1.07907 0.0222947 0.00823306
1 16.8172 1.08261 0.0173344 -0.0119906
1 17.9347 1.0829 0.00611147 -0.0254958
1 19.0517 1.0807 -0.00541936 -0.0234777
1 20.1687 1.07684 -0.011654 -0.0337908
1 21.2843 1.07289 -0.0136256 -0.0403992
1 22.3981 1.07114 0.00477006 -0.0372593
1 23.5128 1.07354 0.0201159 -0.0336851
1 24.6296 1.07796 0.00967115 -0.0238057
1 25.747 1.0828 -0.000488548 -0.0181873
1 26.8646 1.08464 -0.00809159 -0.0194176
1 27.9823 1.08185 -0.0223178 -0.00577925
1 29.1004 1.07634 -0.0313917 0.0100696
1 30.2191 1.07082 -0.0359657 0.0161519
1 31.3378 1.06759 -0.035867 0.0304737
1 32.4572 1.06408 -0.0380516 0.0364197
1 33.5766 1.05678 -0.0488897 0.0305499
1 34.6961 1.04921 -0.0669855 0.0276751
1 35.8162 1.0421 -0.0755624 0.0232748
1 36.9358 1.0336 -0.0764234 0.0286817
1 38.0546 1.02397 -0.0830574 0.0337522
1 39.1736 1.01526 -0.0968772 0.0278784
1 40.2927 1.00738 -0.115472 0.017005
1 41.4116 0.99937 -0.132487 0.0187686
1 42.5285 0.990475 -0.138371 0.0248851
1 43.6443 0.982774 -0.14664 0.0300058
1 0.588178 1.94648 0.146165 0.0326726
1 1.70482 1.95418 0.136568 0.0339299
1 2.82244 1.96224 0.128318 0.0284566
1 3.94151 1.96979 0.115389 0.0253937
1 5.06048 1.97761 0.0940781 0.0345132
1 6.17887 1.98593 0.0884989 0.0448273
1 7.29853 1.99549 0.0859579 0.0413521
1 8.41888 2.00451 0.0804349 0.0349148
1 9.53924 2.01198 0.0640108 0.0351669
1 10.659 2.01928 0.0454228 0.033107
1 11.779 2.0262 0.0372028 0.0430644
1 12.8994 2.03074 0.0476497 0.040841
1 14.0192 2.03537 0.0439751 0.0238838
1 15.1382 2.04025 0.0349642 0.0185807
1 16.257 2.04397 0.0218007 0.0121789
1 17.376 2.04617 0.0155248 -0.0057017
1 18.4942 2.04621 0.00464409 -0.00818269
1 19.6117 2.04387 -0.0151318 -0.01257
1 20.7277 2.04132 -0.0246544 -0.0337417
1 21.8417 2.03979 -0.00489385 -0.0467438
1 22.9551 2.0396 0.0210345 -0.0374503
1 24.0701 2.04154 0.0212205 -0.01791
1 25.1868 2.04524 0.00437375 -0.00439664
1 26.3045 2.04734 -0.0133068 -0.00425971
1 27.4235 2.04632 -0.0201715 0.00247744
1 28.5425 2.04285 -0.0251834 0.00965552
1 29.6612 2.03764 -0.036672 0.0191121
1 30.7806 2.03256 -0.0466167 0.0343142
1 31.9006 2.02809 -0.045568 0.0441317
1 33.0209 2.02271 -0.0387366 0.0423543
1 34.1406 2.0159 -0.0530603 0.0372786
1 35.2608 2.00882 -0.0708377 0.033452
1 36.3812 2.00073 -0.0819024 0.0379618
1 37.5013 1.9914 -0.0841255 0.0417353
1 38.6208 1.98176 -0.0836198 0.0371201
1 39.7401 1.97344 -0.103304 0.0285844
1 40.8592 1.96577 -0.126485 0.0275482
1 41.9771 1.9582 -0.138435 0.0263043
1 43.0933 1.95135 -0.148618 0.0313105
1 44.2142 1.94297 -0.152304 0.0352849
1 0.0205298 2.90838 0.143431 0.0415216
1 1.14175 2.91487 0.141623 0.039809
1 2.25849 2.92096 0.136152 0.0343762
1 3.37656 2.9282 0.12199 0.0324759
1 4.4957 2.93548 0.10267 0.033156
1 5.61425 2.94374 0.0924803 0.0444153
1 6.73323 2.95269 0.0918603 0.0471248
1 7.85367 2.9625 0.0985989 0.0482165
1 8.97518 2.97137 0.0834931 0.0521629
1 10.0962 2.97865 0.0581785 0.0463563
1 11.2161 2.98517 0.0390595 0.0445627
1 12.3358 2.99034 0.050676 0.0499967
1 13.456 2.99562 0.0551848 0.0414783
1 14.5773 3.00166 0.0408745 0.0331956
1 15.6975 3.0057 0.0277449 0.0291187
1 16.816 3.00826 0.019477 0.0162687
1 17.9345 3.01032 0.0139236 0.00996493
1 19.053 3.01005 -0.00303 0.0160525
1 20.1702 3.00927 -0.0192543 -0.00882644
1 21.2848 3.00896 -0.016268 -0.0492716
1 22.3984 3.00821 0.00814784 -0.056329
1 23.5119 3.00821 0.0213669 -0.0224683
1 24.6278 3.00928 0.0131938 0.0110416
1 25.7461 3.01054 -0.00642505 0.017927
1 26.8648 3.0105 -0.0199909 0.0158648
1 27.9837 3.00817 -0.0241391 0.0184624
1 29.1028 3.00401 -0.0411336 0.0271372
1 30.2228 2.99848 -0.0531774 0.0362582
1 31.3435 2.99277 -0.0500032 0.0445656
1 32.4636 2.98747 -0.0352398 0.0453839
1 33.5835 2.982 -0.0396116 0.047213
1 34.7037 2.97556 -0.0648346 0.0467827
1 35.8252 2.96734 -0.0819588 0.0476814
1 36.9466 2.95777 -0.0875407 0.0484477
1 38.0667 2.94849 -0.0850127 0.0452908
1 39.186 2.93918 -0.0932192 0.0381158
1 40.3046 2.93153 -0.110092 0.0378684
1 41.4226 2.92489 -0.125989 0.0332302
1 42.5402 2.91827 -0.130324 0.0382255
1 43.6578 2.9129 -0.135663 0.0353237
1 0.580229 3.87803 0.139598 0.0409595
1 1.69732 3.88221 0.132414 0.0376959
1 2.81431 3.88803 0.128459 0.0349161
1 3.93165 3.89448 0.112633 0.0362861
1 5.04937 3.90208 0.094599 0.0368235
1 6.1678 3.9108 0.0850472 0.0456677
1 7.28802 3.92012 0.086326 0.0549412
1 8.41063 3.92941 0.0844453 0.0644988
1 9.53325 3.9381 0.0764699 0.0615742
1 10.6542 3.94544 0.0464441 0.0562054
1 11.774 3.95103 0.0338306 0.0525686
1 12.8939 3.95635 0.0440069 0.0506231
1 14.0151 3.96211 0.0484552 0.0438917
1 15.1364 3.96772 0.0499593 0.0428036
1 16.2559 3.97177 0.0363463 0.0407905
1 17.3742 3.97442 0.0174584 0.0353519
1 18.4929 3.97561 0.00892931 0.0351689
1 19.6114 3.97651 -0.00272243 0.0235866
1 20.7274 3.97818 -0.0100529 -0.0223523
1 21.8414 3.97854 -0.000514005 -0.0610012
1 22.9554 3.97799 0.00547081 -0.0417632
1 24.0703 3.97676 0.00115878 0.0123691
1 25.1875 3.97593 -0.00456028 0.038282
1 26.3062 3.97553 -0.0126216 0.0351423
1 27.425 3.97427 -0.020245 0.0357423
1 28.5443 3.97074 -0.0299006 0.035948
1 29.665 3.96501 -0.0442366 0.0422922
1 30.7863 3.95904 -0.0541219 0.0502844
1 31.9063 3.95371 -0.0519479 0.0495439
1 33.0255 3.94825 -0.0446084 0.0533121
1 34.1459 3.94215 -0.062105 0.0607764
1 35.268 3.93419 -0.084717 0.0618015
1 36.3905 3.92514 -0.097645 0.0563145
1 37.5109 3.91559 -0.0974512 0.0518223
1 38.6302 3.90618 -0.0896312 0.0431871
1 39.7482 3.89813 -0.104924 0.0399184
1 40.866 3.8915 -0.123153 0.0387979
1 41.9833 3.88491 -0.134195 0.0334504
1 43.0991 3.88079 -0.135017 0.0422045
1 44.2194 3.87892 -0.146135 0.0448543
1 0.0220882 4.84679 0.151723 0.0591139
1 1.14117 4.84655 0.143515 0.0512285
1 2.25632 4.85034 0.134734 0.0390171
1 3.37266 4.85631 0.122513 0.0488492
1 4.48906 4.8628 0.101637 0.0451349
1 5.60633 4.87089 0.0804487 0.0479822
1 6.7254 4.87961 0.0811566 0.0597345
1 7.84651 4.88814 0.0924154 0.0725462
1 8.96898 4.89765 0.0935094 0.0698578
1 10.0911 4.90626 0.0743826 0.0722701
1 11.2122 4.91289 0.0529508 0.0691655
1 12.3317 4.91923 0.0545192 0.0598476
1 13.4517 4.92453 0.0589199 0.0564428
1 14.5728 4.93005 0.0446307 0.0517831
1 15.6938 4.93578 0.0359375 0.0545296
1 16.8137 4.93951 0.0270166 0.0612448
1 17.9328 4.94213 0.0184061 0.055503
1 19.0514 4.94429 0.0167913 0.0463386
1 20.1683 4.94738 0.0121513 0.0146418
1 21.2833 4.94968 0.00269033 -0.0314013
1 22.3987 4.94948 -0.00393686 -0.0426867
1 23.5138 4.94805 -0.00637007 -0.00377163
1 24.6299 4.94527 -0.0138114 0.0396677
1 25.7481 4.94308 -0.0182069 0.0559241
1 26.8669 4.94153 -0.0204653 0.0594626
1 27.9866 4.93861 -0.0352824 0.0567986
1 29.1066 4.93358 -0.049306 0.0469594
1 30.227 4.92744 -0.0556471 0.0500351
1 31.3477 4.9219 -0.0500021 0.060532
1 32.4678 4.91622 -0.0397459 0.0663459
1 33.5881 4.90987 -0.0518654 0.0700222
1 34.7095 4.90264 -0.0754824 0.0700628
1 35.8322 4.89337 -0.0866499 0.068934
1 36.9546 4.88411 -0.0874161 0.0645961
1 38.0744 4.87512 -0.0815917 0.0513166
1 39.1926 4.86675 -0.0900515 0.0455562
1 40.3093 4.85926 -0.103743 0.04221
1 41.4258 4.85342 -0.118841 0.0448276
1 42.5413 4.84892 -0.130474 0.043403
1 43.6574 4.84691 -0.135224 0.0511158
1 0.585562 5.81476 0.138449 0.0601583
1 1.70087 5.81561 0.129346 0.0549942
1 2.81628 5.81965 0.111557 0.0506206
1 3.93185 5.82535 0.0973735 0.0486095
1 5.04766 5.83247 0.0771907 0.0500642
1 6.16497 5.84027 0.0771448 0.0568737
1 7.28407 5.84842 0.0855817 0.0677169
1 8.40471 5.85756 0.094896 0.0699103
1 9.52618 5.86721 0.0812457 0.075805
1 10.6481 5.87408 0.054418 0.076822
1 11.769 5.88087 0.0495511 0.0715236
1 12.8897 5.88814 0.0617224 0.0676586
1 14.0108 5.89341 0.0598561 0.0590232
1 15.1314 5.89878 0.0430508 0.0579222
1 16.2516 5.90414 0.0345837 0.0661451
1 17.3713 5.90764 0.0298602 0.0697854
1 18.4904 5.91155 0.0320497 0.0602701
1 19.6088 5.91609 0.029368 0.0363124
1 20.7253 5.91959 0.0141701 -0.00201854
1 21.8411 5.92031 0.000360963 -0.0251569
1 22.9575 5.91983 -0.00667435 -0.0139712
1 24.0732 5.91747 -0.0226162 0.0218282
1 25.1904 5.91331 -0.0405194 0.0544049
1 26.3088 5.90992 -0.0333679 0.0674738
1 27.428 5.9066 -0.0249746 0.0659335
1 28.5484 5.90232 -0.0270276 0.058966
1 29.6695 5.89649 -0.0433546 0.0543334
1 30.7906 5.89085 -0.0678928 0.0614654
1 31.9109 5.88459 -0.070541 0.0707565
1 33.0312 5.87798 -0.0617383 0.0768114
1 34.152 5.87111 -0.0693826 0.0749749
1 35.2738 5.86258 -0.0861604 0.0736553
1 36.3956 5.85322 -0.0896903 0.0686843
1 37.5158 5.84465 -0.0802639 0.0600676
1 38.6342 5.83602 -0.0762437 0.054332
1 39.7507 5.8291 -0.0976031 0.0477071
1 40.8657 5.82246 -0.122489 0.0508747
1 41.9808 5.81763 -0.132848 0.0519307
1 43.0952 5.81564 -0.142343 0.0570158
1 44.2134 5.81722 -0.156609 0.0710377
1 0.0313183 6.78642 0.159128 0.074787
1 1.14917 6.78396 0.1424 0.0641604
1 2.26289 6.78509 0.13133 0.0566418
1 3.3774 6.78981 0.115039 0.0517942
1 4.49179 6.7957 0.0870705 0.0540401
1 5.6074 6.80261 0.069685 0.0515165
1 6.72409 6.81073 0.076412 0.058192
1 7.84266 6.81928 0.0872768 0.065556
1 8.96291 6.82823 0.0740854 0.0709679
1 10.0846 6.83553 0.0615339 0.0734465
1 11.2054 6.84237 0.0649463 0.0700737
1 12.3252 6.85002 0.07655 0.0666164
1 13.447 6.8562 0.0782234 0.0711192
1 14.5697 6.86173 0.0549705 0.0657401
1 15.6905 6.86811 0.0291979 0.0651644
1 16.8097 6.87336 0.0272747 0.0658603
1 17.9282 6.87793 0.0393337 0.0564957
1 19.0471 6.88297 0.0499219 0.0481281
1 20.1656 6.88814 0.0388973 0.0222393
1 21.2822 6.89048 0.0115603 -0.00709308
1 22.3987 6.89029 -0.0045661 -0.010516
1 23.5154 6.88938 -0.0227507 0.00990411
1 24.6337 6.88506 -0.0439823 0.0368618
1 25.753 6.88026 -0.0444549 0.0576532
1 26.8711 6.87614 -0.0312738 0.0617227
1 27.99 6.87128 -0.0352647 0.0631354
1 29.1098 6.86545 -0.0464374 0.059676
1 30.2311 6.85921 -0.066539 0.0660616
1 31.3536 6.85338 -0.0711932 0.0686273
1 32.475 6.84608 -0.0561085 0.0697803
1 33.5956 6.83941 -0.054766 0.0745824
1 34.716 6.83238 -0.0681585 0.0726102
1 35.8368 6.82375 -0.0802913 0.0683332
1 36.9571 6.81493 -0.077981 0.0637137
1 38.0751 6.80691 -0.0776108 0.0551749
1 39.191 6.79929 -0.081638 0.0531106
1 40.3057 6.79277 -0.101227 0.0519761
1 41.4194 6.78763 -0.116312 0.0504557
1 42.5333 6.78453 -0.131028 0.0606976
1 43.6481 6.78494 -0.145133 0.0648659
1 0.597536 7.75503 0.143903 0.0762009
1 1.71182 7.75421 0.13109 0.0671255
1 2.82471 7.75653 0.113511 0.0575014
1 3.93774 7.76148 0.090247 0.0532204
1 5.05113 7.76742 0.075491 0.0555166
1 6.16578 7.77506 0.0665313 0.0571549
1 7.28279 7.7829 0.0672246 0.058092
1 8.40181 7.79098 0.0680595 0.0639818
1 9.52208 7.79831 0.0630588 0.0596852
1 10.6415 7.80483 0.0576206 0.0523719
1 11.7615 7.81139 0.0613274 0.054121
1 12.8836 7.81779 0.0717806 0.0640953
1 14.0068 7.82349 0.0784847 0.0634392
1 15.1286 7.83085 0.0640694 0.0615418
1 16.2481 7.8385 0.039127 0.0574058
1 17.3661 7.84428 0.033714 0.0423953
1 18.4843 7.84875 0.0471707 0.0284601
1 19.604 7.85378 0.0531732 0.0175522
1 20.7233 7.8582 0.0302784 0.0012575
1 21.8408 7.85967 0.00284761 -0.00435851
1 22.9584 7.85919 -0.017659 -0.00149919
1 24.0765 7.85586 -0.0502464 0.00778542
1 25.1956 7.85075 -0.0532083 0.0239539
1 26.3143 7.84671 -0.0354296 0.0351164
1 27.4325 7.84177 -0.0275226 0.0480009
1 28.5518 7.83517 -0.0381883 0.0601164
1 29.6726 7.8274 -0.0668975 0.0603847
1 30.7951 7.82079 -0.089264 0.0623585
1 31.9173 7.81483 -0.0839474 0.05682
1 33.0382 7.808 -0.06597 0.0570257
1 34.1584 7.80179 -0.0576425 0.0571179
1 35.2782 7.79485 -0.0730446 0.067087
1 36.3973 7.78717 -0.0782899 0.0630562
1 37.5148 7.77922 -0.0693904 0.05898
1 38.6308 7.77141 -0.0665755 0.0527392
1 39.7452 7.7644 -0.08791 0.0553287
1 40.8581 7.75925 -0.114106 0.0551195
1 41.9714 7.75518 -0.136692 0.0591181
1 43.0837 7.75481 -0.15139 0.0707007
1 44.1999 7.75765 -0.168089 0.0821147
1 0.0477369 8.72941 0.170452 0.0933983
1 1.16273 8.72594 0.152958 0.0822093
1 2.2744 8.72589 0.135617 0.0676107
1 3.38654 8.7287 0.110955 0.0613515
1 4.4985 8.73388 0.0759966 0.0564904
1 5.61144 8.74032 0.0537897 0.0535852
1 6.72661 8.7476 0.0577055 0.0556509
1 7.84328 8.75506 0.0718214 0.0535473
1 8.96151 8.76124 0.0717434 0.0446564
1 10.0803 8.76727 0.0617756 0.0366042
1 11.1999 8.77247 0.0649819 0.0365209
1 12.3208 8.77767 0.0790724 0.0428252
1 13.443 8.78299 0.0890016 0.0515367
1 14.5645 8.79079 0.0714568 0.0514491
1 15.685 8.79941 0.0429179 0.0482425
1 16.8044 8.80712 0.0303054 0.0262372
1 17.9235 8.81257 0.0419971 -0.00475788
1 19.0424 8.81631 0.0594248 -0.0192976
1 20.1614 8.82078 0.0459991 -0.0202455
1 21.2804 8.82379 0.0123843 -0.0136234
1 22.3996 8.82443 -0.00128981 -0.011687
1 23.519 8.82298 -0.0255801 -0.0209253
1 24.6385 8.8182 -0.053143 -0.0185059
1 25.7576 8.8142 -0.0523865 -0.0102815
1 26.876 8.81006 -0.0428831 0.00928386
1 27.9948 8.80372 -0.0468824 0.0413353
1 29.1141 8.79566 -0.0615298 0.0481579
1 30.2349 8.787 -0.0781792 0.0485638
1 31.3574 8.78066 -0.0712935 0.044866
1 32.4798 8.77486 -0.0550296 0.0351598
1 33.6001 8.76989 -0.052138 0.0373675
1 34.7191 8.76452 -0.0589533 0.0450789
1 35.8379 8.75816 -0.0618611 0.05211
1 36.9562 8.75118 -0.0613488 0.0565841
1 38.0723 8.74417 -0.0625455 0.0567339
1 39.186 8.73686 -0.0669871 0.0561953
1 40.2981 8.73095 -0.0849775 0.0573351
1 41.4103 8.72703 -0.113337 0.0671009
1 42.5222 8.72595 -0.14046 0.0760574
1 43.6358 8.7279 -0.155669 0.0819712
1 0.609841 9.70078 0.157402 0.0872136
1 1.72286 9.69769 0.1412 0.0796993
1 2.8345 9.69796 0.10762 0.0688117
1 3.94543 9.70097 0.0767736 0.0593308
1 5.05667 9.70651 0.0594148 0.0575446
1 6.16979 9.71303 0.0520043 0.0518742
1 7.28518 9.71976 0.0593169 0.0447386
1 8.40293 9.72516 0.0703532 0.0385301
1 9.52135 9.73016 0.0653076 0.0283242
1 10.6402 9.73381 0.0480822 0.0250399
1 11.7605 9.73725 0.0437653 0.0275028
1 12.8823 9.74211 0.0605752 0.033476
1 14.0024 9.74918 0.0708996 0.0391453
1 15.1222 9.75775 0.0619015 0.0426604
1 16.2417 9.76549 0.0514671 0.0197553
1 17.3614 9.7718 0.0568225 -0.0190146
1 18.4812 9.77638 0.0660948 -0.0399046
1 19.6003 9.78036 0.0489725 -0.0356622
1 20.7197 9.7831 0.00747127 -0.027533
1 21.8399 9.78422 -0.00705017 -0.0262135
1 22.9606 9.78417 -0.000191784 -0.0259896
1 24.0805 9.78197 -0.0323975 -0.0317566
1 25.1991 9.7783 -0.0594724 -0.0373438
1 26.3182 9.77415 -0.05562 -0.0305391
1 27.4382 9.7688 -0.0396803 0.00161837
1 28.558 9.76198 -0.0434302 0.0331126
1 29.678 9.75392 -0.064623 0.038299
1 30.7979 9.74577 -0.0796969 0.034385
1 31.9185 9.73972 -0.07457 0.0296754
1 33.0391 9.73552 -0.0603543 0.0256859
1 34.1589 9.7319 -0.0531801 0.0271975
1 35.2777 9.72796 -0.0704111 0.0360243
1 36.3957 9.72245 -0.0736887 0.0456297
1 37.5116 9.71634 -0.0551704 0.0498357
1 38.626 9.70997 -0.0486167 0.0566743
1 39.7378 9.70383 -0.0753897 0.0590921
1 40.848 9.69915 -0.110064 0.0673114
1 41.9591 9.69809 -0.134128 0.0772241
1 43.0701 9.69946 -0.154168 0.0861402
1 44.1842 9.7048 -0.169731 0.091467
1 0.0614656 10.6787 0.170952 0.0918686
1 1.17513 10.673 0.156485 0.0876243
1 2.28518 10.6704 0.137779 0.0860136
1 3.39546 10.6712 0.108681 0.0749677
1 4.50452 10.6749 0.0679849 0.0636631
1 5.61557 10.6803 0.0477587 0.0539096
1 6.72954 10.686 0.0583755 0.0481715
1 7.84608 10.6908 0.0759666 0.0405975
1 8.96427 10.6946 0.0740478 0.0346144
1 10.0836 10.6972 0.0492685 0.0311203
1 11.2028 10.6994 0.0476493 0.0326486
1 12.3218 10.703 0.057737 0.0356915
1 13.4403 10.7091 0.0613072 0.04222
1 14.5592 10.7164 0.0477036 0.0445453
1 15.6792 10.7235 0.040239 0.0323003
1 16.7987 10.73 0.0508169 0.00258274
1 17.9188 10.7353 0.0635877 -0.0181161
1 19.0388 10.7396 0.0615453 -0.0120222
1 20.1586 10.7423 0.0284868 -0.00178511
1 21.279 10.7432 -0.00531633 -0.00367805
1 22.4004 10.7434 0.00211466 -0.00459119
1 23.5211 10.743 -0.00595328 -0.00065615
1 24.6416 10.7412 -0.0401353 -0.00231963
1 25.7616 10.7375 -0.0612354 -0.0185024
1 26.881 10.7323 -0.0631055 -0.00818915
1 28.0004 10.7271 -0.0544689 0.0217827
1 29.1199 10.7205 -0.0499963 0.0400967
1 30.2394 10.7133 -0.0519473 0.0448696
1 31.3583 10.7064 -0.0486943 0.0363563
1 32.478 10.7016 -0.0414071 0.0296484
1 33.597 10.6984 -0.0391394 0.0288594
1 34.7155 10.6958 -0.0566281 0.0351256
1 35.8345 10.6928 -0.069254 0.035027
1 36.9522 10.6889 -0.0650779 0.0397631
1 38.0674 10.683 -0.0582115 0.0532187
1 39.1798 10.6775 -0.0558147 0.0633657
1 40.2896 10.6731 -0.0732136 0.0679228
1 41.3986 10.6706 -0.101306 0.0778333
1 42.5091 10.6713 -0.130607 0.0890617
1 43.6214 10.676 -0.145851 0.0896951
1 0.624106 11.6503 0.148009 0.0942017
1 1.73593 11.6457 0.130594 0.0926276
1 2.84519 11.6444 0.103502 0.0847835
1 3.95341 11.6459 0.0771328 0.0770791
1 5.06242 11.649 0.0641957 0.0631974
1 6.17435 11.6535 0.0672522 0.049244
1 7.2901 11.6573 0.0748927 0.0422863
1 8.4091 11.6605 0.0759167 0.0374489
1 9.528 11.6625 0.053585 0.0401844
1 10.6457 11.6643 0.0319487 0.0420065
1 11.7633 11.6671 0.0295603 0.0455583
1 12.8816 11.6722 0.0303956 0.0503805
1 13.9995 11.6779 0.0408195 0.0543941
1 15.1187 11.6843 0.0441638 0.0463892
1 16.2375 11.6907 0.0469999 0.0306357
1 17.3558 11.6959 0.0577305 0.0182433
1 18.4755 11.7002 0.0581702 0.0216724
1 19.5968 11.7034 0.0398863 0.0358862
1 20.7185 11.705 0.0078311 0.0393893
1 21.8398 11.7051 -0.00346343 0.0336378
1 22.9615 11.7051 0.00181034 0.0368437
1 24.0829 11.7044 -0.0277033 0.0406173
1 25.2037 11.7022 -0.050177 0.0305942
1 26.3241 11.6981 -0.0567248 0.0204779
1 27.4431 11.6935 -0.0507506 0.0236502
1 28.5616 11.6878 -0.0403614 0.0385504
1 29.6809 11.6815 -0.0402741 0.054809
1 30.7994 11.6753 -0.0421425 0.051907
1 31.9172 11.67 -0.0461899 0.0484121
1 33.0353 11.6662 -0.0382291 0.0420104
1 34.1527 11.6633 -0.0394496 0.0369674
1 35.2706 11.6615 -0.0672077 0.0383844
1 36.3898 11.6593 -0.0782965 0.0432181
1 37.5073 11.6559 -0.0665144 0.0437739
1 38.6208 11.6518 -0.0567517 0.0498676
1 39.7311 11.6474 -0.0733818 0.0706805
1 40.8387 11.6452 -0.103976 0.0815172
1 41.9471 11.6447 -0.128904 0.0885317
1 43.0555 11.6473 -0.148079 0.0929773
1 44.1691 11.6543 -0.154814 0.0917293
1 0.0757266 12.6293 0.148264 0.0859671
1 1.18882 12.6224 0.147125 0.0928998
1 2.2971 12.6198 0.130993 0.0950972
1 3.405 12.6191 0.107897 0.0857175
1 4.51215 12.6199 0.0821008 0.0671479
1 5.62183 12.6224 0.0670577 0.0488659
1 6.73595 12.6249 0.0733735 0.0434619
1 7.85376 12.6271 0.0823888 0.0414396
1 8.97284 12.6293 0.0653027 0.0444502
1 10.0901 12.6311 0.0292785 0.0454223
1 11.2066 12.6337 0.0273712 0.0494138
1 12.3239 12.6376 0.034434 0.0530724
1 13.4416 12.6428 0.0341656 0.0567471
1 14.5595 12.6482 0.0371017 0.051624
1 15.6776 12.6541 0.0341027 0.0424738
1 16.7948 12.6597 0.0364329 0.0376745
1 17.9133 12.6638 0.0460176 0.0418337
1 19.0335 12.6668 0.0501121 0.0542543
1 20.1554 12.6687 0.0281387 0.0609804
1 21.2777 12.6693 4.56026e-05 0.0651051
1 22.4005 12.6693 0.00506452 0.0638799
1 23.523 12.669 -0.00925793 0.0619611
1 24.6453 12.6679 -0.0383566 0.0640947
1 25.7666 12.6654 -0.0458094 0.04964
1 26.8859 12.6621 -0.046721 0.040203
1 28.004 12.6578 -0.0427612 0.0390361
1 29.1215 12.6514 -0.0404196 0.0480598
1 30.2394 12.6456 -0.0383103 0.0548741
1 31.357 12.6403 -0.0292051 0.0538885
1 32.4748 12.6358 -0.0195407 0.0511698
1 33.5917 12.6327 -0.0164434 0.0482041
1 34.7077 12.6306 -0.042953 0.0412065
1 35.8258 12.6282 -0.0716856 0.0398894
1 36.9449 12.6262 -0.0726715 0.0410002
1 38.0617 12.6246 -0.0760523 0.0475023
1 39.1737 12.6216 -0.0812388 0.0542444
1 40.2811 12.6202 -0.0877084 0.0767689
1 41.3879 12.6197 -0.10645 0.0891125
1 42.4954 12.6212 -0.131888 0.094139
1 43.6054 12.6245 -0.142344 0.0879627
1 0.638424 13.5994 0.134037 0.0775015
1 1.74827 13.5961 0.127869 0.0847164
1 2.85622 13.594 0.111714 0.0784916
1 3.9633 13.5932 0.0957411 0.0597683
1 5.07097 13.5932 0.0794486 0.0404381
1 6.18265 13.5933 0.0681521 0.0343835
1 7.29912 13.5944 0.0666672 0.0278272
1 8.41789 13.5962 0.0593333 0.0275146
1 9.53569 13.5979 0.0275187 0.0332174
1 10.6518 13.6001 0.00699742 0.0337946
1 11.7685 13.604 0.0138031 0.029299
1 12.8859 13.6082 0.02422 0.0337147
1 14.0029 13.6131 0.0345755 0.0338207
1 15.1199 13.6187 0.0383122 0.0230487
1 16.2363 13.6241 0.0340713 0.018907
1 17.3533 13.6284 0.0333355 0.0231416
1 18.4716 13.6311 0.039139 0.0318726
1 19.5926 13.6324 0.0327991 0.0399907
1 20.7158 13.6325 0.00605806 0.0501854
1 21.8392 13.632 -0.00287254 0.0605594
1 22.9632 13.6325 0.000436012 0.0540819
1 24.0862 13.6328 -0.0267901 0.0439704
1 25.207 13.6318 -0.0434694 0.038378
1 26.3263 13.6302 -0.0315284 0.0285842
1 27.445 13.6269 -0.0231261 0.0202373
1 28.5621 13.6216 -0.0225552 0.0208555
1 29.6793 13.6159 -0.0303034 0.0268719
1 30.7966 13.6105 -0.0324899 0.032649
1 31.9131 13.6062 -0.0313391 0.0346939
1 33.0304 13.6023 -0.0199706 0.0324779
1 34.1468 13.5993 -0.0154793 0.0343325
1 35.2636 13.5972 -0.0536123 0.0305066
1 36.3816 13.5954 -0.0820808 0.028055
1 37.4991 13.5939 -0.0767205 0.0317386
1 38.6132 13.5942 -0.0692391 0.0348787
1 39.7226 13.5942 -0.0941625 0.0514716
1 40.8296 13.5943 -0.124826 0.0685634
1 41.9375 13.596 -0.139679 0.0807324
1 43.0455 13.5979 -0.148818 0.0837421
1 44.1584 13.5999 -0.153688 0.085124
1 0.0827881 14.5724 0.138958 0.0704432
1 1.19708 14.5718 0.142707 0.0672396
1 2.30651 14.5689 0.138456 0.0594166
1 3.41579 14.5666 0.121107 0.0502582
1 4.52354 14.5647 0.0876762 0.0409972
1 5.6332 14.5628 0.0630536 0.0324937
1 6.74644 14.5616 0.067554 0.0232104
1 7.86321 14.5623 0.0680547 0.0278627
1 8.98181 14.5632 0.0425599 0.0226835
1 10.0985 14.5653 0.0141426 0.0177257
1 11.214 14.5688 0.0176067 0.0162185
1 12.3307 14.5726 0.0307066 0.0179072
1 13.4474 14.5767 0.0299734 0.0109994
1 14.564 14.5815 0.0238426 0.00291917
1 15.68 14.5867 0.0199627 -0.00215116
1 16.7964 14.5917 0.0124366 -0.00531735
1 17.9139 14.595 0.023273 0.00318254
1 19.0322 14.5951 0.0390876 0.0158341
1 20.1533 14.5938 0.0175617 0.0224815
1 21.2766 14.5924 -0.002838 0.0419636
1 22.4005 14.5922 0.00372845 0.0488761
1 23.5241 14.5936 0.00377221 0.0296502
1 24.6472 14.5948 -0.0225196 0.01673
1 25.7674 14.5955 -0.034684 0.00839746
1 26.8852 14.5938 -0.0254234 0.000639583
1 28.0022 14.5894 -0.0273056 0.0032611
1 29.1179 14.5846 -0.0338805 0.00331592
1 30.2339 14.5796 -0.0341842 0.00561037
1 31.35 14.5749 -0.0235091 0.0105646
1 32.4673 14.5705 -0.00838403 0.0117488
1 33.5839 14.5667 -0.00142903 0.0175291
1 34.6996 14.5642 -0.0166791 0.0239143
1 35.8175 14.5627 -0.0480605 0.0240612
1 36.936 14.562 -0.0597929 0.0229671
1 38.0515 14.5622 -0.0649899 0.0298483
1 39.1634 14.5643 -0.0796768 0.0377759
1 40.2721 14.5662 -0.0977342 0.0455531
1 41.3805 14.5687 -0.120872 0.0606248
1 42.49 14.5713 -0.136398 0.0665661
1 43.6013 14.5735 -0.140684 0.0717556
1 0.639689 15.5455 0.128647 0.0564086
1 1.75303 15.5425 0.127585 0.0469578
1 2.86476 15.5384 0.1068 0.0457573
1 3.97483 15.5356 0.0803679 0.0393297
1 5.08353 15.5328 0.0634567 0.0380976
1 6.19498 15.5303 0.0601213 0.0377575
1 7.31067 15.5289 0.0546092 0.0326413
1 8.42912 15.5285 0.0489374 0.0297236
1 9.54621 15.53 0.0240994 0.0235633
1 10.6614 15.5332 0.00220678 0.0203658
1 11.7775 15.5366 0.00298434 0.0184263
1 12.8948 15.5401 0.0249383 0.0124935
1 14.0112 15.5445 0.0313085 0.00609876
1 15.1261 15.5498 0.0274153 0.00269206
1 16.2402 15.5544 0.0207653 0.000918141
1 17.3564 15.558 0.0145983 0.00130598
1 18.4742 15.5583 0.020577 0.0132039
1 19.594 15.5554 0.0110364 0.026414
1 20.716 15.5525 -0.0113008 0.0414326
1 21.839 15.551 -0.00515682 0.0520431
1 22.9624 15.5519 0.0109438 0.0493507
1 24.0847 15.5543 -0.00175492 0.0326252
1 25.2051 15.557 -0.0248457 0.016861
1 26.3236 15.5586 -0.0144668 0.00547606
1 27.4413 15.5563 -0.00239968 0.00323359
1 28.557 15.5519 -0.0100596 0.00754459
1 29.6723 15.5474 -0.0184104 0.00544171
1 30.7887 15.5427 -0.0309314 0.00876541
1 31.9048 15.5385 -0.0334238 0.0129204
1 33.0213 15.5348 -0.0162254 0.0176863
1 34.1363 15.531 -0.0112092 0.02228
1 35.2524 15.5288 -0.0428398 0.0283006
1 36.3707 15.5287 -0.0663917 0.0308061
1 37.4881 15.5295 -0.0648953 0.0320921
1 38.6014 15.5314 -0.0602144 0.0380725
1 39.7112 15.5345 -0.0770097 0.0400706
1 40.8201 15.5377 -0.115168 0.0484349
1 41.9315 15.5415 -0.135297 0.0505526
1 43.0432 15.5455 -0.1447 0.0501266
1 44.1583 15.5474 -0.13437 0.0451141
1 0.0833898 16.5205 0.1262 0.0358284
1 1.19976 16.5153 0.13382 0.0355658
1 2.31335 16.5103 0.120674 0.0391603
1 3.42566 16.5061 0.0965139 0.035872
1 4.53522 16.5036 0.058653 0.0372675
1 5.64536 16.5007 0.0426315 0.0386453
1 6.75938 16.4975 0.0608766 0.0424371
1 7.87682 16.496 0.0660197 0.0381179
1 8.99421 16.4968 0.0426967 0.0365224
1 10.1091 16.4994 0.0102614 0.0310177
1 11.224 16.5024 0.0108025 0.0289074
1 12.3409 16.5054 0.0269148 0.0222339
1 13.4571 16.5096 0.0283068 0.0145069
1 14.5722 16.5149 0.0170961 0.0141455
1 15.6862 16.5204 0.00296471 0.0178743
1 16.801 16.5233 -0.00568433 0.0162935
1 17.919 16.5232 0.00210381 0.0224904
1 19.0383 16.5203 0.00323452 0.035362
1 20.1578 16.5165 -0.00896302 0.045015
1 21.2781 16.5135 -0.0130214 0.0529598
1 22.3998 16.5125 0.00781991 0.0564967
1 23.5212 16.5147 0.0188844 0.0517231
1 24.6415 16.5185 0.0117001 0.03911
1 25.7612 16.522 -0.00604583 0.0271585
1 26.8795 16.5233 -0.00549425 0.0168798
1 27.9956 16.5217 -0.00965011 0.0160483
1 29.1096 16.5174 -0.0169948 0.0159679
1 30.2246 16.512 -0.0216688 0.02468
1 31.3409 16.508 -0.0218062 0.0216663
1 32.4583 16.5043 -0.00664146 0.0209031
1 33.5739 16.5009 0.00372789 0.0255838
1 34.6877 16.4973 -0.0217953 0.033958
1 35.8041 16.496 -0.050765 0.0366189
1 36.922 16.4965 -0.0539829 0.0378358
1 38.0376 16.499 -0.0507278 0.0401627
1 39.1499 16.5023 -0.0498644 0.038888
1 40.2598 16.5052 -0.0618325 0.037329
1 41.3708 16.5084 -0.0839258 0.0358974
1 42.484 16.5138 -0.108092 0.0369609
1 43.599 16.5201 -0.117237 0.0324932
1 0.647688 17.4902 0.114014 0.0218205
1 1.76248 17.4818 0.0988301 0.0279257
1 2.87544 17.4767 0.0751005 0.0241095
1 3.98646 17.4737 0.0496088 0.021655
1 5.09748 17.4707 0.0375762 0.034232
1 6.21055 17.4676 0.0411706 0.038846
1 7.3259 17.465 0.0516333 0.0356683
1 8.44269 17.4651 0.0473106 0.036002
1 9.55792 17.467 0.0236765 0.0366801
1 10.672 17.4698 0.00215926 0.0285883
1 11.7877 17.4722 0.00628906 0.0188511
1 12.9046 17.4762 0.0186544 0.0158581
1 14.0198 17.4815 0.024593 0.0190558
1 15.1336 17.487 0.0130606 0.0187778
1 16.2481 17.4902 -0.0045484 0.0225217
1 17.3649 17.4895 -0.0060733 0.0259647
1 18.4836 17.4866 -0.00683202 0.0300045
1 19.6026 17.4828 -0.0184623 0.0351981
1 20.7211 17.4793 -0.0206449 0.0402333
1 21.84 17.4768 -0.00397241 0.0400317
1 22.9596 17.4776 0.01307 0.0406074
1 24.0777 17.4807 0.0162574 0.0372147
1 25.1955 17.4844 0.00848964 0.0322072
1 26.3144 17.4882 0.0116075 0.0289984
1 27.4328 17.4901 0.0139134 0.023433
1 28.5488 17.4886 -0.00214283 0.0181536
1 29.663 17.4839 -0.0146821 0.0167726
1 30.7774 17.4785 -0.0199754 0.0176581
1 31.8938 17.474 -0.0180142 0.0239635
1 33.0107 17.4711 -0.00600156 0.0303369
1 34.1252 17.4681 -0.0102865 0.0272635
1 35.2392 17.4654 -0.0369685 0.033041
1 36.3555 17.4647 -0.0541066 0.0387057
1 37.4719 17.4661 -0.0475394 0.0368154
1 38.5864 17.469 -0.0300055 0.0323055
1 39.6979 17.4723 -0.0354629 0.0317111
1 40.8079 17.4755 -0.0685629 0.024908
1 41.9201 17.4798 -0.0981473 0.0264638
1 43.0333 17.4868 -0.110642 0.0220191
1 44.1501 17.4981 -0.106536 0.0163764
1 0.097575 18.4674 0.114221 0.00659093
1 1.21495 18.4551 0.110554 0.0169639
1 2.32701 18.4478 0.0971107 0.0147821
1 3.43873 18.4429 0.0651659 0.0174783
1 4.54967 18.439 0.0262692 0.0164651
1 5.66163 18.4362 0.0228746 0.0218721
1 6.77615 18.4347 0.0439565 0.026557
1 7.89183 18.4342 0.0524461 0.0271736
1 9.0074 18.4347 0.0379427 0.0227415
1 10.1209 18.4363 0.0119405 0.0198059
1 11.2353 18.4387 0.0188018 0.0113896
1 12.3507 18.4423 0.0359048 0.00395027
1 13.4653 18.4473 0.0328171 -0.000435374
1 14.5792 18.4526 0.022202 0.0102755
1 15.6942 18.4558 -0.0052138 0.0194148
1 16.8111 18.4552 -0.0163531 0.023324
1 17.9302 18.452 -0.00608195 0.018487
1 19.0488 18.4483 -0.00973292 0.013326
1 20.165 18.4454 -0.0172725 0.0139245
1 21.2809 18.4426 -0.00979461 0.0145224
1 22.3987 18.4415 0.00432082 0.0141845
1 23.516 18.4432 0.0148193 0.0138777
1 24.6324 18.4465 0.0172344 0.0129352
1 25.7503 18.4499 0.00370962 0.0153178
1 26.869 18.4535 0.00485215 0.020973
1 27.9866 18.4559 0.00506709 0.0174732
1 29.1021 18.4545 -0.012242 0.0116082
1 30.2161 18.4497 -0.0293648 0.00367379
1 31.3303 18.4441 -0.023402 0.00194536
1 32.4462 18.4398 -0.00576699 0.0126149
1 33.5617 18.4373 0.000611872 0.0204214
1 34.6755 18.4357 -0.0267609 0.0199737
1 35.7898 18.4341 -0.0416193 0.0200531
1 36.9051 18.4339 -0.0393484 0.0243027
1 38.0202 18.4353 -0.0282621 0.0252728
1 39.1333 18.4377 -0.0213013 0.0201044
1 40.2439 18.4411 -0.0342004 0.0139845
1 41.3548 18.4457 -0.0649911 0.0153748
1 42.4661 18.4521 -0.0831636 0.0138795
1 43.5789 18.4625 -0.0901234 0.0174899
1 0.670154 19.4295 0.0917401 0.00465966
1 1.78296 19.42 0.0919776 0.00314984
1 2.89372 19.4128 0.0645874 0.00675025
1 4.00373 19.4073 0.0300305 0.00879114
1 5.11375 19.4041 0.015927 0.00806967
1 6.22609 19.4024 0.0241445 0.0117035
1 7.34088 19.4026 0.0389706 0.0136504
1 8.45669 19.4025 0.0433896 0.0133047
1 9.57105 19.4031 0.0222872 0.0134284
1 10.6836 19.4041 0.00550238 0.00272395
1 11.7967 19.4077 0.0220009 -0.0113879
1 12.9113 19.4126 0.0326439 -0.0111522
1 14.0254 19.4173 0.0260141 0.0021848
1 15.1403 19.4199 0.00470038 0.0176719
1 16.257 19.4198 -0.0110498 0.021673
1 17.3751 19.4168 -0.00146829 0.023542
1 18.4933 19.4132 0.00231307 0.0147469
1 19.61 19.411 -0.0121916 0.00438132
1 20.7253 19.4087 -0.0168876 0.00527388
1 21.8409 19.4067 -0.00207528 0.00931549
1 22.9573 19.4074 0.010416 0.00548071
1 24.0719 19.4096 0.0101336 0.00130209
1 25.187 19.4115 -0.00309399 0.00843599
1 26.3045 19.4149 0.00132303 0.01794
1 27.4232 19.4185 0.0162401 0.0193142
1 28.5411 19.42 0.0136092 0.0195791
1 29.6575 19.4188 -0.0102086 0.011019
1 30.7711 19.4148 -0.0341231 -0.00622705
1 31.8845 19.4095 -0.0417097 -0.00707513
1 32.9987 19.4052 -0.0260418 -0.0021506
1 34.1122 19.4033 -0.0121705 0.00926438
1 35.2256 19.4029 -0.0287634 0.0100301
1 36.3401 19.4023 -0.0489351 0.0141588
1 37.4551 19.4022 -0.038933 0.0108295
1 38.569 19.4031 -0.0106539 0.00899032
1 39.6794 19.4055 -0.0197654 0.00562077
1 40.7883 19.4102 -0.0653321 0.00757942
1 41.899 19.4173 -0.0930104 0.00398475
1 43.0107 19.4252 -0.108237 0.005873
1 44.1291 19.4374 -0.113782 0.00390996
1 0.1185 20.4012 0.116724 0.00810033
1 1.23814 20.3913 0.117496 -0.00256705
1 2.35084 20.3845 0.103298 0.0036728
1 3.46079 20.378 0.0648742 0.0129171
1 4.56767 20.3733 0.0237547 0.0165561
1 5.67668 20.3711 0.016399 0.017595
1 6.79008 20.3708 0.0323966 0.0121117
1 7.90566 20.371 0.0349404 0.0163082
1 9.02033 20.3711 0.0185841 0.0102702
1 10.1326 20.3719 0.004646 0.00266456
1 11.2438 20.3748 0.0228705 -0.00401462
1 12.3566 20.3794 0.0344751 0.00227341
1 13.4708 20.3829 0.0142249 0.0094179
1 14.5866 20.3846 -0.00798165 0.0238058
1 15.7036 20.3841 -0.0259515 0.0298528
1 16.8211 20.3826 -0.0227351 0.0323366
1 17.9393 20.3799 -0.00121045 0.0257471
1 19.0555 20.3771 0.00738028 0.0180262
1 20.1694 20.3757 -0.00797499 0.0163315
1 21.2829 20.3745 -0.0112975 0.0190263
1 22.398 20.3741 0.00295761 0.0200376
1 23.5128 20.3749 0.0152083 0.0167935
1 24.6271 20.3764 0.0091908 0.0144408
1 25.7426 20.3783 -0.00688438 0.0186989
1 26.8597 20.381 0.00255061 0.0305953
1 27.9774 20.3834 0.0139585 0.031847
1 29.0941 20.3847 0.0100497 0.0298651
1 30.2097 20.3842 -0.00571478 0.0195585
1 31.3242 20.3811 -0.0189915 0.00405977
1 32.4381 20.3767 -0.0176659 -0.0094762
1 33.5506 20.3724 -0.00465055 -0.0049048
1 34.6621 20.3712 -0.00776688 0.0114936
1 35.7758 20.3711 -0.0244018 0.0168574
1 36.8912 20.371 -0.0283413 0.0102657
1 38.0051 20.3706 -0.0217894 0.0123879
1 39.1158 20.372 -0.0159342 0.0164327
1 40.2236 20.3756 -0.0327933 0.011228
1 41.3318 20.3816 -0.0677945 0.00753979
1 42.4426 20.3883 -0.0955026 6.51952e-05
1 43.5563 20.3965 -0.105856 0.0010626
1 0.690586 21.3602 0.112133 0.0105298
1 1.80466 21.3535 0.0963187 -0.000793819
1 2.9161 21.3488 0.070308 0.00234959
1 4.02378 21.3445 0.0390476 0.0102015
1 5.13003 21.341 0.019449 0.0161127
1 6.23983 21.3393 0.018121 0.0105157
1 7.35356 21.3396 0.0212857 0.0057883
1 8.46869 21.3403 0.0172513 0.000252879
1 9.58174 21.341 -0.00158775 -0.00817577
1 10.6925 21.3433 -0.0135442 -0.0114964
1 11.8049 21.3473 -0.0106727 -0.00292551
1 12.9203 21.3502 -0.00512949 0.0105526
1 14.0365 21.3505 -0.00974185 0.0186948
1 15.1529 21.3496 -0.0200557 0.0239077
1 16.2686 21.3486 -0.0210971 0.0247353
1 17.385 21.347 -0.00561419 0.0170665
1 18.5012 21.3452 0.00441049 0.00921897
1 19.6153 21.3439 -0.007857 0.010936
1 20.7277 21.343 -0.0164384 0.0111223
1 21.8413 21.3428 -0.00536398 0.0122677
1 22.9561 21.3431 0.00710751 0.0118161
1 24.0683 21.3436 0.00786233 0.00978613
1 25.1805 21.3444 -0.00817972 0.00736393
1 26.2956 21.3461 0.00289136 0.0104365
1 27.4121 21.3479 0.0265951 0.0225155
1 28.5285 21.3491 0.0357633 0.0252278
1 29.6454 21.3497 0.0289726 0.0206997
1 30.7618 21.3501 0.00969494 0.0147276
1 31.8773 21.3486 -0.00753685 0.00751097
1 32.9915 21.3449 -0.0113889 -0.00687251
1 34.1026 21.3417 -0.000816232 -0.0116477
1 35.2138 21.3404 -0.00995943 -0.00655454
1 36.3279 21.3399 -0.0245696 0.0019931
1 37.4427 21.3395 -0.0255761 0.00967413
1 38.5542 21.3397 -0.0196944 0.0127565
1 39.6615 21.3425 -0.0369829 0.0126228
1 40.7672 21.3467 -0.075405 0.0101247
1 41.8765 21.3511 -0.106834 0.00123411
1 42.9897 21.3562 -0.129352 -0.00333764
1 44.1117 21.3635 -0.138134 0.0199814
1 0.132222 22.3251 0.153322 0.0176429
1 1.25453 22.3195 0.13848 0.00308115
1 2.36798 22.3159 0.108974 -0.00724551
1 3.47847 22.3135 0.0736692 -0.00659637
1 4.58453 22.311 0.0304345 0.00563327
1 5.6911 22.3085 0.0124022 0.00724473
1 6.80179 22.3078 0.0267052 -0.0016965
1 7.9154 22.3082 0.03144 -0.0146822
1 9.02889 22.3094 0.00527621 -0.0205033
1 10.1404 22.3114 -0.0232856 -0.0213127
1 11.2526 22.3139 -0.0201605 -0.00612781
1 12.3684 22.3159 -0.0133027 0.00348775
1 13.4855 22.3161 -0.0186247 0.00887652
1 14.6021 22.3148 -0.0310808 0.011606
1 15.7178 22.314 -0.0337982 0.0121647
1 16.8328 22.3135 -0.0260818 0.0117554
1 17.9481 22.3126 -0.00426633 0.00127708
1 19.0618 22.3115 0.00712287 -0.00138602
1 20.1728 22.3111 -0.00584973 0.00176725
1 21.284 22.3109 -0.00803757 0.00318344
1 22.3977 22.3108 0.00405739 0.00295354
1 23.5109 22.3108 0.0133873 0.00344494
1 24.6225 22.3114 0.00653128 -0.00157498
1 25.735 22.3122 -0.00543455 -0.00305696
1 26.8498 22.313 0.00698278 0.00729522
1 27.965 22.3138 0.01619 0.0122701
1 29.0793 22.3141 0.0238661 0.0112845
1 30.1944 22.315 0.0255062 0.0113938
1 31.3115 22.3157 0.0219395 0.00683916
1 32.4291 22.3146 0.0275652 -0.00271368
1 33.5436 22.3124 0.0366125 -0.0144697
1 34.6548 22.3101 0.0143933 -0.0226057
1 35.7671 22.3088 -0.0189593 -0.015621
1 36.8811 22.3079 -0.0271588 -0.00564461
1 37.9929 22.308 -0.0248296 0.00325861
1 39.101 22.3096 -0.0226083 0.00889085
1 40.2074 22.3124 -0.0397227 -0.00156701
1 41.3152 22.3147 -0.0784375 -0.00912307
1 42.4261 22.3174 -0.110959 -0.00384977
1 43.5405 22.3212 -0.12856 0.00798291
1 0.701872 23.2831 0.145485 0.00255382
1 1.81581 23.2818 0.125024 -0.0026606
1 2.92712 23.2807 0.0799671 -0.0038082
1 4.03574 23.2799 0.0293993 5.95455e-05
1 5.14247 23.2789 0.0161647 0.00515904
1 6.25033 23.2783 0.0324085 0.00306792
1 7.36094 23.278 0.0461661 -0.00571851
1 8.47348 23.2784 0.021617 -0.0117637
1 9.58584 23.2792 -0.0265377 -0.0126148
1 10.6985 23.2803 -0.0549291 -0.00817694
1 11.8141 23.281 -0.0437418 -0.00196157
1 12.9327 23.2813 -0.0279203 0.00580271
1 14.0504 23.2808 -0.0226522 0.00498185
1 15.1653 23.2804 -0.0255286 0.00290342
1 16.2785 23.2801 -0.0195627 0.00633903
1 17.3927 23.2797 -0.000840493 0.00291296
1 18.5067 23.2795 0.00852926 -0.00237603
1 19.6186 23.2794 -0.00603962 0.000283061
1 20.7291 23.2794 -0.0115334 0.00288375
1 21.8417 23.2795 -0.000283703 0.0026767
1 22.9556 23.2792 0.0117845 0.0025607
1 24.066 23.279 0.00840862 0.00258231
1 25.1763 23.2795 -0.0106103 0.000576976
1 26.2897 23.2799 -0.00221329 -0.000935331
1 27.4044 23.2798 0.0210101 0.0049417
1 28.5182 23.2799 0.0282559 0.00449656
1 29.6327 23.2803 0.023923 0.0020593
1 30.7487 23.2806 0.0170238 0.00311003
1 31.866 23.2807 0.022872 0.000493855
1 32.9834 23.2802 0.0367055 -0.00530915
1 34.098 23.2795 0.0408441 -0.00970263
1 35.21 23.2786 0.00194917 -0.0100236
1 36.3226 23.278 -0.0389125 -0.00832855
1 37.4344 23.278 -0.0390622 -0.000452225
1 38.5441 23.2786 -0.0177962 0.00561539
1 39.6509 23.2795 -0.0174395 0.00398581
1 40.7575 23.28 -0.0625093 -0.00637829
1 41.868 23.2808 -0.119082 -0.00711757
1 42.9817 23.2818 -0.152902 0.00394528
1 44.1038 23.2834 -0.157618 0.00678949
1 0.135517 24.2437 0.160179 -0.00699688
1 1.25778 24.2455 0.15466 -0.00496872
1 2.37178 24.2466 0.121738 0.0071792
1 3.4824 24.2474 0.0627733 0.0058027
1 4.58917 24.2482 0.014885 -0.00335599
1 5.69606 24.2491 0.0139254 -0.0048045
1 6.80595 24.2496 0.0371826 0.000230756
1 7.91778 24.2493 0.0401254 0.00892882
1 9.03028 24.2484 0.000603104 0.00885746
1 10.1423 24.2475 -0.0407329 0.00758147
1 11.2567 24.2469 -0.0390119 0.00256124
1 12.3738 24.2465 -0.023589 -0.00273709
1 13.4915 24.2466 -0.0166786 -0.00596049
1 14.6077 24.247 -0.0238208 -0.00544871
1 15.7222 24.2475 -0.0290407 -0.00736801
1 16.8358 24.2476 -0.0212091 -0.00728611
1 17.9503 24.2476 0.00182841 -0.00212003
1 19.0635 24.248 0.00868048 -0.00227826
1 20.1737 24.2487 -0.00484814 -0.00402504
1 21.2842 24.2488 -0.00902916 -0.00309894
1 22.3979 24.2485 0.00228615 -0.00347348
1 23.5107 24.2485 0.011668 -0.00338617
1 24.6213 24.2482 0.00716445 0.000613269
1 25.7333 24.2478 -0.00921125 0.0006699
1 26.8473 24.2476 0.00103144 -0.00515192
1 27.9615 24.2472 0.0165995 -0.00963479
1 29.0749 24.2469 0.0247456 -0.00629802
1 30.1898 24.2465 0.0238123 -0.00762671
1 31.3073 24.2461 0.0267768 -0.00830094
1 32.4258 24.2463 0.0412881 -0.0015287
1 33.5417 24.2468 0.0544884 0.00491435
1 34.6542 24.2477 0.0291222 0.0105927
1 35.7666 24.2485 -0.0188881 0.0113263
1 36.8791 24.2494 -0.045033 0.00770487
1 37.9896 24.2494 -0.0338611 -0.00235227
1 39.0975 24.2489 -0.0166196 -0.00364681
1 40.2044 24.2476 -0.0298128 -0.000722058
1 41.3128 24.2466 -0.0796302 0.0037822
1 42.424 24.2455 -0.126063 0.00216657
1 43.5378 24.2441 -0.14707 -0.00330049
1 0.698838 25.206 0.130092 -0.00885739
1 1.81326 25.21 0.109888 0.00265536
1 2.92445 25.2129 0.0777688 0.00707275
1 4.03242 25.2152 0.0389955 0.000151861
1 5.13886 25.2181 0.0225236 -0.00793765
1 6.24705 25.2197 0.0240851 -0.0030742
1 7.35898 25.2197 0.028418 0.00440872
1 8.47304 25.2186 0.0220723 0.0144946
1 9.58536 25.2172 -0.0116982 0.0223321
1 10.6967 25.2148 -0.0363717 0.0145484
1 11.8109 25.2127 -0.0293751 0.00158121
1 12.9285 25.2116 -0.0226936 -0.0085293
1 14.0458 25.2124 -0.0251803 -0.0128072
1 15.1611 25.2134 -0.0253116 -0.0136047
1 16.2752 25.2139 -0.0197314 -0.0147584
1 17.3903 25.2147 -0.00674147 -0.00811084
1 18.5051 25.2155 0.00568221 0.0013783
1 19.6175 25.2163 -0.005894 0.000303963
1 20.729 25.217 -0.014745 -0.00416039
1 21.842 25.2171 -0.00242087 -0.00302631
1 22.9558 25.217 0.00935151 -0.00330229
1 24.067 25.2167 0.00830467 -0.00150534
1 25.178 25.216 -0.0080862 0.000943809
1 26.2917 25.2149 0.00508761 -0.00256292
1 27.407 25.214 0.0282378 -0.01253
1 28.5221 25.2134 0.0338643 -0.0136093
1 29.6381 25.2127 0.0324036 -0.0144248
1 30.7545 25.2115 0.0197825 -0.0120092
1 31.8715 25.2116 0.0130029 -0.00633383
1 32.9878 25.2135 0.0181991 0.00287152
1 34.1002 25.2158 0.0221333 0.0195109
1 35.2115 25.2177 -0.00584079 0.0200875
1 36.3247 25.2191 -0.0322752 0.015265
1 37.4382 25.2198 -0.0279623 0.00280063
1 38.5489 25.2193 -0.0145534 -0.00659804
1 39.6558 25.2167 -0.0310543 -0.00747679
1 40.7619 25.214 -0.0733337 0.00443469
1 41.872 25.2115 -0.106125 0.00564536
1 42.9852 25.208 -0.137444 -0.00420648
1 44.1072 25.2022 -0.152694 -0.0196215
1 0.127668 26.164 0.140545 -0.0213307
1 1.24949 26.1713 0.130996 0.0035416
1 2.36292 26.1763 0.109538 -0.00228157
1 3.47261 26.1808 0.0745199 -0.0108163
1 4.57861 26.1851 0.0339882 -0.0132564
1 5.68591 26.188 0.018073 -0.0123902
1 6.79745 26.1882 0.0260372 -0.00906148
1 7.91237 26.1877 0.0258319 -0.00267299
1 9.0265 26.1872 0.00996324 0.00495088
1 10.1378 26.1858 -0.000707149 0.0109858
1 11.2489 26.1824 0.0096756 0.00711263
1 12.3627 26.1787 0.0080431 -0.00706989
1 13.4783 26.1773 -0.00774767 -0.014823
1 14.5949 26.1778 -0.0269161 -0.0212143
1 15.7116 26.1786 -0.0378329 -0.0256159
1 16.8278 26.1798 -0.0264768 -0.0223693
1 17.9443 26.1817 -0.00320589 -0.00947243
1 19.0594 26.1834 0.00659155 -0.00784883
1 20.1717 26.1841 -0.00668291 -0.0100276
1 21.2838 26.1847 -0.00757643 -0.0121416
1 22.3984 26.185 0.00545481 -0.0120725
1 23.5122 26.1848 0.0151216 -0.0100581
1 24.6248 26.1836 0.00855645 -0.00980027
1 25.7389 26.1822 -0.00315351 -0.00841087
1 26.8549 26.1805 0.00687777 -0.016566
1 27.9712 26.1789 0.0187143 -0.0238535
1 29.0872 26.178 0.0197548 -0.0233261
1 30.2035 26.1771 0.0115371 -0.0200896
1 31.3197 26.1775 0.00607737 -0.0115201
1 32.4354 26.1803 0.0106086 0.00167619
1 33.5482 26.1842 0.0137038 0.0101797
1 34.6588 26.1865 0.0028018 0.00720253
1 35.7715 26.1872 -0.0163565 -0.000624952
1 36.8863 26.1879 -0.0221884 -0.00546687
1 38 26.1883 -0.0203694 -0.00946486
1 39.11 26.1866 -0.0195556 -0.0156339
1 40.2163 26.183 -0.0389569 -0.0106175
1 41.3239 26.1788 -0.0710752 -0.00360283
1 42.4351 26.1741 -0.0971931 -0.000152085
1 43.5492 26.1673 -0.112338 -0.0125238
1 0.682937 27.1311 0.105914 -0.000656794
1 1.79676 27.1391 0.0954985 0.000645502
1 2.90791 27.1457 0.0669609 -0.00560029
1 4.01632 27.1516 0.0313505 -0.0113573
1 5.12413 27.1554 0.0144397 -0.0171083
1 6.23465 27.1569 0.0202155 -0.012724
1 7.34868 27.1564 0.0290589 -0.0104472
1 8.46425 27.1564 0.0260291 -0.0169568
1 9.57808 27.1562 0.00866876 -0.0120858
1 10.6898 27.1549 0.00418555 0.00453295
1 11.8019 27.1507 0.0155756 0.0113679
1 12.9158 27.1462 0.0184835 -0.00236764
1 14.0304 27.1433 0.00732489 -0.0173699
1 15.146 27.1428 -0.00980013 -0.0284047
1 16.2625 27.1442 -0.0171586 -0.0310288
1 17.3802 27.1466 -0.0028131 -0.0294942
1 18.4973 27.1493 0.00714704 -0.0190276
1 19.6129 27.1511 -0.00718551 -0.0149821
1 20.7271 27.1524 -0.0159485 -0.0167429
1 21.8418 27.1533 -0.00265915 -0.0183705
1 22.9572 27.1529 0.0103021 -0.0179994
1 24.0707 27.1517 0.00844687 -0.015566
1 25.1845 27.15 -0.00885132 -0.0171713
1 26.3006 27.1474 0.00225596 -0.0246698
1 27.4186 27.1448 0.0241677 -0.0314303
1 28.5362 27.1433 0.0260487 -0.0290936
1 29.6534 27.1429 0.0107482 -0.0226906
1 30.7691 27.1445 -0.0121768 -0.00923632
1 31.8834 27.1481 -0.03366 -0.00249654
1 32.9968 27.1526 -0.0237742 0.00425459
1 34.1082 27.1558 -0.00559776 -0.0029596
1 35.2202 27.1565 -0.0179544 -0.0108978
1 36.3346 27.1565 -0.0340642 -0.0175184
1 37.4501 27.1565 -0.0332146 -0.0122176
1 38.5634 27.1562 -0.018587 -0.0170313
1 39.6724 27.1539 -0.0238486 -0.0170852
1 40.7791 27.1493 -0.0638267 -0.0121387
1 41.8889 27.1428 -0.101522 -0.00412713
1 43.0015 27.1361 -0.117084 0.00144488
1 44.1211 27.1263 -0.116548 -0.0106036
1 0.110192 28.0903 0.115234 -0.00492755
1 1.22877 28.1023 0.108902 -0.00609933
1 2.34076 28.1101 0.0949307 -0.00342385
1 3.45167 28.117 0.0667403 -0.0077494
1 4.56069 28.1219 0.0188295 -0.00684106
1 5.67101 28.1244 0.00854807 -0.010946
1 6.78497 28.1253 0.0381151 -0.0113077
1 7.90004 28.1253 0.0486301 -0.0148104
1 9.01466 28.1248 0.0279903 -0.0109069
1 10.1281 28.1243 0.0105345 -0.00868228
1 11.2414 28.1224 0.0248106 0.00358649
1 12.3553 28.118 0.0418764 0.00792332
1 13.4689 28.1128 0.0353027 0.0076574
1 14.5827 28.1089 0.0133077 -0.0102532
1 15.6988 28.1078 -0.0128886 -0.0184047
1 16.8165 28.1092 -0.0157262 -0.019559
1 17.9352 28.1129 -0.00121143 -0.0186281
1 19.0527 28.1162 0.00134159 -0.00941851
1 20.1678 28.118 -0.00905609 -0.00254596
1 21.2825 28.1201 -0.0103922 -0.00508146
1 22.3988 28.1208 0.00331324 -0.00944818
1 23.5147 28.1188 0.0148329 -0.00533411
1 24.6301 28.1164 0.0101598 -0.00465932
1 25.7468 28.1143 -0.00493293 -0.0146718
1 26.8648 28.1108 -7.71728e-05 -0.0241385
1 27.983 28.108 0.00827047 -0.0217019
1 29.0998 28.1078 -0.00360652 -0.0175075
1 30.2147 28.1102 -0.0248323 -0.00256277
1 31.3288 28.115 -0.032396 0.0109206
1 32.4436 28.12 -0.0233825 0.0114343
1 33.557 28.1237 -0.00477017 -0.00190617
1 34.6693 28.1248 -0.0193348 -0.0135611
1 35.7835 28.1254 -0.0402397 -0.0153208
1 36.8992 28.125 -0.0377014 -0.0148579
1 38.0138 28.1251 -0.0253295 -0.0125089
1 39.1262 28.1235 -0.0171509 -0.00958938
1 40.2361 28.1202 -0.0310164 -0.00991504
1 41.3461 28.1145 -0.0651148 -0.00762182
1 42.4567 28.1074 -0.09218 -0.00325501
1 43.5694 28.0981 -0.0911318 -0.00539863
1 0.660746 29.0649 0.0905913 -0.0166144
1 1.77358 29.0753 0.0838149 -0.0144984
1 2.88508 29.0817 0.0656572 -0.0155554
1 3.99603 29.0864 0.0340269 -0.0148835
1 5.10663 29.0898 0.0191673 -0.0205282
1 6.21966 29.0922 0.0261413 -0.0261709
1 7.33473 29.0936 0.0397682 -0.0248575
1 8.45023 29.0935 0.0426094 -0.0200173
1 9.56455 29.092 0.0281403 -0.0193619
1 10.6784 29.0903 0.000633427 -0.0193841
1 11.7935 29.0877 0.0051423 -0.0110866
1 12.9094 29.0834 0.0227791 -0.000694659
1 14.024 29.0779 0.0296697 -0.00302504
1 15.1381 29.0733 0.012352 -0.0104914
1 16.2533 29.0718 -0.0079852 -0.0166253
1 17.3708 29.0742 -0.00544403 -0.0201347
1 18.4896 29.0778 -0.00362115 -0.0155049
1 19.6075 29.0812 -0.0165546 -0.0134748
1 20.7238 29.0842 -0.0153211 -0.0144755
1 21.8409 29.086 -0.00257135 -0.012533
1 22.9589 29.0849 0.00880155 -0.0138434
1 24.075 29.0821 0.0157641 -0.0135961
1 25.1912 29.0792 0.00826681 -0.0136239
1 26.3097 29.0756 0.00700751 -0.0184812
1 27.4286 29.0724 0.0156255 -0.0224467
1 28.5458 29.0718 0.0043283 -0.0184908
1 29.6611 29.075 -0.0209252 -0.00900146
1 30.7749 29.0802 -0.0324348 0.00106472
1 31.8894 29.0853 -0.0350381 -0.00322996
1 33.0051 29.0891 -0.0191125 -0.0102894
1 34.1196 29.0916 -0.0107789 -0.0185659
1 35.2331 29.0932 -0.0373585 -0.0223978
1 36.3486 29.0935 -0.0522908 -0.0283887
1 37.4641 29.0929 -0.0446353 -0.0275247
1 38.5785 29.0914 -0.0253855 -0.0210648
1 39.6904 29.0886 -0.027997 -0.0170438
1 40.801 29.0845 -0.0652065 -0.0184922
1 41.9126 29.0796 -0.0958409 -0.0147986
1 43.0245 29.0724 -0.109545 -0.0159608
1 44.142 29.06 -0.113218 -0.00446059
1 0.0893716 30.0291 0.108156 -0.0145818
1 1.20616 30.0405 0.112062 -0.0213692
1 2.31961 30.0475 0.0998283 -0.0257766
1 3.43192 30.052 0.069942 -0.0243143
1 4.54216 30.0552 0.0352669 -0.0302766
1 5.65366 30.0583 0.0288412 -0.0315303
1 6.76825 30.0612 0.0468904 -0.0356493
1 7.8846 30.0627 0.0538908 -0.0371137
1 9.00103 30.0621 0.0373233 -0.0316308
1 10.1151 30.0594 0.0110322 -0.0251604
1 11.2295 30.0564 0.00646594 -0.0278177
1 12.346 30.0534 0.0194987 -0.0220864
1 13.4626 30.0489 0.0206588 -0.0154964
1 14.5772 30.0437 0.01558 -0.0161548
1 15.6912 30.039 0.000842593 -0.0169706
1 16.8069 30.0375 -0.0147437 -0.0221314
1 17.9252 30.0394 -0.0110646 -0.0275585
1 19.044 30.0431 -0.0103107 -0.0312009
1 20.162 30.0467 -0.0167606 -0.0350736
1 21.28 30.0498 -0.0143364 -0.038996
1 22.3996 30.0506 0.00617705 -0.0390233
1 23.5188 30.0481 0.0221094 -0.0387221
1 24.6375 30.0445 0.0203322 -0.0338762
1 25.7565 30.0408 0.00605215 -0.0290377
1 26.875 30.0379 0.00322489 -0.0256099
1 27.992 30.0373 0.000833056 -0.0213549
1 29.1066 30.0404 -0.0126771 -0.0171276
1 30.2204 30.046 -0.0235551 -0.0172101
1 31.3355 30.0513 -0.0192808 -0.0145797
1 32.4523 30.0555 -0.00815664 -0.0172684
1 33.5682 30.058 -0.000972445 -0.0267521
1 34.6823 30.0607 -0.0209211 -0.0354691
1 35.7975 30.0625 -0.0459553 -0.0350693
1 36.9142 30.0625 -0.0523736 -0.0346869
1 38.0294 30.0599 -0.043326 -0.0363138
1 39.1426 30.0569 -0.0409808 -0.0325804
1 40.2536 30.0538 -0.0518478 -0.0215703
1 41.3644 30.0506 -0.0752953 -0.0236766
1 42.4771 30.0456 -0.0976352 -0.0270795
1 43.5919 30.037 -0.113441 -0.0198445
1 0.640418 31.0074 0.117896 -0.0322694
1 1.75546 31.0137 0.109623 -0.0362212
1 2.86892 31.0192 0.0838749 -0.0367382
1 3.98 31.0224 0.0591884 -0.0369987
1 5.08996 31.0252 0.0468126 -0.0383138
1 6.20221 31.0284 0.049462 -0.041085
1 7.31787 31.0308 0.0542693 -0.0394292
1 8.43592 31.0314 0.0523216 -0.0374416
1 9.55241 31.0301 0.0242047 -0.0345735
1 10.6664 31.0266 -0.00313484 -0.026496
1 11.7818 31.0232 0.00510211 -0.020765
1 12.8992 31.0196 0.0206876 -0.0211162
1 14.0155 31.0156 0.0208828 -0.0247659
1 15.1304 31.0103 0.0154735 -0.0175846
1 16.2444 31.006 0.0059928 -0.0172989
1 17.3603 31.0044 0.00454651 -0.0179478
1 18.4786 31.0057 0.00546403 -0.0275928
1 19.5983 31.0091 -0.0102412 -0.0403866
1 20.7186 31.0129 -0.0195915 -0.0518112
1 21.8398 31.0149 -0.00460187 -0.0577604
1 22.9618 31.014 0.0127624 -0.0541732
1 24.0823 31.0109 0.00975404 -0.045545
1 25.2016 31.0072 -0.00298787 -0.0352813
1 26.3207 31.0043 -0.000192972 -0.0232247
1 27.4386 31.0043 0.006023 -0.0173728
1 28.5538 31.0072 -0.00378171 -0.0193109
1 29.668 31.0127 -0.015539 -0.0149495
1 30.7831 31.0181 -0.027133 -0.0151826
1 31.899 31.0224 -0.0262281 -0.0215786
1 33.0161 31.0254 -0.011057 -0.0291496
1 34.1313 31.0282 -0.00928599 -0.0323173
1 35.2463 31.0308 -0.0420716 -0.0380018
1 36.3634 31.0316 -0.0668274 -0.0389077
1 37.4808 31.0301 -0.0612491 -0.0429149
1 38.5948 31.0269 -0.0431889 -0.0382998
1 39.7051 31.024 -0.0597695 -0.0366974
1 40.8144 31.0215 -0.097122 -0.0376346
1 41.9266 31.0172 -0.119089 -0.0406346
1 43.04 31.0119 -0.133044 -0.0350135
1 44.1561 31.0068 -0.125866 -0.0340739
1 0.0811842 31.9801 0.135377 -0.0442749
1 1.19624 31.9821 0.146104 -0.0498995
1 2.30801 31.9861 0.136568 -0.0501192
1 3.41954 31.9899 0.113535 -0.0471608
1 4.5287 31.9929 0.0733567 -0.0402592
1 5.63854 31.9959 0.0584739 -0.0388644
1 6.75194 31.9978 0.0650421 -0.0319199
1 7.86938 31.9985 0.0659821 -0.0308027
1 8.98793 31.9984 0.0443366 -0.0275529
1 10.104 31.9963 0.011401 -0.0220213
1 11.2189 31.9926 0.0152175 -0.0175795
1 12.3351 31.989 0.033116 -0.0133297
1 13.4513 31.9849 0.031001 -0.00789836
1 14.5677 31.9802 0.0192036 -0.00549869
1 15.683 31.9756 0.00894642 -0.00829263
1 16.7986 31.9714 0.00215558 -0.00506915
1 17.9163 31.9692 0.0160979 -0.00663566
1 19.0349 31.9708 0.024744 -0.0172952
1 20.1554 31.9734 0.000624312 -0.0326655
1 21.2777 31.9756 -0.0115133 -0.0504352
1 22.4009 31.9763 0.00596757 -0.0523777
1 23.5239 31.9748 0.0128157 -0.0416648
1 24.6459 31.972 -0.0104773 -0.026412
1 25.7656 31.9693 -0.0211991 -0.0132641
1 26.8835 31.9696 -0.0167305 -0.00188027
1 27.9999 31.9731 -0.022989 -0.00185238
1 29.114 31.9777 -0.0266502 -0.00324802
1 30.2289 31.9831 -0.0305725 -0.00687168
1 31.3451 31.9876 -0.0255321 -0.0118728
1 32.4625 31.9911 -0.00452213 -0.0179203
1 33.5789 31.9943 -0.00112289 -0.0202516
1 34.6941 31.9975 -0.021991 -0.0240821
1 35.8112 31.9991 -0.0476399 -0.0300342
1 36.9294 31.9987 -0.0540819 -0.0322842
1 38.045 31.9971 -0.0613748 -0.0371365
1 39.1566 31.9948 -0.0660237 -0.0380478
1 40.2654 31.992 -0.0815305 -0.0396182
1 41.3754 31.9892 -0.106261 -0.045953
1 42.4869 31.9849 -0.125783 -0.0477406
1 43.6 31.9819 -0.127544 -0.0565437
1 0.637971 32.9542 0.142402 -0.0704827
1 1.74936 32.9564 0.138746 -0.0643415
1 2.85914 32.9589 0.11973 -0.0587919
1 3.96765 32.9611 0.094889 -0.0430063
1 5.07639 32.9629 0.07634 -0.036374
1 6.18824 32.965 0.0634712 -0.0296771
1 7.30386 32.9652 0.060542 -0.021666
1 8.42249 32.9644 0.0502596 -0.0215546
1 9.5405 32.9629 0.0190135 -0.0221713
1 10.6561 32.9604 0.0022434 -0.0167196
1 11.7725 32.9568 0.00666596 -0.0113386
1 12.89 32.9525 0.0227397 -0.0101288
1 14.0062 32.9478 0.0340767 -0.00421129
1 15.1221 32.9428 0.0342159 -0.00248617
1 16.2379 32.9381 0.0242551 -0.00306156
1 17.3549 32.9339 0.0224786 -0.00104395
1 18.4728 32.9323 0.0328018 -0.00840636
1 19.593 32.9329 0.0229265 -0.0167392
1 20.716 32.9339 -0.00289313 -0.0288352
1 21.8396 32.9352 -0.00277692 -0.0477718
1 22.9636 32.9348 0.00442163 -0.0412387
1 24.0866 32.9335 -0.0164429 -0.0210593
1 25.2075 32.9323 -0.0391654 -0.0145137
1 26.3257 32.9324 -0.0220337 -0.00320319
1 27.4435 32.9357 -0.011566 0.0055753
1 28.56 32.9407 -0.0199829 0.00168307
1 29.6761 32.946 -0.0228584 -0.0024918
1 30.7926 32.9508 -0.0299664 -0.00948946
1 31.909 32.9549 -0.0313107 -0.0157347
1 33.0261 32.9586 -0.0188992 -0.0148643
1 34.1418 32.962 -0.0154092 -0.0173297
1 35.2587 32.9642 -0.0412108 -0.0222969
1 36.3771 32.9652 -0.0681099 -0.0266458
1 37.4937 32.9658 -0.0681971 -0.0215382
1 38.6069 32.9645 -0.0645978 -0.0313832
1 39.7166 32.9627 -0.0899119 -0.0388057
1 40.8243 32.9609 -0.121687 -0.0489794
1 41.9335 32.9586 -0.137275 -0.0584997
1 43.0427 32.9557 -0.142093 -0.0662476
1 44.157 32.9549 -0.137526 -0.0708126
1 0.0808813 33.9279 0.153924 -0.0845068
1 1.19389 33.9299 0.149365 -0.0824338
1 2.3022 33.9316 0.1408 -0.0785587
1 3.41022 33.9332 0.124001 -0.0657427
1 4.51734 33.9331 0.091917 -0.0499818
1 5.62661 33.9331 0.0685988 -0.0338874
1 6.7407 33.9333 0.0763222 -0.0311486
1 7.85832 33.9318 0.0818763 -0.0277826
1 8.97654 33.9299 0.0546522 -0.0284301
1 10.0932 33.9279 0.0158791 -0.0337621
1 11.2094 33.9251 0.0190996 -0.0333547
1 12.3266 33.9212 0.0311371 -0.0354852
1 13.4434 33.9168 0.0324513 -0.0320665
1 14.5607 33.9114 0.0321243 -0.0250582
1 15.6778 33.9057 0.0220623 -0.0190107
1 16.7947 33.9006 0.0224228 -0.0187384
1 17.9135 33.8974 0.0315398 -0.02752
1 19.033 33.896 0.0431131 -0.0381329
1 20.1543 33.8948 0.0255205 -0.0436532
1 21.2771 33.8949 5.56487e-05 -0.0529898
1 22.4009 33.8953 0.00420445 -0.0585651
1 23.5243 33.8948 -0.0060728 -0.0480769
1 24.6474 33.8949 -0.0319739 -0.0384826
1 25.7682 33.8962 -0.0383378 -0.0308302
1 26.8866 33.899 -0.0347772 -0.0230139
1 28.0039 33.9034 -0.0361564 -0.0183105
1 29.1203 33.9088 -0.0382995 -0.0220093
1 30.2372 33.9145 -0.0351467 -0.0322561
1 31.3541 33.9194 -0.0250814 -0.031573
1 32.4715 33.9235 -0.0152434 -0.0279948
1 33.5884 33.9272 -0.00643027 -0.0331026
1 34.7045 33.9294 -0.0253066 -0.0328902
1 35.8223 33.9312 -0.0577444 -0.0270651
1 36.9409 33.933 -0.0667014 -0.0270836
1 38.0574 33.9341 -0.0699953 -0.0335202
1 39.1691 33.9341 -0.0812391 -0.038578
1 40.2768 33.9341 -0.0969109 -0.0572748
1 41.3837 33.9334 -0.112398 -0.0762058
1 42.4915 33.9315 -0.126867 -0.0838744
1 43.6014 33.9281 -0.133533 -0.0776962
1 0.634044 34.9033 0.143096 -0.0879234
1 1.74424 34.9064 0.133661 -0.0934887
1 2.85199 34.9078 0.106961 -0.0881392
1 3.9589 34.9072 0.0872163 -0.0763606
1 5.06621 34.9057 0.0797951 -0.0547181
1 6.17812 34.9028 0.0744901 -0.0476435
1 7.29482 34.901 0.0731166 -0.0409974
1 8.414 34.8991 0.0727695 -0.0403452
1 9.53215 34.8968 0.0452096 -0.0420713
1 10.6482 34.8947 0.0183245 -0.0487911
1 11.765 34.8916 0.0186702 -0.0527393
1 12.883 34.887 0.0292423 -0.0548221
1 14.0007 34.8818 0.0388531 -0.0544276
1 15.1185 34.8759 0.0406817 -0.0461488
1 16.2359 34.8695 0.0410897 -0.0376456
1 17.3539 34.8652 0.0459785 -0.0383645
1 18.4733 34.8622 0.044817 -0.0487099
1 19.5949 34.8597 0.0382725 -0.0627838
1 20.7174 34.8584 0.00907775 -0.0622759
1 21.8398 34.8582 -0.00430986 -0.0628317
1 22.9626 34.858 0.000309198 -0.0624575
1 24.0848 34.8585 -0.0277948 -0.0597265
1 25.2063 34.8604 -0.049037 -0.0537029
1 26.3264 34.8634 -0.0455748 -0.0410971
1 27.4449 34.8676 -0.0367694 -0.0372455
1 28.5623 34.8733 -0.0365452 -0.0410212
1 29.6805 34.8794 -0.037636 -0.0505913
1 30.7985 34.8849 -0.0353358 -0.0566831
1 31.916 34.8899 -0.033777 -0.0534292
1 33.0335 34.8937 -0.027148 -0.0494858
1 34.1502 34.8964 -0.0285307 -0.0457974
1 35.2674 34.8982 -0.0629461 -0.0446633
1 36.3864 34.9004 -0.0822856 -0.0413265
1 37.5042 34.9025 -0.0746177 -0.0442173
1 38.6183 34.9049 -0.0687668 -0.0495161
1 39.7279 34.9074 -0.0849432 -0.0664399
1 40.8348 34.9083 -0.108637 -0.085045
1 41.9427 34.9077 -0.130263 -0.0942039
1 43.0509 34.9051 -0.146185 -0.09307
1 44.164 34.8983 -0.147838 -0.0861582
1 0.0705442 35.8734 0.157041 -0.0905244
1 1.18427 35.8801 0.14882 -0.0928179
1 2.29287 35.8827 0.129811 -0.0873429
1 3.40133 35.8821 0.102143 -0.0811455
1 4.50896 35.8799 0.0712655 -0.0714821
1 5.61914 35.8755 0.0556981 -0.0497761
1 6.73269 35.8714 0.0660168 -0.0449198
1 7.8502 35.868 0.0787835 -0.0438521
1 8.96942 35.8658 0.0688518 -0.0387625
1 10.0875 35.864 0.0398011 -0.0372091
1 11.2047 35.8612 0.0369734 -0.0427537
1 12.3227 35.8573 0.0462019 -0.0488949
1 13.4407 35.852 0.0419938 -0.0528224
1 14.5591 35.8458 0.0408213 -0.054917
1 15.6782 35.8393 0.0390559 -0.0387419
1 16.7965 35.8336 0.0499124 -0.0222454
1 17.9155 35.8291 0.0563469 -0.0194648
1 19.0361 35.8251 0.0500043 -0.029904
1 20.1575 35.8229 0.0271866 -0.0402738
1 21.279 35.8222 -0.00131868 -0.036815
1 22.4006 35.8221 0.00296378 -0.0331697
1 23.5219 35.8221 -0.00752552 -0.0381215
1 24.6434 35.8236 -0.0390772 -0.0359298
1 25.7644 35.8268 -0.0578146 -0.0216501
1 26.8839 35.8313 -0.0590943 -0.0192077
1 28.0023 35.8365 -0.0485831 -0.0300064
1 29.1212 35.8431 -0.043743 -0.0460827
1 30.2405 35.8495 -0.0406973 -0.0549258
1 31.3585 35.8553 -0.0304638 -0.0513432
1 32.4768 35.8603 -0.0299909 -0.0462596
1 33.5945 35.8633 -0.0303246 -0.0418225
1 34.7121 35.8651 -0.0488978 -0.0400091
1 35.8309 35.867 -0.0730073 -0.0375397
1 36.9498 35.8701 -0.0742514 -0.0430637
1 38.0657 35.8738 -0.0696007 -0.0500368
1 39.1776 35.8783 -0.0664355 -0.0642739
1 40.2865 35.8814 -0.079504 -0.0776701
1 41.3946 35.883 -0.103946 -0.0843168
1 42.5036 35.8815 -0.128972 -0.0923095
1 43.6154 35.8771 -0.14721 -0.0936127
1 0.618519 36.8515 0.1467 -0.0886044
1 1.73084 36.8562 0.131025 -0.0873831
1 2.84145 36.8567 0.100114 -0.076891
1 3.9505 36.8542 0.0715339 -0.0677878
1 5.0602 36.8499 0.0552448 -0.0630024
1 6.17251 36.8443 0.0573006 -0.0530541
1 7.28776 36.8386 0.06533 -0.0401729
1 8.40559 36.8346 0.0716383 -0.0347882
1 9.52459 36.8314 0.0588562 -0.0348264
1 10.6431 36.8289 0.0394387 -0.0291193
1 11.7621 36.8258 0.0395701 -0.0308888
1 12.8818 36.8211 0.0486383 -0.0377592
1 14.0007 36.8142 0.0521601 -0.0467128
1 15.12 36.8068 0.051238 -0.0414535
1 16.2394 36.8002 0.053063 -0.0224012
1 17.3587 36.7948 0.0617285 0.00840488
1 18.4783 36.7898 0.0615998 0.0181274
1 19.5987 36.7861 0.0410713 0.00303384
1 20.7194 36.7844 0.00483518 -5.85921e-05
1 21.8401 36.784 -0.00258893 0.0039675
1 22.9615 36.784 0.00722293 0.0027331
1 24.0817 36.785 -0.0269263 0.00126407
1 25.2008 36.7877 -0.0606634 0.0105105
1 26.3207 36.7921 -0.0631091 0.0175426
1 27.4409 36.7974 -0.0506126 -0.0037804
1 28.5605 36.804 -0.0418195 -0.0328726
1 29.6806 36.8111 -0.0466943 -0.0453054
1 30.7996 36.8183 -0.0606928 -0.0425649
1 31.9181 36.8244 -0.0579435 -0.0364628
1 33.0373 36.8282 -0.0488601 -0.0332995
1 34.1566 36.8305 -0.0480985 -0.0326672
1 35.2759 36.833 -0.0719788 -0.0351847
1 36.394 36.8368 -0.0747266 -0.0397277
1 37.5105 36.8414 -0.0577522 -0.0479066
1 38.6245 36.8471 -0.0480426 -0.0529605
1 39.7355 36.8526 -0.0697483 -0.0636912
1 40.8445 36.8562 -0.110318 -0.0748723
1 41.9546 36.857 -0.136917 -0.0849055
1 43.0645 36.8544 -0.155317 -0.0862499
1 44.1781 36.8488 -0.168905 -0.0916746
1 0.0557682 37.8227 0.171333 -0.0904321
1 1.16988 37.828 0.155666 -0.0849242
1 2.28087 37.8293 0.134679 -0.0770513
1 3.39202 37.8283 0.108399 -0.068028
1 4.50221 37.8236 0.0725461 -0.0597808
1 5.61413 37.8175 0.0475309 -0.0566117
1 6.7285 37.8111 0.054965 -0.0495925
1 7.84454 37.805 0.0735581 -0.0451291
1 8.96254 37.7995 0.0715989 -0.0343001
1 10.0813 37.7955 0.0532611 -0.026211
1 11.2009 37.792 0.0584312 -0.0244603
1 12.3214 37.7878 0.0737834 -0.0301056
1 13.4421 37.782 0.0789814 -0.0359358
1 14.5621 37.7738 0.0655892 -0.0392776
1 15.682 37.7657 0.0435954 -0.0331174
1 16.8016 37.7587 0.0402572 -0.00157931
1 17.9215 37.7532 0.0561237 0.0306165
1 19.0408 37.7492 0.0606185 0.0375898
1 20.1598 37.7456 0.0338385 0.0314798
1 21.2798 37.7435 0.00215904 0.0251849
1 22.4005 37.7434 0.00668757 0.0248302
1 23.5206 37.7445 -0.00832056 0.026142
1 24.64 37.7473 -0.0492886 0.0329315
1 25.7587 37.7513 -0.0650044 0.0386352
1 26.8783 37.756 -0.0570071 0.0191345
1 27.998 37.7622 -0.0528915 -0.0184262
1 29.1176 37.7699 -0.0609791 -0.0421598
1 30.2374 37.7784 -0.0704752 -0.0386052
1 31.3576 37.7854 -0.0608646 -0.0326022
1 32.4794 37.7903 -0.0447572 -0.0282045
1 33.5999 37.7939 -0.0465895 -0.0258536
1 34.7187 37.7977 -0.0628698 -0.0286961
1 35.8371 37.8026 -0.068394 -0.0388463
1 36.9549 37.8079 -0.0581581 -0.0442175
1 38.0703 37.8144 -0.052503 -0.0507778
1 39.1833 37.8209 -0.0593925 -0.0568753
1 40.2945 37.8265 -0.0784084 -0.0589084
1 41.4053 37.8295 -0.107758 -0.0697173
1 42.5168 37.8296 -0.140506 -0.0796369
1 43.6298 37.8266 -0.156391 -0.0859352
1 0.604202 38.7995 0.156013 -0.0818446
1 1.71772 38.8015 0.141096 -0.075717
1 2.82969 38.8003 0.11348 -0.0682148
1 3.94204 38.7965 0.0826914 -0.0591533
1 5.05429 38.7905 0.0652203 -0.0584767
1 6.16799 38.7833 0.0602262 -0.0584579
1 7.28405 38.7763 0.0619496 -0.0578625
1 8.40221 38.7693 0.0624359 -0.0520801
1 9.52091 38.763 0.0608419 -0.0452913
1 10.64 38.7576 0.052556 -0.0371384
1 11.7601 38.7526 0.0544533 -0.0352474
1 12.8826 38.7469 0.0704766 -0.0462754
1 14.0051 38.7407 0.0781189 -0.0503399
1 15.126 38.7322 0.0612155 -0.049298
1 16.2452 38.724 0.0452684 -0.0422918
1 17.364 38.7173 0.0424883 -0.0104358
1 18.4826 38.7132 0.0531673 0.0101245
1 19.6018 38.7092 0.0537076 0.0184174
1 20.7215 38.7047 0.0246771 0.0198541
1 21.8406 38.7033 0.000147926 0.010107
1 22.9599 38.7039 -0.0106657 0.0108194
1 24.0787 38.707 -0.0450261 0.0175437
1 25.1973 38.7115 -0.0578675 0.0164756
1 26.3161 38.7153 -0.0416498 0.00461586
1 27.4353 38.7206 -0.0310529 -0.0252352
1 28.5549 38.7283 -0.0425425 -0.047815
1 29.6754 38.7367 -0.0706139 -0.051263
1 30.7968 38.7445 -0.0885255 -0.0517121
1 31.9189 38.7498 -0.0789382 -0.0432935
1 33.0401 38.7551 -0.0652768 -0.0379163
1 34.1598 38.7605 -0.0608872 -0.0381689
1 35.2786 38.7666 -0.0704403 -0.0458597
1 36.3969 38.7727 -0.0710652 -0.0549744
1 37.5136 38.7799 -0.058181 -0.0567894
1 38.6287 38.7871 -0.0540561 -0.0542105
1 39.7415 38.7936 -0.0773498 -0.057073
1 40.8533 38.7988 -0.111932 -0.0625859
1 41.9654 38.8015 -0.134524 -0.0686018
1 43.0769 38.8014 -0.151864 -0.0832963
1 44.1919 38.7978 -0.168668 -0.0926049
1 0.0400304 39.7698 0.16811 -0.0815079
1 1.15625 39.7726 0.151699 -0.070578
1 2.26872 39.7722 0.137194 -0.0594306
1 3.38203 39.7682 0.111986 -0.0555502
1 4.495 39.763 0.0847899 -0.0545346
1 5.60934 39.756 0.0649255 -0.0515278
1 6.72534 39.7482 0.0677412 -0.0578751
1 7.84279 39.7403 0.0779266 -0.0609829
1 8.96186 39.7325 0.0732189 -0.0655377
1 10.0817 39.7256 0.0590196 -0.0548463
1 11.2017 39.7193 0.0643691 -0.0538245
1 12.3224 39.7126 0.0830432 -0.0556083
1 13.4448 39.7067 0.0882911 -0.0605278
1 14.5674 39.7002 0.0679148 -0.0588762
1 15.6884 39.6925 0.0370978 -0.0582301
1 16.8075 39.6857 0.0273101 -0.0464398
1 17.9256 39.6806 0.035252 -0.0339087
1 19.0443 39.6764 0.0533645 -0.0223304
1 20.1637 39.6716 0.0512406 -0.00664317
1 21.2819 39.6685 0.0191202 0.00296333
1 22.3995 39.6681 -0.00381221 0.00500793
1 23.517 39.6695 -0.0301676 -0.00160765
1 24.6362 39.674 -0.0534429 -0.0169302
1 25.7558 39.6789 -0.0461617 -0.0266788
1 26.8739 39.6834 -0.0346471 -0.039556
1 27.9919 39.6891 -0.0393637 -0.0540765
1 29.1114 39.6967 -0.0619609 -0.0581016
1 30.2331 39.7039 -0.0761201 -0.0611259
1 31.3564 39.7095 -0.0724431 -0.0618353
1 32.4785 39.7159 -0.0613412 -0.0520115
1 33.5985 39.7226 -0.0567516 -0.050666
1 34.7178 39.7293 -0.0619504 -0.0588461
1 35.8381 39.7366 -0.0662659 -0.0624944
1 36.9573 39.7445 -0.0665616 -0.05602
1 38.0743 39.7524 -0.0674624 -0.0552575
1 39.1891 39.76 -0.0751745 -0.0547343
1 40.3024 39.766 -0.0904292 -0.0523306
1 41.4152 39.7709 -0.113657 -0.0566311
1 42.5279 39.7732 -0.131034 -0.0675218
1 43.6421 39.7723 -0.143025 -0.0752026
1 0.591915 40.7426 0.146064 -0.066068
1 1.70676 40.743 0.132215 -0.0614407
1 2.82069 40.7399 0.115104 -0.0512422
1 3.93457 40.7347 0.0996669 -0.0516383
1 5.04914 40.7282 0.0807064 -0.0522842
1 6.16494 40.7205 0.0761321 -0.0542095
1 7.28294 40.7125 0.0783488 -0.0632441
1 8.40307 40.7035 0.0810011 -0.0684712
1 9.52386 40.695 0.0714563 -0.0719001
1 10.6443 40.6879 0.0560608 -0.0723124
1 11.7648 40.6811 0.0558314 -0.0686262
1 12.8864 40.6739 0.0710494 -0.0684844
1 14.0089 40.6681 0.0682869 -0.064946
1 15.1303 40.662 0.0474922 -0.0585049
1 16.2502 40.6562 0.034115 -0.0615155
1 17.3692 40.6512 0.030677 -0.0614273
1 18.4872 40.6469 0.0440352 -0.0566187
1 19.6065 40.642 0.0438718 -0.0374724
1 20.7248 40.6379 0.0218863 -0.00981523
1 21.8414 40.6372 0.00339426 0.0111679
1 22.9582 40.6372 -0.0113887 0.00790875
1 24.0747 40.6395 -0.0389213 -0.0219876
1 25.1929 40.6447 -0.0496925 -0.0473668
1 26.3118 40.6496 -0.0387744 -0.0552018
1 27.4302 40.6542 -0.0279133 -0.0637003
1 28.5495 40.6593 -0.0279922 -0.0638292
1 29.6704 40.6656 -0.0535227 -0.0638384
1 30.7931 40.671 -0.0775351 -0.0709489
1 31.9147 40.6771 -0.0773233 -0.0657038
1 33.0346 40.6849 -0.0661191 -0.0686813
1 34.1554 40.6919 -0.0614463 -0.0736247
1 35.2772 40.6992 -0.0738169 -0.0703804
1 36.3975 40.7081 -0.0875921 -0.0645413
1 37.516 40.7166 -0.0776626 -0.0574726
1 38.6328 40.7247 -0.0712837 -0.051605
1 39.7484 40.7317 -0.0892969 -0.0539591
1 40.8627 40.7377 -0.116659 -0.0511406
1 41.977 40.7425 -0.130666 -0.056623
1 43.0905 40.7435 -0.14082 -0.0646059
1 44.2083 40.7409 -0.156601 -0.0754683
1 0.0265079 41.7104 0.158178 -0.0705062
1 1.14483 41.7119 0.14397 -0.057818
1 2.25929 41.7098 0.132106 -0.0528384
1 3.37446 41.705 0.12116 -0.0515548
1 4.48953 41.6984 0.0944413 -0.0480389
1 5.60591 41.6915 0.0749492 -0.0541262
1 6.72422 41.6828 0.0791252 -0.0596629
1 7.8443 41.674 0.0905838 -0.0691674
1 8.96605 41.6646 0.0861175 -0.0749493
1 10.0879 41.6562 0.0708247 -0.0752366
1 11.2087 41.6492 0.0613199 -0.0757069
1 12.3288 41.6424 0.0698091 -0.0705497
1 13.4492 41.6362 0.0663514 -0.061085
1 14.5705 41.6306 0.0438291 -0.0549201
1 15.6917 41.6248 0.0285351 -0.0588155
1 16.8122 41.6206 0.024722 -0.0650807
1 17.9313 41.6172 0.0335567 -0.0670339
1 19.0497 41.6136 0.0409535 -0.0540342
1 20.167 41.6094 0.0229049 -0.0220997
1 21.2827 41.6071 0.00585922 0.0153697
1 22.3989 41.607 -0.00285106 0.0269194
1 23.5151 41.6079 -0.0157277 0.00165627
1 24.6315 41.6114 -0.0304607 -0.0358255
1 25.75 41.6159 -0.0318116 -0.0584501
1 26.8688 41.6198 -0.0299979 -0.0675398
1 27.9886 41.623 -0.0339431 -0.0661006
1 29.1087 41.6283 -0.0408274 -0.0566745
1 30.2292 41.6337 -0.0588209 -0.0596256
1 31.3504 41.6388 -0.0623905 -0.0676619
1 32.4711 41.6461 -0.0490152 -0.0713426
1 33.5919 41.6531 -0.0530481 -0.0766983
1 34.7137 41.66 -0.0786409 -0.0762478
1 35.8353 41.6697 -0.0946973 -0.0695338
1 36.956 41.6788 -0.0863457 -0.0673495
1 38.0752 41.6869 -0.0787975 -0.0575077
1 39.1924 41.6948 -0.0795308 -0.0508316
1 40.3082 41.7021 -0.0988221 -0.0490729
1 41.4236 41.7079 -0.112607 -0.0509221
1 42.5389 41.7119 -0.128461 -0.0567625
1 43.6542 41.7127 -0.137429 -0.0611851
1 0.582508 42.6808 0.13611 -0.0509815
1 1.69862 42.6788 0.13059 -0.0428271
1 2.81425 42.6742 0.117374 -0.0435406
1 3.93085 42.6683 0.101897 -0.0406131
1 5.04759 42.6609 0.0895378 -0.0446794
1 6.16551 42.6526 0.0812471 -0.0503639
1 7.28535 42.6434 0.0887329 -0.0633801
1 8.40759 42.634 0.0882384 -0.069433
1 9.5302 42.6247 0.0770766 -0.0690842
1 10.6518 42.6174 0.0528786 -0.0690538
1 11.7722 42.611 0.0396051 -0.0639008
1 12.8923 42.6052 0.050587 -0.0591997
1 14.0128 42.5997 0.0560974 -0.0482618
1 15.1334 42.5936 0.0503776 -0.0456462
1 16.2536 42.5886 0.0347494 -0.0553332
1 17.3734 42.5858 0.0196761 -0.0588218
1 18.4924 42.584 0.0191419 -0.0535833
1 19.6104 42.5818 0.0129668 -0.0374218
1 20.7262 42.5789 0.00485564 0.00705432
1 21.8411 42.5776 0.00348943 0.0441813
1 22.9567 42.5776 -0.00320016 0.0320966
1 24.0718 42.5802 -0.0128851 -0.0138082
1 25.1886 42.5834 -0.0180612 -0.0433282
1 26.3072 42.5855 -0.0182998 -0.0533508
1 27.4265 42.5879 -0.0265791 -0.0589792
1 28.5464 42.5914 -0.0351195 -0.0532856
1 29.6674 42.5972 -0.0441002 -0.0497233
1 30.7884 42.6027 -0.0576182 -0.0560995
1 31.9083 42.6079 -0.0546978 -0.0596121
1 33.028 42.6143 -0.0539479 -0.0668377
1 34.1489 42.6211 -0.0736641 -0.0709799
1 35.2711 42.6297 -0.0932458 -0.0684471
1 36.3935 42.6392 -0.0935245 -0.0714592
1 37.5147 42.6476 -0.082042 -0.0585745
1 38.6337 42.6565 -0.0821125 -0.0475195
1 39.751 42.6647 -0.103793 -0.0436675
1 40.8673 42.6713 -0.123433 -0.0473903
1 41.9836 42.6773 -0.134721 -0.0384645
1 43.0987 42.6809 -0.142359 -0.0505797
1 44.2176 42.6807 -0.150892 -0.0589509
1 0.0205895 43.6491 0.147448 -0.0457101
1 1.14087 43.6471 0.13682 -0.0426989
1 2.25674 43.6428 0.134806 -0.0347478
1 3.37409 43.6361 0.123163 -0.039464
1 4.4919 43.6294 0.103456 -0.0404309
1 5.60987 43.6216 0.089009 -0.0437516
1 6.72917 43.6121 0.0973224 -0.0522878
1 7.84952 43.6023 0.0986106 -0.0571098
1 8.9719 43.5931 0.0855506 -0.063818
1 10.0941 43.5851 0.0630689 -0.0620627
1 11.2146 43.5789 0.0437547 -0.0544888
1 12.3337 43.5734 0.0507331 -0.050294
1 13.4536 43.5681 0.0542427 -0.0517775
1 14.5749 43.5622 0.0456767 -0.0428793
1 15.6958 43.5564 0.0325098 -0.037102
1 16.8153 43.5529 0.0200259 -0.0372981
1 17.9341 43.5517 0.0122085 -0.0363144
1 19.0526 43.5513 0.00510876 -0.03791
1 20.1696 43.5504 -0.000938075 -0.0109416
1 21.2844 43.5491 -0.00546413 0.0415035
1 22.3983 43.5484 -0.000129652 0.0590759
1 23.5126 43.5493 0.0097779 0.0210339
1 24.6287 43.5511 0.00234107 -0.0235466
1 25.7472 43.5521 -0.0087284 -0.0362078
1 26.866 43.5531 -0.0184581 -0.0354526
1 27.9844 43.5557 -0.0371526 -0.0407913
1 29.1036 43.5595 -0.0479716 -0.0435931
1 30.225 43.5651 -0.0473724 -0.0454165
1 31.3463 43.5708 -0.0456265 -0.0522358
1 32.4662 43.5762 -0.0347947 -0.0536364
1 33.5859 43.5819 -0.0453332 -0.0566817
1 34.7067 43.5892 -0.0742647 -0.0622046
1 35.8293 43.5978 -0.0848403 -0.0647341
1 36.952 43.6071 -0.0858394 -0.0551622
1 38.0721 43.6165 -0.0873668 -0.0463602
1 39.1907 43.6253 -0.0947437 -0.0378076
1 40.3083 43.6329 -0.113629 -0.0369487
1 41.4256 43.6395 -0.128794 -0.0359046
1 42.5425 43.6453 -0.131947 -0.0389917
1 43.6596 43.6495 -0.140086 -0.0412724
1 0.582274 44.6152 0.136308 -0.036544
1 1.6998 44.6096 0.131078 -0.0375782
1 2.81735 44.6029 0.12483 -0.0338841
1 3.9356 44.5961 0.10926 -0.0383948
1 5.05408 44.5885 0.0928906 -0.0386437
1 6.17335 44.5792 0.0838282 -0.046913
1 7.29345 44.5698 0.088544 -0.0506733
1 8.41481 44.5601 0.0821692 -0.0496783
1 9.53618 44.5517 0.0656321 -0.0490056
1 10.6566 44.5452 0.0398968 -0.0488025
1 11.7765 44.5397 0.0338292 -0.0475651
1 12.8966 44.5345 0.0493366 -0.0464735
1 14.0172 44.5287 0.0541846 -0.0386414
1 15.1374 44.5232 0.042537 -0.0284371
1 16.2567 44.5188 0.0245307 -0.0203545
1 17.3755 44.5166 0.0190246 -0.0179437
1 18.4941 44.5168 0.00590919 -0.0194295
1 19.6123 44.5182 -0.01236 -0.0116305
1 20.7279 44.519 -0.0219435 0.0225734
1 21.8412 44.5188 -0.00788676 0.0542744
1 22.9548 44.5182 0.0175386 0.0469847
1 24.0697 44.5183 0.0192332 0.00751576
1 25.1868 44.5176 0.00227662 -0.0179103
1 26.3055 44.5173 -0.0153326 -0.0117209
1 27.4241 44.5193 -0.0207369 -0.0178086
1 28.5427 44.5217 -0.0268018 -0.0307113
1 29.6629 44.5256 -0.0405579 -0.0348356
1 30.7841 44.5317 -0.054996 -0.043683
1 31.9042 44.537 -0.0512299 -0.0517748
1 33.024 44.5423 -0.0388918 -0.0467735
1 34.1439 44.5488 -0.0559849 -0.0473543
1 35.2649 44.556 -0.0826893 -0.05344
1 36.3864 44.5648 -0.0981596 -0.0478671
1 37.5068 44.5746 -0.093363 -0.0494096
1 38.6257 44.5837 -0.0929457 -0.0450048
1 39.7444 44.5919 -0.103729 -0.0350135
1 40.8633 44.5992 -0.122693 -0.0328089
1 41.9813 44.6064 -0.136017 -0.0350429
1 43.0979 44.6126 -0.141465 -0.0405304
1 44.2191 44.6191 -0.144429 -0.0411882
1 0.0256165 45.5852 0.152652 -0.0354823
1 1.1466 45.5768 0.148591 -0.0315066
1 2.26293 45.5697 0.138145 -0.0268723
1 3.38106 45.5621 0.126676 -0.027503
1 4.50021 45.5545 0.102932 -0.0286753
1 5.61947 45.5461 0.0840912 -0.0369928
1 6.73894 45.5365 0.0845437 -0.0412371
1 7.85895 45.5271 0.0822693 -0.0374369
1 8.97931 45.5188 0.0717369 -0.0329246
1 10.0995 45.5115 0.054324 -0.0371892
1 11.2192 45.5046 0.038442 -0.0414784
1 12.3394 45.4993 0.0450338 -0.0433629
1 13.4594 45.4948 0.046717 -0.0339914
1 14.5788 45.4897 0.0377061 -0.0184089
1 15.6977 45.4843 0.0263861 -0.00918018
1 16.8167 45.4809 0.019916 -0.0010323
1 17.9354 45.4801 0.0125945 0.00590119
1 19.0532 45.4824 -0.00533725 0.00583786
1 20.1699 45.4861 -0.0206222 0.0198641
1 21.2847 45.4877 -0.0204388 0.0391139
1 22.3978 45.4874 0.00673445 0.0471678
1 23.5119 45.4861 0.0240721 0.0361209
1 24.6283 45.4838 0.0155288 0.0134759
1 25.746 45.4815 -0.00415133 0.00793851
1 26.8643 45.4815 -0.0166155 0.00544796
1 27.9833 45.4837 -0.0225594 -0.0108328
1 29.102 45.4872 -0.034126 -0.017975
1 30.2209 45.4921 -0.044224 -0.0228665
1 31.3407 45.4969 -0.0486442 -0.0401531
1 32.461 45.5014 -0.0386019 -0.0424286
1 33.5811 45.5083 -0.043719 -0.0322038
1 34.7008 45.5156 -0.063651 -0.0335659
1 35.8212 45.5231 -0.0804924 -0.0331266
1 36.9416 45.5322 -0.0851869 -0.0405982
1 38.0611 45.5416 -0.088392 -0.0441711
1 39.1796 45.55 -0.0944745 -0.034837
1 40.2985 45.5579 -0.115223 -0.0245822
1 41.4173 45.5653 -0.129824 -0.0278703
1 42.5348 45.5734 -0.136131 -0.0341725
1 43.6514 45.581 -0.146607 -0.0330986
1 0.595513 46.5453 0.145703 -0.0307693
1 1.7115 46.5377 0.138717 -0.0252559
1 2.82851 46.5286 0.13214 -0.0201764
1 3.94761 46.5206 0.114461 -0.018384
1 5.06681 46.5127 0.0970667 -0.0279976
1 6.18572 46.504 0.0833512 -0.0341325
1 7.30454 46.4943 0.0771221 -0.0287544
1 8.42401 46.4858 0.0755913 -0.0226153
1 9.54382 46.4784 0.0680903 -0.0270679
1 10.6635 46.4706 0.0490166 -0.029777
1 11.783 46.4632 0.0383875 -0.0366381
1 12.9024 46.4599 0.0360236 -0.0299666
1 14.021 46.4566 0.0352705 -0.0156709
1 15.1397 46.4509 0.0321971 -0.0105106
1 16.2579 46.4454 0.0218088 0.00520625
1 17.3755 46.4428 0.00849839 0.0201701
1 18.4931 46.4448 0.000329972 0.0190793
1 19.6104 46.4497 -0.00967334 0.0244339
1 20.7271 46.4541 -0.0202339 0.0327453
1 21.8416 46.4563 -0.00393226 0.0370079
1 22.9554 46.4545 0.0133114 0.0410712
1 24.0711 46.4506 0.0113157 0.0328206
1 25.1883 46.4469 0.00540892 0.0220658
1 26.3054 46.4448 -0.00721387 0.0251471
1 27.4231 46.4452 -0.017488 0.0118416
1 28.5414 46.4486 -0.0223157 -0.00745122
1 29.66 46.4541 -0.0305017 -0.0153153
1 30.7786 46.458 -0.0358706 -0.0248145
1 31.8976 46.4604 -0.0396405 -0.0344289
1 33.0165 46.4669 -0.045205 -0.0291702
1 34.1359 46.4754 -0.0565863 -0.0263801
1 35.2568 46.4825 -0.0663088 -0.0233092
1 36.3768 46.4904 -0.0757218 -0.0277305
1 37.4957 46.499 -0.0772641 -0.0331897
1 38.6145 46.5085 -0.0882651 -0.0296241
1 39.7327 46.5167 -0.110201 -0.0210582
1 40.8516 46.5238 -0.130306 -0.017953
1 41.9696 46.5324 -0.143591 -0.0181217
1 43.0858 46.5426 -0.150658 -0.0301856
1 44.2049 46.5503 -0.160681 -0.0353695
1 0.037593 47.5131 0.152131 -0.0245847
1 1.15929 47.5101 0.14469 -0.0324254
1 2.27672 47.4998 0.140156 -0.0184875
1 3.39472 47.49 0.131618 -0.0175107
1 4.51385 47.4825 0.109248 -0.020633
1 5.63266 47.4745 0.0844423 -0.0287773
1 6.75114 47.466 0.0706667 -0.0253643
1 7.86967 47.4559 0.0704924 -0.0189205
1 8.98934 47.448 0.0697062 -0.0225269
1 10.1102 47.4408 0.0594338 -0.0241949
1 11.229 47.4318 0.0437134 -0.0256735
1 12.3455 47.4268 0.0331397 -0.0318361
1 13.4633 47.4257 0.027521 -0.0184931
1 14.5829 47.4208 0.022369 -0.00955633
1 15.7017 47.4143 0.013308 -0.00195847
1 16.8178 47.41 0.00747105 0.0285146
1 17.9329 47.4097 0.00903216 0.032928
1 19.0486 47.4141 8.59309e-05 0.0247446
1 20.1659 47.4197 -0.0129569 0.0355278
1 21.2831 47.4248 -0.0104796 0.0360812
1 22.3989 47.4259 -0.00114105 0.0343067
1 23.5151 47.4208 0.00733743 0.0423757
1 24.6322 47.4154 0.0117536 0.0361666
1 25.7491 47.4125 0.000321073 0.0302648
1 26.8652 47.4112 -0.00603751 0.0327216
1 27.9809 47.4129 -0.00788132 0.0105154
1 29.0981 47.418 -0.0221043 -0.0127071
1 30.2172 47.4234 -0.0289675 -0.0195317
1 31.3362 47.425 -0.0302177 -0.0244701
1 32.4528 47.4287 -0.0369391 -0.0210815
1 33.5703 47.4374 -0.0496152 -0.0230717
1 34.6908 47.4449 -0.0692679 -0.0247906
1 35.8111 47.4523 -0.0754358 -0.0204527
1 36.9303 47.4608 -0.0751635 -0.03151
1 38.0479 47.4693 -0.0831095 -0.0243033
1 39.1658 47.4791 -0.0991408 -0.0143411
1 40.2852 47.486 -0.118145 -0.0178877
1 41.4034 47.4941 -0.133562 -0.0143853
1 42.5205 47.5049 -0.137165 -0.0256942
1 43.6392 47.5165 -0.147778 -0.0380163
