1 0.698229 0.169392 0.0685461 0.0763228
1 1.81552 0.162434 0.0699772 0.0765644
1 2.92982 0.159493 0.0716817 0.0773109
1 4.04381 0.156521 0.0668854 0.0776333
1 5.15775 0.155684 0.070634 0.0685795
1 6.27093 0.155259 0.0671826 0.0796467
1 7.38525 0.152152 0.0623014 0.0844111
1 8.49975 0.150954 0.0680091 0.06843
1 9.61429 0.15413 0.0672767 0.0538638
1 10.7278 0.159828 0.0749149 0.0487293
1 11.8395 0.165714 0.0783763 0.0524765
1 12.9509 0.170784 0.0769127 0.0559908
1 14.0617 0.175398 0.0828145 0.0564775
1 15.1714 0.179776 0.0868176 0.0577882
1 16.281 0.184033 0.0899372 0.0569138
1 17.3895 0.188493 0.100659 0.0563368
1 18.4975 0.192617 0.0938128 0.0635416
1 19.608 0.195469 0.0600357 0.0760891
1 20.7228 0.196843 0.0257681 0.085792
1 21.8404 0.197185 0.00408697 0.0892914
1 22.9587 0.196972 -0.0135141 0.0881592
1 24.0752 0.196158 -0.0410529 0.0818628
1 25.1879 0.194143 -0.0785737 0.0698366
1 26.2967 0.190616 -0.100447 0.0588655
1 27.4047 0.186242 -0.0959745 0.0560957
1 28.5138 0.181896 -0.0884622 0.0577857
1 29.6233 0.177564 -0.0863822 0.0572636
1 30.7335 0.173046 -0.0780499 0.0567369
1 31.8448 0.168412 -0.0770167 0.0552799
1 32.9561 0.163034 -0.0792911 0.0492025
1 34.0684 0.156724 -0.0689078 0.0471242
1 35.1829 0.151254 -0.0626046 0.0568298
1 36.2979 0.149819 -0.0661307 0.0782554
1 37.4126 0.153321 -0.0665497 0.0898564
1 38.5261 0.15586 -0.0733487 0.0723838
1 39.6394 0.155643 -0.0687435 0.0732704
1 40.7531 0.158615 -0.0755559 0.0824889
1 41.8667 0.161041 -0.0717073 0.069326
1 42.9825 0.163689 -0.0685562 0.0806118
1 44.1033 0.181545 -0.0733368 0.0807063
1 0.144051 1.14036 0.0715341 0.0776905
1 1.26446 1.13207 0.0702301 0.0787492
1 2.37715 1.12801 0.0700361 0.075571
1 3.49013 1.12536 0.0722347 0.0766494
1 4.6026 1.12318 0.0716302 0.0785794
1 5.71585 1.12238 0.0681498 0.0722658
1 6.82922 1.1211 0.0725003 0.0828828
1 7.94219 1.11842 0.0724509 0.0815338
1 9.05518 1.11939 0.0703443 0.0593452
1 10.1683 1.12432 0.0695112 0.0506634
1 11.2806 1.13025 0.0771054 0.050725
1 12.3919 1.13593 0.0790098 0.053003
1 13.503 1.141 0.0789195 0.055629
1 14.6132 1.14563 0.0860629 0.055878
1 15.7226 1.15026 0.0894235 0.0549175
1 16.8318 1.15474 0.0910436 0.0585944
1 17.9408 1.15841 0.0898779 0.0679163
1 19.0509 1.16081 0.0693571 0.0786155
1 20.1645 1.16203 0.037438 0.0864119
1 21.2813 1.16246 0.0120833 0.090146
1 22.3997 1.16247 -0.00527204 0.0906725
1 23.5176 1.16218 -0.0230923 0.088682
1 24.6329 1.16141 -0.0528102 0.0831377
1 25.7446 1.1597 -0.0813868 0.0735707
1 26.8538 1.15669 -0.0918055 0.062782
1 27.9628 1.15255 -0.0905107 0.0562104
1 29.072 1.14794 -0.089739 0.0554605
1 30.1817 1.14333 -0.0826281 0.0562727
1 31.2925 1.13856 -0.0766957 0.0542395
1 32.4037 1.13321 -0.0776043 0.0512154
1 33.5155 1.12724 -0.0733399 0.0496536
1 34.6282 1.12121 -0.0737596 0.0519054
1 35.7408 1.11745 -0.0740549 0.0671877
1 36.8541 1.11856 -0.0625976 0.084891
1 37.968 1.12163 -0.0652746 0.0816171
1 39.0814 1.12291 -0.0678769 0.0751044
1 40.1941 1.12419 -0.0677531 0.0755223
1 41.307 1.12684 -0.0676327 0.0803975
1 42.4196 1.12982 -0.0695436 0.0745943
1 43.532 1.13656 -0.069959 0.0749653
1 0.710494 2.09741 0.0712232 0.0744483
1 1.82393 2.09315 0.0684456 0.0766281
1 2.93601 2.08985 0.0694569 0.07926
1 4.04805 2.08738 0.0707008 0.0774308
1 5.16043 2.08581 0.0680272 0.0743494
1 6.27303 2.08478 0.0692028 0.0801857
1 7.38597 2.08266 0.0664427 0.0830102
1 8.49862 2.08208 0.0724982 0.0672136
1 9.61061 2.08522 0.0772294 0.0563585
1 10.7224 2.09052 0.0766249 0.0507186
1 11.8337 2.09654 0.0791561 0.0502354
1 12.9446 2.10209 0.0782294 0.0532421
1 14.0551 2.10721 0.0847881 0.053243
1 15.1646 2.11213 0.0877568 0.0553881
1 16.2745 2.11637 0.080931 0.0629387
1 17.3848 2.1195 0.0807446 0.0721576
1 18.4951 2.12154 0.0754386 0.0801095
1 19.6073 2.12274 0.0515287 0.0861542
1 20.7227 2.12329 0.0236404 0.090059
1 21.8405 2.12343 0.00376377 0.0917093
1 22.9588 2.12332 -0.012689 0.0912279
1 24.0756 2.12297 -0.0365697 0.0884119
1 25.1892 2.12213 -0.0651049 0.0834042
1 26.3002 2.12057 -0.0795786 0.0765633
1 27.4105 2.11806 -0.0801893 0.0678365
1 28.5206 2.11436 -0.0849846 0.0587174
1 29.6301 2.10971 -0.0879523 0.0539256
1 30.74 2.1047 -0.0801143 0.0539503
1 31.8508 2.09951 -0.0804739 0.0520591
1 32.9616 2.0936 -0.0783961 0.0473815
1 34.0735 2.08731 -0.0685438 0.0499144
1 35.1859 2.08246 -0.0743276 0.0618638
1 36.2977 2.08133 -0.077514 0.077952
1 37.4103 2.08331 -0.0686741 0.0814297
1 38.5234 2.08506 -0.0717694 0.0761421
1 39.6355 2.08663 -0.0716112 0.0775693
1 40.7478 2.08875 -0.067422 0.0772211
1 41.8602 2.09147 -0.070832 0.0762523
1 42.9721 2.09583 -0.0731691 0.0779061
1 44.0933 2.09861 -0.0716583 0.079747
1 0.149851 3.05963 0.0702434 0.0768527
1 1.27022 3.05748 0.0709441 0.0765089
1 2.38236 3.05391 0.0674008 0.0762983
1 3.49423 3.05127 0.0716565 0.0763378
1 4.6058 3.04909 0.0706007 0.0775396
1 5.71796 3.0477 0.0719453 0.0744827
1 6.82989 3.04645 0.0750798 0.0785889
1 7.942 3.04501 0.0713606 0.0760038
1 9.05376 3.04631 0.0742508 0.0604519
1 10.1653 3.05071 0.0727723 0.0514012
1 11.2766 3.05656 0.079634 0.0481595
1 12.3869 3.06252 0.0845149 0.0488324
1 13.4971 3.06806 0.0823048 0.051143
1 14.6072 3.07298 0.0809656 0.0569815
1 15.7177 3.07684 0.0727787 0.0660775
1 16.8292 3.07952 0.0703072 0.0740677
1 17.9403 3.08138 0.0762164 0.0790168
1 19.0513 3.08267 0.066162 0.0834033
1 20.1649 3.08337 0.0388566 0.087565
1 21.2815 3.08363 0.0132946 0.0900507
1 22.3997 3.08365 -0.0057886 0.0905355
1 23.5173 3.08346 -0.024712 0.0891055
1 24.6324 3.08299 -0.052695 0.0856648
1 25.7445 3.08201 -0.0730904 0.0811882
1 26.8553 3.08047 -0.0733635 0.0769186
1 27.9666 3.07829 -0.070595 0.0708439
1 29.0777 3.07508 -0.0789126 0.0615969
1 30.1878 3.07064 -0.0815577 0.0535011
1 31.2982 3.06538 -0.0801891 0.0500097
1 32.4085 3.05966 -0.0830446 0.0481657
1 33.5191 3.05348 -0.0785203 0.0468738
1 34.6302 3.04768 -0.07809 0.052278
1 35.7414 3.04446 -0.0741965 0.0689162
1 36.8537 3.04492 -0.0641725 0.0811147
1 37.9664 3.04681 -0.0695045 0.0787885
1 39.0785 3.04853 -0.0720827 0.0766711
1 40.1902 3.05033 -0.0713435 0.0748529
1 41.3021 3.0526 -0.0684422 0.0759393
1 42.4143 3.05603 -0.0698392 0.0770354
1 43.5288 3.05865 -0.0728469 0.0684115
1 0.713216 4.02029 0.0701956 0.0753546
1 1.82757 4.01807 0.0689487 0.0774777
1 2.93971 4.01532 0.0695083 0.0788102
1 4.05129 4.01279 0.0741396 0.0762202
1 5.16252 4.01128 0.0754531 0.0742281
1 6.27371 4.00982 0.0712094 0.0798549
1 7.38644 4.00819 0.057709 0.0777596
1 8.49884 4.00836 0.0733871 0.0652351
1 9.60927 4.01168 0.0856299 0.0545094
1 10.7197 4.01697 0.0808641 0.0472584
1 11.8297 4.02312 0.0856636 0.0464016
1 12.9397 4.02883 0.078751 0.0525516
1 14.0506 4.03345 0.072354 0.0607588
1 15.1618 4.03691 0.0685195 0.0693203
1 16.2739 4.03934 0.0646051 0.0757841
1 17.3857 4.04113 0.0726318 0.0789786
1 18.4965 4.04251 0.0760672 0.0822572
1 19.6083 4.04343 0.0553221 0.0863232
1 20.7231 4.04385 0.0263712 0.0894445
1 21.8406 4.04393 0.00439899 0.0909363
1 22.9586 4.04386 -0.014619 0.0905661
1 24.0749 4.04362 -0.040336 0.0880078
1 25.1881 4.04295 -0.0677606 0.0842235
1 26.299 4.04179 -0.0760208 0.0806634
1 27.4102 4.04024 -0.067783 0.0778095
1 28.5223 4.03822 -0.0664174 0.0733082
1 29.6339 4.03536 -0.0710103 0.0654971
1 30.745 4.03132 -0.073864 0.0562095
1 31.8555 4.02611 -0.0846992 0.048728
1 32.965 4.02004 -0.0843762 0.0453031
1 34.0754 4.01394 -0.0733079 0.047779
1 35.1864 4.00908 -0.0775659 0.0573433
1 36.2975 4.00719 -0.0761429 0.0739475
1 37.4093 4.00846 -0.0724447 0.0827039
1 38.5213 4.01038 -0.0713921 0.0772866
1 39.633 4.01204 -0.0711197 0.0776619
1 40.7445 4.01436 -0.0684778 0.0770469
1 41.8564 4.0167 -0.0695895 0.0746126
1 42.9688 4.01948 -0.0686289 0.0790039
1 44.089 4.02165 -0.0743788 0.0702874
1 0.152088 4.9829 0.0760165 0.0752902
1 1.27234 4.98111 0.0719762 0.0774869
1 2.38465 4.97886 0.068971 0.0771175
1 3.49657 4.97662 0.0733128 0.0776392
1 4.60762 4.97483 0.074248 0.078192
1 5.71922 4.97307 0.0710708 0.0806664
1 6.83121 4.97131 0.0703548 0.0789764
1 7.94295 4.97083 0.0759348 0.072945
1 9.05323 4.97295 0.0804685 0.0588763
1 10.1637 4.97782 0.0743705 0.0485361
1 11.2739 4.98382 0.0835714 0.0491223
1 12.3834 4.98925 0.0801168 0.0581233
1 13.4946 4.99345 0.0644623 0.0668989
1 14.6067 4.99658 0.0627153 0.0731124
1 15.7188 4.9989 0.0625166 0.0779921
1 16.831 5.00068 0.0663124 0.0809838
1 17.9422 5.00216 0.0778231 0.0829319
1 19.0528 5.00326 0.0717193 0.0863378
1 20.1656 5.00385 0.0436102 0.090385
1 21.2818 5.00404 0.01505 0.0923652
1 22.3996 5.00405 -0.0065657 0.0924229
1 23.5169 5.00393 -0.0279189 0.0915597
1 24.6314 5.00355 -0.0582642 0.0886279
1 25.7428 5.00268 -0.0769684 0.0843525
1 26.8534 5.00139 -0.071815 0.0818765
1 27.9651 4.99979 -0.0635268 0.0802684
1 29.0773 4.99782 -0.0649147 0.0764631
1 30.1893 4.99518 -0.062708 0.0703619
1 31.3013 4.99156 -0.0670907 0.0617682
1 32.4119 4.98666 -0.0832029 0.0522522
1 33.5213 4.98072 -0.0858981 0.0477143
1 34.6309 4.97496 -0.0845297 0.0518292
1 35.7408 4.97103 -0.0728774 0.0627294
1 36.8528 4.97 -0.060243 0.0771094
1 37.9651 4.97167 -0.0690021 0.0846954
1 39.0768 4.97388 -0.0709209 0.080725
1 40.1881 4.9756 -0.0735233 0.0775338
1 41.2994 4.97778 -0.0689797 0.0801358
1 42.4116 4.98032 -0.0668644 0.0786317
1 43.5261 4.98267 -0.0648132 0.0748224
1 0.714421 5.9445 0.0699166 0.0793658
1 1.82875 5.94246 0.0709807 0.0764851
1 2.9409 5.94026 0.0723382 0.0747816
1 4.05229 5.93845 0.0721499 0.0733404
1 5.16391 5.93671 0.0683461 0.0770479
1 6.27554 5.93457 0.0672258 0.0791084
1 7.38791 5.93359 0.0592551 0.0706461
1 8.49932 5.93508 0.076632 0.0570655
1 9.60866 5.93942 0.0866805 0.0462967
1 10.7183 5.94486 0.0807892 0.0492135
1 11.8282 5.9497 0.0762356 0.0585524
1 12.9395 5.95347 0.0603558 0.0660115
1 14.0522 5.9564 0.0583561 0.0706678
1 15.1643 5.95871 0.0640508 0.0743917
1 16.2764 5.96055 0.0644356 0.0770798
1 17.388 5.96208 0.074787 0.0788018
1 18.4982 5.96333 0.0820162 0.0819807
1 19.6093 5.96411 0.0616032 0.0862168
1 20.7235 5.96443 0.0298142 0.0890018
1 21.8406 5.96451 0.00504735 0.0899141
1 22.9584 5.96447 -0.0165584 0.0896134
1 24.0743 5.96426 -0.0452862 0.0877514
1 25.1867 5.96371 -0.0744338 0.0840516
1 26.297 5.96267 -0.080052 0.0802201
1 27.4079 5.96125 -0.06831 0.0781532
1 28.5199 5.9596 -0.0644424 0.0764238
1 29.6319 5.95763 -0.0628313 0.0732486
1 30.7442 5.95512 -0.0576057 0.0684648
1 31.8563 5.95182 -0.0678149 0.0613814
1 32.9668 5.94738 -0.0772964 0.0526749
1 34.0768 5.942 -0.0769492 0.0465572
1 35.1864 5.93678 -0.0852986 0.0496003
1 36.2962 5.93347 -0.0788902 0.0622425
1 37.4075 5.93328 -0.0707497 0.0756441
1 38.5195 5.93511 -0.0673425 0.0795218
1 39.6312 5.93739 -0.0705097 0.0777646
1 40.7422 5.93938 -0.0712414 0.0756444
1 41.8539 5.94144 -0.0672407 0.0745971
1 42.9663 5.94347 -0.0684898 0.077109
1 44.0867 5.94561 -0.0728211 0.0841266
1 0.153156 6.90722 0.0714437 0.0793713
1 1.27373 6.90552 0.0680692 0.0810054
1 2.38622 6.90359 0.0681248 0.0801456
1 3.49797 6.90194 0.0730708 0.0786403
1 4.60932 6.90007 0.0692882 0.0825186
1 5.72159 6.89771 0.0656906 0.0844266
1 6.83345 6.89623 0.0718428 0.076093
1 7.9441 6.89749 0.0806669 0.0624101
1 9.05338 6.90119 0.0802093 0.0540731
1 10.1637 6.90592 0.0676756 0.0575505
1 11.2745 6.91006 0.0705069 0.0659682
1 12.3854 6.91341 0.0642745 0.0712999
1 13.4978 6.91622 0.055461 0.0749736
1 14.6101 6.91853 0.0622947 0.0781389
1 15.7218 6.9204 0.0653361 0.0808631
1 16.8336 6.92197 0.0693157 0.0828013
1 17.9443 6.92328 0.0831773 0.085324
1 19.054 6.92418 0.0790031 0.0893674
1 20.1662 6.92462 0.0487132 0.0928636
1 21.2819 6.92477 0.0165026 0.0943974
1 22.3996 6.92477 -0.00725389 0.0945402
1 23.5166 6.9247 -0.0310065 0.0937428
1 24.6305 6.9244 -0.0649694 0.0912764
1 25.7411 6.9237 -0.0838535 0.0872107
1 26.851 6.92256 -0.0753767 0.0839159
1 27.9624 6.92111 -0.0656109 0.0820642
1 29.0743 6.91943 -0.0661588 0.0800172
1 30.186 6.91747 -0.0592713 0.077281
1 31.2986 6.91503 -0.0560044 0.0732496
1 32.4105 6.91191 -0.0668958 0.0676776
1 33.5212 6.90801 -0.0731972 0.0608316
1 34.6312 6.90341 -0.0824716 0.0551506
1 35.7403 6.89894 -0.0783349 0.0561785
1 36.8511 6.89614 -0.0641252 0.0678287
1 37.9626 6.89632 -0.0684131 0.0810463
1 39.0744 6.89865 -0.0659831 0.0844404
1 40.1863 6.90089 -0.0701709 0.0791647
1 41.2975 6.90272 -0.0696725 0.079785
1 42.4095 6.90463 -0.0686314 0.0819331
1 43.5235 6.90616 -0.0716113 0.0822644
1 0.71652 7.86859 0.0635016 0.0749749
1 1.83103 7.86676 0.0626759 0.0742958
1 2.94307 7.86512 0.0669387 0.0722898
1 4.0547 7.86326 0.0644287 0.0783679
1 5.16706 7.86054 0.0618902 0.082137
1 6.27859 7.85881 0.0693159 0.0727361
1 7.38973 7.85979 0.0619671 0.0584939
1 8.50055 7.86295 0.0712218 0.0550203
1 9.61045 7.86674 0.0754948 0.0583057
1 10.721 7.87027 0.0694037 0.0638679
1 11.8319 7.87333 0.0656899 0.0667858
1 12.9437 7.87606 0.0562846 0.0693117
1 14.0562 7.87835 0.0603569 0.0727602
1 15.1677 7.88024 0.0678725 0.0753813
1 16.2792 7.88184 0.0677138 0.0772226
1 17.3903 7.88317 0.0795203 0.0795291
1 18.4998 7.88418 0.0892618 0.0829338
1 19.61 7.88474 0.0677075 0.0866179
1 20.7237 7.88495 0.0323966 0.0888253
1 21.8407 7.885 0.0053487 0.0893325
1 22.9583 7.88497 -0.0177987 0.0891471
1 24.0739 7.88484 -0.0494388 0.0879436
1 25.1856 7.88446 -0.0816174 0.0847752
1 26.295 7.88364 -0.086035 0.0809855
1 27.4053 7.88242 -0.0715567 0.0782105
1 28.5168 7.88097 -0.0671872 0.0763301
1 29.6283 7.87928 -0.065598 0.0746086
1 30.7401 7.87729 -0.0580692 0.0721547
1 31.8523 7.87486 -0.0625879 0.0684404
1 32.9635 7.87194 -0.0651148 0.0646334
1 34.0748 7.86852 -0.0633645 0.0595461
1 35.1854 7.86466 -0.0766878 0.054911
1 36.295 7.86092 -0.080071 0.0562575
1 37.4052 7.85876 -0.073497 0.0654482
1 38.5166 7.85918 -0.0656404 0.0778728
1 39.6289 7.86172 -0.0643081 0.0811456
1 40.7405 7.86436 -0.0695988 0.0755102
1 41.8523 7.86599 -0.0698741 0.0715491
1 42.9645 7.86786 -0.0700042 0.0758212
1 44.0846 7.8687 -0.0682804 0.0770998
1 0.158081 8.8326 0.0585674 0.0724962
1 1.27729 8.83069 0.0614579 0.0733523
1 2.38919 8.82907 0.0615936 0.0726247
1 3.50128 8.82683 0.0613946 0.081315
1 4.61346 8.82374 0.0607325 0.0834687
1 5.72551 8.82186 0.0630705 0.0734243
1 6.83653 8.82245 0.0687839 0.0639734
1 7.94692 8.82492 0.0723499 0.0600324
1 9.05685 8.82808 0.0710199 0.0616524
1 10.1679 8.83112 0.061014 0.0646785
1 11.2792 8.83396 0.0659714 0.0671866
1 12.3902 8.83656 0.0642086 0.0693227
1 13.5021 8.83886 0.0595277 0.0724815
1 14.6138 8.84072 0.0670226 0.0754123
1 15.7248 8.8423 0.0693766 0.0776745
1 16.8361 8.84362 0.0740903 0.0801058
1 17.946 8.84465 0.0903034 0.0835419
1 19.0549 8.84528 0.0857862 0.0876654
1 20.1664 8.84552 0.0521053 0.0903725
1 21.2819 8.84559 0.0174268 0.0914118
1 22.3995 8.84559 -0.00752787 0.0916012
1 23.5165 8.84555 -0.0329688 0.0909793
1 24.63 8.84539 -0.0700564 0.0891457
1 25.7398 8.84495 -0.0912024 0.0855198
1 26.8489 8.84408 -0.0813339 0.0815184
1 27.9597 8.84288 -0.0697038 0.0786743
1 29.0709 8.84144 -0.0699598 0.0766748
1 30.1821 8.83976 -0.0633187 0.0746472
1 31.2942 8.83776 -0.0590703 0.0716022
1 32.4058 8.83534 -0.0658689 0.0685136
1 33.5168 8.83259 -0.0666016 0.0656808
1 34.6276 8.82958 -0.0717228 0.0631984
1 35.7377 8.82641 -0.0689414 0.0594969
1 36.8487 8.82337 -0.0614797 0.0601015
1 37.9594 8.82157 -0.0703093 0.068398
1 39.0705 8.8224 -0.0613268 0.0808553
1 40.183 8.82527 -0.0598316 0.0844337
1 41.2952 8.82818 -0.0635007 0.0759817
1 42.4073 8.82996 -0.0639362 0.0722967
1 43.5217 8.83154 -0.0614506 0.0708762
1 0.721787 9.79521 0.0598552 0.0685814
1 1.83568 9.79273 0.0601805 0.075588
1 2.9479 9.78998 0.0578143 0.0863146
1 4.06032 9.78655 0.0562213 0.0882511
1 5.17251 9.78431 0.058697 0.0807302
1 6.28326 9.78444 0.0661629 0.0707849
1 7.3941 9.78641 0.0571128 0.0664527
1 8.50523 9.78912 0.0675044 0.0680815
1 9.61546 9.79178 0.0722308 0.0700092
1 10.7261 9.79435 0.068825 0.0710479
1 11.8368 9.79683 0.0672133 0.0726388
1 12.9482 9.79906 0.0610325 0.0754664
1 14.0599 9.80093 0.065087 0.0784515
1 15.1708 9.80246 0.0723085 0.0807388
1 16.2817 9.80373 0.0729732 0.0832702
1 17.3921 9.80472 0.0863511 0.086457
1 18.5008 9.80534 0.0962994 0.089986
1 19.6103 9.80561 0.0720189 0.0926673
1 20.7238 9.80568 0.0338431 0.0938394
1 21.8407 9.80568 0.0054941 0.0940309
1 22.9583 9.80567 -0.0185401 0.0939691
1 24.0737 9.80563 -0.0522929 0.0933873
1 25.1849 9.80546 -0.0876472 0.0913968
1 26.2935 9.805 -0.0931725 0.088014
1 27.4031 9.80417 -0.0774099 0.0845747
1 28.514 9.80302 -0.0717122 0.0818078
1 29.6248 9.8016 -0.0694321 0.0796566
1 30.7362 9.79993 -0.0624751 0.0775733
1 31.8477 9.79793 -0.0670483 0.0748988
1 32.9585 9.79561 -0.066895 0.0722715
1 34.0696 9.79304 -0.0607582 0.0700166
1 35.1806 9.79034 -0.0691438 0.0682776
1 36.2908 9.78759 -0.072038 0.0677865
1 37.4013 9.78519 -0.0688796 0.0684818
1 38.5121 9.78395 -0.0642569 0.0746114
1 39.6237 9.78488 -0.0597011 0.0860097
1 40.7357 9.78817 -0.0556009 0.091098
1 41.8485 9.79155 -0.0569896 0.0818141
1 42.9606 9.79385 -0.0609526 0.0720309
1 44.0793 9.79692 -0.0631346 0.0626026
1 0.164139 10.7609 0.0671452 0.0666681
1 1.28314 10.7572 0.0611667 0.0713137
1 2.39544 10.7536 0.0533345 0.08158
1 3.50842 10.7494 0.0553954 0.0855575
1 4.62028 10.7468 0.0618234 0.0762942
1 5.73134 10.7466 0.0656784 0.0669084
1 6.84176 10.7482 0.0695502 0.06431
1 7.95201 10.7503 0.0725134 0.0640609
1 9.06202 10.7528 0.0718034 0.0640056
1 10.173 10.7552 0.0626049 0.0654501
1 11.2841 10.7575 0.06879 0.0668633
1 12.3946 10.7596 0.0689451 0.0693309
1 13.5059 10.7615 0.0644478 0.0718261
1 14.617 10.763 0.071544 0.0744517
1 15.7274 10.7642 0.0747317 0.0772942
1 16.838 10.7652 0.0806752 0.0805756
1 17.9471 10.7658 0.0973388 0.0839511
1 19.0554 10.766 0.0907582 0.0867259
1 20.1665 10.7661 0.0539707 0.0879843
1 21.2819 10.7661 0.0178446 0.0882874
1 22.3995 10.7661 -0.00772307 0.0883621
1 23.5164 10.7661 -0.0340524 0.0881982
1 24.6297 10.7661 -0.0735084 0.0874226
1 25.739 10.7659 -0.0975229 0.0852658
1 26.8473 10.7654 -0.0882724 0.0820485
1 27.9574 10.7646 -0.0755989 0.0787005
1 29.068 10.7635 -0.0745655 0.0756779
1 30.1787 10.7622 -0.0673189 0.0731955
1 31.2901 10.7605 -0.063526 0.070758
1 32.4012 10.7585 -0.0700968 0.0685517
1 33.5117 10.7562 -0.0696356 0.0667144
1 34.6223 10.7539 -0.0732341 0.0658932
1 35.7324 10.7515 -0.0682672 0.0637611
1 36.8436 10.7491 -0.0593444 0.0627987
1 37.9542 10.747 -0.0683047 0.0650074
1 39.0647 10.7462 -0.0603116 0.0722074
1 40.1764 10.7476 -0.0564369 0.0817207
1 41.2889 10.7511 -0.0540735 0.0865101
1 42.4018 10.7553 -0.0567158 0.0788242
1 43.516 10.7592 -0.0622019 0.0697477
1 0.727156 11.7219 0.0621394 0.0824078
1 1.84204 11.7173 0.0546055 0.0903939
1 2.95547 11.7125 0.054699 0.0905857
1 4.06763 11.7095 0.0607421 0.0811581
1 5.17875 11.709 0.0648165 0.072381
1 6.28871 11.7101 0.0710311 0.0670585
1 7.39923 11.7121 0.0601768 0.0659612
1 8.5103 11.7143 0.0692138 0.0670674
1 9.62034 11.7165 0.073635 0.068235
1 10.7308 11.7186 0.071582 0.0691201
1 11.8411 11.7207 0.0716712 0.0709789
1 12.9519 11.7225 0.0660491 0.073667
1 14.0631 11.724 0.0698531 0.0766332
1 15.1734 11.7252 0.077983 0.0800832
1 16.2836 11.726 0.0796445 0.0838855
1 17.3933 11.7265 0.0930854 0.0873984
1 18.5013 11.7267 0.101497 0.090226
1 19.6105 11.7267 0.0743378 0.0918418
1 20.7238 11.7267 0.0343614 0.0923054
1 21.8407 11.7267 0.00552886 0.0923154
1 22.9583 11.7267 -0.0187509 0.0922848
1 24.0736 11.7267 -0.0535417 0.0921039
1 25.1846 11.7267 -0.0914896 0.0910541
1 26.2927 11.7265 -0.0994209 0.0886471
1 27.4015 11.7262 -0.0841696 0.0853985
1 28.5117 11.7255 -0.0778278 0.0817352
1 29.6219 11.7245 -0.0742462 0.0781036
1 30.7327 11.7231 -0.066831 0.0750785
1 31.8437 11.7214 -0.0716021 0.0726814
1 32.954 11.7195 -0.0708374 0.0704973
1 34.0648 11.7174 -0.063009 0.0688167
1 35.1756 11.7152 -0.0710602 0.0673466
1 36.2856 11.713 -0.0733985 0.0671811
1 37.396 11.7109 -0.0721095 0.0674983
1 38.5063 11.7092 -0.0688436 0.0686271
1 39.6168 11.7086 -0.0663443 0.0761969
1 40.7279 11.7104 -0.0580049 0.0879474
1 41.8408 11.7146 -0.0519736 0.0934843
1 42.9542 11.7195 -0.0603089 0.087391
1 44.0742 11.7241 -0.0735055 0.0828588
1 0.167653 12.6851 0.0782685 0.0969435
1 1.28931 12.6799 0.0602809 0.103045
1 2.40319 12.6747 0.0565174 0.101564
1 3.51575 12.6714 0.0660723 0.0901473
1 4.6263 12.6706 0.0721464 0.0781513
1 5.73649 12.6717 0.0716503 0.0722592
1 6.84655 12.6734 0.0729396 0.0715708
1 7.95671 12.6754 0.0743919 0.0716268
1 9.0667 12.6774 0.0730941 0.0713559
1 10.1775 12.6794 0.0649594 0.0729115
1 11.2882 12.6813 0.0724679 0.0743154
1 12.3982 12.6831 0.0734791 0.0768946
1 13.509 12.6845 0.069328 0.0798869
1 14.6195 12.6856 0.077454 0.0836523
1 15.7293 12.6863 0.0816825 0.087563
1 16.8392 12.6867 0.0875002 0.0908423
1 17.9477 12.6868 0.102758 0.0931201
1 19.0555 12.6868 0.093544 0.0943156
1 20.1665 12.6867 0.0546301 0.0944057
1 21.2819 12.6867 0.0178231 0.0942203
1 22.3995 12.6867 -0.0077112 0.0941914
1 23.5164 12.6867 -0.0342653 0.0942803
1 24.6297 12.6868 -0.075157 0.0943354
1 25.7386 12.6868 -0.101901 0.093653
1 26.8464 12.6867 -0.094674 0.0918382
1 27.9558 12.6865 -0.0826618 0.0889964
1 29.0657 12.6859 -0.0810454 0.0853126
1 30.1758 12.6849 -0.0723657 0.0815115
1 31.2867 12.6836 -0.0676306 0.0781798
1 32.3973 12.682 -0.0735857 0.0755762
1 33.5075 12.6802 -0.0725014 0.073904
1 34.6177 12.6783 -0.0759417 0.0731134
1 35.7276 12.6762 -0.0706678 0.0716158
1 36.8386 12.6742 -0.0622093 0.0707434
1 37.949 12.6722 -0.073093 0.0717961
1 39.0589 12.6707 -0.0678144 0.0761524
1 40.1694 12.6704 -0.0648206 0.0834577
1 41.2808 12.6723 -0.0572584 0.0961744
1 42.3942 12.6769 -0.0507477 0.104296
1 43.5099 12.6825 -0.0568468 0.100952
1 0.733711 13.6417 0.0517691 0.110038
1 1.8498 13.6363 0.052904 0.103557
1 2.96264 13.633 0.0639943 0.0885508
1 4.07339 13.6323 0.0705583 0.0760426
1 5.18357 13.6332 0.0704311 0.070225
1 6.29323 13.6348 0.0738982 0.0671862
1 7.4037 13.6368 0.0622574 0.0666904
1 8.51472 13.6387 0.0710326 0.067533
1 9.62458 13.6406 0.0761778 0.0688173
1 10.7348 13.6423 0.0746124 0.0701581
1 11.8446 13.644 0.0761337 0.0724744
1 12.9549 13.6453 0.0715027 0.0761041
1 14.0656 13.6463 0.0761842 0.0800106
1 15.1752 13.647 0.0848228 0.0840419
1 16.2848 13.6472 0.0860236 0.0874395
1 17.3938 13.6473 0.0981419 0.0896315
1 18.5015 13.6472 0.104329 0.0906215
1 19.6104 13.6471 0.0750049 0.0907163
1 20.7238 13.647 0.0342717 0.0904718
1 21.8406 13.647 0.00552093 0.0902486
1 22.9583 13.647 -0.0186274 0.0902874
1 24.0736 13.647 -0.0537271 0.0905459
1 25.1845 13.6471 -0.0932769 0.090625
1 26.2923 13.6472 -0.103645 0.0900258
1 27.4006 13.6472 -0.0900933 0.0884087
1 28.5102 13.6471 -0.0845186 0.0855417
1 29.6197 13.6466 -0.0807548 0.0816877
1 30.7299 13.6457 -0.0725203 0.077731
1 31.8404 13.6445 -0.0763099 0.074221
1 32.9502 13.643 -0.0745098 0.0712545
1 34.0606 13.6413 -0.0654364 0.0692648
1 35.1713 13.6394 -0.0732445 0.0677375
1 36.2812 13.6375 -0.0746641 0.0676974
1 37.3915 13.6356 -0.0745247 0.0682247
1 38.5016 13.6337 -0.073303 0.0682673
1 39.6116 13.6323 -0.0746698 0.0722422
1 40.7216 13.632 -0.0700722 0.0822944
1 41.8335 13.6339 -0.0614473 0.0967156
1 42.9476 13.6383 -0.0607335 0.109429
1 44.0712 13.6438 -0.0747588 0.11123
1 0.171321 14.6019 0.063657 0.116251
1 1.29574 14.5971 0.0590442 0.107539
1 2.40937 14.5944 0.0651392 0.0898605
1 3.52076 14.594 0.0741243 0.0767258
1 4.63059 14.595 0.0763919 0.0695455
1 5.74059 14.5967 0.0736539 0.0671326
1 6.85064 14.5985 0.0747089 0.0669549
1 7.9608 14.6004 0.0762292 0.0668951
1 9.07073 14.6022 0.0754631 0.0671516
1 10.1813 14.6039 0.068646 0.0699016
1 11.2916 14.6053 0.077655 0.0727871
1 12.4011 14.6065 0.0798087 0.0765535
1 13.5113 14.6074 0.0761503 0.0806727
1 14.6212 14.6079 0.0843129 0.0847612
1 15.7303 14.6081 0.0876568 0.0881539
1 16.8397 14.6081 0.0920663 0.0903836
1 17.9478 14.6079 0.105564 0.0914979
1 19.0554 14.6077 0.094365 0.0916759
1 20.1664 14.6076 0.054405 0.0913341
1 21.2819 14.6075 0.0176051 0.0910236
1 22.3995 14.6075 -0.00764456 0.0909615
1 23.5165 14.6076 -0.0339886 0.0911056
1 24.6297 14.6076 -0.0753752 0.0914406
1 25.7386 14.6078 -0.10387 0.0915988
1 26.8461 14.608 -0.0986235 0.0909316
1 27.955 14.6081 -0.0881356 0.0891387
1 29.0643 14.608 -0.0876469 0.0861633
1 30.1738 14.6076 -0.07923 0.0823735
1 31.2841 14.6069 -0.0739189 0.0782356
1 32.3941 14.6058 -0.0788582 0.0741481
1 33.5039 14.6044 -0.0765701 0.0710728
1 34.6138 14.6028 -0.0792365 0.0690091
1 35.7235 14.6011 -0.0731676 0.0674621
1 36.8344 14.5992 -0.063933 0.0662328
1 37.9449 14.5973 -0.0749102 0.0663018
1 39.0546 14.5955 -0.0714196 0.0687559
1 40.1646 14.594 -0.0722514 0.0727891
1 41.2747 14.5935 -0.068224 0.082664
1 42.3866 14.5949 -0.057182 0.0999506
1 43.5022 14.5991 -0.0494238 0.116777
1 0.741647 15.5571 0.0526893 0.111831
1 1.85629 15.555 0.0621767 0.0915105
1 2.96749 15.5552 0.0709733 0.0770155
1 4.07743 15.5566 0.0732931 0.0696815
1 5.18741 15.5584 0.0718118 0.0673163
1 6.29706 15.5602 0.0752618 0.0660021
1 7.40754 15.5621 0.0643709 0.0667079
1 8.51845 15.5638 0.0745253 0.0687596
1 9.62802 15.5654 0.081255 0.0715366
1 10.7379 15.5667 0.0801559 0.0747476
1 11.8473 15.5677 0.0828478 0.0784897
1 12.957 15.5684 0.0786592 0.0827916
1 14.067 15.5688 0.083104 0.0865305
1 15.1761 15.5689 0.0903886 0.0895448
1 16.2852 15.5688 0.0899551 0.0916174
1 17.394 15.5685 0.100717 0.0926545
1 18.5014 15.5682 0.105356 0.0926966
1 19.6103 15.568 0.0748459 0.0921622
1 20.7237 15.568 0.0339384 0.0916543
1 21.8406 15.5679 0.00543841 0.0913955
1 22.9583 15.5679 -0.0184346 0.0914715
1 24.0737 15.568 -0.0534203 0.0918781
1 25.1846 15.5681 -0.0936768 0.0924442
1 26.2923 15.5684 -0.105605 0.0926865
1 27.4003 15.5686 -0.0935467 0.0920864
1 28.5094 15.5688 -0.0893836 0.0904154
1 29.6185 15.5688 -0.0870758 0.0877191
1 30.7281 15.5685 -0.0795743 0.0842712
1 31.838 15.5679 -0.0834017 0.0803259
1 32.9472 15.567 -0.0809535 0.0762399
1 34.0573 15.5658 -0.0701865 0.0724842
1 35.1676 15.5643 -0.0766497 0.0693823
1 36.2774 15.5627 -0.0771033 0.0679327
1 37.3876 15.5609 -0.0765169 0.0673095
1 38.4977 15.559 -0.0743325 0.0665958
1 39.6076 15.5571 -0.0761708 0.0679168
1 40.7171 15.5555 -0.0737253 0.0728492
1 41.8279 15.5545 -0.06667 0.0826568
1 42.9407 15.5553 -0.0584371 0.100181
1 44.0646 15.5589 -0.0491785 0.116277
1 0.180426 16.5172 0.0403984 0.107626
1 1.30263 16.5156 0.0586881 0.0859742
1 2.41434 16.5165 0.0674996 0.0721414
1 3.52478 16.5182 0.0746676 0.066497
1 4.63428 16.5202 0.076567 0.0643997
1 5.74417 16.5221 0.0750397 0.0648774
1 6.8541 16.5239 0.0775028 0.0665656
1 7.96411 16.5254 0.0803314 0.0689698
1 9.0738 16.5268 0.0810468 0.0720028
1 10.184 16.528 0.0757005 0.0763858
1 11.2938 16.5288 0.0857462 0.0806455
1 12.4028 16.5293 0.0877073 0.084563
1 13.5125 16.5296 0.0830158 0.0880457
1 14.6219 16.5296 0.0896389 0.0907612
1 15.7307 16.5294 0.0910778 0.0925654
1 16.8398 16.5291 0.0942573 0.0936758
1 17.9478 16.5288 0.106729 0.0941167
1 19.0553 16.5285 0.0943824 0.0938255
1 20.1664 16.5283 0.0539204 0.0931812
1 21.2819 16.5282 0.0173533 0.0927736
1 22.3995 16.5282 -0.00758802 0.0927148
1 23.5165 16.5283 -0.033592 0.0929097
1 24.6298 16.5284 -0.0750984 0.0934614
1 25.7387 16.5286 -0.104564 0.0940116
1 26.846 16.5289 -0.100509 0.0938968
1 27.9547 16.5292 -0.091087 0.0929722
1 29.0638 16.5295 -0.0922062 0.0914364
1 30.1727 16.5295 -0.0855165 0.0891378
1 31.2826 16.5294 -0.0812059 0.0859351
1 32.3921 16.5289 -0.0866599 0.0820447
1 33.5013 16.5282 -0.0839707 0.0779784
1 34.6109 16.5272 -0.0857581 0.0740546
1 35.7202 16.5259 -0.0784795 0.0705925
1 36.8309 16.5244 -0.0674944 0.0672141
1 37.9412 16.5227 -0.0766427 0.0649849
1 39.0509 16.5208 -0.07158 0.0646569
1 40.1608 16.5188 -0.071904 0.0648175
1 41.2704 16.5169 -0.0703083 0.0681363
1 42.381 16.5154 -0.0642254 0.0775498
1 43.4946 16.5152 -0.0573293 0.0963882
1 0.748093 17.4762 0.0605312 0.0793881
1 1.86117 17.4778 0.0660549 0.0698378
1 2.97149 17.48 0.071419 0.0671329
1 4.08109 17.4821 0.073469 0.0680529
1 5.19087 17.484 0.0735941 0.0705436
1 6.30028 17.4856 0.0789227 0.0737882
1 7.41048 17.487 0.0700216 0.0781386
1 8.521 17.4881 0.0821932 0.0830014
1 9.63009 17.489 0.0895985 0.0875348
1 10.7395 17.4895 0.088333 0.0918936
1 11.8485 17.4898 0.0906837 0.0958604
1 12.9578 17.4899 0.0854945 0.0990995
1 14.0675 17.4898 0.0886048 0.10152
1 15.1763 17.4896 0.0939624 0.10309
1 16.2853 17.4893 0.0920618 0.10405
1 17.394 17.4889 0.102095 0.104755
1 18.5013 17.4885 0.105752 0.104813
1 19.6102 17.4882 0.0745067 0.104189
1 20.7236 17.488 0.0335965 0.103489
1 21.8406 17.488 0.00537661 0.103183
1 22.9584 17.488 -0.0181967 0.103245
1 24.0738 17.4881 -0.0530382 0.103744
1 25.1847 17.4883 -0.0937038 0.104492
1 26.2923 17.4887 -0.106609 0.104804
1 27.4002 17.4891 -0.0953961 0.104331
1 28.5093 17.4894 -0.0922498 0.103455
1 29.6181 17.4897 -0.0917349 0.10214
1 30.7274 17.4899 -0.0858593 0.0999829
1 31.8369 17.4898 -0.0910844 0.0971702
1 32.9457 17.4896 -0.0895926 0.0936681
1 34.0553 17.4892 -0.0781921 0.0891876
1 35.1652 17.4884 -0.0834597 0.0843041
1 36.2746 17.4873 -0.0828867 0.0798093
1 37.3845 17.4861 -0.0813186 0.0760294
1 38.4943 17.4845 -0.0772221 0.0721416
1 39.604 17.4827 -0.0774953 0.0688203
1 40.7132 17.4807 -0.0746997 0.0674416
1 41.8231 17.4786 -0.069023 0.0679636
1 42.9338 17.4766 -0.062518 0.0729587
1 44.0535 17.476 -0.0429384 0.0877483
1 0.191116 18.4385 0.0549798 0.0614953
1 1.30886 18.4398 0.0682347 0.0586473
1 2.41879 18.4419 0.0729027 0.0620256
1 3.52845 18.4437 0.0789284 0.066919
1 4.6375 18.4454 0.0812004 0.0720549
1 5.74703 18.4468 0.0809474 0.0776448
1 6.85653 18.4478 0.0848297 0.0830125
1 7.96608 18.4486 0.0879258 0.0879126
1 9.07534 18.4491 0.0885744 0.0922189
1 10.1851 18.4494 0.0834849 0.0960911
1 11.2945 18.4495 0.093363 0.0992288
1 12.4031 18.4495 0.0938007 0.101149
1 13.5126 18.4493 0.087666 0.102292
1 14.6218 18.449 0.0930948 0.102918
1 15.7306 18.4487 0.0932853 0.102858
1 16.8397 18.4483 0.0959209 0.102634
1 17.9476 18.4479 0.107799 0.102166
1 19.0552 18.4475 0.0944574 0.10093
1 20.1663 18.4473 0.0535489 0.0994242
1 21.2818 18.4472 0.0170962 0.0985556
1 22.3995 18.4472 -0.00756829 0.0984113
1 23.5166 18.4473 -0.0333258 0.098879
1 24.6299 18.4474 -0.0749103 0.100104
1 25.7388 18.4477 -0.105213 0.101593
1 26.8462 18.4481 -0.102001 0.102432
1 27.9548 18.4485 -0.0930574 0.102669
1 29.0639 18.4489 -0.0951621 0.102866
1 30.1727 18.4492 -0.0898701 0.102549
1 31.2823 18.4494 -0.0865922 0.101483
1 32.3916 18.4495 -0.0931234 0.09987
1 33.5004 18.4494 -0.0914157 0.0972428
1 34.6095 18.4492 -0.0942919 0.0937771
1 35.7183 18.4487 -0.0871894 0.0897149
1 36.8286 18.448 -0.0746597 0.0845707
1 37.9385 18.4471 -0.0829335 0.0793525
1 39.0478 18.4458 -0.0770572 0.0743478
1 40.1573 18.4443 -0.0760411 0.0687206
1 41.2665 18.4426 -0.0739105 0.0634782
1 42.3765 18.4405 -0.0693975 0.0588979
1 43.4891 18.4385 -0.0668054 0.0567507
1 0.752637 19.4037 0.0736395 0.034987
1 1.86498 19.4052 0.0756344 0.0418583
1 2.97475 19.4065 0.080066 0.0487796
1 4.08386 19.4077 0.0819425 0.0549529
1 5.1932 19.4086 0.0820261 0.0604831
1 6.30219 19.4093 0.087167 0.0655107
1 7.41197 19.4098 0.0781954 0.0697606
1 8.52203 19.41 0.0902724 0.073065
1 9.63068 19.4101 0.0962936 0.0751487
1 10.7397 19.4101 0.0935551 0.076572
1 11.8484 19.41 0.0943507 0.0772662
1 12.9576 19.4098 0.0879118 0.077077
1 14.0671 19.4096 0.0902518 0.0766332
1 15.176 19.4094 0.0947618 0.0758068
1 16.285 19.4091 0.0924694 0.0747133
1 17.3937 19.4089 0.102448 0.0736955
1 18.5011 19.4086 0.105523 0.072212
1 19.6101 19.4083 0.0738633 0.0703729
1 20.7236 19.4082 0.033158 0.069012
1 21.8406 19.4082 0.00529929 0.0685139
1 22.9584 19.4082 -0.017944 0.0686491
1 24.0739 19.4083 -0.0524696 0.0696265
1 25.1849 19.4084 -0.093208 0.071321
1 26.2926 19.4087 -0.10673 0.073065
1 27.4005 19.409 -0.0958244 0.074237
1 28.5096 19.4093 -0.092789 0.0752682
1 29.6185 19.4095 -0.0930495 0.0762722
1 30.7277 19.4097 -0.0880773 0.0767694
1 31.837 19.4099 -0.0944405 0.076993
1 32.9456 19.41 -0.0945946 0.0767748
1 34.0548 19.4101 -0.0841904 0.0755817
1 35.1643 19.41 -0.0901057 0.0737122
1 36.2734 19.4098 -0.090398 0.0706594
1 37.3828 19.4094 -0.0896228 0.0670234
1 38.4922 19.4088 -0.0860023 0.0623721
1 39.6015 19.408 -0.0861624 0.0568813
1 40.7102 19.407 -0.0837861 0.0511943
1 41.8195 19.4057 -0.0796289 0.0444505
1 42.9291 19.4043 -0.0784805 0.0378342
1 44.0455 19.4031 -0.0725581 0.0335022
1 0.195976 20.3705 0.0835792 0.0156355
1 1.31196 20.3713 0.0846896 0.0205696
1 2.42123 20.372 0.0850768 0.0260104
1 3.53044 20.3726 0.0896005 0.0309888
1 4.63909 20.3731 0.0905543 0.0351565
1 5.74825 20.3735 0.0892061 0.0383483
1 6.85739 20.3737 0.0918501 0.0405076
1 7.96661 20.3738 0.0931216 0.0422173
1 9.07561 20.3738 0.0922574 0.0432663
1 10.1852 20.3738 0.0863974 0.0436373
1 11.2944 20.3737 0.0951975 0.0434689
1 12.4028 20.3736 0.0941341 0.0427899
1 13.5122 20.3735 0.0872346 0.0420042
1 14.6215 20.3733 0.0922808 0.0411629
1 15.7302 20.3732 0.092224 0.0401095
1 16.8394 20.3731 0.0949784 0.0390802
1 17.9474 20.3729 0.1068 0.0380058
1 19.055 20.3728 0.0932941 0.0366009
1 20.1662 20.3727 0.0526862 0.0353726
1 21.2818 20.3726 0.0168247 0.0347216
1 22.3996 20.3726 -0.00734889 0.034625
1 23.5166 20.3726 -0.0327088 0.035018
1 24.6301 20.3727 -0.0738541 0.0359917
1 25.739 20.3728 -0.104135 0.0374049
1 26.8464 20.373 -0.1011 0.038628
1 27.9551 20.3731 -0.0920514 0.0396135
1 29.0642 20.3733 -0.0942419 0.0406807
1 30.173 20.3734 -0.0894784 0.0416188
1 31.2826 20.3735 -0.0867037 0.0423708
1 32.3917 20.3736 -0.0939774 0.0430596
1 33.5005 20.3737 -0.0933997 0.0432862
1 34.6094 20.3738 -0.0980285 0.0431565
1 35.7179 20.3738 -0.0929902 0.042781
1 36.8278 20.3737 -0.0812857 0.0412059
1 37.9374 20.3735 -0.0904539 0.0388406
1 39.0463 20.3732 -0.0857599 0.036069
1 40.1555 20.3728 -0.0855456 0.0325233
1 41.2644 20.3722 -0.0844846 0.0278322
1 42.374 20.3716 -0.0816448 0.0224771
1 43.4862 20.3708 -0.0809903 0.0166038
1 0.754115 21.3397 0.084998 0.00668481
1 1.86628 21.34 0.0857209 0.00988468
1 2.97585 21.3403 0.0885002 0.0126868
1 4.08477 21.3405 0.089091 0.014807
1 5.19387 21.3407 0.0882053 0.0163811
1 6.30264 21.3407 0.0918068 0.0176011
1 7.41224 21.3408 0.0817384 0.0182673
1 8.52212 21.3408 0.0930311 0.0186604
1 9.63061 21.3408 0.0974558 0.018768
1 10.7396 21.3407 0.0935096 0.0185296
1 11.8482 21.3407 0.0935183 0.0181204
1 12.9574 21.3406 0.0867978 0.0176042
1 14.0669 21.3406 0.0889505 0.0171402
1 15.1757 21.3405 0.09327 0.016617
1 16.2848 21.3405 0.091034 0.0160618
1 17.3935 21.3404 0.101087 0.0155455
1 18.5009 21.3403 0.104192 0.0149145
1 19.61 21.3403 0.0728825 0.0142375
1 20.7236 21.3403 0.0326951 0.0137969
1 21.8406 21.3403 0.00523808 0.0136359
1 22.9584 21.3403 -0.0176456 0.0137036
1 24.0739 21.3403 -0.0517264 0.0140111
1 25.185 21.3403 -0.092019 0.0145934
1 26.2928 21.3404 -0.105385 0.0152804
1 27.4007 21.3404 -0.0944512 0.015834
1 28.5098 21.3405 -0.0913223 0.0163494
1 29.6187 21.3406 -0.0916584 0.016898
1 30.7279 21.3406 -0.0869015 0.0173795
1 31.8372 21.3407 -0.0936922 0.0178683
1 32.9457 21.3407 -0.0947328 0.0183031
1 34.0548 21.3407 -0.0849508 0.0184694
1 35.1643 21.3408 -0.0912174 0.0186391
1 36.2732 21.3408 -0.0929634 0.0183459
1 37.3825 21.3408 -0.0938876 0.0178467
1 38.4916 21.3407 -0.0913866 0.0166632
1 39.6007 21.3406 -0.0927794 0.0152854
1 40.7092 21.3404 -0.0918103 0.0135384
1 41.8183 21.3401 -0.0889032 0.0111155
1 42.9275 21.3399 -0.0899876 0.00794344
1 44.0433 21.3396 -0.0909177 0.00513527
1 0.196857 22.3092 0.0929236 0.00120663
1 1.31256 22.3093 0.0912278 0.00184916
1 2.42172 22.3094 0.0903898 0.00298604
1 3.53082 22.3094 0.0938712 0.00389777
1 4.63937 22.3095 0.0939249 0.0046179
1 5.74841 22.3095 0.091706 0.00514084
1 6.85746 22.3096 0.09319 0.00530915
1 7.96662 22.3096 0.0937786 0.00563163
1 9.07556 22.3095 0.0924651 0.00563764
1 10.1851 22.3095 0.0861654 0.005368
1 11.2943 22.3095 0.0945683 0.00519353
1 12.4027 22.3095 0.0932917 0.00499429
1 13.5121 22.3095 0.0863574 0.00482088
1 14.6213 22.3095 0.0913007 0.00460635
1 15.7301 22.3094 0.0912395 0.00438122
1 16.8393 22.3094 0.0940796 0.00418484
1 17.9473 22.3094 0.105915 0.00398372
1 19.0549 22.3094 0.0925433 0.00374592
1 20.1662 22.3094 0.0522383 0.00356623
1 21.2818 22.3094 0.0166828 0.00347822
1 22.3996 22.3094 -0.00732151 0.00345799
1 23.5167 22.3094 -0.0324109 0.0035141
1 24.6301 22.3094 -0.0732414 0.00365468
1 25.7391 22.3094 -0.103278 0.0038755
1 26.8465 22.3094 -0.100209 0.00410344
1 27.9552 22.3094 -0.0911245 0.00429204
1 29.0643 22.3095 -0.09327 0.00449392
1 30.1732 22.3095 -0.0885817 0.0046967
1 31.2827 22.3095 -0.085849 0.00490133
1 32.3919 22.3095 -0.0932563 0.00515045
1 33.5006 22.3095 -0.0930613 0.00530565
1 34.6094 22.3095 -0.0980935 0.00536729
1 35.7179 22.3095 -0.0936065 0.00541698
1 36.8277 22.3095 -0.0825613 0.00529163
1 37.9373 22.3095 -0.0924259 0.00519633
1 39.0461 22.3095 -0.0887126 0.00496351
1 40.1552 22.3094 -0.0894848 0.00423513
1 41.2639 22.3094 -0.0891717 0.00336457
1 42.3735 22.3093 -0.0868184 0.00251646
1 43.4856 22.3092 -0.0871375 0.00172188
1 0.754241 23.279 0.0871385 0.000576236
1 1.86642 23.279 0.0875622 0.00110559
1 2.97597 23.2791 0.0903118 0.00134313
1 4.08485 23.2791 0.0906686 0.0014276
1 5.1939 23.2791 0.0892975 0.00128392
1 6.30262 23.2791 0.0923286 0.0014629
1 7.41222 23.2791 0.0818529 0.00168128
1 8.52209 23.2791 0.0931256 0.00173676
1 9.63058 23.2791 0.0972144 0.00170378
1 10.7395 23.2791 0.0932961 0.00159651
1 11.8482 23.2791 0.0931499 0.00154849
1 12.9573 23.2791 0.0864364 0.00153081
1 14.0669 23.279 0.0885292 0.00151278
1 15.1757 23.279 0.0928471 0.00144601
1 16.2847 23.279 0.0906469 0.00139128
1 17.3934 23.279 0.100702 0.00134619
1 18.5009 23.279 0.103811 0.00130275
1 19.61 23.279 0.0726118 0.00125005
1 20.7236 23.279 0.0325803 0.00121229
1 21.8406 23.279 0.00522689 0.00121308
1 22.9584 23.279 -0.0175866 0.00121848
1 24.0739 23.279 -0.0515441 0.00123479
1 25.185 23.279 -0.0916757 0.00128018
1 26.2928 23.279 -0.104978 0.00134022
1 27.4008 23.279 -0.0940614 0.00138103
1 28.5099 23.279 -0.0909326 0.00142028
1 29.6187 23.279 -0.0912598 0.00147051
1 30.728 23.2791 -0.086495 0.00151678
1 31.8373 23.2791 -0.0932553 0.00155101
1 32.9458 23.2791 -0.0944029 0.00160816
1 34.0549 23.2791 -0.0848763 0.00161549
1 35.1643 23.2791 -0.0913419 0.00167061
1 36.2732 23.2791 -0.093228 0.00147182
1 37.3825 23.2791 -0.0944222 0.00150625
1 38.4916 23.2791 -0.092282 0.00143316
1 39.6007 23.2791 -0.0940244 0.00141526
1 40.7091 23.2791 -0.0935446 0.00128928
1 41.8181 23.279 -0.0910231 0.0012681
1 42.9273 23.279 -0.0926665 0.00120102
1 44.043 23.2789 -0.094288 0.000740747
1 0.196765 24.2489 0.0936053 -0.000197628
1 1.31252 24.2488 0.0915014 -0.000486004
1 2.4217 24.2488 0.09071 -0.00120247
1 3.53081 24.2488 0.0941338 -0.00141386
1 4.63935 24.2488 0.0941367 -0.0014399
1 5.7484 24.2488 0.0919227 -0.00165654
1 6.85742 24.2488 0.093434 -0.00194235
1 7.96657 24.2488 0.0937034 -0.00186476
1 9.07553 24.2488 0.092146 -0.00188719
1 10.1851 24.2488 0.0859653 -0.00182999
1 11.2942 24.2488 0.0944981 -0.00188928
1 12.4027 24.2488 0.0932183 -0.00186221
1 13.5121 24.2488 0.0862706 -0.00181255
1 14.6213 24.2488 0.0912109 -0.00179737
1 15.7301 24.2488 0.0911529 -0.00176524
1 16.8393 24.2488 0.093968 -0.00172719
1 17.9473 24.2488 0.105781 -0.00170323
1 19.0549 24.2488 0.0924202 -0.00165006
1 20.1662 24.2488 0.052188 -0.00160972
1 21.2818 24.2488 0.0166733 -0.00157726
1 22.3996 24.2488 -0.00728028 -0.00157583
1 23.5166 24.2488 -0.0323852 -0.00159388
1 24.6301 24.2488 -0.0731555 -0.00163326
1 25.7391 24.2488 -0.10316 -0.00170509
1 26.8466 24.2488 -0.100092 -0.00172411
1 27.9553 24.2488 -0.0910323 -0.00174856
1 29.0644 24.2488 -0.0931862 -0.00178712
1 30.1732 24.2488 -0.0884804 -0.0018085
1 31.2827 24.2488 -0.0857213 -0.00183133
1 32.3919 24.2488 -0.093099 -0.00186934
1 33.5006 24.2488 -0.0929596 -0.0019166
1 34.6095 24.2488 -0.0981247 -0.00190531
1 35.7179 24.2488 -0.0937402 -0.00180882
1 36.8277 24.2488 -0.0827458 -0.00191119
1 37.9373 24.2488 -0.0927065 -0.00183242
1 39.0461 24.2488 -0.0890741 -0.00163853
1 40.1552 24.2488 -0.0897426 -0.0015939
1 41.2639 24.2488 -0.0895666 -0.00139371
1 42.3735 24.2488 -0.0875214 -0.00104736
1 43.4856 24.2488 -0.0877741 -0.000601843
1 0.754161 25.2186 0.0863632 -0.00220491
1 1.86632 25.2185 0.0871332 -0.00336402
1 2.97588 25.2184 0.0897115 -0.00430983
1 4.08479 25.2183 0.0900292 -0.00517117
1 5.19388 25.2183 0.0888201 -0.00569818
1 6.30261 25.2182 0.0921938 -0.00601428
1 7.4122 25.2182 0.0818833 -0.00635807
1 8.52208 25.2182 0.093084 -0.00659381
1 9.63058 25.2183 0.0971915 -0.00633416
1 10.7395 25.2183 0.0933744 -0.00613622
1 11.8482 25.2183 0.0932548 -0.00601512
1 12.9573 25.2183 0.0865481 -0.00582724
1 14.0669 25.2183 0.0886276 -0.00562906
1 15.1757 25.2183 0.0929641 -0.00539517
1 16.2847 25.2183 0.0907551 -0.00516321
1 17.3934 25.2184 0.100785 -0.00494794
1 18.5009 25.2184 0.103876 -0.00469897
1 19.61 25.2184 0.0726586 -0.00444561
1 20.7236 25.2184 0.0326048 -0.00426706
1 21.8406 25.2184 0.00523068 -0.00421218
1 22.9584 25.2184 -0.0176019 -0.00423304
1 24.0739 25.2184 -0.0515763 -0.00435245
1 25.185 25.2184 -0.091722 -0.00458565
1 26.2928 25.2184 -0.10505 -0.0048583
1 27.4008 25.2184 -0.0941576 -0.00507248
1 28.5099 25.2183 -0.0910402 -0.00528935
1 29.6187 25.2183 -0.0913695 -0.00551225
1 30.728 25.2183 -0.0866193 -0.00571295
1 31.8373 25.2183 -0.0933855 -0.00593194
1 32.9458 25.2183 -0.0944811 -0.00617791
1 34.0549 25.2182 -0.0848936 -0.00637458
1 35.1643 25.2182 -0.0913403 -0.00633411
1 36.2732 25.2182 -0.0931905 -0.00634059
1 37.3825 25.2182 -0.0943425 -0.00619951
1 38.4916 25.2183 -0.0921193 -0.00606918
1 39.6007 25.2183 -0.0937262 -0.00569823
1 40.7091 25.2184 -0.0930822 -0.00483189
1 41.8182 25.2184 -0.0904317 -0.00402934
1 42.9275 25.2185 -0.0919444 -0.00324833
1 44.0432 25.2186 -0.0933083 -0.00218007
1 0.196481 26.1881 0.0901287 -0.00574357
1 1.3123 26.1878 0.0892745 -0.00819716
1 2.42151 26.1875 0.0887685 -0.0106433
1 3.53066 26.1873 0.0925821 -0.0130539
1 4.63925 26.1871 0.0928904 -0.0146615
1 5.74834 26.187 0.0910291 -0.0160681
1 6.8574 26.1869 0.0928686 -0.0170747
1 7.96658 26.1869 0.0936244 -0.0176781
1 9.07554 26.1869 0.0924767 -0.0180247
1 10.1851 26.1869 0.0862592 -0.0177785
1 11.2943 26.1869 0.0947089 -0.0175702
1 12.4027 26.187 0.0935462 -0.0171693
1 13.5121 26.187 0.0866755 -0.0167198
1 14.6214 26.1871 0.0916395 -0.0162438
1 15.7301 26.1871 0.0915794 -0.0156806
1 16.8393 26.1872 0.0943608 -0.0151584
1 17.9473 26.1872 0.106166 -0.0146151
1 19.055 26.1873 0.092758 -0.0139486
1 20.1662 26.1873 0.0523774 -0.0133877
1 21.2818 26.1874 0.0167309 -0.0130991
1 22.3996 26.1874 -0.00733949 -0.0130511
1 23.5166 26.1873 -0.0325069 -0.0132291
1 24.6301 26.1873 -0.0734047 -0.0136687
1 25.7391 26.1873 -0.103493 -0.0143155
1 26.8465 26.1872 -0.100473 -0.014928
1 27.9552 26.1872 -0.0914398 -0.0154351
1 29.0643 26.1871 -0.0936061 -0.0159808
1 30.1731 26.187 -0.0888848 -0.0164902
1 31.2827 26.187 -0.0861739 -0.0169539
1 32.3918 26.1869 -0.0935892 -0.0174685
1 33.5006 26.1869 -0.0932913 -0.0178321
1 34.6094 26.1869 -0.0981821 -0.0179769
1 35.7179 26.1869 -0.0934734 -0.0178912
1 36.8278 26.1869 -0.0821994 -0.0176198
1 37.9373 26.1869 -0.0919021 -0.0168671
1 39.0462 26.187 -0.0879085 -0.0156345
1 40.1553 26.1872 -0.0882916 -0.0140488
1 41.2641 26.1874 -0.0876594 -0.0121475
1 42.3737 26.1876 -0.0851225 -0.00961405
1 43.4859 26.1879 -0.0851823 -0.00674198
1 0.753552 27.1566 0.0811812 -0.0168714
1 1.86579 27.1559 0.0819428 -0.022383
1 2.97545 27.1552 0.0854412 -0.0276392
1 4.08442 27.1546 0.086659 -0.0323244
1 5.1936 27.1542 0.0861399 -0.0361575
1 6.30243 27.1539 0.090209 -0.0388443
1 7.4121 27.1537 0.0804037 -0.0408135
1 8.52206 27.1536 0.0921925 -0.0423966
1 9.63062 27.1536 0.0972412 -0.0430215
1 10.7396 27.1537 0.0938497 -0.0432399
1 11.8483 27.1538 0.0939128 -0.0430118
1 12.9574 27.1539 0.0872999 -0.0422981
1 14.067 27.154 0.0895229 -0.0415773
1 15.1758 27.1541 0.0939404 -0.0406613
1 16.2848 27.1543 0.0916582 -0.0396223
1 17.3935 27.1544 0.101638 -0.0386587
1 18.501 27.1546 0.104718 -0.0374342
1 19.61 27.1547 0.0732764 -0.0360712
1 20.7236 27.1548 0.0328836 -0.0351292
1 21.8406 27.1548 0.00525035 -0.0348025
1 22.9584 27.1548 -0.0177784 -0.0348905
1 24.0739 27.1547 -0.0520155 -0.0355722
1 25.185 27.1546 -0.0924657 -0.036781
1 26.2927 27.1545 -0.10591 -0.0381414
1 27.4007 27.1543 -0.0950336 -0.0391906
1 28.5098 27.1542 -0.0919807 -0.040172
1 29.6186 27.1541 -0.0923043 -0.0412021
1 30.7278 27.1539 -0.087508 -0.0420045
1 31.8372 27.1538 -0.0942181 -0.0427425
1 32.9457 27.1537 -0.094956 -0.0433522
1 34.0548 27.1536 -0.0849531 -0.0434776
1 35.1643 27.1536 -0.0911769 -0.0430765
1 36.2733 27.1536 -0.0924256 -0.0421061
1 37.3826 27.1538 -0.0926882 -0.0404078
1 38.4919 27.154 -0.0896823 -0.0381851
1 39.601 27.1543 -0.0904627 -0.0348379
1 40.7096 27.1548 -0.0887803 -0.0306822
1 41.8188 27.1554 -0.0853279 -0.0256995
1 42.9281 27.1561 -0.085509 -0.0200534
1 44.0441 27.1568 -0.0842386 -0.0154978
1 0.194259 28.1243 0.0719998 -0.033716
1 1.31077 28.1231 0.0774914 -0.038416
1 2.42027 28.1217 0.0793363 -0.0457874
1 3.52964 28.1204 0.0845709 -0.0523784
1 4.63845 28.1194 0.0862339 -0.0582452
1 5.74775 28.1186 0.0855361 -0.063677
1 6.85703 28.118 0.08884 -0.0682028
1 7.96639 28.1176 0.091059 -0.0716433
1 9.0755 28.1174 0.0910168 -0.0748133
1 10.1851 28.1173 0.0855324 -0.0766568
1 11.2944 28.1174 0.0947753 -0.0780494
1 12.4029 28.1175 0.0943526 -0.07822
1 13.5123 28.1177 0.0877739 -0.0779745
1 14.6216 28.1179 0.0929582 -0.0774514
1 15.7304 28.1182 0.0929777 -0.076446
1 16.8395 28.1184 0.0956336 -0.0754051
1 17.9475 28.1187 0.107451 -0.0742409
1 19.0551 28.119 0.0939757 -0.0724644
1 20.1662 28.1192 0.0531499 -0.0707344
1 21.2818 28.1193 0.0169355 -0.0697915
1 22.3996 28.1193 -0.00758057 -0.0696414
1 23.5166 28.1193 -0.0330626 -0.0701981
1 24.63 28.1191 -0.0744168 -0.0715793
1 25.7389 28.1189 -0.104744 -0.0734587
1 26.8463 28.1186 -0.101709 -0.0749274
1 27.955 28.1183 -0.0927827 -0.0759468
1 29.0641 28.1181 -0.0950134 -0.0770644
1 30.1729 28.1178 -0.0900891 -0.077909
1 31.2825 28.1176 -0.0872199 -0.0782948
1 32.3917 28.1174 -0.0943249 -0.0784176
1 33.5004 28.1173 -0.0932757 -0.0778024
1 34.6094 28.1173 -0.0970815 -0.0764035
1 35.718 28.1174 -0.0910791 -0.0742838
1 36.8281 28.1177 -0.0788721 -0.0708325
1 37.9378 28.1182 -0.0874711 -0.0666857
1 39.0469 28.1188 -0.0820049 -0.0618641
1 40.1563 28.1197 -0.0810985 -0.0564379
1 41.2653 28.1208 -0.0792996 -0.0499292
1 42.3751 28.1222 -0.0755876 -0.0427906
1 43.4874 28.1237 -0.0738881 -0.0355588
1 0.750706 29.0889 0.0659735 -0.0565156
1 1.86329 29.0869 0.0697189 -0.0583486
1 2.97327 29.0849 0.0746321 -0.0626182
1 4.0826 29.0832 0.0767812 -0.0677333
1 5.19214 29.0817 0.0771315 -0.0730814
1 6.30133 29.0804 0.0826789 -0.0779427
1 7.4113 29.0795 0.0740222 -0.0832244
1 8.52158 29.0788 0.0863103 -0.0883512
1 9.63045 29.0783 0.0932259 -0.0923194
1 10.7397 29.0781 0.0914478 -0.0957675
1 11.8485 29.078 0.0931144 -0.0984516
1 12.9577 29.0781 0.0872846 -0.0999991
1 14.0673 29.0783 0.0899585 -0.100978
1 15.1761 29.0786 0.0948416 -0.101282
1 16.2851 29.0789 0.0926552 -0.101099
1 17.3938 29.0793 0.1026 -0.100866
1 18.5012 29.0797 0.105891 -0.100014
1 19.6102 29.08 0.0743391 -0.098534
1 20.7236 29.0802 0.033441 -0.0973086
1 21.8406 29.0803 0.00533484 -0.0968151
1 22.9584 29.0802 -0.0181197 -0.0969615
1 24.0738 29.0801 -0.0528652 -0.0978289
1 25.1848 29.0799 -0.0936546 -0.0992922
1 26.2925 29.0795 -0.10696 -0.100532
1 27.4004 29.0791 -0.0960085 -0.101017
1 28.5094 29.0788 -0.0930579 -0.10127
1 29.6183 29.0784 -0.0931053 -0.101371
1 30.7275 29.0782 -0.0878397 -0.100765
1 31.8369 29.078 -0.0937847 -0.0996251
1 32.9455 29.078 -0.093168 -0.0977938
1 34.0549 29.0781 -0.0821563 -0.0948824
1 35.1646 29.0784 -0.0876004 -0.0910262
1 36.2738 29.0789 -0.0871018 -0.086496
1 37.3835 29.0797 -0.0855412 -0.0814485
1 38.4931 29.0808 -0.0813898 -0.0764599
1 39.6026 29.0821 -0.0812775 -0.0710956
1 40.7116 29.0838 -0.0783002 -0.0661301
1 41.8212 29.0856 -0.0731497 -0.0612465
1 42.9312 29.0876 -0.0693188 -0.0584773
1 44.0489 29.089 -0.0560054 -0.0614125
1 0.186282 30.0512 0.0427042 -0.0876607
1 1.30598 30.0507 0.0617812 -0.0730496
1 2.41663 30.0488 0.0690083 -0.0674073
1 3.52661 30.0467 0.0756288 -0.0669227
1 4.63588 30.0447 0.0777837 -0.0681982
1 5.7456 30.0429 0.0769705 -0.0711658
1 6.85535 30.0413 0.0803741 -0.075165
1 7.96515 30.04 0.0835998 -0.079173
1 9.07463 30.039 0.0844806 -0.0837305
1 10.1846 30.0383 0.0794981 -0.0884181
1 11.2943 30.0378 0.0896885 -0.0928574
1 12.403 30.0376 0.0910046 -0.0963839
1 13.5126 30.0375 0.0855828 -0.0992105
1 14.6219 30.0377 0.0915719 -0.101337
1 15.7307 30.038 0.0923096 -0.102652
1 16.8398 30.0383 0.0951356 -0.103548
1 17.9477 30.0387 0.107285 -0.104011
1 19.0553 30.0391 0.0944595 -0.103686
1 20.1663 30.0393 0.0537969 -0.102874
1 21.2819 30.0394 0.0172366 -0.102354
1 22.3995 30.0394 -0.00756959 -0.102263
1 23.5165 30.0394 -0.0335009 -0.102509
1 24.6299 30.0392 -0.075082 -0.103205
1 25.7387 30.0389 -0.104953 -0.103885
1 26.846 30.0385 -0.101344 -0.103837
1 27.9547 30.0381 -0.0923199 -0.103134
1 29.0637 30.0378 -0.0941554 -0.102201
1 30.1726 30.0376 -0.0883512 -0.100669
1 31.2823 30.0375 -0.0846832 -0.098269
1 32.3916 30.0376 -0.0907103 -0.0951067
1 33.5007 30.0379 -0.0884321 -0.0912477
1 34.61 30.0384 -0.0905297 -0.0869604
1 35.719 30.0393 -0.0828733 -0.0824027
1 36.8295 30.0404 -0.070695 -0.0773486
1 37.9397 30.0418 -0.0791859 -0.0729666
1 39.0492 30.0435 -0.0735738 -0.069779
1 40.159 30.0453 -0.0730372 -0.0673326
1 41.2685 30.0474 -0.0710442 -0.0667825
1 42.3788 30.0496 -0.0658446 -0.0694608
1 43.4918 30.0512 -0.0614599 -0.0788361
1 0.745033 31.0121 0.057362 -0.0961647
1 1.85873 31.012 0.0644935 -0.0778311
1 2.96939 31.0105 0.071002 -0.0687098
1 4.07913 31.0086 0.0727895 -0.0655662
1 5.18903 31.0066 0.0718397 -0.0651595
1 6.29861 31.0047 0.0762253 -0.0654859
1 7.40899 31.0029 0.0664215 -0.06796
1 8.51974 31.0014 0.0777223 -0.0713918
1 9.62909 31.0002 0.0849475 -0.0748948
1 10.7387 30.9992 0.0838794 -0.0787342
1 11.8479 30.9985 0.0864999 -0.0827945
1 12.9575 30.998 0.0818758 -0.0867566
1 14.0673 30.9979 0.085662 -0.0899934
1 15.1762 30.998 0.0919887 -0.0923747
1 16.2853 30.9982 0.0908276 -0.093983
1 17.394 30.9985 0.101248 -0.0949006
1 18.5014 30.9988 0.10547 -0.0949953
1 19.6103 30.9991 0.0746604 -0.094488
1 20.7237 30.9992 0.033777 -0.0939365
1 21.8406 30.9992 0.00541406 -0.0936965
1 22.9583 30.9992 -0.018324 -0.0937579
1 24.0737 30.9991 -0.0532463 -0.0941598
1 25.1846 30.999 -0.0936897 -0.0947758
1 26.2923 30.9987 -0.106076 -0.0950519
1 27.4002 30.9983 -0.0945066 -0.094583
1 28.5093 30.998 -0.0910234 -0.0934163
1 29.6182 30.9979 -0.0897931 -0.0915448
1 30.7276 30.9979 -0.0832124 -0.0888368
1 31.8372 30.9981 -0.0877081 -0.0854039
1 32.9462 30.9986 -0.0855962 -0.0814611
1 34.056 30.9994 -0.0743619 -0.077145
1 35.1662 31.0006 -0.0800589 -0.0727164
1 36.2758 31.0019 -0.0796421 -0.0697371
1 37.3859 31.0035 -0.0782999 -0.0673622
1 38.4959 31.0053 -0.0750579 -0.0654869
1 39.6059 31.0073 -0.0762132 -0.0649669
1 40.7152 31.0092 -0.0739224 -0.0670254
1 41.8256 31.0109 -0.0678044 -0.0727665
1 42.9374 31.0118 -0.0596514 -0.0858662
1 44.0595 31.0102 -0.0410493 -0.107257
1 0.175261 31.9686 0.0485996 -0.11544
1 1.2991 31.9722 0.0578002 -0.0992885
1 2.41179 31.9729 0.0665825 -0.0824408
1 3.52264 31.972 0.0744471 -0.0726457
1 4.6323 31.9704 0.0761846 -0.0675323
1 5.74227 31.9684 0.0739128 -0.0664407
1 6.8523 31.9666 0.0755295 -0.067173
1 7.96241 31.9648 0.077737 -0.0678553
1 9.07224 31.9631 0.077705 -0.0692619
1 10.1826 31.9617 0.0715342 -0.072467
1 11.2927 31.9605 0.081042 -0.0760764
1 12.402 31.9596 0.0832304 -0.0800401
1 13.5119 31.959 0.0792238 -0.0840067
1 14.6216 31.9587 0.0867585 -0.0875191
1 15.7306 31.9587 0.0892858 -0.0901946
1 16.8398 31.9589 0.0931504 -0.0918363
1 17.9478 31.9591 0.106184 -0.092445
1 19.0554 31.9594 0.0944488 -0.0922099
1 20.1664 31.9595 0.0542105 -0.0915952
1 21.2819 31.9596 0.0175083 -0.0911907
1 22.3995 31.9596 -0.00763976 -0.0911275
1 23.5165 31.9596 -0.0338321 -0.0913328
1 24.6298 31.9595 -0.075336 -0.0918892
1 25.7386 31.9593 -0.104394 -0.0924592
1 26.846 31.959 -0.0998421 -0.0923771
1 27.9547 31.9587 -0.0900384 -0.0913023
1 29.0639 31.9586 -0.0904756 -0.0892325
1 30.1731 31.9587 -0.082891 -0.0862653
1 31.2831 31.9591 -0.077922 -0.0825231
1 32.3928 31.9598 -0.0828813 -0.078292
1 33.5023 31.9608 -0.0800959 -0.0745254
1 34.612 31.9621 -0.0820364 -0.071318
1 35.7216 31.9636 -0.0752926 -0.0687056
1 36.8325 31.9653 -0.0653401 -0.0667122
1 37.9429 31.9672 -0.0753432 -0.0660535
1 39.0527 31.9691 -0.0711106 -0.067246
1 40.1627 31.9709 -0.0721748 -0.0696598
1 41.2726 31.9723 -0.0702279 -0.0768282
1 42.3837 31.9724 -0.0619563 -0.0912404
1 43.4983 31.9703 -0.0527902 -0.111675
1 0.73764 32.9285 0.0487595 -0.11697
1 1.85321 32.9325 0.0574193 -0.100535
1 2.96513 32.934 0.0684986 -0.0832665
1 4.07536 32.9334 0.0724581 -0.0729519
1 5.18541 32.932 0.0712292 -0.0690543
1 6.29506 32.9302 0.0745104 -0.0666208
1 7.40552 32.9282 0.0630952 -0.0666165
1 8.5165 32.9264 0.0725118 -0.0678086
1 9.6262 32.9246 0.0782624 -0.0694359
1 10.7363 32.9231 0.0767566 -0.0714434
1 11.8459 32.9217 0.0788433 -0.0744377
1 12.956 32.9206 0.0745795 -0.0785482
1 14.0663 32.9199 0.0793182 -0.0826044
1 15.1757 32.9195 0.0874665 -0.0864108
1 16.285 32.9194 0.0879951 -0.0893711
1 17.3939 32.9195 0.0994823 -0.0910835
1 18.5014 32.9197 0.104923 -0.0916503
1 19.6104 32.9198 0.0750064 -0.0914982
1 20.7237 32.9199 0.0341487 -0.0911915
1 21.8406 32.92 0.00547984 -0.0909631
1 22.9583 32.9199 -0.0185709 -0.0910141
1 24.0737 32.9199 -0.0536891 -0.0913348
1 25.1845 32.9198 -0.0937194 -0.0916709
1 26.2922 32.9196 -0.105004 -0.0915784
1 27.4003 32.9194 -0.0923829 -0.0905917
1 28.5096 32.9193 -0.0876708 -0.08835
1 29.6189 32.9195 -0.0845771 -0.0849302
1 30.7287 32.92 -0.0764782 -0.0809507
1 31.8389 32.9209 -0.0799481 -0.0768477
1 32.9484 32.9221 -0.0774388 -0.0729903
1 34.0587 32.9236 -0.0672395 -0.0700583
1 35.1692 32.9252 -0.074394 -0.0677058
1 36.2791 32.9271 -0.0755578 -0.0674088
1 37.3893 32.9289 -0.0754915 -0.067458
1 38.4995 32.9307 -0.0738371 -0.067407
1 39.6095 32.9324 -0.075897 -0.0701392
1 40.7193 32.9335 -0.0728503 -0.0774057
1 41.8306 32.9331 -0.0649307 -0.0904571
1 42.9443 32.9304 -0.0596461 -0.108403
1 44.0686 32.9255 -0.0641741 -0.11655
1 0.168826 33.8839 0.0734717 -0.112038
1 1.29236 33.8893 0.0595948 -0.109517
1 2.40637 33.8937 0.0610704 -0.0959661
1 3.51833 33.8955 0.0708063 -0.0813192
1 4.62844 33.8951 0.0747665 -0.0713029
1 5.73847 33.8937 0.0728149 -0.0676347
1 6.84849 33.8919 0.0738299 -0.0674056
1 7.95864 33.89 0.0752381 -0.0670277
1 9.0686 33.888 0.0742453 -0.0670221
1 10.1793 33.8862 0.0666898 -0.0687548
1 11.2898 33.8845 0.0747614 -0.0706476
1 12.3996 33.8829 0.0761792 -0.0735797
1 13.5101 33.8817 0.072224 -0.077096
1 14.6204 33.8809 0.080466 -0.0811453
1 15.7298 33.8804 0.0844636 -0.0849519
1 16.8394 33.8802 0.0897542 -0.0877754
1 17.9478 33.8802 0.10422 -0.0894826
1 19.0555 33.8803 0.094023 -0.0901404
1 20.1665 33.8804 0.0545617 -0.090059
1 21.2819 33.8805 0.0177189 -0.089846
1 22.3995 33.8805 -0.00769935 -0.0898167
1 23.5164 33.8804 -0.0342168 -0.0899572
1 24.6297 33.8804 -0.0755059 -0.0901815
1 25.7385 33.8803 -0.10333 -0.0900616
1 26.8461 33.8802 -0.0972533 -0.0890187
1 27.9552 33.8802 -0.0860943 -0.086824
1 29.0648 33.8805 -0.0849596 -0.0834391
1 30.1745 33.8811 -0.0761427 -0.0794136
1 31.2851 33.8821 -0.0708594 -0.0754099
1 32.3954 33.8835 -0.076088 -0.0718259
1 33.5054 33.8851 -0.0742732 -0.0694663
1 34.6155 33.8868 -0.0773098 -0.0681899
1 35.7253 33.8887 -0.0716985 -0.0669367
1 36.8363 33.8906 -0.0631512 -0.0660851
1 37.9467 33.8925 -0.0743749 -0.0664817
1 39.0565 33.8942 -0.0704581 -0.0693449
1 40.1667 33.8951 -0.0697718 -0.0751783
1 41.2774 33.8945 -0.0632061 -0.0877347
1 42.3902 33.8913 -0.0525427 -0.103099
1 43.5063 33.8858 -0.0522849 -0.110123
1 0.730034 34.8451 0.0568779 -0.100746
1 1.84575 34.8507 0.0508181 -0.103693
1 2.95915 34.8552 0.0577254 -0.0954795
1 4.07061 34.857 0.0655056 -0.0830878
1 5.18114 34.8567 0.0677615 -0.0757729
1 6.29088 34.8553 0.072638 -0.0716139
1 7.40134 34.8533 0.0611375 -0.0707122
1 8.51239 34.8512 0.0699371 -0.0717276
1 9.62235 34.8492 0.0747741 -0.0728525
1 10.7327 34.8473 0.0730302 -0.073779
1 11.8427 34.8454 0.0736737 -0.0755239
1 12.9533 34.8438 0.068241 -0.0782945
1 14.0643 34.8425 0.0723582 -0.0815375
1 15.1743 34.8416 0.0809091 -0.0853122
1 16.2842 34.841 0.0826401 -0.0889666
1 17.3936 34.8408 0.0956538 -0.0917956
1 18.5014 34.8407 0.103032 -0.0935701
1 19.6105 34.8407 0.0747416 -0.0942552
1 20.7238 34.8408 0.0343321 -0.0942655
1 21.8406 34.8408 0.00551771 -0.0941506
1 22.9583 34.8408 -0.0187517 -0.0942032
1 24.0736 34.8408 -0.0538509 -0.0943734
1 25.1845 34.8407 -0.0928975 -0.0941514
1 26.2924 34.8407 -0.102292 -0.0929923
1 27.4008 34.8408 -0.0879005 -0.0907794
1 28.5107 34.8412 -0.0817475 -0.0875364
1 29.6205 34.8419 -0.0776991 -0.0836335
1 30.731 34.843 -0.0695458 -0.0799233
1 31.8417 34.8444 -0.0736218 -0.0768747
1 32.9518 34.8461 -0.0722728 -0.0743086
1 34.0624 34.848 -0.0639152 -0.072651
1 35.1732 34.85 -0.0721613 -0.0712064
1 36.2831 34.8521 -0.0740306 -0.0713756
1 37.3934 34.854 -0.0736342 -0.0716802
1 38.5036 34.8557 -0.0719923 -0.0721901
1 39.6138 34.8568 -0.0715651 -0.0777944
1 40.7242 34.8561 -0.0647883 -0.0894349
1 41.8367 34.8529 -0.0566017 -0.100866
1 42.9507 34.8477 -0.061439 -0.102325
1 44.0722 34.8426 -0.0792082 -0.0969124
1 0.165679 35.8034 0.0731146 -0.0820776
1 1.28579 35.8081 0.0595135 -0.0872567
1 2.39907 35.8129 0.0518278 -0.0938
1 3.51205 35.817 0.058924 -0.0885234
1 4.62325 35.8187 0.066833 -0.0769693
1 5.73381 35.8182 0.0686361 -0.069547
1 6.84399 35.8165 0.0713452 -0.068453
1 7.9542 35.8144 0.0734472 -0.0683864
1 9.06422 35.8122 0.0722827 -0.0682013
1 10.1751 35.81 0.0638415 -0.0699273
1 11.286 35.8079 0.0708896 -0.0713828
1 12.3963 35.806 0.0713066 -0.073741
1 13.5073 35.8043 0.0665663 -0.0760898
1 14.6182 35.8029 0.0739198 -0.0791469
1 15.7283 35.8019 0.0776928 -0.0827185
1 16.8386 35.8013 0.0837968 -0.0863154
1 17.9474 35.8009 0.0999217 -0.0895307
1 19.0555 35.8008 0.0921012 -0.0919601
1 20.1665 35.8008 0.0542736 -0.0929336
1 21.2819 35.8008 0.0177947 -0.0931412
1 22.3995 35.8008 -0.00772126 -0.0931842
1 23.5164 35.8008 -0.0342557 -0.0930693
1 24.6296 35.8008 -0.0747032 -0.0926059
1 25.7387 35.8008 -0.100361 -0.0910171
1 26.8467 35.801 -0.0921493 -0.0882194
1 27.9563 35.8015 -0.0796362 -0.084805
1 29.0666 35.8023 -0.0780021 -0.0810922
1 30.1769 35.8034 -0.0697336 -0.0776308
1 31.2881 35.8049 -0.0653678 -0.0745547
1 32.3989 35.8067 -0.0715926 -0.0720095
1 33.5093 35.8088 -0.0708757 -0.0701687
1 34.6197 35.8109 -0.0746592 -0.069299
1 35.7297 35.8131 -0.069791 -0.0674329
1 36.8407 35.8152 -0.0614315 -0.0668476
1 37.9512 35.8172 -0.0713825 -0.0683813
1 39.0613 35.8183 -0.0646268 -0.0737732
1 40.1724 35.8178 -0.0598469 -0.0817852
1 41.2844 35.8149 -0.0540874 -0.0909747
1 42.3979 35.8103 -0.0544046 -0.0905318
1 43.5127 35.8058 -0.0623159 -0.0824794
1 0.723838 36.7684 0.0614123 -0.069513
1 1.83808 36.7723 0.0567966 -0.0783604
1 2.95108 36.7764 0.0542769 -0.086068
1 4.06366 36.7799 0.0570988 -0.0816891
1 5.17537 36.7812 0.0606324 -0.0721084
1 6.28572 36.7805 0.0682084 -0.0650704
1 7.39643 36.7784 0.0582378 -0.0628469
1 8.50757 36.776 0.0680898 -0.0643213
1 9.61777 36.7736 0.0726038 -0.0656641
1 10.7284 36.7712 0.0703983 -0.0666794
1 11.8388 36.769 0.0700057 -0.0685358
1 12.9499 36.767 0.06398 -0.0708693
1 14.0614 36.7653 0.0672922 -0.0732229
1 15.172 36.7639 0.0745497 -0.0756199
1 16.2826 36.7629 0.0756825 -0.0786304
1 17.3927 36.7621 0.089294 -0.0819913
1 18.5011 36.7616 0.0986969 -0.0851654
1 19.6104 36.7614 0.07308 -0.0873207
1 20.7238 36.7614 0.0340322 -0.0881115
1 21.8407 36.7614 0.0054681 -0.088196
1 22.9583 36.7614 -0.0187067 -0.0881744
1 24.0736 36.7614 -0.0531321 -0.087907
1 25.1846 36.7615 -0.0900983 -0.0865591
1 26.2929 36.7618 -0.0968862 -0.0837776
1 27.402 36.7624 -0.0811305 -0.0804451
1 28.5125 36.7633 -0.0748821 -0.077173
1 29.623 36.7645 -0.0717774 -0.0743847
1 30.7341 36.766 -0.0644895 -0.0719013
1 31.8454 36.7678 -0.0691559 -0.0693141
1 32.9559 36.77 -0.0687957 -0.066934
1 34.0669 36.7723 -0.0619707 -0.0652458
1 35.1778 36.7747 -0.0704595 -0.0640061
1 36.2878 36.7771 -0.0730279 -0.0638767
1 37.3982 36.7793 -0.0705736 -0.0643916
1 38.5087 36.7808 -0.0658094 -0.0671488
1 39.6197 36.7806 -0.0613086 -0.0766606
1 40.7314 36.778 -0.054381 -0.0854972
1 41.8443 36.7739 -0.0530188 -0.081075
1 42.9568 36.7704 -0.0616069 -0.0710751
1 44.0758 36.7669 -0.0679716 -0.0666744
1 0.160547 37.7307 0.0627076 -0.0627348
1 1.27933 37.7337 0.0602349 -0.0717161
1 2.39141 37.7359 0.057032 -0.0810555
1 3.50422 37.7393 0.0568461 -0.0902586
1 4.61644 37.7425 0.0608478 -0.0851666
1 5.72803 37.7435 0.0646803 -0.0739864
1 6.83869 37.7423 0.0683413 -0.0677744
1 7.94907 37.7399 0.0712276 -0.0670768
1 9.05915 37.7371 0.0701328 -0.0678041
1 10.1702 37.7344 0.0607881 -0.0697674
1 11.2815 37.7318 0.0669 -0.071828
1 12.3923 37.7295 0.0669534 -0.0744118
1 13.5039 37.7275 0.0624644 -0.0769143
1 14.6152 37.7258 0.0690968 -0.0790955
1 15.726 37.7244 0.0714242 -0.0812594
1 16.837 37.7233 0.0768425 -0.0840813
1 17.9465 37.7224 0.0934866 -0.0875616
1 19.0551 37.722 0.0881377 -0.0909973
1 20.1665 37.7218 0.0529747 -0.0928979
1 21.2819 37.7218 0.0176021 -0.0934681
1 22.3995 37.7218 -0.00773411 -0.093575
1 23.5164 37.7218 -0.0337501 -0.0933752
1 24.6298 37.7219 -0.072299 -0.0922681
1 25.7392 37.7222 -0.0949384 -0.0895013
1 26.8479 37.7228 -0.0851123 -0.0858173
1 27.9582 37.7238 -0.0727379 -0.0825859
1 29.0692 37.725 -0.0722196 -0.0800757
1 30.1801 37.7265 -0.0650305 -0.0778488
1 31.2918 37.7284 -0.0606968 -0.0748744
1 32.4032 37.7306 -0.0673603 -0.0721829
1 33.5139 37.7331 -0.0679644 -0.0704772
1 34.6246 37.7357 -0.0723342 -0.0696904
1 35.7347 37.7383 -0.0676792 -0.0671753
1 36.8458 37.7409 -0.0584681 -0.0660568
1 37.9566 37.7429 -0.0667487 -0.0699999
1 39.0675 37.7431 -0.0588573 -0.0800951
1 40.1796 37.7409 -0.0558303 -0.0876005
1 41.2919 37.7374 -0.0575252 -0.0857143
1 42.4041 37.7347 -0.0596403 -0.0751102
1 43.518 37.7323 -0.060109 -0.0679291
1 0.718177 38.6959 0.0611866 -0.0700211
1 1.83273 38.6974 0.0638778 -0.0716815
1 2.94482 38.6992 0.0640258 -0.0758139
1 4.05704 38.7021 0.0608718 -0.0841148
1 5.16953 38.705 0.0614491 -0.0805404
1 6.28051 38.7058 0.0697478 -0.0683352
1 7.39134 38.704 0.0601505 -0.0598135
1 8.50229 38.701 0.0683689 -0.0597912
1 9.61251 38.6978 0.0723432 -0.0632473
1 10.7233 38.6948 0.0674543 -0.065884
1 11.8342 38.6921 0.0657283 -0.0684233
1 12.9459 38.6897 0.0593752 -0.0715769
1 14.0579 38.6877 0.0635547 -0.0744853
1 15.1691 38.686 0.0702199 -0.0765299
1 16.2803 38.6845 0.0699829 -0.0786267
1 17.3911 38.6833 0.0825459 -0.0814317
1 18.5003 38.6825 0.0923939 -0.0853342
1 19.6101 38.682 0.069625 -0.0889882
1 20.7237 38.6819 0.0330641 -0.0908635
1 21.8406 38.6819 0.00538297 -0.0913068
1 22.9583 38.6819 -0.0183796 -0.0911595
1 24.0737 38.6819 -0.0513973 -0.0902088
1 25.1851 38.6822 -0.0852298 -0.0875128
1 26.2941 38.6828 -0.089929 -0.0833875
1 27.4039 38.6839 -0.0745929 -0.0798192
1 28.5151 38.6852 -0.0696114 -0.0773407
1 29.6263 38.6867 -0.0675148 -0.0751653
1 30.7379 38.6886 -0.0596855 -0.072408
1 31.8498 38.6908 -0.0641555 -0.0692579
1 32.9608 38.6934 -0.065812 -0.0670613
1 34.0719 38.6963 -0.061499 -0.0645426
1 35.1828 38.6993 -0.0706205 -0.0616296
1 36.2929 38.7024 -0.073258 -0.0604843
1 37.4034 38.7049 -0.0690106 -0.0641514
1 38.5145 38.7054 -0.0631057 -0.073234
1 39.6265 38.7036 -0.0600465 -0.083271
1 40.7385 38.7005 -0.0605587 -0.0810661
1 41.8506 38.6983 -0.0618231 -0.0724519
1 42.9626 38.6966 -0.0622923 -0.072844
1 44.0818 38.6946 -0.05911 -0.071451
1 0.155323 39.6588 0.0671695 -0.0756538
1 1.27552 39.6596 0.0687639 -0.0747164
1 2.38769 39.6614 0.0695533 -0.0714813
1 3.49943 39.6631 0.0705299 -0.0755631
1 4.61119 39.6657 0.0650264 -0.0810975
1 5.72354 39.6683 0.0655224 -0.0780646
1 6.83487 39.6687 0.0734326 -0.0656078
1 7.94498 39.6666 0.0789057 -0.0564161
1 9.05442 39.6628 0.0758352 -0.055522
1 10.1651 39.659 0.0625631 -0.0597888
1 11.2765 39.6555 0.065444 -0.0649842
1 12.3877 39.6526 0.0630043 -0.0687238
1 13.4999 39.6502 0.0581813 -0.0722966
1 14.6118 39.6482 0.0656067 -0.0749236
1 15.7231 39.6465 0.0674542 -0.076533
1 16.8347 39.645 0.0713008 -0.0783286
1 17.9451 39.6438 0.0863231 -0.0810406
1 19.0544 39.643 0.0820576 -0.0848901
1 20.1663 39.6426 0.0502114 -0.0880418
1 21.2819 39.6425 0.0170072 -0.0893349
1 22.3995 39.6425 -0.00753531 -0.0894612
1 23.5165 39.6426 -0.0324315 -0.0889098
1 24.6302 39.6428 -0.068118 -0.0868498
1 25.7403 39.6434 -0.0880936 -0.0830493
1 26.8497 39.6444 -0.0785892 -0.0795647
1 27.9608 39.6457 -0.0677005 -0.0773116
1 29.0723 39.6473 -0.0678959 -0.0752845
1 30.1838 39.6492 -0.0603708 -0.0728426
1 31.2962 39.6514 -0.0562423 -0.0695153
1 32.4081 39.6541 -0.0657852 -0.0670386
1 33.5189 39.6572 -0.0686926 -0.0640308
1 34.6295 39.6607 -0.0742338 -0.0585391
1 35.7393 39.6645 -0.0719652 -0.0552716
1 36.8502 39.6676 -0.0627671 -0.0592663
1 37.9613 39.6686 -0.0698107 -0.0731792
1 39.0729 39.6668 -0.0618864 -0.0824786
1 40.1852 39.6641 -0.0636019 -0.0784533
1 41.2968 39.6622 -0.0666316 -0.0722213
1 42.4088 39.6605 -0.0628295 -0.074141
1 43.5233 39.6587 -0.0635649 -0.0745819
1 0.716561 40.6212 0.0707156 -0.0819957
1 1.83053 40.6228 0.0684411 -0.0821635
1 2.94252 40.6247 0.0697964 -0.080221
1 4.05381 40.6266 0.0706015 -0.0800352
1 5.16565 40.6288 0.0659416 -0.0849729
1 6.27737 40.6311 0.0678059 -0.0814777
1 7.389 40.6313 0.0634079 -0.0682801
1 8.49967 40.6285 0.0774401 -0.0565388
1 9.60882 40.624 0.0838698 -0.0557071
1 10.7188 40.6195 0.0737121 -0.0612651
1 11.8295 40.6155 0.0668716 -0.0679108
1 12.9414 40.6124 0.0563045 -0.0735224
1 14.054 40.61 0.0597764 -0.0776621
1 15.1658 40.608 0.0663969 -0.0803837
1 16.2776 40.6063 0.0658524 -0.0821746
1 17.389 40.6049 0.0766573 -0.0839877
1 18.4989 40.6037 0.0850512 -0.0873998
1 19.6096 40.6031 0.0644704 -0.0913214
1 20.7236 40.6028 0.0310649 -0.0939459
1 21.8406 40.6027 0.00503619 -0.0948027
1 22.9584 40.6028 -0.0173656 -0.0946075
1 24.074 40.6029 -0.047942 -0.0929167
1 25.186 40.6034 -0.0785651 -0.0893705
1 26.2958 40.6043 -0.0831748 -0.0855378
1 27.4064 40.6056 -0.069966 -0.0829951
1 28.5182 40.6072 -0.0654488 -0.0810459
1 29.6299 40.609 -0.062552 -0.0782456
1 30.7422 40.6113 -0.0554904 -0.0748948
1 31.8545 40.614 -0.063821 -0.0713542
1 32.9654 40.6174 -0.0700203 -0.0663538
1 34.0762 40.6215 -0.0683748 -0.0580856
1 35.1863 40.6262 -0.0814469 -0.0544135
1 36.2958 40.6299 -0.0815776 -0.0630282
1 37.4065 40.6312 -0.0716921 -0.0766367
1 38.5184 40.6297 -0.0655895 -0.0851771
1 39.6306 40.6273 -0.0682595 -0.0832592
1 40.7419 40.6254 -0.0718855 -0.0794727
1 41.8536 40.6237 -0.0682887 -0.0808195
1 42.9662 40.6217 -0.0688009 -0.0814537
1 44.0867 40.6201 -0.0718495 -0.0794806
1 0.153381 41.5817 0.0717006 -0.0837532
1 1.2738 41.5839 0.067804 -0.0767836
1 2.38607 41.586 0.0671008 -0.0736042
1 3.49781 41.5881 0.0722694 -0.074318
1 4.60892 41.5901 0.0715502 -0.0762854
1 5.72072 41.5924 0.0680254 -0.0777613
1 6.83264 41.5942 0.0710216 -0.0739188
1 7.94376 41.594 0.0780698 -0.0604671
1 9.05339 41.5907 0.0838853 -0.0478642
1 10.1631 41.5854 0.0764673 -0.0445779
1 11.2732 41.5801 0.0779179 -0.0507652
1 12.3836 41.5756 0.0689458 -0.0597649
1 13.4959 41.5722 0.0578355 -0.0668398
1 14.6082 41.5697 0.0625718 -0.0713269
1 15.7201 41.5677 0.0642611 -0.0744499
1 16.8322 41.5661 0.0675173 -0.0762476
1 17.9431 41.5647 0.0800395 -0.0783169
1 19.0533 41.5637 0.0749505 -0.0822686
1 20.1659 41.5631 0.0458673 -0.0859107
1 21.2818 41.5629 0.0157197 -0.0877956
1 22.3996 41.5629 -0.00717867 -0.0881814
1 23.5167 41.563 -0.0298782 -0.0870241
1 24.6308 41.5634 -0.0620722 -0.0842792
1 25.7418 41.5642 -0.0806539 -0.0801569
1 26.852 41.5654 -0.0735422 -0.0770889
1 27.9636 41.5669 -0.0641412 -0.0753202
1 29.0757 41.5688 -0.0640383 -0.0725127
1 30.1879 41.5711 -0.0581791 -0.0686067
1 31.3005 41.574 -0.0601197 -0.0639277
1 32.4117 41.5777 -0.0763444 -0.056545
1 33.5216 41.5825 -0.0805321 -0.0473175
1 34.6312 41.588 -0.0851583 -0.044643
1 35.7406 41.5923 -0.0776431 -0.0555316
1 36.852 41.5938 -0.0601394 -0.0689062
1 37.9643 41.5928 -0.0679706 -0.0773266
1 39.076 41.5907 -0.0684868 -0.075362
1 40.1876 41.5889 -0.0716046 -0.0718386
1 41.2989 41.5871 -0.0719114 -0.0740401
1 42.4111 41.5848 -0.0707666 -0.0759733
1 43.5254 41.5828 -0.06994 -0.0790176
1 0.713957 42.5448 0.0654944 -0.0742489
1 1.82844 42.5472 0.067243 -0.078129
1 2.94063 42.5498 0.0693059 -0.0796609
1 4.05204 42.5519 0.0739458 -0.0766524
1 5.16332 42.5536 0.071011 -0.0795663
1 6.27492 42.5558 0.0681862 -0.0834251
1 7.38724 42.5575 0.0594048 -0.0759403
1 8.49916 42.5564 0.0724008 -0.0614889
1 9.60912 42.5525 0.0863323 -0.0506634
1 10.7187 42.5467 0.0865097 -0.0469103
1 11.8281 42.5407 0.0835733 -0.0516521
1 12.9387 42.5358 0.0674711 -0.0608434
1 14.0508 42.5322 0.0631237 -0.0695603
1 15.1627 42.5295 0.0652948 -0.0757082
1 16.2748 42.5276 0.0641153 -0.0791508
1 17.3867 42.526 0.0731105 -0.081013
1 18.4972 42.5247 0.0783861 -0.0838187
1 19.6087 42.5238 0.058167 -0.0876717
1 20.7233 42.5235 0.0277874 -0.0907986
1 21.8406 42.5234 0.00438618 -0.0916626
1 22.9585 42.5234 -0.0156806 -0.0914684
1 24.0745 42.5237 -0.0431506 -0.0894535
1 25.1873 42.5243 -0.0714909 -0.0856366
1 26.2979 42.5253 -0.0778711 -0.0822089
1 27.409 42.5268 -0.0671712 -0.0800649
1 28.5212 42.5286 -0.0632063 -0.0771729
1 29.6333 42.5309 -0.0633835 -0.0724161
1 30.7454 42.534 -0.0645301 -0.0659703
1 31.8565 42.5382 -0.0794858 -0.0568656
1 32.966 42.5436 -0.0831361 -0.0480409
1 34.0762 42.5496 -0.0748783 -0.0476977
1 35.1864 42.5544 -0.0821551 -0.0577794
1 36.2969 42.5565 -0.0769762 -0.0719142
1 37.4087 42.5561 -0.0701921 -0.0778425
1 38.5207 42.5543 -0.0702676 -0.0793425
1 39.6323 42.5526 -0.0731814 -0.0769743
1 40.7432 42.5508 -0.0723719 -0.0769715
1 41.8551 42.5486 -0.0688804 -0.0766494
1 42.9674 42.5463 -0.0725026 -0.0770037
1 44.0876 42.5445 -0.0765199 -0.075286
1 0.151083 43.5058 0.0736936 -0.070219
1 1.27132 43.508 0.0681513 -0.0791075
1 2.38362 43.5107 0.0696719 -0.074722
1 3.49548 43.5131 0.0696402 -0.0767754
1 4.60711 43.5154 0.0723143 -0.0774196
1 5.7188 43.517 0.0720467 -0.077136
1 6.83071 43.5189 0.0727647 -0.0826389
1 7.94245 43.5202 0.075504 -0.0736171
1 9.05333 43.5183 0.0764613 -0.0572865
1 10.1645 43.5134 0.0731661 -0.0482587
1 11.275 43.5072 0.0851014 -0.045667
1 12.3845 43.5011 0.0855794 -0.049215
1 13.495 43.4959 0.0738785 -0.0566679
1 14.6062 43.4919 0.0705342 -0.0655032
1 15.7177 43.489 0.066162 -0.0737499
1 16.8298 43.487 0.0669651 -0.0784251
1 17.941 43.4855 0.0758384 -0.0810235
1 19.0519 43.4843 0.0684006 -0.0848725
1 20.1652 43.4837 0.0408327 -0.0888708
1 21.2816 43.4835 0.013799 -0.0911158
1 22.3996 43.4835 -0.00652702 -0.0915262
1 23.5171 43.4836 -0.0262827 -0.0901567
1 24.6318 43.484 -0.0557697 -0.0870219
1 25.7436 43.4849 -0.0748341 -0.0826912
1 26.8543 43.4863 -0.0712793 -0.0795149
1 27.9661 43.4881 -0.0642553 -0.0763089
1 29.0782 43.4905 -0.0684003 -0.0697681
1 30.1895 43.494 -0.0721108 -0.0610418
1 31.3004 43.4986 -0.078777 -0.0529881
1 32.4103 43.5042 -0.0857662 -0.0465297
1 33.5202 43.5103 -0.0806982 -0.0471417
1 34.6307 43.5156 -0.0838062 -0.0545589
1 35.741 43.5189 -0.0741003 -0.0652121
1 36.8535 43.519 -0.0587523 -0.0776138
1 37.9661 43.5174 -0.0719324 -0.0799906
1 39.0774 43.516 -0.0755624 -0.0742198
1 40.1886 43.5145 -0.0738901 -0.0759008
1 41.3001 43.512 -0.0692548 -0.0784901
1 42.4122 43.5093 -0.0686847 -0.0776281
1 43.5265 43.5071 -0.0703376 -0.0756899
1 0.711303 44.4689 0.0723415 -0.0691098
1 1.82577 44.4715 0.0698005 -0.0773877
1 2.93798 44.4749 0.068715 -0.0769499
1 4.04988 44.4772 0.0719588 -0.0757039
1 5.16165 44.479 0.0719559 -0.0776567
1 6.27355 44.4807 0.0686948 -0.0795886
1 7.38629 44.4826 0.0636986 -0.0817431
1 8.49854 44.483 0.0741455 -0.0697952
1 9.60975 44.4797 0.0800027 -0.0532429
1 10.7209 44.4739 0.0792012 -0.0477709
1 11.8315 44.4677 0.0831507 -0.0494164
1 12.9419 44.4619 0.0804515 -0.0511173
1 14.0522 44.4567 0.0818601 -0.054686
1 15.1623 44.4523 0.0790647 -0.062853
1 16.2733 44.4491 0.0709671 -0.0719943
1 17.3847 44.4469 0.0742198 -0.0783015
1 18.4955 44.4454 0.0741221 -0.0825333
1 19.6077 44.4444 0.0523572 -0.0867516
1 20.7229 44.444 0.024591 -0.0903774
1 21.8405 44.4439 0.00401189 -0.0914793
1 22.9587 44.4439 -0.0139384 -0.0912273
1 24.0752 44.4442 -0.0384574 -0.088855
1 25.1886 44.4449 -0.0657025 -0.0845649
1 26.2998 44.4462 -0.0760215 -0.0803264
1 27.4108 44.448 -0.070851 -0.0754099
1 28.5223 44.4507 -0.0731334 -0.0674624
1 29.6329 44.4545 -0.0813048 -0.058281
1 30.743 44.4594 -0.0824748 -0.052473
1 31.8531 44.465 -0.0840466 -0.049913
1 32.9634 44.4709 -0.079456 -0.0488111
1 34.0746 44.4766 -0.0734346 -0.05198
1 35.186 44.481 -0.0753729 -0.0611447
1 36.2979 44.4823 -0.0721828 -0.0767722
1 37.41 44.4809 -0.0750439 -0.0795806
1 38.522 44.4797 -0.0713485 -0.0753753
1 39.634 44.4783 -0.0698362 -0.0787833
1 40.7455 44.4761 -0.0713241 -0.0774889
1 41.8574 44.4735 -0.0676504 -0.0770539
1 42.9696 44.4699 -0.0715062 -0.0769487
1 44.0899 44.4678 -0.0707804 -0.0767609
1 0.146893 45.429 0.071123 -0.0800359
1 1.26805 45.4318 0.0721796 -0.07826
1 2.37988 45.4361 0.0703173 -0.0758145
1 3.49221 45.4388 0.0678569 -0.0763618
1 4.60456 45.4409 0.0726232 -0.0767155
1 5.71671 45.4424 0.0722329 -0.0754037
1 6.82977 45.4441 0.0692149 -0.0808106
1 7.94228 45.4461 0.076479 -0.0775228
1 9.05391 45.4449 0.0734751 -0.06129
1 10.1665 45.44 0.0681466 -0.049631
1 11.2784 45.4337 0.0787261 -0.0469717
1 12.3891 45.4278 0.0808355 -0.051592
1 13.5 45.4226 0.0806283 -0.0535636
1 14.6099 45.4176 0.0877898 -0.0532616
1 15.7193 45.4129 0.0847444 -0.0583593
1 16.8295 45.4093 0.0799654 -0.0675571
1 17.9398 45.4067 0.0799914 -0.0760563
1 19.0507 45.4052 0.0653632 -0.0829018
1 20.1645 45.4043 0.0367561 -0.0881674
1 21.2814 45.4041 0.0125031 -0.0908655
1 22.3997 45.4041 -0.00578228 -0.0911838
1 23.5175 45.4042 -0.0236441 -0.0897197
1 24.6328 45.4048 -0.0516726 -0.0858004
1 25.7449 45.406 -0.074699 -0.0795039
1 26.8552 45.408 -0.080061 -0.0718159
1 27.9656 45.4111 -0.0809073 -0.0626905
1 29.0755 45.4153 -0.0876296 -0.0550812
1 30.185 45.4203 -0.0849788 -0.052877
1 31.2954 45.4253 -0.0783017 -0.0528065
1 32.4064 45.4308 -0.0789276 -0.0495707
1 33.5176 45.4368 -0.0762044 -0.0500379
1 34.6295 45.4421 -0.0758966 -0.055704
1 35.7414 45.4452 -0.0724859 -0.0666438
1 36.854 45.4447 -0.0670181 -0.0822401
1 37.9667 45.4425 -0.0698942 -0.0795054
1 39.0794 45.4415 -0.0680247 -0.0733745
1 40.1918 45.44 -0.0702111 -0.0766086
1 41.3037 45.4375 -0.0694629 -0.0788831
1 42.4158 45.4343 -0.0686978 -0.0766377
1 43.5292 45.4301 -0.0716446 -0.0746396
1 0.708057 46.391 0.0696553 -0.0753259
1 1.8205 46.3978 0.0699639 -0.0746323
1 2.93306 46.4007 0.0680871 -0.0803629
1 4.04597 46.4033 0.0687479 -0.0758333
1 5.15874 46.4045 0.06846 -0.0755157
1 6.27199 46.4058 0.0653326 -0.0823118
1 7.38605 46.4088 0.0624434 -0.0855591
1 8.49927 46.4099 0.0733447 -0.0677646
1 9.61192 46.4061 0.0745581 -0.0521374
1 10.7246 46.4 0.0740215 -0.0503
1 11.8363 46.394 0.0777313 -0.0520224
1 12.9476 46.3886 0.0768931 -0.0546757
1 14.0583 46.3838 0.0826891 -0.0567205
1 15.1679 46.3793 0.0897493 -0.0558696
1 16.2771 46.3746 0.0905502 -0.0563899
1 17.3861 46.3705 0.0921722 -0.0632521
1 18.4954 46.3675 0.0822837 -0.074166
1 19.6071 46.3658 0.0523792 -0.0836159
1 20.7225 46.365 0.0230264 -0.0892227
1 21.8404 46.3649 0.00376194 -0.091303
1 22.9589 46.365 -0.0128462 -0.090689
1 24.0757 46.3654 -0.0369147 -0.0867876
1 25.1891 46.3666 -0.0689982 -0.0792111
1 26.2993 46.369 -0.0896045 -0.0686853
1 27.4082 46.3726 -0.0911826 -0.0589451
1 28.5174 46.3771 -0.0895384 -0.0554744
1 29.6269 46.3817 -0.0861797 -0.0565771
1 30.7371 46.3864 -0.0789839 -0.0562235
1 31.8481 46.3914 -0.0786215 -0.0533281
1 32.9594 46.397 -0.076721 -0.0512849
1 34.0716 46.4029 -0.0700693 -0.0506919
1 35.1846 46.4078 -0.0704949 -0.0595719
1 36.2977 46.4089 -0.0730659 -0.0822819
1 37.4107 46.4062 -0.0722479 -0.0834911
1 38.5241 46.4049 -0.0677941 -0.0721585
1 39.6373 46.4041 -0.0713629 -0.0787138
1 40.7496 46.402 -0.0722459 -0.0767513
1 41.8626 46.3993 -0.0709538 -0.0755566
1 42.9753 46.3954 -0.0713897 -0.0789908
1 44.0957 46.3872 -0.072405 -0.0785251
1 0.136866 47.3461 0.0727503 -0.0810547
1 1.25763 47.364 0.068831 -0.0818949
1 2.37336 47.3667 0.071413 -0.0711348
1 3.48693 47.369 0.0761252 -0.0842588
1 4.60071 47.372 0.0697797 -0.0752231
1 5.71415 47.3717 0.0736129 -0.0742581
1 6.82764 47.3743 0.0671364 -0.0916289
1 7.94219 47.3778 0.0653466 -0.0801836
1 9.05704 47.3763 0.0625776 -0.0588628
1 10.1716 47.3707 0.067922 -0.0485487
1 11.284 47.3643 0.0797479 -0.0505287
1 12.3952 47.3589 0.0772816 -0.0563697
1 13.5065 47.3542 0.0783138 -0.0576641
1 14.6167 47.3497 0.0864562 -0.0579333
1 15.7261 47.3455 0.0885767 -0.058444
1 16.8352 47.3411 0.0956935 -0.0567934
1 17.9432 47.3367 0.10088 -0.0595634
1 19.052 47.3332 0.0789072 -0.0706705
1 20.1648 47.3312 0.0412628 -0.0825313
1 21.2814 47.3304 0.01309 -0.0889414
1 22.3997 47.3304 -0.00581247 -0.0898824
1 23.5174 47.3308 -0.0255568 -0.086325
1 24.6321 47.3322 -0.0601394 -0.0770811
1 25.7426 47.3349 -0.0933074 -0.0641816
1 26.8505 47.339 -0.0999588 -0.0570407
1 27.9591 47.3435 -0.0903625 -0.0579149
1 29.0687 47.3477 -0.0868756 -0.0587049
1 30.1784 47.3521 -0.0831337 -0.0575267
1 31.2892 47.3567 -0.0770183 -0.0569696
1 32.4005 47.3617 -0.0787176 -0.0532735
1 33.5123 47.3675 -0.0735176 -0.0499599
1 34.6258 47.3733 -0.0659927 -0.0553456
1 35.7402 47.3765 -0.0677943 -0.0705824
1 36.8547 47.3753 -0.063017 -0.0860102
1 37.9689 47.3723 -0.0675025 -0.0814557
1 39.0821 47.3719 -0.0705198 -0.0702803
1 40.196 47.3709 -0.066326 -0.0789405
1 41.3099 47.3679 -0.0717368 -0.0787185
1 42.4242 47.3651 -0.0705386 -0.0779234
1 43.5415 47.3582 -0.0693654 -0.0776007
