1 0.773368 0.365803 -0.169884 -0.0879393
1 1.89113 0.348618 -0.156017 -0.0699028
1 3.00674 0.336874 -0.153438 -0.0567402
1 4.12195 0.325197 -0.160221 -0.0475523
1 5.23629 0.312762 -0.143424 -0.0460261
1 6.34884 0.301617 -0.112547 -0.0553879
1 7.45832 0.291614 -0.0920016 -0.0611225
1 8.56539 0.281914 -0.0735116 -0.0706405
1 9.67077 0.273284 -0.0548706 -0.0730779
1 10.7758 0.264084 -0.0541227 -0.07626
1 11.8802 0.256093 -0.0456347 -0.0860588
1 12.9848 0.248371 -0.0391455 -0.0827505
1 14.0898 0.239281 -0.0373693 -0.08512
1 15.1947 0.231356 -0.0377579 -0.0989117
1 16.3006 0.223788 -0.0241176 -0.0994536
1 17.4075 0.214113 -0.0115737 -0.0959649
1 18.5156 0.204858 -0.0112437 -0.105834
1 19.6249 0.200063 0.00359953 -0.106151
1 20.7343 0.199303 0.00200575 -0.0851044
1 21.8431 0.199979 -0.00370628 -0.0677676
1 22.9516 0.200696 0.00160241 -0.0736307
1 24.0605 0.200879 -0.00395543 -0.0962122
1 25.1696 0.20261 0.00446511 -0.10889
1 26.2784 0.209039 0.0134084 -0.0991397
1 27.3857 0.219008 0.017016 -0.0958983
1 28.4924 0.227399 0.0334418 -0.101919
1 29.5979 0.234637 0.0365157 -0.0913337
1 30.7027 0.24388 0.0367068 -0.0805518
1 31.8078 0.252351 0.0406993 -0.0869027
1 32.9119 0.259157 0.0467623 -0.0814463
1 34.0167 0.268564 0.0557943 -0.0705975
1 35.1219 0.277789 0.0609725 -0.0759519
1 36.2276 0.286194 0.080379 -0.0663192
1 37.3354 0.296671 0.0982169 -0.056434
1 38.4457 0.306865 0.123623 -0.0515113
1 39.5589 0.319057 0.156792 -0.0405627
1 40.674 0.331823 0.168851 -0.0483433
1 41.7903 0.342628 0.156175 -0.072152
1 42.9071 0.352324 0.157554 -0.0880351
1 44.028 0.382524 0.161515 -0.0604322
1 0.217553 1.334 -0.130174 -0.0922146
1 1.34413 1.32019 -0.130446 -0.0780268
1 2.45945 1.30806 -0.132141 -0.0708316
1 3.57369 1.29786 -0.137699 -0.0662178
1 4.68765 1.28768 -0.131073 -0.0658594
1 5.80028 1.27709 -0.106969 -0.0738234
1 6.9105 1.26749 -0.087536 -0.0851507
1 8.01817 1.25851 -0.066046 -0.092565
1 9.12384 1.25003 -0.0485466 -0.0987347
1 10.229 1.24155 -0.0417545 -0.105498
1 11.3332 1.23323 -0.0335498 -0.110032
1 12.4374 1.22548 -0.0281547 -0.114216
1 13.5423 1.21725 -0.0259583 -0.117765
1 14.647 1.20885 -0.0254798 -0.126224
1 15.7524 1.20123 -0.0202472 -0.133633
1 16.8593 1.19269 -0.0136223 -0.136663
1 17.966 1.1831 -0.0105569 -0.139002
1 19.0731 1.17589 -0.00401832 -0.138653
1 20.1807 1.17324 -0.00186039 -0.130741
1 21.2886 1.17339 -0.00404 -0.109656
1 22.3971 1.17411 0.00340161 -0.0985968
1 23.5054 1.17447 0.0041903 -0.117796
1 24.613 1.17524 0.000439818 -0.136863
1 25.7207 1.17934 0.00686257 -0.14007
1 26.8274 1.18781 0.0100581 -0.135031
1 27.934 1.19709 0.0161405 -0.135577
1 29.0402 1.20455 0.0226409 -0.132312
1 30.145 1.21266 0.024555 -0.118812
1 31.2499 1.22166 0.0308791 -0.116145
1 32.3551 1.22884 0.0344654 -0.116713
1 33.4591 1.2367 0.0375208 -0.105325
1 34.5639 1.24585 0.0463694 -0.102314
1 35.6693 1.25402 0.0545578 -0.0973354
1 36.7752 1.26298 0.0701276 -0.0861011
1 37.8835 1.27255 0.0892091 -0.0800188
1 38.9942 1.2825 0.115369 -0.0683497
1 40.1071 1.29337 0.136512 -0.0652487
1 41.221 1.30367 0.14318 -0.0744257
1 42.3357 1.3122 0.147847 -0.0830405
1 43.4496 1.32645 0.131021 -0.071135
1 0.791473 2.27867 -0.150339 -0.0789037
1 1.90929 2.27076 -0.131512 -0.0774763
1 3.0235 2.26315 -0.126643 -0.0820318
1 4.13621 2.25513 -0.12386 -0.0798467
1 5.24845 2.24638 -0.105183 -0.0822901
1 6.35945 2.23771 -0.0837716 -0.0900845
1 7.46794 2.22907 -0.0670151 -0.0987982
1 8.57399 2.22101 -0.0487326 -0.109217
1 9.67952 2.21331 -0.0383735 -0.113314
1 10.7843 2.20547 -0.0313247 -0.118503
1 11.8882 2.19772 -0.025466 -0.12273
1 12.9931 2.19008 -0.0222961 -0.126508
1 14.0981 2.18227 -0.0182803 -0.131305
1 15.2027 2.17435 -0.018125 -0.137964
1 16.309 2.16649 -0.012668 -0.143255
1 17.4159 2.15806 -0.00842008 -0.142453
1 18.522 2.14969 -0.00701292 -0.142736
1 19.6285 2.14495 -0.00329081 -0.137571
1 20.7352 2.14386 -0.00741547 -0.118572
1 21.8426 2.14386 -0.00403668 -0.106191
1 22.9508 2.14438 0.00564254 -0.112277
1 24.0583 2.14526 0.0044428 -0.127669
1 25.1648 2.14779 0.00763256 -0.140281
1 26.2711 2.15389 0.0137221 -0.142268
1 27.3776 2.16219 0.00879196 -0.141132
1 28.4842 2.17033 0.0130048 -0.139793
1 29.5897 2.1782 0.0202122 -0.136424
1 30.6945 2.18603 0.0187413 -0.129213
1 31.7995 2.19371 0.0215907 -0.125546
1 32.904 2.20117 0.028992 -0.123108
1 34.0083 2.20892 0.0306457 -0.114503
1 35.1131 2.21706 0.036691 -0.109984
1 36.2185 2.22514 0.056339 -0.104279
1 37.3255 2.23354 0.0722539 -0.092875
1 38.435 2.24233 0.0891211 -0.0840595
1 39.5465 2.25147 0.111083 -0.0793492
1 40.6588 2.26036 0.122264 -0.0828192
1 41.7722 2.26699 0.114202 -0.0911378
1 42.8873 2.2741 0.114269 -0.0777576
1 44.0151 2.2802 0.141126 -0.0811185
1 0.228459 3.23103 -0.145978 -0.067956
1 1.35436 3.22589 -0.126528 -0.0885891
1 2.46966 3.22222 -0.112219 -0.0843154
1 3.58279 3.21813 -0.113804 -0.078729
1 4.69506 3.21155 -0.111776 -0.0776166
1 5.80668 3.20386 -0.0919112 -0.0770225
1 6.91658 3.19597 -0.0728922 -0.0823514
1 8.02369 3.18854 -0.0530902 -0.0911231
1 9.12908 3.18122 -0.0377136 -0.0960143
1 10.2342 3.17375 -0.0274949 -0.0981099
1 11.3385 3.16644 -0.0227871 -0.10108
1 12.4431 3.15916 -0.0189071 -0.104676
1 13.5479 3.15188 -0.0145878 -0.106564
1 14.6526 3.14447 -0.0151405 -0.110451
1 15.7581 3.13685 -0.0120588 -0.113924
1 16.8647 3.12896 -0.00945009 -0.113065
1 17.9709 3.12116 -0.00893887 -0.109939
1 19.0767 3.11516 -0.00901511 -0.10642
1 20.1827 3.11224 -0.00864744 -0.0959518
1 21.2891 3.11126 -0.00225335 -0.0810055
1 22.3967 3.11149 0.00459418 -0.0779571
1 23.5039 3.11249 0.00796326 -0.0888357
1 24.6101 3.11432 0.00535577 -0.0995226
1 25.7164 3.11842 0.00537202 -0.107149
1 26.8224 3.12506 0.00885018 -0.112372
1 27.9286 3.13276 0.0104223 -0.113013
1 29.0346 3.14058 0.0139706 -0.111053
1 30.1396 3.1481 0.0153037 -0.108027
1 31.2444 3.15538 0.0160668 -0.106275
1 32.3494 3.16261 0.021599 -0.102408
1 33.4537 3.16987 0.0262752 -0.100625
1 34.5584 3.17719 0.0339737 -0.0981669
1 35.6637 3.18481 0.0454948 -0.091897
1 36.7696 3.19242 0.0610199 -0.0858164
1 37.878 3.20009 0.0773246 -0.0775375
1 38.9885 3.20823 0.101594 -0.0729656
1 40.1004 3.21596 0.117638 -0.0743607
1 41.2135 3.22123 0.119447 -0.0874741
1 42.3283 3.22401 0.127869 -0.0894367
1 43.4458 3.22708 0.150548 -0.08773
1 0.796485 4.17755 -0.130665 -0.0770276
1 1.91253 4.17689 -0.129926 -0.0932633
1 3.02679 4.17628 -0.126866 -0.0815768
1 4.14011 4.17325 -0.121699 -0.0613481
1 5.25271 4.16757 -0.103056 -0.0559778
1 6.36384 4.16051 -0.0860428 -0.0570538
1 7.47236 4.15334 -0.064846 -0.0602045
1 8.57866 4.14644 -0.0467712 -0.0642973
1 9.68445 4.13953 -0.0329958 -0.0681894
1 10.7889 4.13224 -0.0227171 -0.0680551
1 11.8932 4.12517 -0.016434 -0.070976
1 12.9979 4.11853 -0.0100588 -0.0713214
1 14.1025 4.11142 -0.0127019 -0.0730898
1 15.2075 4.10408 -0.0133429 -0.0754421
1 16.3135 4.09675 -0.0069177 -0.0760325
1 17.4195 4.08943 -0.0069603 -0.0731621
1 18.5252 4.08279 -0.00298462 -0.0666018
1 19.6311 4.07882 -0.00108026 -0.0595637
1 20.7365 4.077 -0.00721625 -0.0491766
1 21.8426 4.07608 -0.00681515 -0.0425127
1 22.9498 4.07679 0.00246949 -0.046521
1 24.0563 4.07861 0.00780337 -0.0540282
1 25.1621 4.08129 0.00720631 -0.0612959
1 26.2678 4.08626 0.0104222 -0.0704624
1 27.3736 4.09301 0.00759023 -0.0743924
1 28.4796 4.10038 0.00487741 -0.0736853
1 29.5849 4.10777 0.0120064 -0.0752438
1 30.6897 4.11484 0.0112814 -0.0729044
1 31.7944 4.12171 0.0123062 -0.0692303
1 32.8992 4.12865 0.0239782 -0.0713485
1 34.0037 4.13558 0.0273776 -0.069608
1 35.1086 4.14277 0.0355138 -0.0646258
1 36.2146 4.15 0.0522108 -0.0601022
1 37.3216 4.15712 0.0716302 -0.0551797
1 38.4312 4.16439 0.090195 -0.0544244
1 39.5433 4.1711 0.106583 -0.0559933
1 40.6565 4.17588 0.119513 -0.0686879
1 41.7703 4.1771 0.116665 -0.0893543
1 42.8849 4.17703 0.118126 -0.0929105
1 44.0093 4.17769 0.12252 -0.0685551
1 0.230606 5.12576 -0.102543 -0.0592632
1 1.35518 5.12894 -0.105491 -0.0803934
1 2.46984 5.13123 -0.11909 -0.0905711
1 3.58365 5.13191 -0.131155 -0.0737522
1 4.69709 5.1288 -0.116276 -0.0522672
1 5.81006 5.12337 -0.0898123 -0.0402716
1 6.92045 5.11703 -0.0745814 -0.0401475
1 8.0277 5.11033 -0.056775 -0.0436227
1 9.13359 5.10343 -0.035509 -0.0432278
1 10.2388 5.09654 -0.0245564 -0.0456598
1 11.3433 5.0896 -0.022776 -0.0480614
1 12.4479 5.08301 -0.0117627 -0.0470256
1 13.5524 5.07617 -0.00887333 -0.045494
1 14.6571 5.06925 -0.0124535 -0.0513052
1 15.7624 5.06226 -0.00417555 -0.0502445
1 16.8682 5.05504 -0.00665105 -0.0463191
1 17.9738 5.04858 -0.00917563 -0.0448288
1 19.079 5.0437 -0.00544232 -0.0365634
1 20.1844 5.04085 -0.00510241 -0.0280743
1 21.2903 5.03947 0.000893458 -0.0231362
1 22.3966 5.03938 0.00350419 -0.0212447
1 23.5024 5.04068 0.00586662 -0.0243163
1 24.6078 5.04273 0.00302753 -0.0309454
1 25.7137 5.04638 -0.00140842 -0.0399524
1 26.8191 5.05197 0.00541379 -0.0470926
1 27.9248 5.05863 0.00871799 -0.0488127
1 29.0303 5.06568 0.00773182 -0.0499876
1 30.1349 5.07267 0.0119241 -0.0479486
1 31.2398 5.07947 0.0135061 -0.0469743
1 32.3448 5.08612 0.016449 -0.0456788
1 33.4489 5.09308 0.021643 -0.046427
1 34.5536 5.09997 0.0303738 -0.0459081
1 35.6592 5.10681 0.045197 -0.0411736
1 36.7653 5.11384 0.0670002 -0.0400907
1 37.8741 5.1205 0.08361 -0.0395692
1 38.9862 5.12637 0.106 -0.0408415
1 40.0995 5.13094 0.134025 -0.0585136
1 41.2135 5.13229 0.137304 -0.084133
1 42.3284 5.13033 0.119283 -0.0866745
1 43.4445 5.12755 0.10522 -0.0671329
1 0.793756 6.07819 -0.0899334 -0.0564209
1 1.91039 6.08317 -0.102577 -0.074225
1 3.02605 6.08705 -0.133678 -0.0832054
1 4.14079 6.08745 -0.143313 -0.0665367
1 5.25448 6.08392 -0.117004 -0.0474537
1 6.36673 6.07866 -0.0870359 -0.0370018
1 7.47627 6.07294 -0.0655965 -0.0310022
1 8.58274 6.06637 -0.0458641 -0.0314709
1 9.68838 6.05952 -0.0335601 -0.0364288
1 10.7931 6.05264 -0.0251604 -0.0336549
1 11.8975 6.04614 -0.0195849 -0.0335999
1 13.0022 6.03945 -0.0122472 -0.0340039
1 14.1067 6.03271 -0.0138667 -0.0358421
1 15.2115 6.02602 -0.00823762 -0.0359842
1 16.3169 6.019 -0.00411606 -0.0359257
1 17.4224 6.01234 -0.00506165 -0.0359871
1 18.5277 6.00697 0.00323613 -0.0268584
1 19.633 6.00337 -0.000192974 -0.0202568
1 20.7376 6.00153 -0.00576972 -0.0175092
1 21.8428 6.0006 -0.00404299 -0.0119171
1 22.949 6.00102 -0.00219703 -0.0126819
1 24.0546 6.00285 0.0046101 -0.0189898
1 25.16 6.00554 0.00628174 -0.0239367
1 26.2653 6.00986 0.00771652 -0.0312417
1 27.3703 6.01576 0.00810161 -0.0352812
1 28.476 6.02249 0.00389486 -0.0362068
1 29.5812 6.02922 0.00719141 -0.0361878
1 30.6856 6.03605 0.00973735 -0.0329682
1 31.7901 6.04283 0.0129962 -0.0335956
1 32.8948 6.0494 0.0203457 -0.0329303
1 33.9991 6.05617 0.0249133 -0.0336358
1 35.1041 6.06317 0.0380554 -0.0355695
1 36.2101 6.06978 0.0558746 -0.0331861
1 37.3179 6.0759 0.0729907 -0.0306314
1 38.4289 6.08134 0.100788 -0.0390592
1 39.542 6.08622 0.130851 -0.0572211
1 40.6561 6.08778 0.140002 -0.0743512
1 41.7716 6.08522 0.112951 -0.0786793
1 42.8874 6.08086 0.0904258 -0.0629989
1 44.0115 6.07542 0.0884572 -0.0471787
1 0.225854 7.02716 -0.0800143 -0.0432609
1 1.34947 7.03301 -0.082186 -0.0518804
1 2.4657 7.03832 -0.102204 -0.0621987
1 3.58269 7.04251 -0.135198 -0.0677601
1 4.69858 7.04244 -0.141577 -0.0592271
1 5.81246 7.03873 -0.112943 -0.0469834
1 6.9234 7.03361 -0.0847166 -0.0335261
1 8.03129 7.02787 -0.0569832 -0.0267831
1 9.13763 7.02183 -0.0356305 -0.0249648
1 10.2428 7.01519 -0.0253041 -0.0273894
1 11.3468 7.00855 -0.0220135 -0.0272603
1 12.4515 7.00203 -0.0112333 -0.0231457
1 13.5559 6.99542 -0.0104117 -0.0257414
1 14.6603 6.9888 -0.0109439 -0.0302316
1 15.7651 6.98191 -0.00183241 -0.0267454
1 16.8708 6.97509 -0.00943347 -0.0264568
1 17.9758 6.96932 -0.00722308 -0.0274117
1 19.0804 6.96501 -0.00311352 -0.0182066
1 20.1857 6.96234 -0.00753531 -0.011734
1 21.2912 6.961 0.00172039 -0.0115995
1 22.3967 6.96067 0.0061564 -0.010911
1 23.5015 6.96189 0.00417015 -0.0112433
1 24.6061 6.96404 -0.000140669 -0.0144494
1 25.7116 6.96732 -0.00256353 -0.0225709
1 26.8166 6.97233 0.00405668 -0.0270989
1 27.9217 6.97852 0.00637758 -0.0274283
1 29.0272 6.98519 0.0101335 -0.0292071
1 30.1316 6.99205 0.0158583 -0.0258703
1 31.2362 6.99884 0.0138776 -0.0235805
1 32.3412 7.00523 0.018723 -0.024341
1 33.4454 7.01196 0.0280646 -0.0260959
1 34.5501 7.01889 0.0347383 -0.0271088
1 35.6561 7.02511 0.0429701 -0.0248791
1 36.7627 7.03085 0.0672921 -0.0293636
1 37.8719 7.03634 0.0945066 -0.0421444
1 38.9843 7.04085 0.12601 -0.0514522
1 40.0994 7.04294 0.144285 -0.0602598
1 41.2163 7.04056 0.12347 -0.0683774
1 42.3333 7.03551 0.093179 -0.0545781
1 43.4506 7.03003 0.083758 -0.0460127
1 0.78568 7.98286 -0.0813677 -0.0349657
1 1.90281 7.98857 -0.0893382 -0.0447805
1 3.02011 7.99405 -0.116032 -0.0552736
1 4.13868 7.99762 -0.138976 -0.0495641
1 5.25568 7.99744 -0.127413 -0.0472377
1 6.36932 7.9943 -0.103867 -0.0425966
1 7.47866 7.98918 -0.0770987 -0.0331668
1 8.58507 7.98349 -0.0484916 -0.0231586
1 9.69126 7.97755 -0.0314193 -0.0185826
1 10.7962 7.97152 -0.0246344 -0.0192335
1 11.9005 7.96491 -0.0184903 -0.018927
1 13.005 7.9582 -0.0112362 -0.0184089
1 14.1095 7.95181 -0.0143828 -0.0198748
1 15.214 7.94497 -0.00925335 -0.0200443
1 16.3191 7.93789 -0.00730655 -0.0238677
1 17.4244 7.93183 -0.00326307 -0.0236975
1 18.5291 7.92686 0.00433356 -0.0159949
1 19.6345 7.92311 -0.00364003 -0.00988154
1 20.7387 7.92131 -0.00259579 -0.00834914
1 21.8426 7.92078 0.000149992 -0.0083852
1 22.9482 7.92093 -0.00328929 -0.00954385
1 24.0537 7.92239 0.00305656 -0.00870966
1 25.1589 7.92531 0.00469105 -0.011906
1 26.2637 7.92942 0.0069107 -0.020991
1 27.3682 7.93483 0.00685012 -0.0223791
1 28.4734 7.94151 0.00375007 -0.0218407
1 29.5784 7.94836 0.0104418 -0.0220093
1 30.6827 7.95492 0.00796227 -0.0177383
1 31.7871 7.9616 0.0128663 -0.018398
1 32.8917 7.96831 0.0227534 -0.0208846
1 33.996 7.97471 0.0223203 -0.016679
1 35.1015 7.98075 0.0350762 -0.0181953
1 36.2078 7.98668 0.0626656 -0.0298475
1 37.3153 7.99199 0.0902495 -0.0375234
1 38.4268 7.99617 0.117447 -0.0445239
1 39.5425 7.99774 0.137994 -0.0486175
1 40.6608 7.99607 0.128456 -0.0500111
1 41.7787 7.99121 0.0924617 -0.047032
1 42.8946 7.98601 0.07542 -0.042691
1 44.0169 7.98101 0.0731898 -0.0407132
1 0.22032 8.93467 -0.0768148 -0.0368363
1 1.34165 8.93933 -0.0715745 -0.0409161
1 2.45706 8.94481 -0.0856649 -0.0441871
1 3.5748 8.94957 -0.11997 -0.0456691
1 4.69436 8.95216 -0.131696 -0.0457633
1 5.81231 8.95247 -0.114131 -0.0419118
1 6.92581 8.95003 -0.0925061 -0.0388802
1 8.03376 8.94552 -0.0681368 -0.0348072
1 9.13965 8.93977 -0.0394665 -0.0232956
1 10.2448 8.9338 -0.0219087 -0.015953
1 11.3495 8.92779 -0.0191456 -0.0147597
1 12.4543 8.92139 -0.0105508 -0.0165498
1 13.5585 8.91476 -0.0113003 -0.0177627
1 14.6627 8.90804 -0.0106319 -0.0182084
1 15.7673 8.90119 -0.00239533 -0.0215411
1 16.8725 8.89477 -0.0107073 -0.0231945
1 17.9768 8.88892 -0.00678552 -0.0183234
1 19.0813 8.88438 -0.00346024 -0.0128774
1 20.1866 8.88165 -0.00292866 -0.00777063
1 21.2915 8.88057 0.00202193 -0.00642855
1 22.3967 8.88063 -0.00137007 -0.00849931
1 23.5011 8.88136 0.00299604 -0.0103353
1 24.6051 8.88309 0.0024759 -0.00837169
1 25.7103 8.88669 -0.00177778 -0.0139291
1 26.8152 8.8919 0.00781655 -0.0226824
1 27.9199 8.89788 0.00682907 -0.022263
1 29.0248 8.9045 0.0102729 -0.0180328
1 30.1294 8.91136 0.0191863 -0.0171737
1 31.2337 8.91815 0.0115491 -0.0176928
1 32.3383 8.92482 0.0131352 -0.0139018
1 33.4428 8.93113 0.0193491 -0.0140314
1 34.5477 8.93694 0.0322787 -0.0213905
1 35.6534 8.94289 0.0545194 -0.0273188
1 36.7599 8.9482 0.082312 -0.0365811
1 37.8705 8.95166 0.103113 -0.0425973
1 38.9866 8.95241 0.123621 -0.042902
1 40.1059 8.95087 0.134034 -0.0445147
1 41.2251 8.94722 0.112757 -0.0470443
1 42.3422 8.94195 0.0885014 -0.040027
1 43.459 8.93705 0.0801292 -0.0303815
1 0.77704 9.89155 -0.07642 -0.0276822
1 1.89318 9.89587 -0.0841243 -0.0385177
1 3.00982 9.90096 -0.110207 -0.0391024
1 4.12903 9.90432 -0.13046 -0.0372616
1 5.24929 9.90662 -0.12131 -0.039011
1 6.36768 9.90744 -0.101142 -0.040175
1 7.48069 9.90611 -0.0797948 -0.0354481
1 8.58838 9.90218 -0.0553999 -0.0301528
1 9.69401 9.89669 -0.0368739 -0.0244381
1 10.7986 9.8906 -0.0255071 -0.0152351
1 11.9029 9.88429 -0.0115209 -0.0122605
1 13.0076 9.87807 -0.00634909 -0.0152585
1 14.1118 9.8715 -0.0165154 -0.0176009
1 15.2158 9.86457 -0.011443 -0.0187445
1 16.3206 9.8579 -0.00723996 -0.0218245
1 17.4254 9.85176 -0.00548337 -0.0192579
1 18.5298 9.84617 -0.00277369 -0.0147356
1 19.635 9.84229 -0.00573509 -0.00941934
1 20.7388 9.84054 0.00212985 -0.00619474
1 21.8427 9.8404 -0.000205465 -0.00743737
1 22.9482 9.84069 -0.0028222 -0.00625136
1 24.0534 9.84153 0.00551765 -0.00668312
1 25.1584 9.8443 0.0017482 -0.0122454
1 26.2627 9.84906 0.00747474 -0.01856
1 27.3669 9.85476 0.0128779 -0.0199984
1 28.4718 9.86113 0.00252585 -0.019784
1 29.5761 9.86788 0.0115183 -0.020213
1 30.68 9.87471 0.0109833 -0.01511
1 31.7845 9.88137 0.00916695 -0.0113291
1 32.8896 9.88769 0.0222392 -0.0151294
1 33.9938 9.8938 0.0284705 -0.0196488
1 35.0987 9.89972 0.0448336 -0.0259822
1 36.2054 9.9046 0.0669311 -0.0346031
1 37.3153 9.90711 0.0838524 -0.0366244
1 38.431 9.90712 0.10873 -0.037997
1 39.5508 9.90556 0.125286 -0.0400717
1 40.6705 9.9027 0.115034 -0.0369347
1 41.7877 9.89848 0.0838125 -0.0392935
1 42.9024 9.89343 0.0712722 -0.035105
1 44.0235 9.88927 0.0862976 -0.0303136
1 0.211626 10.8441 -0.0985052 -0.032045
1 1.33312 10.8483 -0.0750567 -0.0299868
1 2.44752 10.8527 -0.0833061 -0.0341053
1 3.56428 10.8565 -0.111959 -0.0306247
1 4.68382 10.8588 -0.123812 -0.0300048
1 5.80452 10.8607 -0.105189 -0.031637
1 6.92217 10.8623 -0.083217 -0.0323578
1 8.03432 10.8619 -0.0640657 -0.0285627
1 9.14259 10.859 -0.0416811 -0.0232217
1 10.2481 10.8538 -0.0302971 -0.0190977
1 11.3521 10.8475 -0.0256082 -0.0154074
1 12.4562 10.8411 -0.00921017 -0.0123078
1 13.5604 10.8346 -0.00771104 -0.0102909
1 14.6646 10.828 -0.0122959 -0.013218
1 15.7687 10.8213 -0.00600703 -0.0180438
1 16.8733 10.8148 -0.01214 -0.0175444
1 17.9775 10.8086 -0.00939611 -0.0128857
1 19.0819 10.8036 -0.00484329 -0.0101545
1 20.1864 10.8008 -0.00123409 -0.00535845
1 21.2912 10.7999 -0.000238346 -0.00231442
1 22.397 10.8001 -0.00580948 0.000524266
1 23.501 10.8005 0.00331274 -0.00375326
1 24.6048 10.8021 0.00824099 -0.00901325
1 25.71 10.8061 0.00151107 -0.00956079
1 26.8145 10.8118 0.00926917 -0.014813
1 27.9189 10.8179 0.0100763 -0.0199525
1 29.0234 10.8245 0.0107593 -0.0145939
1 30.1274 10.8314 0.0159975 -0.0107875
1 31.2316 10.8378 0.00753591 -0.012251
1 32.336 10.8444 0.0177125 -0.0125766
1 33.44 10.851 0.0308139 -0.0164778
1 34.5446 10.8568 0.0360522 -0.0228674
1 35.6514 10.8608 0.0496001 -0.0238236
1 36.7611 10.8625 0.0722405 -0.0292367
1 37.876 10.8616 0.0964338 -0.0345885
1 38.9958 10.8596 0.119075 -0.0291488
1 40.1166 10.8576 0.126412 -0.0277756
1 41.2353 10.855 0.107645 -0.0328683
1 42.3516 10.8506 0.0802538 -0.0323576
1 43.4671 10.8463 0.0747932 -0.027787
1 0.76867 11.802 -0.0780487 -0.0295338
1 1.88416 11.806 -0.0783809 -0.0291335
1 2.99984 11.8099 -0.104772 -0.0302664
1 4.11823 11.8122 -0.125587 -0.0207658
1 5.23877 11.8134 -0.115848 -0.0245581
1 6.35887 11.8157 -0.0929802 -0.0323968
1 7.4755 11.8178 -0.0712368 -0.0286612
1 8.58718 11.8181 -0.0451687 -0.0230284
1 9.69572 11.816 -0.0314329 -0.0191169
1 10.8016 11.8113 -0.029024 -0.0171788
1 11.9054 11.8052 -0.0230298 -0.0173197
1 13.0093 11.7984 -0.0163441 -0.015999
1 14.1132 11.7915 -0.0183428 -0.0124151
1 15.2171 11.785 -0.010272 -0.0137031
1 16.3215 11.7786 -0.00841886 -0.0172092
1 17.426 11.7721 -0.00911736 -0.0164445
1 18.5303 11.766 -0.0023646 -0.0124595
1 19.635 11.762 -0.00660715 -0.0081129
1 20.7385 11.7602 -0.00252328 -0.00361331
1 21.8429 11.7598 0.00329585 0.000492054
1 22.9485 11.7601 0.00139914 0.00199098
1 24.0533 11.7613 0.000302084 -0.00569527
1 25.158 11.7641 0.000552226 -0.0127917
1 26.262 11.7689 0.0132536 -0.0128304
1 27.3661 11.7753 0.0178654 -0.015145
1 28.471 11.7819 0.0033166 -0.0174276
1 29.5751 11.7881 0.0117874 -0.0137661
1 30.6788 11.7948 0.0155783 -0.0118363
1 31.7825 11.802 0.0146682 -0.0162045
1 32.8864 11.8085 0.0270895 -0.0196587
1 33.9909 11.8141 0.0272957 -0.0156329
1 35.0981 11.8176 0.0355366 -0.0209101
1 36.2082 11.8181 0.058912 -0.0290319
1 37.3222 11.8167 0.0835382 -0.0300872
1 38.441 11.8143 0.105755 -0.028011
1 39.5617 11.8127 0.123307 -0.0220577
1 40.681 11.8113 0.11312 -0.0221839
1 41.7975 11.8081 0.0849336 -0.0285602
1 42.9116 11.8044 0.0782651 -0.030515
1 44.0329 11.7992 0.105615 -0.0376366
1 0.202606 12.7552 -0.108952 -0.0399261
1 1.32394 12.7601 -0.0813578 -0.0344878
1 2.43808 12.7636 -0.0841018 -0.0263063
1 3.55399 12.7663 -0.114118 -0.0186988
1 4.67305 12.7673 -0.124838 -0.0138746
1 5.79357 12.7685 -0.106497 -0.0201574
1 6.91267 12.7707 -0.0846512 -0.0271383
1 8.02783 12.7732 -0.0622022 -0.0278157
1 9.13976 12.7743 -0.0359452 -0.018297
1 10.2486 12.7725 -0.0202331 -0.0141682
1 11.3544 12.7687 -0.0212031 -0.0156098
1 12.4589 12.7629 -0.0192616 -0.0149039
1 13.5624 12.7557 -0.0194238 -0.0170904
1 14.6653 12.7487 -0.0158991 -0.0188665
1 15.7689 12.7422 -0.00625279 -0.0146643
1 16.8738 12.7356 -0.0141212 -0.011887
1 17.9782 12.7293 -0.010185 -0.0142558
1 19.0821 12.7241 -0.00353831 -0.0133735
1 20.1863 12.721 -0.00378213 -0.00613596
1 21.291 12.7197 -0.000634543 0.00208435
1 22.3968 12.7196 -0.00339013 0.00498268
1 23.5013 12.7203 0.00127079 -0.00160097
1 24.6051 12.7227 0.00941616 -0.00924389
1 25.7097 12.7268 0.00473516 -0.0129593
1 26.8135 12.7325 0.00642696 -0.0139434
1 27.9184 12.7388 0.00878553 -0.0141676
1 29.023 12.7454 0.0154655 -0.0147153
1 30.126 12.7521 0.0260259 -0.0181442
1 31.2293 12.7592 0.0203773 -0.0175099
1 32.3335 12.766 0.0224603 -0.0136253
1 33.4386 12.7711 0.0233866 -0.0137451
1 34.5462 12.7738 0.0278555 -0.0181999
1 35.6567 12.774 0.0454395 -0.0238394
1 36.7696 12.772 0.0703444 -0.0272856
1 37.8867 12.7695 0.091929 -0.0247756
1 39.0067 12.7677 0.111044 -0.0159769
1 40.1267 12.767 0.123451 -0.0139635
1 41.245 12.7652 0.106972 -0.0252216
1 42.3608 12.7619 0.0825306 -0.029037
1 43.4771 12.7576 0.0835404 -0.0381661
1 0.758502 13.7129 -0.0832 -0.0423462
1 1.87475 13.7175 -0.0840188 -0.0331279
1 2.99044 13.7207 -0.105149 -0.0241526
1 4.10842 13.7222 -0.124958 -0.0124221
1 5.22797 13.7226 -0.111451 -0.0120683
1 6.34753 13.7236 -0.0929293 -0.0190869
1 7.46505 13.7259 -0.0750743 -0.0254386
1 8.57906 13.7286 -0.0492194 -0.0250281
1 9.69083 13.7299 -0.0292222 -0.019914
1 10.7998 13.7289 -0.0194705 -0.012932
1 11.9065 13.7253 -0.0156071 -0.00884148
1 13.0116 13.7197 -0.0146568 -0.014914
1 14.1149 13.7133 -0.0249838 -0.0200647
1 15.2177 13.7062 -0.0221349 -0.0194372
1 16.3218 13.699 -0.0146841 -0.0157469
1 17.4262 13.6924 -0.00695342 -0.0136346
1 18.5305 13.6868 0.00139942 -0.0145634
1 19.635 13.6826 -0.00855873 -0.0128862
1 20.7384 13.6799 -0.00578302 -0.00190233
1 21.8428 13.6787 0.00337185 0.00637755
1 22.9488 13.6792 0.00170953 0.00203989
1 24.0536 13.6815 0.00274375 -0.00731354
1 25.1576 13.6848 0.00325392 -0.0129298
1 26.2617 13.6895 0.009147 -0.0130606
1 27.3661 13.6957 0.0147967 -0.0143554
1 28.4706 13.7026 0.0123575 -0.0186151
1 29.5735 13.7096 0.0229876 -0.0208059
1 30.6764 13.7164 0.0186505 -0.0170708
1 31.7807 13.7227 0.0121971 -0.0124759
1 32.8868 13.7272 0.0198888 -0.0123061
1 33.9945 13.7296 0.0215286 -0.0145798
1 35.1049 13.7296 0.037265 -0.0216386
1 36.2179 13.7273 0.0632905 -0.0279925
1 37.3333 13.7246 0.0827722 -0.0225296
1 38.4519 13.7229 0.10126 -0.0153019
1 39.5718 13.7223 0.121637 -0.0130997
1 40.6907 13.7217 0.115621 -0.0177697
1 41.8066 13.7192 0.0849464 -0.029679
1 42.9208 13.7152 0.0820262 -0.0391663
1 44.042 13.7106 0.106374 -0.048243
1 0.192174 14.6644 -0.106523 -0.0504706
1 1.31405 14.6703 -0.080507 -0.0394508
1 2.42868 14.675 -0.0833364 -0.0269256
1 3.54472 14.6773 -0.111238 -0.0125734
1 4.66339 14.6784 -0.118816 -0.00809267
1 5.78308 14.6788 -0.100678 -0.00535486
1 6.90132 14.6795 -0.0803545 -0.0134352
1 8.01659 14.6818 -0.0623592 -0.0225442
1 9.13012 14.6846 -0.041371 -0.0202528
1 10.2417 14.6859 -0.0234682 -0.0134104
1 11.3508 14.685 -0.0149536 -0.00846569
1 12.4582 14.6818 -0.00542045 -0.00420951
1 13.5635 14.6771 -0.0114251 -0.00739346
1 14.6673 14.6711 -0.0200645 -0.0136479
1 15.7706 14.6639 -0.0163299 -0.0145843
1 16.8746 14.6564 -0.0222041 -0.0133424
1 17.978 14.6502 -0.0120645 -0.0145589
1 19.0817 14.6454 -0.000577698 -0.0102902
1 20.1861 14.6416 -0.00334157 -0.0015996
1 21.291 14.6388 -0.00349936 0.00618618
1 22.3967 14.6384 -0.00291403 0.00797996
1 23.5014 14.6402 0.00702126 0.00400295
1 24.6054 14.6436 0.00898951 -0.00408723
1 25.7099 14.6478 -0.00150457 -0.0124495
1 26.8134 14.6533 0.00993355 -0.0156675
1 27.9173 14.6601 0.0229368 -0.0138469
1 29.0211 14.6676 0.0242887 -0.0125828
1 30.1243 14.6743 0.0189441 -0.0116988
1 31.2289 14.6795 0.00602873 -0.00696214
1 32.3355 14.6835 0.0106745 -0.00485565
1 33.4436 14.6856 0.0196513 -0.0125115
1 34.554 14.6851 0.0329656 -0.0191055
1 35.6668 14.6831 0.0542995 -0.0206473
1 36.7809 14.6805 0.0725645 -0.0184931
1 37.8976 14.6788 0.0905245 -0.0112213
1 39.0168 14.6785 0.111069 -0.00474439
1 40.1363 14.678 0.124071 -0.00859059
1 41.2543 14.6765 0.109085 -0.0198386
1 42.3705 14.6727 0.0879057 -0.0347649
1 43.487 14.6676 0.0837333 -0.0434878
1 0.74729 15.6223 -0.0830575 -0.0413368
1 1.86387 15.628 -0.0851738 -0.0347832
1 2.98056 15.6322 -0.109498 -0.0221552
1 4.09883 15.6338 -0.128191 -0.0103353
1 5.21861 15.6345 -0.114221 -0.00518751
1 6.33745 15.6348 -0.089392 -0.00835856
1 7.4538 15.6356 -0.073512 -0.013678
1 8.56786 15.6374 -0.0528603 -0.0209234
1 9.68079 15.6401 -0.0350177 -0.0243474
1 10.7919 15.6416 -0.0232691 -0.0158461
1 11.9013 15.6407 -0.0101939 -0.0071596
1 13.0091 15.6381 -0.00135311 -0.00532048
1 14.1148 15.6342 -0.0136738 -0.00306801
1 15.2196 15.6282 -0.0192249 -0.00457663
1 16.3241 15.6213 -0.0179348 -0.0150173
1 17.4274 15.6148 -0.0138284 -0.0211954
1 18.5302 15.6089 -0.00581112 -0.0162671
1 19.6342 15.6037 -0.0121184 -0.00618125
1 20.7382 15.5998 -0.00676308 0.00164973
1 21.8428 15.5979 0.00273012 0.00508446
1 22.9486 15.5985 0.00276613 0.00526081
1 24.0538 15.6016 0.00655439 0.000515843
1 25.1583 15.6064 0.00711951 -0.0113924
1 26.2617 15.6119 0.015882 -0.0204108
1 27.3644 15.6181 0.0225306 -0.0174784
1 28.4681 15.6248 0.0144835 -0.00949935
1 29.5726 15.6313 0.0145286 -0.00442559
1 30.678 15.6364 0.0039668 -0.00380535
1 31.7846 15.6396 0.0010268 -0.00683317
1 32.8933 15.6412 0.0178312 -0.0127289
1 34.0036 15.6408 0.0269153 -0.0209569
1 35.1156 15.6385 0.0421811 -0.0245276
1 36.2292 15.636 0.0620662 -0.0183385
1 37.344 15.6349 0.0767601 -0.00822953
1 38.4615 15.6347 0.0964276 -0.00407248
1 39.5811 15.6345 0.118172 -0.0074425
1 40.6997 15.6334 0.109252 -0.0158303
1 41.816 15.6305 0.0856609 -0.0303182
1 42.9311 15.6252 0.0796839 -0.0381526
1 44.0535 15.6182 0.102313 -0.0424441
1 0.181004 16.574 -0.107563 -0.0371638
1 1.30345 16.5804 -0.0860834 -0.0345769
1 2.41871 16.5858 -0.0906909 -0.0270303
1 3.53554 16.5891 -0.113247 -0.0150983
1 4.65446 16.5903 -0.120694 -0.00830643
1 5.77409 16.5908 -0.100129 -0.00657523
1 6.89155 16.5908 -0.0781898 -0.00567885
1 8.00585 16.5911 -0.0587966 -0.0160906
1 9.11874 16.593 -0.041631 -0.0253567
1 10.2311 16.5953 -0.0321745 -0.0244482
1 11.3421 16.5966 -0.0202334 -0.0217667
1 12.4515 16.5965 -0.00181082 -0.0128295
1 13.5593 16.5943 -0.00455531 -0.000899308
1 14.6661 16.59 -0.0108054 0.000768646
1 15.7716 16.5848 -0.00305548 -0.00709309
1 16.8761 16.5795 -0.0141758 -0.0169718
1 17.9791 16.5736 -0.0187851 -0.0208742
1 19.0821 16.5674 -0.015372 -0.0159209
1 20.186 16.5617 -0.0139812 -0.00820171
1 21.2909 16.5579 -0.00645662 -0.000783614
1 22.3967 16.557 -0.00203557 0.00192289
1 23.5015 16.5593 0.0129399 -0.00305778
1 24.6053 16.5643 0.020494 -0.0116681
1 25.7091 16.5706 0.0110846 -0.0180116
1 26.8119 16.5768 0.0131119 -0.0199391
1 27.9156 16.5821 0.0116828 -0.0126677
1 29.0209 16.5874 0.0101061 -0.00227752
1 30.127 16.5924 0.0114623 0.000233869
1 31.2345 16.5955 0.00432754 -0.00654965
1 32.3434 16.5967 0.0129165 -0.0157989
1 33.4537 16.5961 0.0271233 -0.0238096
1 34.5656 16.594 0.0355962 -0.026993
1 35.678 16.5916 0.0469565 -0.0207074
1 36.7908 16.5906 0.0658046 -0.00858241
1 37.9065 16.5908 0.0880754 -0.00470622
1 39.0256 16.5908 0.112533 -0.00564095
1 40.1455 16.5901 0.127152 -0.00978742
1 41.2644 16.5879 0.112307 -0.0222406
1 42.3817 16.5834 0.0842887 -0.0305296
1 43.4986 16.5766 0.0791483 -0.0365435
1 0.737332 17.5326 -0.0838677 -0.029541
1 1.85393 17.5392 -0.0880929 -0.0240496
1 2.97089 17.5439 -0.112126 -0.016187
1 4.0899 17.5464 -0.130949 -0.000879619
1 5.2102 17.547 -0.116167 0.00305942
1 6.32929 17.5474 -0.0888227 0.00132267
1 7.44469 17.5472 -0.0638029 -9.7107e-05
1 8.55705 17.5473 -0.0441979 -0.00792102
1 9.66921 17.5486 -0.0358335 -0.018441
1 10.7808 17.5508 -0.029629 -0.0215742
1 11.8915 17.5525 -0.0188118 -0.0152771
1 13.0016 17.5522 -0.00876984 -0.00322026
1 14.1102 17.5498 -0.0105642 0.00558368
1 15.2171 17.5462 -0.00531085 0.00600097
1 16.3232 17.5424 -0.00134949 -0.00105381
1 17.4281 17.538 -0.00415379 -0.00620332
1 18.5319 17.5322 -0.00990098 -0.0074457
1 19.636 17.5256 -0.0278001 -0.0061384
1 20.7393 17.5198 -0.0221435 -0.00312835
1 21.8429 17.5168 -4.16604e-06 -0.00119741
1 22.9479 17.5177 0.0129705 -0.00241701
1 24.0524 17.5224 0.0225236 -0.00440515
1 25.1566 17.5289 0.0177178 -0.00561876
1 26.2603 17.5352 0.0141749 -0.00587137
1 27.3643 17.5403 0.00673518 -0.00321411
1 28.4697 17.5444 -0.0046952 0.000721864
1 29.5761 17.548 0.00602278 0.00565841
1 30.6839 17.5511 0.00863537 0.00346431
1 31.7931 17.5525 0.00975295 -0.00915301
1 32.9038 17.5515 0.0254485 -0.01938
1 34.0151 17.5496 0.0329862 -0.0180943
1 35.127 17.5478 0.0380283 -0.0132636
1 36.2388 17.547 0.051272 -0.00415164
1 37.3523 17.5473 0.0753233 0.0027661
1 38.4698 17.5474 0.102783 0.00190164
1 39.59 17.5468 0.126284 0.000241471
1 40.7097 17.5454 0.120158 -0.00802039
1 41.8272 17.5416 0.0921225 -0.0170945
1 42.9425 17.5362 0.0831205 -0.0271468
1 44.0638 17.5294 0.105941 -0.0320395
1 0.173317 18.4864 -0.106589 -0.0224228
1 1.29356 18.4932 -0.0823516 -0.0217063
1 2.40816 18.4986 -0.0919763 -0.0172006
1 3.52547 18.502 -0.125406 -0.0100377
1 4.6458 18.5034 -0.131618 -0.00354814
1 5.7663 18.504 -0.109523 -0.000338839
1 6.88404 18.5042 -0.079692 0.000533216
1 7.9973 18.5039 -0.0509278 -0.00201115
1 9.10856 18.5035 -0.0327618 -0.00857063
1 10.2198 18.5043 -0.0315576 -0.0168936
1 11.3309 18.5062 -0.029944 -0.0231355
1 12.4419 18.5077 -0.0149295 -0.0163664
1 13.5521 18.5073 -0.0106051 -0.00546925
1 14.6607 18.5054 -0.00682575 -0.00155923
1 15.7676 18.5031 0.00724881 -0.000650559
1 16.8737 18.5002 -0.00147513 -0.000339503
1 17.9791 18.4956 -0.00962927 0.000632988
1 19.0842 18.4897 -0.0157369 -0.00169766
1 20.189 18.4834 -0.0208607 -0.00907162
1 21.2927 18.4789 -0.0122035 -0.0173261
1 22.396 18.4779 -0.00234354 -0.0191934
1 23.4988 18.4808 0.0194164 -0.013733
1 24.6024 18.4862 0.0273029 -0.00465237
1 25.7078 18.4926 0.00861125 0.00192425
1 26.813 18.498 0.000583776 0.000432337
1 27.919 18.5017 -0.00170967 -0.00163444
1 29.0258 18.5043 0.00272255 -0.000262914
1 30.1333 18.5065 0.0132644 -0.00228004
1 31.2427 18.5077 0.014157 -0.00959007
1 32.3537 18.5071 0.0242013 -0.0202093
1 33.4649 18.5051 0.0315118 -0.0213032
1 34.5761 18.5036 0.0327526 -0.0121754
1 35.6874 18.5036 0.0402363 -0.00240367
1 36.799 18.5041 0.0627828 -0.00116032
1 37.9144 18.5041 0.0914058 -0.00207156
1 39.0337 18.5037 0.117693 -0.000298802
1 40.1544 18.5029 0.135161 -0.00552203
1 41.2743 18.5004 0.118208 -0.0164165
1 42.3917 18.4959 0.0918527 -0.0207474
1 43.5087 18.4897 0.0841102 -0.0221935
1 0.727443 19.4475 -0.0797652 -0.018712
1 1.84358 19.4532 -0.0900884 -0.015676
1 2.96071 19.4571 -0.118218 -0.0101127
1 4.08071 19.4592 -0.138544 -0.00654551
1 5.20194 19.4602 -0.12331 -0.00140323
1 6.32165 19.4606 -0.0954882 -0.00400196
1 7.4373 19.4612 -0.0659704 -0.00281465
1 8.54919 19.4605 -0.0392518 0.00191122
1 9.66 19.4594 -0.027345 -0.00461054
1 10.7703 19.4599 -0.0279513 -0.0152791
1 11.8812 19.4615 -0.027128 -0.0187799
1 12.9927 19.4625 -0.0184798 -0.0145244
1 14.1026 19.4626 -0.0132918 -0.0109449
1 15.2105 19.4619 -0.00320979 -0.00723865
1 16.3179 19.4602 -8.25243e-06 -0.000532924
1 17.4252 19.4567 -0.00318335 0.00721051
1 18.5319 19.4517 -0.00423893 0.00739642
1 19.6381 19.4464 -0.0160574 -0.00381438
1 20.7415 19.4424 -0.0102584 -0.0191689
1 21.8436 19.4404 0.002918 -0.02867
1 22.9464 19.441 0.00463301 -0.024739
1 24.0498 19.4441 0.00962578 -0.0106659
1 25.1551 19.4488 0.00824202 0.00310859
1 26.2615 19.454 0.00946132 0.00853056
1 27.3684 19.4585 0.00467027 0.0049004
1 28.4757 19.4612 -0.00422813 -0.00338153
1 29.5832 19.4623 0.00919141 -0.00865612
1 30.6921 19.4626 0.0150166 -0.0117862
1 31.8029 19.4622 0.0185767 -0.018175
1 32.9143 19.4606 0.028798 -0.0191163
1 34.0247 19.4593 0.0260675 -0.00899049
1 35.135 19.4597 0.0292196 -0.000278992
1 36.2461 19.4608 0.0502145 -0.000606226
1 37.3595 19.4608 0.0799042 -0.0040053
1 38.4773 19.4603 0.110739 -0.00146535
1 39.5982 19.4597 0.136497 -0.00411479
1 40.719 19.4581 0.129734 -0.00828622
1 41.8365 19.4552 0.0948914 -0.0145226
1 42.9509 19.4505 0.0835108 -0.016501
1 44.0698 19.4456 0.105574 -0.0177409
1 0.16521 20.4032 -0.104343 -0.0164519
1 1.28439 20.4086 -0.0793861 -0.0110913
1 2.39867 20.4125 -0.0916891 -0.00845434
1 3.5164 20.4146 -0.126401 -0.00263859
1 4.63742 20.4159 -0.13445 -0.000922976
1 5.75862 20.4167 -0.108891 0.000488734
1 6.87663 20.4175 -0.0826703 0.000946074
1 7.99074 20.4177 -0.0555239 0.00518754
1 9.10217 20.4166 -0.0268156 0.00722538
1 10.2119 20.4155 -0.0196449 0.00364325
1 11.3218 20.4155 -0.0258129 -0.00454898
1 12.4328 20.4166 -0.0181757 -0.00910605
1 13.5433 20.418 -0.0139558 -0.0117085
1 14.6524 20.4189 -0.0108767 -0.00951504
1 15.7608 20.4185 -0.00197375 0.00176518
1 16.8693 20.416 -0.0110415 0.01358
1 17.977 20.4119 -0.00826968 0.0165808
1 19.0836 20.4079 0.00113415 0.00799779
1 20.1889 20.4049 0.00227717 -0.00554528
1 21.2927 20.4033 0.00137324 -0.0170261
1 22.3961 20.403 -0.00663222 -0.0195561
1 23.4988 20.4037 -0.000602527 -0.0114168
1 24.6026 20.4059 0.00436816 0.00176022
1 25.709 20.4096 -0.00274073 0.0133979
1 26.8162 20.4139 0.00536449 0.0163639
1 27.9246 20.4174 0.0101434 0.00887378
1 29.0333 20.4189 0.0106514 -0.00288957
1 30.1418 20.4185 0.016385 -0.0122485
1 31.2517 20.4172 0.0177147 -0.0123226
1 32.363 20.416 0.0254155 -0.00759137
1 33.4733 20.4153 0.0231022 -0.000586377
1 34.5828 20.4159 0.0216994 0.00694912
1 35.6933 20.4172 0.0391047 0.00782344
1 36.8055 20.4177 0.0681627 0.00126571
1 37.9214 20.4169 0.0970228 -0.0015115
1 39.0413 20.4161 0.127679 0.000803792
1 40.1632 20.415 0.14437 -0.00179838
1 41.2835 20.4134 0.123692 -0.00529737
1 42.4008 20.4105 0.0926911 -0.00951178
1 43.5171 20.4068 0.081809 -0.0122901
1 0.717371 21.3657 -0.081758 -0.00757178
1 1.83382 21.3691 -0.0891554 -0.00385067
1 2.95158 21.3712 -0.12159 -0.00384717
1 4.07221 21.3722 -0.143755 -0.0033901
1 5.19449 21.373 -0.12748 -0.00578752
1 6.31489 21.3739 -0.0998516 -0.00658484
1 7.43147 21.3744 -0.0723004 -0.00382832
1 8.5444 21.3742 -0.0417056 -0.00147333
1 9.65517 21.3732 -0.0216823 0.00309613
1 10.7645 21.3718 -0.0180127 0.0015979
1 11.8741 21.3715 -0.0174401 -0.00939791
1 12.9844 21.3729 -0.0124801 -0.0193064
1 14.0939 21.3749 -0.0177542 -0.0190136
1 15.2031 21.3757 -0.0172651 -0.00836301
1 16.3129 21.3742 -0.0131094 0.00287414
1 17.4219 21.3712 -0.00531197 0.00702709
1 18.529 21.3682 0.00615666 0.00287272
1 19.6353 21.3661 -0.000857296 -0.00569852
1 20.7394 21.3652 0.00196292 -0.0123983
1 21.8431 21.3648 0.00631016 -0.0161062
1 22.9478 21.3648 -0.00241683 -0.0151323
1 24.0525 21.3653 -0.00619963 -0.00980975
1 25.158 21.3668 -0.00708765 -0.000760875
1 26.2645 21.3695 0.00521514 0.00709994
1 27.3724 21.3728 0.0143427 0.00727077
1 28.4818 21.3751 0.010835 -0.00204228
1 29.5914 21.3754 0.0177048 -0.0156761
1 30.7008 21.3739 0.0127262 -0.0215024
1 31.8106 21.3719 0.0112309 -0.0155805
1 32.9206 21.3714 0.0209057 -0.00250741
1 34.0298 21.3725 0.018619 0.0045625
1 35.1396 21.3739 0.0281827 -0.000721379
1 36.2514 21.3742 0.0567727 -0.00363452
1 37.3661 21.3741 0.0862182 -0.00417928
1 38.4845 21.3734 0.111314 -0.00627555
1 39.6059 21.3724 0.134935 -0.00658666
1 40.7266 21.3715 0.124517 -0.005095
1 41.8443 21.37 0.0927022 -0.00483534
1 42.9589 21.3676 0.0802556 -0.00379282
1 44.0785 21.3632 0.101928 -0.00992783
1 0.155926 22.3234 -0.103911 -0.0075291
1 1.27624 22.3261 -0.0852501 -0.00387091
1 2.39153 22.3274 -0.092445 -0.00190828
1 3.50948 22.3282 -0.123745 -0.0022177
1 4.6306 22.3286 -0.135166 -0.00360103
1 5.75248 22.3295 -0.113785 -0.00544524
1 6.87168 22.33 -0.088316 -0.00225947
1 7.9867 22.3301 -0.0609027 -0.0022454
1 9.09911 22.3301 -0.0317202 0.00141397
1 10.2095 22.3289 -0.0163414 0.0080771
1 11.3184 22.3276 -0.0100862 0.00195212
1 12.427 22.328 -0.000772269 -0.0103005
1 13.5359 22.3297 -0.0104548 -0.0148073
1 14.6456 22.3311 -0.0201856 -0.00846886
1 15.7557 22.3307 -0.0117469 0.00109974
1 16.8654 22.329 -0.0134377 0.00557417
1 17.9733 22.3271 -0.00497283 0.00374486
1 19.0798 22.3257 0.00527125 -0.000633965
1 20.1857 22.3251 0.00378984 -0.00382728
1 21.291 22.3249 0.000419183 -0.00562991
1 22.3967 22.3248 -0.00666957 -0.0063848
1 23.5015 22.3249 -0.000416158 -0.00559461
1 24.6065 22.3252 0.00177039 -0.00304021
1 25.7129 22.3262 -0.00746235 0.00156389
1 26.8197 22.3279 0.00422833 0.00534793
1 27.9288 22.3298 0.0165155 0.00390119
1 29.0393 22.3309 0.0219333 -0.00337973
1 30.1493 22.3304 0.020271 -0.0125554
1 31.2586 22.3287 0.0067773 -0.0140527
1 32.3676 22.3275 0.00723567 -0.00361224
1 33.476 22.3281 0.0130125 0.00615733
1 34.5855 22.3297 0.0245187 0.00494936
1 35.6971 22.3302 0.0453572 -0.00175807
1 36.8103 22.33 0.0736464 -0.00106533
1 37.9272 22.3298 0.100657 -0.0023284
1 39.0479 22.3291 0.126084 -0.00454707
1 40.1697 22.3285 0.140012 -0.0029982
1 41.2901 22.3279 0.120709 -0.00408193
1 42.408 22.3268 0.0898728 -0.00190678
1 43.5251 22.3247 0.0806552 -0.00503256
1 0.712273 23.2841 -0.0838479 -0.00320939
1 1.82982 23.2844 -0.0918617 -0.000538224
1 2.94786 23.2847 -0.116169 -0.00161671
1 4.0683 23.2849 -0.136466 0.00108021
1 5.19007 23.2852 -0.124128 -5.58123e-05
1 6.31112 23.2856 -0.10209 0.00133653
1 7.42851 23.2856 -0.0758169 0.00262659
1 8.54223 23.2857 -0.0492119 0.00221494
1 9.65432 23.2855 -0.0269392 0.00616802
1 10.7639 23.2849 -0.00971048 0.00659879
1 11.8717 23.2846 -4.11058e-05 0.00188249
1 12.98 23.2852 -0.00140505 -0.0025669
1 14.0891 23.2859 -0.0173672 -0.00176736
1 15.1991 23.2862 -0.0204922 0.0027228
1 16.3096 23.2858 -0.014283 0.00546093
1 17.4188 23.2851 -0.00529779 0.00583255
1 18.5259 23.2845 0.00457671 0.00472786
1 19.6325 23.2841 -0.00529863 0.00323554
1 20.7376 23.2839 -0.00272153 0.00261988
1 21.8427 23.284 0.00516228 0.00225689
1 22.949 23.284 0.0010859 0.00248225
1 24.055 23.2841 -0.000561749 0.00244791
1 25.1612 23.2842 -0.00305765 0.00285923
1 26.2678 23.2845 0.00555044 0.00416394
1 27.3755 23.2851 0.0130881 0.00507599
1 28.4853 23.2857 0.0123462 0.00448955
1 29.5959 23.2859 0.0207507 0.00149617
1 30.7057 23.2855 0.00832315 -0.000805352
1 31.8141 23.2849 -0.00500108 0.000258804
1 32.922 23.2847 0.005392 0.00375907
1 34.0305 23.2852 0.0165691 0.006231
1 35.1413 23.2857 0.0363188 0.00340821
1 36.2541 23.2857 0.0620203 0.00230164
1 37.3693 23.2856 0.0903325 0.00259268
1 38.4887 23.2854 0.115917 0.000405449
1 39.6105 23.285 0.135846 0.00169096
1 40.7317 23.285 0.126295 0.00128845
1 41.8498 23.2847 0.0928885 -0.000366199
1 42.9655 23.2842 0.0841729 -0.00211205
1 44.086 23.2829 0.103496 -0.00331652
1 0.153969 24.244 -0.10517 0.00431315
1 1.27458 24.2427 -0.0842399 0.00273426
1 2.3902 24.2422 -0.0920675 -0.000123839
1 3.50823 24.242 -0.125676 -0.00115055
1 4.62935 24.242 -0.13503 -0.00141994
1 5.75125 24.2417 -0.115998 -1.28479e-05
1 6.87076 24.2415 -0.0909117 -0.00202279
1 7.98601 24.2414 -0.0630229 -0.00172515
1 9.09886 24.2414 -0.0353138 -0.00278206
1 10.2096 24.2419 -0.0161915 -0.00600871
1 11.3181 24.2424 -0.0046131 -0.00378115
1 12.4259 24.2423 0.00447785 0.000174892
1 13.5343 24.2417 -0.00862159 0.00108404
1 14.6441 24.2413 -0.0200677 -0.00103034
1 15.7544 24.2415 -0.0116044 -0.00365444
1 16.8643 24.2421 -0.0135011 -0.00402793
1 17.9721 24.2427 -0.00601806 -0.00312421
1 19.0787 24.2429 0.00274274 -0.00176321
1 20.1848 24.243 0.000901182 -0.00136022
1 21.2907 24.2431 -0.00083326 -0.00134401
1 22.3969 24.2432 -0.00561377 -0.00106452
1 23.5022 24.2432 0.0023306 -0.00150271
1 24.6076 24.2431 0.00531152 -0.0020945
1 25.7142 24.2427 -0.00490967 -0.0036132
1 26.8212 24.2421 0.00481474 -0.00485309
1 27.9303 24.2414 0.0156059 -0.00442694
1 29.0408 24.2411 0.0209644 -0.00192248
1 30.1509 24.2413 0.0189619 0.00206689
1 31.2601 24.242 0.00264229 0.0029768
1 32.3684 24.2425 0.000408093 -0.00131397
1 33.4763 24.2423 0.00891741 -0.00655048
1 34.5859 24.2416 0.0266456 -0.0059201
1 35.6979 24.2414 0.0482254 -0.0018107
1 36.8114 24.2415 0.0748582 -0.00195578
1 37.9286 24.2416 0.101149 -0.000985808
1 39.0496 24.2419 0.123157 0.000364975
1 40.1715 24.2421 0.136277 -0.00070222
1 41.292 24.2423 0.117328 0.00133023
1 42.4102 24.2424 0.0920689 0.000664181
1 43.5281 24.2427 0.0850631 0.00350199
1 0.715195 25.2023 -0.0797413 0.00627573
1 1.83204 25.2001 -0.0892545 0.00154048
1 2.94976 25.1992 -0.119697 0.00368122
1 4.07006 25.1986 -0.140507 0.00210214
1 5.1919 25.1981 -0.127231 0.00481845
1 6.31267 25.1974 -0.101917 0.00271174
1 7.42971 25.1972 -0.0749256 0.00146634
1 8.54316 25.197 -0.0462369 0.00231579
1 9.65474 25.1975 -0.0248644 -0.0043879
1 10.7642 25.1991 -0.0137177 -0.00564229
1 11.8726 25.1997 -0.00666461 0.00426526
1 12.9814 25.1985 -0.00618504 0.0144596
1 14.0907 25.1968 -0.0187809 0.0129611
1 15.2006 25.1964 -0.0212254 0.00417604
1 16.311 25.1975 -0.0150612 -0.00284433
1 17.4202 25.1994 -0.00463948 -0.00416587
1 18.5272 25.2011 0.00709449 -0.000485763
1 19.6335 25.202 -0.00153109 0.0040872
1 20.7383 25.2024 0.000302075 0.0068507
1 21.843 25.2024 0.00604894 0.00748507
1 22.9487 25.2024 -0.000322287 0.00661811
1 24.0542 25.2021 -0.0033991 0.00487347
1 25.1601 25.2015 -0.0055597 0.00172591
1 26.2666 25.2001 0.00447658 -0.00265979
1 27.3744 25.1982 0.0131115 -0.00448455
1 28.4841 25.1966 0.0122948 0.000112315
1 29.5943 25.1962 0.0205026 0.00917616
1 30.704 25.1975 0.0104796 0.0152154
1 31.8129 25.1993 0.000448507 0.0110798
1 32.9218 25.1997 0.0108741 -0.00102787
1 34.0306 25.1984 0.0172363 -0.00753573
1 35.141 25.1971 0.0321709 -0.00124632
1 36.2533 25.1971 0.0597419 0.00254277
1 37.3683 25.1973 0.0874169 0.00213192
1 38.4874 25.1977 0.113559 0.00551426
1 39.6093 25.1986 0.135412 0.00351279
1 40.7304 25.1989 0.124571 0.00146361
1 41.8484 25.1997 0.0932941 0.00191272
1 42.9636 25.2008 0.085248 0.00358465
1 44.0837 25.2036 0.102598 0.0082715
1 0.161549 26.1639 -0.102832 0.0103139
1 1.28127 26.1595 -0.0801979 0.00497338
1 2.39577 26.1571 -0.0918264 0.0050662
1 3.51337 26.1557 -0.124255 0.00530908
1 4.63416 26.1549 -0.135245 0.0067142
1 5.75554 26.1539 -0.11216 0.00709272
1 6.87403 26.1532 -0.0872783 0.00461263
1 7.98881 26.1531 -0.0585599 0.00418561
1 9.10069 26.1534 -0.0275236 0.00104043
1 10.2104 26.1548 -0.0175741 -0.0042884
1 11.3197 26.1559 -0.0195619 0.00304087
1 12.4295 26.1554 -0.0109666 0.0159752
1 13.5391 26.1535 -0.0121956 0.0219307
1 14.6486 26.1519 -0.0172983 0.0161408
1 15.758 26.1523 -0.0103596 0.00219338
1 16.8675 26.1546 -0.0143268 -0.00682915
1 17.9754 26.1579 -0.00532904 -0.00653269
1 19.0819 26.1605 0.00712887 0.00119073
1 20.1873 26.162 0.00683757 0.0102216
1 21.2919 26.1625 0.00275002 0.0157123
1 22.3966 26.1625 -0.0068382 0.0165655
1 23.5004 26.1621 -0.00223556 0.0125897
1 24.6048 26.1611 0.000720263 0.0059523
1 25.7111 26.1591 -0.00701943 -0.00265772
1 26.818 26.1561 0.00455138 -0.00662635
1 27.9269 26.1531 0.0146376 -0.00230446
1 29.0368 26.1516 0.0179648 0.00878132
1 30.146 26.1523 0.0188452 0.0197027
1 31.2557 26.1544 0.012611 0.0200179
1 32.3659 26.1558 0.0171605 0.00971127
1 33.4756 26.1556 0.0174225 -0.000812016
1 34.585 26.1541 0.0209971 -0.00284236
1 35.6957 26.1531 0.0410221 0.00186588
1 36.8084 26.153 0.0712142 0.00406579
1 37.9248 26.1535 0.0985966 0.00620304
1 39.0452 26.1543 0.126945 0.00549814
1 40.1675 26.1551 0.143758 0.00423369
1 41.2882 26.156 0.123054 0.00439573
1 42.4061 26.1581 0.0899442 0.00500956
1 43.5227 26.1613 0.0821442 0.00745982
1 0.723413 27.1205 -0.0816662 0.0133873
1 1.83934 27.1166 -0.0910211 0.00961852
1 2.95646 27.1137 -0.121597 0.00476875
1 4.07671 27.1122 -0.144988 0.00146767
1 5.19853 27.1112 -0.128885 -0.000622763
1 6.31845 27.1103 -0.0985809 0.00235076
1 7.43453 27.1094 -0.0692434 -0.00131201
1 8.54703 27.1099 -0.0390914 -0.00815203
1 9.65748 27.1113 -0.0211793 -0.00728571
1 10.7669 27.1118 -0.0229493 0.000273195
1 11.8772 27.1112 -0.0252001 0.00767472
1 12.9884 27.1099 -0.0174341 0.0120699
1 14.0982 27.1087 -0.0153109 0.011678
1 15.2066 27.1083 -0.0100149 0.0020239
1 16.3153 27.1098 -0.00829201 -0.00978596
1 17.4238 27.1133 -0.00536158 -0.0171601
1 18.5311 27.1176 0.00259332 -0.0139443
1 19.6374 27.1213 -0.00422727 -0.00249811
1 20.741 27.1235 0.000118481 0.0102107
1 21.8435 27.1242 0.00598383 0.0180126
1 22.947 27.1238 -0.000872176 0.0158212
1 24.0509 27.1222 -0.00175282 0.00434768
1 25.1563 27.1193 -0.00157716 -0.00907446
1 26.2629 27.1152 0.00758459 -0.0174075
1 27.3705 27.1112 0.0107564 -0.0143447
1 28.479 27.1086 0.00239064 -0.00220494
1 29.5874 27.1082 0.0111844 0.00892617
1 30.6966 27.1092 0.0145864 0.0113699
1 31.8072 27.1105 0.0184444 0.00914783
1 32.9184 27.1117 0.0266094 0.0044903
1 34.0283 27.1118 0.0195855 -0.00379133
1 35.138 27.1107 0.0262697 -0.00725898
1 36.2492 27.1096 0.0534272 -0.00545485
1 37.3633 27.1098 0.0814915 -0.00124627
1 38.4813 27.1106 0.108055 -0.00133592
1 39.6025 27.1112 0.134601 0.00062812
1 40.7236 27.1126 0.126695 0.0031761
1 41.8413 27.1148 0.0920027 0.00944102
1 42.9555 27.1187 0.0786033 0.0108196
1 44.0744 27.1239 0.10358 0.0165043
1 0.170289 28.082 -0.106005 0.0188776
1 1.28937 28.0768 -0.0836479 0.0172588
1 2.4036 28.0721 -0.0939588 0.0146951
1 3.52102 28.0691 -0.129294 0.00841423
1 4.6418 28.0676 -0.137013 0.00524036
1 5.76279 28.067 -0.111971 0.00284034
1 6.88069 28.0663 -0.0810543 0.00545045
1 7.99413 28.0663 -0.0515316 0.00112374
1 9.10525 28.0675 -0.0292549 0.000975788
1 10.2156 28.0679 -0.0260238 0.010251
1 11.3261 28.0666 -0.0279573 0.020164
1 12.4373 28.065 -0.0182428 0.0188987
1 13.5479 28.0646 -0.0142292 0.0126639
1 14.6568 28.065 -0.008999 0.0093262
1 15.7642 28.0661 0.00443727 0.00370089
1 16.8715 28.0688 -0.00460215 -0.00419062
1 17.9784 28.0732 -0.00984472 -0.00773471
1 19.0848 28.0785 -0.00871254 -0.00271189
1 20.19 28.0832 -0.00909787 0.0106784
1 21.2934 28.0862 -0.00401573 0.0245024
1 22.3961 28.0867 -0.00347262 0.0285881
1 23.4983 28.0848 0.00964537 0.0189988
1 24.6019 28.0807 0.0161103 0.00364502
1 25.7082 28.0754 0.0040611 -0.0073779
1 26.8147 28.0704 0.00304529 -0.00648424
1 27.9219 28.067 0.00173118 0.00128749
1 29.0293 28.0653 0.00387425 0.00786419
1 30.1372 28.0646 0.014255 0.0116956
1 31.2473 28.0647 0.0183341 0.0155111
1 32.3588 28.0657 0.0272333 0.0195608
1 33.4697 28.0674 0.0284983 0.0169269
1 34.5802 28.068 0.0274297 0.00606788
1 35.691 28.0669 0.0387638 -0.00147253
1 36.8026 28.0662 0.0643957 0.00374913
1 37.9181 28.0667 0.0945462 0.00452001
1 39.0378 28.0671 0.122022 0.00158913
1 40.1591 28.0681 0.137877 0.00744842
1 41.2792 28.0703 0.120013 0.0116989
1 42.3964 28.0744 0.0919988 0.0159505
1 43.5128 28.0799 0.0800752 0.0181226
1 0.731865 29.0377 -0.083115 0.0225861
1 1.84856 29.0315 -0.0894991 0.0214577
1 2.96571 29.0269 -0.11622 0.0169161
1 4.08543 29.0245 -0.135702 0.00590707
1 5.20614 29.0236 -0.119043 0.00178037
1 6.32558 29.0232 -0.0921531 0.0027232
1 7.44109 29.0232 -0.0638533 0.0014733
1 8.55291 29.0238 -0.0408785 0.00369615
1 9.66423 29.0237 -0.0330149 0.0135153
1 10.7754 29.0222 -0.0311988 0.0224295
1 11.8864 29.0203 -0.0238224 0.0212714
1 12.9974 29.0197 -0.0139877 0.0104394
1 14.1068 29.021 -0.0127015 0.003405
1 15.2142 29.0231 -0.00260538 0.00141051
1 16.321 29.0257 0.00343125 0.00259212
1 17.427 29.0295 -0.000292352 0.000832862
1 18.5323 29.0349 -0.00829924 -0.000321195
1 19.6376 29.0411 -0.0273358 0.00591918
1 20.7411 29.0465 -0.0205745 0.0149211
1 21.8436 29.0493 0.0016508 0.0202605
1 22.9471 29.0483 0.0129047 0.0183791
1 24.0508 29.0439 0.0214749 0.0101097
1 25.1556 29.0376 0.0156119 0.00283619
1 26.2607 29.0317 0.00932499 0.000417244
1 27.3661 29.0272 0.00162706 0.00138073
1 28.4722 29.0242 -0.00691303 0.0019066
1 29.5792 29.0219 0.00685545 0.00264627
1 30.6878 29.02 0.0112166 0.00645041
1 31.798 29.0196 0.0151446 0.017548
1 32.9092 29.0211 0.030592 0.0243533
1 34.0203 29.0231 0.0320635 0.0184978
1 35.1316 29.024 0.032857 0.0101035
1 36.2428 29.0236 0.0493398 0.00271172
1 37.356 29.0232 0.078341 -0.000843311
1 38.4736 29.0233 0.108471 0.000623197
1 39.5941 29.0238 0.131265 0.00408428
1 40.7144 29.0254 0.125416 0.0112856
1 41.8318 29.0289 0.0924558 0.0178507
1 42.9465 29.0344 0.0821543 0.0216248
1 44.0663 29.0411 0.105873 0.0206722
1 0.176334 29.998 -0.106029 0.0320656
1 1.29772 29.9912 -0.0829453 0.0266008
1 2.41294 29.9857 -0.0909375 0.0160998
1 3.53025 29.982 -0.119606 0.00616995
1 4.65003 29.9805 -0.126577 -0.00191665
1 5.77028 29.9798 -0.103742 -0.00381016
1 6.88788 29.98 -0.0763878 -0.00466002
1 8.00138 29.9803 -0.0530714 0.00218231
1 9.11334 29.9795 -0.0380258 0.0113062
1 10.2253 29.9777 -0.0326536 0.0166795
1 11.3366 29.9758 -0.0249701 0.0176617
1 12.447 29.9749 -0.00955841 0.00729883
1 13.5561 29.9763 -0.00787522 -0.00481147
1 14.6639 29.9794 -0.00600528 -0.00729992
1 15.7702 29.9831 0.00523409 -0.00225032
1 16.8756 29.9871 -0.00589341 0.00195504
1 17.9796 29.9922 -0.0141084 0.00441322
1 19.0832 29.9985 -0.0178265 0.00452123
1 20.1874 30.005 -0.0220177 0.00378615
1 21.2919 30.0096 -0.0126492 0.00152027
1 22.3968 30.0105 -0.000942653 0.00011691
1 23.5006 30.0075 0.0211372 0.00199497
1 24.604 30.0017 0.0279368 0.00498887
1 25.7082 29.9951 0.0102801 0.00594901
1 26.8118 29.9893 0.00448597 0.00479949
1 27.9167 29.9849 0.00301125 -0.000323936
1 29.0228 29.9811 0.00499767 -0.00757632
1 30.1297 29.9775 0.0108699 -0.00725366
1 31.2383 29.9751 0.00892587 0.00159438
1 32.3485 29.9749 0.0189445 0.0137473
1 33.4593 29.9766 0.0298788 0.0201725
1 34.571 29.9788 0.035838 0.0168058
1 35.6831 29.9802 0.0438249 0.00612353
1 36.7953 29.9803 0.0627025 -0.00233013
1 37.9105 29.9799 0.0880046 -0.00417966
1 39.0296 29.9802 0.114788 -0.00548233
1 40.1498 29.9809 0.130348 -0.000278303
1 41.2689 29.9835 0.113688 0.0154215
1 42.386 29.9884 0.0897404 0.0229861
1 43.5029 29.9951 0.0840591 0.0280783
1 0.741879 30.9509 -0.0788021 0.0368311
1 1.85848 30.9441 -0.0829771 0.0305968
1 2.97558 30.9395 -0.110482 0.0218148
1 4.09427 30.9373 -0.12751 0.00982817
1 5.21431 30.9366 -0.114308 0.00573484
1 6.33335 30.9365 -0.089125 0.00461308
1 7.44927 30.9367 -0.0675191 0.00791812
1 8.56231 30.9357 -0.0474271 0.0203211
1 9.67487 30.9333 -0.0361749 0.0264071
1 10.7866 30.9313 -0.0266707 0.0227938
1 11.8968 30.9308 -0.0126813 0.0150415
1 13.0056 30.932 -0.00405176 0.00591151
1 14.113 30.9351 -0.0109536 -0.000634435
1 15.2191 30.94 -0.0105034 0.00205464
1 16.3244 30.9453 -0.010035 0.0117195
1 17.4281 30.9507 -0.0126782 0.0191481
1 18.531 30.9568 -0.0108359 0.0174158
1 19.6348 30.9631 -0.0203 0.0108755
1 20.7384 30.968 -0.0137567 0.00251673
1 21.843 30.9703 0.000993177 -0.0022834
1 22.9488 30.9694 0.00673302 -6.93041e-05
1 24.0537 30.9657 0.0144888 0.00717515
1 25.1577 30.9599 0.0151631 0.0151223
1 26.2607 30.9537 0.0188124 0.0201002
1 27.3637 30.9479 0.0152366 0.0160616
1 28.4682 30.9425 0.00368715 0.00647689
1 29.5737 30.9373 0.0105495 -0.00141237
1 30.6805 30.9331 0.00515945 0.000338118
1 31.7885 30.9308 0.00197184 0.0121483
1 32.898 30.9307 0.0206633 0.0209442
1 34.009 30.932 0.0326716 0.0235194
1 35.1214 30.9344 0.0418632 0.0248337
1 36.2343 30.9363 0.0571909 0.0158747
1 37.3485 30.9367 0.0769175 0.00489962
1 38.4659 30.9366 0.0990841 0.00538799
1 39.5854 30.937 0.119902 0.00800818
1 40.7042 30.9384 0.113291 0.0161436
1 41.8211 30.9418 0.0918032 0.0272738
1 42.9365 30.9473 0.0855835 0.0341665
1 44.0587 30.9538 0.1068 0.0365916
1 0.186371 31.9095 -0.103098 0.0425151
1 1.30904 31.9023 -0.0803152 0.0390189
1 2.42406 31.897 -0.0840943 0.031103
1 3.54033 31.8941 -0.108344 0.0167765
1 4.65893 31.8929 -0.117871 0.00981328
1 5.77849 31.8926 -0.0970164 0.00608565
1 6.89612 31.8924 -0.0781983 0.0103278
1 8.01111 31.8913 -0.0639488 0.0201498
1 9.12474 31.8887 -0.0421407 0.0259663
1 10.2368 31.8866 -0.0263772 0.021785
1 11.347 31.8863 -0.0167345 0.0137973
1 12.4555 31.8879 -0.00105374 0.00795304
1 13.562 31.8911 -0.00359916 0.00523384
1 14.6673 31.8961 -0.0147635 0.00561389
1 15.7718 31.9026 -0.0139534 0.0105911
1 16.8755 31.9093 -0.0219375 0.0185424
1 17.9782 31.9154 -0.0161614 0.0211252
1 19.0815 31.921 -0.00753539 0.0125627
1 20.186 31.9257 -0.00643556 0.00101772
1 21.2911 31.9288 -0.00296361 -0.00426003
1 22.3969 31.9294 -0.0038623 -0.00408174
1 23.5017 31.9275 0.00615387 -0.000432197
1 24.6058 31.9236 0.0128231 0.00713895
1 25.7099 31.9183 0.00656291 0.0169427
1 26.8126 31.9125 0.0146683 0.022151
1 27.9159 31.906 0.019958 0.0162324
1 29.0204 31.8991 0.0190784 0.00552683
1 30.1251 31.8931 0.0140896 0.00403911
1 31.2308 31.8892 0.00155877 0.00636877
1 32.3386 31.8867 0.0102674 0.00803222
1 33.4482 31.8858 0.0235364 0.0168277
1 34.5594 31.8872 0.0344857 0.0255809
1 35.6723 31.8899 0.052525 0.0229781
1 36.7862 31.8918 0.071737 0.0158173
1 37.9024 31.8926 0.0884333 0.00961391
1 39.0212 31.8929 0.112149 0.00676717
1 40.1408 31.8936 0.12699 0.0119954
1 41.2592 31.8954 0.11092 0.0239693
1 42.3761 31.8996 0.0860909 0.0357765
1 43.4929 31.9054 0.0828995 0.0416208
1 0.753527 32.8599 -0.0832642 0.0435218
1 1.86985 32.8547 -0.0863571 0.0339001
1 2.98581 32.8509 -0.107228 0.0187614
1 4.10362 32.8494 -0.12439 0.00751336
1 5.22307 32.8488 -0.111853 0.00404186
1 6.34227 32.8485 -0.0914427 0.0108075
1 7.45918 32.8468 -0.0750418 0.0178383
1 8.57356 32.8442 -0.0550745 0.0195012
1 9.68645 32.8422 -0.0336223 0.0177113
1 10.7967 32.8418 -0.0187058 0.0110269
1 11.9047 32.844 -0.0105173 0.00381797
1 13.0112 32.848 -0.00608069 0.00600683
1 14.1156 32.8532 -0.0180749 0.0108191
1 15.2189 32.8598 -0.0243013 0.0116805
1 16.3226 32.8672 -0.0211931 0.012473
1 17.4265 32.874 -0.00945082 0.0145781
1 18.5302 32.8796 0.00188196 0.0117709
1 19.6347 32.8838 -0.00833336 0.00340583
1 20.7385 32.8871 -0.00719132 -0.00476566
1 21.843 32.889 0.00196471 -0.00835499
1 22.9487 32.8885 0.00302055 -0.00658404
1 24.0536 32.8857 0.0030579 0.000747718
1 25.1582 32.8819 0.000183901 0.00928812
1 26.262 32.8771 0.0121867 0.013579
1 27.3654 32.8709 0.0229292 0.0123099
1 28.4693 32.8634 0.0167305 0.0137016
1 29.5726 32.8562 0.0198094 0.0125046
1 30.6763 32.8503 0.0120376 0.00613567
1 31.7817 32.8455 0.00503052 0.00279417
1 32.8893 32.8424 0.0153677 0.00710608
1 33.9984 32.8415 0.0238351 0.0121197
1 35.1099 32.8427 0.0415128 0.0191474
1 36.2235 32.8455 0.061599 0.0219289
1 37.3387 32.8479 0.0788763 0.0129208
1 38.4569 32.8487 0.0999978 0.00427168
1 39.5765 32.849 0.118486 0.00620999
1 40.6951 32.8502 0.11118 0.0119231
1 41.8112 32.8526 0.0841728 0.0264908
1 42.9259 32.8573 0.0793366 0.0392224
1 44.0476 32.8633 0.104759 0.050683
1 0.197962 33.8169 -0.108466 0.0479091
1 1.31947 33.8122 -0.0832064 0.0386528
1 2.43358 33.8083 -0.0839165 0.0290269
1 3.54938 33.8059 -0.11448 0.0168162
1 4.66828 33.8052 -0.121205 0.0129724
1 5.78816 33.8045 -0.101614 0.0154099
1 6.90694 33.8028 -0.0840123 0.0222543
1 8.02246 33.8001 -0.0640496 0.0272989
1 9.13546 33.7979 -0.0368778 0.0204295
1 10.2459 33.798 -0.0211456 0.0133308
1 11.3535 33.8005 -0.0189081 0.0112082
1 12.4594 33.805 -0.0121258 0.0117328
1 13.5635 33.8112 -0.0179881 0.0164745
1 14.6664 33.8179 -0.0229875 0.0198848
1 15.7693 33.8249 -0.0115832 0.0171742
1 16.8738 33.8318 -0.0140401 0.0133593
1 17.9782 33.8379 -0.00893275 0.0123839
1 19.0822 33.8426 -0.00355378 0.0122866
1 20.1863 33.846 -0.0033641 0.0066782
1 21.291 33.8482 -0.00236189 -0.00302909
1 22.3969 33.8488 -0.00403079 -0.00763798
1 23.5015 33.8475 0.00567788 0.00128719
1 24.6051 33.8448 0.00913616 0.0124193
1 25.7096 33.8406 -0.000931616 0.0137604
1 26.8138 33.8351 0.00709879 0.012694
1 27.9182 33.8285 0.0159442 0.0148482
1 29.0222 33.8213 0.0218615 0.0182659
1 30.125 33.8142 0.025686 0.0189652
1 31.2283 33.8078 0.0146076 0.0139204
1 32.3334 33.8022 0.0151083 0.00769888
1 33.4402 33.7986 0.0199843 0.0116918
1 34.5494 33.7975 0.0284238 0.0186201
1 35.6611 33.7988 0.0487212 0.0237927
1 36.7749 33.8015 0.0728272 0.0251742
1 37.8922 33.8039 0.0916931 0.019065
1 39.0118 33.805 0.109861 0.0114643
1 40.1313 33.8055 0.123413 0.0120318
1 41.2494 33.8069 0.106539 0.023627
1 42.3653 33.8102 0.0863546 0.0331164
1 43.4817 33.8148 0.0836602 0.0423353
1 0.763729 34.7697 -0.0835655 0.0376034
1 1.87967 34.7656 -0.0804995 0.0291052
1 2.99522 34.7623 -0.104876 0.0260319
1 4.11336 34.7606 -0.124428 0.0147031
1 5.23339 34.7598 -0.112259 0.0168296
1 6.3534 34.758 -0.0926278 0.0258205
1 7.47071 34.7554 -0.0715598 0.0278339
1 8.58378 34.7534 -0.0451314 0.0237351
1 9.6942 34.7537 -0.0282404 0.018213
1 10.8015 34.7566 -0.0236294 0.0137032
1 11.9065 34.7617 -0.0231613 0.0133922
1 13.0107 34.7684 -0.0202497 0.0175868
1 14.1139 34.7754 -0.0251872 0.0182976
1 15.217 34.782 -0.0155608 0.0146847
1 16.3216 34.7886 -0.00665027 0.0140536
1 17.4265 34.795 -0.00536647 0.0138897
1 18.5304 34.8006 -0.00382575 0.0131483
1 19.6349 34.8047 -0.00841168 0.00916337
1 20.7386 34.8071 -0.00116958 0.00144331
1 21.8429 34.8079 0.00275379 -0.0046631
1 22.9487 34.8077 -0.000170098 -0.00207777
1 24.0536 34.8064 0.00265529 0.00605395
1 25.1577 34.8033 0.00267083 0.0136408
1 26.2617 34.7981 0.00996022 0.014577
1 27.3661 34.7918 0.0142656 0.0119206
1 28.471 34.7852 0.00626181 0.0147783
1 29.5746 34.7788 0.0154889 0.0188537
1 30.6774 34.7718 0.0200983 0.0166956
1 31.781 34.7645 0.0196642 0.0144193
1 32.8857 34.7587 0.023028 0.0156218
1 33.9915 34.7549 0.0206794 0.0139521
1 35.1004 34.7531 0.0353622 0.0180496
1 36.2122 34.7542 0.0606212 0.0277422
1 37.3272 34.7567 0.0829578 0.0279975
1 38.4462 34.7591 0.1059 0.0216479
1 39.5667 34.7603 0.124816 0.0145375
1 40.6858 34.7613 0.115252 0.0194688
1 41.8017 34.7641 0.0851054 0.0271108
1 42.9159 34.7676 0.0811246 0.034759
1 44.037 34.7726 0.107426 0.0406978
1 0.207251 35.728 -0.107841 0.0364706
1 1.32868 35.7231 -0.0789354 0.0297627
1 2.44265 35.7194 -0.0847819 0.0278196
1 3.55904 35.7162 -0.112769 0.0224459
1 4.67839 35.7147 -0.123574 0.0224767
1 5.79924 35.7131 -0.106143 0.0282931
1 6.91812 35.7106 -0.0849261 0.0296416
1 8.03209 35.7093 -0.0601532 0.0288834
1 9.1421 35.7099 -0.0363734 0.0206591
1 10.2492 35.7136 -0.0274717 0.015175
1 11.3537 35.7192 -0.0262882 0.0189805
1 12.4574 35.7256 -0.0146489 0.0161482
1 13.561 35.7327 -0.0152286 0.0118363
1 14.6648 35.7393 -0.0125797 0.0136047
1 15.7689 35.7455 -0.00283708 0.0169521
1 16.8739 35.752 -0.0165176 0.0149622
1 17.978 35.7584 -0.0128065 0.0124531
1 19.082 35.7633 -0.0010511 0.0122113
1 20.1866 35.7661 -0.00121422 0.0055236
1 21.2913 35.7673 -0.00235597 -0.00181579
1 22.3968 35.7676 -0.00413171 -0.000424677
1 23.5013 35.7672 0.00292233 0.00376038
1 24.6049 35.7653 0.00755297 0.0079627
1 25.7097 35.7614 0.00274501 0.0123003
1 26.8139 35.7553 0.00935678 0.0165786
1 27.9184 35.7487 0.0097762 0.0175163
1 29.0229 35.7424 0.00960159 0.0133122
1 30.1268 35.736 0.0190425 0.0117203
1 31.2308 35.729 0.016901 0.0154091
1 32.3346 35.7221 0.0236342 0.0170301
1 33.4385 35.716 0.0300046 0.0165488
1 34.5445 35.7113 0.0309868 0.018228
1 35.653 35.7093 0.044874 0.0221589
1 36.7645 35.7096 0.0695491 0.0277669
1 37.8808 35.7117 0.0925343 0.0325465
1 39.0009 35.7141 0.115547 0.0255797
1 40.1215 35.7153 0.125988 0.0205345
1 41.2399 35.7178 0.106699 0.0295614
1 42.3557 35.7217 0.0805318 0.0284869
1 43.4714 35.7258 0.0791569 0.0296573
1 0.773262 36.6811 -0.0742517 0.0269629
1 1.88856 36.677 -0.0787609 0.0323439
1 3.00475 36.6726 -0.107039 0.0332374
1 4.12346 36.6698 -0.126597 0.0285253
1 5.2443 36.6679 -0.11965 0.0286479
1 6.36415 36.6659 -0.0970336 0.0343351
1 7.47914 36.6651 -0.0734332 0.0293194
1 8.58878 36.6669 -0.049597 0.024403
1 9.69547 36.671 -0.0370713 0.0231423
1 10.8 36.6768 -0.0308012 0.0164943
1 11.9039 36.6834 -0.0181384 0.0125313
1 13.0083 36.6898 -0.00729454 0.0125963
1 14.1125 36.6961 -0.0151094 0.0107505
1 15.2166 36.7029 -0.0107024 0.0148488
1 16.3211 36.7096 -0.00844342 0.0205028
1 17.4256 36.7157 -0.00937458 0.0150182
1 18.5301 36.7214 -0.00161488 0.00954523
1 19.6353 36.7254 -0.00753919 0.00902667
1 20.7388 36.727 -0.00291513 0.00403269
1 21.8427 36.7274 0.00505362 0.000373987
1 22.9486 36.7276 -0.000708723 0.00304497
1 24.0535 36.7267 0.000645289 0.00562575
1 25.158 36.7238 0.00492932 0.0104429
1 26.2624 36.7189 0.0100617 0.0134753
1 27.3665 36.7128 0.0131769 0.0182413
1 28.4712 36.7062 0.00601657 0.0187854
1 29.5753 36.6995 0.0111173 0.0131459
1 30.6795 36.6929 0.00785752 0.00961458
1 31.7838 36.6864 0.0097344 0.0119361
1 32.8881 36.6799 0.0278858 0.0158711
1 33.9921 36.6736 0.0314788 0.0190251
1 35.0976 36.6684 0.0414255 0.0228746
1 36.2058 36.6655 0.0619788 0.0275008
1 37.3178 36.6652 0.0808439 0.0321119
1 38.4353 36.6669 0.104625 0.0317509
1 39.5559 36.6689 0.124111 0.0308048
1 40.6755 36.6712 0.113716 0.0306159
1 41.7923 36.675 0.0836763 0.0336945
1 42.9067 36.6793 0.0751533 0.0296429
1 44.0279 36.6836 0.097355 0.0326615
1 0.216642 37.6383 -0.0879614 0.0296849
1 1.3377 37.6341 -0.0706808 0.0350783
1 2.45236 37.6291 -0.0835191 0.0400463
1 3.5696 37.6247 -0.113439 0.037972
1 4.68938 37.6218 -0.125504 0.0400416
1 5.80924 37.6203 -0.108908 0.0376392
1 6.92497 37.6206 -0.0861897 0.0368499
1 8.03475 37.6232 -0.0676521 0.0353242
1 9.14135 37.6281 -0.0447878 0.0267574
1 10.2462 37.634 -0.0270171 0.0204794
1 11.3504 37.6401 -0.0201805 0.0160788
1 12.4554 37.6463 -0.0085295 0.0124213
1 13.5598 37.6528 -0.0100984 0.0158506
1 14.6638 37.6595 -0.0120376 0.0211063
1 15.768 37.6663 -0.00275778 0.0206048
1 16.873 37.6727 -0.0126996 0.0208065
1 17.9773 37.6784 -0.00798747 0.0192482
1 19.0815 37.6832 -0.00245457 0.0129917
1 20.1865 37.686 -0.00655949 0.00769852
1 21.2916 37.6869 0.00230115 0.00716988
1 22.397 37.6872 -0.00013101 0.00842985
1 23.5011 37.687 -0.00145871 0.00749941
1 24.605 37.6852 0.00659562 0.0106311
1 25.7103 37.6813 0.00321312 0.0160867
1 26.8146 37.6758 0.00601629 0.0203874
1 27.9193 37.6697 0.00919548 0.0228196
1 29.0242 37.663 0.0115344 0.0196388
1 30.1282 37.656 0.0174357 0.0180856
1 31.2326 37.6494 0.00650979 0.0150927
1 32.3373 37.6431 0.011038 0.0125853
1 33.4418 37.6369 0.0255571 0.0162077
1 34.5464 37.6307 0.0365373 0.0250737
1 35.6518 37.6252 0.0547737 0.0302937
1 36.7593 37.6213 0.077713 0.0354507
1 37.8721 37.6201 0.0987098 0.0398106
1 38.9904 37.621 0.12008 0.0393248
1 40.1108 37.6234 0.130613 0.0379084
1 41.23 37.6268 0.110954 0.0394194
1 42.3468 37.6318 0.0851541 0.0378839
1 43.4631 37.6361 0.0769271 0.0285123
1 0.781302 38.5906 -0.0796612 0.0295785
1 1.89798 38.5856 -0.0873523 0.0407213
1 3.01508 38.5802 -0.111366 0.0472207
1 4.1344 38.5765 -0.133712 0.0436417
1 5.2535 38.575 -0.124558 0.0423799
1 6.36945 38.5761 -0.104558 0.0414287
1 7.48009 38.5796 -0.0828363 0.0349818
1 8.58667 38.585 -0.0549501 0.0261202
1 9.69236 38.5909 -0.0327286 0.0205046
1 10.7972 38.5967 -0.0187378 0.0133303
1 11.9018 38.6029 -0.0123013 0.0132609
1 13.0064 38.6093 -0.0100267 0.0171586
1 14.1105 38.6161 -0.0171452 0.0167972
1 15.2151 38.623 -0.00953987 0.0176731
1 16.32 38.6296 -0.00576894 0.0213415
1 17.4248 38.6356 -0.00813934 0.0216654
1 18.5297 38.6409 0.00187815 0.0135356
1 19.6349 38.6445 -0.00177903 0.00830389
1 20.7387 38.6462 -0.00246086 0.00968648
1 21.843 38.647 0.0011076 0.00829087
1 22.9483 38.647 -0.00250753 0.006125
1 24.0534 38.6459 0.00230294 0.0077165
1 25.1587 38.6432 0.00321923 0.0132405
1 26.2632 38.6386 0.00655585 0.0180219
1 27.3675 38.6328 0.0112316 0.0225186
1 28.4725 38.6264 0.00213105 0.0212227
1 29.5772 38.6195 0.0095684 0.0174693
1 30.6814 38.6127 0.0113285 0.0166885
1 31.7857 38.606 0.00996302 0.0149594
1 32.8907 38.5996 0.019502 0.0132187
1 33.9955 38.5936 0.0221741 0.0147874
1 35.1006 38.5877 0.0400185 0.0226548
1 36.2064 38.5819 0.0676653 0.033797
1 37.3142 38.5775 0.0900304 0.0377356
1 38.4276 38.5751 0.112508 0.0403566
1 39.5455 38.5755 0.13091 0.0445106
1 40.6651 38.5782 0.122304 0.0444971
1 41.7829 38.5829 0.0855605 0.0435865
1 42.8983 38.5883 0.0713013 0.041265
1 44.0197 38.5928 0.0743075 0.0371753
1 0.223073 39.5469 -0.0743742 0.0403243
1 1.34552 39.5416 -0.0752375 0.0424343
1 2.46153 39.5362 -0.0923302 0.0478772
1 3.57939 39.5313 -0.127127 0.0515401
1 4.69758 39.5298 -0.139046 0.0494082
1 5.81325 39.5315 -0.118425 0.0440852
1 6.92473 39.5358 -0.0922873 0.0371502
1 8.0323 39.5412 -0.0637173 0.0293383
1 9.13853 39.5471 -0.0351388 0.0181104
1 10.2441 39.5531 -0.0210523 0.0170665
1 11.3484 39.5593 -0.0202963 0.0203761
1 12.453 39.5659 -0.011737 0.0184179
1 13.5572 39.5725 -0.00751651 0.0184072
1 14.6615 39.5791 -0.0114007 0.0226045
1 15.7665 39.586 -0.00420052 0.0215102
1 16.8716 39.5927 -0.0065879 0.0225062
1 17.9762 39.5982 -0.00676259 0.021039
1 19.081 39.6023 -0.00481348 0.0120181
1 20.1861 39.6052 -0.00394958 0.00917587
1 21.2915 39.6067 0.00281821 0.0100571
1 22.397 39.6067 -8.49006e-05 0.008697
1 23.5012 39.6062 0.00343136 0.0088333
1 24.6056 39.6045 0.00452236 0.0103895
1 25.7111 39.6007 -0.00442761 0.0163817
1 26.8157 39.5957 0.00262696 0.0242851
1 27.9209 39.5897 0.00845467 0.0240248
1 29.026 39.5826 0.00945835 0.0202413
1 30.1304 39.5757 0.0159277 0.0199567
1 31.235 39.5692 0.0120291 0.017768
1 32.3397 39.5624 0.0178438 0.017353
1 33.444 39.5558 0.0229653 0.018875
1 34.5491 39.5498 0.0297442 0.0190132
1 35.6551 39.544 0.0479154 0.0241991
1 36.7613 39.5384 0.0768786 0.0343423
1 37.8705 39.5332 0.102387 0.0422879
1 38.9841 39.5302 0.125515 0.0469931
1 40.1012 39.5301 0.138113 0.0485597
1 41.2199 39.5337 0.116847 0.0543226
1 42.3373 39.5391 0.0897047 0.0446905
1 43.4547 39.5448 0.0810963 0.0360635
1 0.789879 40.4977 -0.0835731 0.0449539
1 1.90703 40.492 -0.0921576 0.0566219
1 3.02381 40.4869 -0.122588 0.0711661
1 4.1406 40.4847 -0.143641 0.0625278
1 5.25553 40.4869 -0.126197 0.0526879
1 6.36786 40.4915 -0.0951119 0.0432681
1 7.47726 40.497 -0.0685114 0.0305977
1 8.58396 40.5028 -0.0428326 0.0262363
1 9.68999 40.509 -0.0355348 0.0272575
1 10.7948 40.5157 -0.0278469 0.0262057
1 11.8991 40.5222 -0.0188153 0.0264359
1 13.004 40.5287 -0.0125285 0.0258625
1 14.1083 40.5355 -0.0139263 0.0273306
1 15.2128 40.5424 -0.00958799 0.0301401
1 16.3182 40.5491 -0.0048635 0.0280975
1 17.4235 40.5554 -0.00337889 0.0277907
1 18.5285 40.5604 0.00336438 0.0236189
1 19.6338 40.5636 0.00125411 0.0155569
1 20.7382 40.5658 -0.00335034 0.012425
1 21.8429 40.5669 -0.00650439 0.0123736
1 22.9486 40.5666 -0.00225731 0.0127686
1 24.0543 40.5653 0.00675471 0.0129911
1 25.1596 40.5626 0.00304717 0.0196173
1 26.2642 40.5583 0.00663446 0.028823
1 27.3692 40.5525 0.00887559 0.0275098
1 28.4748 40.5457 0.00058398 0.027764
1 29.5796 40.5388 0.00933951 0.0310579
1 30.684 40.5321 0.0104549 0.0265685
1 31.7885 40.5253 0.0107265 0.0243506
1 32.8932 40.5187 0.0224258 0.0272963
1 33.9973 40.5121 0.0253292 0.0271276
1 35.1024 40.5056 0.035618 0.0269262
1 36.2088 40.4997 0.0570417 0.0295299
1 37.3167 40.494 0.0831224 0.0359934
1 38.4275 40.4889 0.112638 0.0486184
1 39.5413 40.4852 0.140594 0.0594463
1 40.6572 40.4852 0.136637 0.067323
1 41.7743 40.4895 0.102103 0.0627562
1 42.8907 40.4946 0.0821505 0.0526518
1 44.0144 40.5003 0.0790886 0.0434435
1 0.228648 41.4523 -0.0891063 0.0476583
1 1.35283 41.4468 -0.0910928 0.0650798
1 2.46846 41.4425 -0.112952 0.0802519
1 3.58381 41.4399 -0.137287 0.0754473
1 4.69783 41.4416 -0.12991 0.0573686
1 5.81105 41.4465 -0.10016 0.0394917
1 6.92212 41.4521 -0.0745718 0.031906
1 8.02993 41.4582 -0.0553998 0.0349312
1 9.13587 41.4648 -0.0372324 0.0359673
1 10.241 41.4715 -0.0247502 0.032843
1 11.3454 41.4781 -0.0188723 0.0342113
1 12.45 41.4847 -0.0135025 0.0344858
1 13.5545 41.4916 -0.00974612 0.0343657
1 14.6588 41.4984 -0.00857388 0.0360819
1 15.764 41.5053 -0.00473896 0.0362468
1 16.8697 41.512 -0.00762188 0.0355362
1 17.9747 41.518 -0.00712507 0.031626
1 19.0799 41.5222 -0.00601097 0.0243267
1 20.1853 41.5249 -0.00448301 0.0193589
1 21.2907 41.5266 0.00186007 0.0134323
1 22.3968 41.527 0.00325565 0.0122031
1 23.5021 41.5262 0.00583726 0.0177738
1 24.607 41.5243 0.00128554 0.0208009
1 25.7125 41.5208 -0.00278677 0.027482
1 26.8177 41.5154 0.00500365 0.036373
1 27.9231 41.5086 0.00472529 0.0358068
1 29.0284 41.5016 0.00799564 0.0363507
1 30.1331 41.4949 0.0152166 0.0365192
1 31.2378 41.4881 0.0135655 0.0348776
1 32.3426 41.4813 0.0186478 0.0343256
1 33.447 41.4746 0.0243822 0.0338194
1 34.5517 41.4681 0.0317804 0.035759
1 35.6571 41.4613 0.0456626 0.0332308
1 36.7636 41.4547 0.0658611 0.0314628
1 37.873 41.449 0.0868498 0.0381383
1 38.9853 41.4439 0.118778 0.0478485
1 40.099 41.4403 0.144058 0.0666144
1 41.2138 41.4407 0.134488 0.083195
1 42.3297 41.4445 0.10234 0.074528
1 43.4466 41.4492 0.0897266 0.0573465
1 0.795996 42.4001 -0.106202 0.067894
1 1.9119 42.3973 -0.119031 0.0875604
1 3.02648 42.3955 -0.134636 0.0834462
1 4.14035 42.3968 -0.132196 0.0577807
1 5.25362 42.4013 -0.104952 0.0410806
1 6.36566 42.4074 -0.0852471 0.0395694
1 7.47464 42.4141 -0.0671741 0.0406217
1 8.58086 42.4211 -0.0459037 0.0416912
1 9.68668 42.4278 -0.0312627 0.0449523
1 10.7913 42.4345 -0.0227066 0.0457533
1 11.8955 42.4415 -0.0165027 0.0485053
1 13.0002 42.4482 -0.0121493 0.0477383
1 14.105 42.4551 -0.011084 0.0479422
1 15.2097 42.4621 -0.00789474 0.049157
1 16.3153 42.4693 -0.00735872 0.0486018
1 17.4211 42.476 -0.00472592 0.0468339
1 18.5264 42.4815 0.00233587 0.0398616
1 19.6321 42.4851 -0.00195125 0.0309133
1 20.7373 42.4871 -0.00551425 0.0240062
1 21.8429 42.4883 -0.00409241 0.0204016
1 22.9494 42.4882 -0.00112627 0.0223952
1 24.0556 42.4869 0.00492012 0.0277629
1 25.1611 42.484 0.00591427 0.0361993
1 26.2662 42.4792 0.00908007 0.044438
1 27.3719 42.4727 0.00587918 0.0460763
1 28.4776 42.4654 0.00259333 0.0501345
1 29.5828 42.4585 0.0113199 0.051637
1 30.6876 42.4515 0.00910975 0.0455566
1 31.7921 42.4447 0.0115621 0.0483194
1 32.8968 42.4379 0.0238129 0.0498051
1 34.0011 42.4311 0.0249319 0.0441627
1 35.1063 42.4243 0.0357928 0.0429909
1 36.2123 42.4173 0.0574743 0.0421329
1 37.3196 42.4104 0.0741689 0.0393387
1 38.43 42.4043 0.0904664 0.0402283
1 39.5428 42.399 0.117145 0.0529605
1 40.6563 42.3957 0.132783 0.0739442
1 41.77 42.3962 0.119056 0.0908493
1 42.8849 42.3984 0.104124 0.0802683
1 44.0095 42.4016 0.10109 0.0610797
1 0.230841 43.3498 -0.124938 0.0690904
1 1.35528 43.3507 -0.119127 0.0927312
1 2.46987 43.3507 -0.116481 0.0868294
1 3.58354 43.352 -0.117342 0.0666376
1 4.69664 43.3566 -0.1067 0.0554424
1 5.8087 43.3634 -0.0909245 0.0522375
1 6.91843 43.3708 -0.0724499 0.0539335
1 8.02558 43.3779 -0.0524334 0.0589956
1 9.1315 43.385 -0.0353793 0.0629962
1 10.2365 43.392 -0.0275381 0.067086
1 11.3409 43.3989 -0.0233621 0.0688617
1 12.4455 43.4059 -0.0126069 0.0684432
1 13.5502 43.4129 -0.0118172 0.0713827
1 14.655 43.42 -0.0126972 0.072702
1 15.7604 43.4275 -0.00648487 0.0711527
1 16.8665 43.4349 -0.00801143 0.0719636
1 17.9723 43.4416 -0.0104772 0.0685922
1 19.0779 43.4466 -0.00590736 0.0597743
1 20.1836 43.4491 -0.00701345 0.0518806
1 21.29 43.4508 -0.00273735 0.043967
1 22.397 43.4515 0.00642373 0.0396954
1 23.5032 43.4506 0.00761057 0.0464325
1 24.6088 43.4488 0.00143064 0.0572541
1 25.7149 43.4448 0.00354149 0.0643497
1 26.8207 43.4382 0.0070043 0.0709037
1 27.9265 43.4308 0.00755302 0.0737507
1 29.0324 43.4236 0.0128975 0.0738331
1 30.1374 43.4162 0.0134555 0.0714967
1 31.2421 43.4091 0.0122108 0.0705289
1 32.3471 43.4024 0.0172617 0.0698473
1 33.4512 43.3954 0.0232501 0.0659351
1 34.5557 43.3882 0.0325403 0.0648587
1 35.6614 43.3811 0.0452316 0.061246
1 36.7676 43.3741 0.0644505 0.057694
1 37.8761 43.367 0.0844154 0.0558569
1 38.9873 43.3601 0.103833 0.0539981
1 40.1 43.3545 0.121681 0.0602623
1 41.2134 43.3512 0.129335 0.0812423
1 42.3276 43.3505 0.131376 0.0928264
1 43.4438 43.3498 0.130807 0.077006
1 0.794399 44.3006 -0.149606 0.0887377
1 1.91203 44.3037 -0.127072 0.0891954
1 3.0267 44.3067 -0.118502 0.0872823
1 4.13964 44.3119 -0.118144 0.0754289
1 5.2514 44.3195 -0.102569 0.0737907
1 6.36192 44.3276 -0.0792313 0.0785351
1 7.47042 44.3354 -0.0622422 0.0859822
1 8.57658 44.3429 -0.0465619 0.0923001
1 9.68199 44.3504 -0.0337992 0.0977005
1 10.7865 44.3577 -0.0262908 0.100117
1 11.8907 44.365 -0.0209544 0.102507
1 12.9955 44.3722 -0.0151365 0.107165
1 14.1002 44.3796 -0.0151733 0.108267
1 15.2052 44.3872 -0.0148727 0.110631
1 16.3113 44.395 -0.0105255 0.112759
1 17.4177 44.4027 -0.00894667 0.112735
1 18.5238 44.4093 -0.00518026 0.107372
1 19.6299 44.4134 -0.0056017 0.100198
1 20.7359 44.4152 -0.00815745 0.0888638
1 21.8429 44.416 -0.00490824 0.0777054
1 22.9506 44.4162 0.00272812 0.0803934
1 24.0572 44.4153 0.00954568 0.0956933
1 25.1633 44.4123 0.0104001 0.106332
1 26.2692 44.4063 0.00959683 0.110051
1 27.3754 44.3985 0.00958564 0.113375
1 28.482 44.3907 0.0114828 0.114048
1 29.5875 44.3831 0.0146153 0.110587
1 30.6922 44.3757 0.0146408 0.107639
1 31.7971 44.3684 0.0187997 0.104798
1 32.9017 44.3612 0.0242969 0.101156
1 34.0059 44.354 0.028325 0.0974854
1 35.1109 44.3463 0.0380019 0.0950747
1 36.2165 44.3388 0.0525211 0.0904156
1 37.3235 44.3313 0.0716657 0.0811543
1 38.4334 44.3236 0.0917448 0.0788595
1 39.545 44.3161 0.112448 0.0784487
1 40.6574 44.3095 0.114863 0.0801015
1 41.7705 44.3053 0.110561 0.0852594
1 42.8856 44.3016 0.125366 0.0897851
1 44.0111 44.2967 0.143797 0.0676465
1 0.224738 45.2473 -0.14305 0.0801077
1 1.35276 45.2535 -0.116355 0.0762508
1 2.4678 45.2609 -0.116733 0.0887044
1 3.58118 45.2675 -0.122234 0.0812768
1 4.6935 45.2763 -0.112522 0.0784028
1 5.80503 45.2854 -0.0894888 0.0838252
1 6.91465 45.2942 -0.0741454 0.0937539
1 8.02167 45.3024 -0.0565946 0.104969
1 9.12713 45.3104 -0.0371947 0.109575
1 10.232 45.3186 -0.0306554 0.114202
1 11.3362 45.3264 -0.0283062 0.122302
1 12.4404 45.3338 -0.0207287 0.124562
1 13.5453 45.3415 -0.0183819 0.128254
1 14.6501 45.3494 -0.0198143 0.135866
1 15.7556 45.3573 -0.0137189 0.139376
1 16.8623 45.3654 -0.00886153 0.14068
1 17.9689 45.3737 -0.0135321 0.142429
1 19.0751 45.3798 -0.00787073 0.140576
1 20.1816 45.3823 -0.00449124 0.127433
1 21.289 45.3831 -0.00568652 0.111559
1 22.3971 45.3835 0.0041141 0.105093
1 23.5046 45.3835 0.00776224 0.117767
1 24.6115 45.3824 0.00436938 0.137231
1 25.7181 45.3776 0.00779179 0.142652
1 26.8243 45.3692 0.00890148 0.142063
1 27.9311 45.3608 0.0133043 0.142742
1 29.0375 45.353 0.0173941 0.137696
1 30.142 45.3451 0.0171333 0.13088
1 31.247 45.3373 0.0223646 0.125609
1 32.352 45.3298 0.0266424 0.122319
1 33.4558 45.3221 0.0318579 0.118745
1 34.5607 45.3142 0.0389637 0.11344
1 35.6662 45.3063 0.0483487 0.108242
1 36.7722 45.2981 0.0662135 0.0985244
1 37.8806 45.2896 0.0829391 0.0893945
1 38.9916 45.2811 0.104455 0.0820352
1 40.104 45.2725 0.124803 0.0790055
1 41.2166 45.2644 0.127428 0.0814431
1 42.3307 45.257 0.131399 0.0760883
1 43.4484 45.2491 0.151263 0.077391
1 0.790331 46.2013 -0.130098 0.0706708
1 1.90414 46.2156 -0.145666 0.0802804
1 3.01876 46.2243 -0.143506 0.0733038
1 4.13287 46.2344 -0.137498 0.0633267
1 5.24585 46.2453 -0.116782 0.0662509
1 6.35657 46.2553 -0.0909474 0.0793331
1 7.46501 46.2648 -0.0717314 0.0855796
1 8.57111 46.2736 -0.0545742 0.0958451
1 9.67654 46.2818 -0.0451115 0.100735
1 10.7812 46.2909 -0.0373648 0.103823
1 11.8851 46.2989 -0.0334951 0.115351
1 12.9901 46.3061 -0.0301602 0.115677
1 14.095 46.3151 -0.0240868 0.117824
1 15.1997 46.3231 -0.0221375 0.132161
1 16.3059 46.3305 -0.0151414 0.135208
1 17.4126 46.3398 -0.0091724 0.134658
1 18.5194 46.3482 -0.00608105 0.139521
1 19.627 46.3524 0.000310911 0.136559
1 20.7345 46.3532 -0.00379505 0.117324
1 21.8426 46.3535 -0.0041684 0.0977952
1 22.9513 46.3541 0.00356854 0.108775
1 24.0593 46.3542 0.00193113 0.130572
1 25.1669 46.3515 0.00517767 0.13861
1 26.274 46.3442 0.0107385 0.138215
1 27.3808 46.3346 0.0134111 0.135842
1 28.4877 46.3261 0.0194039 0.133155
1 29.5931 46.3185 0.0245742 0.12522
1 30.6977 46.3102 0.0255424 0.117399
1 31.8026 46.3021 0.0276009 0.113965
1 32.9068 46.2944 0.0344816 0.110021
1 34.0112 46.2861 0.0428398 0.104905
1 35.1164 46.2775 0.0482552 0.0975543
1 36.2221 46.2688 0.0654316 0.0908872
1 37.3297 46.2598 0.0865057 0.0835111
1 38.4398 46.2504 0.106149 0.0722099
1 39.5524 46.24 0.130345 0.0645326
1 40.6664 46.2298 0.138401 0.064019
1 41.7806 46.2198 0.13119 0.0693602
1 42.8957 46.2076 0.129427 0.0760281
1 44.0222 46.1938 0.131038 0.0917576
1 0.211989 47.1455 -0.161585 0.0608344
1 1.33289 47.1756 -0.157611 0.086964
1 2.44965 47.1854 -0.155444 0.0728897
1 3.56586 47.196 -0.168254 0.0503881
1 4.68108 47.2087 -0.157317 0.0421571
1 5.79437 47.2211 -0.125589 0.0535983
1 6.90491 47.2312 -0.098733 0.0581952
1 8.01266 47.2416 -0.0804922 0.0673073
1 9.11833 47.25 -0.0601273 0.0770265
1 10.2235 47.2591 -0.054663 0.0713556
1 11.3282 47.2686 -0.0465339 0.082401
1 12.4323 47.2755 -0.0401419 0.087529
1 13.5373 47.2841 -0.0386763 0.0814197
1 14.6422 47.2932 -0.0363317 0.0923863
1 15.7476 47.3003 -0.0332284 0.103277
1 16.8542 47.3086 -0.0155533 0.0974812
1 17.9617 47.3185 -0.0125305 0.0999247
1 19.0704 47.3251 -0.00273722 0.109189
1 20.1795 47.3269 0.00515225 0.097119
1 21.2883 47.3271 -0.00215186 0.0748114
1 22.3968 47.3277 0.00291987 0.0696357
1 23.5057 47.3283 -0.00291865 0.08642
1 24.6151 47.3275 -0.00356574 0.106947
1 25.7245 47.3226 0.0117404 0.106344
1 26.8326 47.3133 0.0122196 0.0971501
1 27.9394 47.3036 0.0245992 0.100548
1 29.0453 47.2961 0.0372644 0.0997481
1 30.1501 47.2882 0.0370576 0.0863994
1 31.2552 47.2792 0.0387862 0.0837883
1 32.3598 47.2716 0.0468807 0.0870953
1 33.4645 47.2636 0.0548474 0.0777354
1 34.5697 47.2543 0.0553071 0.0743311
1 35.675 47.2454 0.0729236 0.0723027
1 36.7819 47.2357 0.0906945 0.0630542
1 37.8911 47.2259 0.111845 0.0570746
1 39.0036 47.2149 0.142257 0.04795
1 40.1179 47.2026 0.160261 0.0486079
1 41.2331 47.191 0.153244 0.0570534
1 42.3486 47.1794 0.154787 0.0700179
1 43.4663 47.1622 0.170654 0.0850186
