1 0.701971 0.292488 -0.120404 -0.139412
1 1.82119 0.282923 -0.11616 -0.165235
1 2.93784 0.280937 -0.117239 -0.149135
1 4.05242 0.278269 -0.121643 -0.130834
1 5.166 0.273738 -0.117553 -0.112112
1 6.27906 0.266865 -0.119924 -0.0890492
1 7.39284 0.256271 -0.133501 -0.0742309
1 8.50848 0.244826 -0.136911 -0.0702899
1 9.62498 0.233131 -0.127096 -0.0706261
1 10.7392 0.222632 -0.104004 -0.0816775
1 11.8516 0.213018 -0.0736092 -0.0825046
1 12.9629 0.203082 -0.0458429 -0.0869632
1 14.0725 0.194598 -0.0336367 -0.0962966
1 15.1818 0.185584 -0.0152755 -0.0898109
1 16.2919 0.176063 -0.00593118 -0.0827213
1 17.4026 0.170569 -0.00262694 -0.076098
1 18.5131 0.169318 0.00634054 -0.0501653
1 19.6238 0.169344 -0.0049371 -0.0309404
1 20.7334 0.169764 -0.00963878 -0.0454098
1 21.8426 0.170068 -0.00044665 -0.0659087
1 22.9522 0.169844 0.00435766 -0.0607822
1 24.0614 0.169706 0.00853212 -0.0394626
1 25.1716 0.170242 -0.00119937 -0.038619
1 26.282 0.170593 -0.002362 -0.0644262
1 27.3926 0.173173 0.00723366 -0.0776834
1 28.5031 0.181141 0.00848255 -0.0826069
1 29.6128 0.190482 0.0260136 -0.0969682
1 30.7223 0.198076 0.0397274 -0.0932761
1 31.8323 0.207615 0.0525671 -0.0800456
1 32.9437 0.217975 0.085774 -0.0838331
1 34.0565 0.227163 0.111132 -0.0750213
1 35.1716 0.238931 0.131842 -0.0644225
1 36.2885 0.250969 0.14259 -0.0715046
1 37.4038 0.262362 0.127719 -0.0757065
1 38.5165 0.272105 0.109267 -0.0995145
1 39.6284 0.276386 0.113966 -0.130701
1 40.7427 0.277403 0.127453 -0.144551
1 41.8602 0.279991 0.128937 -0.139912
1 42.981 0.288022 0.129479 -0.156641
1 44.1065 0.318297 0.117291 -0.182346
1 0.151456 1.26928 -0.126206 -0.166602
1 1.27208 1.25445 -0.114601 -0.14883
1 2.38612 1.24901 -0.131165 -0.150446
1 3.50181 1.24641 -0.137525 -0.141253
1 4.61716 1.24378 -0.134196 -0.126733
1 5.73197 1.23872 -0.132538 -0.103577
1 6.84651 1.22978 -0.133235 -0.0814298
1 7.96145 1.21875 -0.134706 -0.0778538
1 9.07731 1.20784 -0.126015 -0.0803736
1 10.1918 1.1971 -0.10793 -0.0831401
1 11.3045 1.1876 -0.0835618 -0.0894413
1 12.4158 1.17816 -0.0565363 -0.0921674
1 13.5254 1.16874 -0.0398607 -0.0981094
1 14.6345 1.15982 -0.0258361 -0.09794
1 15.7438 1.15061 -0.0158348 -0.093818
1 16.8526 1.14295 -0.0124633 -0.0863954
1 17.9612 1.13931 -0.00816086 -0.0680205
1 19.0704 1.13877 -0.00674804 -0.0518504
1 20.1795 1.13884 -0.0034353 -0.0471787
1 21.2883 1.13927 0.00141239 -0.0643808
1 22.3972 1.13959 -0.00104905 -0.0754773
1 23.5061 1.1391 0.00185809 -0.0595374
1 24.6149 1.13914 0.00731905 -0.0475477
1 25.7242 1.13973 0.00522507 -0.0589663
1 26.8334 1.14141 0.0084937 -0.0790208
1 27.9419 1.14678 0.0117063 -0.0884233
1 29.0507 1.1557 0.0179932 -0.0916267
1 30.1598 1.1643 0.034037 -0.101773
1 31.2688 1.17281 0.0453817 -0.0957029
1 32.3788 1.18297 0.0678363 -0.0875991
1 33.4909 1.19219 0.098076 -0.0891222
1 34.604 1.20199 0.117017 -0.0794122
1 35.7194 1.21353 0.134232 -0.0757538
1 36.8353 1.22473 0.138845 -0.0772825
1 37.95 1.23548 0.132588 -0.0874334
1 39.0644 1.24266 0.125618 -0.11768
1 40.1785 1.2447 0.131792 -0.14217
1 41.2931 1.2459 0.142432 -0.149
1 42.408 1.25036 0.144703 -0.153483
1 43.5223 1.26376 0.146104 -0.135346
1 0.724515 2.22257 -0.14599 -0.143851
1 1.8388 2.21414 -0.147735 -0.12248
1 2.95379 2.20876 -0.163541 -0.129685
1 4.06963 2.20623 -0.158208 -0.127032
1 5.18574 2.20307 -0.140868 -0.107505
1 6.30051 2.19687 -0.132666 -0.0864365
1 7.41468 2.18764 -0.131481 -0.0767215
1 8.52948 2.17742 -0.125202 -0.0736837
1 9.64432 2.16719 -0.115388 -0.0756366
1 10.7575 2.15761 -0.0983054 -0.0827214
1 11.8694 2.14852 -0.0675858 -0.083046
1 12.9794 2.13922 -0.0453019 -0.0873759
1 14.088 2.12987 -0.0384456 -0.0928664
1 15.1963 2.12072 -0.0215502 -0.090547
1 16.3042 2.1125 -0.012672 -0.0850538
1 17.4116 2.10675 -0.0111506 -0.0759934
1 18.5194 2.10427 -0.0051111 -0.061834
1 19.6272 2.10407 -0.00459166 -0.053122
1 20.7348 2.10422 -0.00138585 -0.0605384
1 21.8429 2.10426 0.000251992 -0.0714286
1 22.9511 2.10432 -0.00248736 -0.0670987
1 24.0587 2.10421 0.00216189 -0.0582917
1 25.1668 2.10447 0.00642796 -0.0598579
1 26.2747 2.10594 0.00818405 -0.0677453
1 27.3819 2.1099 0.0170049 -0.0784348
1 28.4898 2.11676 0.018922 -0.0852231
1 29.5982 2.12542 0.0263211 -0.0907291
1 30.7062 2.13449 0.0415651 -0.0918262
1 31.8153 2.1437 0.0567081 -0.0850269
1 32.9262 2.15299 0.0773952 -0.0814746
1 34.038 2.16252 0.100719 -0.0788005
1 35.1515 2.17243 0.117647 -0.0753297
1 36.2665 2.18277 0.12825 -0.07382
1 37.3811 2.19316 0.135304 -0.0802591
1 38.496 2.20107 0.13912 -0.0963162
1 39.6117 2.20486 0.148723 -0.117457
1 40.7273 2.20709 0.147414 -0.127677
1 41.8417 2.21082 0.138517 -0.131507
1 42.955 2.21771 0.116241 -0.121965
1 44.0765 2.22791 0.108171 -0.0975469
1 0.168179 3.18358 -0.0702883 -0.0997325
1 1.28979 3.17886 -0.113541 -0.107302
1 2.40465 3.17115 -0.13399 -0.0954557
1 3.52086 3.16616 -0.151353 -0.104189
1 4.63746 3.16329 -0.141079 -0.101968
1 5.75291 3.16012 -0.122545 -0.086665
1 6.86695 3.15382 -0.114719 -0.0678534
1 7.98066 3.14496 -0.110277 -0.0608743
1 9.09497 3.13541 -0.104545 -0.0597579
1 10.2085 3.12597 -0.093391 -0.0610133
1 11.3207 3.11712 -0.0713958 -0.0650423
1 12.4313 3.10809 -0.0476099 -0.0679927
1 13.5404 3.09898 -0.0358359 -0.0719346
1 14.6484 3.08982 -0.0212629 -0.0718109
1 15.7556 3.0811 -0.0124654 -0.0699584
1 16.8623 3.0742 -0.00991721 -0.0621018
1 17.9687 3.06992 -0.00410623 -0.0517194
1 19.0753 3.06833 -0.00222308 -0.0471936
1 20.1822 3.06799 -0.000969375 -0.0421128
1 21.2896 3.06787 0.00203734 -0.0512522
1 22.3969 3.06802 0.000856342 -0.0585275
1 23.5041 3.06801 -0.000576626 -0.0483852
1 24.611 3.06837 0.00177422 -0.0456528
1 25.7179 3.06944 3.18424e-05 -0.0509566
1 26.8246 3.07229 0.00353135 -0.055808
1 27.9312 3.07775 0.0125087 -0.0649006
1 29.0382 3.08554 0.0188305 -0.0699669
1 30.1457 3.09443 0.0276314 -0.0706982
1 31.2538 3.10343 0.0383066 -0.0693674
1 32.3633 3.11267 0.0558551 -0.064726
1 33.4745 3.1218 0.0807975 -0.0622404
1 34.5868 3.13105 0.0982056 -0.0594629
1 35.7008 3.14071 0.108975 -0.0614798
1 36.8151 3.15009 0.114408 -0.0643632
1 37.9288 3.15797 0.11759 -0.0765028
1 39.0433 3.16223 0.130026 -0.100602
1 40.1589 3.16444 0.154305 -0.10003
1 41.2752 3.16857 0.16543 -0.0954832
1 42.3914 3.17442 0.148163 -0.0993183
1 43.5071 3.18111 0.129354 -0.102877
1 0.733539 4.13966 -0.121482 -0.0833479
1 1.85269 4.13343 -0.143708 -0.0841179
1 2.96959 4.12626 -0.14842 -0.0882944
1 4.08612 4.12239 -0.132412 -0.10162
1 5.2015 4.12084 -0.108647 -0.104928
1 6.31515 4.11788 -0.0957481 -0.086792
1 7.42832 4.11154 -0.0971969 -0.0713749
1 8.54276 4.10313 -0.0930442 -0.0634271
1 9.65681 4.09409 -0.0875243 -0.0642198
1 10.7693 4.08534 -0.071436 -0.0668312
1 11.8805 4.07662 -0.0441949 -0.0690663
1 12.9901 4.06759 -0.0319395 -0.0736852
1 14.0981 4.05846 -0.0220287 -0.0762615
1 15.2053 4.04977 -0.00978443 -0.0730975
1 16.3117 4.04209 -0.00723659 -0.0715956
1 17.4176 4.03644 0.00104293 -0.0662207
1 18.5236 4.03319 0.00477047 -0.057662
1 19.6299 4.03197 -0.0029494 -0.0544657
1 20.7363 4.03166 -0.00202595 -0.0583355
1 21.843 4.03162 0.00108461 -0.0645642
1 22.9501 4.03171 -0.0028012 -0.0626906
1 24.0569 4.03187 -0.00178713 -0.0575875
1 25.1634 4.03273 0.00295915 -0.0579367
1 26.2696 4.03513 0.0035981 -0.0619488
1 27.3754 4.03948 0.00759181 -0.0678397
1 28.4816 4.04593 0.00680601 -0.0724602
1 29.5886 4.05397 0.00865656 -0.0730702
1 30.6958 4.0631 0.0245986 -0.073438
1 31.8043 4.07215 0.0383314 -0.0703484
1 32.9145 4.08111 0.0553606 -0.0667731
1 34.0261 4.09015 0.0806598 -0.0647806
1 35.1393 4.09907 0.0911928 -0.063774
1 36.2538 4.10797 0.0959416 -0.0655106
1 37.3679 4.11591 0.0976893 -0.0791478
1 38.4815 4.12054 0.099584 -0.100514
1 39.5959 4.12151 0.11028 -0.104862
1 40.7111 4.12413 0.12277 -0.0927673
1 41.8272 4.1294 0.125338 -0.0864418
1 42.9437 4.13666 0.10206 -0.0843964
1 44.0677 4.13936 0.0654836 -0.0949434
1 0.17304 5.09946 -0.0866077 -0.0790646
1 1.29773 5.09343 -0.0997519 -0.0724434
1 2.41549 5.08766 -0.112463 -0.0890282
1 3.53073 5.08266 -0.109094 -0.104304
1 4.64487 5.0808 -0.092004 -0.119213
1 5.75882 5.08086 -0.0852141 -0.118445
1 6.87233 5.07815 -0.0905267 -0.101973
1 7.98656 5.07145 -0.0929193 -0.0886636
1 9.10152 5.06366 -0.0887347 -0.0870903
1 10.2153 5.05567 -0.0769819 -0.0901956
1 11.3272 5.04708 -0.0526226 -0.0938008
1 12.4374 5.03843 -0.0371929 -0.0990196
1 13.5463 5.02954 -0.0240048 -0.104048
1 14.6534 5.0208 -0.00734747 -0.105877
1 15.76 5.01287 -0.0076237 -0.105695
1 16.866 5.00673 -0.00731091 -0.101851
1 17.9713 5.00239 -0.00343376 -0.0989524
1 19.077 4.99974 -0.00315575 -0.0984814
1 20.1834 4.9988 0.000260538 -0.0935747
1 21.2902 4.99866 0.000131719 -0.0959705
1 22.3967 4.99874 0.000326717 -0.102182
1 23.5035 4.99893 0.00296927 -0.0971768
1 24.6095 4.99942 0.00320343 -0.0951253
1 25.7152 5.00125 8.18783e-05 -0.0992508
1 26.8214 5.00476 -0.000376379 -0.100868
1 27.9274 5.00992 0.00432001 -0.102578
1 29.0335 5.01687 0.0116491 -0.106912
1 30.1404 5.02507 0.0204585 -0.104527
1 31.248 5.03395 0.0284448 -0.0997892
1 32.3572 5.04285 0.0421338 -0.0968805
1 33.4683 5.05149 0.0656962 -0.0912896
1 34.5809 5.06005 0.0803381 -0.0850835
1 35.695 5.0683 0.0883597 -0.0867584
1 36.81 5.07586 0.0935445 -0.0947749
1 37.9238 5.08085 0.0881671 -0.109987
1 39.0378 5.08138 0.0871385 -0.126484
1 40.1518 5.08158 0.104658 -0.114114
1 41.2665 5.08486 0.123425 -0.0938278
1 42.3835 5.09042 0.121135 -0.0742422
1 43.5038 5.0955 0.114454 -0.073441
1 0.738942 6.05345 -0.118799 -0.0623009
1 1.85723 6.04788 -0.111248 -0.0699814
1 2.97334 6.04424 -0.108251 -0.0844267
1 4.08718 6.04189 -0.0972584 -0.108958
1 5.2004 6.04197 -0.08232 -0.12599
1 6.3139 6.04266 -0.0842824 -0.116203
1 7.42846 6.03974 -0.0967365 -0.103706
1 8.54428 6.03392 -0.0975572 -0.0984298
1 9.65932 6.02695 -0.088442 -0.0974841
1 10.7726 6.0193 -0.0700736 -0.102046
1 11.8841 6.01139 -0.0460161 -0.109262
1 12.9937 6.00288 -0.0332646 -0.113417
1 14.1011 5.99444 -0.0183322 -0.118816
1 15.2076 5.98668 -0.0120561 -0.119752
1 16.3138 5.97984 -0.00807527 -0.11659
1 17.4195 5.9749 0.00265049 -0.113693
1 18.5254 5.97188 -0.00170942 -0.112352
1 19.6309 5.96983 -0.00747762 -0.111673
1 20.7367 5.96906 -0.00341455 -0.110893
1 21.8429 5.96913 -0.000265482 -0.110794
1 22.9495 5.96919 1.46345e-06 -0.110099
1 24.0562 5.96942 0.00241112 -0.110365
1 25.1621 5.97088 0.0044892 -0.112299
1 26.2679 5.97381 0.00636052 -0.114616
1 27.3736 5.97763 0.0112693 -0.11542
1 28.4793 5.98329 0.0104887 -0.116736
1 29.5859 5.99054 0.0101832 -0.119222
1 30.693 5.99863 0.0247494 -0.11743
1 31.8012 6.00712 0.0363028 -0.110822
1 32.9112 6.01544 0.0517283 -0.103548
1 34.0233 6.02348 0.0789032 -0.0994111
1 35.1374 6.03097 0.0924681 -0.0968917
1 36.2531 6.03755 0.0974397 -0.0984275
1 37.3687 6.04254 0.0929601 -0.110322
1 38.4833 6.04321 0.0806754 -0.126781
1 39.5967 6.04215 0.0839764 -0.118463
1 40.7097 6.04313 0.0898626 -0.098681
1 41.8242 6.04565 0.0930963 -0.0783853
1 42.9409 6.04971 0.0953357 -0.0627071
1 44.0647 6.05576 0.0960358 -0.0601572
1 0.176239 7.01183 -0.0978422 -0.0364222
1 1.29985 7.0084 -0.0984401 -0.0549443
1 2.41478 7.00496 -0.0951626 -0.0679068
1 3.52846 7.00335 -0.0880066 -0.0781963
1 4.64133 7.00295 -0.0772008 -0.0960702
1 5.75451 7.00456 -0.0809598 -0.112127
1 6.86897 7.00488 -0.0985163 -0.103124
1 7.98535 7.00201 -0.104296 -0.0929234
1 9.10211 6.99719 -0.0989532 -0.0894938
1 10.2171 6.99101 -0.0858513 -0.0923759
1 11.3297 6.98395 -0.0558475 -0.0933309
1 12.4401 6.97632 -0.0391965 -0.0991302
1 13.5485 6.96843 -0.0277111 -0.104507
1 14.6553 6.96058 -0.0137094 -0.103449
1 15.7618 6.95354 -0.0153472 -0.102292
1 16.8672 6.94823 -0.010376 -0.100164
1 17.9725 6.9445 -0.0091733 -0.0962815
1 19.0783 6.94186 -0.00579628 -0.0947862
1 20.1841 6.94045 -0.000486815 -0.0942867
1 21.2906 6.94002 -0.00419527 -0.092527
1 22.3967 6.93993 -0.0008618 -0.0920741
1 23.5029 6.9403 0.00795415 -0.0946248
1 24.6086 6.94125 0.00829255 -0.094935
1 25.7138 6.94338 0.00197391 -0.0949455
1 26.8199 6.94666 0.00158016 -0.0983798
1 27.9257 6.95099 0.00946792 -0.100544
1 29.0316 6.95713 0.0156312 -0.102741
1 30.1382 6.96454 0.0236847 -0.104645
1 31.2454 6.97241 0.0354201 -0.101004
1 32.3545 6.98027 0.0474658 -0.096724
1 33.4662 6.98755 0.0747017 -0.0930769
1 34.5797 6.9943 0.0974443 -0.0892977
1 35.6959 7.0001 0.106867 -0.0902542
1 36.8131 7.00427 0.106171 -0.0953637
1 37.9286 7.00571 0.0902561 -0.106473
1 39.0423 7.00433 0.0790711 -0.107201
1 40.1556 7.00365 0.0884099 -0.0872969
1 41.269 7.00428 0.102948 -0.0746133
1 42.3834 7.00638 0.110403 -0.0652254
1 43.4996 7.0102 0.122061 -0.0516272
1 0.74039 7.96643 -0.113185 -0.0413046
1 1.85653 7.96527 -0.110505 -0.0556645
1 2.96952 7.96376 -0.108197 -0.0638162
1 4.08202 7.9632 -0.092111 -0.0708661
1 5.19488 7.96414 -0.0738267 -0.0857297
1 6.30854 7.9661 -0.0890737 -0.0860125
1 7.42455 7.96583 -0.116128 -0.0842645
1 8.54254 7.96342 -0.117982 -0.0792239
1 9.65986 7.9592 -0.107425 -0.0756414
1 10.7744 7.95385 -0.0838383 -0.0767713
1 11.8865 7.94712 -0.0534903 -0.0775421
1 12.9959 7.9399 -0.0369625 -0.0780588
1 14.103 7.93239 -0.0245648 -0.0794043
1 15.2095 7.92518 -0.0187659 -0.0790078
1 16.3153 7.91925 -0.00848732 -0.0747173
1 17.4209 7.91507 0.000895451 -0.0702788
1 18.5269 7.91216 -0.00636753 -0.0687236
1 19.6316 7.91001 -0.00869989 -0.0666204
1 20.7369 7.90899 -0.00448282 -0.0674345
1 21.843 7.90877 0.00299665 -0.0659252
1 22.9488 7.90881 0.00387771 -0.0633029
1 24.0553 7.90949 0.00147775 -0.0665564
1 25.1614 7.91113 0.00496376 -0.0690035
1 26.267 7.91387 0.00743513 -0.0685327
1 27.3724 7.91745 0.0137813 -0.0714964
1 28.4777 7.92234 0.015229 -0.0765549
1 29.5839 7.92899 0.0120548 -0.0786336
1 30.6908 7.93632 0.0300827 -0.0799469
1 31.7991 7.94361 0.0444641 -0.0781135
1 32.9094 7.95061 0.0608795 -0.0776431
1 34.0221 7.95669 0.0920734 -0.0780935
1 35.1379 7.96143 0.110705 -0.07635
1 36.256 7.96502 0.115406 -0.0784634
1 37.3731 7.9668 0.10417 -0.0858014
1 38.4883 7.96586 0.0779792 -0.0877217
1 39.6015 7.96392 0.0782828 -0.0757772
1 40.714 7.96405 0.0952344 -0.0679521
1 41.8266 7.96499 0.098675 -0.0652267
1 42.9407 7.96635 0.0946499 -0.0516217
1 44.0649 7.96599 0.0845193 -0.0304572
1 0.172727 8.91932 -0.0774547 -0.0330385
1 1.29766 8.92246 -0.0839029 -0.0431731
1 2.41265 8.92365 -0.0931013 -0.0560671
1 3.52481 8.92326 -0.10135 -0.0593308
1 4.6364 8.92331 -0.0853524 -0.0657954
1 5.74894 8.92472 -0.0800328 -0.0702837
1 6.86373 8.92593 -0.103355 -0.0677145
1 7.98158 8.92539 -0.124125 -0.0652751
1 9.10048 8.92306 -0.123961 -0.066965
1 10.2173 8.91961 -0.10451 -0.0645963
1 11.3312 8.91466 -0.0690995 -0.058837
1 12.442 8.90832 -0.0489458 -0.0600739
1 13.5503 8.90139 -0.0322607 -0.058993
1 14.6571 8.89426 -0.0157274 -0.0542527
1 15.7633 8.88787 -0.0166441 -0.0525809
1 16.8681 8.88306 -0.0114032 -0.0484535
1 17.9735 8.87958 -0.00762 -0.042001
1 19.0793 8.87709 -0.00237619 -0.0415873
1 20.1846 8.87554 -0.0016998 -0.0418245
1 21.2907 8.87488 -0.00591981 -0.0389058
1 22.3966 8.87458 -0.00260482 -0.0366796
1 23.5027 8.87501 0.00205817 -0.0428351
1 24.6079 8.87652 0.0100291 -0.0445501
1 25.7127 8.87851 0.00860325 -0.0408062
1 26.8186 8.88139 0.000571288 -0.0429799
1 27.9243 8.88562 0.0113557 -0.0501822
1 29.0303 8.89126 0.0198861 -0.0533776
1 30.1368 8.89802 0.027058 -0.0557492
1 31.2438 8.90501 0.0437124 -0.0590624
1 32.3531 8.91169 0.0571171 -0.060592
1 33.4656 8.91731 0.0857868 -0.0622085
1 34.5806 8.92142 0.114899 -0.0647883
1 35.6985 8.92456 0.127962 -0.0677645
1 36.8174 8.92608 0.118058 -0.06752
1 37.9338 8.92571 0.0892128 -0.0661771
1 39.0473 8.92445 0.0805014 -0.0697095
1 40.159 8.92372 0.101822 -0.0646514
1 41.2712 8.92388 0.1135 -0.055501
1 42.3851 8.92362 0.107794 -0.0514904
1 43.5027 8.92146 0.102356 -0.0402277
1 0.734007 9.87537 -0.0931057 -0.0411915
1 1.85232 9.87959 -0.100113 -0.043616
1 2.96772 9.88219 -0.107514 -0.0428495
1 4.08026 9.88291 -0.106165 -0.0536247
1 5.19175 9.8836 -0.0894972 -0.0578488
1 6.30382 9.88422 -0.0926403 -0.051671
1 7.41933 9.88433 -0.119236 -0.0481428
1 8.539 9.8836 -0.130839 -0.0505638
1 9.65807 9.88182 -0.124897 -0.0515594
1 10.7738 9.8785 -0.0969723 -0.0477312
1 11.8871 9.87385 -0.0619718 -0.0415937
1 12.997 9.86807 -0.0451584 -0.0372926
1 14.1041 9.86114 -0.0292657 -0.0349503
1 15.2105 9.85455 -0.0186724 -0.0318165
1 16.3163 9.84909 -0.0103616 -0.0247383
1 17.4219 9.84488 -0.00368613 -0.0182496
1 18.5278 9.84202 -0.0042729 -0.0175129
1 19.6321 9.84026 -0.00723594 -0.0174306
1 20.7373 9.8389 -0.00771795 -0.0156155
1 21.8431 9.83813 0.00669902 -0.0132542
1 22.9488 9.83845 0.00875683 -0.0140326
1 24.055 9.83985 -0.00140067 -0.0177504
1 25.1603 9.84131 0.00311142 -0.0183453
1 26.266 9.8434 0.00645363 -0.0173865
1 27.3716 9.84711 0.00971414 -0.0209603
1 28.4767 9.85197 0.0160717 -0.0280247
1 29.5826 9.85802 0.0157919 -0.0318091
1 30.6893 9.8649 0.0356147 -0.0371266
1 31.7977 9.8711 0.0515185 -0.0401238
1 32.9091 9.87624 0.0753189 -0.0435277
1 34.0236 9.88035 0.118305 -0.052826
1 35.1411 9.8828 0.132022 -0.052938
1 36.2612 9.88391 0.124811 -0.0476968
1 37.3791 9.88445 0.106311 -0.0485851
1 38.4928 9.88421 0.0848376 -0.0544793
1 39.6042 9.8837 0.0885852 -0.054178
1 40.7156 9.88309 0.093225 -0.0480054
1 41.8289 9.88157 0.0847949 -0.0451772
1 42.9455 9.87767 0.0769924 -0.0372933
1 44.0712 9.87283 0.0723597 -0.0403476
1 0.164904 10.8261 -0.0684935 -0.0404904
1 1.29091 10.8321 -0.0714524 -0.0354047
1 2.40842 10.8375 -0.0810471 -0.039977
1 3.523 10.841 -0.0832061 -0.0378513
1 4.63503 10.8427 -0.0826926 -0.045427
1 5.74654 10.8435 -0.0868752 -0.0509626
1 6.8589 10.843 -0.111381 -0.0438325
1 7.97561 10.8416 -0.130935 -0.0397041
1 9.09586 10.8408 -0.135646 -0.0439517
1 10.2149 10.8395 -0.122061 -0.045565
1 11.3301 10.8366 -0.0840934 -0.0410497
1 12.442 10.8322 -0.0573068 -0.0319977
1 13.551 10.8264 -0.0371213 -0.025535
1 14.6579 10.82 -0.019634 -0.0226057
1 15.7638 10.8139 -0.0193452 -0.0168269
1 16.8688 10.8089 -0.0109963 -0.00839538
1 17.9742 10.8056 -0.00273539 -0.00219577
1 19.0797 10.8035 0.000643378 -0.00361821
1 20.1852 10.802 -0.00281924 -0.00270435
1 21.2909 10.8007 -0.008053 0.000123416
1 22.3961 10.8004 -0.00514884 -0.0011464
1 23.5024 10.8012 0.00351956 -0.00255968
1 24.6077 10.803 0.0111363 -0.00160247
1 25.712 10.8046 0.00721809 -0.00427578
1 26.818 10.8071 -0.000438642 -0.00668188
1 27.9237 10.8115 0.0121851 -0.0104447
1 29.0296 10.8172 0.0226793 -0.0190246
1 30.136 10.8235 0.028801 -0.0243214
1 31.2434 10.8295 0.0487808 -0.0283322
1 32.3536 10.8345 0.0698355 -0.0379384
1 33.4673 10.8381 0.105685 -0.0447014
1 34.5844 10.8402 0.129443 -0.0434822
1 35.7043 10.841 0.132896 -0.0438046
1 36.8232 10.8421 0.122777 -0.0404412
1 37.9372 10.8435 0.0952001 -0.0438664
1 39.0485 10.8436 0.0858138 -0.0490076
1 40.1607 10.8423 0.0959201 -0.0413456
1 41.2747 10.8396 0.0997419 -0.0339347
1 42.3918 10.8349 0.0954363 -0.0366505
1 43.5108 10.8295 0.087513 -0.0395191
1 0.724687 11.7836 -0.0799889 -0.0388942
1 1.84374 11.7898 -0.086097 -0.0319379
1 2.96149 11.7955 -0.0928759 -0.0308708
1 4.07661 11.7995 -0.0880795 -0.0309777
1 5.18986 11.802 -0.0781393 -0.0395729
1 6.30167 11.8025 -0.0897605 -0.0357791
1 7.415 11.8005 -0.124394 -0.0372316
1 8.53261 11.7983 -0.140092 -0.042499
1 9.65242 11.7972 -0.135686 -0.0430345
1 10.7704 11.7962 -0.110908 -0.043703
1 11.8855 11.794 -0.0773714 -0.0384288
1 12.9967 11.7897 -0.055643 -0.0286995
1 14.1045 11.7841 -0.033491 -0.0206795
1 15.211 11.7783 -0.0204768 -0.0150965
1 16.3166 11.7725 -0.0108955 -0.00810527
1 17.422 11.768 -0.00164776 -0.000518765
1 18.5276 11.7655 -0.0042095 0.00454785
1 19.6322 11.764 -0.00752788 0.0049107
1 20.7377 11.7624 -0.00409269 0.00568796
1 21.8435 11.7614 0.00395795 0.00526945
1 22.9488 11.762 0.00763366 0.00400097
1 24.0546 11.7634 0.00296142 0.00515751
1 25.1598 11.7648 -0.00203368 0.00535237
1 26.2659 11.7668 0.00179627 0.00127865
1 27.3714 11.7704 0.0122414 -0.00479781
1 28.476 11.7753 0.0201986 -0.011457
1 29.5823 11.7813 0.0208639 -0.0160041
1 30.6896 11.7872 0.0432878 -0.0253861
1 31.7988 11.792 0.064014 -0.0346396
1 32.9116 11.7952 0.0867537 -0.0407174
1 34.028 11.7967 0.125424 -0.0444705
1 35.1471 11.7976 0.139673 -0.0437031
1 36.2664 11.7992 0.134835 -0.0374995
1 37.382 11.8019 0.110667 -0.0348267
1 38.4945 11.8029 0.0779764 -0.0385382
1 39.6067 11.801 0.0728626 -0.0332898
1 40.72 11.798 0.0770056 -0.0306877
1 41.8356 11.7927 0.0797493 -0.0337789
1 42.9538 11.7867 0.0714499 -0.0305327
1 44.0799 11.7804 0.058257 -0.033293
1 0.155442 12.7352 -0.0558772 -0.028546
1 1.28107 12.7418 -0.0696592 -0.0266705
1 2.3992 12.7481 -0.0791211 -0.0292166
1 3.51575 12.7542 -0.0783855 -0.0260839
1 4.63003 12.7582 -0.0677802 -0.0254418
1 5.74336 12.761 -0.0714324 -0.0274603
1 6.85686 12.7605 -0.10117 -0.0237267
1 7.97223 12.7577 -0.129221 -0.0304358
1 9.09035 12.7551 -0.143396 -0.0419098
1 10.2091 12.7537 -0.131841 -0.0456014
1 11.326 12.7528 -0.0931555 -0.0420393
1 12.44 12.7508 -0.0652205 -0.0351548
1 13.5503 12.747 -0.0455558 -0.028396
1 14.6576 12.7418 -0.0258673 -0.0179773
1 15.7637 12.7361 -0.0223037 -0.00847067
1 16.8687 12.7309 -0.0117018 -0.00286368
1 17.9739 12.7274 -0.00407573 0.00346956
1 19.0795 12.7252 -0.00221797 0.0102185
1 20.1853 12.7239 -0.00125717 0.0120643
1 21.2911 12.7227 -0.00623188 0.00819303
1 22.396 12.7225 -0.0055585 0.00602305
1 23.5021 12.7232 0.00704905 0.0120318
1 24.6079 12.7247 0.00806053 0.012184
1 25.7126 12.7264 0.0024385 0.00470904
1 26.8182 12.7291 0.00383153 0.000209973
1 27.9236 12.7334 0.0129799 -0.00407932
1 29.0295 12.739 0.0228128 -0.0146858
1 30.1363 12.7444 0.0385921 -0.023053
1 31.2443 12.7491 0.0606881 -0.027931
1 32.3566 12.7521 0.079224 -0.0391786
1 33.4724 12.7532 0.115592 -0.0463085
1 34.59 12.7541 0.143255 -0.0416395
1 35.709 12.7564 0.141285 -0.0366768
1 36.8261 12.7593 0.117929 -0.0259671
1 37.9401 12.7612 0.0803908 -0.0220873
1 39.0532 12.7601 0.0673823 -0.0286522
1 40.1672 12.7566 0.0807266 -0.0246715
1 41.2831 12.7514 0.0912249 -0.0287929
1 42.4012 12.7449 0.0873567 -0.0279383
1 43.5207 12.7382 0.0788552 -0.028784
1 0.714111 13.6937 -0.0815766 -0.0230154
1 1.83365 13.7006 -0.0872404 -0.0231727
1 2.9515 13.7074 -0.092894 -0.0230233
1 4.06795 13.7134 -0.0828434 -0.0199573
1 5.18256 13.7177 -0.0651806 -0.0171432
1 6.29673 13.7194 -0.073285 -0.0106021
1 7.41183 13.7181 -0.107235 -0.0126442
1 8.52944 13.7153 -0.133703 -0.023949
1 9.64789 13.7125 -0.1416 -0.0374027
1 10.765 13.7108 -0.125169 -0.0452465
1 11.8809 13.7097 -0.0883118 -0.0403976
1 12.9939 13.7078 -0.0605256 -0.0331721
1 14.1032 13.7046 -0.0402909 -0.0235086
1 15.2105 13.6996 -0.0300633 -0.0130863
1 16.3163 13.6941 -0.0173058 -0.0056855
1 17.4216 13.6898 -0.0020757 0.00106784
1 18.5272 13.6869 -0.00455735 0.0113674
1 19.632 13.6851 -0.00682693 0.0179834
1 20.7377 13.684 -0.0016856 0.0154808
1 21.8437 13.6837 0.00311091 0.0114714
1 22.9487 13.6838 0.00457834 0.0132778
1 24.0543 13.6844 0.00277003 0.0155059
1 25.1603 13.686 0.0011183 0.0149679
1 26.2665 13.6885 0.00362892 0.00909147
1 27.3718 13.6919 0.0123051 -0.00231969
1 28.4766 13.6968 0.0257331 -0.010263
1 29.5833 13.7024 0.0316813 -0.016923
1 30.6914 13.7064 0.0479524 -0.0282105
1 31.8023 13.7088 0.0697243 -0.0372836
1 32.9168 13.7103 0.101941 -0.0429389
1 34.033 13.7115 0.138079 -0.0439095
1 35.1507 13.7137 0.139061 -0.0305127
1 36.2692 13.7169 0.118808 -0.0143164
1 37.3855 13.7192 0.088845 -0.0110187
1 38.5003 13.7191 0.0656262 -0.0139245
1 39.6147 13.7158 0.0656841 -0.0179528
1 40.7296 13.7106 0.0779592 -0.0224188
1 41.8462 13.704 0.0757763 -0.0219242
1 42.9643 13.6972 0.0662921 -0.0204281
1 44.0892 13.6902 0.0505017 -0.020308
1 0.147431 14.6469 -0.0537487 -0.0137094
1 1.27103 14.6533 -0.0654484 -0.0201441
1 2.38833 14.6604 -0.0746062 -0.0269704
1 3.50486 14.6668 -0.0776288 -0.0264012
1 4.62007 14.6725 -0.0660006 -0.0204502
1 5.73485 14.676 -0.0622807 -0.012452
1 6.85032 14.6768 -0.083385 -0.00662646
1 7.9678 14.6751 -0.109422 -0.00655634
1 9.08675 14.6723 -0.127934 -0.020348
1 10.2049 14.6697 -0.134165 -0.0368618
1 11.3212 14.6678 -0.110983 -0.0463178
1 12.4353 14.6665 -0.0811049 -0.0465527
1 13.5467 14.6649 -0.0545667 -0.0356993
1 14.6559 14.6615 -0.0317825 -0.0222756
1 15.7631 14.6569 -0.0288035 -0.0170977
1 16.8679 14.6525 -0.0168208 -0.00941352
1 17.973 14.6486 -0.00529949 0.00424795
1 19.0791 14.6457 -0.00144335 0.0145514
1 20.1852 14.6446 -0.00104437 0.0154574
1 21.291 14.6444 -0.00354764 0.0123026
1 22.396 14.6444 -0.00209359 0.0100571
1 23.502 14.6445 0.00187884 0.0135454
1 24.608 14.6452 0.00262588 0.0142043
1 25.7131 14.6471 0.00592907 0.00975811
1 26.8189 14.6503 0.00929048 -0.00170966
1 27.9244 14.6548 0.0185981 -0.0121974
1 29.0307 14.6595 0.0319033 -0.0184865
1 30.139 14.6633 0.0475217 -0.0274387
1 31.2489 14.6658 0.0692092 -0.0416336
1 32.3617 14.6672 0.0932866 -0.0497636
1 33.4768 14.6687 0.124831 -0.042477
1 34.5935 14.671 0.131228 -0.0267094
1 35.7123 14.6739 0.117047 -0.0144117
1 36.8308 14.6762 0.0985521 -0.00575058
1 37.947 14.6767 0.0701523 -0.0079154
1 39.0621 14.6746 0.0670754 -0.0184472
1 40.1774 14.6697 0.0872453 -0.0265798
1 41.2942 14.6634 0.0987457 -0.0244497
1 42.4123 14.6566 0.0922791 -0.0239811
1 43.5317 14.65 0.0836443 -0.0176441
1 0.704111 15.6073 -0.0810891 -0.0166005
1 1.82227 15.6137 -0.0892269 -0.0208423
1 2.93996 15.6201 -0.0998398 -0.022565
1 4.05667 15.6263 -0.0918664 -0.0258516
1 5.17262 15.6313 -0.0717964 -0.0173957
1 6.28784 15.6338 -0.0684114 -0.00731376
1 7.40464 15.6337 -0.0934151 -0.00209416
1 8.52428 15.632 -0.111238 -0.00293837
1 9.64386 15.6295 -0.118287 -0.0122816
1 10.7611 15.6271 -0.11357 -0.0309267
1 11.8765 15.6255 -0.0960053 -0.045344
1 12.9893 15.624 -0.0816664 -0.0444697
1 14.0993 15.6217 -0.0563378 -0.0364834
1 15.2079 15.6186 -0.033507 -0.0261585
1 16.3148 15.6149 -0.0201447 -0.0142656
1 17.4206 15.6107 -0.00902853 -0.00307665
1 18.5265 15.607 -0.00899488 0.00694704
1 19.6317 15.6049 -0.00427442 0.014762
1 20.7376 15.6047 0.00126425 0.0148222
1 21.8435 15.6051 0.00343902 0.0121526
1 22.9486 15.605 0.000840832 0.0132271
1 24.0547 15.6048 9.98049e-05 0.0148038
1 25.161 15.6059 0.0046555 0.0118639
1 26.2672 15.609 0.00741516 0.00224909
1 27.3729 15.613 0.0161363 -0.00960332
1 28.4785 15.6168 0.0312122 -0.0183157
1 29.5863 15.6203 0.0410811 -0.028515
1 30.6956 15.6229 0.0645561 -0.0422607
1 31.8069 15.6246 0.0868145 -0.0482775
1 32.9209 15.6262 0.10511 -0.0376996
1 34.0369 15.6282 0.119864 -0.0215673
1 35.1554 15.6309 0.113979 -0.00767496
1 36.2754 15.6331 0.103323 -0.000635948
1 37.3941 15.634 0.0820362 -0.00509249
1 38.5103 15.6328 0.0623651 -0.0122248
1 39.6256 15.629 0.0658234 -0.0201403
1 40.7407 15.6232 0.0767009 -0.025886
1 41.8569 15.6169 0.0763932 -0.0241382
1 42.9735 15.6103 0.0658299 -0.0175568
1 44.096 15.6051 0.0565606 -0.0135095
1 0.139521 16.5626 -0.0575494 -0.0118634
1 1.26122 16.5686 -0.0647124 -0.0116499
1 2.3774 16.5744 -0.07545 -0.0157715
1 3.49343 16.5804 -0.0768145 -0.0180247
1 4.60876 16.5857 -0.0694978 -0.014714
1 5.72414 16.5898 -0.0635624 -0.00700479
1 6.84061 16.591 -0.0825849 0.00159719
1 7.96006 16.5905 -0.101646 0.00405289
1 9.08095 16.589 -0.107131 0.00293414
1 10.2002 16.5868 -0.10569 -0.00466177
1 11.3169 16.5847 -0.0910877 -0.0214899
1 12.4314 16.5832 -0.0805627 -0.0379011
1 13.543 16.5817 -0.0705611 -0.0416769
1 14.6521 16.5794 -0.0501732 -0.035776
1 15.7598 16.5764 -0.038624 -0.0237035
1 16.8658 16.5729 -0.0210784 -0.0068398
1 17.9721 16.5689 -0.00960961 0.00716085
1 19.0787 16.5659 -0.00390524 0.0121491
1 20.1847 16.5649 0.00195315 0.0157566
1 21.2906 16.5654 -0.000548153 0.0206165
1 22.3962 16.5657 -0.00401086 0.020633
1 23.5026 16.5653 -0.00218599 0.0179526
1 24.6084 16.5654 0.0040856 0.0136642
1 25.7137 16.5674 0.0102717 0.00931556
1 26.8205 16.571 0.0122 0.000946633
1 27.9272 16.5749 0.02499 -0.0137717
1 29.0341 16.5779 0.0436898 -0.0312235
1 30.1425 16.5804 0.0632457 -0.0412073
1 31.2526 16.5824 0.0790725 -0.0408327
1 32.3655 16.5838 0.0854627 -0.0305433
1 33.481 16.5855 0.101786 -0.0111427
1 34.5988 16.588 0.107431 0.00166781
1 35.7192 16.59 0.105156 0.00286577
1 36.8397 16.5909 0.0952059 0.00427952
1 37.9573 16.5908 0.0687503 -0.000561475
1 39.0729 16.588 0.0699189 -0.0131257
1 40.1889 16.583 0.0916691 -0.0155174
1 41.3054 16.5773 0.0985957 -0.0175771
1 42.4227 16.5714 0.0890611 -0.0149971
1 43.5403 16.5659 0.0818763 -0.0118567
1 0.693817 17.5247 -0.0800876 -0.00903904
1 1.8116 17.5299 -0.08669 -0.0120168
1 2.92862 17.5351 -0.0959704 -0.0198132
1 4.04512 17.5402 -0.0871009 -0.0195028
1 5.16098 17.5448 -0.0700666 -0.017605
1 6.27685 17.5473 -0.0715074 -0.00463088
1 7.39473 17.5474 -0.093621 -0.00211443
1 8.51612 17.547 -0.107479 -0.00215012
1 9.63771 17.5456 -0.105337 0.000291373
1 10.7561 17.5437 -0.0884917 -0.00724506
1 11.872 17.5419 -0.0694128 -0.022868
1 12.9857 17.5404 -0.0688234 -0.0356088
1 14.0962 17.5391 -0.0622248 -0.046768
1 15.2046 17.5374 -0.049099 -0.0439364
1 16.3117 17.5342 -0.036093 -0.0256649
1 17.4186 17.5301 -0.0190618 -0.00900222
1 18.5255 17.5268 -0.0104685 -0.00102645
1 19.6307 17.5253 -0.00183011 0.00573704
1 20.7366 17.5251 0.000732131 0.0130246
1 21.8432 17.5254 0.0034768 0.0185398
1 22.9492 17.5254 0.00455003 0.0176914
1 24.0556 17.5254 -0.000179066 0.00922256
1 25.1619 17.5262 0.000835852 0.001901
1 26.2688 17.5286 0.0114004 -0.00392582
1 27.3756 17.5324 0.0319697 -0.0167591
1 28.4818 17.5359 0.0481431 -0.0362452
1 29.5896 17.5383 0.050079 -0.0479329
1 30.699 17.5397 0.0608345 -0.0430346
1 31.8108 17.5409 0.0659421 -0.0277761
1 32.9253 17.5426 0.0741752 -0.0134286
1 34.042 17.5446 0.0962868 -0.0028817
1 35.162 17.5464 0.108602 0.000187762
1 36.2842 17.5475 0.104475 -0.000210988
1 37.4042 17.5477 0.0838105 -0.00440811
1 38.5212 17.5463 0.067388 -0.0134073
1 39.6369 17.5423 0.069313 -0.0186721
1 40.752 17.5377 0.0763231 -0.0199306
1 41.8675 17.5324 0.0738028 -0.0145786
1 42.9833 17.5275 0.0652178 -0.0116094
1 44.1049 17.5217 0.0543304 -0.00896641
1 0.12937 18.4815 -0.0565308 -0.00964896
1 1.25097 18.486 -0.0691594 -0.010035
1 2.36683 18.4905 -0.0747285 -0.0129309
1 3.48247 18.4952 -0.0783599 -0.0158997
1 4.59785 18.4994 -0.069024 -0.0156094
1 5.71356 18.5028 -0.0655392 -0.0121891
1 6.83056 18.5042 -0.0838636 -0.00369194
1 7.95093 18.5038 -0.104003 0.000650887
1 9.07383 18.5032 -0.106411 -0.00107062
1 10.1946 18.5024 -0.0924125 -0.00111307
1 11.3118 18.5008 -0.0669361 -0.00127423
1 12.4268 18.4987 -0.0501492 -0.0137053
1 13.5391 18.4977 -0.0427633 -0.0314587
1 14.6489 18.4972 -0.0427678 -0.0390331
1 15.7576 18.4953 -0.0516578 -0.0342457
1 16.8641 18.4919 -0.0389918 -0.0247714
1 17.9702 18.4882 -0.0181075 -0.0137602
1 19.0765 18.4859 -0.00484933 -0.00257524
1 20.183 18.4849 0.000515608 0.0116872
1 21.2898 18.4848 -0.00338623 0.0222511
1 22.3962 18.4848 -0.00281103 0.0234545
1 23.5037 18.485 -0.000641743 0.0167642
1 24.6105 18.4856 0.00332952 0.00499879
1 25.7158 18.4872 0.0158206 -0.00845681
1 26.8222 18.4899 0.0284059 -0.0189174
1 27.9289 18.4937 0.0431034 -0.0294763
1 29.0369 18.4964 0.047522 -0.0391891
1 30.1463 18.4974 0.0479075 -0.0368309
1 31.257 18.498 0.0500684 -0.0199818
1 32.3704 18.4997 0.054179 -0.00627837
1 33.4863 18.5016 0.0790385 -0.000585983
1 34.6049 18.5029 0.102093 -0.000526812
1 35.7273 18.5035 0.110681 5.89908e-05
1 36.8497 18.5041 0.0993909 -0.000870437
1 37.9682 18.5037 0.0715694 -0.00741616
1 39.0844 18.5012 0.0674364 -0.0147064
1 40.2001 18.4973 0.0830125 -0.0147442
1 41.3162 18.4928 0.0892213 -0.0149618
1 42.433 18.4884 0.0870763 -0.00929749
1 43.5511 18.4838 0.0787688 -0.00722017
1 0.684574 19.4429 -0.0862653 -0.00242948
1 1.8025 19.4467 -0.0878812 -0.0071373
1 2.91899 19.4508 -0.0905459 -0.00905157
1 4.03518 19.4547 -0.0814446 -0.0110432
1 5.15092 19.458 -0.0653123 -0.00805721
1 6.26702 19.46 -0.0714729 -0.00155956
1 7.38587 19.4604 -0.0973775 0.00501931
1 8.50841 19.46 -0.108246 0.00215653
1 9.63132 19.4599 -0.102912 0.000795415
1 10.751 19.4593 -0.0792114 0.00505168
1 11.8672 19.4577 -0.0463568 0.00461926
1 12.9807 19.456 -0.0353473 -0.00446777
1 14.0919 19.4553 -0.0342353 -0.0185526
1 15.2023 19.4547 -0.0353039 -0.0249747
1 16.311 19.4529 -0.0351067 -0.0256067
1 17.4177 19.4501 -0.0280714 -0.0242777
1 18.5236 19.4474 -0.0234522 -0.014598
1 19.6283 19.4454 -0.011284 0.00346472
1 20.7349 19.4439 -0.0022303 0.0218876
1 21.8428 19.4434 0.00227421 0.0325889
1 22.9503 19.4437 0.00511648 0.0289795
1 24.0578 19.4448 0.00634155 0.0121623
1 25.1641 19.4465 0.0137032 -0.00619094
1 26.27 19.4489 0.0226731 -0.0196823
1 27.376 19.4516 0.0351878 -0.0266906
1 28.4832 19.4539 0.041267 -0.0259917
1 29.5931 19.4551 0.0318189 -0.0215605
1 30.7037 19.4555 0.0307481 -0.0115944
1 31.8157 19.4566 0.0381352 0.00190302
1 32.9305 19.4586 0.0589715 0.00625549
1 34.0482 19.4598 0.092717 0.00201494
1 35.1695 19.4598 0.106807 0.000882352
1 36.2928 19.4601 0.105012 0.00496005
1 37.4138 19.4604 0.0848964 0.00132739
1 38.5314 19.4591 0.0644413 -0.00324272
1 39.6472 19.4565 0.0632214 -0.00607923
1 40.7623 19.453 0.0696871 -0.00957398
1 41.8778 19.449 0.0677491 -0.00954603
1 42.9941 19.4447 0.0629674 -0.00534195
1 44.1162 19.4403 0.0527868 -0.00858682
1 0.120543 20.4001 -0.0499311 0.00122877
1 1.24282 20.4037 -0.0609176 -0.00235858
1 2.35866 20.4075 -0.0645867 -0.0115063
1 3.47379 20.4112 -0.0645357 -0.0139694
1 4.58897 20.4141 -0.0604091 -0.00970996
1 5.70488 20.4157 -0.0582728 -0.00753716
1 6.82226 20.4166 -0.083783 -0.00486741
1 7.94346 20.4165 -0.106088 -0.00303218
1 9.06699 20.4164 -0.107943 -0.00765574
1 10.189 20.4165 -0.0938195 -0.00783101
1 11.3074 20.416 -0.0608749 -0.00186812
1 12.4225 20.4146 -0.0345932 -5.9149e-05
1 13.5348 20.4131 -0.0192021 -0.00728951
1 14.6456 20.4123 -0.0170618 -0.0162222
1 15.7559 20.4116 -0.027831 -0.0256317
1 16.8637 20.4108 -0.0237982 -0.0332221
1 17.97 20.4094 -0.0169815 -0.031767
1 19.0757 20.4071 -0.0164171 -0.0195269
1 20.1817 20.4043 -0.0159299 0.00172391
1 21.2889 20.402 -0.0140577 0.0196268
1 22.3964 20.4015 -0.000905006 0.0236239
1 23.5047 20.403 0.0136845 0.0122772
1 24.6115 20.4058 0.0220023 -0.00735289
1 25.7164 20.4084 0.0237901 -0.0264719
1 26.8225 20.4102 0.0199293 -0.0336635
1 27.93 20.4113 0.0220429 -0.0297581
1 29.0395 20.412 0.0224691 -0.0210629
1 30.1502 20.4125 0.0223719 -0.0109587
1 31.2612 20.4137 0.0285903 -0.00222176
1 32.3747 20.4154 0.0446528 -0.000731993
1 33.4915 20.4164 0.081995 -0.00461834
1 34.6118 20.4165 0.1043 -0.00800794
1 35.7348 20.4163 0.106383 -0.00591487
1 36.8575 20.4166 0.0984612 -0.00303775
1 37.9766 20.4163 0.0702164 -0.00582438
1 39.0927 20.415 0.0639466 -0.00896388
1 40.2086 20.4126 0.0807673 -0.0123613
1 41.3248 20.4095 0.092017 -0.0103774
1 42.442 20.4056 0.0922076 -0.00732002
1 43.5601 20.402 0.0861741 -0.00371774
1 0.678083 21.3616 -0.07577 -0.00355411
1 1.7955 21.3645 -0.0811721 -0.00823733
1 2.91211 21.3675 -0.0892925 -0.0113671
1 4.02839 21.3701 -0.0808659 -0.008489
1 5.14471 21.3718 -0.0611166 -0.00320114
1 6.26082 21.3724 -0.0652335 0.00198352
1 7.37976 21.3725 -0.095212 0.000423765
1 8.50222 21.3727 -0.106473 -0.00300907
1 9.62531 21.3729 -0.104957 -0.00371184
1 10.7462 21.3728 -0.0844408 -0.00205859
1 11.8639 21.3726 -0.0476965 0.00303183
1 12.9779 21.3715 -0.0264201 0.0075885
1 14.089 21.37 -0.0156317 0.00363995
1 15.1997 21.369 -0.00960184 -0.00720122
1 16.3092 21.3691 -0.00640642 -0.0190115
1 17.4171 21.3695 -0.00527787 -0.0234308
1 18.5241 21.3686 -0.0165493 -0.0156761
1 19.6296 21.3658 -0.0242894 -0.00151719
1 20.736 21.3622 -0.0194887 0.0109916
1 21.843 21.3601 -0.00276719 0.0184587
1 22.9493 21.3607 0.0168678 0.0176224
1 24.0562 21.3638 0.0236275 0.0066166
1 25.1631 21.3673 0.0189615 -0.00901284
1 26.2703 21.3693 0.00792465 -0.0210545
1 27.3776 21.3694 0.00860448 -0.0234406
1 28.4856 21.369 0.0130875 -0.0125703
1 29.5959 21.3693 0.00762564 -0.000255892
1 30.7064 21.3707 0.0145453 0.00584378
1 31.8188 21.3722 0.0342175 0.00523864
1 32.9345 21.3728 0.0637991 -8.91988e-05
1 34.0536 21.3728 0.097602 -0.00293054
1 35.1757 21.3727 0.107145 -0.00276889
1 36.2992 21.3726 0.106023 -0.000580232
1 37.4206 21.3725 0.085442 -1.05255e-05
1 38.5383 21.3721 0.059059 -0.00132767
1 39.6541 21.3709 0.057442 -0.00522895
1 40.7693 21.369 0.0627271 -0.00827626
1 41.8844 21.3659 0.0641254 -0.0116039
1 43.0001 21.3629 0.0600493 -0.00486688
1 44.1218 21.3605 0.0506061 0.00135163
1 0.117401 22.321 -0.0420444 0.00243894
1 1.23826 22.3231 -0.0503398 -0.00282021
1 2.3537 22.3248 -0.0595112 -0.00585956
1 3.46897 22.327 -0.0616893 -0.00700483
1 4.5843 22.3282 -0.0559632 -0.00373607
1 5.70053 22.3289 -0.0552283 0.000942168
1 6.81801 22.3288 -0.0785099 0.000335817
1 7.93867 22.3291 -0.102078 -0.00225214
1 9.06201 22.3293 -0.108483 -0.0013075
1 10.1845 22.3291 -0.0959587 -0.00251428
1 11.3039 22.3294 -0.0650449 -0.00290114
1 12.4204 22.3293 -0.0387013 0.00325104
1 13.5334 22.3281 -0.0161402 0.00843362
1 14.6438 22.3267 -0.00156041 0.00212865
1 15.7533 22.3266 -0.002982 -0.0105904
1 16.8614 22.3277 0.000621441 -0.0166194
1 17.9697 22.3281 -0.00173202 -0.0115854
1 19.0783 22.3266 -0.0108692 -0.00370918
1 20.1856 22.3238 -0.0158197 0.00231021
1 21.2913 22.3211 -0.0133658 0.00561044
1 22.3956 22.3204 0.000898221 0.00609111
1 23.5013 22.3221 0.0135727 0.00488083
1 24.6081 22.3251 0.0175605 0.00102943
1 25.7153 22.3274 0.0119056 -0.00698271
1 26.8241 22.3279 0.000884957 -0.0145596
1 27.9327 22.3271 -0.00255731 -0.0139559
1 29.0416 22.3265 0.00149081 -0.00412997
1 30.1516 22.3274 0.0125737 0.00673898
1 31.2631 22.3289 0.0296764 0.00655815
1 32.3776 22.3295 0.0497845 -0.000788643
1 33.4955 22.3291 0.0848235 -0.00359324
1 34.6165 22.3291 0.104973 -0.00142302
1 35.7398 22.3292 0.105306 -0.00223966
1 36.8622 22.3289 0.0932296 -0.00147931
1 37.9808 22.3288 0.0636178 0.00173776
1 39.0972 22.3286 0.060131 -0.00201151
1 40.2135 22.3276 0.0780022 -0.00388684
1 41.3299 22.3261 0.0867184 -0.00819598
1 42.4464 22.3239 0.0802793 -0.0047438
1 43.5637 22.322 0.0757886 -0.00234038
1 0.675314 23.2829 -0.0636669 -0.000536241
1 1.79266 23.2837 -0.0705684 -0.000395558
1 2.90894 23.2845 -0.081905 -0.00275818
1 4.02548 23.2851 -0.0743563 -0.000923178
1 5.14177 23.2854 -0.0561054 -0.00171523
1 6.25809 23.2855 -0.0611699 -0.000372581
1 7.37661 23.2855 -0.0915136 -0.00245979
1 8.49898 23.2856 -0.107536 -0.0024469
1 9.62238 23.2855 -0.10396 -0.00178913
1 10.7431 23.2855 -0.083763 -0.00409376
1 11.8616 23.2857 -0.0556964 -0.00297308
1 12.9772 23.2855 -0.0340558 0.000786203
1 14.0887 23.2848 -0.0104732 0.00131265
1 15.198 23.2844 0.005977 -0.00377841
1 16.3065 23.2849 0.00658782 -0.0087282
1 17.4157 23.2854 4.50792e-05 -0.00798204
1 18.5256 23.2852 -0.00914589 -0.00500784
1 19.6333 23.2843 -0.0088568 -0.00194457
1 20.7395 23.2831 -0.00331925 -0.00115372
1 21.8439 23.2823 0.00194913 -0.00217479
1 22.9471 23.2825 0.00633485 -0.00268
1 24.0525 23.2834 0.00643728 -0.00215317
1 25.1604 23.2845 0.00596575 -0.00259627
1 26.2704 23.2851 0.000999481 -0.00454556
1 27.3797 23.285 -0.00110225 -0.00759204
1 28.4878 23.2846 -0.00272365 -0.00679905
1 29.5967 23.2846 -0.00403802 -0.00144131
1 30.7068 23.2853 0.0178479 0.00126103
1 31.8203 23.2857 0.0440773 -0.000681029
1 32.9374 23.2856 0.0666894 -0.00411224
1 34.0566 23.2854 0.0939795 -0.0033028
1 35.1786 23.2856 0.10677 -0.00212491
1 36.3022 23.2856 0.102052 -0.00259183
1 37.4228 23.2854 0.0756549 -0.0011858
1 38.5402 23.2854 0.0558003 -0.00126376
1 39.6565 23.2852 0.0578056 -0.00251051
1 40.772 23.285 0.0659391 -0.00316123
1 41.8873 23.2842 0.0604378 -0.00144742
1 43.0022 23.2836 0.0526058 0.00182129
1 44.1225 23.2827 0.0401624 0.00522635
1 0.117497 24.2448 -0.0414889 -0.00383613
1 1.23779 24.2437 -0.053021 -0.000336094
1 2.35271 24.2431 -0.0604818 0.00217295
1 3.46809 24.2421 -0.0668205 0.00462073
1 4.58371 24.2418 -0.0573654 0.00334124
1 5.69998 24.2417 -0.054619 0.00182217
1 6.8171 24.2418 -0.0748092 0.00195514
1 7.93748 24.2417 -0.100461 0.00372161
1 9.06102 24.2417 -0.107685 0.00331738
1 10.1834 24.2418 -0.0932166 0.00481516
1 11.3026 24.2416 -0.0679752 0.00558514
1 12.4198 24.2415 -0.044458 0.00187542
1 13.5335 24.2419 -0.0176411 0.000229904
1 14.6436 24.2426 0.00338938 0.00301771
1 15.7525 24.2426 0.00259634 0.00806513
1 16.8604 24.2422 0.00117675 0.00861906
1 17.9697 24.2421 -0.00140163 0.00552583
1 19.0795 24.2427 -0.00457329 0.00378416
1 20.1872 24.2436 -0.00534861 0.00281856
1 21.2924 24.2445 -0.00753801 0.00280006
1 22.3955 24.2447 -0.00325531 0.00255777
1 23.5001 24.244 0.00368198 0.00184515
1 24.6066 24.2428 0.00957177 0.00276591
1 25.7145 24.242 0.0094454 0.00608918
1 26.8245 24.2418 0.000999638 0.00900609
1 27.9337 24.2423 -0.00598246 0.00974914
1 29.0422 24.2427 -0.00480227 0.00525643
1 30.1516 24.2424 0.0108431 0.000341654
1 31.2631 24.2417 0.0345953 0.000390338
1 32.3785 24.2414 0.0548366 0.00431664
1 33.4968 24.2417 0.0829451 0.00558105
1 34.6174 24.2417 0.102773 0.00281853
1 35.7407 24.2416 0.106593 0.00362327
1 36.8632 24.2417 0.0922528 0.00339118
1 37.9818 24.2417 0.0613718 0.00121299
1 39.0983 24.2416 0.0555984 0.00204125
1 40.2145 24.242 0.0722417 0.00167379
1 41.3309 24.2426 0.0818171 0.00365336
1 42.4473 24.2436 0.0728822 0.00144579
1 43.5648 24.2445 0.0649709 0.00172113
1 0.676487 25.2055 -0.0757181 0.00319975
1 1.79364 25.2034 -0.0778554 0.00554084
1 2.91004 25.2012 -0.086665 0.00939492
1 4.02645 25.1996 -0.0792633 0.00480299
1 5.14277 25.1987 -0.06035 0.00194646
1 6.25898 25.1986 -0.0633723 -0.00281166
1 7.37757 25.1986 -0.0922094 0.000710041
1 8.49988 25.1982 -0.106406 0.00197947
1 9.62339 25.1984 -0.106305 0.00126105
1 10.7444 25.1983 -0.0854586 0.0031297
1 11.8626 25.1979 -0.0513636 0.000587934
1 12.9773 25.1985 -0.0291787 -0.00684593
1 14.0887 25.2 -0.011911 -0.00743448
1 15.1987 25.2009 -9.08317e-05 0.00343455
1 16.3076 25.2004 0.00311691 0.0131324
1 17.4161 25.1996 -0.000219444 0.0137477
1 18.5248 25.2001 -0.0120801 0.00645345
1 19.6318 25.2024 -0.0171961 -0.00163006
1 20.7384 25.2053 -0.0134053 -0.00558188
1 21.8439 25.207 -0.00220138 -0.006284
1 22.9482 25.2063 0.012133 -0.00550001
1 24.0541 25.2037 0.0169199 -0.00253543
1 25.1615 25.2008 0.0128199 0.00299658
1 26.2703 25.1994 0.00231753 0.010873
1 27.3788 25.1998 -0.000470371 0.0159238
1 28.4869 25.2008 0.00239399 0.00977274
1 29.5965 25.2007 0.0012496 -0.00291354
1 30.7069 25.1993 0.0161125 -0.00873288
1 31.8196 25.1981 0.0381428 -0.00375376
1 32.936 25.198 0.0641578 0.00248107
1 34.0553 25.1984 0.0965792 0.00175729
1 35.1776 25.1981 0.107851 0.000662622
1 36.3011 25.1982 0.103393 0.00147021
1 37.4219 25.1985 0.0797239 -0.000591726
1 38.5397 25.1984 0.0560654 -0.00153049
1 39.6559 25.1991 0.055527 0.00368262
1 40.771 25.2003 0.0598524 0.00696976
1 41.8862 25.2026 0.0588182 0.0074731
1 43.0016 25.2043 0.0500767 0.00295414
1 44.1225 25.2064 0.0409748 -0.00200432
1 0.118325 26.167 -0.0522273 -0.000918899
1 1.24002 26.1644 -0.0602639 0.00531173
1 2.35566 26.1614 -0.0644626 0.0107863
1 3.47085 26.1583 -0.0631257 0.00868211
1 4.58602 26.1563 -0.0575153 0.00438421
1 5.70188 26.1551 -0.0576083 -0.000101122
1 6.81933 26.155 -0.0843151 -0.00163569
1 7.94057 26.1548 -0.10495 -0.00022636
1 9.06398 26.1547 -0.108171 0.00172687
1 10.1864 26.1546 -0.0971902 0.00194812
1 11.3055 26.1546 -0.0650037 -0.00105086
1 12.4214 26.1552 -0.0341668 -0.0060346
1 13.5339 26.1567 -0.0141362 -0.00722552
1 14.6444 26.1581 -0.00784223 -0.000747554
1 15.7546 26.1585 -0.0135549 0.0113399
1 16.8626 26.158 -0.00906767 0.0218018
1 17.9697 26.1582 -0.0075199 0.0196745
1 19.0768 26.1602 -0.0169325 0.0078814
1 20.1835 26.1637 -0.0227988 -0.00796345
1 21.2902 26.1667 -0.0180181 -0.018931
1 22.3964 26.1674 0.00188187 -0.0195166
1 23.5036 26.1653 0.0195218 -0.0117925
1 24.6103 26.1617 0.0244089 0.000608204
1 25.716 26.1589 0.0166177 0.014509
1 26.8231 26.158 0.00637827 0.0218511
1 27.9311 26.1582 0.00698739 0.0175518
1 29.0406 26.1584 0.0109776 0.0061622
1 30.1513 26.1575 0.0160568 -0.00476439
1 31.2623 26.1559 0.0262018 -0.0088445
1 32.3761 26.1548 0.0458774 -0.0046525
1 33.4935 26.1546 0.0834428 0.000750453
1 34.6144 26.1545 0.104382 0.00232131
1 35.7374 26.1546 0.105613 0.00120123
1 36.86 26.1548 0.0964479 -0.00176573
1 37.9791 26.1549 0.0658537 -0.00266443
1 39.0953 26.1555 0.0605603 0.00265777
1 40.2114 26.1572 0.0793473 0.00734967
1 41.3276 26.1598 0.0890287 0.0108828
1 42.4444 26.1629 0.084028 0.00817055
1 43.562 26.1658 0.0765311 0.00431543
1 0.680352 27.1255 -0.085764 0.0033692
1 1.79822 27.1217 -0.0896273 0.00818154
1 2.91508 27.1179 -0.0918284 0.0111647
1 4.03131 27.1146 -0.0810848 0.0137398
1 5.14723 27.1122 -0.0642578 0.00958548
1 6.26324 27.111 -0.0696348 0.00608999
1 7.38225 27.1109 -0.0979208 0.00406137
1 8.50493 27.1111 -0.107749 0.00711691
1 9.62802 27.1108 -0.105402 0.00873558
1 10.7484 27.1109 -0.0829003 0.00517679
1 11.8655 27.1119 -0.0461042 0.00115303
1 12.9791 27.1136 -0.0289781 0.00268261
1 14.0902 27.1149 -0.0226331 0.0113325
1 15.2009 27.1154 -0.0212424 0.0210481
1 16.3102 27.1161 -0.0213644 0.0298529
1 17.4177 27.1172 -0.018559 0.0337286
1 18.5238 27.119 -0.023691 0.0264964
1 19.6285 27.1216 -0.0220012 0.00758229
1 20.735 27.1243 -0.0134895 -0.0120228
1 21.843 27.1259 0.000115314 -0.023386
1 22.9506 27.1254 0.01302 -0.019259
1 24.058 27.1231 0.0167896 -0.0010536
1 25.1641 27.1203 0.0180178 0.0198247
1 26.27 27.118 0.0174259 0.0317389
1 27.3764 27.1166 0.0233715 0.0332443
1 28.4842 27.1157 0.0270334 0.0257989
1 29.5947 27.1151 0.0173492 0.0163436
1 30.7055 27.1142 0.0201839 0.00762312
1 31.8175 27.1128 0.0343911 -2.48698e-05
1 32.9326 27.1114 0.0595732 0.00210234
1 34.0508 27.1108 0.0944024 0.00805278
1 35.1726 27.1109 0.107328 0.0079084
1 36.2962 27.1107 0.107566 0.00327562
1 37.4176 27.1106 0.0851185 0.00609089
1 38.5353 27.1116 0.0595457 0.00892951
1 39.6511 27.1132 0.0598174 0.0107985
1 40.7662 27.1161 0.0638119 0.0140082
1 41.8812 27.1198 0.0637534 0.0127711
1 42.9971 27.1236 0.061275 0.00270803
1 44.1195 27.1272 0.0493428 -0.000487139
1 0.124035 28.0873 -0.0546633 0.0083769
1 1.24614 28.0828 -0.0633906 0.0062213
1 2.36234 28.0785 -0.0684172 0.0101833
1 3.47784 28.0744 -0.0707006 0.011155
1 4.59301 28.0709 -0.0636907 0.00731911
1 5.70874 28.0683 -0.0637582 0.00443962
1 6.82607 28.0672 -0.0843626 -0.000503584
1 7.94695 28.0675 -0.104925 -0.00324515
1 9.07024 28.0677 -0.108624 0.0012246
1 10.1918 28.0677 -0.0929687 -0.000757619
1 11.3096 28.0689 -0.0606598 -0.00547513
1 12.4245 28.0709 -0.0384867 -0.000844915
1 13.5367 28.0721 -0.0302256 0.0120528
1 14.6472 28.0725 -0.0317226 0.0224909
1 15.757 28.0737 -0.0421707 0.0266279
1 16.8642 28.076 -0.0358845 0.02748
1 17.97 28.0787 -0.0225999 0.0212117
1 19.0758 28.081 -0.0124726 0.00748591
1 20.1821 28.0827 -0.0053291 -0.0108387
1 21.2894 28.0838 -0.0058068 -0.0269898
1 22.3967 28.0841 -0.00299016 -0.0306766
1 23.5048 28.0836 0.00264226 -0.0199696
1 24.6116 28.0822 0.0112161 -0.0015663
1 25.7165 28.0801 0.023273 0.0160063
1 26.8224 28.0773 0.0296528 0.0254287
1 27.9292 28.0745 0.0364329 0.0267487
1 29.038 28.0728 0.0367449 0.0260636
1 30.1484 28.0722 0.0338896 0.0190399
1 31.2595 28.0716 0.0347935 0.00512234
1 32.3727 28.0699 0.0453105 -0.00404283
1 33.4888 28.0682 0.0792477 -0.00448092
1 34.6083 28.0676 0.102874 0.00019332
1 35.7312 28.0674 0.108129 -0.00127344
1 36.8539 28.0669 0.0988034 -0.00393341
1 37.9728 28.0674 0.0723033 0.00382966
1 39.089 28.0696 0.0647879 0.00966276
1 40.2047 28.0728 0.080591 0.0116502
1 41.3207 28.0766 0.0906369 0.00955763
1 42.4374 28.0807 0.0910908 0.00792048
1 43.5556 28.0845 0.0865928 0.0038599
1 0.689337 29.0436 -0.0789236 0.00674804
1 1.80737 29.0391 -0.0843711 0.00902216
1 2.9239 29.0346 -0.088899 0.014255
1 4.04001 29.0301 -0.0832283 0.0141353
1 5.15568 29.0262 -0.0673265 0.0139979
1 6.27162 29.0237 -0.0708472 0.00562043
1 7.39006 29.0234 -0.0985085 0.000110274
1 8.51243 29.024 -0.112162 -0.000493152
1 9.63488 29.0246 -0.103104 -0.000195618
1 10.7537 29.0259 -0.0796073 -0.000225913
1 11.8697 29.0279 -0.0552562 0.00565852
1 12.9833 29.0295 -0.0507921 0.0196946
1 14.094 29.0301 -0.0489638 0.0361808
1 15.2035 29.0311 -0.0466003 0.0382411
1 16.3114 29.0339 -0.0420549 0.0291627
1 17.418 29.0376 -0.0268296 0.0185859
1 18.5243 29.0403 -0.01604 0.00819161
1 19.6295 29.0418 -0.0038313 -0.00508279
1 20.7361 29.0425 0.000690116 -0.0168243
1 21.8433 29.0427 0.00215828 -0.023444
1 22.9498 29.0427 0.00323963 -0.0219043
1 24.0568 29.0426 0.00103638 -0.0112383
1 25.1633 29.0416 0.00573698 0.00246251
1 26.2698 29.0392 0.0178581 0.013473
1 27.376 29.0356 0.0387281 0.0249362
1 28.4826 29.0321 0.0513812 0.0341393
1 29.5913 29.0303 0.0435112 0.0384711
1 30.7012 29.0298 0.0436317 0.0311577
1 31.8133 29.0288 0.0500467 0.0128418
1 32.9282 29.0268 0.0655913 0.000330624
1 34.0452 29.0251 0.0925995 -0.00025146
1 35.1657 29.0242 0.105917 -0.000614211
1 36.2887 29.0235 0.104488 -0.00190575
1 37.4093 29.0232 0.0845941 0.00304471
1 38.5265 29.0247 0.0661265 0.0119736
1 39.6422 29.0283 0.0678658 0.0148639
1 40.7575 29.0323 0.0770683 0.0138078
1 41.8731 29.0369 0.0742991 0.0122048
1 42.989 29.0414 0.0680615 0.00998761
1 44.1107 29.0459 0.0548975 0.00969085
1 0.135369 30.0056 -0.0561052 0.00939382
1 1.25696 29.9998 -0.066284 0.0108604
1 2.3727 29.995 -0.0737329 0.0147092
1 3.48826 29.9897 -0.0767488 0.020784
1 4.60342 29.9851 -0.0700231 0.0189316
1 5.71902 29.981 -0.065931 0.0133129
1 6.83576 29.9797 -0.082819 0.00416882
1 7.95559 29.9799 -0.104052 0.000428739
1 9.07769 29.9809 -0.109061 -0.000338517
1 10.1979 29.9828 -0.0960299 0.00283332
1 11.3147 29.9848 -0.0758839 0.0135245
1 12.4293 29.9864 -0.0670356 0.0284251
1 13.5414 29.9877 -0.0607044 0.0430105
1 14.6507 29.9891 -0.0493382 0.0479419
1 15.7584 29.9915 -0.0483192 0.0364364
1 16.8646 29.995 -0.0318713 0.0169477
1 17.9711 29.9987 -0.011602 0.00432066
1 19.0779 30.0011 -0.000526683 -0.00188845
1 20.1842 30.0019 0.00132871 -0.0095354
1 21.2905 30.0019 -0.00459116 -0.0177013
1 22.3964 30.0019 -0.00403187 -0.01807
1 23.5032 30.0022 -0.000373659 -0.0127615
1 24.6093 30.002 0.0015935 -0.00571368
1 25.7146 30.0005 0.0102419 0.00114151
1 26.8216 29.9971 0.0205063 0.00951844
1 27.9285 29.993 0.0367041 0.0262332
1 29.0356 29.9899 0.0497751 0.044436
1 30.1441 29.9882 0.0619701 0.0472611
1 31.2545 29.9869 0.0689298 0.0360338
1 32.3681 29.9855 0.069068 0.0231467
1 33.4838 29.9837 0.0877838 0.00682541
1 34.602 29.9817 0.103738 -0.00122048
1 35.7235 29.9802 0.106502 0.00127489
1 36.8449 29.9798 0.0948769 0.0019123
1 37.9628 29.98 0.0715496 0.00554962
1 39.0788 29.9827 0.0699156 0.0177658
1 40.1947 29.9872 0.0868316 0.0194588
1 41.3112 29.9923 0.0958217 0.0198151
1 42.4284 29.9974 0.0887998 0.0114184
1 43.5463 30.0026 0.0805335 0.00909338
1 0.700162 30.9614 -0.0806714 0.011606
1 1.81768 30.956 -0.0870842 0.0152869
1 2.93475 30.9502 -0.0985264 0.0177681
1 4.05129 30.9445 -0.0921186 0.0166764
1 5.16726 30.9395 -0.0705035 0.0138752
1 6.28268 30.9368 -0.0686685 0.00146191
1 7.40017 30.9365 -0.0934767 -0.00270402
1 8.52052 30.9374 -0.105718 -0.00210934
1 9.64094 30.9394 -0.108531 -0.000882551
1 10.7589 30.9419 -0.103125 0.0125496
1 11.8746 30.9436 -0.086682 0.0315303
1 12.9877 30.945 -0.0792358 0.0418376
1 14.0979 30.947 -0.0635341 0.0420627
1 15.2063 30.9495 -0.0425993 0.0323129
1 16.3131 30.9525 -0.0243384 0.0151624
1 17.4197 30.9563 -0.0107123 6.52634e-05
1 18.5264 30.9599 -0.0101368 -0.00883354
1 19.6316 30.9619 -0.0044436 -0.0128941
1 20.7373 30.962 0.00239492 -0.0170363
1 21.8434 30.9616 0.00413778 -0.0197938
1 22.9491 30.9619 0.000823667 -0.0194713
1 24.0551 30.9624 -0.00117966 -0.0145445
1 25.1611 30.9614 0.00396996 -0.0112346
1 26.2679 30.9584 0.00910343 -0.00610427
1 27.3743 30.9544 0.0204258 0.00820093
1 28.4803 30.9509 0.0377469 0.0251337
1 29.5881 30.9479 0.0507931 0.0370717
1 30.6973 30.9456 0.0710563 0.0432771
1 31.8086 30.9441 0.0801548 0.0390449
1 32.923 30.9426 0.0900634 0.0225183
1 34.0396 30.9406 0.106103 0.00504867
1 35.1587 30.9384 0.106597 -0.00296305
1 36.2796 30.9369 0.101718 -0.00369086
1 37.3991 30.9363 0.083675 -0.000218877
1 38.5158 30.9377 0.0651918 0.00832283
1 39.6312 30.9419 0.0686004 0.0153024
1 40.7465 30.9472 0.0759853 0.018315
1 41.8625 30.9531 0.0749029 0.015494
1 42.9786 30.9588 0.0636766 0.0119286
1 44.1003 30.9649 0.0564433 0.0117985
1 0.14436 31.9223 -0.057753 0.0128007
1 1.26671 31.9172 -0.0661566 0.0171936
1 2.38337 31.9106 -0.0763448 0.024055
1 3.49958 31.9043 -0.077305 0.0256874
1 4.61478 31.8985 -0.0664779 0.0205521
1 5.73003 31.8947 -0.0609406 0.0122802
1 6.84601 31.8935 -0.0805026 0.0054434
1 7.96442 31.8943 -0.102383 0.00105543
1 9.08427 31.8965 -0.114365 0.00855067
1 10.2029 31.8992 -0.119859 0.022478
1 11.3191 31.9012 -0.107006 0.0381201
1 12.4332 31.9028 -0.0875929 0.048425
1 13.5448 31.9045 -0.0640702 0.0427874
1 14.6541 31.9072 -0.0400615 0.0290003
1 15.7617 31.9106 -0.0314757 0.0189093
1 16.8673 31.9144 -0.0163383 0.0100513
1 17.9728 31.9184 -0.00770083 -0.00195978
1 19.0789 31.9215 -0.00434589 -0.0115816
1 20.1852 31.9226 0.00105007 -0.0145221
1 21.2911 31.9223 -0.000450729 -0.012799
1 22.3961 31.9222 -0.00355249 -0.0114549
1 23.5022 31.9226 -0.00141281 -0.0143262
1 24.6083 31.9224 0.00364966 -0.0140398
1 25.7135 31.9203 0.00917058 -0.00592049
1 26.8195 31.9166 0.0105702 0.0035532
1 27.9253 31.9124 0.0199833 0.0143942
1 29.0323 31.9087 0.0336552 0.0267777
1 30.1409 31.9056 0.0557537 0.037586
1 31.2508 31.9033 0.081555 0.045031
1 32.3635 31.9018 0.0956406 0.0460563
1 33.4787 31.9002 0.113181 0.0312234
1 34.5959 31.8978 0.117601 0.0122542
1 35.7154 31.8953 0.109878 0.00302078
1 36.835 31.8936 0.0941728 0.00160715
1 37.9518 31.8937 0.0685479 0.00799792
1 39.0671 31.8962 0.0716811 0.0174641
1 40.1831 31.9013 0.0912796 0.024933
1 41.2998 31.9074 0.0997892 0.0221829
1 42.4176 31.9138 0.0914287 0.0201075
1 43.5359 31.9201 0.0822186 0.0159642
1 0.708804 32.8773 -0.0820417 0.0169376
1 1.82803 32.8707 -0.0893675 0.024152
1 2.94595 32.864 -0.0984751 0.0256969
1 4.06284 32.8577 -0.088335 0.027467
1 5.17816 32.8528 -0.0676499 0.0191039
1 6.29305 32.8506 -0.0705348 0.00844109
1 7.40916 32.8511 -0.0978252 0.00692068
1 8.52749 32.8535 -0.118578 0.015499
1 9.64616 32.8563 -0.132039 0.0282464
1 10.763 32.8586 -0.126082 0.0437639
1 11.8783 32.8601 -0.0942472 0.0506441
1 12.9914 32.8615 -0.0695519 0.0419719
1 14.1014 32.864 -0.0479968 0.0276976
1 15.2096 32.8678 -0.0309941 0.019078
1 16.3159 32.8725 -0.0182592 0.0131345
1 17.4213 32.877 -0.007774 0.00298734
1 18.527 32.8802 -0.00534303 -0.00893952
1 19.632 32.8821 -0.00231006 -0.0133213
1 20.7379 32.8828 -0.00136879 -0.0123258
1 21.8436 32.8829 0.00190774 -0.00914652
1 22.9486 32.8829 0.00358602 -0.0113999
1 24.0545 32.8827 0.00170185 -0.014247
1 25.1606 32.8815 0.00110932 -0.0131359
1 26.2669 32.8787 0.0044486 -0.00323062
1 27.3722 32.8747 0.0162764 0.0101867
1 28.4769 32.8703 0.0285031 0.0177988
1 29.5842 32.8657 0.0327293 0.0228327
1 30.6935 32.8624 0.0545166 0.0361078
1 31.8048 32.8606 0.0806088 0.0471785
1 32.9187 32.8593 0.109946 0.0476721
1 34.0348 32.8574 0.135032 0.0382119
1 35.1528 32.8549 0.127932 0.0211086
1 36.2719 32.8521 0.109633 0.00695896
1 37.3894 32.8505 0.0843266 0.00698382
1 38.5051 32.8514 0.0637002 0.0129645
1 39.6198 32.8549 0.0660967 0.0207185
1 40.7349 32.8606 0.0771949 0.0267789
1 41.8514 32.8671 0.074626 0.02688
1 42.9687 32.8741 0.0651351 0.019348
1 44.0924 32.8804 0.0523255 0.0131276
1 0.151156 33.8372 -0.0519922 0.0197157
1 1.2759 33.8302 -0.0664454 0.0205577
1 2.39391 33.8234 -0.0762463 0.0220241
1 3.51064 33.8168 -0.079291 0.0217027
1 4.6256 33.8116 -0.0664954 0.0168174
1 5.74004 33.8083 -0.0650766 0.012987
1 6.8545 33.8082 -0.0885375 0.0104539
1 7.97059 33.8106 -0.118506 0.0139661
1 9.08886 33.8138 -0.138956 0.0305737
1 10.2068 33.8158 -0.137632 0.0432818
1 11.3231 33.817 -0.10323 0.0420136
1 12.4378 33.8185 -0.0700025 0.0362921
1 13.549 33.8209 -0.0477969 0.0270287
1 14.657 33.825 -0.0308833 0.0158147
1 15.7637 33.8306 -0.0261633 0.00970784
1 16.8685 33.8355 -0.0128273 0.00186017
1 17.9735 33.8389 -0.00430848 -0.00935324
1 19.0796 33.8415 -0.00169962 -0.0150028
1 20.1855 33.843 -0.00243137 -0.0157976
1 21.291 33.8436 -0.00456803 -0.0134508
1 22.3959 33.8438 -0.00311103 -0.0115775
1 23.5021 33.8435 0.00251389 -0.0158471
1 24.608 33.8424 0.00746368 -0.0181478
1 25.7128 33.8405 0.00494307 -0.0114023
1 26.8185 33.8376 0.00320945 -0.00159257
1 27.9239 33.8332 0.0176664 0.00490512
1 29.0298 33.8276 0.0315419 0.0123219
1 30.1371 33.8226 0.0397024 0.0224404
1 31.2463 33.8194 0.0593899 0.0316615
1 32.3591 33.8175 0.0873492 0.0394619
1 33.4748 33.8164 0.124667 0.0447062
1 34.5918 33.8147 0.142021 0.0375716
1 35.7103 33.812 0.132911 0.0238983
1 36.8279 33.8092 0.107676 0.011557
1 37.943 33.808 0.0727729 0.00921619
1 39.0573 33.8097 0.0646456 0.0156477
1 40.1718 33.8141 0.0827403 0.0188988
1 41.2882 33.8201 0.0942741 0.0215481
1 42.4063 33.827 0.0895952 0.0227511
1 43.526 33.8339 0.082684 0.0217266
1 0.719764 34.7894 -0.0775481 0.0299789
1 1.83912 34.7826 -0.0849004 0.0275719
1 2.95695 34.7761 -0.0906545 0.0286442
1 4.07294 34.7709 -0.0817381 0.0239894
1 5.18696 34.7674 -0.0681028 0.0286128
1 6.29986 34.7663 -0.0809073 0.0218014
1 7.41374 34.7683 -0.117032 0.0257508
1 8.53079 34.7712 -0.14143 0.0361014
1 9.64975 34.7733 -0.143078 0.0411455
1 10.7675 34.7742 -0.115626 0.0448035
1 11.8835 34.7753 -0.0791734 0.0377202
1 12.9959 34.7784 -0.0608067 0.0264735
1 14.1041 34.7831 -0.0388191 0.0218598
1 15.2108 34.7886 -0.0219203 0.0140376
1 16.3167 34.7941 -0.0130605 0.00360667
1 17.422 34.7984 -0.00271343 -0.000705029
1 18.5274 34.8011 -0.00218278 -0.00521539
1 19.6321 34.8029 -0.00799571 -0.0126285
1 20.7378 34.8044 -0.0064427 -0.0123489
1 21.8436 34.8051 0.00582385 -0.00652679
1 22.9486 34.8049 0.00637744 -0.0083502
1 24.0545 34.8037 0.001613 -0.0124152
1 25.1603 34.8023 0.00164502 -0.011014
1 26.2661 34.8002 0.00352608 -0.0041549
1 27.3715 34.7966 0.0117192 0.00238437
1 28.4764 34.7914 0.0221685 0.0076158
1 29.5826 34.7855 0.0267497 0.0168297
1 30.6899 34.7803 0.0452495 0.0269317
1 31.8 34.7764 0.0641368 0.033555
1 32.914 34.7745 0.0912921 0.0406689
1 34.0306 34.7736 0.132421 0.0452386
1 35.1492 34.7722 0.144005 0.0418916
1 36.2675 34.7697 0.129525 0.0307913
1 37.3829 34.767 0.100974 0.022808
1 38.4966 34.7665 0.0709109 0.0261018
1 39.61 34.7693 0.0669491 0.0246977
1 40.7242 34.7734 0.0778974 0.0252507
1 41.8407 34.7796 0.0795157 0.0282066
1 42.9589 34.7859 0.0698275 0.0258671
1 44.0847 34.7925 0.0537747 0.0276425
1 0.160244 35.7471 -0.0588294 0.0342972
1 1.28642 35.7407 -0.0715109 0.0316737
1 2.40455 35.7347 -0.0799755 0.034872
1 3.52025 35.7294 -0.0783158 0.0321439
1 4.63354 35.7265 -0.0737767 0.0344249
1 5.74567 35.7247 -0.0786948 0.0407259
1 6.85787 35.7256 -0.110796 0.0368187
1 7.97349 35.7283 -0.135003 0.0389717
1 9.0927 35.7298 -0.140038 0.0447198
1 10.212 35.7306 -0.124707 0.0450092
1 11.3286 35.7321 -0.0863756 0.040838
1 12.4414 35.7353 -0.0627846 0.0351079
1 13.5507 35.7402 -0.0430017 0.0261536
1 14.6579 35.7461 -0.0201872 0.0172093
1 15.7641 35.752 -0.0206653 0.0127764
1 16.8687 35.757 -0.012451 0.00584674
1 17.9741 35.7606 -0.00201817 -0.000333512
1 19.08 35.7627 0.00144397 -0.004213
1 20.1851 35.7641 -0.00292232 -0.00426072
1 21.2909 35.7654 -0.00760803 -0.00318596
1 22.3962 35.766 -0.00353684 -0.004356
1 23.5021 35.765 0.00452417 -0.00503272
1 24.6078 35.7634 0.00760321 -0.00417801
1 25.7124 35.7619 0.00463561 -0.00376587
1 26.8181 35.7594 0.00304254 0.00113528
1 27.9236 35.7548 0.0111175 0.0087693
1 29.0293 35.7489 0.0214553 0.0155829
1 30.1359 35.743 0.0331077 0.0212871
1 31.2434 35.7374 0.0548754 0.0292716
1 32.3544 35.7331 0.0755143 0.0392086
1 33.4693 35.7309 0.109153 0.044822
1 34.5872 35.73 0.135125 0.0447822
1 35.707 35.729 0.140065 0.0450063
1 36.8247 35.7269 0.126083 0.0396949
1 37.938 35.7249 0.0895533 0.0368305
1 39.05 35.7254 0.0770467 0.0396087
1 40.1632 35.7279 0.0864384 0.0319658
1 41.2784 35.732 0.0930246 0.0317661
1 42.3964 35.7378 0.0886592 0.0324571
1 43.5156 35.744 0.0820875 0.0376629
1 0.729538 36.698 -0.0856573 0.0416069
1 1.84853 36.6926 -0.0929456 0.0373403
1 2.96542 36.6879 -0.0997718 0.0351083
1 4.07936 36.6854 -0.098267 0.0424356
1 5.19143 36.6842 -0.0869816 0.0514076
1 6.30267 36.6842 -0.0952328 0.0459229
1 7.41665 36.6855 -0.122138 0.0424201
1 8.53561 36.6865 -0.134118 0.0445459
1 9.65559 36.6873 -0.12992 0.0435341
1 10.7728 36.6894 -0.10552 0.0445682
1 11.8867 36.693 -0.0697938 0.0384818
1 12.997 36.6981 -0.0488695 0.0298409
1 14.1044 36.7041 -0.0284958 0.025667
1 15.2108 36.7104 -0.0211992 0.0203994
1 16.3165 36.716 -0.0117147 0.0119
1 17.4221 36.7204 0.00195853 0.00784278
1 18.528 36.7229 -0.00658907 0.00494605
1 19.6322 36.7246 -0.0105104 0.0023532
1 20.7374 36.7264 -0.00253669 0.0035891
1 21.8435 36.7272 0.00539874 0.00163499
1 22.9488 36.7269 0.00730894 0.000246661
1 24.0546 36.7256 0.00225309 0.0032856
1 25.1602 36.7241 -0.00135676 0.00427496
1 26.2658 36.722 0.00277556 0.00292083
1 27.3714 36.7186 0.0110644 0.00884403
1 28.4764 36.7135 0.018388 0.0170525
1 29.5823 36.7072 0.019265 0.0231804
1 30.6891 36.7008 0.0369316 0.0267348
1 31.798 36.695 0.0574186 0.0332762
1 32.9097 36.6906 0.0826278 0.0423736
1 34.0248 36.6879 0.121181 0.0466326
1 35.1437 36.6867 0.135028 0.0450854
1 36.264 36.686 0.131976 0.0424463
1 37.3809 36.6846 0.111937 0.0457167
1 38.4934 36.684 0.0867685 0.0519656
1 39.6049 36.6847 0.0821496 0.0461035
1 40.7169 36.6865 0.0806236 0.0384131
1 41.8315 36.6901 0.0800163 0.0404981
1 42.9491 36.6955 0.0713073 0.0353709
1 44.0752 36.7016 0.0665584 0.0404159
1 0.169196 37.6547 -0.0720299 0.0419283
1 1.29484 37.6498 -0.0762078 0.0378928
1 2.41125 37.6461 -0.0849593 0.0453166
1 3.52442 37.6448 -0.0954334 0.0465501
1 4.63582 37.6443 -0.0883215 0.0533594
1 5.74722 37.6437 -0.0852754 0.0543639
1 6.86085 37.6433 -0.106045 0.0481162
1 7.97869 37.6438 -0.124811 0.0454915
1 9.09859 37.6448 -0.131305 0.0509818
1 10.2165 37.6472 -0.117329 0.0504958
1 11.3312 37.6514 -0.0757376 0.0420352
1 12.4425 37.6567 -0.051523 0.0390396
1 13.551 37.6629 -0.0355932 0.0359478
1 14.6577 37.6698 -0.0157092 0.0312154
1 15.7636 37.6757 -0.0169032 0.0272629
1 16.8686 37.6805 -0.00940095 0.0200912
1 17.974 37.6842 -0.00578131 0.0161986
1 19.0795 37.6864 -0.00310916 0.0170989
1 20.1848 37.6879 0.00159803 0.0163065
1 21.2909 37.6892 -0.00910108 0.0123824
1 22.3965 37.6895 -0.00701042 0.011441
1 23.5026 37.6888 0.00827804 0.013548
1 24.6078 37.6874 0.00747737 0.0158881
1 25.7122 37.6856 0.00400886 0.0160931
1 26.8181 37.6828 0.00474386 0.0163672
1 27.924 37.6785 0.0106132 0.0226947
1 29.0298 37.6729 0.019637 0.0300455
1 30.1362 37.6663 0.0293253 0.0338309
1 31.2432 37.6593 0.0453886 0.0368631
1 32.3529 37.6536 0.0609939 0.0416332
1 33.4659 37.649 0.0950743 0.0470293
1 34.5815 37.6457 0.122645 0.0501156
1 35.7006 37.6441 0.129773 0.0488933
1 36.8204 37.6434 0.120445 0.0469336
1 37.9359 37.6436 0.09325 0.0513101
1 39.0481 37.6441 0.0890803 0.0564204
1 40.1595 37.6446 0.104457 0.0528019
1 41.272 37.6455 0.106987 0.0413591
1 42.3876 37.6481 0.101525 0.0431166
1 43.5061 37.6524 0.0943966 0.0408473
1 0.73799 38.606 -0.101671 0.0412561
1 1.85517 38.604 -0.106941 0.0512082
1 2.96877 38.6039 -0.113305 0.0546318
1 4.08088 38.6042 -0.102333 0.0638926
1 5.19278 38.6033 -0.080571 0.0696822
1 6.30613 38.6019 -0.0886552 0.0658035
1 7.42241 38.6014 -0.116586 0.0658388
1 8.54134 38.6029 -0.126682 0.0654947
1 9.65928 38.606 -0.114787 0.0627854
1 10.7745 38.6102 -0.0876874 0.0612781
1 11.8871 38.6159 -0.0584792 0.0592713
1 12.9966 38.6227 -0.043421 0.0579913
1 14.1037 38.6297 -0.0264493 0.0555359
1 15.2102 38.6363 -0.0187104 0.0533597
1 16.3161 38.6419 -0.0106078 0.0498196
1 17.4216 38.6461 0.00102645 0.0424221
1 18.5274 38.649 -0.00785741 0.0398712
1 19.6321 38.651 -0.00873949 0.0436622
1 20.7372 38.6525 -0.000966916 0.0417473
1 21.8429 38.6529 0.00202107 0.0356105
1 22.949 38.6526 0.00470056 0.0371076
1 24.0552 38.6519 0.00122335 0.0401604
1 25.1605 38.6504 0.00168317 0.0399998
1 26.2665 38.6479 0.00815728 0.0408651
1 27.3721 38.6444 0.0115414 0.0472287
1 28.4769 38.6395 0.015741 0.0512966
1 29.583 38.633 0.0151128 0.0532408
1 30.6899 38.6259 0.0313965 0.0588467
1 31.7979 38.619 0.0485969 0.0599124
1 32.9086 38.6127 0.0682394 0.0589561
1 34.0223 38.6078 0.103349 0.0638643
1 35.1389 38.6044 0.123108 0.0650034
1 36.258 38.6021 0.124382 0.0640957
1 37.376 38.6017 0.104118 0.0661534
1 38.491 38.6029 0.0800649 0.0696081
1 39.6035 38.6042 0.0864332 0.0655087
1 40.7149 38.6042 0.100318 0.0597828
1 41.8269 38.6039 0.0942626 0.0551308
1 42.9421 38.6052 0.0834281 0.0430456
1 44.0671 38.6084 0.0770665 0.0333747
1 0.17569 39.5616 -0.0860524 0.0304975
1 1.29949 39.5614 -0.0947851 0.0514688
1 2.41343 39.5628 -0.0982136 0.0639317
1 3.52603 39.5639 -0.0962929 0.0665559
1 4.63869 39.5639 -0.0780057 0.0759217
1 5.75199 39.5619 -0.0788385 0.0879597
1 6.86698 39.5608 -0.104001 0.083326
1 7.98395 39.5624 -0.11352 0.0753863
1 9.10195 39.566 -0.108893 0.0735129
1 10.2179 39.5708 -0.0916834 0.0762428
1 11.3307 39.577 -0.0616556 0.0757802
1 12.441 39.5841 -0.0444045 0.07685
1 13.5495 39.5914 -0.0307086 0.0782548
1 14.6564 39.5987 -0.013314 0.0775336
1 15.7626 39.6052 -0.0167628 0.0751137
1 16.8679 39.6101 -0.0132786 0.0700285
1 17.9732 39.6136 -0.0064952 0.0669059
1 19.0785 39.6164 -0.00509175 0.0679774
1 20.1846 39.618 -0.00179563 0.0654016
1 21.2909 39.6187 -0.00508931 0.0617588
1 22.3965 39.6187 -0.00361796 0.0640082
1 23.5028 39.6185 0.0053466 0.0650571
1 24.6082 39.6174 0.00939943 0.0642742
1 25.713 39.6152 0.00720538 0.0667045
1 26.8192 39.6124 0.000519043 0.0689429
1 27.9249 39.6082 0.00884392 0.0730702
1 29.0308 39.6022 0.0204462 0.0768532
1 30.1373 39.5949 0.0253529 0.0774094
1 31.2443 39.5875 0.0371742 0.07686
1 32.3535 39.5803 0.0524431 0.0767156
1 33.4653 39.5736 0.0819456 0.0759106
1 34.5796 39.5681 0.105304 0.0735167
1 35.697 39.564 0.117246 0.076732
1 36.8152 39.5616 0.117564 0.0814845
1 37.9312 39.5615 0.0905871 0.0843975
1 39.0451 39.5634 0.0735955 0.0843868
1 40.1578 39.5643 0.092144 0.0702292
1 41.2702 39.5638 0.10861 0.0645703
1 42.3833 39.5623 0.111371 0.0553468
1 43.4996 39.5613 0.113731 0.0401075
1 0.740688 40.5175 -0.121344 0.05133
1 1.85681 40.5215 -0.109144 0.0635218
1 2.97117 40.5236 -0.102872 0.0724534
1 4.0846 40.5243 -0.089595 0.0876243
1 5.19791 40.5235 -0.0797723 0.107869
1 6.31141 40.5219 -0.0896872 0.105588
1 7.42687 40.5231 -0.104004 0.093541
1 8.5441 40.5272 -0.105989 0.0891554
1 9.66027 40.5332 -0.098816 0.0895913
1 10.7738 40.54 -0.0765419 0.0931478
1 11.8856 40.5474 -0.0485005 0.0952885
1 12.9949 40.5553 -0.03489 0.100493
1 14.1021 40.5631 -0.023231 0.104418
1 15.2087 40.5704 -0.013997 0.102427
1 16.3146 40.5765 -0.00948282 0.100599
1 17.4203 40.5808 -0.000567785 0.0979757
1 18.5262 40.5841 -0.00142048 0.0947596
1 19.6314 40.5862 -0.00723185 0.0953987
1 20.7369 40.5871 -0.00706468 0.0950457
1 21.8429 40.5875 0.000213027 0.0920761
1 22.9491 40.5874 0.00273412 0.0920823
1 24.0557 40.5869 -4.08688e-06 0.0936315
1 25.1615 40.5855 0.00606117 0.0936626
1 26.2675 40.5829 0.0104217 0.096264
1 27.3729 40.5792 0.0107222 0.100167
1 28.4784 40.5739 0.0140212 0.101855
1 29.5849 40.5668 0.013125 0.102628
1 30.6917 40.5589 0.0268151 0.104139
1 31.7999 40.551 0.038991 0.0982739
1 32.9102 40.5435 0.0556267 0.0933655
1 34.0226 40.5364 0.0877972 0.0925659
1 35.1374 40.53 0.100651 0.0903688
1 36.2545 40.5253 0.103431 0.0914366
1 37.3711 40.5226 0.0992683 0.101167
1 38.4857 40.523 0.0807435 0.111216
1 39.5988 40.5246 0.0776839 0.0948369
1 40.7116 40.5242 0.0869281 0.0771775
1 41.8252 40.5226 0.0962872 0.0673328
1 42.9399 40.5193 0.0982573 0.0545522
1 44.0635 40.516 0.0967754 0.0354259
1 0.175366 41.4719 -0.0982091 0.0588034
1 1.29916 41.4779 -0.0960993 0.0606138
1 2.41593 41.482 -0.0940833 0.0776459
1 3.53054 41.4846 -0.0926598 0.0981669
1 4.64367 41.4856 -0.0839546 0.118835
1 5.75711 41.4844 -0.0805134 0.126137
1 6.87145 41.485 -0.0913633 0.109662
1 7.98687 41.4897 -0.0965573 0.0975445
1 9.1024 41.4965 -0.0924158 0.0983672
1 10.2166 41.5041 -0.0781337 0.0996469
1 11.3288 41.5122 -0.0526709 0.104351
1 12.4389 41.5204 -0.0368532 0.111212
1 13.5472 41.5289 -0.0255311 0.117226
1 14.6544 41.5369 -0.0112858 0.11941
1 15.7609 41.5442 -0.0116035 0.117306
1 16.8665 41.5498 -0.011243 0.11554
1 17.9722 41.5537 -0.00580227 0.114045
1 19.0779 41.5565 -0.00407997 0.112103
1 20.1838 41.5581 -0.00282741 0.111382
1 21.2904 41.5583 -0.00124141 0.111037
1 22.3967 41.5583 -0.000126914 0.111319
1 23.5031 41.5584 0.0039074 0.111807
1 24.6089 41.5575 0.00789421 0.111661
1 25.7146 41.5554 0.00291635 0.111838
1 26.8206 41.5524 -0.00113929 0.11395
1 27.9264 41.5475 0.00810846 0.11636
1 29.0326 41.5406 0.0136178 0.119788
1 30.1391 41.5329 0.0193986 0.118106
1 31.2465 41.5244 0.0338209 0.113499
1 32.3559 41.516 0.0465601 0.109763
1 33.4674 41.508 0.0689767 0.102424
1 34.5805 41.5004 0.0886318 0.0984249
1 35.6956 41.4932 0.0968135 0.100658
1 36.8114 41.4876 0.096514 0.102449
1 37.926 41.4847 0.0838577 0.114667
1 39.0397 41.4854 0.0814161 0.125355
1 40.1529 41.4854 0.095769 0.107791
1 41.2668 41.4831 0.10698 0.0840306
1 42.3829 41.4797 0.111759 0.0695405
1 43.5011 41.4743 0.119504 0.0622708
1 0.736196 42.4321 -0.11357 0.0721352
1 1.85651 42.4371 -0.121134 0.0747178
1 2.9735 42.4428 -0.124135 0.0930189
1 4.08836 42.4462 -0.106159 0.114506
1 5.20251 42.4464 -0.0884251 0.125825
1 6.31632 42.447 -0.0868369 0.10993
1 7.43006 42.4517 -0.0927341 0.0930792
1 8.54486 42.4592 -0.0886816 0.0866311
1 9.65901 42.4677 -0.0814879 0.0859949
1 10.7717 42.4763 -0.0670006 0.0910186
1 11.8829 42.4849 -0.0418742 0.0969347
1 12.9922 42.4937 -0.0282603 0.0999255
1 14.0999 42.5026 -0.0189801 0.105491
1 15.2067 42.5107 -0.0101001 0.10675
1 16.3128 42.5175 -0.00424014 0.10285
1 17.4186 42.5227 0.00108988 0.100124
1 18.5248 42.5263 -3.43599e-05 0.0987543
1 19.6303 42.5282 -0.00321859 0.0947328
1 20.7364 42.5287 -0.00304082 0.0970382
1 21.843 42.5289 -0.000908386 0.102458
1 22.9497 42.529 -0.000932354 0.0966133
1 24.0565 42.5287 8.36563e-05 0.0941748
1 25.1629 42.5277 0.00392316 0.0986333
1 26.2687 42.525 0.00491778 0.0985506
1 27.3742 42.5207 0.00794654 0.100916
1 28.4803 42.5145 0.00671837 0.105162
1 29.5869 42.5067 0.00612301 0.106112
1 30.6939 42.4979 0.0232317 0.10475
1 31.8026 42.4891 0.0368374 0.0988709
1 32.9128 42.4803 0.0523221 0.0937844
1 34.0245 42.4718 0.0784781 0.0906697
1 35.1383 42.4636 0.089736 0.0883669
1 36.2535 42.4559 0.0941635 0.0881028
1 37.3678 42.4493 0.0900311 0.10041
1 38.4814 42.4465 0.0839237 0.117442
1 39.5954 42.4465 0.0909447 0.118351
1 40.7094 42.4447 0.106674 0.104686
1 41.8245 42.4398 0.111367 0.0892815
1 42.9422 42.4343 0.0993342 0.0720571
1 44.0671 42.4283 0.0855871 0.0786662
1 0.172154 43.3883 -0.0657075 0.0930187
1 1.29604 43.391 -0.103363 0.0858397
1 2.41262 43.3981 -0.125265 0.0877777
1 3.5289 43.4036 -0.124624 0.0946348
1 4.64429 43.4063 -0.110554 0.105595
1 5.75874 43.4074 -0.0995926 0.101698
1 6.87229 43.412 -0.0977316 0.0802155
1 7.98608 43.4197 -0.0949741 0.0662123
1 9.10031 43.4286 -0.0901527 0.0653762
1 10.2137 43.4377 -0.0799793 0.0661389
1 11.3255 43.4468 -0.0567232 0.0681686
1 12.4358 43.4557 -0.0382967 0.0719126
1 13.5445 43.4647 -0.0242084 0.0746087
1 14.6518 43.4737 -0.00876525 0.0749686
1 15.7586 43.4817 -0.00634417 0.0741424
1 16.8647 43.4881 -0.00643404 0.0699492
1 17.9703 43.4925 -0.00211266 0.062589
1 19.0764 43.4949 -0.00193833 0.0579272
1 20.183 43.4958 0.00207306 0.0584717
1 21.2898 43.496 0.00228825 0.0637361
1 22.3969 43.4961 -0.00213311 0.0661048
1 23.5037 43.496 0.00195895 0.0606176
1 24.6101 43.4956 0.00316656 0.0559679
1 25.7164 43.4943 -0.00516893 0.0582802
1 26.8225 43.4911 -0.000449106 0.0674265
1 27.9285 43.4854 0.00707394 0.0728206
1 29.0349 43.4778 0.0101233 0.075071
1 30.1421 43.4692 0.0228208 0.0774768
1 31.2501 43.4601 0.0310203 0.0745596
1 32.3596 43.451 0.0439911 0.0695338
1 33.4708 43.4422 0.0705508 0.0676446
1 34.5832 43.4333 0.0862839 0.0668371
1 35.6973 43.4242 0.0945349 0.0664139
1 36.8117 43.416 0.0976561 0.072154
1 37.9248 43.4096 0.0957164 0.0873815
1 39.0386 43.4065 0.106537 0.106426
1 40.1539 43.4049 0.132318 0.102868
1 41.2703 43.4013 0.148516 0.0895108
1 42.3873 43.3944 0.145893 0.0851201
1 43.5066 43.3881 0.123461 0.0840627
1 0.732967 44.3465 -0.127958 0.101377
1 1.8486 44.3531 -0.14536 0.0986611
1 2.96473 44.3591 -0.164005 0.0959258
1 4.08104 44.3632 -0.153631 0.0998943
1 5.19665 44.3657 -0.130051 0.0996589
1 6.311 44.3701 -0.117804 0.0761571
1 7.42474 44.3778 -0.114428 0.0641023
1 8.53891 44.387 -0.109003 0.061295
1 9.6529 44.3967 -0.0987793 0.0598269
1 10.7655 44.406 -0.0808527 0.0632186
1 11.8768 44.4151 -0.0566111 0.064321
1 12.9865 44.4243 -0.0386116 0.0681068
1 14.0947 44.4333 -0.0270244 0.0697743
1 15.2022 44.4422 -0.0174657 0.069717
1 16.3091 44.4499 -0.0106904 0.0648042
1 17.4155 44.4554 -0.00162493 0.0553544
1 18.5221 44.4582 0.000469726 0.0498705
1 19.629 44.4593 -0.00122376 0.0445682
1 20.7358 44.4596 0.000718713 0.0469743
1 21.8429 44.4596 -0.00149456 0.0581364
1 22.9504 44.4598 -0.0030966 0.0506926
1 24.0578 44.4596 0.000797864 0.0415196
1 25.1646 44.4592 0.0022649 0.0462137
1 26.2713 44.4576 0.00451454 0.051066
1 27.3778 44.4533 0.0104674 0.0613181
1 28.4845 44.4464 0.0125042 0.070073
1 29.5919 44.4378 0.020987 0.0712883
1 30.6998 44.4287 0.0350528 0.0716565
1 31.8088 44.4196 0.0471608 0.0664722
1 32.9193 44.4104 0.0703476 0.0637415
1 34.0315 44.4014 0.0933958 0.0620238
1 35.1449 44.392 0.104329 0.0610611
1 36.2593 44.3825 0.111332 0.0622573
1 37.3731 44.3738 0.114106 0.0686378
1 38.4871 44.3674 0.121825 0.0860126
1 39.6025 44.3642 0.140417 0.100926
1 40.7189 44.3613 0.149734 0.103094
1 41.8352 44.3566 0.132759 0.094469
1 42.9502 44.3488 0.112101 0.105392
1 44.0723 44.3441 0.0700172 0.100373
1 0.16364 45.2996 -0.108742 0.0983148
1 1.2851 45.3097 -0.117732 0.122198
1 2.39833 45.3167 -0.138721 0.130783
1 3.51278 45.3205 -0.148084 0.129025
1 4.62819 45.323 -0.146684 0.11692
1 5.74386 45.3269 -0.138571 0.0954792
1 6.85869 45.3348 -0.13472 0.0789231
1 7.97324 45.345 -0.128765 0.0727952
1 9.08816 45.3552 -0.118331 0.0744994
1 10.2018 45.3651 -0.101417 0.0783622
1 11.3138 45.3747 -0.0783232 0.0816715
1 12.4248 45.3839 -0.0570256 0.0845746
1 13.5341 45.3932 -0.0412332 0.0910862
1 14.6423 45.4023 -0.0269122 0.0904417
1 15.7505 45.411 -0.0180359 0.0847045
1 16.8584 45.4178 -0.0153977 0.0787115
1 17.9654 45.4217 -0.00727195 0.0675841
1 19.0732 45.4232 -0.00629422 0.0593431
1 20.1813 45.4234 -0.00231584 0.0579297
1 21.2888 45.4233 0.00187942 0.066839
1 22.3969 45.4233 -0.000651006 0.0714515
1 23.5052 45.4232 0.00188479 0.0604261
1 24.6128 45.4234 0.00482899 0.0528904
1 25.7206 45.4232 0.00462797 0.0614537
1 26.8284 45.4208 0.0115184 0.0759748
1 27.936 45.415 0.0133953 0.0851762
1 29.0438 45.4068 0.0224376 0.0908357
1 30.1523 45.3978 0.0397193 0.0932108
1 31.2608 45.3885 0.0459871 0.08659
1 32.3709 45.3791 0.0665656 0.0820517
1 33.4827 45.3698 0.097624 0.0817287
1 34.5957 45.3602 0.113664 0.0751066
1 35.7104 45.35 0.124996 0.073701
1 36.8252 45.3399 0.131293 0.0761368
1 37.9392 45.3306 0.130852 0.0854598
1 39.054 45.3244 0.140044 0.106984
1 40.1701 45.3212 0.15787 0.126457
1 41.2859 45.3188 0.163638 0.1301
1 42.401 45.3135 0.149358 0.121772
1 43.5156 45.3048 0.146787 0.143314
1 0.717701 46.2636 -0.144231 0.135226
1 1.83191 46.277 -0.143572 0.1537
1 2.94679 46.2816 -0.14235 0.147684
1 4.06137 46.283 -0.132154 0.142589
1 5.17544 46.2852 -0.125409 0.11776
1 6.28977 46.2924 -0.132606 0.0886921
1 7.40451 46.303 -0.138204 0.0770966
1 8.52042 46.3141 -0.134764 0.0768569
1 9.63591 46.3255 -0.119492 0.0802465
1 10.7491 46.3352 -0.0984901 0.0897118
1 11.8613 46.3445 -0.0680397 0.0881625
1 12.9715 46.3546 -0.0446967 0.095013
1 14.0805 46.3633 -0.0333946 0.10174
1 15.1897 46.372 -0.0172694 0.0925001
1 16.2984 46.3809 -0.0108223 0.0888789
1 17.4069 46.3863 -0.00835831 0.0792892
1 18.5159 46.3879 -0.00565382 0.0600265
1 19.6251 46.3885 -0.00761157 0.0480154
1 20.7338 46.3885 -0.00228038 0.0594022
1 21.8426 46.3878 0.00149517 0.076021
1 22.9517 46.388 -0.00104612 0.0646235
1 24.0606 46.3885 0.00390815 0.0476654
1 25.1696 46.3886 0.00648775 0.0526583
1 26.2788 46.3882 0.00848629 0.0687803
1 27.3875 46.3845 0.0127184 0.0868505
1 28.4963 46.3769 0.0162747 0.0955159
1 29.6058 46.3677 0.0269986 0.0990599
1 30.7149 46.3588 0.0404981 0.0982993
1 31.8244 46.3494 0.0562249 0.0924665
1 32.9357 46.3399 0.082392 0.0892478
1 34.0482 46.3303 0.107325 0.0829662
1 35.1625 46.3196 0.125406 0.0804255
1 36.2783 46.3087 0.133887 0.0782196
1 37.3933 46.2976 0.133132 0.0826919
1 38.5079 46.2887 0.131704 0.103585
1 39.6226 46.2836 0.134835 0.127239
1 40.738 46.2811 0.136714 0.141705
1 41.8537 46.2784 0.131899 0.150138
1 42.968 46.273 0.115431 0.149107
1 44.0886 46.2581 0.126491 0.167025
1 0.133545 47.2092 -0.117941 0.181504
1 1.25902 47.2394 -0.130214 0.157478
1 2.37973 47.2473 -0.130553 0.14022
1 3.49715 47.2503 -0.127064 0.142682
1 4.61141 47.2516 -0.11461 0.130503
1 5.72353 47.2559 -0.109563 0.099882
1 6.83617 47.2655 -0.128176 0.075582
1 7.95137 47.2769 -0.142943 0.0721474
1 9.06814 47.2887 -0.134059 0.0646758
1 10.1835 47.3004 -0.113143 0.074731
1 11.2963 47.3096 -0.086685 0.0827692
1 12.4078 47.3199 -0.0537085 0.0794279
1 13.518 47.3296 -0.0374257 0.0929782
1 14.6276 47.3373 -0.025944 0.0961052
1 15.7371 47.3467 -0.00692038 0.0824089
1 16.8476 47.3546 -0.00719502 0.0781138
1 17.9581 47.3573 0.000960923 0.0643504
1 19.0685 47.3577 0.000585878 0.0383367
1 20.1786 47.3581 -0.00814808 0.0389961
1 21.2878 47.3578 -0.00385466 0.0603521
1 22.3974 47.3573 0.0011426 0.0654563
1 23.5066 47.3576 0.0103219 0.0457758
1 24.6163 47.3581 0.0047907 0.0311993
1 25.727 47.3583 -0.00713416 0.0508592
1 26.8375 47.3571 0.00246025 0.0765382
1 27.9484 47.3516 0.00688669 0.082542
1 29.0585 47.3421 0.016646 0.0897079
1 30.1678 47.333 0.0340744 0.0967042
1 31.2774 47.3245 0.0459809 0.0875099
1 32.3887 47.3146 0.0728691 0.0818586
1 33.5009 47.305 0.104123 0.0800919
1 34.615 47.2945 0.125896 0.0695097
1 35.7314 47.2828 0.13659 0.0698717
1 36.847 47.2713 0.134069 0.0742775
1 37.9607 47.2606 0.119207 0.0891548
1 39.0737 47.2538 0.117348 0.112309
1 40.1874 47.2494 0.12169 0.13016
1 41.3021 47.2466 0.116706 0.148907
1 42.4188 47.2444 0.116393 0.165118
1 43.538 47.2351 0.121816 0.139738
