1 0.70945 0.181163 0.071327 0.0724976
1 1.82659 0.174781 0.0696027 0.0783716
1 2.94135 0.171688 0.0704681 0.0753515
1 4.05505 0.169276 0.0736445 0.0814556
1 5.16862 0.166894 0.0672614 0.0738144
1 6.28241 0.167211 0.0723122 0.0709242
1 7.39548 0.165855 0.0702094 0.085719
1 8.51013 0.162831 0.0611537 0.0812278
1 9.62505 0.163363 0.0662414 0.0624726
1 10.7391 0.167824 0.0677615 0.0522641
1 11.852 0.173758 0.0752354 0.0494967
1 12.9634 0.179493 0.0805424 0.0527831
1 14.0743 0.184386 0.0778681 0.0564859
1 15.1851 0.188895 0.0826976 0.0570504
1 16.295 0.193269 0.0874693 0.0583649
1 17.4046 0.197488 0.0883879 0.0579522
1 18.5135 0.201892 0.0985107 0.0557051
1 19.6211 0.206244 0.0982148 0.0597053
1 20.7299 0.209392 0.0643686 0.0700267
1 21.8417 0.210654 0.0130217 0.0774544
1 22.9546 0.210203 -0.039666 0.0757673
1 24.065 0.207915 -0.0848812 0.0650255
1 25.1728 0.204064 -0.101206 0.0567342
1 26.2809 0.19959 -0.0930013 0.056238
1 27.3902 0.195349 -0.0876675 0.0582757
1 28.4998 0.191099 -0.0862565 0.0575131
1 29.6102 0.186666 -0.0783749 0.0576264
1 30.7212 0.182097 -0.0792285 0.0560882
1 31.832 0.176816 -0.0802782 0.0501746
1 32.9442 0.17063 -0.0691001 0.0475826
1 34.058 0.164612 -0.0651311 0.0526079
1 35.1725 0.161348 -0.065569 0.0711763
1 36.2875 0.163452 -0.0647948 0.0911323
1 37.4013 0.167039 -0.073878 0.0803352
1 38.5146 0.166938 -0.0697126 0.0692816
1 39.6282 0.168037 -0.0725521 0.0814772
1 40.7415 0.171212 -0.0668333 0.0755244
1 41.856 0.172321 -0.0665815 0.0735556
1 42.9712 0.176898 -0.0707566 0.0825256
1 44.092 0.193748 -0.0676855 0.0727254
1 0.155381 1.15291 0.0701295 0.0785061
1 1.2754 1.14457 0.0676756 0.075728
1 2.38834 1.14041 0.0693083 0.0774398
1 3.50103 1.1377 0.0664179 0.0782976
1 4.6141 1.13563 0.0698277 0.0747398
1 5.72669 1.13442 0.0691895 0.0758195
1 6.84026 1.13369 0.065951 0.0763308
1 7.95377 1.13191 0.0701068 0.082179
1 9.0669 1.13034 0.0737695 0.0752762
1 10.1796 1.13278 0.0741333 0.0557105
1 11.2923 1.13837 0.0705063 0.0495845
1 12.4045 1.14438 0.0759841 0.0511924
1 13.5156 1.14987 0.0796211 0.0536708
1 14.6264 1.1548 0.0793647 0.0563318
1 15.7367 1.15932 0.0856842 0.0571708
1 16.8463 1.16387 0.0898203 0.0557166
1 17.9555 1.16846 0.0913029 0.0573622
1 19.0643 1.17245 0.0921839 0.0651027
1 20.1735 1.17521 0.0739744 0.0754604
1 21.2849 1.17656 0.0341056 0.0830181
1 22.3983 1.17674 -0.0120004 0.0849153
1 23.5112 1.17593 -0.0571054 0.0802594
1 24.6215 1.1739 -0.0857774 0.0705601
1 25.7303 1.17051 -0.0920389 0.0605145
1 26.8392 1.16616 -0.0902891 0.0558034
1 27.9484 1.16159 -0.0889319 0.0563802
1 29.0583 1.15711 -0.0815104 0.0571967
1 30.1691 1.15241 -0.0779225 0.0553828
1 31.28 1.14722 -0.0794558 0.0530139
1 32.3915 1.14146 -0.0743749 0.0498547
1 33.5038 1.13515 -0.072617 0.0476895
1 34.6164 1.13007 -0.0697608 0.0599585
1 35.73 1.12958 -0.0642758 0.0828364
1 36.8437 1.13258 -0.0711425 0.0864234
1 37.9571 1.1343 -0.069486 0.074956
1 39.0703 1.13482 -0.0721958 0.0745659
1 40.1828 1.13702 -0.0723003 0.0821869
1 41.2958 1.1394 -0.0719967 0.0727159
1 42.4078 1.14165 -0.0764399 0.0756465
1 43.5207 1.14932 -0.0713114 0.0829047
1 0.722137 2.10995 0.0730903 0.0817161
1 1.83556 2.10522 0.0758365 0.0760009
1 2.94727 2.10211 0.0718744 0.0754324
1 4.05952 2.09971 0.0710209 0.0772908
1 5.17164 2.09775 0.0727365 0.0772518
1 6.28421 2.09672 0.0701239 0.0715981
1 7.3971 2.09592 0.0729644 0.0796485
1 8.5098 2.09388 0.070243 0.0815182
1 9.62248 2.09441 0.0703591 0.0619101
1 10.7345 2.0987 0.0736905 0.0520333
1 11.8462 2.10442 0.0764201 0.0498814
1 12.9573 2.11034 0.0809294 0.0506273
1 14.068 2.11568 0.0789761 0.0535971
1 15.1786 2.12061 0.0842017 0.0533725
1 16.2882 2.1255 0.0896345 0.0539081
1 17.3977 2.12995 0.0829128 0.0599342
1 18.508 2.13342 0.0808966 0.0690826
1 19.6181 2.13575 0.0781286 0.0771825
1 20.7288 2.13711 0.052958 0.0830867
1 21.8416 2.13762 0.0106446 0.0860046
1 22.9552 2.1374 -0.0340724 0.085127
1 24.067 2.13643 -0.0685326 0.0805359
1 25.1771 2.13463 -0.0801907 0.0736127
1 26.2873 2.13178 -0.080658 0.0644468
1 27.3972 2.12782 -0.0870217 0.0562491
1 28.5065 2.1231 -0.088416 0.0534101
1 29.6166 2.11821 -0.0805237 0.0542231
1 30.7273 2.11316 -0.0807914 0.0520982
1 31.838 2.1074 -0.0768243 0.0483037
1 32.95 2.10117 -0.0700902 0.0493616
1 34.062 2.09567 -0.0776209 0.0555714
1 35.1735 2.093 -0.0760206 0.0704452
1 36.2861 2.09398 -0.0679835 0.0807483
1 37.3992 2.0959 -0.0709683 0.0783543
1 38.512 2.09733 -0.068212 0.0775976
1 39.6247 2.09889 -0.0668742 0.0764019
1 40.7369 2.10092 -0.0693476 0.077361
1 41.8489 2.10379 -0.0693002 0.0777325
1 42.9606 2.1078 -0.0718156 0.0721341
1 44.0818 2.11125 -0.0713958 0.0780113
1 0.160749 3.07188 0.0666485 0.0762361
1 1.28141 3.06954 0.0693379 0.074819
1 2.39343 3.06655 0.0712108 0.0787117
1 3.50516 3.0637 0.0673388 0.078577
1 4.61729 3.06153 0.0705478 0.0768896
1 5.72901 3.05984 0.0698726 0.0767209
1 6.84151 3.05882 0.0679554 0.0758779
1 7.95378 3.05767 0.0742541 0.0797661
1 9.0658 3.05691 0.0750889 0.0720385
1 10.1774 3.05942 0.0782536 0.056867
1 11.2886 3.06449 0.0741733 0.0505079
1 12.3999 3.0704 0.0771314 0.0493292
1 13.5104 3.07619 0.0831783 0.050537
1 14.6204 3.08162 0.0836798 0.0516895
1 15.7304 3.08662 0.0843585 0.0560598
1 16.8406 3.09073 0.0761884 0.0646647
1 17.952 3.09367 0.0698785 0.0733174
1 19.0632 3.09569 0.0750394 0.0787654
1 20.1737 3.0971 0.0674222 0.0829847
1 21.2852 3.09788 0.0332746 0.086525
1 22.3982 3.098 -0.0121956 0.087396
1 23.5109 3.0975 -0.0545963 0.0850832
1 24.6218 3.09638 -0.0739334 0.0810598
1 25.7326 3.09469 -0.0713166 0.0764985
1 26.844 3.09231 -0.0711098 0.069436
1 27.9546 3.08883 -0.0810349 0.0600923
1 29.0645 3.08423 -0.082977 0.0534259
1 30.1748 3.079 -0.0824075 0.0515222
1 31.2849 3.07343 -0.0839161 0.0497935
1 32.3956 3.06732 -0.0773044 0.047237
1 33.5068 3.06125 -0.0754038 0.0506226
1 34.6181 3.05707 -0.0717223 0.064732
1 35.7304 3.05643 -0.06795 0.0779459
1 36.8427 3.05779 -0.0752688 0.0782781
1 37.9547 3.05923 -0.0742224 0.0768948
1 39.0669 3.06072 -0.0712024 0.0756863
1 40.179 3.06256 -0.0689314 0.0777905
1 41.291 3.06508 -0.0708033 0.0780295
1 42.4027 3.06829 -0.0739827 0.0761204
1 43.5167 3.07049 -0.0773862 0.0797246
1 0.724722 4.03233 0.0737262 0.0754112
1 1.83892 4.0302 0.0713844 0.0765497
1 2.9507 4.02757 0.0695712 0.0758063
1 4.06267 4.02531 0.0679743 0.0793757
1 5.17437 4.0232 0.0725417 0.0774377
1 6.2859 4.02207 0.0755643 0.0740689
1 7.39718 4.02098 0.0790753 0.0804075
1 8.50927 4.01969 0.0657304 0.0780021
1 9.62194 4.02082 0.0681916 0.0615213
1 10.7327 4.02502 0.0802474 0.0535838
1 11.8432 4.03058 0.0807961 0.0492994
1 12.9532 4.03668 0.0871412 0.0478893
1 14.0628 4.04243 0.0823402 0.0527709
1 15.1734 4.04723 0.0751491 0.0604695
1 16.2845 4.0509 0.0705571 0.0689851
1 17.3964 4.0535 0.0640203 0.0762039
1 18.5085 4.05538 0.0689735 0.0798922
1 19.6193 4.05682 0.075377 0.0824395
1 20.7298 4.05781 0.0551227 0.0859219
1 21.8418 4.05825 0.0113285 0.0883694
1 22.9546 4.05809 -0.0361681 0.0875011
1 24.0658 4.05731 -0.0689283 0.0843151
1 25.1762 4.05607 -0.0729787 0.0812601
1 26.2877 4.05446 -0.0647264 0.0784954
1 27.3997 4.05231 -0.0668787 0.0732588
1 28.5111 4.04924 -0.07355 0.0649268
1 29.6221 4.045 -0.0778287 0.0562681
1 30.7322 4.03969 -0.0862724 0.0501849
1 31.8417 4.03365 -0.0817597 0.0474186
1 32.9525 4.02744 -0.0747175 0.0485596
1 34.0632 4.02204 -0.081889 0.0556313
1 35.1737 4.0193 -0.0767036 0.0715031
1 36.2857 4.01972 -0.0693596 0.0805735
1 37.3981 4.0212 -0.0690499 0.0775689
1 38.5101 4.02265 -0.0704416 0.0773699
1 39.6219 4.02435 -0.0680899 0.0760103
1 40.7338 4.02624 -0.0681496 0.0755521
1 41.8454 4.02903 -0.0677027 0.0803551
1 42.9579 4.03167 -0.0698193 0.07316
1 44.0776 4.03269 -0.0679324 0.0690566
1 0.163891 4.99483 0.0702525 0.0743152
1 1.28353 4.99372 0.0699549 0.0772332
1 2.39588 4.99138 0.0710449 0.0774206
1 3.50761 4.98891 0.0672514 0.0756731
1 4.61946 4.98697 0.0713022 0.0726697
1 5.73053 4.98571 0.0719868 0.0748366
1 6.84224 4.98412 0.0679358 0.0795682
1 7.95433 4.98277 0.0674767 0.0749548
1 9.0663 4.98309 0.0765272 0.0655043
1 10.1766 4.98614 0.0874558 0.0544697
1 11.2865 4.99132 0.0786878 0.046187
1 12.3967 4.9975 0.0812182 0.0448182
1 13.5063 5.0032 0.0817676 0.0529364
1 14.617 5.00759 0.0686405 0.0626724
1 15.729 5.01086 0.0647874 0.0696898
1 16.8412 5.01331 0.0631934 0.0747346
1 17.9535 5.01515 0.0639454 0.0780876
1 19.0651 5.01666 0.0743834 0.0799855
1 20.1752 5.01785 0.0709668 0.082623
1 21.2859 5.01853 0.0364231 0.0861129
1 22.398 5.01863 -0.0132564 0.0873355
1 23.5098 5.01821 -0.0588408 0.0846428
1 24.6201 5.01723 -0.0755961 0.0810014
1 25.7309 5.01587 -0.067815 0.0792733
1 26.8429 5.01424 -0.0619331 0.077061
1 27.955 5.01219 -0.0645089 0.072624
1 29.067 5.0094 -0.0641142 0.0663663
1 30.1788 5.00558 -0.0728887 0.0577835
1 31.2888 5.00047 -0.0875045 0.048558
1 32.3981 4.99435 -0.0843003 0.0440525
1 33.508 4.9883 -0.0793471 0.0469043
1 34.6183 4.98371 -0.0711973 0.057248
1 35.7302 4.98192 -0.0685039 0.0727618
1 36.8419 4.98301 -0.0768313 0.08138
1 37.9534 4.98482 -0.0734879 0.0767744
1 39.065 4.9862 -0.075682 0.0736494
1 40.1764 4.98803 -0.0695385 0.0763711
1 41.2884 4.99039 -0.0697842 0.074492
1 42.4005 4.9925 -0.0706194 0.0735484
1 43.5152 4.99465 -0.0710998 0.0752869
1 0.726094 5.95658 0.0751789 0.0736392
1 1.84051 5.95468 0.0741547 0.0784413
1 2.95248 5.95248 0.0724946 0.0790003
1 4.06422 5.95046 0.0744362 0.0774148
1 5.1753 5.94896 0.0751712 0.0774449
1 6.28695 5.94734 0.0717066 0.0808071
1 7.39846 5.94559 0.0752946 0.0796772
1 8.5102 5.9454 0.0666927 0.0715029
1 9.6218 5.94761 0.0734482 0.0584812
1 10.7314 5.95242 0.0826779 0.0485781
1 11.841 5.95829 0.0807489 0.0496749
1 12.9508 5.96356 0.0800817 0.0593442
1 14.0616 5.96753 0.0649886 0.0685431
1 15.1741 5.97049 0.0583441 0.0736991
1 16.2865 5.97286 0.0628618 0.0773363
1 17.3988 5.97474 0.0625383 0.0804012
1 18.5108 5.9763 0.0697349 0.081827
1 19.6212 5.97761 0.0794332 0.0839358
1 20.7309 5.9785 0.0603098 0.0875678
1 21.842 5.97884 0.0126705 0.0899673
1 22.9539 5.97871 -0.0400465 0.0890242
1 24.0643 5.97806 -0.0742103 0.08575
1 25.1741 5.97692 -0.0749713 0.0827553
1 26.2854 5.97548 -0.0639795 0.0813452
1 27.3976 5.97382 -0.0630236 0.0795223
1 28.5096 5.97178 -0.0621378 0.0761605
1 29.6222 5.96916 -0.0595654 0.0712687
1 30.7342 5.96569 -0.0710172 0.0635862
1 31.8444 5.961 -0.0784097 0.0538679
1 32.9543 5.95527 -0.0807429 0.0475892
1 34.0635 5.94957 -0.0881904 0.050614
1 35.173 5.94563 -0.0765757 0.0627901
1 36.2845 5.94461 -0.0682851 0.077239
1 37.3966 5.94597 -0.0665463 0.0835395
1 38.5086 5.9481 -0.0697708 0.0820983
1 39.6199 5.94977 -0.0693272 0.0766563
1 40.7316 5.95145 -0.0643611 0.0774543
1 41.8433 5.95363 -0.0658593 0.0792832
1 42.9555 5.95572 -0.0671625 0.0773171
1 44.0753 5.95839 -0.0696285 0.0757356
1 0.164662 6.91964 0.0717111 0.0752444
1 1.28463 6.91813 0.0700494 0.0750737
1 2.39715 6.91609 0.0688196 0.0756756
1 3.50907 6.91398 0.0667833 0.0734279
1 4.62067 6.91245 0.0700953 0.0733519
1 5.732 6.91068 0.0672495 0.0779246
1 6.84419 6.90863 0.0636945 0.0782603
1 7.9561 6.9079 0.068192 0.0681284
1 9.06699 6.90977 0.0819018 0.0557154
1 10.176 6.91399 0.0883618 0.0468916
1 11.2856 6.91925 0.0726137 0.04944
1 12.3964 6.92389 0.0699951 0.0590056
1 13.5073 6.92747 0.0662118 0.0660653
1 14.6194 6.93029 0.0569232 0.0699656
1 15.7321 6.93263 0.0615092 0.0726665
1 16.8441 6.93457 0.0647511 0.0752131
1 17.9562 6.93618 0.0661458 0.0770558
1 19.0673 6.93758 0.0780744 0.0789419
1 20.1767 6.93864 0.0769742 0.0820705
1 21.2865 6.93921 0.0408936 0.0854614
1 22.3978 6.9393 -0.0144923 0.0864275
1 23.5087 6.93894 -0.0649886 0.0839031
1 24.6182 6.93809 -0.0807025 0.0802134
1 25.7285 6.93683 -0.0701539 0.0779794
1 26.8402 6.93533 -0.0637823 0.0765721
1 27.952 6.93361 -0.0645499 0.074633
1 29.0642 6.93154 -0.0579434 0.0719571
1 30.177 6.92902 -0.0588268 0.0677275
1 31.2885 6.92578 -0.0706234 0.0616803
1 32.3991 6.92163 -0.0743897 0.054086
1 33.5089 6.91656 -0.0801825 0.0472555
1 34.6182 6.91148 -0.0762582 0.0481976
1 35.7289 6.90799 -0.0710467 0.0599122
1 36.8398 6.90753 -0.0765853 0.0745888
1 37.9515 6.90925 -0.0687644 0.0800589
1 39.0634 6.91142 -0.0722948 0.0767709
1 40.1747 6.91322 -0.0716585 0.0752927
1 41.2863 6.9151 -0.0704919 0.074175
1 42.398 6.91722 -0.0731059 0.0749429
1 43.5119 6.91937 -0.0724204 0.080172
1 0.727529 7.88126 0.071755 0.0825643
1 1.84172 7.87946 0.0710009 0.0811495
1 2.95386 7.87747 0.0687666 0.078966
1 4.06567 7.8759 0.0703392 0.0779179
1 5.17723 7.874 0.0679707 0.0824304
1 6.28964 7.87168 0.0651267 0.0834758
1 7.40103 7.87051 0.0783595 0.0741684
1 8.51147 7.87216 0.0719074 0.0597743
1 9.62213 7.87588 0.0696579 0.0542865
1 10.7321 7.88031 0.0700666 0.0578528
1 11.8428 7.88426 0.0682989 0.0657418
1 12.9537 7.88748 0.0685081 0.0707597
1 14.0652 7.89026 0.0581435 0.0733254
1 15.1779 7.89259 0.0582673 0.0760719
1 16.2899 7.89454 0.0664736 0.0787309
1 17.4016 7.8962 0.0657303 0.0808042
1 18.5132 7.8976 0.0731862 0.0826758
1 19.623 7.89874 0.0857146 0.0856464
1 20.7318 7.89947 0.0664594 0.089514
1 21.8422 7.89972 0.0140853 0.0917624
1 22.9534 7.89962 -0.0441518 0.0909113
1 24.0629 7.89912 -0.0811665 0.0874854
1 25.1719 7.89814 -0.0797854 0.0839348
1 26.2828 7.89684 -0.0666733 0.0817901
1 27.3946 7.89531 -0.0658697 0.0802151
1 28.5061 7.89356 -0.064255 0.0781926
1 29.6185 7.89152 -0.0576451 0.0753027
1 30.7307 7.88903 -0.062309 0.071449
1 31.842 7.88597 -0.0640626 0.0672425
1 32.9533 7.88227 -0.0670493 0.0611543
1 34.0633 7.87794 -0.0816478 0.0557787
1 35.1724 7.87364 -0.0790197 0.0557909
1 36.2828 7.87076 -0.0714688 0.0650443
1 37.394 7.87044 -0.0665402 0.0787036
1 38.5063 7.87254 -0.0655328 0.0852716
1 39.6181 7.87496 -0.069128 0.0809998
1 40.7297 7.87666 -0.0678854 0.0771864
1 41.8412 7.87855 -0.067903 0.0824094
1 42.9535 7.88059 -0.0684416 0.0805933
1 44.0736 7.88152 -0.0681143 0.0816099
1 0.167261 8.84489 0.0572761 0.079267
1 1.28718 8.84263 0.0629948 0.0776365
1 2.39955 8.84046 0.0666081 0.07572
1 3.51105 8.83898 0.063353 0.075208
1 4.62323 8.83692 0.0605994 0.0828245
1 5.73544 8.8342 0.062294 0.0838511
1 6.84729 8.83295 0.0661058 0.0723921
1 7.95814 8.83425 0.06836 0.0611919
1 9.06878 8.83734 0.0722237 0.058014
1 10.1787 8.84097 0.075075 0.0613054
1 11.2892 8.84437 0.0632398 0.0659002
1 12.4006 8.84734 0.0636675 0.0693017
1 13.5117 8.85001 0.0631681 0.0710282
1 14.6237 8.85237 0.0585874 0.0738865
1 15.7358 8.85433 0.0654782 0.0764965
1 16.8472 8.85598 0.0683933 0.0784747
1 17.9587 8.85739 0.0696359 0.0802388
1 19.0693 8.85857 0.0837948 0.0826052
1 20.1779 8.85939 0.0839295 0.0863101
1 21.2869 8.85977 0.0446334 0.0892346
1 22.3976 8.85982 -0.0157786 0.0897215
1 23.508 8.85959 -0.0706961 0.087919
1 24.6166 8.85898 -0.0873765 0.0843436
1 25.7262 8.85793 -0.0744184 0.0811965
1 26.8374 8.8566 -0.0666307 0.0793893
1 27.9487 8.85508 -0.0676704 0.0778081
1 29.0603 8.85335 -0.0610871 0.0758917
1 30.1726 8.85129 -0.0599658 0.0729908
1 31.2841 8.84878 -0.0668238 0.070025
1 32.3951 8.84591 -0.0650236 0.0671694
1 33.5061 8.84266 -0.0670061 0.0632997
1 34.6164 8.83906 -0.0657095 0.0583011
1 35.7273 8.83541 -0.0685747 0.0580675
1 36.8373 8.83306 -0.0792513 0.0660282
1 37.9482 8.83314 -0.0665849 0.0790386
1 39.0607 8.83535 -0.0644227 0.083941
1 40.1728 8.83808 -0.0666761 0.0795605
1 41.2846 8.83979 -0.0685087 0.0748295
1 42.3965 8.84159 -0.0695442 0.0769795
1 43.5109 8.84323 -0.0733348 0.0772364
1 0.731442 9.80651 0.0624012 0.072721
1 1.8456 9.80451 0.0634875 0.0711157
1 2.95737 9.80287 0.0613549 0.0724731
1 4.06965 9.80034 0.0588134 0.0814189
1 5.1819 9.79739 0.0611928 0.0805714
1 6.29387 9.79592 0.0637557 0.0712442
1 7.40455 9.79679 0.074061 0.0623283
1 8.51497 9.79933 0.061732 0.0578775
1 9.6263 9.8024 0.0614972 0.0601945
1 10.7369 9.80535 0.0655782 0.0639341
1 11.8477 9.80807 0.0671186 0.0662079
1 12.9586 9.81063 0.068785 0.0675206
1 14.0697 9.81297 0.0616136 0.0698883
1 15.1818 9.81494 0.0629995 0.0730339
1 16.2932 9.81658 0.070781 0.075248
1 17.4043 9.81798 0.0699783 0.0772807
1 18.5153 9.81914 0.0787513 0.0800408
1 19.6244 9.81998 0.0925874 0.083666
1 20.7324 9.82044 0.0715587 0.0871505
1 21.8423 9.82058 0.0150917 0.0888663
1 22.953 9.82052 -0.0474058 0.0882466
1 24.0619 9.82021 -0.0875563 0.0853906
1 25.1702 9.81953 -0.0860134 0.0816535
1 26.2804 9.81849 -0.0712978 0.07849
1 27.3916 9.81718 -0.0696808 0.076193
1 28.5026 9.81568 -0.0682292 0.0744373
1 29.6144 9.81394 -0.0622367 0.072289
1 30.7261 9.81185 -0.0657539 0.0691632
1 31.837 9.80941 -0.0640192 0.0666321
1 32.9484 9.80669 -0.0624307 0.0643874
1 34.0591 9.80378 -0.0724421 0.0622618
1 35.1691 9.80074 -0.0694841 0.0595571
1 36.2799 9.79786 -0.0656943 0.0584458
1 37.3905 9.79592 -0.0664628 0.0652306
1 38.502 9.79619 -0.0624127 0.0769626
1 39.6142 9.79878 -0.0565143 0.0833072
1 40.7272 9.80173 -0.0564458 0.0761181
1 41.8389 9.80372 -0.0633851 0.0705569
1 42.9508 9.80553 -0.0627467 0.0728839
1 44.0698 9.80749 -0.0555519 0.070394
1 0.174034 10.7713 0.055921 0.0665564
1 1.29251 10.7686 0.0578675 0.07307
1 2.40436 10.7663 0.0579304 0.078098
1 3.51653 10.7635 0.050292 0.0868295
1 4.62947 10.7601 0.0522903 0.0876988
1 5.7413 10.7583 0.0599639 0.0784964
1 6.85237 10.7588 0.0636802 0.068609
1 7.96302 10.761 0.0648124 0.0662478
1 9.07385 10.7635 0.0695808 0.068179
1 10.1839 10.7661 0.074875 0.0696104
1 11.2943 10.7686 0.0642281 0.0709136
1 12.4055 10.7711 0.0653489 0.072146
1 13.5163 10.7733 0.0669672 0.0744001
1 14.6276 10.7753 0.06334 0.0772179
1 15.7391 10.7769 0.069813 0.0796968
1 16.85 10.7782 0.0730492 0.0820219
1 17.9609 10.7793 0.0751903 0.0848415
1 19.0708 10.7801 0.0905316 0.0881486
1 20.1787 10.7806 0.0899958 0.0916322
1 21.2871 10.7808 0.0471966 0.0937497
1 22.3976 10.7808 -0.0167239 0.0940397
1 23.5075 10.7807 -0.0752653 0.092809
1 24.6154 10.7804 -0.0941954 0.0898437
1 25.7243 10.7797 -0.0805132 0.0862611
1 26.8349 10.7787 -0.0714181 0.0831916
1 27.9457 10.7775 -0.0716555 0.0807674
1 29.0567 10.776 -0.0650385 0.0787275
1 30.1684 10.7742 -0.0644998 0.0762995
1 31.2794 10.7722 -0.0707786 0.073985
1 32.39 10.7698 -0.0673317 0.0719682
1 33.5008 10.7674 -0.0667894 0.0703592
1 34.6113 10.7647 -0.0616808 0.0675153
1 35.7226 10.762 -0.0617414 0.0665168
1 36.8329 10.7596 -0.0732677 0.0675052
1 37.9433 10.7582 -0.0648342 0.0735543
1 39.0551 10.7587 -0.0628561 0.0832521
1 40.1672 10.7615 -0.0561713 0.0905245
1 41.2801 10.7651 -0.0565142 0.0850059
1 42.3922 10.7676 -0.0626567 0.0743732
1 43.5061 10.7699 -0.0608801 0.0677091
1 0.737621 11.7335 0.066318 0.0666547
1 1.85151 11.7302 0.0625429 0.075404
1 2.964 11.7265 0.0537753 0.086441
1 4.07705 11.7225 0.0552232 0.0861146
1 5.18883 11.7205 0.0631284 0.075867
1 6.29991 11.7207 0.0655366 0.0685875
1 7.41009 11.7223 0.0747864 0.065678
1 8.52025 11.7246 0.0629432 0.0648643
1 9.63151 11.727 0.0635976 0.0662344
1 10.7419 11.7293 0.0675364 0.0679915
1 11.8526 11.7315 0.0692937 0.0689522
1 12.963 11.7337 0.0725083 0.0704647
1 14.0737 11.7356 0.0663739 0.0727052
1 15.1852 11.7372 0.0672404 0.0752886
1 16.296 11.7385 0.0753639 0.0777649
1 17.4065 11.7396 0.0757645 0.0806672
1 18.5168 11.7403 0.0853709 0.0838402
1 19.6252 11.7407 0.0988165 0.086773
1 20.7327 11.7409 0.0751626 0.0887874
1 21.8423 11.7409 0.0156422 0.0895545
1 22.9529 11.7409 -0.0496499 0.0892923
1 24.0614 11.7408 -0.0928437 0.0877938
1 25.1689 11.7405 -0.0926362 0.0851274
1 26.2785 11.7399 -0.0773843 0.0820506
1 27.389 11.739 -0.074654 0.079003
1 28.4995 11.7378 -0.0720447 0.0764024
1 29.6108 11.7363 -0.0662424 0.0742189
1 30.7219 11.7345 -0.0701212 0.0720098
1 31.8323 11.7325 -0.0674055 0.0700859
1 32.9435 11.7303 -0.064824 0.0685854
1 34.0539 11.728 -0.0747539 0.0675295
1 35.1637 11.7256 -0.0706511 0.0664609
1 36.2745 11.7233 -0.0657677 0.0646582
1 37.3849 11.7212 -0.0657092 0.0655578
1 38.4957 11.7201 -0.0637317 0.0726935
1 39.607 11.7211 -0.0545509 0.082901
1 40.7199 11.7242 -0.0469005 0.0884981
1 41.8326 11.7283 -0.0517803 0.0821589
1 42.9447 11.7319 -0.0575535 0.0715851
1 44.0634 11.7357 -0.0618624 0.0655167
1 0.179426 12.6989 0.0674427 0.0746536
1 1.29875 12.6947 0.0594553 0.0797877
1 2.41181 12.6902 0.0520743 0.0883439
1 3.52481 12.6858 0.0501031 0.0864659
1 4.6371 12.6833 0.0597322 0.0777051
1 5.74767 12.6831 0.068281 0.0691628
1 6.85794 12.6845 0.069416 0.0647823
1 7.96824 12.6865 0.0688176 0.064829
1 9.0788 12.6886 0.0722901 0.0663167
1 10.1887 12.6908 0.076595 0.0665444
1 11.299 12.6929 0.0664826 0.0677288
1 12.4099 12.6949 0.06902 0.0690538
1 13.5202 12.6968 0.071704 0.0713362
1 14.631 12.6984 0.0678242 0.0738452
1 15.742 12.6997 0.07456 0.0769563
1 16.8522 12.7006 0.0789828 0.0805243
1 17.9625 12.7012 0.0816886 0.0840269
1 19.0716 12.7016 0.0965863 0.0870622
1 20.179 12.7017 0.0940742 0.0893993
1 21.2872 12.7017 0.0486053 0.0905033
1 22.3975 12.7017 -0.0172203 0.090618
1 23.5073 12.7017 -0.0780473 0.0899833
1 24.6148 12.7016 -0.0995419 0.0881674
1 25.723 12.7014 -0.0869024 0.0853375
1 26.8329 12.7009 -0.0776872 0.0820226
1 27.9431 12.7001 -0.0768509 0.0784862
1 29.0536 12.6989 -0.0691197 0.0752518
1 30.1649 12.6974 -0.0685554 0.0725665
1 31.2753 12.6957 -0.0747934 0.0706203
1 32.3856 12.6938 -0.0708872 0.0690641
1 33.496 12.6917 -0.0699663 0.0678035
1 34.6063 12.6896 -0.0640841 0.0658014
1 35.7174 12.6874 -0.0642785 0.0651962
1 36.8274 12.6852 -0.0767616 0.0654551
1 37.9373 12.6835 -0.0694342 0.0670467
1 39.0481 12.6827 -0.0684194 0.0718594
1 40.1593 12.6839 -0.0587865 0.0827688
1 41.2722 12.6875 -0.0517147 0.0900088
1 42.3854 12.6923 -0.0592147 0.0860377
1 43.4999 12.6969 -0.066958 0.0783699
1 0.743151 13.6582 0.0654249 0.0936316
1 1.85851 13.6529 0.0570625 0.100347
1 2.97207 13.6481 0.0552247 0.0967485
1 4.08447 13.6453 0.0646172 0.0852861
1 5.19494 13.645 0.0732425 0.0756407
1 6.30512 13.6462 0.0717462 0.0722782
1 7.41493 13.6479 0.0779623 0.0711065
1 8.52493 13.6499 0.0650765 0.0705561
1 9.6361 13.6519 0.0654554 0.0711949
1 10.7463 13.6539 0.0699906 0.072863
1 11.8567 13.6558 0.0720652 0.0740591
1 12.9668 13.6575 0.0762498 0.07571
1 14.077 13.6591 0.0708918 0.0784142
1 15.1879 13.6603 0.0724345 0.0818508
1 16.2982 13.6612 0.0816634 0.0856864
1 17.408 13.6617 0.0824975 0.0893537
1 18.5177 13.6619 0.0914095 0.0922346
1 19.6256 13.662 0.103189 0.0941561
1 20.7328 13.6619 0.0770246 0.0950312
1 21.8423 13.6619 0.0158529 0.0952376
1 22.9529 13.6619 -0.0506009 0.0951742
1 24.0612 13.662 -0.0960586 0.0945768
1 25.1683 13.6619 -0.0980816 0.0930675
1 26.2772 13.6618 -0.0839205 0.0906287
1 27.3871 13.6614 -0.0812917 0.0872556
1 28.497 13.6607 -0.0776394 0.0834332
1 29.6077 13.6596 -0.070704 0.0799812
1 30.7184 13.6582 -0.0738151 0.0771277
1 31.8284 13.6565 -0.0702568 0.074904
1 32.9392 13.6547 -0.0671899 0.0734987
1 34.0494 13.6527 -0.0772695 0.0725507
1 35.1591 13.6507 -0.0729567 0.0721211
1 36.2697 13.6487 -0.0695746 0.0709869
1 37.3798 13.6468 -0.0709323 0.0703483
1 38.4899 13.6452 -0.0724129 0.0739205
1 39.6 13.6447 -0.0659986 0.0808943
1 40.7117 13.6461 -0.0561432 0.0914885
1 41.8243 13.65 -0.0525253 0.101391
1 42.9381 13.6554 -0.0582065 0.100582
1 44.059 13.6604 -0.0730536 0.0943584
1 0.182532 14.62 0.0732 0.107249
1 1.30504 14.6146 0.0586131 0.109803
1 2.41939 14.6095 0.0586602 0.100521
1 3.53163 14.6069 0.0631251 0.0861261
1 4.64262 14.6065 0.0705618 0.0759799
1 5.7524 14.6075 0.0746367 0.0705875
1 6.86242 14.6092 0.0725901 0.0683219
1 7.97263 14.6111 0.070769 0.0687441
1 9.0831 14.613 0.0737782 0.0696768
1 10.1929 14.6148 0.0781123 0.0695541
1 11.303 14.6166 0.0688516 0.0709953
1 12.4135 14.6183 0.0725834 0.072875
1 13.5234 14.6198 0.0765967 0.0758762
1 14.6337 14.6209 0.0735281 0.0793409
1 15.744 14.6217 0.0809671 0.083241
1 16.8536 14.6221 0.0855189 0.0869981
1 17.9633 14.6223 0.0873953 0.089698
1 19.072 14.6222 0.100852 0.0912185
1 20.179 14.6221 0.0962603 0.0918866
1 21.2871 14.622 0.0490803 0.091855
1 22.3975 14.622 -0.0173758 0.0917404
1 23.5073 14.6221 -0.0793293 0.0918564
1 24.6146 14.6221 -0.102969 0.0915245
1 25.7224 14.6222 -0.092106 0.0903068
1 26.8317 14.6222 -0.0839955 0.0881302
1 27.9412 14.6219 -0.0834193 0.0848451
1 29.0512 14.6212 -0.0749606 0.0810103
1 30.1619 14.6202 -0.07343 0.0773421
1 31.2719 14.6189 -0.0786215 0.0742747
1 32.3817 14.6173 -0.0738693 0.0721629
1 33.4919 14.6156 -0.072461 0.0707171
1 34.602 14.6137 -0.0657701 0.0692364
1 35.713 14.6118 -0.0656062 0.0686164
1 36.823 14.6099 -0.0789616 0.0692493
1 37.9327 14.6081 -0.0741037 0.0704332
1 39.0429 14.6067 -0.0770748 0.0726325
1 40.1529 14.6061 -0.0707761 0.0808016
1 41.2645 14.6076 -0.0601474 0.0940442
1 42.3776 14.6116 -0.0560008 0.10689
1 43.4936 14.6173 -0.0590795 0.109165
1 0.750082 15.5757 0.0546813 0.116698
1 1.86603 15.5708 0.0593081 0.103968
1 2.97846 15.5684 0.066206 0.0870282
1 4.08944 15.5682 0.0739325 0.0755706
1 5.19919 15.5694 0.0777509 0.0695594
1 6.30921 15.571 0.0739226 0.0679998
1 7.419 15.5727 0.0793329 0.066798
1 8.529 15.5746 0.0664273 0.066342
1 9.64012 15.5764 0.0674328 0.0670618
1 10.7501 15.5781 0.0734534 0.069248
1 11.8602 15.5796 0.0761618 0.0716201
1 12.9699 15.581 0.0814155 0.0744809
1 14.0795 15.582 0.0770747 0.0784103
1 15.1898 15.5827 0.079183 0.0823788
1 16.2995 15.583 0.0880612 0.0859958
1 17.4088 15.5831 0.0876696 0.0888292
1 18.518 15.5829 0.0951635 0.0904832
1 19.6256 15.5827 0.105246 0.0910923
1 20.7327 15.5826 0.0774904 0.0910391
1 21.8423 15.5825 0.0158256 0.0908155
1 22.9529 15.5825 -0.0507705 0.0908836
1 24.0612 15.5827 -0.0973757 0.090997
1 25.1681 15.5828 -0.101221 0.0907082
1 26.2767 15.583 -0.0885531 0.0895875
1 27.386 15.583 -0.0871595 0.0872357
1 28.4953 15.5828 -0.0842049 0.083864
1 29.6055 15.5822 -0.0771086 0.0801327
1 30.7155 15.5814 -0.0794793 0.0762287
1 31.8251 15.5801 -0.0745774 0.0726062
1 32.9355 15.5787 -0.0701061 0.0699988
1 34.0455 15.577 -0.0796522 0.0683073
1 35.155 15.5753 -0.075158 0.0677961
1 36.2656 15.5735 -0.0716171 0.0669819
1 37.3757 15.5716 -0.0725048 0.0664416
1 38.4858 15.5698 -0.0757356 0.068538
1 39.5955 15.5684 -0.0727871 0.0725448
1 40.7061 15.5677 -0.0666762 0.0800665
1 41.8176 15.5688 -0.0614844 0.0949442
1 42.9316 15.5725 -0.0567277 0.112273
1 44.0554 15.5777 -0.0638771 0.116888
1 0.187713 16.5355 0.0517252 0.118111
1 1.31161 16.5311 0.0557743 0.107233
1 2.42505 16.5293 0.0651498 0.0888729
1 3.53605 16.5297 0.0687532 0.0766166
1 4.64645 16.531 0.0730304 0.0711063
1 5.75613 16.5327 0.0758067 0.0683659
1 6.86619 16.5345 0.0740601 0.0673725
1 7.9764 16.5364 0.0728261 0.0681056
1 9.08679 16.5381 0.0764576 0.0694652
1 10.1964 16.5397 0.0815746 0.070937
1 11.3062 16.5411 0.0734477 0.0739485
1 12.4164 16.5422 0.0784782 0.0775214
1 13.5257 16.5431 0.0833323 0.0815317
1 14.6354 16.5436 0.0802759 0.08539
1 15.7452 16.5439 0.0869718 0.0887039
1 16.8543 16.5438 0.0900113 0.0912886
1 17.9636 16.5436 0.0905176 0.0928721
1 19.072 16.5434 0.102828 0.0934791
1 20.1789 16.5431 0.096929 0.0933891
1 21.287 16.5429 0.048984 0.0929351
1 22.3976 16.5429 -0.0173239 0.0927535
1 23.5074 16.543 -0.0795371 0.0931162
1 24.6146 16.5432 -0.104406 0.0934442
1 25.7222 16.5435 -0.0948435 0.0931511
1 26.8312 16.5437 -0.0879297 0.0920007
1 27.9403 16.5438 -0.0888018 0.0898314
1 29.0497 16.5437 -0.0813712 0.0867644
1 30.1598 16.5433 -0.0800486 0.0830472
1 31.2692 16.5425 -0.0848389 0.079067
1 32.3786 16.5415 -0.0791598 0.0755514
1 33.4884 16.5402 -0.0766854 0.0724091
1 34.5983 16.5386 -0.0688284 0.0697534
1 35.7092 16.5369 -0.0674549 0.0680178
1 36.8191 16.5351 -0.0797846 0.0679134
1 37.9289 16.5333 -0.0745067 0.0685463
1 39.0391 16.5315 -0.078382 0.0692147
1 40.1488 16.5299 -0.0755078 0.0734704
1 41.2593 16.5289 -0.0696209 0.0824861
1 42.3706 16.5295 -0.0642832 0.098319
1 43.4856 16.5326 -0.0551701 0.11761
1 0.757796 17.491 0.0606216 0.105439
1 1.87191 17.4899 0.0679847 0.0841411
1 2.98276 17.4908 0.070897 0.0719212
1 4.09304 17.4925 0.0746423 0.0662368
1 5.20267 17.4944 0.0772323 0.0640607
1 6.31271 17.4963 0.0743705 0.0642718
1 7.42248 17.4981 0.0810403 0.0647816
1 8.5324 17.4998 0.0695678 0.0664902
1 9.64334 17.5012 0.072545 0.0694146
1 10.753 17.5025 0.0801393 0.0731764
1 11.8626 17.5034 0.0833888 0.0770207
1 12.9718 17.5041 0.0887193 0.0807241
1 14.081 17.5045 0.0838315 0.0843615
1 15.1908 17.5046 0.0850051 0.0873567
1 16.3 17.5046 0.0922366 0.0894735
1 17.4091 17.5044 0.0902062 0.0908327
1 18.5181 17.504 0.0968362 0.091616
1 19.6255 17.5037 0.105992 0.0916808
1 20.7326 17.5035 0.0773796 0.0912062
1 21.8422 17.5034 0.0157084 0.0908101
1 22.953 17.5034 -0.0506254 0.0909455
1 24.0613 17.5036 -0.0977113 0.0914286
1 25.1681 17.5039 -0.102599 0.0916677
1 26.2765 17.5042 -0.0907801 0.0912
1 27.3856 17.5045 -0.0905822 0.0900273
1 28.4945 17.5046 -0.0893511 0.0881675
1 29.6042 17.5045 -0.0835425 0.085563
1 30.7137 17.5042 -0.0867518 0.0822182
1 31.8228 17.5037 -0.0818357 0.0784157
1 32.9328 17.5028 -0.076269 0.0743607
1 34.0425 17.5016 -0.0848569 0.0707151
1 35.1517 17.5002 -0.0795099 0.0683396
1 36.2621 17.4987 -0.0747254 0.0660632
1 37.3721 17.4969 -0.0737855 0.064015
1 38.4822 17.4951 -0.0760008 0.0638511
1 39.5918 17.4931 -0.072881 0.0651244
1 40.702 17.4913 -0.0683094 0.0682587
1 41.8124 17.4899 -0.0649761 0.0763154
1 42.9245 17.4898 -0.0552676 0.0926482
1 44.0471 17.4924 -0.0392748 0.112806
1 0.19817 18.4515 0.0355859 0.0989472
1 1.31865 18.451 0.0570468 0.079259
1 2.42997 18.4525 0.0667587 0.0689191
1 3.53998 18.4545 0.0687059 0.0650784
1 4.65001 18.4565 0.0731526 0.0646535
1 5.75951 18.4584 0.0769652 0.0654892
1 6.86945 18.4602 0.0768376 0.0680081
1 7.97943 18.4617 0.0778183 0.0716688
1 9.08949 18.4629 0.0829938 0.0757324
1 10.1987 18.4639 0.0886995 0.0795522
1 11.3082 18.4647 0.081023 0.0837763
1 12.4179 18.4652 0.0865788 0.0880019
1 13.5268 18.4654 0.0906995 0.0915586
1 14.6361 18.4654 0.0861262 0.0943123
1 15.7456 18.4653 0.0912525 0.0963483
1 16.8545 18.465 0.0925118 0.0976873
1 17.9637 18.4647 0.0919642 0.0986443
1 19.072 18.4643 0.103757 0.0993335
1 20.1788 18.4639 0.0971221 0.099396
1 21.287 18.4637 0.0488129 0.0989941
1 22.3976 18.4636 -0.0172066 0.0987901
1 23.5075 18.4638 -0.0794289 0.099091
1 24.6147 18.4641 -0.105098 0.0993746
1 25.7222 18.4645 -0.0961761 0.0989637
1 26.8311 18.4648 -0.0899907 0.0980775
1 27.94 18.4651 -0.0924202 0.0969113
1 29.0491 18.4653 -0.0866802 0.0950922
1 30.1589 18.4654 -0.0865722 0.0925146
1 31.2679 18.4652 -0.0924912 0.0893625
1 32.3769 18.4648 -0.0873678 0.0856579
1 33.4862 18.4642 -0.0846733 0.0813885
1 34.5957 18.4633 -0.075342 0.0770189
1 35.7063 18.4621 -0.072067 0.0727307
1 36.816 18.4607 -0.0833841 0.0695914
1 37.9255 18.459 -0.0765253 0.0670949
1 39.0356 18.4572 -0.0784024 0.0647419
1 40.1451 18.4552 -0.0749248 0.0645806
1 41.2552 18.4531 -0.070357 0.0663676
1 42.3655 18.4512 -0.0690372 0.0724741
1 43.4787 18.4501 -0.0639064 0.0875985
1 0.763915 19.412 0.068263 0.068978
1 1.87666 19.414 0.0712788 0.0656402
1 2.98675 19.4162 0.0720114 0.0671776
1 4.09662 19.4182 0.0761453 0.0702718
1 5.20592 19.4199 0.0801062 0.0740941
1 6.31567 19.4215 0.0786195 0.0784843
1 7.42511 19.4227 0.0865463 0.0829345
1 8.53466 19.4237 0.0759844 0.0877836
1 9.64519 19.4244 0.0802014 0.0927462
1 10.7543 19.4248 0.0882721 0.097024
1 11.8636 19.4251 0.0912379 0.100568
1 12.9724 19.4251 0.0956047 0.103484
1 14.0812 19.425 0.0892825 0.105448
1 15.1909 19.4248 0.0893252 0.106788
1 16.3 19.4245 0.0952373 0.107536
1 17.409 19.4241 0.0920704 0.107767
1 18.518 19.4237 0.098288 0.10805
1 19.6254 19.4233 0.106819 0.10793
1 20.7325 19.4229 0.0774091 0.107111
1 21.8422 19.4228 0.0156562 0.106332
1 22.953 19.4228 -0.0504998 0.106619
1 24.0614 19.4231 -0.0981105 0.107477
1 25.1682 19.4235 -0.103864 0.108008
1 26.2765 19.4239 -0.0924837 0.10784
1 27.3857 19.4243 -0.0930342 0.107585
1 28.4945 19.4246 -0.0932319 0.107077
1 29.604 19.4249 -0.0886401 0.105895
1 30.7132 19.425 -0.0931519 0.104228
1 31.8219 19.4251 -0.0892436 0.101775
1 32.9316 19.4249 -0.0836966 0.0982292
1 34.0409 19.4245 -0.0923115 0.0942158
1 35.1497 19.4239 -0.0867458 0.0899024
1 36.2596 19.423 -0.0812558 0.0852303
1 37.3693 19.4219 -0.0791692 0.0801326
1 38.479 19.4205 -0.0798515 0.0757016
1 39.5883 19.4188 -0.0755402 0.0718615
1 40.6982 19.4169 -0.070364 0.0679911
1 41.8077 19.4148 -0.0684834 0.0656315
1 42.9179 19.4127 -0.0621302 0.0661057
1 44.036 19.4116 -0.0453458 0.0739798
1 0.207757 20.3753 0.0604983 0.0471708
1 1.32433 20.3768 0.0703778 0.0487697
1 2.43417 20.3785 0.0748598 0.0546106
1 3.54348 20.3802 0.0752147 0.0609564
1 4.65303 20.3815 0.0800201 0.0670191
1 5.76209 20.3826 0.0843187 0.0725952
1 6.87161 20.3835 0.0846047 0.0781161
1 7.98114 20.3841 0.0861984 0.0828284
1 9.09072 20.3845 0.0910187 0.0866505
1 10.1996 20.3848 0.0954698 0.0898294
1 11.3086 20.3848 0.0869303 0.092195
1 12.4181 20.3847 0.0920015 0.0938707
1 13.5267 20.3846 0.0947372 0.0944596
1 14.6358 20.3843 0.0888936 0.0944208
1 15.7453 20.384 0.0932815 0.0941608
1 16.8542 20.3837 0.0937776 0.0934308
1 17.9634 20.3834 0.0930272 0.0926147
1 19.0718 20.3831 0.104711 0.0918599
1 20.1786 20.3827 0.0973709 0.0905265
1 21.2869 20.3825 0.0485082 0.0890324
1 22.3976 20.3824 -0.0173594 0.0885835
1 23.5076 20.3826 -0.0793905 0.089649
1 24.6149 20.3829 -0.10568 0.0912597
1 25.7224 20.3833 -0.097198 0.0922636
1 26.8313 20.3836 -0.0911149 0.0930071
1 27.9403 20.3839 -0.0942138 0.093828
1 29.0493 20.3842 -0.089341 0.0942468
1 30.159 20.3844 -0.089903 0.0942712
1 31.2678 20.3846 -0.0970293 0.0939423
1 32.3765 20.3847 -0.093343 0.0927174
1 33.4855 20.3847 -0.0920481 0.090833
1 34.5945 20.3846 -0.083175 0.0881401
1 35.7047 20.3842 -0.0792445 0.0838098
1 36.814 20.3837 -0.0907128 0.0794342
1 37.9232 20.3829 -0.0836895 0.0745812
1 39.0329 20.3819 -0.0848802 0.069009
1 40.142 20.3806 -0.0811342 0.0632058
1 41.2516 20.3791 -0.0766969 0.0569761
1 42.3613 20.3774 -0.07662 0.0504233
1 43.4737 20.3756 -0.0750985 0.0449673
1 0.767577 21.342 0.0827134 0.0248922
1 1.87986 21.3431 0.0831045 0.0313868
1 2.9895 21.3441 0.082503 0.0378807
1 4.09895 21.345 0.0857053 0.0436814
1 5.20788 21.3456 0.088869 0.0486664
1 6.31723 21.3461 0.0871606 0.0526848
1 7.42626 21.3465 0.0939941 0.0558523
1 8.53549 21.3467 0.0820136 0.0584078
1 9.64569 21.3467 0.0859867 0.0600874
1 10.7545 21.3467 0.0928812 0.0609504
1 11.8635 21.3466 0.0942348 0.0611479
1 12.9721 21.3465 0.0969889 0.0608757
1 14.0809 21.3463 0.0896828 0.0600712
1 15.1905 21.3461 0.0893799 0.0591675
1 16.2996 21.3459 0.0948836 0.0581191
1 17.4086 21.3457 0.0915707 0.0568968
1 18.5177 21.3455 0.097958 0.0558095
1 19.6251 21.3453 0.106211 0.0545275
1 20.7323 21.3451 0.0766634 0.0529883
1 21.8422 21.345 0.015512 0.0520151
1 22.9531 21.3451 -0.0499017 0.0523629
1 24.0616 21.3452 -0.0973361 0.0537842
1 25.1685 21.3454 -0.10343 0.0552754
1 26.2769 21.3457 -0.0920523 0.0564059
1 27.3861 21.3459 -0.0925479 0.0575452
1 28.4949 21.346 -0.0931342 0.058682
1 29.6043 21.3462 -0.0890404 0.0595821
1 30.7135 21.3464 -0.0944774 0.0604396
1 31.822 21.3466 -0.0917469 0.0609345
1 32.9315 21.3467 -0.0867683 0.06076
1 34.0406 21.3467 -0.0965809 0.0602552
1 35.1491 21.3467 -0.093297 0.0588848
1 36.2586 21.3465 -0.0890165 0.0567338
1 37.3679 21.3462 -0.0873739 0.0536376
1 38.4772 21.3458 -0.0889428 0.0500137
1 39.5861 21.3452 -0.0853927 0.0456648
1 40.6956 21.3445 -0.0805008 0.0401527
1 41.8046 21.3435 -0.0804848 0.0340652
1 42.9139 21.3425 -0.0791448 0.0275638
1 44.0296 21.3416 -0.0761744 0.022695
1 0.211223 22.3098 0.084143 0.00913392
1 1.32662 22.3103 0.0847773 0.0130849
1 2.43601 22.3108 0.08614 0.0172814
1 3.545 22.3112 0.0848969 0.0207354
1 4.65425 22.3115 0.0885081 0.0234745
1 5.76303 22.3117 0.0915621 0.0254733
1 6.87225 22.3119 0.0907845 0.0272399
1 7.98152 22.312 0.0909659 0.028409
1 9.09088 22.312 0.0942453 0.0290844
1 10.1995 22.312 0.0971818 0.0295004
1 11.3085 22.3119 0.0876234 0.0291868
1 12.4178 22.3118 0.0919677 0.0287771
1 13.5264 22.3117 0.093898 0.028135
1 14.6355 22.3117 0.0876994 0.0274574
1 15.7449 22.3116 0.0918818 0.0267777
1 16.8539 22.3115 0.092231 0.0259902
1 17.9631 22.3114 0.0916853 0.0252252
1 19.0715 22.3113 0.103492 0.024504
1 20.1785 22.3112 0.0961637 0.0236133
1 21.2868 22.3111 0.0477523 0.0228312
1 22.3976 22.3111 -0.0171935 0.0226476
1 23.5078 22.3112 -0.0783652 0.0231987
1 24.6151 22.3112 -0.104401 0.0241151
1 25.7227 22.3113 -0.0959021 0.0249218
1 26.8316 22.3114 -0.0896487 0.0256347
1 27.9406 22.3115 -0.0927697 0.0264118
1 29.0497 22.3116 -0.0881455 0.0271204
1 30.1593 22.3117 -0.0888585 0.0278103
1 31.2681 22.3118 -0.0965655 0.0285001
1 32.3767 22.3119 -0.0939625 0.02888
1 33.4855 22.3119 -0.093823 0.0290391
1 34.5944 22.3119 -0.0860797 0.0291276
1 35.7044 22.3119 -0.0830457 0.0285025
1 36.8135 22.3119 -0.0958645 0.0277262
1 37.9224 22.3118 -0.0903125 0.0261732
1 39.0318 22.3116 -0.0926642 0.0241374
1 40.1406 22.3113 -0.0898915 0.0215855
1 41.25 22.311 -0.0864035 0.0186267
1 42.3594 22.3105 -0.0877171 0.0147404
1 43.4715 22.31 -0.0880311 0.0105478
1 0.768481 23.2792 0.0907599 0.0024454
1 1.88064 23.2793 0.0898855 0.00347499
1 2.99019 23.2794 0.0883606 0.00445439
1 4.09952 23.2795 0.0907633 0.00549247
1 5.2083 23.2796 0.0931038 0.00628011
1 6.3175 23.2796 0.0905784 0.00660762
1 7.42639 23.2796 0.0962594 0.00668861
1 8.53554 23.2796 0.0831413 0.00707879
1 9.64567 23.2796 0.0867594 0.00718533
1 10.7544 23.2796 0.0928616 0.00710791
1 11.8633 23.2796 0.0937373 0.00684315
1 12.9719 23.2796 0.0960619 0.00662509
1 14.0807 23.2795 0.0886319 0.00640155
1 15.1903 23.2795 0.0882624 0.00618552
1 16.2994 23.2795 0.0936575 0.00595166
1 17.4084 23.2795 0.0903895 0.00569898
1 18.5175 23.2795 0.0968772 0.00548633
1 19.625 23.2794 0.105158 0.00526664
1 20.7323 23.2794 0.0758884 0.00501978
1 21.8422 23.2794 0.0153741 0.00487937
1 22.9532 23.2794 -0.0493425 0.0049127
1 24.0617 23.2794 -0.0963391 0.00513665
1 25.1687 23.2795 -0.102375 0.00537515
1 26.277 23.2795 -0.090959 0.00558402
1 27.3862 23.2795 -0.0913524 0.00582471
1 28.4951 23.2795 -0.0919495 0.00606888
1 29.6045 23.2795 -0.0879308 0.00628734
1 30.7137 23.2796 -0.0935419 0.00652417
1 31.8222 23.2796 -0.0912672 0.00676494
1 32.9316 23.2796 -0.0866483 0.00686178
1 34.0406 23.2796 -0.0968271 0.0069357
1 35.149 23.2796 -0.0943978 0.00690313
1 36.2585 23.2796 -0.0911161 0.00683574
1 37.3676 23.2796 -0.090344 0.0066898
1 38.4768 23.2796 -0.0928174 0.00639475
1 39.5856 23.2795 -0.0902519 0.00561617
1 40.6949 23.2794 -0.0863392 0.00474403
1 41.8037 23.2793 -0.0874227 0.00374237
1 42.9129 23.2793 -0.087424 0.00277079
1 44.0282 23.2791 -0.0883407 0.00233173
1 0.211456 24.2487 0.0879733 -0.0023118
1 1.32677 24.2486 0.08743 -0.00320466
1 2.43615 24.2485 0.0881878 -0.00418522
1 3.54512 24.2484 0.0865604 -0.00522973
1 4.65435 24.2483 0.0899466 -0.00611691
1 5.76308 24.2482 0.0925247 -0.00667034
1 6.87227 24.2482 0.0914091 -0.00704435
1 7.98151 24.2482 0.0915779 -0.00746007
1 9.09084 24.2482 0.0946128 -0.00759124
1 10.1995 24.2482 0.0969924 -0.00752558
1 11.3085 24.2482 0.0872046 -0.00742907
1 12.4178 24.2482 0.0915883 -0.00733023
1 13.5263 24.2482 0.0935194 -0.00713033
1 14.6355 24.2482 0.0873143 -0.00689004
1 15.7449 24.2483 0.0914753 -0.00667816
1 16.8538 24.2483 0.0918322 -0.00644264
1 17.9631 24.2483 0.0912871 -0.00620599
1 19.0715 24.2483 0.103094 -0.00599166
1 20.1784 24.2483 0.0958157 -0.00575397
1 21.2868 24.2484 0.0475879 -0.00553129
1 22.3976 24.2484 -0.0171262 -0.0054661
1 23.5078 24.2484 -0.0780485 -0.00562906
1 24.6152 24.2483 -0.104011 -0.00589424
1 25.7227 24.2483 -0.0955173 -0.00612503
1 26.8317 24.2483 -0.0892804 -0.00634658
1 27.9406 24.2483 -0.0923889 -0.00657747
1 29.0497 24.2482 -0.0877497 -0.00679266
1 30.1594 24.2482 -0.0884317 -0.00702047
1 31.2682 24.2482 -0.0961781 -0.00725716
1 32.3768 24.2482 -0.0937812 -0.00743936
1 33.4856 24.2482 -0.093877 -0.00760096
1 34.5944 24.2482 -0.0862816 -0.00759265
1 35.7044 24.2482 -0.0833901 -0.00768421
1 36.8134 24.2482 -0.0965679 -0.00745941
1 37.9223 24.2482 -0.0912842 -0.00714974
1 39.0317 24.2482 -0.0937251 -0.00667667
1 40.1405 24.2483 -0.0914371 -0.00581093
1 41.2498 24.2484 -0.0884729 -0.00483978
1 42.3592 24.2485 -0.0900232 -0.00380141
1 43.4714 24.2486 -0.0903336 -0.0027678
1 0.76816 25.2177 0.0883393 -0.0106184
1 1.88038 25.2172 0.0879246 -0.0145715
1 2.98995 25.2168 0.0867201 -0.0183009
1 4.09931 25.2164 0.0892415 -0.0214911
1 5.20814 25.2161 0.0917561 -0.0239096
1 6.3174 25.216 0.0894507 -0.0258829
1 7.42634 25.2158 0.0955919 -0.0272751
1 8.53551 25.2157 0.0828668 -0.0281839
1 9.64565 25.2157 0.0865712 -0.0290108
1 10.7544 25.2158 0.0928343 -0.0290212
1 11.8634 25.2158 0.0939126 -0.0287509
1 12.972 25.2159 0.0963849 -0.0283144
1 14.0808 25.216 0.089025 -0.0276972
1 15.1904 25.2161 0.088644 -0.0270773
1 16.2995 25.2162 0.0940698 -0.0263811
1 17.4085 25.2162 0.0908001 -0.0256132
1 18.5176 25.2163 0.0972386 -0.024932
1 19.625 25.2164 0.105496 -0.0241839
1 20.7323 25.2165 0.0761198 -0.0233407
1 21.8422 25.2166 0.0154148 -0.0228115
1 22.9532 25.2166 -0.0495021 -0.0229783
1 24.0617 25.2165 -0.0966339 -0.0237676
1 25.1686 25.2164 -0.102715 -0.0246229
1 26.277 25.2163 -0.0913508 -0.0253229
1 27.3862 25.2162 -0.0917761 -0.0260424
1 28.495 25.2161 -0.0923603 -0.0267653
1 29.6045 25.216 -0.0883335 -0.0274155
1 30.7137 25.2159 -0.0939003 -0.0281052
1 31.8221 25.2159 -0.0915076 -0.0286893
1 32.9316 25.2158 -0.0868474 -0.0290015
1 34.0406 25.2157 -0.0969672 -0.0290335
1 35.1491 25.2157 -0.0942363 -0.0287328
1 36.2585 25.2158 -0.0906406 -0.028273
1 37.3677 25.2158 -0.0895983 -0.0272459
1 38.477 25.216 -0.0917007 -0.0254296
1 39.5858 25.2162 -0.0887424 -0.0231679
1 40.6951 25.2165 -0.084528 -0.0204191
1 41.804 25.2169 -0.0852319 -0.0169407
1 42.9133 25.2173 -0.0848197 -0.0129689
1 44.0288 25.2177 -0.0847077 -0.00995885
1 0.209975 26.186 0.0753738 -0.023183
1 1.32576 26.1851 0.079013 -0.0284281
1 2.43531 26.1841 0.0814518 -0.0349853
1 3.54442 26.1832 0.0808053 -0.0409964
1 4.65379 26.1824 0.0849704 -0.0466489
1 5.76268 26.1818 0.0885772 -0.0510275
1 6.87201 26.1814 0.0884236 -0.0546026
1 7.98137 26.1811 0.08929 -0.0574765
1 9.09082 26.181 0.0932085 -0.0595907
1 10.1995 26.1809 0.0968517 -0.061072
1 11.3085 26.181 0.0876763 -0.0615894
1 12.4179 26.1811 0.0921819 -0.0617198
1 13.5265 26.1812 0.0943891 -0.0611548
1 14.6356 26.1814 0.0883793 -0.0603174
1 15.7451 26.1816 0.0926487 -0.0594264
1 16.854 26.1818 0.0930593 -0.0582391
1 17.9632 26.182 0.0923991 -0.0570349
1 19.0716 26.1822 0.104109 -0.0559141
1 20.1785 26.1824 0.0967174 -0.0544178
1 21.2868 26.1826 0.0480686 -0.0530221
1 22.3976 26.1826 -0.0172694 -0.0526382
1 23.5077 26.1825 -0.0788279 -0.0536094
1 24.615 26.1823 -0.105005 -0.0552423
1 25.7226 26.1821 -0.0965846 -0.0565607
1 26.8315 26.1819 -0.0904299 -0.0576958
1 27.9405 26.1817 -0.0935553 -0.0589256
1 29.0496 26.1815 -0.0888668 -0.0599544
1 30.1592 26.1813 -0.0896111 -0.0608596
1 31.268 26.1811 -0.0971717 -0.0616743
1 32.3766 26.181 -0.0941617 -0.0619081
1 33.4855 26.1809 -0.0935487 -0.0617271
1 34.5944 26.1809 -0.0853347 -0.0608802
1 35.7045 26.181 -0.0819474 -0.0591136
1 36.8137 26.1812 -0.0942699 -0.0566827
1 37.9226 26.1815 -0.088012 -0.0536321
1 39.0322 26.182 -0.0896673 -0.0496962
1 40.1411 26.1827 -0.0862853 -0.044731
1 41.2506 26.1835 -0.0822347 -0.039039
1 42.3602 26.1845 -0.0828852 -0.0323276
1 43.4724 26.1855 -0.0825466 -0.0255878
1 0.766101 27.1518 0.0753874 -0.0451923
1 1.87852 27.15 0.0768026 -0.0505259
1 2.98834 27.1483 0.0767378 -0.0569222
1 4.09798 27.1468 0.080513 -0.062958
1 5.20707 27.1456 0.0843626 -0.0686647
1 6.31658 27.1446 0.0831445 -0.0743608
1 7.42578 27.1438 0.0907413 -0.0792605
1 8.53514 27.1433 0.0792423 -0.0834989
1 9.64549 27.1429 0.0834789 -0.0875228
1 10.7545 27.1427 0.0910595 -0.0902162
1 11.8635 27.1427 0.093445 -0.092266
1 12.9722 27.1428 0.0968792 -0.0935324
1 14.081 27.143 0.0899923 -0.0938358
1 15.1907 27.1433 0.0898281 -0.0937762
1 16.2998 27.1436 0.0955287 -0.0933331
1 17.4088 27.1439 0.0922462 -0.0924877
1 18.5178 27.1442 0.0984815 -0.0917918
1 19.6252 27.1446 0.106759 -0.0907694
1 20.7324 27.1449 0.077142 -0.0892189
1 21.8422 27.145 0.0155708 -0.0880898
1 22.9531 27.145 -0.0503172 -0.0884959
1 24.0615 27.1448 -0.0979236 -0.0899695
1 25.1684 27.1444 -0.103946 -0.091358
1 26.2767 27.144 -0.0926638 -0.0921559
1 27.3859 27.1437 -0.0932751 -0.0929808
1 28.4947 27.1434 -0.0937595 -0.0937102
1 29.6042 27.1431 -0.0895354 -0.0939617
1 30.7134 27.1429 -0.094655 -0.093992
1 31.8219 27.1427 -0.0913981 -0.0933844
1 32.9315 27.1427 -0.0861711 -0.091797
1 34.0406 27.1427 -0.0954535 -0.0895056
1 35.1492 27.1429 -0.0909555 -0.0863489
1 36.2589 27.1434 -0.0858149 -0.0823876
1 37.3684 27.144 -0.0837025 -0.0776511
1 38.4779 27.1449 -0.084542 -0.0722152
1 39.5871 27.146 -0.0802794 -0.066829
1 40.6967 27.1473 -0.0748878 -0.0608972
1 41.8059 27.1489 -0.0737989 -0.0547287
1 42.9157 27.1507 -0.0702133 -0.0488716
1 44.0323 27.152 -0.0608162 -0.0468883
1 0.203719 28.1158 0.0451834 -0.0739712
1 1.32183 28.1147 0.06238 -0.0652161
1 2.43223 28.1126 0.0695253 -0.0642726
1 3.54182 28.1105 0.0706813 -0.0666394
1 4.65159 28.1087 0.0754552 -0.0702272
1 5.76087 28.107 0.0797381 -0.0741375
1 6.87058 28.1056 0.0800152 -0.0786009
1 7.98035 28.1045 0.0815614 -0.0836699
1 9.09018 28.1036 0.0868289 -0.0882352
1 10.1992 28.103 0.0922477 -0.0925947
1 11.3085 28.1026 0.084339 -0.0964829
1 12.418 28.1024 0.0897133 -0.100199
1 13.5267 28.1024 0.0931887 -0.102696
1 14.636 28.1026 0.0879958 -0.104364
1 15.7454 28.1028 0.0927187 -0.105539
1 16.8544 28.1031 0.0935336 -0.106053
1 17.9636 28.1035 0.0927756 -0.106339
1 19.0719 28.1039 0.104414 -0.106585
1 20.1788 28.1043 0.0973636 -0.106151
1 21.2869 28.1046 0.0487221 -0.105268
1 22.3976 28.1047 -0.0172218 -0.104944
1 23.5075 28.1045 -0.0795337 -0.105588
1 24.6148 28.1041 -0.105589 -0.106396
1 25.7223 28.1037 -0.0969743 -0.106455
1 26.8312 28.1033 -0.090956 -0.106196
1 27.9401 28.103 -0.0938763 -0.105955
1 29.0492 28.1026 -0.0887425 -0.105183
1 30.1589 28.1024 -0.0891666 -0.103778
1 31.2678 28.1023 -0.0957695 -0.101848
1 32.3766 28.1024 -0.0912374 -0.0990679
1 33.4857 28.1026 -0.0890664 -0.0955725
1 34.5949 28.1031 -0.079748 -0.0912215
1 35.7053 28.1038 -0.0758016 -0.0861463
1 36.8148 28.1048 -0.0868512 -0.0813358
1 37.9242 28.1061 -0.0795942 -0.0770406
1 39.0341 28.1076 -0.0808288 -0.0724988
1 40.1435 28.1093 -0.0768967 -0.0685548
1 41.2533 28.1113 -0.0721728 -0.0655331
1 42.3634 28.1135 -0.0713249 -0.0644629
1 43.4761 28.1154 -0.0680968 -0.068252
1 0.761026 29.0773 0.0643879 -0.0879182
1 1.87432 29.0762 0.0692691 -0.0733261
1 2.98471 29.0743 0.0706692 -0.0676214
1 4.09477 29.0722 0.0744343 -0.0658297
1 5.20424 29.0703 0.0777783 -0.0661512
1 6.31415 29.0685 0.0756142 -0.0683145
1 7.42379 29.0668 0.0830331 -0.0706804
1 8.53355 29.0654 0.0723083 -0.0739074
1 9.6443 29.0642 0.0759965 -0.0783251
1 10.7537 29.0633 0.0839425 -0.08255
1 11.8632 29.0627 0.0872333 -0.086805
1 12.9722 29.0623 0.0922245 -0.0906206
1 14.0812 29.0621 0.0866573 -0.0938115
1 15.1909 29.0622 0.0871908 -0.0963293
1 16.3001 29.0624 0.093691 -0.0980868
1 17.4091 29.0627 0.0910163 -0.0992263
1 18.5181 29.0631 0.0973891 -0.100137
1 19.6255 29.0635 0.106264 -0.100493
1 20.7325 29.0638 0.0773239 -0.100171
1 21.8422 29.0639 0.0156542 -0.0997859
1 22.953 29.0638 -0.0505538 -0.0999408
1 24.0613 29.0636 -0.0978342 -0.100338
1 25.1682 29.0632 -0.103117 -0.100354
1 26.2765 29.0628 -0.0916075 -0.0997094
1 27.3856 29.0625 -0.0919601 -0.0987652
1 28.4944 29.0622 -0.091661 -0.0974603
1 29.604 29.0621 -0.0866653 -0.0954358
1 30.7133 29.0621 -0.0906396 -0.0926989
1 31.8221 29.0623 -0.0861934 -0.0892627
1 32.932 29.0628 -0.0804994 -0.0851528
1 34.0414 29.0635 -0.0888533 -0.080788
1 35.1505 29.0645 -0.0829612 -0.0768669
1 36.2607 29.0658 -0.0775234 -0.0728125
1 37.3706 29.0673 -0.0758843 -0.0693471
1 38.4805 29.0691 -0.0772475 -0.0669505
1 39.5901 29.0709 -0.0734215 -0.066026
1 40.7002 29.0729 -0.0685756 -0.0661833
1 41.8101 29.0749 -0.0660043 -0.0698849
1 42.9212 29.0764 -0.0573296 -0.0798409
1 44.0417 29.076 -0.0367253 -0.0989555
1 0.192579 30.0349 0.0391555 -0.112205
1 1.31514 30.0375 0.0553498 -0.0925421
1 2.42747 30.0375 0.0658931 -0.076684
1 3.53791 30.0361 0.0685624 -0.0685628
1 4.6481 30.0343 0.0727601 -0.065646
1 5.7577 30.0324 0.0758919 -0.0642867
1 6.86773 30.0305 0.0748372 -0.0642091
1 7.97787 30.0287 0.0747694 -0.0661547
1 9.08813 30.0272 0.0792547 -0.0685857
1 10.1976 30.0258 0.0846522 -0.0711666
1 11.3072 30.0246 0.0768058 -0.0746556
1 12.4172 30.0238 0.0821788 -0.0786218
1 13.5263 30.0232 0.0867483 -0.0823886
1 14.6358 30.0229 0.0829635 -0.0857075
1 15.7454 30.0229 0.0888972 -0.088296
1 16.8544 30.023 0.091079 -0.0901444
1 17.9636 30.0233 0.0910791 -0.091303
1 19.072 30.0236 0.103147 -0.0917613
1 20.1789 30.0239 0.0969294 -0.0915502
1 21.287 30.0241 0.0488953 -0.0910104
1 22.3976 30.0241 -0.0172556 -0.0908327
1 23.5074 30.024 -0.0794517 -0.0912606
1 24.6146 30.0237 -0.104691 -0.0917563
1 25.7222 30.0234 -0.0955191 -0.0916677
1 26.8311 30.0231 -0.089115 -0.0909136
1 27.94 30.0229 -0.0908984 -0.0895503
1 29.0493 30.0228 -0.0844196 -0.0874207
1 30.1591 30.0229 -0.0837571 -0.084454
1 31.2683 30.0233 -0.0890627 -0.0808989
1 32.3775 30.024 -0.0835199 -0.0772701
1 33.4871 30.025 -0.0806705 -0.0734933
1 34.5967 30.0262 -0.0718069 -0.069703
1 35.7076 30.0277 -0.0693928 -0.0667012
1 36.8174 30.0294 -0.0812129 -0.0649812
1 37.9272 30.0311 -0.0751596 -0.0645998
1 39.0374 30.033 -0.0780768 -0.0646611
1 40.147 30.0349 -0.0752217 -0.0670551
1 41.2573 30.0365 -0.0705392 -0.0725153
1 42.3681 30.0374 -0.0678875 -0.0844114
1 43.4821 30.0364 -0.0604019 -0.105501
1 0.754093 30.9949 0.0555799 -0.116593
1 1.86911 30.998 0.064321 -0.0972906
1 2.98059 30.9986 0.0697269 -0.0812306
1 4.09111 30.9976 0.0749088 -0.072222
1 5.20076 30.996 0.0776244 -0.067958
1 6.31081 30.9942 0.0738909 -0.0671236
1 7.42063 30.9924 0.0797685 -0.0664846
1 8.53062 30.9905 0.0675352 -0.0667676
1 9.64168 30.9888 0.0694639 -0.0686251
1 10.7515 30.9873 0.0762021 -0.0713051
1 11.8614 30.986 0.0791651 -0.0743733
1 12.9708 30.985 0.084521 -0.0777518
1 14.0802 30.9842 0.0800749 -0.0817245
1 15.1903 30.9838 0.0818845 -0.0854117
1 16.2998 30.9837 0.0900967 -0.0884379
1 17.4089 30.9838 0.0889914 -0.0906462
1 18.5181 30.984 0.0960732 -0.0918679
1 19.6255 30.9843 0.105693 -0.0921497
1 20.7326 30.9845 0.0774912 -0.0918218
1 21.8422 30.9846 0.0157699 -0.0914842
1 22.9529 30.9845 -0.0507717 -0.0916003
1 24.0612 30.9844 -0.0976954 -0.0920154
1 25.1681 30.9841 -0.102167 -0.0921439
1 26.2765 30.9839 -0.0901005 -0.0915287
1 27.3857 30.9837 -0.0894569 -0.0899058
1 28.4948 30.9837 -0.0873749 -0.0873278
1 29.6046 30.9839 -0.0807941 -0.0840809
1 30.7144 30.9844 -0.083333 -0.0802163
1 31.8236 30.9853 -0.078167 -0.0761812
1 32.9339 30.9864 -0.0729736 -0.0726058
1 34.0438 30.9879 -0.0818762 -0.0697084
1 35.1532 30.9894 -0.0768247 -0.0683894
1 36.2637 30.9911 -0.0727779 -0.0669451
1 37.3738 30.993 -0.0728711 -0.0659879
1 38.484 30.9948 -0.0758808 -0.0670538
1 39.5937 30.9965 -0.0732669 -0.0700282
1 40.7041 30.9978 -0.0684196 -0.0758624
1 41.815 30.9981 -0.0641065 -0.0878846
1 42.9282 30.9964 -0.0557215 -0.10633
1 44.0521 30.992 -0.05203 -0.117642
1 0.184311 31.9499 0.0632671 -0.116667
1 1.30812 31.955 0.0569198 -0.112287
1 2.42226 31.9586 0.0627604 -0.0951286
1 3.53383 31.9597 0.067233 -0.0804372
1 4.64442 31.9591 0.0725193 -0.072764
1 5.75414 31.9576 0.0753704 -0.0685433
1 6.86418 31.9558 0.0733286 -0.0666339
1 7.9744 31.9539 0.0715945 -0.0674227
1 9.08484 31.9521 0.0748166 -0.0683763
1 10.1945 31.9504 0.0794946 -0.0687839
1 11.3045 31.9488 0.0706956 -0.070601
1 12.4149 31.9473 0.0749851 -0.0732049
1 13.5245 31.9461 0.079468 -0.0767485
1 14.6345 31.9452 0.076558 -0.0805883
1 15.7446 31.9446 0.0837721 -0.0844109
1 16.854 31.9444 0.0877115 -0.0878398
1 17.9635 31.9445 0.0889705 -0.0901801
1 19.072 31.9446 0.101859 -0.0913448
1 20.179 31.9448 0.09663 -0.0917302
1 21.2871 31.9449 0.0490343 -0.0915816
1 22.3975 31.945 -0.0173999 -0.0914739
1 23.5073 31.9449 -0.0795859 -0.0916986
1 24.6146 31.9447 -0.103943 -0.0917035
1 25.7222 31.9445 -0.0938848 -0.0910249
1 26.8314 31.9444 -0.086568 -0.089411
1 27.9406 31.9444 -0.0867861 -0.0865956
1 29.0502 31.9448 -0.0787014 -0.0829232
1 30.1606 31.9454 -0.0770254 -0.0789342
1 31.2703 31.9465 -0.081674 -0.0750255
1 32.3799 31.9478 -0.0761483 -0.0719774
1 33.4899 31.9493 -0.0740696 -0.0696394
1 34.6 31.951 -0.0669116 -0.0676429
1 35.7109 31.9528 -0.0663258 -0.0669853
1 36.8209 31.9546 -0.0791581 -0.0673214
1 37.9307 31.9564 -0.0743623 -0.0681814
1 39.0409 31.9581 -0.0784835 -0.0697421
1 40.1507 31.9592 -0.0746443 -0.0757327
1 41.2617 31.959 -0.0662709 -0.0873181
1 42.374 31.9566 -0.0595014 -0.104042
1 43.4899 31.9517 -0.0545271 -0.116372
1 0.746136 32.9102 0.0592332 -0.109077
1 1.86223 32.9158 0.0561118 -0.106379
1 2.97542 32.9198 0.0604493 -0.0937185
1 4.08702 32.9213 0.0700472 -0.0806352
1 5.19703 32.9207 0.0759301 -0.0723845
1 6.30708 32.9193 0.0729451 -0.0703883
1 7.41686 32.9175 0.0786876 -0.0693278
1 8.52685 32.9156 0.0656581 -0.0686319
1 9.63799 32.9137 0.0664521 -0.0693008
1 10.7481 32.9118 0.0717006 -0.0708269
1 11.8583 32.9101 0.07392 -0.0723177
1 12.9682 32.9085 0.0784272 -0.074269
1 14.0782 32.9072 0.0734842 -0.0774072
1 15.1889 32.9062 0.0753607 -0.0810757
1 16.2989 32.9055 0.0845661 -0.084899
1 17.4084 32.9052 0.0849651 -0.0882506
1 18.5179 32.9052 0.0932708 -0.0904922
1 19.6256 32.9053 0.104239 -0.091645
1 20.7327 32.9054 0.0772833 -0.0919577
1 21.8423 32.9054 0.0158116 -0.0919244
1 22.9529 32.9054 -0.0508367 -0.0920118
1 24.0611 32.9053 -0.09703 -0.0919686
1 25.1681 32.9052 -0.100113 -0.091343
1 26.2768 32.9051 -0.0868393 -0.0898042
1 27.3864 32.9053 -0.084862 -0.087015
1 28.4959 32.9057 -0.0813679 -0.0832935
1 29.6063 32.9065 -0.0740709 -0.0794925
1 30.7166 32.9076 -0.0765413 -0.07592
1 31.8265 32.9091 -0.0720955 -0.0728692
1 32.9371 32.9107 -0.0682812 -0.070999
1 34.0473 32.9125 -0.07826 -0.0698082
1 35.1569 32.9144 -0.0740597 -0.0696198
1 36.2674 32.9162 -0.0706661 -0.0687691
1 37.3776 32.9181 -0.0717676 -0.0682887
1 38.4877 32.9198 -0.0746449 -0.0706336
1 39.5975 32.9208 -0.0705488 -0.0758285
1 40.7086 32.9205 -0.0626558 -0.085694
1 41.8208 32.9179 -0.0576516 -0.100167
1 42.9349 32.9128 -0.0586543 -0.10944
1 44.0573 32.9074 -0.073384 -0.107014
1 0.180746 33.8672 0.072044 -0.0946477
1 1.30165 33.8721 0.0579975 -0.100763
1 2.41558 33.8776 0.0535037 -0.101764
1 3.52834 33.8815 0.0561116 -0.0917812
1 4.63992 33.8829 0.0653144 -0.0811079
1 5.75 33.8823 0.0717632 -0.0742685
1 6.86009 33.8807 0.0711761 -0.0711177
1 7.97031 33.8788 0.0697959 -0.0716079
1 9.08082 33.8768 0.0729265 -0.0726421
1 10.1907 33.8748 0.0772955 -0.07267
1 11.3008 33.8729 0.0676697 -0.0738314
1 12.4116 33.871 0.0706896 -0.0752466
1 13.5216 33.8693 0.0738084 -0.0775158
1 14.6322 33.8679 0.0701424 -0.080226
1 15.743 33.8669 0.077243 -0.0837467
1 16.8529 33.8661 0.0819163 -0.0875705
1 17.9629 33.8658 0.0844107 -0.0907985
1 19.0718 33.8656 0.0987241 -0.0931692
1 20.179 33.8656 0.0952134 -0.0946909
1 21.2871 33.8657 0.0488418 -0.0952116
1 22.3975 33.8657 -0.0174288 -0.0952468
1 23.5072 33.8656 -0.0790387 -0.0951178
1 24.6146 33.8656 -0.101821 -0.0942281
1 25.7225 33.8656 -0.0901641 -0.0923079
1 26.8321 33.8658 -0.0814736 -0.0895277
1 27.9419 33.8663 -0.0805281 -0.0859339
1 29.0521 33.8672 -0.0720654 -0.0821218
1 30.1631 33.8685 -0.070767 -0.0787353
1 31.2733 33.87 -0.0763457 -0.0761359
1 32.3834 33.8718 -0.0719922 -0.0743598
1 33.4937 33.8736 -0.0709286 -0.0731959
1 34.6039 33.8756 -0.0648041 -0.0714922
1 35.715 33.8776 -0.0650931 -0.0710721
1 36.8249 33.8796 -0.078197 -0.0713712
1 37.9347 33.8813 -0.0724623 -0.0727225
1 39.0451 33.8825 -0.0734417 -0.0761436
1 40.1556 33.8822 -0.064713 -0.0859109
1 41.268 33.8795 -0.0547531 -0.0973184
1 42.3815 33.8747 -0.0570065 -0.10089
1 43.4968 33.8694 -0.0653764 -0.0939413
1 0.740051 34.8307 0.066461 -0.0787665
1 1.85451 34.8353 0.0589952 -0.0863846
1 2.96774 34.84 0.0517 -0.0898745
1 4.0807 34.8436 0.0580595 -0.082354
1 5.19187 34.8447 0.0678917 -0.0718758
1 6.30244 34.8439 0.0686095 -0.0671292
1 7.4124 34.8422 0.0766078 -0.0657296
1 8.52246 34.8401 0.0641801 -0.0649216
1 9.63367 34.8379 0.0645336 -0.0660041
1 10.744 34.8357 0.0688215 -0.067749
1 11.8545 34.8337 0.0709658 -0.068982
1 12.9648 34.8318 0.0747363 -0.0704761
1 14.0752 34.83 0.0686709 -0.0725794
1 15.1864 34.8286 0.06946 -0.0753256
1 16.2971 34.8274 0.0779624 -0.0785173
1 17.4073 34.8266 0.0786669 -0.0820317
1 18.5173 34.8261 0.08809 -0.0853853
1 19.6254 34.8259 0.100865 -0.0881654
1 20.7327 34.8258 0.0760275 -0.0899237
1 21.8423 34.8258 0.0156532 -0.0905806
1 22.9528 34.8258 -0.050359 -0.0904317
1 24.0612 34.8258 -0.0949253 -0.0892738
1 25.1685 34.8259 -0.0959048 -0.087029
1 26.2776 34.8263 -0.0811233 -0.0840038
1 27.3878 34.8269 -0.0782833 -0.0804471
1 28.4979 34.8278 -0.0749003 -0.0769209
1 29.609 34.8291 -0.0683745 -0.0738711
1 30.7198 34.8307 -0.071787 -0.071231
1 31.8301 34.8326 -0.068664 -0.0690603
1 32.9411 34.8346 -0.0660134 -0.0676418
1 34.0514 34.8367 -0.0762888 -0.0666776
1 35.1611 34.8388 -0.0721465 -0.0661085
1 36.2718 34.8409 -0.0684751 -0.064742
1 37.382 34.8429 -0.0692136 -0.0645697
1 38.4923 34.8443 -0.0685913 -0.0692088
1 39.603 34.8441 -0.0598358 -0.0776867
1 40.7153 34.8417 -0.0496367 -0.0866347
1 41.8283 34.8374 -0.0508762 -0.0886028
1 42.9411 34.8329 -0.0592199 -0.080446
1 44.0604 34.8288 -0.0676803 -0.075296
1 0.176463 35.7918 0.0614986 -0.0658125
1 1.29508 35.7957 0.0576999 -0.0716151
1 2.40737 35.7992 0.0528521 -0.0815944
1 3.52021 35.8032 0.0472681 -0.0875369
1 4.63309 35.8063 0.0540895 -0.0821504
1 5.74431 35.8072 0.063243 -0.0720569
1 6.85499 35.8061 0.0660527 -0.0652983
1 7.96547 35.804 0.0664946 -0.0644509
1 9.07618 35.8017 0.0708716 -0.0663871
1 10.1862 35.7993 0.0755373 -0.066918
1 11.2966 35.797 0.0653581 -0.0682327
1 12.4076 35.7948 0.0675996 -0.069639
1 13.5181 35.7928 0.0698308 -0.0717807
1 14.6292 35.791 0.0656298 -0.0739087
1 15.7404 35.7896 0.0716949 -0.0761613
1 16.851 35.7884 0.0753026 -0.0788236
1 17.9617 35.7875 0.077903 -0.081867
1 19.0712 35.7869 0.0932721 -0.0849028
1 20.1788 35.7866 0.0919206 -0.08762
1 21.2871 35.7865 0.0478457 -0.0890625
1 22.3975 35.7865 -0.0171965 -0.0892876
1 23.5073 35.7865 -0.0771485 -0.0886204
1 24.615 35.7867 -0.097438 -0.0865968
1 25.7234 35.7871 -0.0840937 -0.0835682
1 26.8336 35.7878 -0.0746885 -0.0804195
1 27.9441 35.7888 -0.0741367 -0.0774505
1 29.0549 35.7901 -0.0668436 -0.0748717
1 30.1664 35.7918 -0.0662708 -0.0723703
1 31.277 35.7937 -0.0725365 -0.070274
1 32.3875 35.7958 -0.0690833 -0.0686091
1 33.4981 35.798 -0.0687058 -0.0674932
1 34.6084 35.8004 -0.0633775 -0.0654203
1 35.7196 35.8028 -0.0633983 -0.0650021
1 36.8297 35.805 -0.0750009 -0.0651875
1 37.9399 35.8066 -0.0664766 -0.0682253
1 39.0512 35.8068 -0.0637724 -0.0751045
1 40.163 35.8048 -0.0556401 -0.0854851
1 41.276 35.801 -0.0533084 -0.0856442
1 42.3884 35.7973 -0.06243 -0.0750772
1 43.5023 35.7941 -0.0661529 -0.0673207
1 0.733742 36.7577 0.0614075 -0.0677239
1 1.84771 36.7601 0.0625856 -0.0744141
1 2.95988 36.7624 0.0568741 -0.0848882
1 4.07281 36.7659 0.0556158 -0.0900789
1 5.18499 36.7687 0.0621385 -0.083277
1 6.29653 36.7692 0.0641424 -0.0736447
1 7.40694 36.7678 0.0733716 -0.0680621
1 8.5173 36.7654 0.0612615 -0.0662267
1 9.62867 36.7627 0.0617138 -0.0680634
1 10.7392 36.7601 0.0657708 -0.0706102
1 11.8501 36.7576 0.0676874 -0.0721976
1 12.9607 36.7553 0.0707601 -0.0741114
1 14.0716 36.7532 0.064478 -0.0765515
1 15.1833 36.7515 0.065194 -0.0791012
1 16.2945 36.75 0.0726403 -0.0810837
1 17.4053 36.7488 0.0722689 -0.083489
1 18.516 36.7478 0.0815958 -0.0866008
1 19.6248 36.7471 0.0954696 -0.0900757
1 20.7326 36.7468 0.0732728 -0.0929813
1 21.8423 36.7467 0.0151784 -0.0942925
1 22.9529 36.7468 -0.0490355 -0.0939466
1 24.0615 36.7469 -0.0909026 -0.0918225
1 25.1694 36.7474 -0.0897546 -0.0884321
1 26.2792 36.7482 -0.0743866 -0.0850574
1 27.39 36.7493 -0.072045 -0.0821829
1 28.5008 36.7506 -0.0698599 -0.0798876
1 29.6123 36.7522 -0.0637713 -0.0774543
1 30.7237 36.7541 -0.0673862 -0.0745121
1 31.8344 36.7564 -0.0653652 -0.0723903
1 32.9456 36.7588 -0.0636524 -0.0710954
1 34.0562 36.7613 -0.0737772 -0.0699543
1 35.166 36.7639 -0.0695265 -0.0681144
1 36.2769 36.7665 -0.0640996 -0.0662373
1 37.3875 36.7685 -0.0636383 -0.0689251
1 38.4987 36.7691 -0.0608777 -0.0789144
1 39.6105 36.7672 -0.052819 -0.0876932
1 40.7235 36.764 -0.0495023 -0.0865905
1 41.8356 36.7612 -0.0565903 -0.0780243
1 42.9473 36.759 -0.0578126 -0.0732326
1 44.0658 36.7564 -0.0568272 -0.0670747
1 0.169975 37.7202 0.0555872 -0.070138
1 1.289 37.7221 0.0628509 -0.0725391
1 2.40117 37.7239 0.0645471 -0.0704264
1 3.51302 37.7258 0.0572077 -0.0761507
1 4.62591 37.7288 0.056251 -0.0833577
1 5.73808 37.7313 0.0618081 -0.0771049
1 6.84941 37.7316 0.0663193 -0.0655791
1 7.96005 37.7296 0.0665498 -0.0592377
1 9.07082 37.7268 0.0698448 -0.0597748
1 10.181 37.7237 0.0738817 -0.062425
1 11.2916 37.7208 0.0627022 -0.0647067
1 12.403 37.7181 0.0637267 -0.0669857
1 13.514 37.7157 0.0653588 -0.0695349
1 14.6256 37.7136 0.061916 -0.0724835
1 15.7373 37.7118 0.0681913 -0.0747136
1 16.8484 37.7103 0.0705664 -0.0764019
1 17.9597 37.709 0.0719469 -0.0785881
1 19.07 37.708 0.0866672 -0.0816221
1 20.1783 37.7073 0.086657 -0.0854554
1 21.287 37.7071 0.0456742 -0.0882553
1 22.3976 37.707 -0.0166194 -0.0888229
1 23.5076 37.7072 -0.0736448 -0.0871804
1 24.6158 37.7076 -0.0913262 -0.0837132
1 25.725 37.7085 -0.077586 -0.0800799
1 26.8359 37.7096 -0.0689979 -0.0773754
1 27.9469 37.711 -0.0695868 -0.0753066
1 29.0583 37.7126 -0.0627369 -0.0731415
1 30.1703 37.7146 -0.0617419 -0.0700692
1 31.2815 37.7169 -0.0687755 -0.0677739
1 32.3923 37.7194 -0.0666227 -0.0664451
1 33.5031 37.7222 -0.0665085 -0.0643505
1 34.6136 37.7251 -0.0618807 -0.0603327
1 35.7249 37.7282 -0.0622502 -0.0584861
1 36.8352 37.7307 -0.0740564 -0.0621724
1 37.9459 37.7315 -0.0644929 -0.071773
1 39.058 37.73 -0.0620096 -0.0810793
1 40.1703 37.7271 -0.059395 -0.0819665
1 41.2825 37.7246 -0.0608232 -0.0725951
1 42.3942 37.723 -0.0634753 -0.0710285
1 43.5083 37.7211 -0.0621114 -0.0724737
1 0.728942 38.6844 0.0729687 -0.0767129
1 1.84338 38.6859 0.0692022 -0.076507
1 2.95541 38.6876 0.0686527 -0.0744979
1 4.06733 38.6893 0.066302 -0.0793289
1 5.17935 38.6921 0.0643015 -0.083744
1 6.29172 38.6943 0.0661346 -0.07879
1 7.40252 38.6943 0.0790782 -0.0663912
1 8.51264 38.6919 0.0682899 -0.0582034
1 9.62357 38.6883 0.0647002 -0.05828
1 10.734 38.6847 0.0662098 -0.06317
1 11.845 38.6815 0.0656717 -0.0674003
1 12.956 38.6786 0.0670077 -0.0701985
1 14.0675 38.6761 0.0599863 -0.0731763
1 15.1798 38.674 0.0616471 -0.076068
1 16.2914 38.6723 0.0690906 -0.0778163
1 17.4028 38.6708 0.0675745 -0.0793756
1 18.5141 38.6695 0.0755903 -0.0812128
1 19.6236 38.6684 0.0887529 -0.0842606
1 20.7321 38.6678 0.0686806 -0.0878757
1 21.8422 38.6676 0.0142608 -0.0898748
1 22.9531 38.6677 -0.0463845 -0.0892665
1 24.0623 38.6681 -0.0849192 -0.086307
1 25.1709 38.6689 -0.083238 -0.0826836
1 26.2814 38.6701 -0.0691445 -0.0802082
1 27.3928 38.6715 -0.067699 -0.0784794
1 28.5041 38.6731 -0.0656363 -0.0764442
1 29.6162 38.6751 -0.0589082 -0.0738468
1 30.7282 38.6774 -0.0635255 -0.0710532
1 31.8393 38.68 -0.0641377 -0.0692329
1 32.9507 38.683 -0.063379 -0.0660152
1 34.0613 38.6864 -0.0735356 -0.0614928
1 35.171 38.69 -0.0715186 -0.0585219
1 36.2817 38.6931 -0.0676421 -0.0607701
1 37.3925 38.6943 -0.0669657 -0.0723593
1 38.5045 38.6931 -0.0630234 -0.0836997
1 39.6167 38.6904 -0.061071 -0.0829324
1 40.7289 38.6884 -0.0627863 -0.0752764
1 41.8403 38.6869 -0.0653349 -0.0755836
1 42.9526 38.6848 -0.0628249 -0.0770543
1 44.0726 38.6825 -0.0576797 -0.0783645
1 0.16619 39.6462 0.0675568 -0.0808569
1 1.28635 39.647 0.0684578 -0.0800335
1 2.39889 39.6489 0.0689002 -0.081756
1 3.51047 39.6508 0.0683841 -0.0770683
1 4.62203 39.6525 0.0689651 -0.0807584
1 5.73377 39.6549 0.0650004 -0.0849514
1 6.84591 39.657 0.0651914 -0.0784345
1 7.95712 39.6567 0.0718403 -0.0652957
1 9.06742 39.6538 0.0799648 -0.0554562
1 10.1766 39.6495 0.0826875 -0.0560499
1 11.2866 39.6452 0.0666378 -0.0611228
1 12.398 39.6415 0.0636569 -0.0672959
1 13.5093 39.6384 0.0623841 -0.0715374
1 14.6215 39.6359 0.057636 -0.0753214
1 15.7339 39.6339 0.0643337 -0.0780926
1 16.8455 39.6321 0.0669168 -0.0799775
1 17.9573 39.6306 0.0675491 -0.0816409
1 19.0682 39.6293 0.0805797 -0.0837835
1 20.1773 39.6284 0.0801764 -0.0874114
1 21.2866 39.6279 0.0422405 -0.090922
1 22.3977 39.6278 -0.015604 -0.091776
1 23.5082 39.628 -0.068316 -0.0894749
1 24.6172 39.6288 -0.0844982 -0.085412
1 25.7271 39.6299 -0.0724251 -0.082528
1 26.8386 39.6313 -0.0651581 -0.0807598
1 27.9502 39.633 -0.0655968 -0.0786432
1 29.0621 39.6349 -0.0580322 -0.0760035
1 30.1748 39.6372 -0.0581212 -0.0730747
1 31.2863 39.64 -0.0682871 -0.070394
1 32.3972 39.6432 -0.0676509 -0.0655975
1 33.5079 39.6471 -0.0703855 -0.0580556
1 34.6178 39.6515 -0.0708161 -0.0545879
1 35.7284 39.6552 -0.0717058 -0.0598302
1 36.8388 39.6568 -0.0789898 -0.0739962
1 37.9501 39.6556 -0.0658195 -0.0833826
1 39.0627 39.6534 -0.068106 -0.0821014
1 40.1743 39.6515 -0.0707303 -0.0776422
1 41.286 39.6499 -0.068481 -0.078763
1 42.3981 39.6479 -0.0709689 -0.0805391
1 43.5124 39.6461 -0.0718364 -0.0816639
1 0.728087 40.6082 0.0723903 -0.078609
1 1.84198 40.6103 0.0730019 -0.0737046
1 2.9537 40.6124 0.0709525 -0.0733372
1 4.06541 40.6143 0.0716117 -0.0742117
1 5.17662 40.6161 0.0721818 -0.075701
1 6.28845 40.6183 0.0683593 -0.0790977
1 7.40005 40.62 0.0757866 -0.0736821
1 8.51105 40.6195 0.0712121 -0.0593013
1 9.62184 40.616 0.0750022 -0.0474158
1 10.7311 40.6109 0.0801282 -0.0465392
1 11.841 40.6059 0.0752978 -0.0534675
1 12.9516 40.6017 0.0711152 -0.0613092
1 14.0631 40.5984 0.0586816 -0.0670263
1 15.1759 40.5959 0.0581611 -0.0710312
1 16.2881 40.5939 0.0654029 -0.0738346
1 17.4 40.5921 0.0642671 -0.0757675
1 18.5118 40.5907 0.0712739 -0.0771188
1 19.622 40.5894 0.0821113 -0.0795891
1 20.7313 40.5886 0.0628738 -0.0831369
1 21.8421 40.5882 0.0129368 -0.0856571
1 22.9536 40.5883 -0.0426825 -0.0847336
1 24.0634 40.5889 -0.0780636 -0.0812873
1 25.1728 40.59 -0.0775089 -0.0781937
1 26.2839 40.5914 -0.0652414 -0.076367
1 27.3959 40.593 -0.0637277 -0.0745624
1 28.5078 40.595 -0.0616066 -0.0719833
1 29.6205 40.5973 -0.0571076 -0.0691395
1 30.7327 40.6001 -0.0660898 -0.0652008
1 31.8435 40.6036 -0.0701673 -0.0581896
1 32.9543 40.6082 -0.0729778 -0.0486323
1 34.0638 40.6135 -0.087407 -0.0459027
1 35.1727 40.6177 -0.0806658 -0.0552172
1 36.2837 40.6195 -0.0682254 -0.0673143
1 37.3957 40.6188 -0.065174 -0.0777494
1 38.508 40.6167 -0.0679141 -0.0771349
1 39.6193 40.615 -0.0705443 -0.0723621
1 40.731 40.6134 -0.0663086 -0.0722334
1 41.8428 40.6113 -0.0677563 -0.0744725
1 42.9551 40.6092 -0.0700713 -0.0738828
1 44.0751 40.6077 -0.0720432 -0.0747511
1 0.164626 41.5691 0.0687494 -0.0744742
1 1.28443 41.5717 0.0669526 -0.0771146
1 2.3968 41.5738 0.067279 -0.0802536
1 3.50864 41.576 0.0654138 -0.0785123
1 4.62033 41.5778 0.0691625 -0.0774732
1 5.73152 41.5794 0.0688858 -0.0829231
1 6.84346 41.5816 0.0651661 -0.0841027
1 7.9554 41.5829 0.0679732 -0.0780021
1 9.06679 41.5819 0.0776362 -0.0636722
1 10.1764 41.578 0.0888714 -0.0517786
1 11.2857 41.5722 0.080705 -0.0487077
1 12.3957 41.5665 0.0781333 -0.0547474
1 13.5059 41.5618 0.07109 -0.0642204
1 14.6178 41.5583 0.059431 -0.072088
1 15.7303 41.5557 0.0621654 -0.0767705
1 16.8424 41.5537 0.064058 -0.080147
1 17.9547 41.552 0.0648949 -0.0821258
1 19.066 41.5506 0.0757618 -0.0834124
1 20.1759 41.5494 0.0733591 -0.0864364
1 21.2861 41.5488 0.0380433 -0.0897417
1 22.3978 41.5487 -0.0142754 -0.0904543
1 23.5092 41.5491 -0.0623093 -0.0883066
1 24.619 41.55 -0.0782274 -0.0846739
1 25.7295 41.5513 -0.0687589 -0.0825977
1 26.8414 41.5529 -0.0618657 -0.0810246
1 27.9536 41.5547 -0.0621801 -0.0780684
1 29.0659 41.5571 -0.0583396 -0.0744663
1 30.1784 41.5601 -0.0652708 -0.0694129
1 31.2892 41.564 -0.0797869 -0.0599686
1 32.3989 41.5693 -0.079747 -0.0503157
1 33.5086 41.5751 -0.0821866 -0.0493702
1 34.6181 41.5798 -0.0745714 -0.0592029
1 35.7296 41.582 -0.0664685 -0.0720849
1 36.8413 41.5818 -0.0760286 -0.080637
1 37.9528 41.5801 -0.0717878 -0.0818583
1 39.0646 41.5785 -0.0751523 -0.0786121
1 40.1757 41.5769 -0.0746861 -0.0786883
1 41.2874 41.5749 -0.0722699 -0.0796996
1 42.3993 41.5727 -0.0742139 -0.078847
1 43.5137 41.5707 -0.0753482 -0.0738267
1 0.724919 42.5328 0.0706744 -0.0752391
1 1.83958 42.535 0.0706633 -0.0738289
1 2.95164 42.5371 0.0700538 -0.0744087
1 4.06368 42.5396 0.0693876 -0.0761123
1 5.17512 42.5414 0.0752196 -0.0734025
1 6.28647 42.5428 0.0733955 -0.0762864
1 7.39804 42.5446 0.0763335 -0.0808521
1 8.50977 42.5457 0.0684217 -0.072273
1 9.62175 42.5438 0.0701708 -0.0572029
1 10.7321 42.5392 0.0801258 -0.0466253
1 11.842 42.5331 0.0852209 -0.0434575
1 12.9513 42.527 0.087827 -0.0481563
1 14.0613 42.5219 0.0727801 -0.0570138
1 15.1731 42.5181 0.0642327 -0.0655272
1 16.2852 42.5153 0.065324 -0.0722979
1 17.3973 42.5132 0.0628274 -0.0765178
1 18.5094 42.5116 0.0690152 -0.0784104
1 19.6201 42.5102 0.0767758 -0.0806195
1 20.7302 42.5093 0.0570522 -0.0839506
1 21.8418 42.5089 0.0114463 -0.0866704
1 22.9542 42.5091 -0.0386094 -0.0855819
1 24.0649 42.5098 -0.0717323 -0.0822322
1 25.175 42.5109 -0.0736607 -0.0793586
1 26.2865 42.5125 -0.0632915 -0.0773763
1 27.3988 42.5143 -0.0623948 -0.0742652
1 28.5109 42.5167 -0.0647914 -0.0692098
1 29.6229 42.52 -0.0688368 -0.0620491
1 30.7337 42.5244 -0.0821008 -0.052413
1 31.8432 42.5301 -0.0816881 -0.0443734
1 32.9535 42.5362 -0.0787732 -0.0454919
1 34.0633 42.5414 -0.0866182 -0.0535652
1 35.1734 42.5444 -0.0750861 -0.0649851
1 36.2854 42.5447 -0.0677406 -0.0744674
1 37.3976 42.5434 -0.0690612 -0.0792075
1 38.5095 42.5418 -0.0725341 -0.0748594
1 39.6205 42.5405 -0.0711796 -0.0726905
1 40.7324 42.5385 -0.0660642 -0.0756081
1 41.844 42.536 -0.0695695 -0.0776459
1 42.9562 42.5337 -0.0694789 -0.0775868
1 44.0758 42.5326 -0.0701132 -0.0740643
1 0.162413 43.4948 0.0671543 -0.0691116
1 1.28211 43.4959 0.0696893 -0.0726487
1 2.39476 43.4986 0.0687248 -0.079375
1 3.50646 43.5014 0.0690658 -0.0749525
1 4.61834 43.5032 0.068023 -0.0749745
1 5.73005 43.5049 0.0698894 -0.0762421
1 6.84195 43.5064 0.068181 -0.076262
1 7.95419 43.5078 0.0695116 -0.0794802
1 9.06615 43.5082 0.0785991 -0.0706779
1 10.1768 43.5054 0.0832119 -0.054545
1 11.2875 43.5 0.0747714 -0.0476722
1 12.3983 43.4937 0.0813847 -0.0464047
1 13.5079 43.4877 0.0863583 -0.049088
1 14.6179 43.4824 0.0778745 -0.055549
1 15.7289 43.4781 0.0735202 -0.0639255
1 16.8403 43.4751 0.0677481 -0.0723179
1 17.9524 43.4729 0.0656835 -0.0778492
1 19.0639 43.4713 0.073451 -0.0803152
1 20.1743 43.4701 0.068164 -0.0832109
1 21.2855 43.4694 0.0343749 -0.0865573
1 22.398 43.4693 -0.013023 -0.0875247
1 23.5103 43.4697 -0.0572191 -0.0852145
1 24.6209 43.4707 -0.0739954 -0.0815394
1 25.7318 43.4722 -0.0678687 -0.0790819
1 26.8438 43.474 -0.0634768 -0.0752737
1 27.9556 43.4766 -0.0697402 -0.0681135
1 29.0667 43.4803 -0.0750055 -0.0597007
1 30.1772 43.4851 -0.0828103 -0.0520603
1 31.2868 43.4908 -0.0870984 -0.0469222
1 32.3969 43.4969 -0.0802832 -0.0482248
1 33.5073 43.5025 -0.0799048 -0.0524376
1 34.6181 43.5066 -0.069606 -0.0601373
1 35.7306 43.5077 -0.0657483 -0.0768064
1 36.8425 43.5064 -0.079679 -0.0793584
1 37.9538 43.5054 -0.075644 -0.0727999
1 39.0655 43.5043 -0.0727285 -0.0762653
1 40.1772 43.5022 -0.0681337 -0.0786219
1 41.2891 43.4999 -0.0693404 -0.0751048
1 42.4009 43.4973 -0.0714076 -0.0758821
1 43.5151 43.4951 -0.0732829 -0.0750372
1 0.723328 44.457 0.077148 -0.0796155
1 1.83739 44.4592 0.0739428 -0.0760064
1 2.94907 44.4624 0.0710577 -0.0772359
1 4.06109 44.4649 0.0685268 -0.0766073
1 5.17318 44.4667 0.0710733 -0.0745726
1 6.28517 44.4682 0.0742773 -0.0759943
1 7.39717 44.4696 0.0748401 -0.0777279
1 8.5096 44.4709 0.0682136 -0.0769509
1 9.62199 44.4702 0.0709594 -0.0642283
1 10.7333 44.466 0.0759398 -0.050431
1 11.8445 44.4598 0.0781992 -0.0469531
1 12.9551 44.4537 0.0843005 -0.0495074
1 14.0653 44.4482 0.0825296 -0.0511865
1 15.1755 44.443 0.0832652 -0.0531174
1 16.2855 44.4384 0.0818444 -0.0599677
1 17.3962 44.4349 0.0722767 -0.0692712
1 18.5076 44.4325 0.0724969 -0.0763594
1 19.6183 44.4308 0.0749066 -0.0810442
1 20.7291 44.4297 0.0528966 -0.0848374
1 21.8416 44.4293 0.010334 -0.0876378
1 22.9548 44.4295 -0.0351919 -0.0865754
1 24.0664 44.4303 -0.0679634 -0.0829982
1 25.1769 44.4317 -0.0744348 -0.0787899
1 26.2881 44.4337 -0.0694641 -0.0730338
1 27.3994 44.4366 -0.0756455 -0.0644881
1 28.5096 44.4407 -0.0844317 -0.0558972
1 29.6196 44.4457 -0.0840162 -0.0516512
1 30.7297 44.4511 -0.0834083 -0.0503063
1 31.84 44.4569 -0.0778377 -0.0489388
1 32.9513 44.4628 -0.0745176 -0.0501016
1 34.0625 44.4678 -0.0775412 -0.0563469
1 35.174 44.4703 -0.0740394 -0.0711105
1 36.286 44.4696 -0.0743851 -0.0789412
1 37.3983 44.4684 -0.0687774 -0.0748849
1 38.5109 44.4674 -0.0703706 -0.0756737
1 39.6226 44.4658 -0.0704998 -0.0755603
1 40.7347 44.4636 -0.0664058 -0.0773507
1 41.8464 44.4608 -0.0703226 -0.0780418
1 42.9583 44.4578 -0.0693841 -0.0746773
1 44.0789 44.4556 -0.0668681 -0.0762824
1 0.158276 45.4163 0.0706482 -0.0785619
1 1.27943 45.4197 0.0717765 -0.0728535
1 2.39118 45.4237 0.0701986 -0.0787543
1 3.5032 45.4266 0.0699682 -0.0784798
1 4.6155 45.4286 0.0668506 -0.0773444
1 5.72813 45.4301 0.0681324 -0.078492
1 6.84085 45.4315 0.070097 -0.0793817
1 7.95385 45.4334 0.0685453 -0.0813788
1 9.06644 45.4343 0.0775174 -0.0713766
1 10.178 45.4316 0.0785064 -0.0564079
1 11.29 45.426 0.0700595 -0.0505685
1 12.402 45.4198 0.0768615 -0.049473
1 13.5127 45.414 0.0806363 -0.0531079
1 14.6234 45.409 0.0805616 -0.0553743
1 15.7334 45.4041 0.0885087 -0.0544556
1 16.8427 45.3994 0.0875099 -0.057388
1 17.9527 45.3954 0.081175 -0.0657151
1 19.0629 45.3926 0.0808738 -0.0747491
1 20.1731 45.3908 0.0681108 -0.0814971
1 21.2849 45.3899 0.0319348 -0.0860684
1 22.3982 45.3898 -0.012184 -0.087389
1 23.5112 45.3903 -0.0546674 -0.0842333
1 24.6221 45.3917 -0.0771401 -0.0782549
1 25.7322 45.394 -0.0797619 -0.0703937
1 26.8424 45.3974 -0.0821186 -0.0610528
1 27.9519 45.4019 -0.0888012 -0.0549809
1 29.0615 45.4067 -0.0842554 -0.0547197
1 30.172 45.4117 -0.0790601 -0.0549877
1 31.2827 45.417 -0.0807259 -0.0517614
1 32.3938 45.4229 -0.076168 -0.0507943
1 33.5057 45.4286 -0.0735349 -0.0526798
1 34.6176 45.4329 -0.0715695 -0.0624324
1 35.7301 45.4334 -0.0707647 -0.0823612
1 36.8427 45.4314 -0.0732245 -0.0807512
1 37.9556 45.4306 -0.0698078 -0.0721955
1 39.0682 45.4296 -0.0727879 -0.0781522
1 40.1803 45.4276 -0.0713006 -0.0783662
1 41.2925 45.4252 -0.0717048 -0.0762491
1 42.4041 45.4221 -0.0762348 -0.0765789
1 43.5175 45.4174 -0.0734944 -0.0823794
1 0.719361 46.3783 0.0710482 -0.0832235
1 1.83227 46.3859 0.0758885 -0.0769925
1 2.94431 46.3882 0.0725366 -0.0734889
1 4.05736 46.3905 0.0727949 -0.082459
1 5.1699 46.3927 0.0727629 -0.0747783
1 6.28299 46.3932 0.069576 -0.0750402
1 7.39637 46.3949 0.0702784 -0.0865376
1 8.51004 46.3978 0.0641894 -0.0830509
1 9.62361 46.3973 0.0688468 -0.0605261
1 10.7363 46.3921 0.0724676 -0.0476866
1 11.8487 46.3858 0.0752133 -0.0495469
1 12.9601 46.38 0.0799455 -0.0525798
1 14.071 46.3749 0.0780973 -0.0547222
1 15.1818 46.3702 0.0818461 -0.0566516
1 16.2916 46.3658 0.0896078 -0.0561088
1 17.4008 46.3612 0.0911191 -0.0554458
1 18.5098 46.3568 0.092827 -0.060079
1 19.6186 46.3534 0.0868658 -0.0701065
1 20.7288 46.3514 0.0555894 -0.0796154
1 21.8415 46.3507 0.0103052 -0.0842228
1 22.9551 46.351 -0.0355128 -0.0826216
1 24.0666 46.3524 -0.0746299 -0.0753282
1 25.1758 46.3551 -0.0914514 -0.0646782
1 26.2846 46.359 -0.0906667 -0.0565279
1 27.3938 46.3636 -0.0894278 -0.0554061
1 28.5032 46.3681 -0.0858877 -0.0567987
1 29.6136 46.3727 -0.0798202 -0.0560121
1 30.7245 46.3776 -0.0798008 -0.053477
1 31.8355 46.3831 -0.0765589 -0.0508899
1 32.9477 46.389 -0.0708219 -0.0487678
1 34.0604 46.3946 -0.0729574 -0.0555785
1 35.173 46.397 -0.0727546 -0.0752792
1 36.2861 46.3954 -0.0694091 -0.0825908
1 37.3996 46.3937 -0.0667126 -0.07651
1 38.5132 46.393 -0.0698946 -0.0762268
1 39.6258 46.3918 -0.0700142 -0.0746716
1 40.7388 46.3897 -0.0661431 -0.0784701
1 41.8514 46.387 -0.0689544 -0.0780349
1 42.9642 46.3829 -0.0682283 -0.0766339
1 44.0842 46.3745 -0.0707367 -0.0792375
1 0.148021 47.3338 0.0673935 -0.0731587
1 1.2689 47.3506 0.0703163 -0.0833419
1 2.38416 47.3551 0.0677703 -0.0745513
1 3.49873 47.3561 0.0681956 -0.0766297
1 4.6121 47.3592 0.0728829 -0.0825755
1 5.72566 47.3603 0.0698345 -0.0702893
1 6.83889 47.3602 0.0728503 -0.0817646
1 7.95256 47.3638 0.0646804 -0.0927237
1 9.06746 47.3658 0.0656527 -0.073048
1 10.182 47.3626 0.0659559 -0.0536676
1 11.2959 47.3565 0.0686023 -0.0480358
1 12.408 47.3502 0.0799987 -0.0509093
1 13.5188 47.345 0.0791101 -0.056648
1 14.6298 47.3405 0.0782532 -0.0581744
1 15.7402 47.3361 0.0862183 -0.0582933
1 16.8498 47.3318 0.0884051 -0.0592457
1 17.9591 47.3275 0.0936307 -0.0572789
1 19.0672 47.3231 0.10193 -0.0572116
1 20.175 47.3192 0.0848 -0.0656995
1 21.2853 47.317 0.0380667 -0.0760045
1 22.3981 47.3167 -0.0142253 -0.0786696
1 23.5102 47.318 -0.0659381 -0.0714858
1 24.619 47.3212 -0.0976241 -0.0605847
1 25.7267 47.3255 -0.0976202 -0.0563074
1 26.8355 47.3298 -0.0880827 -0.0585265
1 27.9451 47.334 -0.0867233 -0.0590585
1 29.055 47.3384 -0.0829771 -0.0579665
1 30.1657 47.3429 -0.0780547 -0.0574722
1 31.2767 47.3478 -0.0802719 -0.0538163
1 32.3881 47.3535 -0.074185 -0.0501588
1 33.5011 47.3594 -0.0675396 -0.0521182
1 34.6151 47.3638 -0.066469 -0.0631251
1 35.7299 47.3642 -0.0608001 -0.0824154
1 36.8443 47.3613 -0.0702552 -0.0876293
1 37.9573 47.3599 -0.0728102 -0.072701
1 39.0712 47.3603 -0.067716 -0.074981
1 40.1848 47.358 -0.0739609 -0.0817495
1 41.2984 47.3555 -0.0704839 -0.0756142
1 42.4131 47.3525 -0.0701105 -0.0789407
1 43.5302 47.3462 -0.0718765 -0.0735595
