1 0.554916 0.0976228 -0.0460887 -0.0531649
1 1.67179 0.0921571 -0.0553784 -0.0640881
1 2.78779 0.0868022 -0.0503729 -0.058887
1 3.90333 0.0827096 -0.0425316 -0.0687096
1 5.01804 0.0783852 -0.0304622 -0.0680608
1 6.13456 0.07618 -0.0306453 -0.0748423
1 7.25303 0.0778405 -0.0354318 -0.0602719
1 8.37166 0.0796352 -0.041099 -0.035705
1 9.4908 0.0843427 -0.0358767 -0.0313373
1 10.6088 0.0930349 -0.0353963 -0.0381008
1 11.7259 0.101982 -0.0301501 -0.0590522
1 12.8448 0.112704 -0.0217569 -0.0786728
1 13.9646 0.124835 -0.00572294 -0.0640417
1 15.0855 0.137781 0.01897 -0.0320012
1 16.2067 0.149185 0.0362172 0.00395091
1 17.3294 0.153872 0.0389263 0.0267853
1 18.4562 0.155588 0.0410742 0.0396552
1 19.5851 0.158706 0.0371466 0.0556169
1 20.7129 0.161109 0.0243526 0.0481905
1 21.8385 0.161603 0.00520337 0.0287758
1 22.9633 0.161154 -0.0177164 0.0371718
1 24.0898 0.16013 -0.0271108 0.0538727
1 25.2188 0.157428 -0.0353704 0.0451709
1 26.3474 0.155066 -0.038053 0.0326777
1 27.4722 0.153403 -0.040845 0.0196308
1 28.5931 0.145353 -0.0356533 -0.0145637
1 29.7141 0.131671 -0.0106258 -0.0483326
1 30.8345 0.118067 0.012529 -0.0757071
1 31.9543 0.104678 0.0267963 -0.076292
1 33.0736 0.0952544 0.0364824 -0.0423591
1 34.1913 0.089338 0.0351643 -0.0273927
1 35.3093 0.0837813 0.0379412 -0.0301175
1 36.4275 0.0811564 0.0403461 -0.0464068
1 37.5452 0.0790341 0.0333549 -0.0726811
1 38.663 0.0770481 0.0365104 -0.0793476
1 39.7798 0.0794182 0.0455473 -0.0646499
1 40.8958 0.0845864 0.048661 -0.063173
1 42.0115 0.0887482 0.0450657 -0.0599487
1 43.1267 0.0948379 0.0410747 -0.0588562
1 44.2468 0.10968 0.0352027 -0.0663942
1 0.00118693 1.06981 -0.0357543 -0.0692298
1 1.12048 1.06174 -0.032862 -0.0722173
1 2.23382 1.05667 -0.0430308 -0.063526
1 3.34797 1.05203 -0.0406338 -0.0714519
1 4.46198 1.04793 -0.036331 -0.0735934
1 5.57653 1.04415 -0.0365509 -0.0707971
1 6.69298 1.04292 -0.0492506 -0.0729066
1 7.81079 1.04521 -0.053009 -0.0571586
1 8.92815 1.04897 -0.0420276 -0.034981
1 10.0449 1.05546 -0.0357999 -0.0396574
1 11.1615 1.06446 -0.0243039 -0.051905
1 12.2781 1.07389 -0.0174947 -0.0700226
1 13.396 1.08456 -0.0206108 -0.0744438
1 14.5165 1.09645 -0.0125534 -0.0529728
1 15.6392 1.10806 0.00700717 -0.0187711
1 16.7634 1.11552 0.0217528 0.00969154
1 17.8898 1.11852 0.029942 0.0273275
1 19.0178 1.12029 0.0303166 0.0424229
1 20.1466 1.12316 0.0248262 0.0501735
1 21.275 1.12468 0.0186766 0.0428494
1 22.4016 1.12443 -0.00748235 0.0405746
1 23.528 1.12412 -0.0253193 0.0503122
1 24.6566 1.12198 -0.0227224 0.0455999
1 25.7856 1.11959 -0.0280848 0.0334813
1 26.9126 1.11813 -0.0261677 0.0218615
1 28.0381 1.11366 -0.013184 -0.00501864
1 29.1623 1.10332 0.00199923 -0.0372414
1 30.284 1.09033 0.0139557 -0.065335
1 31.4033 1.07755 0.0193994 -0.08149
1 32.5207 1.06656 0.0205682 -0.0633295
1 33.6371 1.05902 0.0329342 -0.0381962
1 34.754 1.05329 0.0425719 -0.0325849
1 35.8714 1.04907 0.0433229 -0.040513
1 36.9884 1.04644 0.041894 -0.0629358
1 38.1048 1.04481 0.0344585 -0.0798241
1 39.2202 1.04535 0.0333894 -0.0763646
1 40.3344 1.04924 0.0386118 -0.0684137
1 41.4487 1.05407 0.0381438 -0.068255
1 42.5621 1.05916 0.0397877 -0.0617011
1 43.6756 1.06731 0.0445898 -0.0728623
1 0.568617 2.02741 -0.0414703 -0.0743114
1 1.6817 2.02282 -0.0402083 -0.0715237
1 2.79405 2.01794 -0.0386148 -0.0659952
1 3.90722 2.01341 -0.0383056 -0.0668216
1 5.02043 2.00924 -0.0358198 -0.0650434
1 6.13498 2.00559 -0.037532 -0.0659933
1 7.25051 2.00645 -0.0462913 -0.0689746
1 8.36638 2.01003 -0.0445981 -0.0442843
1 9.48273 2.01475 -0.0401958 -0.0327943
1 10.5988 2.02277 -0.028993 -0.046712
1 11.7138 2.03215 -0.0148458 -0.059512
1 12.8301 2.04157 -0.0177586 -0.0658866
1 13.949 2.05133 -0.0283806 -0.053183
1 15.0718 2.06132 -0.0225638 -0.0320876
1 16.1977 2.07018 -0.00327236 -0.010411
1 17.3241 2.07566 0.0132697 0.0110331
1 18.4515 2.07832 0.0196029 0.0299423
1 19.5805 2.08012 0.0134211 0.0413831
1 20.7098 2.08149 0.011872 0.0480373
1 21.8376 2.0818 0.00298813 0.0481756
1 22.965 2.08163 -0.0113472 0.0498878
1 24.0938 2.081 -0.0100967 0.0494415
1 25.2233 2.0796 -0.0145693 0.036562
1 26.3516 2.07768 -0.0163346 0.0203188
1 27.4787 2.0742 -0.00662073 0.00342149
1 28.6052 2.06693 0.012528 -0.022461
1 29.7303 2.05656 0.027933 -0.0456701
1 30.8511 2.04571 0.0187172 -0.0609435
1 31.9679 2.03523 0.0106669 -0.0673361
1 33.0832 2.02593 0.0166234 -0.053996
1 34.1984 2.0188 0.0340342 -0.0346501
1 35.315 2.01362 0.0471086 -0.035039
1 36.4316 2.01012 0.0541528 -0.0539543
1 37.5471 2.00796 0.0471256 -0.0694286
1 38.6621 2.00802 0.0407206 -0.0667171
1 39.7759 2.01084 0.0450656 -0.0712022
1 40.8894 2.01517 0.0484521 -0.0661981
1 42.0022 2.02002 0.0486864 -0.066651
1 43.1142 2.02571 0.0576864 -0.0722126
1 44.2351 2.03095 0.058408 -0.0726669
1 0.00898768 2.99004 -0.06104 -0.07471
1 1.12845 2.98794 -0.0583239 -0.0739956
1 2.24051 2.98411 -0.0518666 -0.0689236
1 3.35241 2.97891 -0.0463866 -0.0638878
1 4.46506 2.97482 -0.0450402 -0.0640874
1 5.57857 2.97063 -0.0443543 -0.0558728
1 6.69216 2.96879 -0.0502528 -0.0641618
1 7.80692 2.97103 -0.0609879 -0.0550303
1 8.92279 2.97511 -0.0520818 -0.0372953
1 10.0379 2.9812 -0.0336064 -0.0450333
1 11.1524 2.99103 -0.0163191 -0.0601146
1 12.2674 3.00051 -0.0177652 -0.0553366
1 13.3846 3.00799 -0.0294535 -0.0439854
1 14.5059 3.0154 -0.0382412 -0.0326717
1 15.6313 3.02344 -0.0258324 -0.0244362
1 16.7583 3.03065 -0.00456374 -0.00854809
1 17.8859 3.03566 0.00336475 0.0135844
1 19.0149 3.03765 -0.000424267 0.0336726
1 20.1451 3.03824 -0.00261186 0.0418906
1 21.2741 3.03816 -0.000233344 0.0465791
1 22.4013 3.0381 -0.00080899 0.0487293
1 23.5291 3.03831 0.00426842 0.0455296
1 24.6589 3.03777 0.00892723 0.0399917
1 25.789 3.0371 0.000808346 0.0258908
1 26.9174 3.0343 -0.00259142 0.00364034
1 28.045 3.02788 0.0109859 -0.0171202
1 29.1716 3.01982 0.030275 -0.0292615
1 30.2955 3.01158 0.0301445 -0.0388305
1 31.4143 3.00346 0.0204219 -0.0538592
1 32.5299 2.99458 0.0185065 -0.0607065
1 33.6443 2.98551 0.0299017 -0.0510797
1 34.7596 2.97859 0.0471822 -0.0397575
1 35.8759 2.97429 0.0522642 -0.0437086
1 36.9912 2.97181 0.0476139 -0.0574645
1 38.1048 2.97098 0.0387276 -0.0660883
1 39.2179 2.97299 0.0404604 -0.0665092
1 40.3312 2.97617 0.0459682 -0.0628096
1 41.4437 2.98128 0.0413189 -0.0636472
1 42.5553 2.98619 0.0366966 -0.073208
1 43.6685 2.99001 0.0398894 -0.066752
1 0.571017 3.95234 -0.0406198 -0.073967
1 1.68461 3.94973 -0.0369462 -0.0730826
1 2.79686 3.94537 -0.0433365 -0.0665325
1 3.90938 3.94046 -0.0523435 -0.0714726
1 5.02279 3.93655 -0.0495065 -0.0658352
1 6.13595 3.93368 -0.0448089 -0.0657639
1 7.24866 3.93356 -0.0516826 -0.0597688
1 8.36301 3.93595 -0.0539623 -0.0517569
1 9.47795 3.94131 -0.046094 -0.0544422
1 10.5924 3.95023 -0.0367053 -0.0678645
1 11.707 3.96001 -0.0274373 -0.0600883
1 12.8237 3.96733 -0.0283762 -0.0423955
1 13.9428 3.97237 -0.0307561 -0.0295841
1 15.0658 3.97781 -0.029281 -0.0282009
1 16.1922 3.98512 -0.0169388 -0.0267779
1 17.3201 3.99133 -0.00806794 -0.00582242
1 18.4498 3.99493 -0.0133972 0.018661
1 19.5811 3.9958 -0.0211434 0.0302781
1 20.711 3.99537 -0.0143096 0.0344893
1 21.838 3.99521 -0.00648514 0.0342569
1 22.9642 3.99535 0.00645562 0.0352552
1 24.0927 3.99544 0.0197783 0.0328803
1 25.2235 3.99534 0.0184238 0.025338
1 26.3544 3.9939 0.0120087 0.0102295
1 27.4834 3.98918 0.0138857 -0.0167095
1 28.6105 3.98167 0.0260828 -0.0315716
1 29.736 3.97491 0.0386412 -0.0283398
1 30.8576 3.96972 0.0319974 -0.0335455
1 31.9751 3.96289 0.0219269 -0.0526266
1 33.0904 3.95439 0.0176776 -0.0660373
1 34.2042 3.94583 0.0341682 -0.0595968
1 35.3189 3.93939 0.0556934 -0.05173
1 36.4339 3.93579 0.0665359 -0.0569968
1 37.5483 3.93486 0.0618096 -0.0632556
1 38.6618 3.93638 0.0439586 -0.064112
1 39.7745 3.93878 0.0438711 -0.0756433
1 40.8861 3.94262 0.0431039 -0.0696555
1 41.9978 3.94759 0.0481894 -0.0692975
1 43.11 3.95101 0.0465103 -0.0725921
1 44.2295 3.95284 0.0521542 -0.0668218
1 0.00958069 4.9167 -0.0451635 -0.0755385
1 1.12913 4.9146 -0.0500137 -0.0758545
1 2.24149 4.91103 -0.0499031 -0.069034
1 3.35371 4.90677 -0.0467652 -0.0700238
1 4.46611 4.90237 -0.0521041 -0.0692553
1 5.57938 4.89919 -0.0553679 -0.0642006
1 6.69238 4.8974 -0.0615902 -0.0582004
1 7.80561 4.89799 -0.0650895 -0.0605639
1 8.91947 4.90226 -0.0579775 -0.0612944
1 10.0334 4.90981 -0.0420981 -0.0641139
1 11.1481 4.91909 -0.0308679 -0.0624956
1 12.264 4.92673 -0.0312741 -0.0441305
1 13.382 4.93155 -0.032929 -0.0228541
1 14.5034 4.93475 -0.0349468 -0.0201288
1 15.6276 4.93964 -0.0295287 -0.0272196
1 16.7549 4.94577 -0.0215781 -0.0188752
1 17.8847 4.95045 -0.019865 8.67134e-05
1 19.0163 4.95263 -0.0252891 0.0199834
1 20.1476 4.95296 -0.0251229 0.0227224
1 21.2757 4.95297 -0.013586 0.0180199
1 22.401 4.95301 0.00461638 0.0183194
1 23.5268 4.95292 0.021849 0.019418
1 24.6564 4.95273 0.0339588 0.0180653
1 25.7889 4.95172 0.0303127 0.0115746
1 26.9198 4.9488 0.0174179 -0.00574708
1 28.0485 4.94319 0.0199343 -0.0255644
1 29.1744 4.93698 0.0253783 -0.02477
1 30.2972 4.93291 0.0255924 -0.0173065
1 31.4169 4.92875 0.0323887 -0.0341401
1 32.5341 4.92235 0.0369434 -0.0548571
1 33.6493 4.91432 0.0421633 -0.0629165
1 34.7639 4.9061 0.0514045 -0.0606725
1 35.8782 4.90093 0.0490547 -0.0582497
1 36.9913 4.89879 0.0454919 -0.0596568
1 38.1037 4.89927 0.047177 -0.0584697
1 39.2167 4.90176 0.0540403 -0.0677674
1 40.33 4.90526 0.0473869 -0.0690935
1 41.4419 4.90915 0.0404909 -0.0740445
1 42.554 4.91267 0.0377279 -0.0702405
1 43.6674 4.91456 0.0389838 -0.0739367
1 0.572605 5.87896 -0.0449182 -0.0719474
1 1.6865 5.877 -0.0424427 -0.0719258
1 2.79844 5.87353 -0.0482128 -0.067397
1 3.91127 5.86875 -0.0547302 -0.0573296
1 5.0249 5.86494 -0.0504078 -0.060388
1 6.13724 5.86274 -0.0438221 -0.0572137
1 7.24859 5.862 -0.0415471 -0.0540904
1 8.36106 5.86424 -0.046122 -0.0563742
1 9.47513 5.87032 -0.0528032 -0.0621426
1 10.5897 5.87868 -0.0458265 -0.0567189
1 11.7056 5.8861 -0.0394941 -0.0418873
1 12.8231 5.89154 -0.0378153 -0.0252497
1 13.9432 5.89425 -0.0313187 -0.00963404
1 15.0657 5.89659 -0.0237473 -0.0107915
1 16.1914 5.90073 -0.025381 -0.0152586
1 17.3202 5.90526 -0.0215555 -0.0048807
1 18.4512 5.90854 -0.0258429 0.00758991
1 19.5836 5.91026 -0.034881 0.0113048
1 20.713 5.91125 -0.0295529 0.0102883
1 21.8383 5.91189 -0.00979788 0.00444489
1 22.9629 5.91142 0.0142271 0.0063051
1 24.0901 5.91064 0.0309109 0.0107101
1 25.2213 5.90954 0.0365685 0.009333
1 26.3536 5.90689 0.0303132 0.00109574
1 27.4839 5.90331 0.0249117 -0.0109628
1 28.6111 5.89892 0.0250226 -0.0136565
1 29.7353 5.89534 0.0283385 -0.00775076
1 30.8565 5.89293 0.031447 -0.0176765
1 31.9748 5.88825 0.0338761 -0.0365471
1 33.0917 5.88179 0.0376087 -0.0502944
1 34.2073 5.8742 0.0520166 -0.0591877
1 35.3218 5.86742 0.0625008 -0.0544338
1 36.4355 5.86397 0.0619814 -0.0555429
1 37.548 5.86317 0.0586971 -0.0537664
1 38.6605 5.86491 0.0542373 -0.0562911
1 39.7744 5.86742 0.0552724 -0.0567813
1 40.8878 5.87185 0.0520372 -0.0650349
1 42.0003 5.87562 0.0443273 -0.0659382
1 43.1127 5.87822 0.0422134 -0.0742515
1 44.2315 5.87703 0.0427206 -0.0794482
1 0.00962193 6.84352 -0.0539506 -0.0761729
1 1.12801 6.84345 -0.0520405 -0.0710718
1 2.24056 6.84044 -0.0558899 -0.0679099
1 3.35384 6.83557 -0.0607866 -0.0623873
1 4.46704 6.83109 -0.0529103 -0.0697842
1 5.57992 6.82913 -0.0485111 -0.0619049
1 6.69234 6.82753 -0.0563561 -0.05605
1 7.80444 6.82788 -0.0599487 -0.0589505
1 8.9174 6.83167 -0.0569671 -0.061769
1 10.0316 6.83861 -0.0462156 -0.0590587
1 11.1478 6.84543 -0.0368535 -0.0501219
1 12.2651 6.85098 -0.0347406 -0.0371556
1 13.3844 6.85467 -0.0379381 -0.0179201
1 14.5066 6.8561 -0.0323885 -0.00801111
1 15.6304 6.85785 -0.0217169 -0.0105762
1 16.7573 6.861 -0.0176054 -0.0132946
1 17.8865 6.86439 -0.0168506 -0.00842229
1 19.0177 6.86727 -0.0246422 -0.00551784
1 20.1491 6.86952 -0.0289125 -0.00849995
1 21.2765 6.87116 -0.0207637 -0.0135712
1 22.4011 6.87151 0.00654112 -0.0154089
1 23.526 6.87054 0.0278261 -0.0110336
1 24.6548 6.86868 0.0338536 -0.00618041
1 25.7866 6.86586 0.0271253 -0.00806367
1 26.917 6.8626 0.0131567 -0.0121294
1 28.0453 6.85954 0.0153331 -0.0110255
1 29.1708 6.85698 0.0243712 -0.00884579
1 30.2943 6.85552 0.032877 -0.0145764
1 31.4156 6.85271 0.0368177 -0.0308813
1 32.5336 6.84761 0.0408511 -0.0427866
1 33.6501 6.84153 0.0505712 -0.0540615
1 34.7657 6.83477 0.0485133 -0.0584721
1 35.8794 6.83015 0.0417428 -0.0576003
1 36.9918 6.82844 0.0401409 -0.0572921
1 38.1031 6.82886 0.0429196 -0.0585599
1 39.216 6.83029 0.0518343 -0.0652224
1 40.3298 6.83387 0.0591785 -0.0632093
1 41.4438 6.83808 0.051287 -0.0661377
1 42.5567 6.84214 0.040847 -0.0746186
1 43.671 6.84421 0.0383817 -0.0785211
1 0.570957 7.81107 -0.0502927 -0.074143
1 1.68532 7.80724 -0.0511511 -0.0665158
1 2.79833 7.80228 -0.0612237 -0.0653012
1 3.91159 7.79761 -0.0624359 -0.0672841
1 5.02473 7.795 -0.0597348 -0.0679865
1 6.13752 7.79266 -0.0535382 -0.054102
1 7.24928 7.79251 -0.0407442 -0.0558056
1 8.36071 7.79495 -0.0356945 -0.0594154
1 9.47359 7.79939 -0.0507027 -0.0584841
1 10.5887 7.80483 -0.048674 -0.0495391
1 11.7059 7.81 -0.0453147 -0.0390794
1 12.8255 7.81382 -0.0470566 -0.0282312
1 13.9483 7.81586 -0.039624 -0.0117838
1 15.0723 7.81695 -0.0211084 -0.00837345
1 16.197 7.81872 -0.00402222 -0.0117279
1 17.3236 7.82119 0.00668582 -0.00935464
1 18.4523 7.82413 -0.00640609 -0.0108501
1 19.5836 7.82723 -0.0258658 -0.0189083
1 20.713 7.82981 -0.0291949 -0.0228454
1 21.8384 7.83113 -0.0122194 -0.0313108
1 22.9631 7.83083 0.0192944 -0.0285753
1 24.0903 7.82882 0.0278049 -0.0168859
1 25.2208 7.82593 0.0146876 -0.0140581
1 26.3513 7.82263 0.00353774 -0.014294
1 27.4793 7.81994 0.00154883 -0.0129498
1 28.6045 7.81788 0.0113143 -0.0099292
1 29.7288 7.81648 0.0357861 -0.010775
1 30.8529 7.81497 0.0479975 -0.0221527
1 31.9732 7.81168 0.0370507 -0.0340632
1 33.0908 7.80699 0.0365921 -0.0462762
1 34.2078 7.80127 0.0568448 -0.0550893
1 35.3227 7.79689 0.065832 -0.0544747
1 36.4357 7.79394 0.0611755 -0.0567435
1 37.5476 7.79337 0.0582506 -0.052365
1 38.6599 7.7944 0.0550741 -0.0612693
1 39.7728 7.79629 0.0584047 -0.0699762
1 40.8861 7.79975 0.0689206 -0.0644695
1 41.9994 7.80521 0.0721916 -0.0664515
1 43.1129 7.80941 0.065584 -0.06893
1 44.2307 7.81351 0.0677036 -0.0857711
1 0.0137019 8.78132 -0.0747593 -0.0732901
1 1.13202 8.77503 -0.0759362 -0.0571327
1 2.24499 8.76928 -0.0731461 -0.0546207
1 3.35741 8.76428 -0.0712688 -0.0593198
1 4.46965 8.7604 -0.0626273 -0.0579694
1 5.58284 8.75804 -0.0597576 -0.0517962
1 6.69467 8.75725 -0.058097 -0.0539919
1 7.80548 8.75915 -0.0518962 -0.056599
1 8.91739 8.76236 -0.0556276 -0.0473148
1 10.032 8.76565 -0.0530789 -0.0428601
1 11.149 8.76936 -0.044911 -0.0332556
1 12.2679 8.7724 -0.0477231 -0.0222055
1 13.3896 8.77458 -0.0500987 -0.0160962
1 14.514 8.77603 -0.0350282 -0.0115165
1 15.6381 8.77819 -0.00123154 -0.00887276
1 16.7623 8.78033 0.0199926 -0.0085135
1 17.8882 8.78216 0.0220903 -0.00996814
1 19.0169 8.78487 0.00503806 -0.0141592
1 20.1478 8.78779 -0.0152187 -0.0220436
1 21.2761 8.78978 -0.0212013 -0.0363529
1 22.4014 8.7904 0.0073909 -0.0388849
1 23.527 8.7891 0.026215 -0.0260086
1 24.6562 8.78634 0.0107264 -0.0173122
1 25.7866 8.78358 -0.0113037 -0.0119642
1 26.9137 8.78151 -0.0234416 -0.0099011
1 28.0387 8.7795 -0.0172123 -0.0123564
1 29.1626 8.77732 0.0105674 -0.0110275
1 30.2873 8.77562 0.0413444 -0.0142568
1 31.4115 8.77331 0.0499461 -0.0215356
1 32.5316 8.77069 0.0455695 -0.0270637
1 33.6487 8.76714 0.0533427 -0.0445555
1 34.7636 8.76336 0.0552584 -0.0466923
1 35.8768 8.76036 0.0467832 -0.0473081
1 36.9887 8.75832 0.0514572 -0.0505695
1 38.1003 8.75816 0.0657186 -0.052778
1 39.213 8.75965 0.0726248 -0.0564352
1 40.3261 8.76218 0.0764015 -0.058827
1 41.4385 8.76662 0.0776656 -0.0554814
1 42.5517 8.772 0.0754483 -0.0541285
1 43.6663 8.77944 0.085507 -0.0622798
1 0.580494 9.74459 -0.0902002 -0.0507859
1 1.69451 9.73699 -0.080341 -0.0560197
1 2.80629 9.73115 -0.078485 -0.058218
1 3.9183 9.72693 -0.0812436 -0.060646
1 5.03089 9.72348 -0.0738145 -0.0630922
1 6.14278 9.7226 -0.0605004 -0.06475
1 7.25305 9.72412 -0.0430055 -0.0647017
1 8.36359 9.72687 -0.0425766 -0.0541329
1 9.4767 9.72843 -0.0607046 -0.0439315
1 10.5926 9.72998 -0.0606639 -0.0344391
1 11.7109 9.73149 -0.0587048 -0.0265155
1 12.8315 9.73331 -0.0522096 -0.0262205
1 13.9551 9.73534 -0.035276 -0.0245397
1 15.0792 9.73787 -0.00728751 -0.0282576
1 16.2024 9.74123 0.0252547 -0.0225244
1 17.3266 9.74321 0.0419472 -0.0138002
1 18.4524 9.74456 0.0287718 -0.0175123
1 19.5815 9.74649 -0.00218802 -0.0253602
1 20.7116 9.74858 -0.0198449 -0.0355414
1 21.8385 9.74968 -0.0102801 -0.047166
1 22.9639 9.74921 0.016512 -0.0403973
1 24.0922 9.74734 0.00889618 -0.0275752
1 25.2223 9.74549 -0.018064 -0.0210508
1 26.3497 9.74426 -0.0323974 -0.0156538
1 27.4746 9.7429 -0.0322868 -0.020103
1 28.598 9.73996 -0.00868501 -0.0287436
1 29.7219 9.73668 0.0310729 -0.0270882
1 30.8464 9.73419 0.0529227 -0.029617
1 31.9681 9.73223 0.0535627 -0.0290289
1 33.0875 9.73065 0.0469077 -0.0285948
1 34.2047 9.72909 0.0520338 -0.0382306
1 35.3188 9.72758 0.0578162 -0.0517113
1 36.4301 9.72524 0.0539788 -0.0633977
1 37.5405 9.72332 0.0696943 -0.0602775
1 38.6525 9.72348 0.0732581 -0.0613011
1 39.765 9.72521 0.075202 -0.065787
1 40.8766 9.72879 0.0839716 -0.0610007
1 41.9881 9.7337 0.0871241 -0.0569376
1 43.0997 9.74076 0.0920385 -0.0543163
1 44.2179 9.7514 0.0944122 -0.0529227
1 0.0280934 10.7157 -0.0911133 -0.0409442
1 1.14623 10.7055 -0.0859698 -0.0558026
1 2.25775 10.699 -0.085784 -0.0646889
1 3.36848 10.6935 -0.083278 -0.066225
1 4.47967 10.6897 -0.0713285 -0.0693616
1 5.59103 10.6883 -0.0669335 -0.0752533
1 6.70145 10.6894 -0.0643142 -0.0733654
1 7.81108 10.6917 -0.0598577 -0.0613709
1 8.92328 10.6926 -0.0728356 -0.0416565
1 10.0387 10.6919 -0.0697217 -0.0289941
1 11.157 10.6914 -0.0607583 -0.0260749
1 12.2765 10.6926 -0.0611584 -0.0317449
1 13.397 10.6948 -0.0538639 -0.0368335
1 14.52 10.6973 -0.0307949 -0.0394925
1 15.6434 10.7014 0.00489842 -0.0382174
1 16.7668 10.7051 0.0306409 -0.0260812
1 17.8914 10.7063 0.0410733 -0.0185187
1 19.0181 10.7067 0.0264932 -0.0202927
1 20.1474 10.7074 -0.00360664 -0.0290479
1 21.2758 10.7082 -0.0154969 -0.0429626
1 22.4017 10.7083 0.0102881 -0.0436127
1 23.5278 10.7076 0.0159658 -0.0325193
1 24.6566 10.7069 -0.00815649 -0.024716
1 25.7846 10.7067 -0.033005 -0.0166189
1 26.9096 10.7064 -0.0408935 -0.0213512
1 28.0338 10.7041 -0.0238247 -0.0371624
1 29.1572 10.6998 0.00842809 -0.0418846
1 30.2805 10.6961 0.0344143 -0.0371786
1 31.4032 10.6935 0.0514302 -0.0353734
1 32.5236 10.6916 0.0635747 -0.0283198
1 33.642 10.6915 0.0734003 -0.0274594
1 34.7577 10.6927 0.0738229 -0.0352357
1 35.8712 10.6929 0.0507259 -0.0512127
1 36.9814 10.6908 0.0411597 -0.0715054
1 38.0907 10.6887 0.0633647 -0.0740865
1 39.2017 10.6894 0.0765934 -0.0706688
1 40.3133 10.6923 0.0845639 -0.069644
1 41.4236 10.6962 0.0839824 -0.0701418
1 42.5335 10.7023 0.0821867 -0.0621059
1 43.6461 10.7103 0.0919298 -0.0504042
1 0.600183 11.6751 -0.0794031 -0.0510209
1 1.71272 11.6673 -0.0708196 -0.0577533
1 2.82287 11.662 -0.0734539 -0.0632145
1 3.93255 11.6575 -0.077081 -0.0686794
1 5.04263 11.6555 -0.0657885 -0.0724731
1 6.15239 11.6556 -0.0590111 -0.0730793
1 7.26177 11.6573 -0.0542127 -0.0581507
1 8.37384 11.6574 -0.0730947 -0.0339947
1 9.4889 11.6557 -0.0922449 -0.0236477
1 10.6051 11.6535 -0.0828648 -0.0230991
1 11.7228 11.6528 -0.0663003 -0.031829
1 12.842 11.6552 -0.0524158 -0.0375053
1 13.9634 11.6584 -0.0354756 -0.0394425
1 15.0856 11.662 -0.012609 -0.049091
1 16.2086 11.6667 0.0180033 -0.0439146
1 17.3329 11.6696 0.040373 -0.026363
1 18.4579 11.6699 0.0375638 -0.0200911
1 19.5853 11.6688 0.0110234 -0.023894
1 20.7133 11.6682 -0.0158981 -0.031972
1 21.8386 11.668 -0.00712106 -0.0419717
1 22.9628 11.6679 0.0170832 -0.0375016
1 24.0899 11.6684 -0.00207897 -0.0259796
1 25.2179 11.6695 -0.0288944 -0.0183514
1 26.3438 11.6702 -0.0388079 -0.022505
1 27.4687 11.6689 -0.0289966 -0.03672
1 28.5926 11.6649 0.00115796 -0.0500517
1 29.7154 11.6602 0.0285035 -0.0468598
1 30.8373 11.657 0.0439849 -0.0410296
1 31.9564 11.6543 0.056332 -0.0370278
1 33.0743 11.6531 0.0650432 -0.0259328
1 34.1919 11.6548 0.0845947 -0.0218553
1 35.3084 11.6571 0.095211 -0.0303303
1 36.4221 11.6583 0.0765564 -0.0499816
1 37.5321 11.6568 0.0669381 -0.0702403
1 38.6415 11.6558 0.0618562 -0.0725106
1 39.7517 11.6568 0.0674696 -0.0709469
1 40.8616 11.6605 0.0802657 -0.0685659
1 41.9713 11.6654 0.07557 -0.06528
1 43.0823 11.6708 0.0774407 -0.0573531
1 44.2007 11.6785 0.0834999 -0.0350757
1 0.0447843 12.6426 -0.0684003 -0.0439009
1 1.16399 12.6358 -0.0654605 -0.0571232
1 2.27482 12.6304 -0.0621491 -0.0633105
1 3.38459 12.6262 -0.0611669 -0.066291
1 4.49332 12.6233 -0.0556089 -0.0773281
1 5.60278 12.6223 -0.0616086 -0.068846
1 6.71312 12.6222 -0.0782985 -0.054202
1 7.82531 12.6215 -0.0898479 -0.0360149
1 8.94056 12.6192 -0.0994929 -0.0266028
1 10.0573 12.617 -0.0820007 -0.0263788
1 11.1736 12.6156 -0.0556504 -0.0341363
1 12.2897 12.6166 -0.0459347 -0.0453534
1 13.4072 12.6196 -0.0342788 -0.0480457
1 14.5278 12.6234 -0.0192635 -0.0509453
1 15.6501 12.6279 0.00269663 -0.056423
1 16.7738 12.6322 0.0277037 -0.0474932
1 17.8987 12.634 0.039885 -0.032735
1 19.0252 12.633 0.0313956 -0.0263582
1 20.1528 12.6307 0.00442493 -0.0327498
1 21.2781 12.6291 -0.0138453 -0.041217
1 22.4009 12.6289 0.00662157 -0.0435063
1 23.5243 12.6297 0.00695122 -0.0366595
1 24.6506 12.6319 -0.0149717 -0.0271822
1 25.7773 12.6339 -0.0365896 -0.0248631
1 26.9027 12.6338 -0.0414026 -0.0408518
1 28.0273 12.6308 -0.0162816 -0.0546209
1 29.1501 12.6261 0.00740462 -0.057188
1 30.2716 12.6219 0.0219303 -0.0503019
1 31.3917 12.6185 0.0371886 -0.0463275
1 32.5091 12.616 0.0519677 -0.0406667
1 33.625 12.6164 0.0725969 -0.0330779
1 34.7405 12.6186 0.0911366 -0.0273746
1 35.8558 12.6211 0.0798005 -0.0264238
1 36.9694 12.6228 0.0640679 -0.0442409
1 38.08 12.6228 0.0588847 -0.0643644
1 39.1896 12.6235 0.0572298 -0.0740577
1 40.299 12.6254 0.0593023 -0.0708041
1 41.4081 12.6291 0.0531197 -0.0631368
1 42.5179 12.6334 0.050369 -0.0619142
1 43.6302 12.6393 0.0562076 -0.0497971
1 0.615349 13.6034 -0.0384327 -0.0506444
1 1.72768 13.5985 -0.0317505 -0.0678464
1 2.83668 13.5945 -0.0395442 -0.0757229
1 3.94559 13.5917 -0.0483553 -0.0753738
1 5.05554 13.5896 -0.055159 -0.0700207
1 6.1666 13.5874 -0.0598332 -0.0556194
1 7.27849 13.5852 -0.0610009 -0.0390014
1 8.39243 13.583 -0.0651494 -0.0322166
1 9.50714 13.5808 -0.0713884 -0.0362549
1 10.6216 13.5796 -0.0541802 -0.0421251
1 11.7362 13.5797 -0.0337524 -0.0454365
1 12.8525 13.582 -0.0219671 -0.0513345
1 13.9712 13.5855 -0.011336 -0.0531499
1 15.0915 13.5897 0.00130065 -0.0570154
1 16.2139 13.594 0.0234637 -0.058743
1 17.3386 13.5971 0.0405003 -0.0485982
1 18.4645 13.5974 0.0357468 -0.0379292
1 19.5915 13.5952 0.0220912 -0.0381745
1 20.7173 13.5924 -0.00676411 -0.0420739
1 21.8394 13.5908 -0.00731985 -0.0447802
1 22.9607 13.5914 0.0137201 -0.0447094
1 24.0848 13.5939 -0.00882585 -0.0384232
1 25.2115 13.5967 -0.0321783 -0.0343131
1 26.3382 13.5978 -0.0417982 -0.0419142
1 27.4636 13.5963 -0.0318787 -0.0538686
1 28.587 13.5923 -0.010154 -0.0589586
1 29.709 13.588 0.00547468 -0.0576893
1 30.8291 13.5842 0.0172002 -0.0544267
1 31.9449 13.5811 0.0224419 -0.0502932
1 33.0591 13.5803 0.0310076 -0.0453929
1 34.1741 13.5808 0.061998 -0.0397221
1 35.2897 13.5823 0.0809602 -0.0341635
1 36.4048 13.5846 0.080006 -0.0368731
1 37.5181 13.587 0.0752642 -0.0474099
1 38.6295 13.5894 0.0588915 -0.0628204
1 39.7403 13.5913 0.0419659 -0.074032
1 40.8493 13.5938 0.0415567 -0.0736104
1 41.9587 13.5973 0.0387475 -0.0720268
1 43.0693 13.6012 0.0417614 -0.0601898
1 44.1883 13.6055 0.0463687 -0.052163
1 0.056946 14.5697 -0.0364921 -0.0496233
1 1.17532 14.5659 -0.025408 -0.0642298
1 2.28561 14.5634 -0.0234761 -0.0700651
1 3.39498 14.5605 -0.0341044 -0.0750533
1 4.50467 14.5576 -0.0398638 -0.0656188
1 5.61648 14.5543 -0.0481675 -0.055592
1 6.72883 14.5509 -0.0610417 -0.0436657
1 7.84159 14.5481 -0.0588141 -0.0424219
1 8.95542 14.5463 -0.0563461 -0.0373155
1 10.0701 14.5452 -0.0403268 -0.0435529
1 11.1842 14.5453 -0.0197591 -0.0484124
1 12.2974 14.5464 -0.0147993 -0.0493064
1 13.4128 14.5492 -0.0062598 -0.0529989
1 14.532 14.5533 0.00106437 -0.0556242
1 15.6529 14.5576 0.0148153 -0.0589371
1 16.7761 14.5609 0.0346992 -0.0580806
1 17.902 14.5623 0.0415971 -0.0519779
1 19.0293 14.5615 0.0335588 -0.0467988
1 20.1565 14.5588 0.0111061 -0.0471249
1 21.2801 14.556 -0.0109689 -0.0447852
1 22.3998 14.5555 0.00201231 -0.0435463
1 23.5211 14.5573 0.0029705 -0.0441603
1 24.6467 14.5602 -0.0185573 -0.0452408
1 25.7743 14.5623 -0.0369714 -0.0488861
1 26.9008 14.5621 -0.0452078 -0.0546916
1 28.0251 14.5598 -0.0261873 -0.0577462
1 29.1469 14.5561 -0.00819152 -0.0592996
1 30.2672 14.5521 0.00310445 -0.0546233
1 31.3851 14.5482 0.00783109 -0.0506324
1 32.5001 14.5463 0.0129825 -0.047796
1 33.6139 14.546 0.0319515 -0.0480982
1 34.7271 14.5463 0.0487961 -0.0428574
1 35.8407 14.5477 0.0400925 -0.0421585
1 36.9538 14.5499 0.0421968 -0.0421203
1 38.0657 14.5533 0.0493297 -0.0481269
1 39.1783 14.5567 0.0490228 -0.060908
1 40.2898 14.5598 0.0442852 -0.0718184
1 41.3996 14.5625 0.0266028 -0.0735536
1 42.5093 14.5652 0.0113306 -0.067455
1 43.6215 14.5677 0.0227737 -0.0578883
1 0.622471 15.533 -0.0137635 -0.0657243
1 1.73391 15.5313 -0.0111145 -0.071435
1 2.84378 15.5287 -0.0220524 -0.0698473
1 3.95438 15.5259 -0.0408696 -0.0671852
1 5.06641 15.5218 -0.0420397 -0.0595979
1 6.17889 15.5174 -0.0344903 -0.0508666
1 7.29066 15.5136 -0.0224763 -0.0411134
1 8.40303 15.5117 -0.0272444 -0.0391614
1 9.51549 15.5107 -0.0330734 -0.0394489
1 10.6283 15.5109 -0.0200046 -0.0446742
1 11.7414 15.5118 -0.00680615 -0.0432157
1 12.8554 15.5137 -0.00689399 -0.0462219
1 13.9725 15.5174 -0.0030131 -0.0505862
1 15.0922 15.5219 0.00858633 -0.0540575
1 16.2137 15.5254 0.030774 -0.0542683
1 17.3382 15.5268 0.0484816 -0.0550978
1 18.4655 15.5265 0.0408394 -0.0524237
1 19.594 15.5251 0.0222072 -0.0467763
1 20.7201 15.5229 -0.00374425 -0.0403393
1 21.8403 15.5212 -0.00632946 -0.0328051
1 22.9587 15.5218 0.010342 -0.0369063
1 24.0818 15.524 -0.0114767 -0.0440165
1 25.21 15.526 -0.0355735 -0.0494373
1 26.3386 15.527 -0.0459776 -0.052532
1 27.4641 15.5266 -0.0381504 -0.055206
1 28.5866 15.5244 -0.0190883 -0.0544201
1 29.7078 15.5204 -0.00021644 -0.0502007
1 30.827 15.516 0.00829125 -0.0474117
1 31.9413 15.5131 0.00559796 -0.0460312
1 33.0544 15.5121 0.0114634 -0.0440588
1 34.1679 15.5114 0.0296525 -0.0429723
1 35.2815 15.5119 0.0343356 -0.0403753
1 36.3945 15.5135 0.0327368 -0.0439938
1 37.506 15.5161 0.0351586 -0.0460738
1 38.6182 15.5199 0.0366922 -0.0571275
1 39.7309 15.5243 0.0332921 -0.0636462
1 40.8421 15.5277 0.0284343 -0.0689231
1 41.9527 15.5305 0.0171728 -0.0667985
1 43.0632 15.5326 0.0187122 -0.0703466
1 44.1802 15.5343 0.0223034 -0.0534747
1 0.0623796 16.499 -0.0190475 -0.0699608
1 1.17954 16.499 -0.0225606 -0.0730594
1 2.29029 16.4963 -0.0241074 -0.0682645
1 3.40082 16.4928 -0.0267238 -0.0648284
1 4.51254 16.4889 -0.028686 -0.0582057
1 5.62504 16.4842 -0.0254338 -0.049866
1 6.73671 16.4799 -0.0229634 -0.0445889
1 7.84763 16.4768 -0.0163507 -0.0365188
1 8.95981 16.4758 -0.0228875 -0.0312538
1 10.0727 16.4759 -0.0229946 -0.032555
1 11.186 16.4768 -0.00950764 -0.0356781
1 12.2982 16.4784 -0.00739575 -0.0348778
1 13.4119 16.4813 -0.00845097 -0.0353778
1 14.5305 16.4852 -0.00215345 -0.041436
1 15.6517 16.4891 0.0177704 -0.0437161
1 16.7749 16.4908 0.0422711 -0.0429146
1 17.901 16.4898 0.0530632 -0.0437597
1 19.0297 16.4885 0.0366029 -0.0399865
1 20.159 16.4874 0.00649077 -0.0298331
1 21.2821 16.4867 -0.0127305 -0.0204008
1 22.399 16.4868 0.00508871 -0.0193213
1 23.5187 16.4871 0.0069978 -0.0263971
1 24.6454 16.4879 -0.017971 -0.0379618
1 25.7749 16.4893 -0.0431226 -0.0445805
1 26.902 16.4907 -0.0569854 -0.0418652
1 28.0266 16.4907 -0.039428 -0.0433318
1 29.1486 16.4878 -0.0100141 -0.0428531
1 30.2682 16.4837 0.00989628 -0.0367385
1 31.3849 16.4805 0.00755743 -0.033422
1 32.4989 16.4781 0.00640835 -0.0336621
1 33.6117 16.4768 0.0174276 -0.0344123
1 34.7237 16.4764 0.0223458 -0.0321949
1 35.8361 16.4771 0.010523 -0.0330754
1 36.9475 16.4791 0.00671945 -0.0376781
1 38.0582 16.4826 0.0174932 -0.0497723
1 39.1704 16.4871 0.0248326 -0.053363
1 40.2829 16.4913 0.0307363 -0.0594225
1 41.394 16.4948 0.020355 -0.0655082
1 42.5044 16.4982 0.00919802 -0.07073
1 43.6163 16.5003 0.00363144 -0.0682394
1 0.62479 17.4668 -0.00815716 -0.0727
1 1.73807 17.4648 -0.00901955 -0.0721556
1 2.84863 17.4614 -0.0165329 -0.0733172
1 3.95926 17.4571 -0.0248189 -0.0698989
1 5.07147 17.4525 -0.0190761 -0.0646023
1 6.1832 17.4478 -0.00570055 -0.061843
1 7.2935 17.4445 0.00351285 -0.0553884
1 8.4044 17.4424 -0.00632507 -0.0486762
1 9.51599 17.4424 -0.0200451 -0.041172
1 10.6276 17.4434 -0.0171871 -0.0396679
1 11.7398 17.4451 -0.0117864 -0.0438869
1 12.8531 17.4476 -0.0130224 -0.0473329
1 13.9694 17.4505 -0.00608784 -0.0520956
1 15.0895 17.4535 0.0132144 -0.0593613
1 16.2126 17.4554 0.0416863 -0.0571391
1 17.3383 17.4551 0.0615739 -0.0535311
1 18.4656 17.4532 0.047604 -0.0522426
1 19.5942 17.4518 0.0122346 -0.0447258
1 20.7204 17.4522 -0.0142322 -0.0375613
1 21.8403 17.4536 -0.0100006 -0.0307962
1 22.9582 17.453 0.0154842 -0.0363089
1 24.0812 17.4518 0.00352654 -0.0440731
1 25.2099 17.4525 -0.031116 -0.049711
1 26.3387 17.4544 -0.056841 -0.0529397
1 27.4651 17.4559 -0.0505936 -0.0566446
1 28.5894 17.4551 -0.0254295 -0.0581181
1 29.711 17.4524 -0.00299471 -0.0522738
1 30.8295 17.4495 0.00661972 -0.0462553
1 31.9431 17.4469 0.00906946 -0.0448518
1 33.0547 17.4448 0.0117164 -0.0415738
1 34.1674 17.4433 0.0197066 -0.040482
1 35.2804 17.4429 0.0231345 -0.0441043
1 36.3921 17.4439 0.0187877 -0.0503434
1 37.5024 17.4468 0.0163266 -0.0580762
1 38.6139 17.4507 0.0150769 -0.0594349
1 39.7263 17.4554 0.0189218 -0.0679972
1 40.8372 17.4596 0.0209513 -0.0718997
1 41.9477 17.4635 0.0196993 -0.0714832
1 43.0591 17.4665 0.019903 -0.0701799
1 44.1768 17.4676 0.0201915 -0.0843056
1 0.0648704 18.4367 -0.0272122 -0.0845479
1 1.18233 18.4338 -0.0167708 -0.0756876
1 2.29396 18.4311 -0.0111821 -0.0769805
1 3.40452 18.4277 -0.0160939 -0.0815235
1 4.5149 18.4231 -0.0150317 -0.0810547
1 5.62659 18.4182 -0.0106 -0.0737473
1 6.7375 18.4145 -0.0144347 -0.0688133
1 7.84788 18.4121 -0.0162861 -0.0601689
1 8.95912 18.4114 -0.0288711 -0.0535141
1 10.0712 18.4126 -0.0254752 -0.044086
1 11.1831 18.4147 -0.0103684 -0.0403956
1 12.2945 18.4169 -0.0096609 -0.0514253
1 13.4083 18.4193 -0.00713956 -0.0613103
1 14.5273 18.4209 0.00837175 -0.0656409
1 15.65 18.422 0.0315456 -0.0685847
1 16.7752 18.4224 0.0499961 -0.064963
1 17.902 18.4212 0.0551607 -0.0531814
1 19.0297 18.4196 0.0288102 -0.0465417
1 20.1574 18.4194 -0.00884678 -0.043849
1 21.2806 18.421 -0.0209978 -0.0444956
1 22.3995 18.4218 0.00692532 -0.0446807
1 23.5204 18.4203 0.0159565 -0.0454113
1 24.6463 18.4194 -0.00814834 -0.0474748
1 25.7741 18.4206 -0.0383733 -0.0526295
1 26.901 18.4224 -0.0569308 -0.0586383
1 28.0272 18.4228 -0.0483106 -0.0664161
1 29.1511 18.4218 -0.0215549 -0.0661479
1 30.2721 18.4205 0.00240586 -0.0636766
1 31.3892 18.4186 0.0117253 -0.0571435
1 32.5023 18.4162 0.0103158 -0.0430203
1 33.6141 18.4142 0.0173932 -0.0393689
1 34.7255 18.4126 0.0270683 -0.048252
1 35.8363 18.4121 0.00884051 -0.0554574
1 36.9463 18.4136 -0.00584563 -0.0626404
1 38.0565 18.4168 0.00274595 -0.0719018
1 39.1679 18.421 0.01841 -0.0757102
1 40.2794 18.4258 0.0192244 -0.07703
1 41.3896 18.4298 0.00671291 -0.0785684
1 42.5002 18.4325 0.00126671 -0.0751643
1 43.6134 18.4352 0.0103623 -0.0774767
1 0.628294 19.4039 -0.00758657 -0.0791797
1 1.74064 19.4006 0.0044574 -0.0766609
1 2.85085 19.3978 0.000566464 -0.0712527
1 3.96124 19.3945 -0.0110786 -0.0663946
1 5.07254 19.39 -0.0135655 -0.0650869
1 6.18358 19.386 -0.00661376 -0.0562648
1 7.29314 19.3831 -0.00108677 -0.046407
1 8.40255 19.3825 -0.0142858 -0.0352057
1 9.51293 19.3834 -0.0346274 -0.0253353
1 10.6235 19.3858 -0.0223081 -0.018121
1 11.735 19.3877 -0.00597667 -0.0193914
1 12.849 19.3892 -0.00217877 -0.0341662
1 13.9671 19.39 0.00502388 -0.0442025
1 15.0888 19.39 0.0256504 -0.0438133
1 16.213 19.3901 0.0499745 -0.0346773
1 17.3392 19.3899 0.0562157 -0.022235
1 18.4656 19.3887 0.0361717 -0.0129109
1 19.5927 19.3877 0.00826056 -0.00894408
1 20.7186 19.3882 -0.011869 -0.011178
1 21.8401 19.3894 -0.00855244 -0.0148516
1 22.9597 19.3889 0.0153463 -0.0131984
1 24.0832 19.388 0.00620376 -0.00985324
1 25.2105 19.3886 -0.025039 -0.0100427
1 26.3378 19.3899 -0.0511903 -0.0182787
1 27.464 19.3903 -0.0524727 -0.0307427
1 28.5894 19.3902 -0.0348133 -0.0393776
1 29.7128 19.3904 -0.013969 -0.0442881
1 30.8333 19.3902 -0.00180111 -0.0407287
1 31.948 19.3888 0.000484639 -0.0254854
1 33.0594 19.3874 0.0101353 -0.0155305
1 34.1709 19.3853 0.0313291 -0.0194671
1 35.2825 19.3834 0.0364034 -0.0260952
1 36.3932 19.3832 0.0202013 -0.0409616
1 37.5028 19.3849 0.0165035 -0.0526794
1 38.6129 19.3885 0.0133522 -0.0610215
1 39.7239 19.3927 0.00928901 -0.0638735
1 40.8344 19.3967 0.0049837 -0.0683564
1 41.9448 19.3995 0.0036691 -0.072763
1 43.0551 19.4018 0.0173996 -0.0784566
1 44.1718 19.406 0.0246828 -0.0779967
1 0.0710937 20.3747 -0.006409 -0.0659097
1 1.18729 20.3709 -0.00474818 -0.0728258
1 2.29656 20.3683 0.000795658 -0.0674416
1 3.40596 20.3652 -0.000568593 -0.0544508
1 4.51631 20.3616 -0.00115158 -0.0448933
1 5.62741 20.3582 -0.00493387 -0.0413133
1 6.73697 20.3551 -0.0171641 -0.0299457
1 7.84489 20.3537 -0.0250048 -0.0143626
1 8.9545 20.3543 -0.0363011 0.000848601
1 10.0659 20.3566 -0.0269178 0.00763131
1 11.1781 20.3584 -0.00351399 0.0104257
1 12.2905 20.3585 0.0081145 -0.0013697
1 13.4063 20.3585 0.008923 -0.0120013
1 14.5275 20.3579 0.0176139 -0.00993969
1 15.6505 20.3571 0.0331423 -0.00209193
1 16.775 20.3569 0.048926 0.00973096
1 17.9013 20.3566 0.0555904 0.023363
1 19.0287 20.3555 0.0343034 0.0262818
1 20.1562 20.3547 -0.000540441 0.0213618
1 21.28 20.3548 -0.0154929 0.0205509
1 22.3999 20.3551 0.00550729 0.0227166
1 23.5215 20.355 0.00743366 0.0218684
1 24.6474 20.3554 -0.0162684 0.0260559
1 25.7748 20.3565 -0.0383237 0.0271932
1 26.9016 20.3573 -0.0545906 0.0172112
1 28.027 20.357 -0.0467318 0.000618584
1 29.1507 20.3575 -0.0263302 -0.00760777
1 30.2732 20.3587 -0.0128469 -0.0111039
1 31.3923 20.3592 -0.0123783 -0.00616634
1 32.5069 20.3592 -0.0062266 0.00672767
1 33.6191 20.3584 0.0134444 0.0120722
1 34.7295 20.3559 0.0334943 0.00461447
1 35.8394 20.3541 0.0229518 -0.00575333
1 36.9482 20.3545 0.00887927 -0.0216322
1 38.0565 20.357 0.0120262 -0.0338436
1 39.1671 20.3602 0.0111777 -0.0426526
1 40.2784 20.364 0.00943467 -0.0505074
1 41.3884 20.367 0.000192434 -0.0612768
1 42.4974 20.3697 -0.0030269 -0.0717669
1 43.6082 20.3723 0.00136676 -0.0707278
1 0.634377 21.3416 0.0117161 -0.056252
1 1.74478 21.3393 0.00845171 -0.0580789
1 2.85314 21.3363 -0.00330471 -0.0483597
1 3.96217 21.3327 -0.0161209 -0.0330122
1 5.07245 21.3297 -0.0131236 -0.020532
1 6.18234 21.3274 -0.00983053 -0.00698175
1 7.29021 21.326 -0.0119809 0.00290542
1 8.39802 21.3259 -0.0258816 0.0110219
1 9.50736 21.3272 -0.0301537 0.0172993
1 10.6188 21.3285 -0.00343624 0.0230535
1 11.7323 21.3286 0.0205112 0.0204418
1 12.8476 21.3276 0.0192329 0.011642
1 13.9669 21.3262 0.0128191 0.00433504
1 15.0885 21.3253 0.0271282 0.00695925
1 16.2115 21.3247 0.0480983 0.0183968
1 17.3367 21.3242 0.0572819 0.0270846
1 18.4638 21.3238 0.0455867 0.0279913
1 19.5918 21.3234 0.0221754 0.0246197
1 20.7184 21.3224 -0.00737806 0.0216304
1 21.8401 21.3217 -0.0102238 0.0196039
1 22.9599 21.3219 0.0124773 0.0216534
1 24.0838 21.323 -0.00294439 0.0246013
1 25.2118 21.3239 -0.0351154 0.0282018
1 26.3398 21.3243 -0.053937 0.0283483
1 27.4663 21.3247 -0.0501666 0.0224392
1 28.5904 21.3252 -0.0376141 0.013342
1 29.7128 21.3261 -0.0189905 0.00559733
1 30.834 21.3275 -0.0131344 0.00764197
1 31.9502 21.329 -0.0232852 0.0154237
1 33.0636 21.3294 -0.0109596 0.0220223
1 34.1768 21.3285 0.0197947 0.021895
1 35.2882 21.3269 0.0337834 0.0156334
1 36.3972 21.3263 0.0260404 0.00930639
1 37.5044 21.327 0.0191569 -0.000414491
1 38.6134 21.3288 0.00987916 -0.0123173
1 39.7238 21.3315 0.00782178 -0.029134
1 40.8334 21.3349 0.00742592 -0.0418344
1 41.9418 21.3381 -0.00145121 -0.0560263
1 43.0505 21.3404 -0.00623958 -0.0583543
1 44.1667 21.3416 -0.0105658 -0.0480541
1 0.0750855 22.3099 0.027626 -0.0330117
1 1.19174 22.3097 0.00950409 -0.0356965
1 2.30062 22.308 0.00249493 -0.0355619
1 3.40859 22.3052 -0.0109307 -0.0271955
1 4.5167 22.3025 -0.0192682 -0.0168262
1 5.62539 22.3007 -0.0157014 0.0024158
1 6.73295 22.2998 -0.0186627 0.0114273
1 7.84033 22.2999 -0.0213983 0.0159573
1 8.94994 22.3004 -0.0249962 0.0103546
1 10.0619 22.3007 -0.00920382 0.0110343
1 11.1757 22.3004 0.0169383 0.013717
1 12.2896 22.2999 0.0249696 0.0151275
1 13.4057 22.2988 0.0187324 0.00881732
1 14.5258 22.2978 0.0206489 0.000405574
1 15.648 22.2972 0.0313058 0.00385636
1 16.7721 22.2964 0.0502126 0.0106539
1 17.8983 22.2964 0.0573921 0.0103241
1 19.0267 22.2967 0.0344041 0.00707506
1 20.156 22.2961 0.00226091 0.00350267
1 21.2808 22.2948 -0.0110516 0.00347685
1 22.4002 22.2945 0.00757409 0.00367771
1 23.5214 22.2956 0.00503192 0.00378451
1 24.6484 22.2966 -0.0180041 0.00622141
1 25.7774 22.2966 -0.0417093 0.00983022
1 26.9046 22.2966 -0.0607804 0.0125753
1 28.0295 22.297 -0.0487988 0.00859206
1 29.1522 22.2979 -0.0253159 0.00123448
1 30.2736 22.2988 -0.0155566 0.00379114
1 31.3927 22.3002 -0.0211621 0.0122791
1 32.5086 22.3009 -0.021926 0.013067
1 33.6228 22.301 -0.00436888 0.012926
1 34.7348 22.3012 0.0184417 0.010196
1 35.8446 22.3006 0.0135351 0.0142537
1 36.9524 22.3003 0.00647565 0.0149131
1 38.0595 22.3001 0.0153502 0.00687232
1 39.1682 22.3016 0.0237746 -0.00829921
1 40.2773 22.3037 0.0263342 -0.0231124
1 41.3854 22.3069 0.00778859 -0.0329191
1 42.4941 22.3092 -0.0161952 -0.0376759
1 43.6054 22.3102 -0.0291886 -0.0371996
1 0.636105 23.2787 0.0272849 -0.0111335
1 1.74776 23.2788 0.0186676 -0.0133712
1 2.85633 23.2782 -0.00718002 -0.0124775
1 3.96405 23.277 -0.0354982 -0.0104968
1 5.07179 23.2761 -0.0386425 -0.00564652
1 6.17894 23.2756 -0.0186799 0.000942561
1 7.28558 23.2758 -0.000648511 0.005091
1 8.39389 23.2757 -0.000569467 0.00218452
1 9.50458 23.2759 -0.0098143 4.05009e-05
1 10.6171 23.2754 0.00460889 0.00176629
1 11.7312 23.2752 0.0173774 0.00254993
1 12.8467 23.2751 0.0174979 0.00409505
1 13.9657 23.2746 0.0178591 0.000500369
1 15.0868 23.2742 0.027408 -0.00361869
1 16.2094 23.2739 0.0459239 -0.00328919
1 17.3341 23.2739 0.0584735 0.000415831
1 18.4613 23.2741 0.0448636 -0.000392802
1 19.5912 23.2743 0.0182484 -0.00427515
1 20.7192 23.2739 -0.0094815 -0.00387529
1 21.8405 23.2733 -0.00832379 -0.00133157
1 22.9594 23.2736 0.0158268 -0.00130684
1 24.0837 23.2742 -0.00113572 -0.00389162
1 25.2137 23.2744 -0.0351086 -0.00156263
1 26.3427 23.2742 -0.0572191 0.00212001
1 27.4685 23.2741 -0.0490156 -0.000207587
1 28.5919 23.2745 -0.0347751 -0.00315071
1 29.714 23.2749 -0.0235063 -0.00194439
1 30.8348 23.2755 -0.0168386 0.00141763
1 31.951 23.2757 -0.0219535 0.00140208
1 33.0643 23.2758 -0.016548 0.000642763
1 34.1781 23.2764 0.00580132 0.000292026
1 35.2914 23.2763 0.0181378 -0.00049547
1 36.4018 23.2758 0.0167271 0.00465014
1 37.5093 23.2757 0.0254348 0.00389619
1 38.616 23.2758 0.0286719 -0.00125434
1 39.7235 23.2764 0.0317989 -0.00931962
1 40.8306 23.2775 0.0175797 -0.0102772
1 41.9388 23.2785 -0.00738367 -0.0151648
1 43.0483 23.2792 -0.0193852 -0.0119441
1 44.1649 23.2796 -0.0344337 -0.0140037
1 0.0751965 24.2478 0.0347609 0.012932
1 1.19186 24.2482 0.0182238 0.0124138
1 2.30125 24.249 0.00480618 0.0165357
1 3.40932 24.2501 -0.018043 0.0126226
1 4.51642 24.2514 -0.02917 0.0108847
1 5.6239 24.252 -0.0257964 0.00311341
1 6.73066 24.2522 -0.0238573 -0.00173708
1 7.83817 24.252 -0.014547 -0.00210378
1 8.94865 24.2515 -0.0171592 0.00227522
1 10.0619 24.2513 -0.00553599 0.00170643
1 11.1757 24.2518 0.0160633 0.00118845
1 12.289 24.2519 0.0193952 0.000792156
1 13.4051 24.252 0.0164271 0.00166426
1 14.5257 24.2525 0.0246245 0.00515003
1 15.6477 24.2528 0.0334936 0.00523352
1 16.7713 24.2531 0.0468853 0.00166483
1 17.8971 24.2531 0.0580646 -0.000471025
1 19.0259 24.253 0.0380433 0.00346279
1 20.1562 24.2532 0.00179436 0.00637731
1 21.2811 24.254 -0.0161659 0.00441402
1 22.4 24.2541 0.00687184 0.0033433
1 23.5211 24.2536 0.0087734 0.00610957
1 24.6487 24.2532 -0.0172545 0.00588622
1 25.7785 24.2532 -0.0429041 0.00232618
1 26.9058 24.2533 -0.0574629 0.00143394
1 28.0304 24.2533 -0.0457992 0.00573825
1 29.1528 24.2531 -0.0275572 0.00608094
1 30.2742 24.2528 -0.018847 0.00269576
1 31.3932 24.2524 -0.0194473 -0.00111201
1 32.5089 24.2525 -0.0171749 -0.000244925
1 33.6229 24.2523 -0.00538181 -4.07953e-05
1 34.7354 24.2518 0.00777805 0.00143671
1 35.8462 24.2521 -0.00143411 -0.000515173
1 36.9546 24.252 0.000459652 -0.00327029
1 38.0611 24.2522 0.0202209 0.0010991
1 39.1682 24.2517 0.0383046 0.00791089
1 40.276 24.2506 0.0350797 0.013061
1 41.3838 24.2492 0.00709162 0.0144667
1 42.4924 24.2486 -0.0184909 0.0138618
1 43.604 24.2487 -0.0277643 0.0108161
1 0.634598 25.2173 0.0262566 0.035842
1 1.74601 25.2184 0.0157308 0.0379984
1 2.85459 25.2206 -0.0082163 0.0331468
1 3.96262 25.2239 -0.0269017 0.023642
1 5.07155 25.226 -0.024472 0.00921082
1 6.18026 25.2275 -0.0135657 -0.00576583
1 7.28748 25.2275 -0.00612948 -0.0137058
1 8.39538 25.227 -0.0141249 -0.0142273
1 9.50525 25.2265 -0.0201841 -0.0107767
1 10.6172 25.2266 0.00332785 -0.0131896
1 11.7314 25.2267 0.0204298 -0.0134431
1 12.8474 25.2274 0.0190826 -0.0107984
1 13.9663 25.2287 0.0154378 -0.00217293
1 15.0874 25.2295 0.0256415 0.000506633
1 16.2102 25.2303 0.0489347 -0.00852798
1 17.3351 25.2308 0.0618408 -0.0129172
1 18.4623 25.2307 0.043816 -0.00984307
1 19.5914 25.2308 0.018824 -0.0053306
1 20.7187 25.2319 -0.00558065 -0.00294225
1 21.8403 25.233 -0.00753375 -0.00240417
1 22.9596 25.2327 0.0108885 -0.00366983
1 24.084 25.2314 -0.0022947 -0.00375467
1 25.2131 25.2308 -0.0320646 -0.00669603
1 26.3417 25.2309 -0.0563457 -0.00942625
1 27.4678 25.2308 -0.0522129 -0.00925905
1 28.5916 25.2302 -0.0333444 -0.00276165
1 29.7138 25.2296 -0.0203115 0.000297858
1 30.8342 25.2287 -0.019158 -0.00800754
1 31.9504 25.2277 -0.0264219 -0.0141931
1 33.0644 25.2272 -0.0174553 -0.0136848
1 34.1781 25.2269 0.00977542 -0.011464
1 35.2901 25.2273 0.0257783 -0.0106803
1 36.3998 25.2277 0.0220056 -0.0166487
1 37.5073 25.2278 0.018571 -0.0108167
1 38.6148 25.2269 0.0183751 -0.00128638
1 39.7234 25.225 0.0219567 0.0189705
1 40.8315 25.2222 0.0123831 0.0276921
1 41.9395 25.2193 -0.00413288 0.0362715
1 43.0485 25.2178 -0.0101731 0.0346728
1 44.165 25.2176 -0.0279997 0.0317873
1 0.0731643 26.186 0.0104624 0.047321
1 1.1895 26.1872 0.00538881 0.0570826
1 2.29821 26.1896 0.000237855 0.0542756
1 3.40661 26.1928 -0.00713594 0.0410068
1 4.51614 26.1962 -0.00637539 0.0272563
1 5.62645 26.1988 -0.0077988 0.0118301
1 6.73548 26.2006 -0.0187267 0.00029839
1 7.84277 26.2013 -0.0243934 -0.00901694
1 8.9517 26.2007 -0.031974 -0.0164107
1 10.0631 26.1992 -0.019183 -0.0222824
1 11.1764 26.1982 0.0097876 -0.0223119
1 12.2898 26.1986 0.0212136 -0.0159844
1 13.4061 26.2 0.012792 -0.00736274
1 14.527 26.2014 0.0192096 -0.00510904
1 15.6492 26.2022 0.0357132 -0.0139428
1 16.7735 26.2027 0.0489995 -0.0235996
1 17.8999 26.203 0.056312 -0.0284877
1 19.0279 26.2034 0.0384165 -0.0280192
1 20.1562 26.2044 0.00325723 -0.0243125
1 21.2804 26.2055 -0.0132476 -0.0217013
1 22.4003 26.2056 0.00921739 -0.0207133
1 23.5218 26.2049 0.00606408 -0.022462
1 24.6482 26.204 -0.0221783 -0.0254294
1 25.7762 26.2035 -0.0437247 -0.027452
1 26.9032 26.2031 -0.0561111 -0.0265649
1 28.0283 26.2027 -0.0482157 -0.0181131
1 29.1511 26.2021 -0.028269 -0.00806852
1 30.2729 26.2013 -0.013473 -0.00464739
1 31.3923 26.1999 -0.0208905 -0.0119478
1 32.5077 26.199 -0.021337 -0.0200689
1 33.6213 26.1992 0.00227425 -0.0239429
1 34.7327 26.2005 0.0288862 -0.0174593
1 35.8422 26.2018 0.0245712 -0.0112831
1 36.95 26.2015 0.0111047 -0.00326772
1 38.0577 26.2001 0.0110419 0.00683335
1 39.1677 26.1978 0.0128738 0.0195446
1 40.278 26.1948 0.0167948 0.0323583
1 41.387 26.1913 0.00363586 0.0479497
1 42.4954 26.1882 -0.00801293 0.0576508
1 43.6058 26.1859 -0.0136525 0.0560969
1 0.63167 27.1553 -0.00312225 0.0704866
1 1.74258 27.158 0.00266157 0.0695858
1 2.85167 27.1607 0.00010615 0.0590367
1 3.96157 27.1637 -0.00908084 0.0488926
1 5.07285 27.1674 -0.011901 0.0416868
1 6.18341 27.1705 -0.0108366 0.0320496
1 7.29193 27.173 -0.0100402 0.0211796
1 8.40069 27.1733 -0.0248908 0.00615189
1 9.51041 27.1716 -0.0352832 -0.00492816
1 10.6209 27.1691 -0.015096 -0.0117769
1 11.7331 27.1683 0.0047086 -0.00712768
1 12.8477 27.1683 0.010926 0.00568853
1 13.9668 27.1688 0.0130088 0.00998081
1 15.0891 27.1698 0.0266715 0.00725671
1 16.2128 27.1702 0.0474995 -0.00210507
1 17.3383 27.1701 0.0565101 -0.0179427
1 18.4651 27.1709 0.0406902 -0.0276781
1 19.5925 27.1719 0.0165408 -0.0263007
1 20.7186 27.1723 -0.00799526 -0.0228366
1 21.8404 27.1721 -0.00708186 -0.023504
1 22.9603 27.1724 0.0154199 -0.0216634
1 24.0838 27.1724 0.000613613 -0.0220897
1 25.2111 27.1716 -0.0322181 -0.0268622
1 26.3386 27.1706 -0.0542153 -0.0244188
1 27.4647 27.1705 -0.0510891 -0.0100287
1 28.589 27.1705 -0.0359259 0.00110876
1 29.7121 27.1696 -0.0190023 0.00833976
1 30.8335 27.1689 -0.0104473 0.0110064
1 31.9493 27.1689 -0.0105875 0.00170271
1 33.0618 27.1691 0.00334424 -0.0103096
1 34.174 27.171 0.0279928 -0.0074479
1 35.2855 27.1733 0.0388434 -0.000587815
1 36.3952 27.1738 0.0269953 0.014495
1 37.5031 27.1723 0.0189804 0.0292164
1 38.6126 27.1692 0.0077206 0.0399486
1 39.7238 27.1658 0.00219856 0.0436288
1 40.8342 27.1623 0.00107794 0.0527555
1 41.9437 27.1592 -0.00150622 0.0665235
1 43.053 27.1565 0.00450162 0.0728894
1 44.1691 27.1528 0.0056078 0.0662428
1 0.068046 28.1217 -0.0251649 0.0786368
1 1.18491 28.1258 -0.0172244 0.0769845
1 2.29533 28.1282 -0.00461114 0.0697644
1 3.40575 28.131 -0.00415473 0.0664877
1 4.5162 28.1349 -0.00824132 0.06194
1 5.62726 28.139 -0.0103812 0.0589489
1 6.73729 28.1425 -0.0155246 0.0509778
1 7.84685 28.1443 -0.0198435 0.0396503
1 8.95736 28.1441 -0.035409 0.0253798
1 10.0689 28.1422 -0.0303978 0.019058
1 11.1805 28.14 -0.0100255 0.015215
1 12.2919 28.1386 -0.00288132 0.0248698
1 13.4067 28.1372 0.000774456 0.0397349
1 14.5271 28.1369 0.0126166 0.0428538
1 15.6504 28.1371 0.032643 0.0373916
1 16.7758 28.1371 0.0513971 0.028894
1 17.9022 28.1375 0.0533599 0.0171629
1 19.0293 28.1388 0.0274392 0.00860978
1 20.1569 28.1393 -0.00521337 0.00795051
1 21.2807 28.1383 -0.0153631 0.0118051
1 22.4003 28.1378 0.00799737 0.0134106
1 23.5217 28.139 0.0116143 0.0100444
1 24.6474 28.1395 -0.00748209 0.00752099
1 25.7744 28.1385 -0.0338165 0.0110972
1 26.9006 28.1373 -0.0558556 0.0205249
1 28.0266 28.1374 -0.050586 0.0331355
1 29.1507 28.1376 -0.0259241 0.0413737
1 30.2725 28.1374 -0.00508642 0.0426842
1 31.3909 28.1381 0.000843526 0.033289
1 32.5049 28.1397 0.0046133 0.0195598
1 33.6165 28.1417 0.021064 0.017619
1 34.7271 28.144 0.0336408 0.0253607
1 35.8376 28.145 0.0139344 0.0343788
1 36.9469 28.1443 0.00160077 0.0452651
1 38.0563 28.1413 0.00830427 0.0550544
1 39.1674 28.1373 0.0130001 0.0630648
1 40.2788 28.1329 0.010774 0.0643352
1 41.3893 28.1297 -0.000805877 0.0691396
1 42.4997 28.1269 -0.00501962 0.0756696
1 43.6119 28.1236 0.00611797 0.0792096
1 0.626653 29.0924 -0.0114059 0.0769956
1 1.73991 29.095 -0.00180883 0.0744098
1 2.8506 29.0978 -0.00666366 0.0770906
1 3.96095 29.1019 -0.0182521 0.074927
1 5.0724 29.1066 -0.017889 0.0745368
1 6.18375 29.1108 -0.00141704 0.0708816
1 7.29394 29.1138 0.00626235 0.0617078
1 8.40384 29.1154 -0.00947803 0.0548149
1 9.51457 29.1148 -0.0275378 0.0478792
1 10.6258 29.1132 -0.0187755 0.0396007
1 11.7376 29.1112 -0.0116649 0.0431767
1 12.8507 29.1087 -0.0129622 0.0567552
1 13.9677 29.1067 -0.00176407 0.0631637
1 15.0885 29.1054 0.0214369 0.0657837
1 16.2126 29.1045 0.0484783 0.0649403
1 17.339 29.1051 0.0579244 0.0576237
1 18.466 29.1069 0.0413222 0.0520402
1 19.5937 29.1079 0.00926702 0.0470076
1 20.7197 29.107 -0.0162786 0.0446246
1 21.8408 29.1055 -0.00917099 0.0442091
1 22.9598 29.1063 0.0202908 0.0442573
1 24.0828 29.1078 0.0088169 0.0436397
1 25.2103 29.1076 -0.0274516 0.0454925
1 26.3379 29.1061 -0.0542622 0.0518817
1 27.4644 29.105 -0.051982 0.0644211
1 28.5894 29.1055 -0.0334385 0.0683387
1 29.7123 29.1065 -0.00945399 0.0640004
1 30.8315 29.1081 0.00637526 0.0600737
1 31.9453 29.1104 0.00777524 0.0513411
1 33.0568 29.1127 0.010187 0.040095
1 34.1686 29.1148 0.0265847 0.0435324
1 35.2808 29.1159 0.0304592 0.0528875
1 36.3922 29.1153 0.0186215 0.0599393
1 37.5025 29.1128 0.0159908 0.0678957
1 38.6133 29.1091 0.0131965 0.0729145
1 39.7251 29.1043 0.014584 0.0801791
1 40.8355 29.0997 0.0153349 0.0801043
1 41.9462 29.0963 0.00977228 0.0765583
1 43.0578 29.0937 0.0168693 0.0755486
1 44.1752 29.0908 0.0281098 0.0845986
1 0.0630298 30.0598 -0.01881 0.0835514
1 1.18095 30.061 -0.0195317 0.0713202
1 2.29245 30.0639 -0.0206129 0.0719914
1 3.4031 30.0679 -0.0214606 0.0726372
1 4.51405 30.0722 -0.0193229 0.0690607
1 5.62631 30.0769 -0.0130918 0.0606822
1 6.73778 30.0809 -0.0158894 0.0598303
1 7.84812 30.0837 -0.0164394 0.0507157
1 8.95962 30.0846 -0.0215511 0.045527
1 10.0725 30.0841 -0.0184312 0.0418011
1 11.1851 30.0826 -0.0122541 0.0422577
1 12.2967 30.0805 -0.0111041 0.0449622
1 13.4104 30.0778 -0.00738309 0.047001
1 14.5287 30.0749 0.00197485 0.0531444
1 15.6502 30.0721 0.0241772 0.0581493
1 16.7745 30.0715 0.0493609 0.0566545
1 17.9012 30.073 0.0580696 0.0538998
1 19.03 30.075 0.0331036 0.0504887
1 20.159 30.0756 -0.00332372 0.0443267
1 21.2823 30.0744 -0.0165782 0.0365061
1 22.4001 30.0739 0.00768032 0.031533
1 23.5199 30.0751 0.0133929 0.0377869
1 24.6459 30.0756 -0.0106625 0.0451185
1 25.7744 30.0742 -0.0449554 0.0524409
1 26.9015 30.0724 -0.0614543 0.0545328
1 28.027 30.0721 -0.0422166 0.0583391
1 29.15 30.074 -0.0132504 0.0591959
1 30.2702 30.0768 0.00686224 0.0516572
1 31.3868 30.0797 0.0122533 0.047083
1 32.5002 30.0822 0.0110135 0.0439913
1 33.6125 30.0839 0.015839 0.040111
1 34.7241 30.0849 0.0200954 0.0415995
1 35.8358 30.0849 0.00613371 0.0495835
1 36.9466 30.0828 -0.00265725 0.0566454
1 38.0568 30.0796 0.00723289 0.0636177
1 39.1685 30.0749 0.0190542 0.0663822
1 40.2807 30.0703 0.0250537 0.0717927
1 41.3913 30.0659 0.016502 0.074619
1 42.502 30.0625 0.00824634 0.0729291
1 43.6153 30.0607 0.00670815 0.073465
1 0.623704 31.0272 -0.00362845 0.0680603
1 1.73562 31.0293 -0.00840153 0.071061
1 2.84605 31.0326 -0.0203919 0.0653701
1 3.95726 31.0362 -0.0317364 0.0591153
1 5.06965 31.0406 -0.0257381 0.0530633
1 6.1818 31.0452 -0.0174774 0.0494278
1 7.29264 31.0486 -0.00656101 0.0376547
1 8.40417 31.0506 -0.0110081 0.0330602
1 9.51644 31.0511 -0.0220543 0.0329054
1 10.6285 31.0507 -0.0192788 0.034301
1 11.7412 31.0493 -0.00754713 0.0327169
1 12.8551 31.047 -0.00935823 0.0322781
1 13.9716 31.0438 -0.00921674 0.0361405
1 15.0909 31.0396 0.00955551 0.0422755
1 16.2129 31.0368 0.0390332 0.0426253
1 17.3378 31.0369 0.0575734 0.0415477
1 18.4652 31.0383 0.0461221 0.0443933
1 19.5947 31.0397 0.019917 0.0371039
1 20.7216 31.0406 -0.00725952 0.0259629
1 21.8413 31.0409 -0.00810594 0.0180005
1 22.9585 31.0409 0.0113773 0.0194079
1 24.0813 31.0403 -0.00647677 0.0284485
1 25.2101 31.0391 -0.0346736 0.0387366
1 26.3388 31.0379 -0.052427 0.0431374
1 27.4647 31.037 -0.0429881 0.0428099
1 28.5878 31.0386 -0.0181513 0.0435287
1 29.7092 31.0424 0.00192007 0.0398805
1 30.828 31.0461 0.00899266 0.0339455
1 31.9417 31.0489 0.00565712 0.0338945
1 33.054 31.0505 0.00894141 0.0347843
1 34.1673 31.0515 0.0248531 0.0325517
1 35.2803 31.0515 0.0245208 0.0312441
1 36.3926 31.0506 0.0176247 0.0370573
1 37.5034 31.0475 0.0225748 0.0448094
1 38.6149 31.0433 0.0275361 0.0508469
1 39.7274 31.0385 0.0287582 0.0582569
1 40.8393 31.0345 0.0270721 0.0644493
1 41.9499 31.0311 0.0243944 0.0682974
1 43.0606 31.0284 0.0235575 0.072637
1 44.1776 31.0286 0.0192097 0.0719778
1 0.0598702 31.9933 -0.0218929 0.0540393
1 1.17702 31.9949 -0.0170042 0.0701144
1 2.28759 31.9969 -0.0166191 0.0668935
1 3.39811 31.9997 -0.0285412 0.0691146
1 4.50905 32.0033 -0.0351579 0.0630816
1 5.62159 32.0078 -0.0355322 0.0549174
1 6.73392 32.0117 -0.0361521 0.0438796
1 7.84557 32.0143 -0.0322929 0.042317
1 8.95859 32.0158 -0.0341345 0.0395364
1 10.0721 32.0163 -0.0289817 0.0418213
1 11.1857 32.0155 -0.0124544 0.0430236
1 12.2986 32.0145 -0.00848413 0.0449054
1 13.413 32.0117 -0.00898176 0.046314
1 14.5319 32.0072 0.000581287 0.0494073
1 15.6529 32.0033 0.0194594 0.0535082
1 16.7755 32.001 0.0379551 0.0545751
1 17.9012 32.0007 0.0473216 0.0524926
1 19.0299 32.0016 0.0373814 0.0494813
1 20.1585 32.0037 0.0119453 0.0445352
1 21.2818 32.0059 -0.011465 0.0368672
1 22.4002 32.0064 0.00439476 0.0321485
1 23.5202 32.0048 0.00405857 0.0388546
1 24.646 32.0026 -0.0197466 0.0459008
1 25.7745 32.0014 -0.0387035 0.0509817
1 26.9016 32.0011 -0.0477615 0.0545814
1 28.0259 32.0024 -0.0303625 0.0536661
1 29.1474 32.0058 -0.00884016 0.0530976
1 30.2673 32.0101 0.00395827 0.0494342
1 31.3847 32.0137 0.00513374 0.0454362
1 32.4987 32.0156 0.0054525 0.0416657
1 33.612 32.0165 0.018697 0.0432719
1 34.7247 32.0168 0.0344264 0.0382989
1 35.8372 32.0158 0.0269977 0.0387405
1 36.9494 32.0139 0.0218147 0.0397615
1 38.0611 32.0101 0.0344218 0.0497686
1 39.1736 32.0057 0.0430181 0.0586398
1 40.2856 32.0014 0.0419785 0.0662223
1 41.3962 31.9986 0.0224091 0.0690208
1 42.5061 31.9961 0.0107817 0.0707315
1 43.6175 31.9945 0.0134289 0.065685
1 0.618675 32.9597 -0.0240923 0.0578124
1 1.73105 32.9622 -0.0128926 0.0680779
1 2.84045 32.9651 -0.0263822 0.0755804
1 3.95004 32.9677 -0.0437525 0.0736372
1 5.06148 32.9709 -0.0488403 0.0613813
1 6.17401 32.9743 -0.0491241 0.0484186
1 7.28614 32.9778 -0.0434633 0.0422032
1 8.39948 32.98 -0.0412573 0.0425096
1 9.51302 32.9813 -0.0480889 0.0432778
1 10.6263 32.9815 -0.0326817 0.0489907
1 11.7401 32.9813 -0.0138504 0.0491215
1 12.8549 32.9794 -0.00944737 0.0513839
1 13.9725 32.9755 -0.0024717 0.0558443
1 15.0926 32.9715 0.00849866 0.0602271
1 16.2145 32.9678 0.0266881 0.0586831
1 17.339 32.9653 0.0461081 0.055954
1 18.4657 32.9651 0.0397766 0.051242
1 19.5934 32.9672 0.0210962 0.0469922
1 20.7191 32.9701 -0.00250095 0.0467111
1 21.8405 32.972 -0.00502003 0.0450274
1 22.9603 32.9714 0.00976831 0.0454811
1 24.0837 32.9688 -0.0110816 0.0473331
1 25.2105 32.9662 -0.0322577 0.0475491
1 26.3378 32.9655 -0.0408663 0.0530092
1 27.4635 32.9668 -0.0345306 0.0597067
1 28.5868 32.97 -0.0142815 0.0604904
1 29.7079 32.9742 -0.000756317 0.0570935
1 30.8273 32.9782 0.00518617 0.0547194
1 31.9425 32.981 0.010723 0.0498355
1 33.0558 32.982 0.0185463 0.0492342
1 34.1699 32.9821 0.0403818 0.044211
1 35.2847 32.9811 0.0567379 0.0380151
1 36.3984 32.9793 0.0596598 0.0432192
1 37.511 32.9766 0.0608872 0.0449578
1 38.6235 32.9731 0.0501391 0.0564006
1 39.7355 32.9698 0.0402742 0.0658921
1 40.8453 32.9667 0.0359703 0.0764275
1 41.9546 32.9638 0.0226979 0.0717542
1 43.0648 32.9614 0.0253046 0.0645855
1 44.183 32.9577 0.0364346 0.0483117
1 0.0519041 33.9221 -0.0456701 0.0507018
1 1.171 33.9263 -0.041277 0.0598519
1 2.28159 33.9305 -0.0394486 0.071821
1 3.39085 33.934 -0.039771 0.0747026
1 4.49972 33.9364 -0.0413632 0.0756539
1 5.61032 33.9382 -0.0569887 0.0641177
1 6.72171 33.9405 -0.0758816 0.0489679
1 7.8351 33.943 -0.0799825 0.0391009
1 8.95033 33.9453 -0.0803047 0.0359236
1 10.0659 33.9467 -0.0622196 0.0415957
1 11.1811 33.9474 -0.0321955 0.0465606
1 12.2952 33.9465 -0.0257859 0.0515393
1 13.411 33.9434 -0.0174193 0.0557533
1 14.5309 33.9397 -0.0045343 0.0586643
1 15.6527 33.9353 0.010349 0.0598866
1 16.7762 33.9311 0.0315511 0.0549872
1 17.9018 33.9296 0.0434491 0.0432841
1 19.0285 33.9307 0.0344783 0.0357797
1 20.1553 33.9335 0.00989526 0.0399991
1 21.2797 33.936 -0.0143783 0.0460811
1 22.4009 33.9365 0.00554674 0.045874
1 23.5229 33.935 0.00624656 0.0417222
1 24.6484 33.9324 -0.0211062 0.0380761
1 25.7753 33.9303 -0.0347202 0.0378616
1 26.9011 33.9305 -0.0396717 0.050025
1 28.0257 33.9335 -0.0230579 0.0608549
1 29.1481 33.9378 -0.00160927 0.0593097
1 30.2686 33.9419 0.0114377 0.0545742
1 31.3875 33.9455 0.0198019 0.0526205
1 32.5039 33.9477 0.0324667 0.046509
1 33.6185 33.9477 0.0529678 0.0438336
1 34.7328 33.9465 0.0715773 0.038462
1 35.8475 33.9444 0.0640402 0.0347288
1 36.9614 33.9423 0.0612245 0.0413126
1 38.0732 33.9401 0.0618377 0.0566456
1 39.1845 33.9377 0.055832 0.0705385
1 40.2946 33.9356 0.0484249 0.0763236
1 41.4035 33.9329 0.0399301 0.0772949
1 42.5125 33.9289 0.0304978 0.0691218
1 43.6247 33.9241 0.0362134 0.0510149
1 0.610108 34.8883 -0.0555093 0.0487486
1 1.72231 34.8943 -0.0508531 0.0613827
1 2.83199 34.8987 -0.0529599 0.0623944
1 3.94113 34.9024 -0.0594064 0.0691213
1 5.05034 34.9042 -0.0564473 0.0732343
1 6.15992 34.9047 -0.0575097 0.0634077
1 7.27051 34.9049 -0.0636624 0.0423879
1 8.38427 34.9065 -0.0794408 0.0251047
1 9.49952 34.909 -0.0906598 0.0262255
1 10.6152 34.9112 -0.0725638 0.0308805
1 11.7311 34.9117 -0.0535131 0.0391722
1 12.8485 34.9093 -0.0394129 0.0450643
1 13.9684 34.9059 -0.021834 0.0486723
1 15.0897 34.9017 -0.00808499 0.0550599
1 16.2125 34.8969 0.0162174 0.0530927
1 17.3373 34.8938 0.0425955 0.0392587
1 18.4629 34.8936 0.0391004 0.0247364
1 19.5895 34.8957 0.0168209 0.0269382
1 20.716 34.8978 -0.00734011 0.0369267
1 21.8395 34.8987 -0.00901652 0.0422618
1 22.9622 34.8984 0.0128152 0.0401468
1 24.0872 34.897 -0.00289024 0.0311878
1 25.2145 34.8948 -0.0292336 0.0248488
1 26.341 34.8938 -0.0391356 0.0311073
1 27.4658 34.8955 -0.0288768 0.0464327
1 28.5895 34.8996 -0.00327354 0.055384
1 29.712 34.9042 0.0202898 0.050035
1 30.8328 34.908 0.0340321 0.0467298
1 31.9502 34.9109 0.0425246 0.0446012
1 33.0663 34.9119 0.0537081 0.033121
1 34.1826 34.9104 0.0811958 0.0250772
1 35.2993 34.9082 0.100532 0.0263063
1 36.4146 34.906 0.0908467 0.034501
1 37.5268 34.9053 0.078856 0.0517849
1 38.6373 34.905 0.0631801 0.0665511
1 39.7469 34.9041 0.0544345 0.0762824
1 40.8556 34.9013 0.060842 0.066043
1 41.9653 34.8971 0.0609462 0.0637696
1 43.076 34.8916 0.0656649 0.0571216
1 44.1951 34.8848 0.0674691 0.0435276
1 0.0393973 35.8488 -0.0829652 0.0352988
1 1.15788 35.8568 -0.0767597 0.0577652
1 2.26884 35.8623 -0.0752073 0.0655089
1 3.37865 35.8672 -0.0792926 0.0672487
1 4.48848 35.8708 -0.0665298 0.0704992
1 5.59853 35.8717 -0.0609147 0.0722694
1 6.70797 35.8706 -0.0665588 0.0695699
1 7.81806 35.8692 -0.0754597 0.0493338
1 8.93178 35.8704 -0.0929753 0.0297773
1 10.0482 35.8727 -0.0843033 0.0215839
1 11.1658 35.8744 -0.0661891 0.0255386
1 12.2836 35.8733 -0.05965 0.0358311
1 13.4028 35.8707 -0.0441224 0.040681
1 14.5245 35.8675 -0.0283208 0.0461258
1 15.6472 35.8628 -0.00237676 0.0497987
1 16.7711 35.8585 0.0267329 0.036644
1 17.8964 35.8571 0.0393866 0.022158
1 19.0222 35.8579 0.0304423 0.01859
1 20.1504 35.859 0.0035444 0.026436
1 21.2776 35.8596 -0.0177287 0.0380029
1 22.4018 35.8594 0.004973 0.0425211
1 23.5268 35.8594 0.0153925 0.0317698
1 24.6545 35.8588 -0.00889317 0.0235047
1 25.7818 35.8578 -0.0348843 0.0191191
1 26.9068 35.8579 -0.0382212 0.0261868
1 28.0309 35.8607 -0.0176087 0.04346
1 29.154 35.8653 0.0119102 0.0495554
1 30.2764 35.8691 0.0345465 0.0401342
1 31.3979 35.8724 0.0499322 0.0375846
1 32.5172 35.8747 0.0645546 0.0321474
1 33.6348 35.874 0.0829204 0.0231857
1 34.7508 35.8718 0.0929943 0.0231752
1 35.866 35.87 0.0740912 0.0332023
1 36.9781 35.87 0.0542915 0.0575136
1 38.0875 35.8717 0.0601491 0.072114
1 39.1973 35.8718 0.0650173 0.0722836
1 40.3074 35.8698 0.0758408 0.069635
1 41.417 35.8655 0.0728314 0.0632998
1 42.5272 35.8602 0.0699521 0.0583465
1 43.6396 35.8523 0.0794162 0.051231
1 0.594029 36.8173 -0.0933679 0.0501815
1 1.70668 36.8255 -0.082669 0.0619526
1 2.81654 36.8315 -0.0831778 0.0701492
1 3.92685 36.8354 -0.0849903 0.0700498
1 5.0383 36.8382 -0.0763784 0.0719423
1 6.14922 36.8388 -0.0632461 0.0747258
1 7.25863 36.8368 -0.042094 0.0714953
1 8.369 36.8347 -0.0507275 0.0517871
1 9.48243 36.8349 -0.0731699 0.0362248
1 10.5982 36.836 -0.0721446 0.0280928
1 11.7165 36.8359 -0.0645778 0.0289849
1 12.8369 36.834 -0.0540322 0.0364121
1 13.9595 36.8316 -0.0365978 0.0374767
1 15.0826 36.828 -0.0106782 0.0429809
1 16.2059 36.8236 0.0234192 0.0382071
1 17.3302 36.8211 0.0425205 0.0218706
1 18.4553 36.8207 0.0352184 0.0177648
1 19.5835 36.8204 0.00858225 0.0258299
1 20.7125 36.8198 -0.0173202 0.0339419
1 21.8388 36.8192 -0.0133857 0.0451374
1 22.9646 36.8194 0.0155972 0.0442901
1 24.0927 36.8202 0.00644607 0.0300757
1 25.2218 36.8209 -0.0237057 0.0211456
1 26.3486 36.8212 -0.0389661 0.0193015
1 27.473 36.8223 -0.0317318 0.026902
1 28.5962 36.826 -0.00589339 0.0396709
1 29.7197 36.8302 0.0310325 0.0416649
1 30.8429 36.8328 0.0538807 0.0377286
1 31.9634 36.8351 0.0583571 0.0333633
1 33.0829 36.8363 0.0597379 0.0267859
1 34.2011 36.8357 0.0702631 0.0295783
1 35.3166 36.8349 0.0750604 0.041612
1 36.4289 36.8356 0.0607231 0.0617452
1 37.5385 36.8379 0.0642538 0.0740206
1 38.649 36.8391 0.0679341 0.0769665
1 39.7602 36.8378 0.0723894 0.070716
1 40.8714 36.8341 0.0834297 0.0670208
1 41.9821 36.8287 0.0855177 0.0645552
1 43.0937 36.8221 0.086817 0.0562549
1 44.2115 36.8118 0.0902714 0.0424385
1 0.0222449 37.7763 -0.0943904 0.0527175
1 1.14057 37.7869 -0.0916982 0.0539133
1 2.2522 37.794 -0.0877217 0.0560364
1 3.36367 37.7989 -0.0836705 0.0607117
1 4.47515 37.8024 -0.0739403 0.066025
1 5.58749 37.8041 -0.0723468 0.0619694
1 6.69942 37.8041 -0.0691285 0.0608001
1 7.80996 37.8022 -0.0539021 0.0623964
1 8.92137 37.7999 -0.0562386 0.0502024
1 10.0355 37.7985 -0.0516653 0.0384536
1 11.1526 37.7968 -0.047449 0.0283478
1 12.2719 37.7953 -0.0560278 0.0287325
1 13.3934 37.7934 -0.0537613 0.029119
1 14.5178 37.791 -0.032107 0.0264888
1 15.6415 37.7877 0.00770623 0.0278551
1 16.7652 37.7847 0.0316199 0.0194659
1 17.8904 37.7832 0.0359146 0.0156497
1 19.0177 37.7819 0.0206828 0.0214182
1 20.1479 37.78 -0.00678914 0.0276456
1 21.2764 37.7783 -0.0175865 0.0399049
1 22.4019 37.7779 0.00744808 0.046413
1 23.5286 37.7791 0.0188078 0.0349013
1 24.6585 37.7811 0.0035154 0.0250948
1 25.7876 37.783 -0.026872 0.0179585
1 26.9134 37.7843 -0.0413464 0.0144175
1 28.0372 37.7862 -0.026845 0.0222601
1 29.1604 37.7895 0.00569663 0.0275286
1 30.2848 37.7921 0.0346496 0.0252563
1 31.4086 37.7943 0.0512167 0.0265286
1 32.5292 37.7961 0.057107 0.0265178
1 33.6474 37.7976 0.0613552 0.0347944
1 34.7632 37.7991 0.0608654 0.043615
1 35.8764 37.8005 0.043081 0.0523486
1 36.9869 37.8031 0.0424767 0.0642414
1 38.0971 37.8047 0.0611467 0.0658513
1 39.209 37.8041 0.0732781 0.0633817
1 40.3216 37.8007 0.0812186 0.0608179
1 41.4336 37.7964 0.0793729 0.0570381
1 42.5454 37.7906 0.0796036 0.0558453
1 43.6594 37.783 0.0901838 0.051786
1 0.573811 38.7481 -0.0859366 0.0632788
1 1.68849 38.7555 -0.0768513 0.0529804
1 2.80167 38.7609 -0.0775754 0.0543401
1 3.91406 38.7654 -0.0777874 0.0576234
1 5.02708 38.7678 -0.0726758 0.0563771
1 6.13973 38.7692 -0.0641323 0.0518725
1 7.25131 38.7689 -0.0512812 0.0499904
1 8.36323 38.7669 -0.0464904 0.0460661
1 9.4764 38.764 -0.0562188 0.0447976
1 10.5914 38.7603 -0.0535433 0.0428813
1 11.7086 38.7567 -0.0474734 0.0259076
1 12.8286 38.7541 -0.0509308 0.0203549
1 13.9525 38.7519 -0.0429139 0.0118614
1 15.077 38.7503 -0.0117783 0.00990509
1 16.201 38.7481 0.0168291 0.0112337
1 17.3261 38.746 0.0242896 0.00882347
1 18.4534 38.7438 0.0123223 0.0110827
1 19.5838 38.7411 -0.0100288 0.0163726
1 20.7132 38.7383 -0.0272126 0.0247944
1 21.8388 38.7371 -0.0107392 0.036831
1 22.9641 38.7379 0.0208694 0.0338609
1 24.0923 38.7399 0.0177147 0.0205531
1 25.223 38.7427 -0.00218239 0.0136163
1 26.3519 38.7453 -0.0194602 0.010454
1 27.4776 38.7471 -0.021092 0.00777257
1 28.6016 38.7492 -0.000168637 0.00753116
1 29.7258 38.7513 0.0347236 0.0104564
1 30.8503 38.7529 0.05007 0.0160825
1 31.9721 38.7552 0.0458104 0.0212207
1 33.091 38.7582 0.0440448 0.0319691
1 34.208 38.7619 0.0538915 0.0409758
1 35.3226 38.765 0.0572099 0.0459077
1 36.4345 38.768 0.0522124 0.0553335
1 37.5452 38.7699 0.0587195 0.0527159
1 38.657 38.7693 0.0601371 0.052193
1 39.7703 38.767 0.0643783 0.0568805
1 40.8827 38.7631 0.070694 0.0585938
1 41.995 38.7581 0.0732264 0.053419
1 43.108 38.7525 0.0767443 0.0575413
1 44.2262 38.7461 0.0758065 0.0733991
1 0.00956294 39.7142 -0.0696009 0.0859583
1 1.12741 39.7181 -0.066499 0.0695462
1 2.24086 39.7223 -0.072961 0.0656622
1 3.35416 39.7278 -0.0697171 0.0630057
1 4.46743 39.7313 -0.0570461 0.0692073
1 5.58031 39.7331 -0.05417 0.0605749
1 6.69247 39.7341 -0.0571114 0.053363
1 7.8045 39.7334 -0.0595475 0.0558648
1 8.91743 39.7305 -0.0640979 0.0534627
1 10.0323 39.7262 -0.0558078 0.0534008
1 11.1494 39.7206 -0.0379287 0.0462005
1 12.2669 39.7158 -0.0385158 0.0339673
1 13.387 39.7126 -0.0470927 0.02035
1 14.5109 39.7112 -0.0352377 0.00976277
1 15.6351 39.7098 -0.0129426 0.00971218
1 16.7606 39.7077 -0.00291482 0.0132179
1 17.8888 39.7049 -0.00103421 0.014202
1 19.0191 39.7016 -0.0137351 0.0136694
1 20.1498 39.6987 -0.0269647 0.0163194
1 21.2771 39.6968 -0.0196029 0.0277965
1 22.4018 39.6966 0.0107366 0.0307995
1 23.5272 39.6979 0.0277972 0.0223616
1 24.6565 39.7004 0.0265346 0.0186981
1 25.7876 39.7035 0.00812668 0.0119993
1 26.9162 39.7064 -0.00506744 0.00973108
1 28.0428 39.7088 0.00330887 0.011614
1 29.1675 39.7105 0.0197893 0.00767343
1 30.2917 39.7117 0.0380562 0.0117495
1 31.4146 39.7138 0.0457288 0.0283333
1 32.5342 39.7176 0.0437007 0.0385954
1 33.6513 39.7228 0.048444 0.0484174
1 34.7663 39.7281 0.0500143 0.0567246
1 35.8793 39.7324 0.035107 0.0578867
1 36.9906 39.7348 0.0398012 0.0559084
1 38.1022 39.7346 0.055067 0.0540199
1 39.2151 39.7324 0.0604504 0.0666081
1 40.3284 39.7298 0.0620155 0.0673094
1 41.4417 39.7251 0.0619576 0.064667
1 42.5548 39.7202 0.0520722 0.0657203
1 43.6692 39.7165 0.0508266 0.0744587
1 0.569021 40.6834 -0.0398118 0.0784404
1 1.68344 40.6853 -0.0407632 0.0753168
1 2.79641 40.6893 -0.0510398 0.0653244
1 3.91038 40.6937 -0.05866 0.0632845
1 5.02421 40.6971 -0.052226 0.0657975
1 6.13696 40.6986 -0.0415736 0.0591819
1 7.24831 40.6989 -0.039779 0.0577411
1 8.36063 40.6972 -0.0419058 0.0573033
1 9.47434 40.6926 -0.0492969 0.0588313
1 10.59 40.686 -0.0506152 0.0535232
1 11.7067 40.6799 -0.0421034 0.0428191
1 12.8246 40.6748 -0.0369559 0.0299991
1 13.9458 40.6721 -0.0323402 0.013993
1 15.0689 40.6707 -0.0244927 0.00931096
1 16.1943 40.6681 -0.0165302 0.0123258
1 17.3228 40.6649 -0.0127196 0.0131508
1 18.4533 40.6616 -0.0259834 0.0084129
1 19.5852 40.6588 -0.0337377 0.00589541
1 20.7142 40.657 -0.0282441 0.0104718
1 21.8393 40.6561 -0.00808075 0.015397
1 22.9637 40.6565 0.0208635 0.0140324
1 24.0908 40.6581 0.030645 0.00937733
1 25.222 40.6603 0.0269545 0.00703702
1 26.3533 40.6631 0.0197701 0.00992452
1 27.4826 40.6664 0.0173171 0.0131707
1 28.6094 40.6696 0.0197443 0.0105798
1 29.7333 40.6715 0.0307445 0.00775965
1 30.8554 40.6729 0.0362997 0.0184287
1 31.9748 40.6766 0.0329064 0.037591
1 33.0921 40.6821 0.0352976 0.0499791
1 34.2083 40.6889 0.0479759 0.0583605
1 35.3227 40.6957 0.0582002 0.0616157
1 36.4356 40.6995 0.0608006 0.0588429
1 37.5476 40.6998 0.0566697 0.0560574
1 38.6599 40.6981 0.0487245 0.0622263
1 39.7729 40.6962 0.0537554 0.0704807
1 40.8862 40.6917 0.0611107 0.0621594
1 41.9995 40.6868 0.0567712 0.067989
1 43.1122 40.6839 0.0525521 0.0722775
1 44.2305 40.6842 0.0547739 0.0758232
1 0.00825628 41.6504 -0.0436042 0.0793014
1 1.12732 41.6491 -0.0421616 0.0742633
1 2.23982 41.6516 -0.0446638 0.0650054
1 3.35247 41.6555 -0.0517944 0.0646914
1 4.46584 41.6598 -0.0538774 0.0576838
1 5.57963 41.6624 -0.0543109 0.0570756
1 6.69221 41.6642 -0.0588074 0.0542627
1 7.80469 41.6633 -0.0606406 0.0567201
1 8.91828 41.6597 -0.0614647 0.0549516
1 10.0328 41.653 -0.0512024 0.0588876
1 11.1485 41.6455 -0.0395464 0.0505225
1 12.2654 41.639 -0.0361434 0.0352131
1 13.3836 41.6345 -0.0322675 0.016072
1 14.5047 41.6321 -0.0284222 0.00771083
1 15.6287 41.6286 -0.0259867 0.0138193
1 16.756 41.6242 -0.0243757 0.0121338
1 17.8862 41.6205 -0.0265904 -0.00173959
1 19.0186 41.6177 -0.0344089 -0.0114026
1 20.15 41.6166 -0.0302167 -0.01206
1 21.2773 41.6159 -0.0155948 -0.00794008
1 22.4019 41.6155 0.00731641 -0.00593135
1 23.5271 41.6162 0.0281652 -0.00991486
1 24.6564 41.6172 0.0353191 -0.0111073
1 25.7886 41.6189 0.0276956 -0.00764156
1 26.9195 41.622 0.0232823 0.00440899
1 28.0483 41.6264 0.0241289 0.01508
1 29.174 41.6307 0.0216652 0.00995252
1 30.2967 41.6331 0.0291847 0.00851382
1 31.4168 41.6359 0.0368341 0.025135
1 32.5345 41.6413 0.038933 0.0413454
1 33.6503 41.6486 0.0472767 0.0569476
1 34.7649 41.6568 0.0531197 0.0620852
1 35.879 41.6629 0.0457699 0.0565212
1 36.9914 41.6652 0.0405003 0.0549919
1 38.1025 41.6645 0.0447277 0.0572605
1 39.2149 41.6621 0.050577 0.0612457
1 40.3287 41.6583 0.0545201 0.0571894
1 41.4415 41.6536 0.0475453 0.0677537
1 42.5535 41.6501 0.0422253 0.0724167
1 43.6674 41.6485 0.0444132 0.0719798
1 0.572507 42.6129 -0.0385208 0.0749724
1 1.68606 42.6145 -0.0376965 0.0703596
1 2.79825 42.6182 -0.0407155 0.0741809
1 3.91022 42.6221 -0.047952 0.0693167
1 5.02331 42.6257 -0.0539855 0.0682753
1 6.13624 42.6282 -0.0469418 0.0590002
1 7.24873 42.6287 -0.0462552 0.0589044
1 8.36189 42.6265 -0.0487644 0.0587603
1 9.47616 42.6212 -0.0518975 0.062103
1 10.5909 42.6131 -0.0422865 0.0632047
1 11.7061 42.605 -0.0380848 0.0547286
1 12.8232 42.5987 -0.0347194 0.0341343
1 13.9428 42.5947 -0.0275074 0.0178502
1 15.0655 42.5906 -0.0270915 0.0254052
1 16.1915 42.5845 -0.0201974 0.0266679
1 17.3201 42.5788 -0.0149555 0.00693378
1 18.4511 42.5757 -0.0287895 -0.0114361
1 19.5836 42.5746 -0.0337971 -0.0185783
1 20.7134 42.5744 -0.0217876 -0.0205009
1 21.8392 42.5744 -0.00624889 -0.0183355
1 22.9645 42.5745 0.0135125 -0.0173066
1 24.0923 42.5746 0.0261061 -0.021533
1 25.2234 42.575 0.0274606 -0.0185771
1 26.3552 42.577 0.0226883 0.000669118
1 27.485 42.5815 0.0219771 0.0189083
1 28.6121 42.5877 0.0280511 0.0275586
1 29.7364 42.5927 0.0342286 0.0202449
1 30.8579 42.5959 0.0324286 0.0226575
1 31.976 42.6008 0.029147 0.0437427
1 33.092 42.6084 0.0300705 0.0625979
1 34.2067 42.6176 0.0433982 0.0651377
1 35.3206 42.625 0.0583736 0.0617738
1 36.4343 42.6293 0.065329 0.060628
1 37.5475 42.6299 0.0611861 0.0576477
1 38.6605 42.628 0.0562976 0.0645298
1 39.7738 42.6248 0.0537258 0.0699201
1 40.8862 42.6204 0.0475469 0.0693519
1 41.9984 42.6161 0.0490597 0.0702254
1 43.1109 42.6127 0.0498574 0.0766823
1 44.2305 42.6109 0.0448008 0.0755108
1 0.0106038 43.5749 -0.0511851 0.0682296
1 1.13019 43.5763 -0.0452794 0.0735754
1 2.24241 43.5796 -0.0477275 0.0694999
1 3.35421 43.5847 -0.0436746 0.0699943
1 4.46561 43.5887 -0.0426243 0.0751721
1 5.57833 43.5911 -0.0437421 0.064212
1 6.69176 43.5926 -0.06049 0.0628856
1 7.8062 43.5916 -0.0661034 0.0572676
1 8.92127 43.5879 -0.0547507 0.051752
1 10.0358 43.5814 -0.0344371 0.0590097
1 11.1497 43.5729 -0.0189517 0.0654468
1 12.2649 43.5645 -0.0235916 0.0513527
1 13.3823 43.5578 -0.033286 0.0334192
1 14.5038 43.5525 -0.0397266 0.0280546
1 15.6295 43.5459 -0.0275284 0.0308835
1 16.7567 43.5384 -0.0116841 0.0168591
1 17.8856 43.5336 -0.00837179 -0.0104158
1 19.0164 43.532 -0.0177359 -0.0263494
1 20.1473 43.5319 -0.0199581 -0.0343431
1 21.276 43.532 -0.00788659 -0.0370695
1 22.4022 43.5322 0.00561538 -0.0354204
1 23.529 43.5322 0.0139492 -0.0343614
1 24.6589 43.5318 0.0210473 -0.0305861
1 25.7901 43.5326 0.0143239 -0.0189913
1 26.9198 43.536 0.00916139 0.00436388
1 28.0477 43.5421 0.0172013 0.0257122
1 29.174 43.5494 0.0286716 0.0286415
1 30.2971 43.555 0.0304305 0.0290174
1 31.4164 43.5601 0.0263629 0.0417205
1 32.5331 43.5674 0.0261866 0.0584885
1 33.6477 43.5771 0.0359883 0.0673519
1 34.762 43.586 0.0451923 0.0547427
1 35.8769 43.5913 0.0531626 0.051565
1 36.9912 43.5937 0.052859 0.0600379
1 38.1038 43.5935 0.0452768 0.0651746
1 39.2171 43.5907 0.0494962 0.0664556
1 40.3305 43.5868 0.0518966 0.0714503
1 41.443 43.5817 0.04365 0.0657657
1 42.5553 43.5774 0.0363884 0.0735409
1 43.6688 43.5749 0.0398916 0.0755214
1 0.571972 44.5374 -0.0402603 0.0681152
1 1.68513 44.541 -0.0369493 0.0734899
1 2.79655 44.5459 -0.0423546 0.0639643
1 3.909 44.5512 -0.0458465 0.0626175
1 5.02216 44.5545 -0.0406511 0.0664435
1 6.13526 44.5565 -0.0376126 0.0658598
1 7.24908 44.5557 -0.046312 0.0570629
1 8.36432 44.5531 -0.0521821 0.0442724
1 9.48033 44.5488 -0.0467164 0.0406016
1 10.5956 44.5418 -0.0304029 0.0520687
1 11.7101 44.5328 -0.019361 0.0596415
1 12.8256 44.524 -0.0217753 0.0534046
1 13.9444 44.5158 -0.0319398 0.0392204
1 15.0683 44.5076 -0.0323266 0.0296532
1 16.1952 44.4996 -0.0119212 0.0165789
1 17.3227 44.4933 0.00335946 -0.00348247
1 18.451 44.4904 0.000122585 -0.0258925
1 19.581 44.4896 -0.0080991 -0.040556
1 20.7111 44.489 -0.00447134 -0.0460104
1 21.8389 44.4894 -0.000230255 -0.0484247
1 22.966 44.4894 0.000714006 -0.0469466
1 24.0948 44.4894 0.00379742 -0.0417879
1 25.2247 44.4899 0.00160156 -0.0330298
1 26.3539 44.4918 -0.00191465 -0.0142975
1 27.4818 44.4966 0.00473898 0.00734983
1 28.6086 44.5038 0.0252226 0.0243005
1 29.734 44.5119 0.0382844 0.0335577
1 30.8554 44.5194 0.0294627 0.0432951
1 31.9726 44.5269 0.0161163 0.0547163
1 33.0875 44.5362 0.0137624 0.0597358
1 34.202 44.5461 0.0334608 0.0455708
1 35.3171 44.5523 0.0528479 0.0370893
1 36.4329 44.5562 0.062466 0.0554706
1 37.5476 44.5585 0.0506163 0.065035
1 38.6613 44.5566 0.0451705 0.0557748
1 39.7748 44.5524 0.0452685 0.0631651
1 40.8875 44.5482 0.047081 0.0637235
1 41.9994 44.5429 0.0515551 0.0684654
1 43.1114 44.5391 0.0587421 0.0750158
1 44.2308 44.537 0.0602686 0.0753336
1 0.00542679 45.4966 -0.0582277 0.0730053
1 1.12635 45.5017 -0.0572692 0.0729121
1 2.23827 45.5073 -0.0486423 0.0663119
1 3.35087 45.5124 -0.0479504 0.0668008
1 4.46437 45.5168 -0.0435372 0.0716314
1 5.57804 45.5195 -0.0416038 0.0679422
1 6.69306 45.5196 -0.0480519 0.0699326
1 7.80875 45.5175 -0.0541748 0.0546679
1 8.92515 45.514 -0.0458562 0.0358502
1 10.0414 45.5087 -0.0326994 0.0353696
1 11.1567 45.5015 -0.0185082 0.0543026
1 12.272 45.4923 -0.0118476 0.0662922
1 13.3889 45.4817 -0.020948 0.0618753
1 14.5098 45.4709 -0.0290419 0.0462104
1 15.6348 45.4607 -0.0140652 0.0224824
1 16.7613 45.4535 0.00638291 -0.00263479
1 17.8884 45.45 0.0178815 -0.019895
1 19.0166 45.4479 0.0152784 -0.0360867
1 20.1463 45.4464 0.0103848 -0.0489037
1 21.2751 45.4458 0.0105958 -0.049516
1 22.4025 45.4459 -0.00333175 -0.0477996
1 23.5302 45.4461 -0.0126026 -0.0486345
1 24.6594 45.4474 -0.013041 -0.0407763
1 25.7883 45.4491 -0.0192975 -0.0288115
1 26.9157 45.4517 -0.012602 -0.0106436
1 28.0423 45.4572 0.00315119 0.00978065
1 29.1681 45.4661 0.0206847 0.0310726
1 30.2909 45.4762 0.0284552 0.0538252
1 31.4099 45.4859 0.0185414 0.065257
1 32.5261 45.4953 0.014763 0.0604834
1 33.6411 45.5047 0.0298161 0.0473594
1 34.7571 45.5127 0.0395709 0.0329633
1 35.8735 45.5174 0.045214 0.0443725
1 36.9893 45.5209 0.0465695 0.0697236
1 38.1047 45.5218 0.0398279 0.0673028
1 39.2193 45.5181 0.0353931 0.064813
1 40.3326 45.5139 0.040123 0.0673864
1 41.4459 45.5092 0.0385581 0.0654891
1 42.5582 45.5042 0.0405693 0.0712287
1 43.6714 45.4997 0.0417838 0.0755129
1 0.56509 46.4602 -0.0446387 0.0740416
1 1.67851 46.4682 -0.0398937 0.0629203
1 2.79175 46.4734 -0.0375484 0.0690065
1 3.90582 46.4783 -0.0380797 0.070205
1 5.0201 46.4822 -0.0329559 0.0781165
1 6.13543 46.4827 -0.0346585 0.0812344
1 7.25195 46.481 -0.0417432 0.063517
1 8.3689 46.4787 -0.0418478 0.0404638
1 9.48615 46.4744 -0.0408219 0.0342089
1 10.6031 46.4684 -0.0317317 0.0395291
1 11.7194 46.4607 -0.0204955 0.0639548
1 12.8369 46.4498 -0.0193248 0.0833808
1 13.9561 46.437 -0.0152127 0.0664531
1 15.0776 46.4241 -0.00319433 0.039358
1 16.2018 46.414 0.0124172 0.00509953
1 17.3274 46.4095 0.0264316 -0.0205979
1 18.4544 46.4079 0.0286471 -0.0334406
1 19.5833 46.4054 0.0231121 -0.0447583
1 20.7121 46.4033 0.0254853 -0.0492917
1 21.8387 46.4031 0.00744576 -0.0397587
1 22.9651 46.4029 -0.0184162 -0.0431645
1 24.0933 46.4043 -0.0234084 -0.0495236
1 25.2219 46.407 -0.0305119 -0.0415177
1 26.35 46.4087 -0.0290525 -0.0254275
1 27.4764 46.4118 -0.0222446 -0.00851017
1 28.6005 46.4194 -0.00844964 0.0177855
1 29.7233 46.4309 0.0121383 0.0527404
1 30.8439 46.443 0.0192994 0.0753185
1 31.9618 46.4536 0.0168483 0.0720011
1 33.0785 46.463 0.0238694 0.0532526
1 34.1948 46.4719 0.0359488 0.0414844
1 35.3116 46.4785 0.0440798 0.0362386
1 36.429 46.4822 0.0527739 0.0579275
1 37.5467 46.4844 0.0492829 0.0746814
1 38.6633 46.4831 0.0358794 0.0710184
1 39.7779 46.4793 0.0370866 0.0748848
1 40.8921 46.4751 0.0415888 0.0723552
1 42.0062 46.4703 0.0445419 0.0640827
1 43.1195 46.4652 0.0346682 0.0734765
1 44.2388 46.4574 0.03575 0.0698123
1 -0.00621581 47.4177 -0.0365591 0.0665463
1 1.11388 47.4327 -0.041072 0.0593261
1 2.22912 47.4388 -0.0445077 0.0596547
1 3.34464 47.4431 -0.0480686 0.062474
1 4.46069 47.4482 -0.0455176 0.0640187
1 5.57734 47.4506 -0.0379171 0.0788193
1 6.69502 47.4485 -0.0332391 0.0715059
1 7.81266 47.4465 -0.0381631 0.0439771
1 8.93094 47.4442 -0.0370766 0.0287737
1 10.0491 47.4384 -0.0348605 0.0269668
1 11.1668 47.4323 -0.0368301 0.0424138
1 12.2859 47.4228 -0.0276605 0.0770508
1 13.4056 47.4094 -0.0144145 0.0762326
1 14.5259 47.3959 0.0103243 0.0481363
1 15.6468 47.3824 0.0344594 0.0147607
1 16.7678 47.3745 0.0416967 -0.0189725
1 17.8925 47.3727 0.0391901 -0.0324374
1 19.0211 47.3702 0.0359981 -0.0450545
1 20.1501 47.3674 0.0268317 -0.053239
1 21.2768 47.3665 0.0169428 -0.0369915
1 22.4016 47.3662 -0.00437596 -0.0288318
1 23.5272 47.3667 -0.0248218 -0.0479402
1 24.6549 47.3688 -0.0370702 -0.0548407
1 25.7836 47.3717 -0.0417651 -0.0380574
1 26.9103 47.3736 -0.0388505 -0.0259857
1 28.033 47.3784 -0.0364805 -0.00443477
1 29.1543 47.3898 -0.0203111 0.0304725
1 30.2752 47.4027 0.005432 0.0624689
1 31.3952 47.4149 0.0214496 0.0777618
1 32.5141 47.4256 0.0307419 0.0593718
1 33.6312 47.4346 0.0345729 0.038357
1 34.7489 47.4432 0.0375549 0.0316547
1 35.868 47.448 0.0424936 0.0357463
1 36.9867 47.4497 0.0375905 0.0584341
1 38.1052 47.4511 0.0310782 0.0735978
1 39.2218 47.449 0.0301965 0.0676571
1 40.3365 47.4447 0.0418858 0.0667166
1 41.4521 47.4404 0.0508635 0.0571474
1 42.568 47.4349 0.0555029 0.0640135
1 43.6847 47.4295 0.045712 0.05306
