1 0.716841 0.310738 -0.126676 -0.164322
1 1.83569 0.303398 -0.126447 -0.171451
1 2.9521 0.298819 -0.122965 -0.146556
1 4.06745 0.294005 -0.127568 -0.129344
1 5.18084 0.287537 -0.1304 -0.11453
1 6.29442 0.277864 -0.137344 -0.0922011
1 7.4098 0.26605 -0.146616 -0.0873176
1 8.52524 0.254579 -0.138549 -0.0900519
1 9.63916 0.243238 -0.109098 -0.0956936
1 10.7508 0.233811 -0.0878494 -0.101542
1 11.8599 0.224196 -0.0651501 -0.101126
1 12.9679 0.214882 -0.041836 -0.107589
1 14.0762 0.206906 -0.0274828 -0.106777
1 15.184 0.197224 -0.0223033 -0.102785
1 16.293 0.187493 -0.0129204 -0.106343
1 17.4029 0.180948 -0.00285623 -0.0953096
1 18.5131 0.17637 -0.00721332 -0.0674069
1 19.6241 0.174102 -0.000398529 -0.0499147
1 20.7343 0.175922 -0.00428196 -0.0577534
1 21.843 0.178604 -0.00493372 -0.075039
1 22.9514 0.177862 0.00745221 -0.0718906
1 24.0608 0.175305 0.00216791 -0.0549968
1 25.1714 0.175757 0.00414513 -0.0547643
1 26.2819 0.179365 0.00376158 -0.0806648
1 27.3918 0.184054 0.00586059 -0.102261
1 28.5016 0.192183 0.0191858 -0.100476
1 29.6097 0.202689 0.0245198 -0.103803
1 30.7177 0.210565 0.0375732 -0.112594
1 31.8262 0.218664 0.0526588 -0.102483
1 32.9341 0.229177 0.07202 -0.0993981
1 34.0441 0.23789 0.0945313 -0.101413
1 35.1566 0.248188 0.118158 -0.0883305
1 36.2709 0.260629 0.14496 -0.0870671
1 37.387 0.272166 0.149259 -0.0866338
1 38.502 0.284075 0.133621 -0.0978352
1 39.6146 0.292031 0.118805 -0.126589
1 40.7277 0.295196 0.121606 -0.148814
1 41.8446 0.297703 0.131512 -0.154082
1 42.9644 0.306933 0.147079 -0.154994
1 44.0911 0.338887 0.13917 -0.15897
1 0.167224 1.288 -0.134858 -0.144189
1 1.28714 1.27213 -0.139377 -0.144298
1 2.40311 1.26635 -0.151017 -0.137132
1 3.51906 1.26229 -0.148886 -0.121279
1 4.63398 1.25737 -0.144966 -0.0982119
1 5.74835 1.24947 -0.140573 -0.0763837
1 6.86309 1.23878 -0.142138 -0.0692538
1 7.97793 1.2278 -0.136836 -0.0715431
1 9.09177 1.21706 -0.114849 -0.0726716
1 10.2039 1.20713 -0.0932731 -0.0825498
1 11.3139 1.19812 -0.0719765 -0.0837181
1 12.4221 1.18889 -0.0500397 -0.0856424
1 13.53 1.18031 -0.0362321 -0.0925244
1 14.6378 1.17132 -0.0284418 -0.0916133
1 15.7456 1.16167 -0.0158683 -0.0888633
1 16.8539 1.15347 -0.00909865 -0.0868232
1 17.9625 1.14777 -0.0120152 -0.0714433
1 19.0713 1.14465 -0.00699706 -0.0461639
1 20.1799 1.14443 -0.00250241 -0.0455088
1 21.2883 1.14673 -0.00205052 -0.0583382
1 22.3972 1.1478 0.00274707 -0.0599892
1 23.5058 1.14601 0.00250184 -0.0544189
1 24.6142 1.14481 0.00208422 -0.0469116
1 25.7234 1.14674 0.00989733 -0.0575144
1 26.8321 1.15096 0.012263 -0.0779271
1 27.9404 1.15749 0.013328 -0.0871368
1 29.0484 1.16645 0.0211374 -0.0874913
1 30.1561 1.176 0.0280443 -0.0913525
1 31.2637 1.18427 0.0396418 -0.0917553
1 32.3715 1.19317 0.0566558 -0.0823483
1 33.4801 1.20267 0.0792263 -0.082985
1 34.5908 1.2117 0.101467 -0.0801609
1 35.7035 1.22224 0.127623 -0.0698807
1 36.8181 1.23352 0.144517 -0.0686855
1 37.9333 1.24486 0.145698 -0.0692688
1 39.0482 1.25474 0.145624 -0.0839825
1 40.1624 1.2602 0.139053 -0.114537
1 41.2763 1.26296 0.137343 -0.132236
1 42.39 1.26811 0.152604 -0.139294
1 43.5038 1.28045 0.160015 -0.142591
1 0.742504 2.23864 -0.147491 -0.124405
1 1.85681 2.22848 -0.150035 -0.118185
1 2.97264 2.22373 -0.148143 -0.11772
1 4.08817 2.21983 -0.147165 -0.0989772
1 5.2022 2.21404 -0.134605 -0.0773317
1 6.31621 2.20566 -0.129119 -0.062497
1 7.43048 2.19567 -0.128489 -0.0587378
1 8.54413 2.18534 -0.116608 -0.0608055
1 9.65697 2.17553 -0.0939457 -0.0650988
1 10.7679 2.16661 -0.0719024 -0.0678732
1 11.8762 2.15757 -0.0486514 -0.0698012
1 12.9839 2.14884 -0.0319249 -0.0744046
1 14.0917 2.14008 -0.022211 -0.0772213
1 15.1985 2.13075 -0.0160909 -0.0772894
1 16.3055 2.122 -0.00979315 -0.0743336
1 17.4127 2.11522 -0.00656142 -0.0652186
1 18.5198 2.11101 -0.00417365 -0.0511584
1 19.6274 2.10943 0.0003834 -0.0383288
1 20.7351 2.11026 -0.00222159 -0.0413599
1 21.8429 2.11171 -0.000776498 -0.0526925
1 22.9511 2.11133 0.00220095 -0.0509207
1 24.0589 2.11017 -0.00327043 -0.0425984
1 25.1662 2.11075 0.00317398 -0.0451476
1 26.2737 2.11342 0.00893219 -0.0577698
1 27.3808 2.1186 0.00359713 -0.0679596
1 28.4878 2.1263 0.0136638 -0.0743599
1 29.5951 2.13548 0.0243888 -0.0769234
1 30.7023 2.14441 0.0251457 -0.0746427
1 31.8096 2.15301 0.039674 -0.0714117
1 32.9177 2.16199 0.0633622 -0.0693073
1 34.0272 2.17101 0.0782338 -0.064695
1 35.1384 2.18058 0.0994114 -0.0621033
1 36.2513 2.19081 0.121451 -0.0611327
1 37.3652 2.2013 0.128308 -0.0580588
1 38.4795 2.21081 0.135118 -0.0686867
1 39.5939 2.21744 0.146201 -0.0924801
1 40.7093 2.22116 0.151287 -0.106447
1 41.8247 2.22561 0.144594 -0.114497
1 42.9399 2.23262 0.137817 -0.126666
1 44.0643 2.23955 0.099453 -0.100566
1 0.176314 3.19581 -0.074367 -0.104224
1 1.304 3.19101 -0.125245 -0.0973208
1 2.42095 3.18287 -0.138468 -0.103553
1 3.53811 3.17886 -0.134554 -0.109099
1 4.65334 3.17557 -0.123289 -0.104207
1 5.76676 3.1702 -0.110226 -0.0851935
1 6.88016 3.16204 -0.106218 -0.0744801
1 7.99359 3.15274 -0.103923 -0.0726215
1 9.10656 3.14311 -0.0885566 -0.0732971
1 10.2184 3.13397 -0.0692408 -0.0773513
1 11.3279 3.12536 -0.0490064 -0.0779826
1 12.4358 3.11674 -0.0300213 -0.0819587
1 13.5435 3.10795 -0.0152207 -0.0837188
1 14.6501 3.09887 -0.00909996 -0.0861168
1 15.7565 3.09018 -0.00396124 -0.0875735
1 16.8629 3.08249 -0.000585491 -0.0830208
1 17.9689 3.07707 -0.000614456 -0.0751195
1 19.0754 3.07456 -0.000721278 -0.063815
1 20.1823 3.07378 -0.000169814 -0.062032
1 21.2892 3.07468 0.00262369 -0.0689221
1 22.3967 3.07542 0.00270273 -0.0704987
1 23.5041 3.07459 -2.56595e-05 -0.0679694
1 24.6111 3.07441 -0.0037126 -0.0633717
1 25.7181 3.07622 -0.00204479 -0.0692976
1 26.8244 3.08004 0.00199799 -0.0799882
1 27.9303 3.08636 0.00302806 -0.0852351
1 29.0367 3.09443 0.0079682 -0.0853565
1 30.1434 3.10328 0.0125438 -0.0836879
1 31.2504 3.11223 0.0191717 -0.0829584
1 32.358 3.12082 0.0350728 -0.0776773
1 33.4662 3.12974 0.0556956 -0.0752009
1 34.5765 3.13881 0.0737851 -0.074771
1 35.6886 3.14837 0.0936263 -0.0709515
1 36.8018 3.15811 0.106202 -0.0735082
1 37.9155 3.16716 0.106566 -0.0809155
1 39.0288 3.17401 0.113926 -0.0970437
1 40.1424 3.17691 0.121595 -0.110054
1 41.2572 3.18021 0.130931 -0.10343
1 42.3733 3.18632 0.146752 -0.101511
1 43.4909 3.19299 0.133821 -0.0949525
1 0.749759 4.14917 -0.14252 -0.075846
1 1.86952 4.14348 -0.132698 -0.085014
1 2.98585 4.1379 -0.119247 -0.106417
1 4.10036 4.13553 -0.105895 -0.117834
1 5.21341 4.13385 -0.094202 -0.11146
1 6.32636 4.129 -0.0943571 -0.098887
1 7.44011 4.12129 -0.097573 -0.0916752
1 8.55341 4.11229 -0.0856964 -0.0908441
1 9.66615 4.10363 -0.067909 -0.0950495
1 10.7766 4.09517 -0.0504319 -0.0978247
1 11.8849 4.0868 -0.0332865 -0.102521
1 12.9929 4.07839 -0.0171594 -0.106885
1 14.1 4.06967 -0.00950892 -0.111385
1 15.2061 4.06093 -0.0051317 -0.114764
1 16.3122 4.05325 -0.000402386 -0.114791
1 17.4176 4.04713 -0.00172426 -0.11166
1 18.5231 4.0431 0.000366505 -0.107688
1 19.6299 4.04132 0.0023799 -0.101485
1 20.7365 4.04125 -0.000981638 -0.101288
1 21.8432 4.04193 -0.00446672 -0.106321
1 22.9504 4.0419 -0.000931243 -0.106096
1 24.0569 4.04156 0.00180312 -0.103503
1 25.1631 4.04252 0.00135256 -0.105388
1 26.2692 4.04543 0.00349044 -0.109662
1 27.375 4.05029 0.000460521 -0.112836
1 28.4812 4.05709 0.00217293 -0.114385
1 29.5875 4.0652 0.0104304 -0.114624
1 30.6938 4.07387 0.0113192 -0.107891
1 31.8008 4.08247 0.0210964 -0.103186
1 32.9088 4.09102 0.0416691 -0.0993143
1 34.0178 4.09961 0.0569489 -0.0938896
1 35.1293 4.10838 0.0759194 -0.0920479
1 36.2424 4.11738 0.0939808 -0.0918918
1 37.356 4.12615 0.099529 -0.0925742
1 38.4698 4.1328 0.0973062 -0.104333
1 39.5833 4.13526 0.101936 -0.123162
1 40.6973 4.13635 0.109102 -0.112293
1 41.8129 4.14025 0.114459 -0.0945775
1 42.9313 4.14602 0.108561 -0.0736329
1 44.0595 4.15036 0.0797005 -0.0864517
1 0.183688 5.10784 -0.0951138 -0.0601048
1 1.31032 5.10203 -0.113461 -0.0698964
1 2.42804 5.09818 -0.0996085 -0.0840856
1 3.543 5.09565 -0.0967125 -0.108915
1 4.6561 5.09556 -0.0977937 -0.12222
1 5.76943 5.09463 -0.0945151 -0.108575
1 6.8838 5.09011 -0.0998793 -0.095587
1 7.99816 5.08289 -0.0983817 -0.0981
1 9.11163 5.075 -0.0791589 -0.0977936
1 10.2235 5.06719 -0.0581244 -0.0983861
1 11.3329 5.05937 -0.043781 -0.1065
1 12.4412 5.05137 -0.0258205 -0.111526
1 13.5483 5.04308 -0.0106897 -0.116771
1 14.6545 5.03487 -0.0112905 -0.12306
1 15.7606 5.02707 -0.00330648 -0.124185
1 16.8665 5.02038 -0.00175374 -0.120313
1 17.972 5.01582 -0.00664755 -0.118688
1 19.0776 5.01312 -0.00679286 -0.1165
1 20.1836 5.01164 -0.00331319 -0.114009
1 21.2899 5.01168 0.00328178 -0.114532
1 22.3965 5.01219 0.00366816 -0.114275
1 23.5029 5.01195 0.0050907 -0.113247
1 24.6092 5.01244 0.00178605 -0.11591
1 25.7156 5.01474 -0.00364888 -0.118371
1 26.8211 5.01843 0.00469207 -0.12015
1 27.9267 5.02373 0.00686089 -0.122009
1 29.0325 5.03099 0.00578097 -0.122435
1 30.1384 5.03896 0.0117114 -0.120936
1 31.2453 5.04713 0.0186342 -0.11513
1 32.3529 5.05538 0.0316205 -0.107475
1 33.4613 5.06341 0.0505211 -0.102418
1 34.5719 5.07126 0.0684423 -0.098008
1 35.6847 5.07938 0.0851014 -0.0949888
1 36.7983 5.08738 0.098049 -0.0944145
1 37.913 5.09361 0.093832 -0.101078
1 39.0272 5.09633 0.094545 -0.117984
1 40.1399 5.09589 0.0941802 -0.119711
1 41.2532 5.09654 0.0972901 -0.0986276
1 42.3691 5.0993 0.1167 -0.0741043
1 43.4879 5.10383 0.143525 -0.0642125
1 0.754782 6.06019 -0.137668 -0.0492068
1 1.87094 6.05654 -0.115809 -0.0721713
1 2.98542 6.05455 -0.0926372 -0.0863781
1 4.09838 6.05493 -0.0893652 -0.104444
1 5.21091 6.05657 -0.0960219 -0.111386
1 6.32514 6.05568 -0.104361 -0.0979541
1 7.44098 6.05141 -0.108326 -0.0879492
1 8.55583 6.04516 -0.0938172 -0.0858328
1 9.66926 6.03833 -0.0756905 -0.0884866
1 10.7802 6.03123 -0.054567 -0.0920164
1 11.8888 6.02391 -0.0340481 -0.0948142
1 12.9966 6.01613 -0.0156853 -0.10261
1 14.103 6.00838 -0.0132104 -0.107522
1 15.209 6.00061 -0.0101084 -0.107005
1 16.3146 5.99361 -0.00556195 -0.10756
1 17.4197 5.98846 -0.00723174 -0.106011
1 18.5253 5.98489 0.00039538 -0.0992358
1 19.6316 5.98277 -0.00267881 -0.098566
1 20.7373 5.98199 -0.00619741 -0.0982579
1 21.8433 5.98183 -0.0049691 -0.0957158
1 22.9497 5.98191 -0.00220259 -0.0969363
1 24.0556 5.98247 0.00658259 -0.100847
1 25.1614 5.98403 0.00668259 -0.101184
1 26.267 5.98699 0.00687601 -0.100091
1 27.3724 5.99121 0.00760601 -0.105155
1 28.4783 5.9971 0.00713508 -0.108058
1 29.5845 6.0045 0.0135895 -0.108019
1 30.6904 6.0123 0.0177481 -0.104634
1 31.7974 6.02007 0.026472 -0.0998436
1 32.9056 6.02755 0.0425686 -0.0940442
1 34.0148 6.03487 0.0603435 -0.0870489
1 35.1268 6.04211 0.0831589 -0.0850258
1 36.2411 6.04888 0.101592 -0.087096
1 37.3566 6.05456 0.107227 -0.087965
1 38.4723 6.05742 0.10396 -0.104944
1 39.5861 6.05641 0.0931755 -0.113252
1 40.6993 6.05499 0.0854688 -0.0964606
1 41.8133 6.05545 0.0926026 -0.0824389
1 42.9286 6.05759 0.11103 -0.0672701
1 44.0534 6.0619 0.0940113 -0.0435282
1 0.187405 7.01551 -0.0908015 -0.027522
1 1.31226 7.01457 -0.108952 -0.0499209
1 2.42628 7.01304 -0.0985971 -0.0681137
1 3.53895 7.0126 -0.0882729 -0.0783533
1 4.65123 7.01427 -0.0909221 -0.0927676
1 5.76531 7.01659 -0.101395 -0.0875042
1 6.8819 7.01566 -0.114607 -0.076657
1 7.99831 7.01187 -0.109764 -0.071476
1 9.11335 7.00659 -0.0883872 -0.0672181
1 10.2262 7.00061 -0.0643551 -0.0670384
1 11.3357 6.99381 -0.0469504 -0.0705552
1 12.444 6.98671 -0.0276005 -0.0733425
1 13.5511 6.97934 -0.0164503 -0.0765307
1 14.6571 6.97165 -0.0169939 -0.0801586
1 15.763 6.96449 -0.00494154 -0.0791753
1 16.8685 6.95875 -0.00955438 -0.0745952
1 17.9739 6.95461 -0.0106284 -0.0712924
1 19.0791 6.95174 -0.00726964 -0.0690745
1 20.1846 6.95021 -0.00808619 -0.0676851
1 21.2905 6.94958 0.00434191 -0.0658565
1 22.3963 6.94943 0.00742967 -0.0658451
1 23.5019 6.94999 0.00626939 -0.0661717
1 24.6077 6.95113 0.00411698 -0.0688353
1 25.714 6.95334 -0.00136296 -0.0704732
1 26.8195 6.95691 0.00632344 -0.0716335
1 27.9246 6.96171 0.00860758 -0.0771398
1 29.0301 6.96812 0.0106712 -0.0799039
1 30.1357 6.97558 0.0163354 -0.0781673
1 31.2422 6.98307 0.0184708 -0.0757168
1 32.3499 6.99039 0.0328428 -0.0717458
1 33.4581 6.99738 0.0565505 -0.0697822
1 34.5691 7.00374 0.077069 -0.0675121
1 35.6833 7.00954 0.102007 -0.0672391
1 36.7993 7.01429 0.119649 -0.0721294
1 37.9164 7.01702 0.112586 -0.0818227
1 39.0321 7.01622 0.0959296 -0.0901979
1 40.1448 7.01373 0.0917039 -0.0828602
1 41.2568 7.01326 0.09837 -0.0760233
1 42.3695 7.01412 0.117569 -0.0635348
1 43.4841 7.01551 0.128169 -0.0385526
1 0.754601 7.97045 -0.116289 -0.0280319
1 1.86995 7.97145 -0.10995 -0.0477765
1 2.98239 7.97133 -0.102566 -0.0631104
1 4.09349 7.97163 -0.0974526 -0.0710751
1 5.20493 7.97383 -0.0992054 -0.0752371
1 6.32078 7.97513 -0.115513 -0.0660573
1 7.43936 7.97446 -0.12543 -0.0598928
1 8.55653 7.97135 -0.112949 -0.0539763
1 9.67157 7.96673 -0.0857371 -0.0509676
1 10.7832 7.96124 -0.0595458 -0.0471539
1 11.8917 7.95472 -0.0359863 -0.0497916
1 12.9992 7.9476 -0.0196017 -0.051706
1 14.1056 7.94027 -0.0180321 -0.052504
1 15.2113 7.93304 -0.0106061 -0.0525359
1 16.3163 7.92671 -0.00779628 -0.0509039
1 17.4212 7.92191 -0.00780904 -0.0444359
1 18.5267 7.91853 0.00499431 -0.0386687
1 19.6326 7.9163 -0.00566642 -0.0400496
1 20.7379 7.91528 -0.00886058 -0.0378903
1 21.843 7.91471 -0.00433602 -0.0341415
1 22.9491 7.91474 -0.0065538 -0.0377134
1 24.0549 7.91583 0.00599947 -0.040196
1 25.1603 7.91765 0.0121442 -0.0401331
1 26.2657 7.92032 0.0121545 -0.0407721
1 27.3709 7.92435 0.00924353 -0.0451126
1 28.4764 7.93002 0.00790314 -0.0515534
1 29.5824 7.93677 0.0156926 -0.0521733
1 30.6879 7.9441 0.0174904 -0.0508763
1 31.7946 7.95135 0.0304007 -0.0516598
1 32.9029 7.95822 0.0494143 -0.0497695
1 34.0126 7.96422 0.066645 -0.0484587
1 35.1255 7.96917 0.0948789 -0.0536693
1 36.2417 7.97317 0.11973 -0.0579932
1 37.3597 7.9754 0.117401 -0.0590029
1 38.4775 7.97514 0.104958 -0.067734
1 39.5912 7.97303 0.0959249 -0.0764212
1 40.7025 7.97187 0.096639 -0.0642427
1 41.8149 7.97204 0.0975821 -0.0531462
1 42.9292 7.97167 0.0988183 -0.038852
1 44.0551 7.96911 0.0832482 -0.0235371
1 0.18168 8.92305 -0.0770722 -0.0292941
1 1.30805 8.9271 -0.0912926 -0.0355863
1 2.42344 8.92934 -0.089628 -0.0393479
1 3.53672 8.93002 -0.095063 -0.0538998
1 4.64759 8.93113 -0.101706 -0.064669
1 5.76018 8.9324 -0.111242 -0.0582318
1 6.87758 8.93279 -0.125667 -0.0486716
1 7.99678 8.93204 -0.126045 -0.0463892
1 9.11432 8.92979 -0.104644 -0.0444359
1 10.2283 8.92571 -0.0771635 -0.037749
1 11.3384 8.92015 -0.0525932 -0.0343318
1 12.4467 8.91399 -0.029658 -0.0343589
1 13.5534 8.9069 -0.0197717 -0.0332804
1 14.6589 8.89946 -0.0161247 -0.0339843
1 15.7644 8.89292 -0.00407277 -0.0321339
1 16.8698 8.88742 -0.0138118 -0.0247414
1 17.9748 8.88314 -0.011668 -0.019063
1 19.0797 8.88065 -0.00559229 -0.0190335
1 20.1852 8.8791 -0.00803961 -0.0182992
1 21.2908 8.87788 0.00278987 -0.013409
1 22.3965 8.87758 0.0056404 -0.0151208
1 23.5019 8.87873 0.00977613 -0.0187703
1 24.6068 8.88012 0.00518839 -0.016838
1 25.7126 8.88199 -0.00432883 -0.0191147
1 26.8183 8.8853 0.00615221 -0.0233577
1 27.9232 8.8902 0.00682031 -0.026993
1 29.0282 8.89629 0.0129121 -0.0315057
1 30.1337 8.90331 0.0230034 -0.0334855
1 31.2398 8.9106 0.023295 -0.0344235
1 32.3475 8.91725 0.0388151 -0.0330236
1 33.4564 8.92318 0.066314 -0.0362308
1 34.5681 8.92797 0.0910663 -0.0444814
1 35.6838 8.9312 0.11462 -0.0435026
1 36.8023 8.9328 0.129077 -0.0453248
1 37.9214 8.93286 0.119152 -0.0543137
1 39.0364 8.93223 0.104425 -0.06038
1 40.1471 8.93109 0.094963 -0.0582882
1 41.2584 8.9301 0.0954376 -0.0485446
1 42.3722 8.92882 0.103406 -0.0357894
1 43.4892 8.92551 0.114935 -0.0287237
1 0.74673 9.87989 -0.111715 -0.0335333
1 1.86462 9.8844 -0.0999297 -0.0359276
1 2.97954 9.88689 -0.0867669 -0.0366498
1 4.09211 9.88901 -0.0883332 -0.0478955
1 5.20295 9.89034 -0.100437 -0.0537842
1 6.31671 9.89033 -0.123754 -0.0510246
1 7.43507 9.8897 -0.138367 -0.0431535
1 8.55421 9.88893 -0.121405 -0.0399955
1 9.67144 9.88715 -0.0962982 -0.0381373
1 10.7843 9.88343 -0.0741251 -0.0346379
1 11.8933 9.87806 -0.0443604 -0.029634
1 13.001 9.87167 -0.0233886 -0.024785
1 14.1073 9.86473 -0.0227764 -0.0257295
1 15.2124 9.85781 -0.0141898 -0.0234645
1 16.3174 9.85151 -0.00852502 -0.0175226
1 17.4223 9.84653 -0.00362242 -0.0111491
1 18.5274 9.84347 0.00593022 -0.00806559
1 19.6332 9.84163 -0.00704331 -0.00642788
1 20.7383 9.84008 -0.00717889 -0.00543923
1 21.8429 9.83916 -0.00589024 -0.00550987
1 22.9486 9.83956 -0.00435659 -0.00563182
1 24.0545 9.841 0.0103108 -0.00375145
1 25.1599 9.84275 0.00550044 -0.00700431
1 26.265 9.84512 0.00892155 -0.0118685
1 27.3701 9.84901 0.0133444 -0.0130813
1 28.4754 9.85474 0.0072526 -0.0193473
1 29.5808 9.86138 0.0168353 -0.0251553
1 30.6861 9.86842 0.0190631 -0.0232928
1 31.7928 9.87506 0.0323693 -0.0271128
1 32.9012 9.88083 0.0584186 -0.0339201
1 34.0113 9.88564 0.0824549 -0.035814
1 35.1265 9.88833 0.110119 -0.0400174
1 36.2453 9.88936 0.136123 -0.0445114
1 37.3645 9.89 0.13468 -0.0459715
1 38.481 9.89059 0.11511 -0.0516587
1 39.5932 9.89013 0.0945922 -0.0519229
1 40.705 9.88835 0.0823697 -0.0401618
1 41.8194 9.88613 0.0775808 -0.031543
1 42.9361 9.88225 0.0832441 -0.0390229
1 44.0628 9.87769 0.0723942 -0.0387991
1 0.172864 10.8312 -0.0682717 -0.0431165
1 1.29965 10.8366 -0.0779231 -0.0400353
1 2.41715 10.8416 -0.0689729 -0.0294054
1 3.53208 10.8448 -0.0706506 -0.0283107
1 4.64508 10.8476 -0.0855269 -0.0366557
1 5.75785 10.8488 -0.105067 -0.0376254
1 6.87401 10.8477 -0.137207 -0.0369018
1 7.99254 10.8464 -0.146752 -0.0417407
1 9.11128 10.8456 -0.119625 -0.038772
1 10.2275 10.844 -0.0862884 -0.0317647
1 11.3389 10.8406 -0.0640165 -0.0273717
1 12.4477 10.8354 -0.0388593 -0.021935
1 13.5545 10.8289 -0.0224617 -0.0176104
1 14.6601 10.8222 -0.0181319 -0.0152448
1 15.7653 10.8156 -0.00749586 -0.012084
1 16.8703 10.8097 -0.0120933 -0.00674312
1 17.9749 10.8055 -0.0084989 -0.0003293
1 19.0799 10.8034 -0.00591959 0.00386277
1 20.1855 10.8017 -0.00412783 0.00564734
1 21.2912 10.8003 0.00263645 0.00384433
1 22.3967 10.8001 -0.000376467 0.00352847
1 23.5013 10.8011 0.0116376 0.00315583
1 24.6063 10.8026 0.00747335 0.00495199
1 25.7125 10.8046 -0.00944644 0.00243024
1 26.8178 10.8077 0.00575383 -0.00443913
1 27.9224 10.8125 0.00972378 -0.00941739
1 29.0273 10.8189 0.0146589 -0.0117097
1 30.1327 10.8258 0.025693 -0.0150592
1 31.2389 10.8323 0.0281598 -0.0207176
1 32.3466 10.8382 0.0485703 -0.0259552
1 33.4562 10.8426 0.0771454 -0.0309863
1 34.5702 10.8448 0.104855 -0.0368754
1 35.6881 10.846 0.134646 -0.0408828
1 36.8068 10.8469 0.145281 -0.0408749
1 37.9244 10.8484 0.118652 -0.0382241
1 39.0384 10.8486 0.0868773 -0.0351663
1 40.1503 10.8465 0.0757961 -0.0314993
1 41.2637 10.8433 0.0802193 -0.0290337
1 42.3798 10.8393 0.100005 -0.0356964
1 43.4983 10.8341 0.114184 -0.0369674
1 0.736301 11.7883 -0.108027 -0.0381224
1 1.85503 11.7939 -0.0977232 -0.0362794
1 2.9718 11.7992 -0.0766782 -0.0293219
1 4.0862 11.803 -0.0701265 -0.0270213
1 5.19889 11.806 -0.0770955 -0.0276737
1 6.31339 11.8063 -0.108987 -0.027354
1 7.43142 11.8049 -0.143496 -0.0353661
1 8.54998 11.8035 -0.145193 -0.0435693
1 9.66778 11.8024 -0.11818 -0.043955
1 10.7824 11.8009 -0.0864927 -0.0353499
1 11.8932 11.7977 -0.0532593 -0.0243432
1 13.0017 11.7926 -0.0293013 -0.0202379
1 14.108 11.7863 -0.0237121 -0.0174932
1 15.213 11.7797 -0.0134982 -0.010334
1 16.3178 11.7734 -0.00876747 -0.00702138
1 17.4223 11.7683 -0.00470806 -0.00395704
1 18.5273 11.7649 0.00440769 0.00393687
1 19.6334 11.763 -0.00770009 0.0116186
1 20.7384 11.7616 -0.0067407 0.00765694
1 21.8431 11.761 -0.00152686 0.00279808
1 22.9484 11.7612 -0.000773668 0.00822452
1 24.0541 11.7624 0.0054506 0.0103612
1 25.1602 11.7641 0.000597875 0.00513777
1 26.2651 11.7666 0.00939002 0.000698648
1 27.3695 11.7708 0.014365 -0.00378503
1 28.4747 11.7766 0.00536537 -0.00981132
1 29.58 11.783 0.0202474 -0.0140855
1 30.6853 11.7896 0.0282665 -0.0168054
1 31.7926 11.7955 0.0404869 -0.0222082
1 32.9024 11.7995 0.0682445 -0.0313435
1 34.0145 11.8017 0.0976814 -0.0389618
1 35.1308 11.8029 0.130116 -0.0451281
1 36.2492 11.804 0.147197 -0.0431137
1 37.3676 11.8056 0.127204 -0.0279873
1 38.4844 11.8066 0.0936806 -0.0246582
1 39.5981 11.8048 0.0733604 -0.0306374
1 40.7117 11.8013 0.0636812 -0.0251081
1 41.8272 11.7968 0.0650171 -0.032941
1 42.9451 11.7908 0.0760131 -0.0375326
1 44.073 11.7847 0.0629501 -0.0376878
1 0.162156 12.739 -0.0609916 -0.0349802
1 1.28973 12.7454 -0.077675 -0.0344522
1 2.40792 12.7519 -0.068996 -0.0322883
1 3.52406 12.7573 -0.0622592 -0.024915
1 4.63806 12.7614 -0.0681475 -0.0257765
1 5.75242 12.7638 -0.0835013 -0.0172296
1 6.86968 12.7632 -0.111898 -0.0200896
1 7.98844 12.7618 -0.137374 -0.0354426
1 9.10715 12.7606 -0.133159 -0.0469856
1 10.2236 12.7595 -0.106654 -0.0494914
1 11.3362 12.7578 -0.0780216 -0.0396828
1 12.4465 12.7546 -0.0452707 -0.0276523
1 13.5545 12.75 -0.0251583 -0.0203378
1 14.6604 12.7439 -0.0213607 -0.0156176
1 15.7657 12.7373 -0.0110406 -0.0109452
1 16.8704 12.7315 -0.0144802 -0.00637113
1 17.9748 12.7272 -0.00965983 0.000459127
1 19.0799 12.7242 -0.00495683 0.00788865
1 20.1856 12.7225 -0.00440967 0.0114725
1 21.2912 12.7219 0.00284675 0.00646321
1 22.3966 12.7219 0.000146465 0.00557907
1 23.5011 12.7221 0.00649795 0.007475
1 24.6065 12.7234 0.00989135 0.00980352
1 25.7129 12.7259 -0.00219972 0.00593074
1 26.8178 12.7294 0.00368282 -0.00375113
1 27.9223 12.7343 0.00878154 -0.0100018
1 29.0271 12.7407 0.0186504 -0.0120664
1 30.1322 12.7471 0.0270566 -0.0191067
1 31.2391 12.7523 0.0292669 -0.0244813
1 32.3484 12.7564 0.0597699 -0.0308158
1 33.4595 12.7589 0.0961152 -0.0455798
1 34.5739 12.7599 0.122663 -0.051504
1 35.6918 12.7611 0.141592 -0.0398712
1 36.8109 12.7625 0.131406 -0.0253569
1 37.9295 12.7637 0.0996279 -0.0169663
1 39.0452 12.7631 0.0723574 -0.019899
1 40.1584 12.7595 0.0652106 -0.0241363
1 41.273 12.7549 0.0750783 -0.029443
1 42.3899 12.7486 0.0949769 -0.0336554
1 43.5088 12.742 0.110974 -0.0340927
1 0.726397 13.6969 -0.115089 -0.0303986
1 1.84494 13.7038 -0.0970631 -0.0313653
1 2.96197 13.7104 -0.078153 -0.0278946
1 4.07699 13.7156 -0.0662609 -0.0205754
1 5.19051 13.7192 -0.0713643 -0.0112042
1 6.30644 13.7202 -0.0921389 -0.0064063
1 7.42565 13.7195 -0.119277 -0.0119736
1 8.54531 13.7182 -0.127805 -0.0258031
1 9.66377 13.7173 -0.120638 -0.043034
1 10.779 13.7164 -0.104176 -0.0481142
1 11.8904 13.7144 -0.0705872 -0.0403018
1 12.9997 13.7114 -0.0384581 -0.0286783
1 14.1072 13.7068 -0.0277272 -0.0154366
1 15.2133 13.7009 -0.0172543 -0.0106489
1 16.318 13.695 -0.0117156 -0.0100764
1 17.422 13.6898 -0.00734898 -0.00228913
1 18.527 13.6856 0.00410483 0.00826143
1 19.6331 13.683 -0.00793422 0.0129414
1 20.7384 13.6822 -0.00657806 0.0124596
1 21.8431 13.6822 0.0023125 0.0104356
1 22.9486 13.6823 -0.00255913 0.0105801
1 24.0542 13.6827 -0.000196859 0.0114123
1 25.1601 13.6843 0.0039541 0.0104815
1 26.2654 13.6875 0.0130776 0.00447694
1 27.37 13.6924 0.0161561 -0.00623615
1 28.4745 13.698 0.0110584 -0.0111912
1 29.58 13.7039 0.0237754 -0.010949
1 30.6868 13.7093 0.030865 -0.0209117
1 31.7951 13.7131 0.0527728 -0.0356519
1 32.9054 13.7155 0.0888447 -0.0450535
1 34.018 13.7169 0.107917 -0.0459262
1 35.135 13.7176 0.121736 -0.0354916
1 36.2544 13.7186 0.124864 -0.0177898
1 37.374 13.72 0.103381 -0.00565274
1 38.4918 13.7201 0.0795736 -0.00718873
1 39.6067 13.7178 0.0695081 -0.0175737
1 40.7211 13.7132 0.065243 -0.0233015
1 41.8378 13.707 0.0688816 -0.0297876
1 42.956 13.7002 0.0760383 -0.0303963
1 44.0831 13.6932 0.057125 -0.0304465
1 0.153453 14.6491 -0.0528829 -0.0243842
1 1.27922 14.6562 -0.0748092 -0.0293189
1 2.3968 14.6635 -0.0708604 -0.0248155
1 3.51344 14.6698 -0.0674714 -0.0223347
1 4.62817 14.6746 -0.0705988 -0.0135676
1 5.74327 14.677 -0.081235 -0.00371825
1 6.86144 14.6772 -0.101179 -0.000188514
1 7.98144 14.6759 -0.115566 -0.00788768
1 9.10137 14.6749 -0.113845 -0.0218105
1 10.2194 14.6742 -0.103151 -0.036938
1 11.3332 14.6736 -0.0887454 -0.0479587
1 12.4439 14.6721 -0.0634694 -0.0438483
1 13.5524 14.6687 -0.0421049 -0.028553
1 14.6593 14.6639 -0.0259723 -0.0187324
1 15.7652 14.6588 -0.00774343 -0.0128333
1 16.8701 14.6534 -0.016879 -0.004554
1 17.9745 14.6482 -0.0171568 0.00237081
1 19.0795 14.6444 -0.00595748 0.00831019
1 20.1853 14.6428 -0.000164473 0.0132929
1 21.2909 14.6428 0.00488015 0.0138956
1 22.3964 14.6431 -0.00192301 0.0130075
1 23.5015 14.6429 0.00387892 0.0133798
1 24.6071 14.6436 0.00931807 0.0125858
1 25.7131 14.6462 -0.00135927 0.00441453
1 26.818 14.6508 0.00736107 -0.00398298
1 27.9225 14.656 0.0129772 -0.00795387
1 29.0276 14.6613 0.0201968 -0.0119704
1 30.1339 14.6664 0.0365546 -0.0233619
1 31.2418 14.6705 0.0507458 -0.036634
1 32.3514 14.6731 0.0787644 -0.0455893
1 33.4633 14.674 0.097423 -0.0439751
1 34.5792 14.6744 0.105957 -0.0295338
1 35.6983 14.6754 0.114413 -0.0113723
1 36.8182 14.6767 0.10825 -0.0029263
1 37.9377 14.6774 0.0889007 -0.00289428
1 39.054 14.6762 0.0714654 -0.0076246
1 40.168 14.6726 0.0681972 -0.0196328
1 41.2831 14.6665 0.0819071 -0.0263076
1 42.4003 14.6597 0.103045 -0.0275704
1 43.519 14.6526 0.119804 -0.0259335
1 0.716186 15.6096 -0.112072 -0.0209678
1 1.83415 15.6166 -0.103239 -0.0253231
1 2.9513 15.6232 -0.0842494 -0.026565
1 4.06682 15.6292 -0.0741377 -0.0209685
1 5.18097 15.6329 -0.0708572 -0.00758924
1 6.29706 15.6343 -0.0889134 -0.000357851
1 7.41703 15.6338 -0.109352 0.00116784
1 8.53743 15.6324 -0.105915 -0.00344813
1 9.65677 15.6312 -0.0962845 -0.0169447
1 10.7735 15.631 -0.0902465 -0.0332563
1 11.8867 15.6309 -0.0750561 -0.0428288
1 12.9976 15.6294 -0.055708 -0.0434782
1 14.1056 15.6261 -0.0460405 -0.0346998
1 15.2115 15.6216 -0.0270556 -0.0229986
1 16.3167 15.6165 -0.0135273 -0.0125568
1 17.4216 15.6112 -0.00951846 -0.00302858
1 18.5268 15.6065 0.000325983 0.00325649
1 19.6326 15.6036 -0.00660949 0.00739152
1 20.7377 15.6031 -0.00137115 0.0134657
1 21.843 15.6034 0.00173224 0.017531
1 22.9491 15.6034 -0.00748135 0.015611
1 24.0548 15.6034 -0.00147502 0.00936152
1 25.1603 15.605 0.00597718 0.0033948
1 26.2658 15.6088 0.0154073 0.00114429
1 27.3708 15.6139 0.0181999 -0.00492681
1 28.4758 15.6191 0.0158016 -0.0178981
1 29.5817 15.6238 0.0365023 -0.0296095
1 30.6887 15.6279 0.0507887 -0.0389214
1 31.7978 15.6304 0.065456 -0.0444431
1 32.9095 15.6308 0.0830493 -0.0386348
1 34.0242 15.631 0.090223 -0.023884
1 35.1425 15.6319 0.100389 -0.00904376
1 36.2625 15.6332 0.109455 -0.00159004
1 37.3829 15.6343 0.102022 0.00122808
1 38.5017 15.6338 0.0846537 -0.00423301
1 39.6172 15.6312 0.0762095 -0.0152446
1 40.7322 15.6263 0.0678006 -0.0234559
1 41.8484 15.6199 0.0694376 -0.0250284
1 42.9656 15.613 0.0715423 -0.0264557
1 44.09 15.607 0.0493364 -0.0186133
1 0.145433 16.5643 -0.0469076 -0.0163384
1 1.2691 16.5705 -0.0709206 -0.019262
1 2.38591 16.5767 -0.0704103 -0.0231202
1 3.502 16.5828 -0.0689748 -0.0223689
1 4.61731 16.5876 -0.0748558 -0.0183278
1 5.73291 16.5903 -0.0858401 -0.0038148
1 6.85195 16.5907 -0.104702 0.00146175
1 7.97279 16.5901 -0.108077 0.000474861
1 9.09305 16.5887 -0.094185 -0.000764603
1 10.2114 16.5875 -0.080189 -0.00960696
1 11.3266 16.5874 -0.071546 -0.0262965
1 12.4396 16.5876 -0.0574332 -0.0360458
1 13.5502 16.5864 -0.0498468 -0.0386357
1 14.6578 16.5837 -0.043993 -0.0371702
1 15.7636 16.5793 -0.0254919 -0.0265153
1 16.8687 16.5737 -0.0264413 -0.01028
1 17.9738 16.5684 -0.0184575 -0.00203559
1 19.079 16.5649 -0.00289509 0.00151622
1 20.1844 16.5634 0.00224842 0.00807768
1 21.2903 16.563 0.00550449 0.0181094
1 22.3967 16.5631 -0.000939888 0.0208401
1 23.5024 16.5633 0.00377174 0.0134324
1 24.6077 16.5643 0.00451466 0.00396892
1 25.7136 16.5667 -0.0033503 -6.00965e-05
1 26.819 16.5711 0.0154361 -0.00481348
1 27.9241 16.5765 0.0262035 -0.0166671
1 29.0294 16.5817 0.034581 -0.0323193
1 30.1357 16.5853 0.0485533 -0.0404948
1 31.2447 16.587 0.0529017 -0.0382945
1 32.3565 16.5874 0.0643752 -0.0317064
1 33.4702 16.5872 0.0757496 -0.0198499
1 34.587 16.5879 0.0882671 -0.00311576
1 35.7066 16.5896 0.104133 0.00165309
1 36.8272 16.5905 0.108643 3.26615e-05
1 37.9477 16.5906 0.093641 -0.000587177
1 39.0646 16.5893 0.0738874 -0.0100931
1 40.1788 16.5852 0.0734106 -0.0215295
1 41.2941 16.5798 0.0841535 -0.0241013
1 42.4108 16.5736 0.103178 -0.0212789
1 43.5281 16.5676 0.113203 -0.0159758
1 0.705813 17.5259 -0.112432 -0.0117482
1 1.82326 17.5313 -0.102645 -0.0124621
1 2.93976 17.5372 -0.085004 -0.0153606
1 4.05498 17.5423 -0.0756698 -0.0138653
1 5.16963 17.5462 -0.0777049 -0.00548065
1 6.28676 17.5475 -0.0959704 0.000666534
1 7.40753 17.5476 -0.11546 0.000587711
1 8.5291 17.5469 -0.106111 0.00425046
1 9.64902 17.5454 -0.0818222 0.00233742
1 10.7655 17.5445 -0.0666565 -0.00584788
1 11.8793 17.5444 -0.0553229 -0.0169911
1 12.9922 17.5444 -0.0418706 -0.0302255
1 14.1026 17.5442 -0.0419357 -0.035982
1 15.21 17.5419 -0.0403294 -0.0291976
1 16.316 17.5371 -0.0349833 -0.0205543
1 17.4209 17.5315 -0.0209256 -0.0135017
1 18.5257 17.5272 0.00141177 -0.00524306
1 19.6312 17.5246 -0.00387792 0.00652084
1 20.7368 17.5233 -0.00210472 0.0187154
1 21.8427 17.5228 0.00169396 0.0252076
1 22.9494 17.523 -0.00642123 0.0225512
1 24.0559 17.5241 -0.00303938 0.0128166
1 25.1618 17.526 0.003766 0.00106085
1 26.2667 17.5293 0.0226661 -0.00769811
1 27.3713 17.5343 0.0354335 -0.0153252
1 28.4769 17.5398 0.0333499 -0.0269654
1 29.5841 17.5434 0.0426831 -0.034629
1 30.6928 17.5444 0.0421869 -0.0336262
1 31.8043 17.5442 0.0455738 -0.0250566
1 32.9175 17.5441 0.0573147 -0.0121225
1 34.0321 17.5448 0.0682225 -0.000396392
1 35.15 17.5462 0.090521 0.00443864
1 36.271 17.5473 0.111662 0.00344504
1 37.3927 17.5478 0.106608 0.0032954
1 38.5121 17.5472 0.0880272 -0.00152004
1 39.6282 17.5444 0.0769217 -0.0145051
1 40.7434 17.5397 0.0696837 -0.0146665
1 41.8593 17.5341 0.0680468 -0.0148677
1 42.9756 17.5288 0.0679731 -0.0104413
1 44.0993 17.5227 0.0456517 -0.00844651
1 0.135504 18.4824 -0.0521664 -0.0053144
1 1.2593 18.4872 -0.0732109 -0.0086869
1 2.37541 18.4921 -0.0721321 -0.013391
1 3.49135 18.4971 -0.0709858 -0.014762
1 4.60632 18.5012 -0.0740744 -0.0145341
1 5.72251 18.5038 -0.0870852 -0.00407803
1 6.84224 18.5042 -0.108814 0.00217659
1 7.96423 18.5038 -0.114069 -0.000939991
1 9.08563 18.5034 -0.0898058 -0.00173803
1 10.2041 18.5024 -0.0645425 0.00230139
1 11.3188 18.501 -0.0498242 -0.00296463
1 12.4316 18.5007 -0.0331107 -0.0173531
1 13.5433 18.5014 -0.0304717 -0.0281935
1 14.6538 18.5013 -0.0376418 -0.0286446
1 15.7625 18.4989 -0.0305865 -0.0248086
1 16.8689 18.4948 -0.0362136 -0.022853
1 17.9732 18.4903 -0.029534 -0.0193976
1 19.0775 18.4866 -0.0124418 -0.00789551
1 20.1829 18.4837 -0.00129016 0.00835466
1 21.2896 18.482 0.00600675 0.0226602
1 22.3968 18.4818 -0.00290333 0.0263354
1 23.5034 18.483 0.00410383 0.0179804
1 24.6093 18.4852 0.01293 0.00204996
1 25.7146 18.4885 0.00835232 -0.0133368
1 26.819 18.4926 0.0249708 -0.0238922
1 27.9243 18.497 0.0333696 -0.0251828
1 29.0318 18.5004 0.036854 -0.0260136
1 30.1411 18.5015 0.037492 -0.0290812
1 31.2523 18.5007 0.0308055 -0.023614
1 32.3649 18.5006 0.0410685 -0.00890601
1 33.4781 18.5016 0.0560228 0.000319228
1 34.5942 18.5029 0.0764634 0.000561253
1 35.7142 18.5036 0.105934 -0.000558766
1 36.8363 18.5042 0.118998 0.00100393
1 37.9579 18.5042 0.101427 -0.000310154
1 39.0759 18.5026 0.0783376 -0.00820435
1 40.1907 18.4991 0.0716692 -0.014181
1 41.3058 18.4948 0.0806827 -0.0160042
1 42.4216 18.4897 0.0964213 -0.0116295
1 43.5392 18.4846 0.111966 -0.00704906
1 0.697213 19.4433 -0.114948 -0.00549914
1 1.81404 19.4479 -0.0997743 -0.0126084
1 2.92967 19.4523 -0.0827493 -0.0157525
1 4.04446 19.4564 -0.0718031 -0.0161956
1 5.15916 19.4591 -0.0767978 -0.00986119
1 6.27726 19.4603 -0.100585 -0.00405843
1 7.39915 19.4602 -0.119324 -0.0023837
1 8.52156 19.4601 -0.108359 -0.00416565
1 9.64229 19.4599 -0.0785384 -0.00277085
1 10.759 19.4588 -0.0529153 0.00121791
1 11.8719 19.4574 -0.0344527 -0.0022791
1 12.984 19.457 -0.0226948 -0.0142914
1 14.0956 19.4576 -0.0263572 -0.0213739
1 15.2059 19.4574 -0.0258288 -0.0220029
1 16.3145 19.4558 -0.0247147 -0.0240488
1 17.4208 19.4531 -0.0221366 -0.0261986
1 18.5255 19.4495 -0.0117233 -0.0206117
1 19.6305 19.4454 -0.0212933 -0.00593997
1 20.7359 19.4419 -0.0142619 0.0111481
1 21.8424 19.44 -0.000435949 0.0214445
1 22.95 19.4407 0.00132383 0.019093
1 24.0566 19.4437 0.0135722 0.00463352
1 25.1621 19.4477 0.019856 -0.0135109
1 26.2668 19.4515 0.0282233 -0.0247309
1 27.372 19.4547 0.0284862 -0.0254921
1 28.4795 19.4568 0.0220332 -0.0237234
1 29.5894 19.4575 0.0296359 -0.0212632
1 30.7006 19.4572 0.0236181 -0.0178942
1 31.8121 19.4569 0.024661 -0.00850469
1 32.9244 19.458 0.0432843 0.00174233
1 34.0388 19.4595 0.0632688 0.000704865
1 35.1575 19.4601 0.0917866 -0.00593008
1 36.2793 19.46 0.11578 -0.00384841
1 37.4019 19.4603 0.111945 -0.00143859
1 38.5224 19.4597 0.0895985 -0.00747125
1 39.639 19.4576 0.0742979 -0.0117313
1 40.7542 19.4544 0.068232 -0.0132146
1 41.87 19.4503 0.0678169 -0.0118897
1 42.9861 19.4457 0.0734677 -0.0107975
1 44.1101 19.4413 0.0550408 -0.00763471
1 0.126513 20.4001 -0.0554006 -0.00192485
1 1.25019 20.4044 -0.0664181 -0.0103633
1 2.36603 20.4087 -0.0638736 -0.00960315
1 3.48157 20.4123 -0.0671559 -0.00527579
1 4.59681 20.4147 -0.0717797 -0.00212385
1 5.71327 20.4162 -0.0863175 -0.000406486
1 6.83423 20.4167 -0.112891 0.00303751
1 7.95707 20.4166 -0.11637 0.000859664
1 9.07907 20.417 -0.0924031 -0.00190192
1 10.1985 20.4169 -0.0641051 0.00220344
1 11.3135 20.4157 -0.0414587 0.00656314
1 12.4256 20.4143 -0.0183873 0.00456018
1 13.5366 20.4138 -0.0140099 -0.00297966
1 14.6477 20.4139 -0.0190278 -0.0106714
1 15.7581 20.4142 -0.00883711 -0.0163831
1 16.8663 20.414 -0.0168146 -0.0190628
1 17.9724 20.4123 -0.0227953 -0.0151793
1 19.078 20.4087 -0.0233658 -0.00521713
1 20.184 20.4038 -0.0223782 0.0064902
1 21.2903 20.3999 -0.0079976 0.0144501
1 22.3966 20.399 0.00190916 0.0164997
1 23.5023 20.4016 0.0232481 0.0117723
1 24.6081 20.4062 0.0297112 0.00095757
1 25.7144 20.4108 0.0113811 -0.0110483
1 26.8206 20.4134 0.0127144 -0.0183658
1 27.9279 20.4142 0.0137401 -0.017309
1 29.0372 20.414 0.0164348 -0.0125841
1 30.1477 20.4137 0.0183215 -0.00798493
1 31.2588 20.4139 0.013746 0.000519736
1 32.3703 20.415 0.0297978 0.00780621
1 33.4833 20.4164 0.0537272 0.00524375
1 34.6006 20.417 0.0814713 -2.6187e-05
1 35.7218 20.4168 0.108406 -0.000856444
1 36.8442 20.4166 0.118772 0.00216266
1 37.9665 20.4165 0.10032 0.00152609
1 39.0848 20.4154 0.0730781 0.000316687
1 40.1996 20.4135 0.0690456 -0.00359147
1 41.3143 20.4103 0.0793169 -0.00595767
1 42.4299 20.4065 0.101946 -0.0101144
1 43.5472 20.4026 0.119036 -0.00646409
1 0.689379 21.3621 -0.104377 -0.00434846
1 1.80635 21.3657 -0.0939716 -0.0109599
1 2.92246 21.369 -0.0776831 -0.0108847
1 4.03754 21.3712 -0.0686486 -0.00675014
1 5.15219 21.3723 -0.0686209 -0.00354097
1 6.27029 21.3725 -0.0951577 -0.00389671
1 7.39268 21.3729 -0.115581 -0.00596992
1 8.5153 21.3733 -0.109174 -0.00545992
1 9.63692 21.3734 -0.0861704 -0.00527135
1 10.7549 21.3733 -0.05708 -0.00398318
1 11.8684 21.3723 -0.0286897 0.00219447
1 12.98 21.3708 -0.00989625 0.00357946
1 14.0907 21.3699 -0.0104738 -0.00394982
1 15.2005 21.3704 -0.00539961 -0.01555
1 16.3095 21.3716 -0.00128794 -0.021909
1 17.4175 21.372 -0.00481437 -0.0178162
1 18.5252 21.37 -0.00636866 -0.00781202
1 19.6329 21.366 -0.0251378 -0.00152821
1 20.7387 21.3616 -0.020655 -0.000965689
1 21.8431 21.3592 -0.00198663 -0.00285351
1 22.948 21.3599 0.00490028 -0.00329145
1 24.0537 21.3635 0.0176946 -0.00225301
1 25.1608 21.3681 0.0198723 -0.00389726
1 26.2686 21.3712 0.0197738 -0.010703
1 27.3764 21.372 0.00979934 -0.0185301
1 28.485 21.3709 -0.000679081 -0.0197266
1 29.5949 21.3699 0.00980022 -0.0106002
1 30.7053 21.3703 0.00811965 0.000951877
1 31.8159 21.3716 0.0160422 0.00390647
1 32.9281 21.3729 0.0429074 -0.000527253
1 34.0435 21.3733 0.0682792 -0.00556059
1 35.1635 21.3733 0.0949759 -0.0060228
1 36.2857 21.373 0.115438 -0.00548638
1 37.4085 21.3727 0.112872 -0.00387199
1 38.5295 21.3725 0.0892129 -0.00353512
1 39.6464 21.3717 0.0736735 -0.00654377
1 40.7617 21.37 0.0655637 -0.00790827
1 41.8772 21.3675 0.0623261 -0.0115335
1 42.9929 21.3639 0.0647564 -0.0103038
1 44.116 21.3607 0.0529284 -0.00411221
1 0.121982 22.321 -0.0402103 -0.00279041
1 1.24446 22.3236 -0.0570565 -0.00559725
1 2.36037 22.3258 -0.0565805 -0.00884298
1 3.4762 22.3276 -0.0618728 -0.00288534
1 4.5918 22.3285 -0.0703628 -0.00154754
1 5.70847 22.3288 -0.0811743 0.00122235
1 6.82909 22.3289 -0.104577 -0.00198638
1 7.9519 22.3294 -0.114662 -0.00171904
1 9.07443 22.3294 -0.0967015 -0.00119495
1 10.1945 22.3295 -0.0701612 -0.0044596
1 11.3106 22.3296 -0.0471464 -0.00050128
1 12.4237 22.3286 -0.0177034 0.00756983
1 13.5345 22.3271 -0.00379898 0.00648813
1 14.644 22.3268 -0.00179509 -0.004667
1 15.753 22.328 0.00719206 -0.0125694
1 16.8619 22.3292 -0.0073429 -0.00987118
1 17.9707 22.3288 -0.0146903 -0.00244074
1 19.0794 22.3267 -0.00815437 0.00163803
1 20.1867 22.3236 -0.00350115 -0.000354621
1 21.2919 22.3211 0.00164551 -0.00594157
1 22.3959 22.3205 -0.00334087 -0.00782757
1 23.4999 22.322 0.00776895 -0.00391734
1 24.606 22.3249 0.0136852 0.00121922
1 25.7147 22.3277 0.00211304 0.000657415
1 26.8238 22.3291 0.00469945 -0.00573165
1 27.933 22.3286 -0.000914743 -0.0121151
1 29.0418 22.3273 -0.00303064 -0.00958166
1 30.1506 22.3268 0.00393544 0.00144636
1 31.2607 22.3279 0.0110744 0.00868186
1 32.3727 22.3293 0.0336451 0.00449262
1 33.4868 22.3296 0.0585292 -0.00445132
1 34.6049 22.3293 0.0850591 -0.00292636
1 35.7267 22.3294 0.110942 -0.000673574
1 36.8494 22.3291 0.115437 -0.00294476
1 37.9716 22.3287 0.0931871 -0.000920826
1 39.0898 22.3287 0.0691303 2.07988e-06
1 40.2047 22.328 0.0674092 -0.0022714
1 41.3198 22.3269 0.0770305 -0.00472722
1 42.4357 22.3247 0.0929109 -0.00800672
1 43.5524 22.3225 0.104276 -0.00483566
1 0.685243 23.2832 -0.0945079 -0.00398701
1 1.80226 23.2837 -0.0851263 -0.00178916
1 2.91854 23.2846 -0.0733198 0.000779893
1 4.034 23.2849 -0.0660389 0.00296165
1 5.14904 23.2852 -0.0698046 0.00397054
1 6.26713 23.2852 -0.0916386 0.00302114
1 7.38921 23.2855 -0.114063 0.00214276
1 8.51227 23.2856 -0.110681 0.00239239
1 9.6339 23.2855 -0.0862666 0.00138075
1 10.7522 23.2857 -0.0645741 0.000758959
1 11.8672 23.2856 -0.0375736 0.00431329
1 12.9796 23.285 -0.00868933 0.00685292
1 14.0892 23.2845 0.00149695 0.00271555
1 15.1973 23.2848 0.00436249 -0.00155931
1 16.3061 23.2855 -0.000569357 -0.00170269
1 17.4158 23.2858 -0.00354715 0.00111535
1 18.5255 23.2853 0.00758197 0.00344045
1 19.634 23.2843 0.000520491 0.00231464
1 20.7396 23.2832 0.00200761 -0.000310575
1 21.8434 23.2826 0.00289136 -0.00214398
1 22.9475 23.2828 -0.0106298 -0.000782004
1 24.0527 23.2835 -0.00778623 0.00195136
1 25.1601 23.2845 0.000300577 0.00337254
1 26.2694 23.2853 0.0129555 0.00228264
1 27.3791 23.2855 0.00876239 -0.000656306
1 28.4885 23.2851 -0.00748574 -0.00197257
1 29.5972 23.2847 -0.00278547 0.000812697
1 30.7058 23.2848 0.00135086 0.00624864
1 31.8165 23.2854 0.021491 0.00584157
1 32.9302 23.2858 0.0522983 0.00134415
1 34.0466 23.2856 0.0709118 0.000505518
1 35.1664 23.2855 0.094922 0.00265316
1 36.289 23.2855 0.114118 0.00291009
1 37.412 23.2853 0.102814 0.00155951
1 38.5323 23.2852 0.0788941 0.00224605
1 39.6489 23.2851 0.0689554 0.00251835
1 40.7644 23.2849 0.0623955 0.0027933
1 41.8805 23.2843 0.0579673 -0.00160498
1 42.9961 23.2835 0.0538024 -0.00053352
1 44.1183 23.2823 0.0359121 0.00211823
1 0.12185 24.245 -0.0368849 -2.69569e-05
1 1.24395 24.2437 -0.0543502 0.00214925
1 2.35957 24.2429 -0.0583766 0.00249121
1 3.47572 24.2421 -0.0620537 -0.00230702
1 4.59109 24.2419 -0.0673631 -0.00315777
1 5.70762 24.2419 -0.0771874 -0.00273403
1 6.82779 24.2419 -0.102408 -0.0021456
1 7.95064 24.2417 -0.114891 -0.00338699
1 9.07329 24.2417 -0.0953406 -0.00322753
1 10.1932 24.2416 -0.0715501 -0.000949454
1 11.3099 24.2414 -0.0530951 -0.00201061
1 12.4237 24.2418 -0.0215326 -0.0063546
1 13.5344 24.2424 -0.000574849 -0.00661548
1 14.6431 24.2425 0.00386504 -0.00148914
1 15.7516 24.242 0.00862913 0.000873085
1 16.861 24.2417 -0.00893911 -0.00046469
1 17.9707 24.242 -0.012789 -0.00339649
1 19.0796 24.2427 -0.000158778 -0.00472265
1 20.187 24.2437 0.0071871 -0.00374867
1 21.2922 24.2444 0.00917628 -0.00127422
1 22.3962 24.2445 -0.00412774 0.000170666
1 23.5 24.244 -0.00200953 -0.00152977
1 24.6058 24.2429 0.000831683 -0.00384246
1 25.7145 24.2419 -0.00596096 -0.00463365
1 26.8242 24.2414 0.00428822 -0.00224513
1 27.934 24.2417 0.00111594 0.000606824
1 29.0429 24.2423 -0.00456095 0.000747536
1 30.151 24.2426 -0.000787368 -0.0032779
1 31.2605 24.2421 0.00940573 -0.00722026
1 32.373 24.2415 0.0374202 -0.00517985
1 33.4879 24.2414 0.0630563 -0.00129202
1 34.606 24.2417 0.0852398 -0.00175
1 35.7276 24.2416 0.109568 -0.00309899
1 36.8505 24.2417 0.113937 -0.0025926
1 37.9727 24.2419 0.0918363 -0.00357732
1 39.091 24.2419 0.0701719 -0.00460268
1 40.2062 24.2422 0.065329 -0.00285161
1 41.3214 24.2425 0.0717576 -0.000295348
1 42.4375 24.2434 0.0844563 0.0031708
1 43.5546 24.244 0.0973941 0.00504031
1 0.687705 25.2049 -0.102613 0.0062034
1 1.8042 25.2026 -0.0932141 0.00858725
1 2.92024 25.2002 -0.0782207 0.00657888
1 4.03546 25.1991 -0.0683933 0.00293563
1 5.15024 25.1985 -0.0692709 0.000509422
1 6.26819 25.1987 -0.0929361 0.00170933
1 7.39029 25.1983 -0.115635 0.00448968
1 8.5132 25.1979 -0.11227 0.00214299
1 9.63505 25.198 -0.0860932 0.00440251
1 10.7533 25.1977 -0.0605002 0.00608331
1 11.8675 25.198 -0.0332654 -0.00263614
1 12.9796 25.1994 -0.0102145 -0.00732583
1 14.0897 25.2005 -0.00306048 -2.14475e-05
1 15.1984 25.2 0.00333905 0.0108851
1 16.3072 25.1988 0.00137191 0.0135266
1 17.4163 25.1983 -0.00430819 0.00706984
1 18.5254 25.1997 -0.000783098 0.000821598
1 19.6339 25.2025 -0.0124031 0.000138044
1 20.7397 25.2053 -0.00790246 0.00510897
1 21.8437 25.2068 0.00185486 0.0087505
1 22.9477 25.2061 -0.00291998 0.00724038
1 24.0529 25.2037 0.00331482 0.00194923
1 25.1603 25.2007 0.00829374 -2.70493e-06
1 26.2692 25.1985 0.0148669 0.00383843
1 27.3783 25.1981 0.00763892 0.0110188
1 28.4872 25.1993 -0.00606583 0.0141791
1 29.5963 25.2005 0.00246417 0.00627184
1 30.7057 25.2002 0.00470632 -0.00524582
1 31.8165 25.1987 0.0171646 -0.00625873
1 32.9294 25.1977 0.0462274 0.00194011
1 34.0453 25.1979 0.069518 0.00618411
1 35.1653 25.1979 0.096104 0.00245472
1 36.2877 25.198 0.114629 0.00287914
1 37.4107 25.1983 0.105601 0.00289565
1 38.5315 25.1985 0.083616 -0.000144404
1 39.6483 25.1987 0.0717111 0.00233393
1 40.7639 25.1996 0.0619753 0.00355542
1 41.8796 25.2014 0.0560778 0.0102742
1 42.9955 25.2037 0.056567 0.0063327
1 44.118 25.2063 0.0397599 0.00322465
1 0.12437 26.1668 -0.0540436 0.00409658
1 1.24727 26.1634 -0.0653346 0.0103223
1 2.36295 26.1599 -0.0626222 0.0122837
1 3.47837 26.1572 -0.065022 0.00900108
1 4.59368 26.1556 -0.0721234 0.00662444
1 5.71032 26.155 -0.0867309 0.0028222
1 6.83132 26.1548 -0.112153 0.00402593
1 7.95404 26.1545 -0.115839 0.00593444
1 9.0763 26.1542 -0.0960465 0.00664827
1 10.1964 26.1541 -0.0689085 0.00570332
1 11.3121 26.1546 -0.0434885 0.00102236
1 12.4243 26.1559 -0.0163274 -0.00377229
1 13.535 26.1573 -0.0074453 -0.00084703
1 14.6454 26.1576 -0.00906252 0.010636
1 15.7552 26.1566 0.00152607 0.0193665
1 16.8638 26.1556 -0.0098119 0.0186868
1 17.9714 26.1564 -0.0199257 0.0113341
1 19.079 26.1595 -0.0199454 0.00446105
1 20.186 26.164 -0.0179729 0.002992
1 21.2917 26.1676 -0.00604474 0.0044682
1 22.3964 26.1683 0.000564461 0.00437802
1 23.501 26.1658 0.0205931 0.00227659
1 24.6069 26.1615 0.0265612 0.00272832
1 25.7147 26.1575 0.00774062 0.00851997
1 26.8225 26.1555 0.0054151 0.0180812
1 27.9306 26.1559 0.00223327 0.0216286
1 29.0396 26.1571 0.00586923 0.0155783
1 30.1495 26.1576 0.011551 0.00426067
1 31.2603 26.1568 0.010684 -0.00346653
1 32.3718 26.1552 0.0284424 -0.00249782
1 33.4851 26.1543 0.0549807 0.00419064
1 34.6029 26.1541 0.0846326 0.0054074
1 35.7245 26.1542 0.108558 0.00529427
1 36.847 26.1545 0.115233 0.00548774
1 37.9695 26.1548 0.0961163 0.00414754
1 39.0879 26.1551 0.0682746 0.00343454
1 40.2025 26.1563 0.0669184 0.00751742
1 41.3174 26.1584 0.075445 0.0104463
1 42.4333 26.1616 0.0940644 0.0124037
1 43.5504 26.1652 0.106806 0.00471537
1 0.692981 27.1249 -0.116017 0.00680979
1 1.81007 27.1208 -0.101533 0.00929377
1 2.92575 27.1169 -0.0809714 0.00674339
1 4.04051 27.1136 -0.0704788 0.00304856
1 5.15518 27.1118 -0.0730263 -0.00122285
1 6.2733 27.1109 -0.100035 -0.00265333
1 7.39559 27.1108 -0.119499 -0.00257087
1 8.5181 27.1106 -0.109464 0.000654522
1 9.63945 27.1103 -0.0832728 -0.000660517
1 10.7569 27.111 -0.0561948 -0.006243
1 11.87 27.1124 -0.0304307 -0.00851453
1 12.9815 27.1135 -0.0135396 -0.0015164
1 14.0926 27.1137 -0.0171819 0.00695418
1 15.2031 27.1135 -0.0157653 0.0116092
1 16.3123 27.1133 -0.0129949 0.0166374
1 17.4194 27.114 -0.0122495 0.0175881
1 18.5256 27.1167 -0.00975086 0.0104617
1 19.6318 27.1212 -0.0281103 -0.00141887
1 20.7374 27.1258 -0.0233687 -0.012074
1 21.843 27.1284 -0.00316574 -0.0167832
1 22.9494 27.1275 0.00698348 -0.0143091
1 24.0557 27.1235 0.02196 -0.00640002
1 25.1617 27.1187 0.0231753 0.00510229
1 26.2675 27.1151 0.0225871 0.014509
1 27.3738 27.1134 0.017055 0.0181756
1 28.4821 27.1132 0.0097193 0.0156186
1 29.5925 27.1135 0.0192414 0.00981928
1 30.7035 27.1136 0.0148736 0.00197246
1 31.8145 27.1131 0.0187138 -0.00531455
1 32.9265 27.1117 0.0411789 -0.0079586
1 34.0413 27.1105 0.0638106 -0.00352741
1 35.1606 27.1103 0.0919073 0.000822323
1 36.2825 27.1107 0.115956 -0.00220476
1 37.4055 27.1105 0.11394 -0.00433311
1 38.5266 27.111 0.0888954 0.000572979
1 39.6432 27.1126 0.073409 0.00188324
1 40.7584 27.1151 0.0672302 0.00457616
1 41.8739 27.1185 0.063474 0.00863364
1 42.9897 27.1229 0.0661631 0.0108519
1 44.1135 27.127 0.0553883 0.0029026
1 0.130342 28.0863 -0.0565077 0.00763215
1 1.25419 28.0817 -0.0740768 0.0113502
1 2.37028 28.0771 -0.0686614 0.0126439
1 3.48605 28.0729 -0.0681975 0.0133032
1 4.6011 28.0697 -0.0730346 0.0119634
1 5.71759 28.0676 -0.0874814 0.00711407
1 6.83793 28.0671 -0.111603 0.0022958
1 7.96047 28.0674 -0.117053 0.00484944
1 9.08241 28.0672 -0.0928586 0.00644331
1 10.2012 28.0678 -0.0639647 -0.000446694
1 11.3158 28.0694 -0.0433571 -0.00151442
1 12.4281 28.0705 -0.0243713 0.00863165
1 13.5397 28.0703 -0.0226283 0.0184892
1 14.6509 28.0699 -0.0293731 0.0217601
1 15.7608 28.0707 -0.0214038 0.0240672
1 16.8682 28.0728 -0.0281793 0.0257738
1 17.9733 28.0759 -0.0285765 0.0248625
1 19.0777 28.0797 -0.0201003 0.01334
1 20.1831 28.0837 -0.0134225 -0.00463135
1 21.2897 28.0867 -0.00158375 -0.0188413
1 22.3971 28.0874 -0.000679562 -0.0209961
1 23.5038 28.0855 0.0137901 -0.0106318
1 24.6093 28.0819 0.0224006 0.00651525
1 25.7145 28.0778 0.0129582 0.0208537
1 26.8192 28.0742 0.0226345 0.0265403
1 27.9255 28.0716 0.0256105 0.0243031
1 29.0342 28.0699 0.0265844 0.0224072
1 30.1447 28.0698 0.0275681 0.0218946
1 31.2562 28.0705 0.0226042 0.014864
1 32.3682 28.0701 0.0334338 0.00250955
1 33.4809 28.0687 0.0506476 -0.00135018
1 34.5975 28.0674 0.0771243 0.00234125
1 35.7181 28.0673 0.108031 0.00378578
1 36.8405 28.0671 0.119214 0.00235324
1 37.9625 28.0669 0.101149 0.00488257
1 39.0808 28.0683 0.0772098 0.0112846
1 40.1955 28.071 0.0703369 0.0164249
1 41.3102 28.0751 0.0810782 0.0149255
1 42.4256 28.0794 0.0996537 0.0124634
1 43.5428 28.0839 0.117281 0.00576885
1 0.701195 29.0429 -0.110765 0.00681721
1 1.81845 29.0378 -0.0960583 0.0125829
1 2.93435 29.0327 -0.0814264 0.0168113
1 4.0495 29.0283 -0.0728769 0.0151195
1 5.16414 29.0248 -0.077958 0.00870789
1 6.28183 29.0234 -0.101078 0.00116781
1 7.40348 29.0234 -0.120075 0.000512665
1 8.52578 29.0238 -0.107203 0.00224491
1 9.64582 29.0246 -0.0780798 0.000498881
1 10.762 29.0259 -0.0581315 0.000552826
1 11.8754 29.0269 -0.0420697 0.0103059
1 12.9881 29.0268 -0.0312012 0.024608
1 14.0993 29.026 -0.0367825 0.0301626
1 15.2085 29.0271 -0.0364978 0.0274255
1 16.3159 29.0305 -0.0325862 0.0264734
1 17.4211 29.0348 -0.0247132 0.0251335
1 18.5255 29.0389 -0.0073951 0.014613
1 19.6306 29.0422 -0.0117353 -0.000977421
1 20.7363 29.0444 -0.0041814 -0.016411
1 21.8428 29.0456 0.00218214 -0.0244923
1 22.9501 29.0453 -0.00635611 -0.0208822
1 24.0568 29.0437 0.00116311 -0.00642241
1 25.1623 29.0408 0.0120693 0.00962856
1 26.2669 29.0371 0.0290841 0.0206732
1 27.3713 29.0326 0.0366757 0.0242044
1 28.4776 29.0284 0.031685 0.0263906
1 29.5864 29.0261 0.0383015 0.0297838
1 30.6968 29.026 0.032035 0.0292868
1 31.8085 29.0269 0.0336492 0.0190573
1 32.9213 29.0266 0.0497701 0.00397283
1 34.0358 29.0252 0.0640146 -0.00178299
1 35.154 29.0241 0.0890166 0.00220959
1 36.2754 29.0235 0.113895 0.00132394
1 37.3975 29.0231 0.109284 -0.00132193
1 38.5174 29.0236 0.0891911 0.00587789
1 39.6337 29.0263 0.0753243 0.0159993
1 40.7487 29.0306 0.0710812 0.015188
1 41.8646 29.0354 0.0709028 0.0130765
1 42.9808 29.0402 0.0730126 0.00901927
1 44.1047 29.045 0.0513908 0.00547577
1 0.141194 30.0045 -0.0471065 0.00806127
1 1.26482 29.9987 -0.0683683 0.0091725
1 2.38099 29.9933 -0.068814 0.0145168
1 3.49689 29.9876 -0.0692463 0.0146561
1 4.61205 29.983 -0.0750237 0.0142878
1 5.7279 29.9802 -0.0854365 0.00096365
1 6.84717 29.9797 -0.106262 -0.00279571
1 7.96878 29.9801 -0.112244 -0.00339007
1 9.08978 29.9812 -0.0911286 -0.00449881
1 10.2078 29.9826 -0.0690635 0.000679846
1 11.3227 29.9832 -0.0583555 0.0125125
1 12.436 29.9832 -0.0456555 0.0250305
1 13.5474 29.983 -0.0405587 0.0335742
1 14.6562 29.984 -0.0421445 0.0344479
1 15.7633 29.9876 -0.032483 0.0270141
1 16.8688 29.993 -0.0352166 0.0156292
1 17.9734 29.998 -0.0238931 0.0076483
1 19.0781 30.0013 -0.00482835 -0.00114832
1 20.1838 30.0032 0.00290375 -0.0127657
1 21.2903 30.0043 0.00632265 -0.0224844
1 22.3969 30.0045 -0.0022344 -0.0250119
1 23.5029 30.004 0.00250154 -0.018358
1 24.6087 30.0027 0.00543022 -0.0060579
1 25.7144 30 -0.000529394 0.00548702
1 26.8191 29.9957 0.0211772 0.0137625
1 27.9241 29.9902 0.035844 0.0206898
1 29.0301 29.9853 0.0407795 0.0294699
1 30.1376 29.983 0.0430776 0.0360707
1 31.2479 29.9829 0.0420201 0.0304198
1 32.3607 29.983 0.0547887 0.0171703
1 33.4745 29.9829 0.0652045 0.00610489
1 34.5909 29.982 0.0800857 -0.00258763
1 35.7107 29.9805 0.104823 -0.00521525
1 36.8321 29.9797 0.114374 -0.0014007
1 37.9529 29.9798 0.0963705 -0.000736072
1 39.0703 29.9813 0.0771669 0.00604047
1 40.185 29.9853 0.0744836 0.0131809
1 41.3002 29.9902 0.0839105 0.0145229
1 42.4165 29.9961 0.103407 0.0113138
1 43.5341 30.0015 0.114176 0.011507
1 0.712131 30.9598 -0.110486 0.0154582
1 1.82933 30.9538 -0.102216 0.0212438
1 2.9461 30.9477 -0.0853693 0.0245294
1 4.06144 30.9422 -0.0742781 0.0223247
1 5.17566 30.9381 -0.0734593 0.010535
1 6.29218 30.9368 -0.0924851 0.00129521
1 7.41254 30.9368 -0.109198 0.00036326
1 8.53325 30.9377 -0.104835 -0.00161417
1 9.65292 30.9395 -0.0902147 0.00327078
1 10.7699 30.9401 -0.077947 0.0198245
1 11.8837 30.9399 -0.0654245 0.032007
1 12.9956 30.9403 -0.0528569 0.0380324
1 14.1046 30.9421 -0.0471974 0.0398567
1 15.2108 30.9457 -0.0341997 0.0320482
1 16.3161 30.9508 -0.0252863 0.0164445
1 17.4211 30.9562 -0.0150293 0.00451612
1 18.5265 30.9606 0.00417541 -0.000534818
1 19.6322 30.9631 -0.00278401 -0.00499541
1 20.7374 30.964 -0.00298151 -0.0142367
1 21.8429 30.9643 0.000422656 -0.0212417
1 22.9494 30.9643 -0.00571462 -0.0186763
1 24.0554 30.9639 -0.00240419 -0.00856575
1 25.1609 30.9623 0.00175376 -0.00178294
1 26.2662 30.9589 0.0169665 0.00177434
1 27.3714 30.9535 0.0263833 0.00986934
1 28.4766 30.9479 0.0261268 0.0264541
1 29.5824 30.9436 0.0442536 0.0370348
1 30.6899 30.9408 0.0515314 0.0386947
1 31.8005 30.9396 0.0575018 0.0361032
1 32.9134 30.9398 0.0708734 0.0262889
1 34.0284 30.9399 0.0797468 0.00957203
1 35.1467 30.9387 0.0936707 0.000112083
1 36.2669 30.9372 0.107432 -0.000647199
1 37.3877 30.9366 0.104724 -0.00163363
1 38.5068 30.937 0.0878763 0.00495903
1 39.6226 30.9399 0.0765118 0.0187499
1 40.738 30.9447 0.0690324 0.0224293
1 41.854 30.9508 0.0698981 0.0229564
1 42.9709 30.957 0.0698644 0.0190144
1 44.0945 30.9632 0.0459097 0.0158299
1 0.150434 31.9205 -0.0495487 0.0178694
1 1.27477 31.9144 -0.0722846 0.0272601
1 2.39188 31.9075 -0.0695917 0.0258529
1 3.50811 31.9012 -0.0677094 0.0247074
1 4.62315 31.8962 -0.0743597 0.0166377
1 5.73841 31.8936 -0.0823522 0.00523869
1 6.85697 31.8931 -0.101093 0.000168913
1 7.97731 31.8941 -0.10963 0.00248522
1 9.09725 31.8954 -0.101232 0.0101101
1 10.2156 31.8962 -0.0919141 0.0249612
1 11.3306 31.8964 -0.0843354 0.0395761
1 12.4424 31.897 -0.0658193 0.0450522
1 13.5515 31.8994 -0.0492427 0.0392617
1 14.6585 31.9036 -0.0357365 0.0300564
1 15.7644 31.9083 -0.0146235 0.0186903
1 16.8694 31.9134 -0.0178647 0.00603145
1 17.9744 31.9185 -0.0163773 -0.000810025
1 19.0796 31.9222 -0.0068018 -0.00314002
1 20.185 31.9239 0.000999653 -0.00878679
1 21.2906 31.9239 0.00708444 -0.0149497
1 22.3966 31.9238 -0.00193776 -0.0168855
1 23.5021 31.9242 0.00224468 -0.0125741
1 24.6074 31.9236 0.00826592 -0.00681858
1 25.7132 31.9207 0.000110625 -0.00258287
1 26.8184 31.9161 0.00908602 0.004039
1 27.9234 31.9107 0.0139438 0.013369
1 29.0287 31.9056 0.0271676 0.0238503
1 30.1346 31.9011 0.0470351 0.0356024
1 31.2426 31.8978 0.0558649 0.0443776
1 32.3533 31.8963 0.0745476 0.0432618
1 33.4664 31.8962 0.0887735 0.0341694
1 34.5831 31.8961 0.0951597 0.017501
1 35.7024 31.8949 0.105617 0.00383549
1 36.8226 31.8935 0.108 -0.000494549
1 37.9425 31.893 0.0894148 0.00136793
1 39.0588 31.8945 0.0708743 0.00907566
1 40.173 31.8983 0.072911 0.0219143
1 41.2885 31.9043 0.0833009 0.0269368
1 42.4055 31.911 0.10402 0.025386
1 43.5235 31.9179 0.114528 0.0205638
1 0.721182 32.8748 -0.11642 0.025116
1 1.83979 32.8676 -0.101872 0.0266996
1 2.9571 32.8608 -0.0824709 0.0259392
1 4.0724 32.8548 -0.0692697 0.018652
1 5.18628 32.8512 -0.0711937 0.00639473
1 6.30238 32.85 -0.0878447 0.00198532
1 7.42174 32.8506 -0.108871 0.00198383
1 8.54161 32.8518 -0.114675 0.0113253
1 9.66068 32.8528 -0.108302 0.0293791
1 10.7768 32.8532 -0.099438 0.0433612
1 11.8887 32.8542 -0.0796309 0.0444598
1 12.9985 32.8568 -0.0509856 0.0356572
1 14.1065 32.861 -0.034972 0.0227316
1 15.2126 32.866 -0.0194017 0.011637
1 16.3177 32.8712 -0.0120276 0.00761217
1 17.4221 32.8764 -0.00738697 0.00344508
1 18.527 32.881 0.00185996 -0.00489346
1 19.6328 32.8837 -0.00744474 -0.013065
1 20.7382 32.8843 -0.00266062 -0.0139964
1 21.8432 32.8842 0.00191759 -0.013126
1 22.9488 32.8845 -0.00550203 -0.014003
1 24.0545 32.8844 -0.000949059 -0.0137719
1 25.1604 32.8828 0.00480362 -0.00877173
1 26.2656 32.8791 0.0162791 -0.00256941
1 27.37 32.8739 0.0170728 0.00404803
1 28.4749 32.8684 0.00808881 0.0123184
1 29.5809 32.8633 0.0260293 0.0182104
1 30.6877 32.8585 0.0436773 0.0283004
1 31.7962 32.8551 0.0635169 0.0429787
1 32.9068 32.8534 0.0884168 0.0471952
1 34.0204 32.8528 0.10227 0.0362753
1 35.1382 32.8523 0.11322 0.0209773
1 36.2582 32.8513 0.115101 0.00684005
1 37.3782 32.8502 0.10077 -0.00110252
1 38.4964 32.8504 0.083086 0.00288272
1 39.6116 32.8528 0.0718024 0.0126606
1 40.7264 32.8577 0.0664701 0.0209303
1 41.843 32.864 0.0698332 0.0233351
1 42.9607 32.8714 0.0733999 0.0274612
1 44.0865 32.8783 0.0521975 0.023164
1 0.157369 33.8343 -0.0572093 0.0297803
1 1.28435 33.8273 -0.0774418 0.0301475
1 2.40247 33.8204 -0.0704198 0.0296928
1 3.51926 33.8143 -0.0658049 0.0232
1 4.63367 33.8098 -0.0687211 0.0167833
1 5.74833 33.8074 -0.0779103 0.00649024
1 6.86599 33.8075 -0.103244 0.00517267
1 7.98543 33.8089 -0.125777 0.0179419
1 9.10472 33.8098 -0.123257 0.0358231
1 10.2218 33.8105 -0.109386 0.0457131
1 11.3347 33.812 -0.0892171 0.0444814
1 12.445 33.8144 -0.0529254 0.0347707
1 13.5535 33.8183 -0.0296422 0.0202877
1 14.6603 33.8237 -0.0235361 0.0109347
1 15.7657 33.8295 -0.0101312 0.0109112
1 16.8703 33.8351 -0.0156984 0.00643751
1 17.9748 33.84 -0.0136624 -0.00424606
1 19.0799 33.8431 -0.00444062 -0.0102283
1 20.1856 33.8447 -0.000400152 -0.0109866
1 21.2911 33.8452 0.00198455 -0.0104023
1 22.3965 33.8452 -0.00236936 -0.0103364
1 23.5013 33.8453 0.00739798 -0.0119584
1 24.6067 33.8444 0.00912119 -0.0124809
1 25.713 33.8418 -0.00392605 -0.00799525
1 26.818 33.8377 0.00712076 0.00233886
1 27.922 33.8325 0.0124456 0.00993417
1 29.0268 33.8265 0.0177109 0.0101625
1 30.133 33.8205 0.0292125 0.0150245
1 31.2406 33.8159 0.0384283 0.0281921
1 32.3498 33.8129 0.0700096 0.0399341
1 33.4609 33.8108 0.102856 0.0479505
1 34.576 33.81 0.119125 0.0428946
1 35.6944 33.8092 0.128192 0.0251955
1 36.8141 33.808 0.118586 0.0114035
1 37.9333 33.8073 0.0929603 0.00564894
1 39.0494 33.8084 0.0718427 0.0105741
1 40.1629 33.812 0.0652456 0.0200914
1 41.2777 33.8173 0.0772154 0.0271959
1 42.3948 33.8239 0.0982864 0.0309461
1 43.5135 33.8308 0.117333 0.0296886
1 0.731318 34.7854 -0.10844 0.0350741
1 1.8501 34.7788 -0.0942658 0.0346038
1 2.96715 34.7725 -0.0764277 0.0297797
1 4.08191 34.7679 -0.0664691 0.0241316
1 5.19506 34.7643 -0.0719072 0.0201112
1 6.31046 34.7638 -0.0992094 0.0177163
1 7.429 34.765 -0.132512 0.0267238
1 8.54804 34.7664 -0.141915 0.0412127
1 9.66597 34.7676 -0.12412 0.0522675
1 10.7805 34.7686 -0.0974679 0.0458825
1 11.8917 34.7711 -0.0603459 0.0310567
1 13.0012 34.7752 -0.0285235 0.0248994
1 14.1081 34.7804 -0.0250718 0.019698
1 15.2132 34.7868 -0.0182845 0.0132088
1 16.3179 34.7931 -0.00827572 0.011186
1 17.4223 34.798 -0.00424148 0.0047661
1 18.5272 34.8016 0.00170471 -0.00440916
1 19.6334 34.8041 -0.00924406 -0.00818541
1 20.7387 34.8054 -0.00597005 -0.00615614
1 21.843 34.8056 -0.000176274 -0.00429974
1 22.9485 34.8056 -0.00285079 -0.00551518
1 24.0542 34.805 0.00427078 -0.0102791
1 25.16 34.8033 0.00459862 -0.00613784
1 26.2653 34.8003 0.00915809 0.000929081
1 27.3697 34.7959 0.015017 0.00708035
1 28.4744 34.7901 0.0121613 0.0117169
1 29.5797 34.7834 0.0217057 0.0161235
1 30.6857 34.7773 0.0259474 0.0208041
1 31.7937 34.7727 0.0443888 0.0276922
1 32.9039 34.7695 0.0777098 0.0402344
1 34.0162 34.7677 0.10585 0.0503847
1 35.1324 34.7666 0.132607 0.048493
1 36.2512 34.7655 0.137637 0.0364791
1 37.3701 34.7643 0.111818 0.0206723
1 38.4875 34.7638 0.0844948 0.016945
1 39.6019 34.7662 0.0689634 0.0256332
1 40.7159 34.7703 0.0628296 0.0252022
1 41.832 34.7758 0.0677352 0.0333054
1 42.9503 34.7823 0.0771058 0.034673
1 44.0781 34.7888 0.0610197 0.0347439
1 0.167291 35.7426 -0.0634854 0.0395293
1 1.2951 35.7365 -0.0759923 0.0385706
1 2.41307 35.7306 -0.0663178 0.0326627
1 3.52862 35.7261 -0.0636453 0.0242576
1 4.6422 35.7226 -0.0726219 0.0306466
1 5.7557 35.7207 -0.0928739 0.0254272
1 6.87243 35.7218 -0.128539 0.027787
1 7.9907 35.7234 -0.147147 0.0424776
1 9.10906 35.7244 -0.130515 0.0442218
1 10.2255 35.7257 -0.097224 0.0373217
1 11.3377 35.7279 -0.0673008 0.0298893
1 12.4474 35.7319 -0.0397195 0.0208651
1 13.5549 35.7378 -0.0265917 0.0155384
1 14.6603 35.7444 -0.0206401 0.0136526
1 15.7655 35.7507 -0.00501117 0.00915975
1 16.8706 35.7565 -0.0140227 0.00328719
1 17.9749 35.7607 -0.00998963 -0.00123733
1 19.0797 35.7633 -0.00119568 -0.00573872
1 20.1857 35.7651 -0.00603585 -0.0105275
1 21.2913 35.7662 0.000373601 -0.00865333
1 22.3965 35.7665 0.001536 -0.00354367
1 23.5013 35.7658 0.00795843 -0.00819241
1 24.6065 35.7645 0.00869747 -0.0122061
1 25.7127 35.7625 -0.00502483 -0.00453349
1 26.8177 35.7591 0.00422072 0.00330718
1 27.9224 35.754 0.00994303 0.00599214
1 29.0272 35.7476 0.0147126 0.00888471
1 30.1322 35.7408 0.0258637 0.0163193
1 31.2385 35.7346 0.0290086 0.0189596
1 32.347 35.7294 0.0512918 0.0227335
1 33.4576 35.7262 0.0840352 0.0339624
1 34.572 35.7247 0.116253 0.0437357
1 35.6897 35.7236 0.144849 0.0440227
1 36.8082 35.7224 0.143302 0.0354345
1 37.9263 35.7211 0.109399 0.0268906
1 39.0411 35.7214 0.0766565 0.0264544
1 40.1539 35.7244 0.0688611 0.0262537
1 41.2681 35.7283 0.0757743 0.0293716
1 42.3848 35.7337 0.0988788 0.0357909
1 43.5036 35.7395 0.111436 0.037384
1 0.741783 36.6932 -0.111965 0.0373597
1 1.86032 36.6882 -0.0989994 0.035712
1 2.97645 36.6842 -0.0809331 0.0282623
1 4.08998 36.6811 -0.0769372 0.0317211
1 5.20169 36.679 -0.0881701 0.0361862
1 6.31541 36.6792 -0.118992 0.0387442
1 7.43306 36.6805 -0.146024 0.040728
1 8.55186 36.6815 -0.134719 0.0401649
1 9.66984 36.6827 -0.106001 0.0355699
1 10.7839 36.685 -0.0775344 0.029664
1 11.8936 36.6893 -0.0479258 0.0248621
1 13.0015 36.6952 -0.026711 0.0200754
1 14.1076 36.7018 -0.0234213 0.0146806
1 15.2129 36.7086 -0.0133197 0.0119192
1 16.3177 36.7149 -0.00835769 0.00943294
1 17.4222 36.7197 -0.00630888 0.00379294
1 18.5275 36.7229 0.0090276 -0.0027868
1 19.6335 36.725 -0.00647185 -0.00520251
1 20.7383 36.7264 -0.0107168 -0.00361965
1 21.8429 36.7275 -9.53437e-05 -0.00376121
1 22.9486 36.7273 -0.0031701 -0.00444265
1 24.0543 36.7259 0.00386176 -0.0064357
1 25.16 36.7242 0.00566975 -0.00431649
1 26.2651 36.7221 0.0079003 -0.000229513
1 27.3698 36.7178 0.0122066 0.0060639
1 28.4749 36.7119 0.00810727 0.0114342
1 29.5802 36.7051 0.0178439 0.014067
1 30.6856 36.6983 0.0229114 0.0168114
1 31.7923 36.6918 0.0374238 0.0210772
1 32.9011 36.6866 0.0627183 0.0264205
1 34.0124 36.6833 0.0850396 0.0313292
1 35.1284 36.6818 0.11844 0.0389468
1 36.247 36.681 0.146651 0.0429069
1 37.3657 36.6797 0.138168 0.0380457
1 38.482 36.6787 0.106458 0.0367283
1 39.5949 36.6799 0.0852606 0.0352791
1 40.708 36.6827 0.0705425 0.0277631
1 41.8229 36.686 0.0676629 0.0288977
1 42.9404 36.6911 0.0781517 0.0391359
1 44.0674 36.6965 0.0679422 0.0425125
1 0.177533 37.6497 -0.0717557 0.0396664
1 1.3042 37.6452 -0.0828227 0.0393404
1 2.42084 37.6415 -0.0790367 0.032424
1 3.53516 37.6395 -0.0833122 0.0424391
1 4.64681 37.6377 -0.0958898 0.0548542
1 5.75905 37.6371 -0.11422 0.0542155
1 6.87543 37.6376 -0.134575 0.0480017
1 7.99451 37.6384 -0.135896 0.0461342
1 9.11328 37.6394 -0.11114 0.0404424
1 10.2286 37.6421 -0.0821434 0.0358304
1 11.339 37.6468 -0.0578536 0.0348799
1 12.4475 37.6526 -0.0329299 0.0292363
1 13.5542 37.6593 -0.0186512 0.0254844
1 14.6595 37.6663 -0.0169871 0.0272727
1 15.7649 37.6729 -0.00621193 0.0208854
1 16.87 37.6786 -0.0128057 0.0146877
1 17.975 37.6825 -0.00904307 0.0131927
1 19.08 37.6849 -0.00553786 0.0083963
1 20.1853 37.6867 -0.0100851 0.0054201
1 21.2911 37.6881 0.00424672 0.0069086
1 22.3968 37.6885 0.00537054 0.00655185
1 23.5014 37.6876 0.00734933 0.0068081
1 24.6067 37.686 0.00756065 0.00753523
1 25.7127 37.6842 -0.00643588 0.00917516
1 26.8177 37.6811 0.00289701 0.0127374
1 27.9228 37.6761 0.00958779 0.0183375
1 29.0277 37.6697 0.0148891 0.0241845
1 30.1329 37.6627 0.0246818 0.0266967
1 31.2391 37.6556 0.0240765 0.0263784
1 32.3468 37.6492 0.0433851 0.0314452
1 33.4557 37.644 0.0718724 0.0364904
1 34.5684 37.6404 0.0939729 0.0395279
1 35.6855 37.6387 0.120407 0.0419902
1 36.8045 37.638 0.138436 0.0459481
1 37.9229 37.6373 0.124481 0.0533621
1 39.0369 37.6373 0.100554 0.0554799
1 40.1478 37.6385 0.0872439 0.0482202
1 41.2603 37.6408 0.0851647 0.038178
1 42.3751 37.6433 0.100299 0.0364564
1 43.4931 37.6478 0.114428 0.0340145
1 0.751207 38.6019 -0.11121 0.0282339
1 1.868 38.5988 -0.103259 0.0359124
1 2.98162 38.5978 -0.09692 0.0476558
1 4.09295 38.5969 -0.0963076 0.0585071
1 5.20362 38.5955 -0.103925 0.060709
1 6.31846 38.5948 -0.118707 0.053955
1 7.4374 38.5949 -0.128946 0.0441853
1 8.55598 38.5965 -0.114996 0.041679
1 9.67186 38.5997 -0.0925595 0.0424674
1 10.7839 38.6045 -0.0669534 0.0346661
1 11.8928 38.6105 -0.0393774 0.0325359
1 13.0005 38.6172 -0.02286 0.0341869
1 14.1066 38.6244 -0.0210463 0.0332951
1 15.212 38.6313 -0.0114933 0.0311764
1 16.317 38.6374 -0.005356 0.0263307
1 17.4218 38.6423 -0.00615966 0.0220693
1 18.5274 38.6456 0.00478277 0.0185496
1 19.633 38.6475 -0.00408557 0.0160757
1 20.7378 38.6489 -0.0090838 0.0173714
1 21.8432 38.6501 -0.0064009 0.0137381
1 22.949 38.6498 -0.00364566 0.0118641
1 24.0546 38.6486 0.0075576 0.0168915
1 25.1602 38.647 0.00539076 0.0178104
1 26.2652 38.6445 0.0112175 0.0178189
1 27.3703 38.6402 0.0141262 0.0234871
1 28.4758 38.6346 0.00453221 0.0311187
1 29.5813 38.628 0.0153764 0.0324661
1 30.6868 38.6205 0.0203112 0.0323481
1 31.7933 38.6134 0.0289915 0.0345292
1 32.9015 38.6072 0.0516489 0.0346513
1 34.0114 38.6017 0.0753585 0.037457
1 35.1253 38.5979 0.102203 0.0434867
1 36.2428 38.5956 0.125699 0.0446604
1 37.3621 38.5949 0.125737 0.0483943
1 38.4796 38.5953 0.113568 0.0579934
1 39.5922 38.5964 0.101474 0.0638316
1 40.7031 38.5975 0.0944695 0.0525126
1 41.8163 38.5983 0.0863422 0.0387078
1 42.9318 38.6006 0.0905247 0.0352296
1 44.0582 38.6046 0.0766312 0.0291642
1 0.185529 39.5584 -0.0825023 0.0239805
1 1.31112 39.5561 -0.0997483 0.0392199
1 2.42526 39.556 -0.0998294 0.0521441
1 3.53768 39.5562 -0.0965909 0.0642241
1 4.64893 39.5548 -0.0955342 0.0762425
1 5.76268 39.5526 -0.103201 0.0674376
1 6.8803 39.5524 -0.116223 0.0579726
1 7.99809 39.5546 -0.118814 0.0552381
1 9.11418 39.5585 -0.0942818 0.0515708
1 10.2274 39.5634 -0.066935 0.0473333
1 11.3373 39.5696 -0.0498755 0.0493683
1 12.4456 39.5765 -0.0312515 0.0509394
1 13.5524 39.5837 -0.0174656 0.0506424
1 14.658 39.5909 -0.0160771 0.05219
1 15.764 39.5977 -0.0069053 0.0508085
1 16.8693 39.6033 -0.00844511 0.044512
1 17.9743 39.6074 -0.0114161 0.0401452
1 19.0797 39.61 -0.0115924 0.0390709
1 20.185 39.6118 -0.00578267 0.0391103
1 21.2907 39.6129 0.00581432 0.036876
1 22.3967 39.613 0.00357734 0.032907
1 23.5018 39.6124 0.00848206 0.0366829
1 24.6071 39.6114 0.0057486 0.0382834
1 25.7132 39.6091 -0.00535185 0.0369917
1 26.8188 39.6057 0.00798765 0.0440122
1 27.9238 39.6009 0.00925557 0.0500738
1 29.0288 39.5946 0.01101 0.0515129
1 30.1345 39.5873 0.0191057 0.05163
1 31.2409 39.5799 0.0202164 0.0511034
1 32.3483 39.5728 0.0359116 0.0497146
1 33.4567 39.5663 0.0587074 0.0478548
1 34.5683 39.5609 0.0824432 0.0495936
1 35.6832 39.5563 0.111146 0.0521672
1 36.8002 39.5533 0.125619 0.0582951
1 37.9189 39.5526 0.115257 0.0652156
1 39.035 39.5539 0.100384 0.0742425
1 40.1464 39.556 0.0968716 0.0707664
1 41.2574 39.5562 0.102249 0.0628081
1 42.3698 39.5562 0.109464 0.0470224
1 43.4852 39.5574 0.118252 0.0281936
1 0.756033 40.5123 -0.126655 0.0382429
1 1.87058 40.5138 -0.11714 0.0635494
1 2.98333 40.5147 -0.0982206 0.0760593
1 4.09552 40.5141 -0.092117 0.0834682
1 5.20818 40.5115 -0.0955178 0.0909035
1 6.32355 40.5107 -0.112296 0.0809522
1 7.44055 40.5134 -0.119531 0.0690855
1 8.5566 40.518 -0.101174 0.0641089
1 9.67101 40.5238 -0.0782594 0.0666979
1 10.782 40.5303 -0.0575696 0.0686211
1 11.8904 40.5374 -0.0333796 0.0710664
1 12.998 40.5447 -0.0179465 0.0751284
1 14.1045 40.5521 -0.0151182 0.0774186
1 15.2101 40.5594 -0.010666 0.0792988
1 16.3157 40.5658 -0.00766363 0.0761778
1 17.4206 40.5707 -0.00625919 0.0703717
1 18.526 40.5742 0.0011114 0.069825
1 19.6322 40.5764 -0.0040214 0.0675455
1 20.7379 40.5775 -0.0062744 0.0648522
1 21.8434 40.5781 -0.00790916 0.0645495
1 22.9493 40.578 -0.00459697 0.064694
1 24.0552 40.5773 0.00796539 0.0660254
1 25.1607 40.5758 0.00740704 0.0672698
1 26.266 40.5728 0.0108289 0.0698217
1 27.3716 40.5687 0.00998351 0.073589
1 28.4772 40.563 0.00637553 0.078158
1 29.5832 40.5558 0.0170524 0.0790365
1 30.6891 40.5481 0.0169979 0.075568
1 31.796 40.5408 0.0268763 0.0726683
1 32.9041 40.5337 0.0465927 0.0700774
1 34.0134 40.5268 0.063767 0.0664222
1 35.1261 40.5207 0.0870899 0.0652043
1 36.2415 40.5156 0.110875 0.0690101
1 37.358 40.512 0.115864 0.0750846
1 38.4748 40.511 0.103425 0.0869967
1 39.5888 40.5133 0.0916476 0.0924621
1 40.7011 40.515 0.0891244 0.0787755
1 41.8136 40.5145 0.0977809 0.0690277
1 42.9277 40.5131 0.10698 0.0501195
1 44.0525 40.5124 0.0888953 0.02764
1 0.186862 41.4658 -0.0954302 0.0435149
1 1.3115 41.4703 -0.111994 0.0663289
1 2.42701 41.4723 -0.0940978 0.0805633
1 3.54117 41.4728 -0.0863009 0.0957147
1 4.65421 41.4713 -0.0935394 0.113388
1 5.76791 41.4704 -0.101599 0.103973
1 6.88338 41.4731 -0.106009 0.0862601
1 7.99881 41.4786 -0.100659 0.0839957
1 9.11302 41.4852 -0.0833742 0.0852384
1 10.2251 41.4927 -0.0623766 0.0874263
1 11.3344 41.5 -0.0430012 0.0932596
1 12.4427 41.5076 -0.0269984 0.0981902
1 13.5498 41.5153 -0.0170276 0.104146
1 14.6558 41.523 -0.0131652 0.106808
1 15.7619 41.5303 -0.00642839 0.107691
1 16.8678 41.5362 -0.00766148 0.104332
1 17.973 41.5405 -0.00693737 0.0994167
1 19.0785 41.5435 -0.00667481 0.0999696
1 20.1844 41.5449 -0.00555833 0.100469
1 21.2902 41.5455 0.00263555 0.096608
1 22.3964 41.5456 0.00447116 0.0952264
1 23.5024 41.5454 0.00563053 0.0982088
1 24.6083 41.5446 0.00241495 0.0974296
1 25.7146 41.5425 -0.000945061 0.0978465
1 26.8203 41.5389 0.00728487 0.105348
1 27.9255 41.5338 0.00673466 0.106874
1 29.0311 41.5268 0.0103907 0.105576
1 30.1371 41.519 0.014288 0.106743
1 31.2435 41.5113 0.0164045 0.101549
1 32.3512 41.5035 0.0334632 0.0942091
1 33.4598 41.4961 0.0556798 0.0913227
1 34.5706 41.4889 0.0749548 0.0890172
1 35.6841 41.4819 0.0940918 0.084715
1 36.799 41.4761 0.10695 0.0860112
1 37.9148 41.4719 0.103882 0.0967446
1 39.0293 41.4709 0.0956655 0.109665
1 40.1419 41.4726 0.0885202 0.102979
1 41.2548 41.473 0.0929355 0.084714
1 42.3691 41.4711 0.116972 0.0719339
1 43.4851 41.4676 0.139048 0.0496263
1 0.751932 42.4239 -0.142094 0.0631982
1 1.87089 42.4283 -0.116892 0.0734038
1 2.98698 42.4312 -0.0987512 0.0988038
1 4.10043 42.4319 -0.0954994 0.119621
1 5.21317 42.4315 -0.0929903 0.118169
1 6.32701 42.4342 -0.0935138 0.101383
1 7.44165 42.4403 -0.0976832 0.0938323
1 8.55529 42.4481 -0.0858157 0.0947208
1 9.66813 42.4563 -0.069562 0.0992142
1 10.7788 42.4644 -0.0503342 0.103523
1 11.8872 42.4723 -0.0319436 0.108679
1 12.9949 42.4805 -0.018043 0.115472
1 14.1017 42.4886 -0.0113759 0.121144
1 15.2076 42.4966 -0.00604032 0.122864
1 16.3134 42.5038 -0.00584697 0.121913
1 17.4189 42.5091 -0.00523948 0.119889
1 18.5244 42.5129 0.00235785 0.118072
1 19.6307 42.5152 -0.00272958 0.116096
1 20.737 42.5156 -0.00542276 0.114258
1 21.8433 42.5154 -0.0036355 0.115114
1 22.95 42.5158 -0.00251918 0.116017
1 24.0563 42.5158 0.00408245 0.114802
1 25.1622 42.5143 0.00715881 0.116533
1 26.2679 42.5116 0.00688421 0.118728
1 27.3736 42.5071 0.00229343 0.120319
1 28.4796 42.5004 0.0046905 0.123756
1 29.5859 42.4926 0.0122037 0.123388
1 30.692 42.4844 0.0114616 0.115777
1 31.7989 42.4762 0.0251699 0.112045
1 32.9071 42.4681 0.0433687 0.106272
1 34.0164 42.4602 0.0573808 0.0997787
1 35.1281 42.4521 0.0794883 0.0992954
1 36.2417 42.4445 0.0994894 0.0984675
1 37.3563 42.4375 0.100792 0.095406
1 38.4708 42.4329 0.0947825 0.107574
1 39.5842 42.4318 0.09816 0.121553
1 40.6974 42.4317 0.0958945 0.1077
1 41.8121 42.4294 0.0979596 0.0836142
1 42.9298 42.4257 0.111692 0.0708019
1 44.0565 42.4199 0.0952336 0.060542
1 0.180434 43.3775 -0.0802272 0.0854587
1 1.30871 43.3815 -0.110763 0.0736343
1 2.42709 43.3873 -0.116845 0.0936247
1 3.54286 43.3912 -0.109728 0.1129
1 4.65686 43.3925 -0.101508 0.122544
1 5.77035 43.3951 -0.0964204 0.104421
1 6.88398 43.4016 -0.0972107 0.0924311
1 7.99742 43.4103 -0.0935759 0.0913005
1 9.11036 43.4192 -0.0775158 0.0920888
1 10.222 43.428 -0.0581919 0.0958157
1 11.3313 43.4367 -0.0421014 0.100577
1 12.4393 43.4452 -0.0215778 0.103762
1 13.5464 43.4538 -0.0101627 0.108731
1 14.6527 43.4623 -0.00841925 0.114943
1 15.7589 43.4704 -0.000265486 0.115022
1 16.865 43.4772 0.000186615 0.112584
1 17.9707 43.4822 -0.0040661 0.109228
1 19.0767 43.4851 -0.00197242 0.10526
1 20.1829 43.486 -0.00122449 0.103517
1 21.2896 43.4857 0.00125208 0.106554
1 22.3967 43.4856 0.00484824 0.107432
1 23.5034 43.4862 0.000888908 0.102724
1 24.6101 43.4861 -0.0028339 0.102043
1 25.717 43.4844 -0.000780088 0.10774
1 26.8225 43.4803 0.00138864 0.11173
1 27.928 43.4741 0.00166046 0.114809
1 29.0342 43.4664 0.00459055 0.115288
1 30.1402 43.4578 0.00885448 0.111884
1 31.2473 43.4492 0.0174919 0.107453
1 32.3552 43.4407 0.0326766 0.102363
1 33.4635 43.4322 0.0503819 0.098398
1 34.574 43.4235 0.0673793 0.0959243
1 35.6865 43.4148 0.0864489 0.091679
1 36.7998 43.4061 0.0981577 0.092594
1 37.9136 43.3985 0.0935141 0.0988394
1 39.0268 43.3935 0.094539 0.109848
1 40.1397 43.3918 0.104421 0.116228
1 41.2541 43.3896 0.118731 0.106215
1 42.3703 43.3842 0.133108 0.0854256
1 43.4901 43.3785 0.144849 0.0764348
1 0.749022 44.3347 -0.132948 0.096448
1 1.86642 44.3412 -0.146095 0.102272
1 2.98263 44.3473 -0.130764 0.105737
1 4.09759 44.3508 -0.121717 0.11068
1 5.21113 44.3539 -0.113745 0.0985948
1 6.32438 44.3608 -0.107126 0.0830404
1 7.43804 44.3698 -0.105811 0.0734531
1 8.55115 44.3794 -0.0945089 0.0712203
1 9.66336 44.3888 -0.075113 0.0762254
1 10.7737 44.3979 -0.0559802 0.0767616
1 11.8822 44.4069 -0.0357632 0.0787486
1 12.9898 44.4156 -0.0187802 0.0832478
1 14.0969 44.4245 -0.0114662 0.0852399
1 15.2036 44.4332 -0.00648864 0.0867143
1 16.3098 44.4413 -0.00141819 0.0863072
1 17.4156 44.4476 -0.00149814 0.0806031
1 18.5218 44.4515 0.00219124 0.0695664
1 19.6288 44.4533 0.00362477 0.0634729
1 20.7358 44.4531 0.000186029 0.0685881
1 21.8432 44.4522 -0.00234613 0.0720847
1 22.9508 44.4529 -0.00239633 0.0708517
1 24.0577 44.4538 -1.68936e-05 0.0633517
1 25.1645 44.453 0.000103828 0.0649602
1 26.2711 44.4505 -0.000165766 0.0759829
1 27.3772 44.445 0.000444713 0.083739
1 28.4836 44.4373 0.00474872 0.0884673
1 29.5901 44.4287 0.0101687 0.0876326
1 30.6968 44.4197 0.0160783 0.0851951
1 31.8043 44.411 0.0292075 0.0822341
1 32.9123 44.4023 0.0474206 0.0779633
1 34.0217 44.3933 0.0680182 0.0768197
1 35.1333 44.3841 0.0888195 0.0749704
1 36.2463 44.3746 0.104171 0.0736829
1 37.3598 44.3654 0.107009 0.0765567
1 38.4733 44.3572 0.109645 0.0864523
1 39.5867 44.3519 0.12241 0.105004
1 40.7019 44.3487 0.133221 0.10939
1 41.8191 44.3448 0.1368 0.105983
1 42.9361 44.3368 0.125419 0.0980814
1 44.064 44.3317 0.0764129 0.104966
1 0.175833 45.2879 -0.0984356 0.100841
1 1.30022 45.2949 -0.136523 0.125117
1 2.41537 45.302 -0.14517 0.114793
1 3.53072 45.3064 -0.149374 0.106409
1 4.64592 45.3104 -0.146459 0.0925535
1 5.7603 45.3172 -0.134711 0.0695083
1 6.87462 45.3267 -0.129051 0.0586593
1 7.98845 45.337 -0.122132 0.0615312
1 9.10138 45.3471 -0.100813 0.0623066
1 10.2127 45.3566 -0.0801949 0.0659898
1 11.3224 45.3656 -0.0635939 0.0703162
1 12.4306 45.3746 -0.0395821 0.0715204
1 13.538 45.3833 -0.024749 0.0741494
1 14.6453 45.3922 -0.0223859 0.0768135
1 15.7524 45.4014 -0.0118585 0.0749418
1 16.8593 45.4091 -0.00203232 0.0682704
1 17.9664 45.4143 -0.00851466 0.057755
1 19.0738 45.4169 -0.00322424 0.0447788
1 20.1811 45.4175 0.00359815 0.0417833
1 21.2888 45.4163 -0.00144731 0.0507435
1 22.3969 45.4158 0.00107352 0.052725
1 23.5049 45.4172 0.00171709 0.0411578
1 24.6126 45.418 -0.000883344 0.037968
1 25.7203 45.4165 0.00330675 0.0514392
1 26.8274 45.4123 0.00549887 0.065601
1 27.9345 45.4055 0.0108539 0.0743167
1 29.0416 45.3967 0.0164426 0.0776809
1 30.1484 45.3875 0.0223472 0.0776244
1 31.2562 45.3788 0.0324199 0.0748762
1 32.3641 45.3701 0.0485063 0.0697135
1 33.4724 45.3609 0.0714756 0.0678345
1 34.5832 45.3519 0.093166 0.0652925
1 35.6958 45.3421 0.115121 0.0617395
1 36.8094 45.3318 0.128455 0.0604213
1 37.9237 45.3219 0.12851 0.0632486
1 39.0377 45.3134 0.133192 0.077194
1 40.1517 45.3077 0.14545 0.0985379
1 41.2671 45.3038 0.147382 0.117739
1 42.383 45.2992 0.148968 0.118107
1 43.4974 45.2889 0.148922 0.122528
1 0.736051 46.2471 -0.15908 0.141476
1 1.84984 46.2594 -0.152855 0.137684
1 2.96365 46.2647 -0.138425 0.130589
1 4.07757 46.2676 -0.13895 0.112869
1 5.19165 46.2732 -0.144976 0.0826041
1 6.3065 46.283 -0.145367 0.0676793
1 7.4217 46.2944 -0.145013 0.0669531
1 8.53639 46.3054 -0.129058 0.0681066
1 9.64928 46.3159 -0.102332 0.0780009
1 10.76 46.3249 -0.0806047 0.080703
1 11.8687 46.3344 -0.0574346 0.0804878
1 12.9765 46.3434 -0.0391757 0.0897112
1 14.0842 46.3517 -0.0275002 0.0891773
1 15.1918 46.3613 -0.0200593 0.0858278
1 16.2998 46.3703 -0.0125359 0.0859569
1 17.4081 46.3768 -0.0122969 0.0771055
1 18.5168 46.381 -0.0102192 0.0560482
1 19.6258 46.3829 -0.00273724 0.0457373
1 20.7342 46.3817 -0.00296208 0.0529799
1 21.8427 46.3797 -0.00257738 0.058138
1 22.9516 46.3807 0.00313768 0.056243
1 24.0601 46.383 0.00341184 0.0439508
1 25.1687 46.3828 0.00697961 0.0450262
1 26.2776 46.3798 0.0109811 0.0706306
1 27.3862 46.3741 0.0090307 0.0858421
1 28.4944 46.3658 0.0168511 0.0879848
1 29.6023 46.3562 0.0302996 0.0903365
1 30.7102 46.3473 0.0378572 0.0914814
1 31.8182 46.3388 0.0498854 0.0841822
1 32.9264 46.3295 0.0722816 0.0817565
1 34.0362 46.3205 0.0923648 0.0800838
1 35.1481 46.3105 0.113264 0.0710834
1 36.2619 46.2997 0.135926 0.0701619
1 37.3767 46.2887 0.141561 0.0676637
1 38.4915 46.278 0.140589 0.0747571
1 39.6058 46.2702 0.143408 0.0959296
1 40.7207 46.2653 0.149851 0.119676
1 41.8367 46.2612 0.150224 0.13571
1 42.9528 46.2553 0.141316 0.143584
1 44.0728 46.2394 0.13515 0.142834
1 0.149013 47.1887 -0.13979 0.158
1 1.2757 47.2204 -0.146921 0.155412
1 2.39542 47.2297 -0.131938 0.152967
1 3.51213 47.2326 -0.122317 0.14802
1 4.62539 47.2359 -0.119804 0.128057
1 5.73792 47.2438 -0.132934 0.0986714
1 6.85296 47.2557 -0.149219 0.0871295
1 7.96902 47.2671 -0.146258 0.0887499
1 9.08344 47.2793 -0.120513 0.089406
1 10.196 47.2897 -0.0959705 0.102029
1 11.306 47.2984 -0.0730472 0.099549
1 12.414 47.3089 -0.0518477 0.102437
1 13.5224 47.317 -0.0366289 0.112931
1 14.6305 47.3251 -0.0219271 0.104805
1 15.7385 47.3356 -0.0187088 0.101459
1 16.8484 47.3437 -0.00626708 0.10301
1 17.9583 47.3484 -0.00512563 0.0821298
1 19.0687 47.3521 -0.00448881 0.0565103
1 20.1792 47.3524 -0.00231822 0.0557706
1 21.2886 47.3497 -0.00715239 0.0722683
1 22.3969 47.3488 0.00637193 0.0750446
1 23.5056 47.3514 0.00508216 0.0582708
1 24.616 47.3533 0.000427579 0.0506829
1 25.727 47.3511 0.00624038 0.0688108
1 26.8372 47.3466 0.002235 0.0972056
1 27.9471 47.3401 0.0139099 0.10811
1 29.0561 47.3303 0.0231281 0.104511
1 30.164 47.3206 0.0288848 0.108008
1 31.2724 47.3127 0.0420213 0.108323
1 32.3804 47.3034 0.0653876 0.10153
1 33.4894 47.2939 0.0866696 0.10113
1 34.601 47.2845 0.10805 0.096115
1 35.7147 47.273 0.137895 0.091304
1 36.83 47.2614 0.146049 0.0885092
1 37.9453 47.2495 0.137778 0.092989
1 39.059 47.2399 0.129496 0.114658
1 40.1724 47.2336 0.127656 0.130563
1 41.2878 47.2287 0.123855 0.146377
1 42.4042 47.224 0.126666 0.170887
1 43.523 47.2167 0.127595 0.165435
