1 0.551663 0.0939178 -0.0468375 -0.0538638
1 1.66822 0.0875551 -0.0457331 -0.0677969
1 2.78416 0.0827593 -0.0527261 -0.0573899
1 3.90012 0.0779444 -0.0485353 -0.0675554
1 5.01598 0.0737726 -0.0293912 -0.0640907
1 6.13259 0.0711646 -0.0263786 -0.0685596
1 7.25063 0.0736578 -0.0328726 -0.0595771
1 8.36898 0.0774038 -0.035019 -0.0288802
1 9.48818 0.0824883 -0.0390977 -0.0221974
1 10.6064 0.0904864 -0.0336378 -0.0350525
1 11.7242 0.0980543 -0.0197089 -0.0533057
1 12.8436 0.10737 -0.012922 -0.0732752
1 13.9645 0.120489 0.00448921 -0.0600111
1 15.087 0.135542 0.0249579 -0.0319949
1 16.2095 0.149102 0.0424204 -0.00641055
1 17.3326 0.155632 0.0533328 0.0229217
1 18.4592 0.158513 0.0455208 0.0432627
1 19.5875 0.162589 0.0313528 0.0544281
1 20.7143 0.164435 0.0134877 0.0462725
1 21.8387 0.163537 0.000493469 0.0268882
1 22.9624 0.163689 -0.00622356 0.0355098
1 24.0883 0.163886 -0.0175871 0.0528024
1 25.2163 0.160686 -0.0356606 0.0471602
1 26.3443 0.157431 -0.0501924 0.0343743
1 27.4688 0.154461 -0.0549763 0.0100863
1 28.5905 0.144107 -0.0374443 -0.0212198
1 29.7131 0.12837 -0.01731 -0.0460608
1 30.8351 0.112883 0.00386325 -0.0721013
1 31.956 0.0996591 0.0198796 -0.0669035
1 33.0759 0.0925331 0.0270488 -0.0357933
1 34.1938 0.0875347 0.0355908 -0.0245273
1 35.312 0.0819325 0.0386085 -0.0234402
1 36.4302 0.077976 0.0358797 -0.0449123
1 37.5476 0.0740001 0.0337423 -0.0711421
1 38.6654 0.071807 0.0339672 -0.0705338
1 39.7829 0.0750713 0.0426147 -0.0600134
1 40.8991 0.0801659 0.0451966 -0.0634981
1 42.0144 0.084659 0.0382014 -0.0574467
1 43.1295 0.0906394 0.0380278 -0.0615694
1 44.2493 0.105174 0.0367048 -0.062934
1 -0.00137266 1.06507 -0.03773 -0.0657381
1 1.11835 1.05672 -0.0292704 -0.0700816
1 2.23108 1.0522 -0.0350387 -0.0644432
1 3.34513 1.04714 -0.0402475 -0.0676116
1 4.45954 1.04287 -0.0335251 -0.0702418
1 5.57419 1.03931 -0.0307229 -0.066817
1 6.68977 1.03808 -0.0418149 -0.0646261
1 7.80716 1.04136 -0.0493519 -0.0521293
1 8.92509 1.04658 -0.044976 -0.0332483
1 10.0424 1.05286 -0.03571 -0.0341101
1 11.1599 1.06086 -0.0217899 -0.0502441
1 12.277 1.06909 -0.0125675 -0.0665713
1 13.395 1.0795 -0.00812177 -0.0692611
1 14.516 1.09277 -0.00308871 -0.0514444
1 15.6399 1.10653 0.011819 -0.0246028
1 16.7654 1.11597 0.0339931 0.00345296
1 17.8922 1.12031 0.0386875 0.0242454
1 19.0199 1.12335 0.0308457 0.0447565
1 20.1483 1.12654 0.0237722 0.0465827
1 21.2759 1.12743 0.00916781 0.0367073
1 22.401 1.12718 -0.00768217 0.0382933
1 23.5266 1.12739 -0.0148862 0.0434573
1 24.6551 1.12516 -0.0212337 0.0456542
1 25.7834 1.122 -0.0340389 0.0353801
1 26.9105 1.11946 -0.0334893 0.0161834
1 28.0369 1.11304 -0.0206879 -0.0119324
1 29.1621 1.1006 -0.00858996 -0.0398624
1 30.2846 1.0858 0.00313732 -0.0635574
1 31.4043 1.07204 0.00944742 -0.0745531
1 32.5219 1.06236 0.0131109 -0.0562163
1 33.6393 1.05648 0.0302271 -0.034148
1 34.7569 1.05112 0.0407492 -0.0289814
1 35.8742 1.04631 0.0384551 -0.0384449
1 36.9911 1.04211 0.0374068 -0.0602588
1 38.1071 1.03935 0.0338282 -0.0751615
1 39.2224 1.04022 0.0311899 -0.0696346
1 40.3372 1.04456 0.0406079 -0.0650148
1 41.4514 1.04931 0.040575 -0.0669703
1 42.5648 1.05479 0.0386349 -0.0632131
1 43.6788 1.06221 0.0462777 -0.0715936
1 0.565649 2.02231 -0.0431954 -0.0711512
1 1.67903 2.01778 -0.0366321 -0.0716845
1 2.7914 2.01327 -0.0374151 -0.0671866
1 3.9045 2.00874 -0.0391831 -0.0667417
1 5.01809 2.00478 -0.0317053 -0.0624632
1 6.1324 2.00138 -0.0368854 -0.0546589
1 7.24736 2.00185 -0.0437895 -0.0617146
1 8.36343 2.00694 -0.040153 -0.0440552
1 9.47994 2.0126 -0.0390204 -0.0292649
1 10.5967 2.01958 -0.0287189 -0.0445436
1 11.7131 2.02812 -0.00746346 -0.0562089
1 12.8293 2.03713 -0.00675342 -0.0605717
1 13.9475 2.04766 -0.0118524 -0.0514837
1 15.0706 2.05913 -0.0113987 -0.0308986
1 16.1976 2.0694 -0.000142209 -0.0120537
1 17.3253 2.07636 0.0200443 0.00874166
1 18.4531 2.08044 0.0260534 0.0304207
1 19.5814 2.0831 0.0134537 0.0435852
1 20.7104 2.08479 0.00595011 0.0459944
1 21.8378 2.08511 0.00273651 0.0466781
1 22.9645 2.08514 -0.00412105 0.049992
1 24.0932 2.0844 -0.00813012 0.0470962
1 25.2221 2.08212 -0.018049 0.0353438
1 26.3502 2.07912 -0.0236145 0.0207866
1 27.478 2.07431 -0.0130645 -0.000548202
1 28.6059 2.06529 0.00727185 -0.024257
1 29.7316 2.05349 0.0100003 -0.0419547
1 30.8519 2.04151 0.00392261 -0.0589509
1 31.9685 2.03067 0.00482616 -0.062703
1 33.0843 2.02236 0.0149281 -0.0480368
1 34.201 2.01648 0.0382927 -0.0324837
1 35.3183 2.01126 0.0475142 -0.0329852
1 36.4352 2.0065 0.0487174 -0.0494292
1 37.5504 2.00331 0.0459296 -0.0630486
1 38.6649 2.0035 0.0383248 -0.0632915
1 39.7789 2.00598 0.0418087 -0.0672764
1 40.8927 2.01055 0.0443107 -0.0659579
1 42.0054 2.01539 0.0421546 -0.0657454
1 43.1181 2.02075 0.0527666 -0.0692411
1 44.2391 2.02589 0.0556594 -0.071666
1 0.00459682 2.98493 -0.063609 -0.0714173
1 1.12445 2.98287 -0.0547872 -0.0709903
1 2.23685 2.97919 -0.0518689 -0.071753
1 3.34918 2.97451 -0.0459528 -0.0627998
1 4.46204 2.97036 -0.0411724 -0.0638633
1 5.57551 2.96683 -0.0433362 -0.0539511
1 6.68884 2.96458 -0.0445905 -0.0562055
1 7.80285 2.96728 -0.0539576 -0.0524954
1 8.91906 2.97251 -0.0534743 -0.0378687
1 10.0355 2.97837 -0.0348996 -0.0371722
1 11.1514 2.98691 -0.0137408 -0.0575322
1 12.2665 2.99653 -0.00758273 -0.0584512
1 13.3831 3.00498 -0.0129986 -0.0426997
1 14.5037 3.01323 -0.0228628 -0.0299239
1 15.6297 3.02184 -0.01984 -0.0218011
1 16.7581 3.03009 -0.00070638 -0.0077803
1 17.8864 3.03649 0.0101795 0.00964957
1 19.0151 3.03997 0.00418864 0.0318242
1 20.1447 3.0412 -0.0067692 0.0420222
1 21.2738 3.04149 -0.00715524 0.0479891
1 22.4014 3.0416 0.00237613 0.0507444
1 23.5296 3.0415 0.0106167 0.0451232
1 24.6595 3.04067 0.00751131 0.0419004
1 25.7888 3.03885 -0.00664421 0.0234342
1 26.917 3.03443 -0.00765183 -0.00023569
1 28.0455 3.02675 0.00641822 -0.0153952
1 29.1734 3.01786 0.0212246 -0.0271866
1 30.297 3.00895 0.0134141 -0.0368241
1 31.4153 2.9997 0.00807748 -0.0537006
1 32.531 2.99034 0.0120726 -0.0605001
1 33.6464 2.98213 0.0290995 -0.0459579
1 34.7629 2.97601 0.0440905 -0.0347791
1 35.8793 2.97128 0.0439985 -0.0428868
1 36.9942 2.96785 0.0407208 -0.0558546
1 38.1076 2.96662 0.0414545 -0.0592267
1 39.2208 2.96847 0.0437084 -0.0634039
1 40.3342 2.97187 0.0414387 -0.0613576
1 41.4465 2.97675 0.0375189 -0.0663116
1 42.5578 2.98105 0.0369388 -0.0734223
1 43.6715 2.98525 0.0467276 -0.069617
1 0.56806 3.94713 -0.0440168 -0.0750951
1 1.68215 3.94451 -0.0350155 -0.0758895
1 2.79395 3.94065 -0.0406549 -0.0683766
1 3.9059 3.93561 -0.0465253 -0.0666404
1 5.01928 3.93204 -0.0505903 -0.0625198
1 6.13264 3.92925 -0.0497058 -0.0600916
1 7.24525 3.92941 -0.0464091 -0.0578795
1 8.35942 3.93248 -0.0490199 -0.047611
1 9.47479 3.9378 -0.0440649 -0.0457571
1 10.59 3.94561 -0.0323472 -0.0627344
1 11.7054 3.95561 -0.0186445 -0.0645079
1 12.822 3.96416 -0.0177917 -0.0474813
1 13.9411 3.97035 -0.0198109 -0.0279504
1 15.0641 3.97602 -0.0180557 -0.0228249
1 16.1912 3.98321 -0.0115789 -0.0264502
1 17.3198 3.99075 -0.00105551 -0.0101179
1 18.4491 3.996 -0.00532532 0.0119022
1 19.5795 3.9978 -0.0230148 0.0270803
1 20.7096 3.99782 -0.0252507 0.0355411
1 21.8375 3.99766 -0.00817758 0.036393
1 22.965 3.99779 0.0155868 0.0347385
1 24.0943 3.99773 0.0262998 0.0323597
1 25.2247 3.99703 0.0168448 0.0228399
1 26.3549 3.99433 0.00398712 0.00199361
1 27.4841 3.98783 0.00661282 -0.0208606
1 28.6121 3.97962 0.02097 -0.0262173
1 29.7382 3.97307 0.0242129 -0.0240213
1 30.8592 3.96719 0.0149643 -0.0383174
1 31.9762 3.95907 0.0116631 -0.0560362
1 33.0914 3.94981 0.0127685 -0.0635586
1 34.2067 3.9418 0.0369955 -0.0545766
1 35.3228 3.93593 0.0563134 -0.0470971
1 36.4384 3.932 0.0616424 -0.0510645
1 37.5524 3.93057 0.0536336 -0.0585254
1 38.6647 3.93185 0.0401274 -0.0648702
1 39.7773 3.93369 0.0377584 -0.0686816
1 40.8891 3.93788 0.0441214 -0.0653006
1 42.0012 3.94265 0.0478085 -0.071686
1 43.1131 3.94589 0.0416379 -0.0734159
1 44.2332 3.94809 0.0544533 -0.0689911
1 0.00649085 4.91129 -0.0431461 -0.0788
1 1.12587 4.9093 -0.042745 -0.0751558
1 2.23819 4.90635 -0.0443676 -0.0653436
1 3.35052 4.90205 -0.0444096 -0.0642104
1 4.46274 4.89774 -0.0446536 -0.0624664
1 5.57565 4.8948 -0.051039 -0.0606565
1 6.68818 4.89351 -0.0576635 -0.0529252
1 7.80117 4.8941 -0.0603668 -0.0501072
1 8.91548 4.89825 -0.0550503 -0.0528196
1 10.0306 4.90551 -0.0381194 -0.0583807
1 11.146 4.9147 -0.0292455 -0.0623243
1 12.2621 4.92349 -0.0232302 -0.0482083
1 13.3802 4.92989 -0.0185345 -0.025269
1 14.5013 4.93356 -0.0238616 -0.0139791
1 15.6259 4.93793 -0.0191384 -0.0209286
1 16.7537 4.94448 -0.0124078 -0.0174774
1 17.8836 4.95037 -0.0131627 -0.00180531
1 19.0145 4.95394 -0.0246111 0.0169209
1 20.1455 4.95459 -0.0333674 0.0235691
1 21.2744 4.95438 -0.0235537 0.0228128
1 22.4014 4.95443 0.00457322 0.0226526
1 23.5288 4.95435 0.0351035 0.0219111
1 24.6591 4.95405 0.0396769 0.019914
1 25.7906 4.95247 0.0198522 0.00971552
1 26.9207 4.94825 0.011121 -0.00968643
1 28.0496 4.9415 0.0122908 -0.0219235
1 29.1758 4.93553 0.0156826 -0.0164693
1 30.2987 4.93179 0.0170747 -0.0156151
1 31.4188 4.92627 0.0212893 -0.0367178
1 32.5363 4.91841 0.0268347 -0.0569087
1 33.652 4.90994 0.0358935 -0.0619083
1 34.7672 4.90213 0.044151 -0.0526226
1 35.8814 4.89711 0.0434527 -0.0507509
1 36.9945 4.89481 0.0471167 -0.053377
1 38.1073 4.89538 0.0550763 -0.0528671
1 39.2207 4.89718 0.0573313 -0.062503
1 40.3332 4.90051 0.0445394 -0.0663746
1 41.4449 4.90418 0.0431761 -0.0676599
1 42.5566 4.90794 0.0391161 -0.0652866
1 43.6702 4.90943 0.0431772 -0.0726618
1 0.569323 5.87408 -0.0487292 -0.0680843
1 1.6833 5.87212 -0.0495644 -0.0676996
1 2.79503 5.86881 -0.0494155 -0.0676305
1 3.90743 5.86476 -0.0546511 -0.0578228
1 5.021 5.86084 -0.0603883 -0.0575066
1 6.13378 5.8589 -0.055036 -0.0531552
1 7.24577 5.8584 -0.0408044 -0.0495302
1 8.35808 5.86049 -0.0402027 -0.0513723
1 9.47155 5.86609 -0.0481615 -0.0587103
1 10.5867 5.87457 -0.0409724 -0.0610537
1 11.703 5.88293 -0.0335935 -0.0494141
1 12.8209 5.88952 -0.0250069 -0.0329005
1 13.9414 5.89355 -0.0208539 -0.0114958
1 15.0644 5.89597 -0.0147139 -0.00771376
1 16.19 5.89974 -0.0149493 -0.0133459
1 17.319 5.90487 -0.0156479 -0.00715187
1 18.4496 5.90901 -0.021698 0.00500609
1 19.5809 5.91113 -0.0413535 0.0127223
1 20.7105 5.91202 -0.0404588 0.0107177
1 21.8376 5.91224 -0.0101075 0.00540886
1 22.9643 5.91202 0.0247741 0.00998198
1 24.0927 5.9115 0.0435194 0.0125489
1 25.2239 5.91016 0.0359951 0.0073849
1 26.3554 5.90701 0.0205441 0.00133117
1 27.4853 5.90257 0.0149646 -0.0106655
1 28.6125 5.89801 0.0151152 -0.0127297
1 29.7369 5.89486 0.0166658 -0.00710437
1 30.8583 5.8915 0.0198721 -0.0241503
1 31.9771 5.88551 0.0317797 -0.0422783
1 33.0944 5.87817 0.0374965 -0.0535897
1 34.2108 5.87009 0.0480019 -0.0583975
1 35.326 5.86375 0.0570184 -0.0509218
1 36.4395 5.86027 0.0538715 -0.0507406
1 37.5519 5.85957 0.0543823 -0.049786
1 38.6644 5.86095 0.055627 -0.057463
1 39.778 5.86357 0.0476384 -0.0547433
1 40.8911 5.86728 0.0416476 -0.0660748
1 42.0032 5.87095 0.036402 -0.0681579
1 43.1153 5.87315 0.0318516 -0.0707537
1 44.2343 5.87174 0.0376395 -0.0716692
1 0.00612102 6.83841 -0.0459763 -0.0698973
1 1.12479 6.83858 -0.0403576 -0.0683734
1 2.23701 6.83559 -0.0456458 -0.0704457
1 3.3498 6.83124 -0.0539573 -0.0616858
1 4.4635 6.82648 -0.0487272 -0.0611066
1 5.57657 6.82474 -0.0477182 -0.0628876
1 6.68857 6.82365 -0.0508815 -0.0541377
1 7.80055 6.82399 -0.050279 -0.0517718
1 8.9136 6.82756 -0.0503863 -0.0556067
1 10.0285 6.83443 -0.0430961 -0.0598651
1 11.1451 6.84183 -0.0395585 -0.0521933
1 12.2628 6.84829 -0.0325157 -0.0394484
1 13.3822 6.85324 -0.0246541 -0.0230671
1 14.5046 6.85557 -0.0232922 -0.00746278
1 15.6293 6.85726 -0.010984 -0.00600132
1 16.7563 6.8602 -0.00984544 -0.00905767
1 17.8855 6.86386 -0.0110411 -0.00622483
1 19.016 6.86695 -0.0228866 -0.00350186
1 20.1466 6.869 -0.0408587 -0.0059517
1 21.2747 6.87019 -0.0301477 -0.0135216
1 22.4015 6.8704 0.00602139 -0.0155365
1 23.5284 6.86975 0.0384753 -0.0110378
1 24.6575 6.86823 0.0412085 -0.00633212
1 25.7883 6.86538 0.0217969 -0.00511099
1 26.9178 6.86193 0.0114031 -0.00675596
1 28.0461 6.85888 0.00870379 -0.00767645
1 29.1723 6.85648 0.016733 -0.00517409
1 30.2962 6.85444 0.0223871 -0.0160478
1 31.4176 6.85036 0.0214045 -0.0358377
1 32.5362 6.84447 0.0348195 -0.0464834
1 33.6535 6.83767 0.0442595 -0.0556456
1 34.7689 6.83083 0.0414196 -0.0536738
1 35.8822 6.82629 0.0390307 -0.0522385
1 36.9945 6.82453 0.0389017 -0.0539404
1 38.1065 6.82484 0.0535329 -0.0560754
1 39.2198 6.82594 0.0583152 -0.0587335
1 40.3339 6.82946 0.0581713 -0.0625594
1 41.4472 6.83355 0.0476229 -0.0634057
1 42.5595 6.83704 0.0422853 -0.0706043
1 43.6739 6.83882 0.043663 -0.0754713
1 0.567332 7.80581 -0.0532455 -0.0752663
1 1.6818 7.80258 -0.0504522 -0.066167
1 2.79424 7.79776 -0.0558877 -0.0629883
1 3.90734 7.793 -0.0585639 -0.0635903
1 5.02051 7.7902 -0.0599458 -0.0678719
1 6.13365 7.78898 -0.0566295 -0.0512801
1 7.24639 7.78873 -0.0427925 -0.05193
1 8.35834 7.79089 -0.0338955 -0.0559181
1 9.47032 7.79545 -0.0417856 -0.0535571
1 10.5856 7.80142 -0.0393412 -0.0478458
1 11.7031 7.80718 -0.0337008 -0.0410626
1 12.8228 7.81174 -0.0303293 -0.0304219
1 13.9458 7.81494 -0.0318466 -0.0142824
1 15.0709 7.81645 -0.0184399 -0.00556955
1 16.1969 7.81806 0.000172359 -0.00653329
1 17.3241 7.82068 0.00677379 -0.00540581
1 18.4521 7.82345 -0.000239251 -0.00849006
1 19.5816 7.82598 -0.0300561 -0.016315
1 20.7105 7.82817 -0.0409991 -0.0237664
1 21.8376 7.82884 -0.010663 -0.0327746
1 22.9648 7.82873 0.0277992 -0.030477
1 24.0926 7.82758 0.0375345 -0.018664
1 25.2219 7.82495 0.0164897 -0.0135701
1 26.3513 7.8218 -0.00202018 -0.00869329
1 27.479 7.81921 -0.00754004 -0.00735656
1 28.6052 7.81731 0.0089689 -0.00611221
1 29.7312 7.81577 0.0310784 -0.00937727
1 30.8556 7.81331 0.0283228 -0.0247389
1 31.9756 7.8092 0.0317044 -0.0365
1 33.0936 7.80373 0.0435354 -0.0462615
1 34.2115 7.79762 0.0481997 -0.0488002
1 35.3269 7.79318 0.0511809 -0.051327
1 36.4395 7.79014 0.0480154 -0.0513166
1 37.5514 7.78975 0.050239 -0.0512716
1 38.6636 7.79006 0.0523905 -0.0617879
1 39.7767 7.79154 0.0533879 -0.0646638
1 40.8907 7.7954 0.0607305 -0.0594904
1 42.0041 7.80041 0.0628389 -0.0693132
1 43.117 7.80465 0.0518851 -0.0669532
1 44.235 7.80744 0.0554198 -0.0873734
1 0.00884531 8.77602 -0.0636054 -0.0780877
1 1.12708 8.77093 -0.0651336 -0.060291
1 2.24001 8.76537 -0.0685775 -0.0576749
1 3.35265 8.76009 -0.0644063 -0.0608109
1 4.46557 8.75639 -0.0549869 -0.0578585
1 5.57868 8.75442 -0.0596057 -0.05324
1 6.69076 8.75362 -0.0529054 -0.0506795
1 7.80224 8.75527 -0.0407948 -0.0545989
1 8.91396 8.75899 -0.0415323 -0.0499355
1 10.0285 8.76265 -0.0453746 -0.0432932
1 11.1459 8.76693 -0.0437278 -0.036673
1 12.2649 8.77071 -0.0400185 -0.0267641
1 13.3866 8.77342 -0.0354829 -0.0180238
1 14.5116 8.77537 -0.0308601 -0.00867542
1 15.638 8.77761 -0.000523862 -0.00866101
1 16.7639 8.77984 0.0228813 -0.00634147
1 17.89 8.78172 0.0269879 -0.00331562
1 19.0174 8.784 0.00984818 -0.0118607
1 20.1463 8.78631 -0.0248359 -0.021501
1 21.2742 8.78732 -0.0306134 -0.034261
1 22.4019 8.78763 0.00622693 -0.0400887
1 23.5292 8.78726 0.0345202 -0.0276496
1 24.6572 8.78528 0.0160162 -0.0142812
1 25.7856 8.78292 -0.0181755 -0.00787962
1 26.912 8.78095 -0.0253943 -0.00688266
1 28.0374 8.77876 -0.0172015 -0.00937395
1 29.1634 8.77664 0.0147172 -0.00942974
1 30.29 8.77454 0.0363469 -0.0174479
1 31.4143 8.77179 0.0305652 -0.0229476
1 32.5344 8.76867 0.034614 -0.031907
1 33.6522 8.76396 0.045558 -0.0459297
1 34.7673 8.76015 0.0500117 -0.0456455
1 35.88 8.75709 0.0457245 -0.0476161
1 36.9922 8.7549 0.0496223 -0.0478974
1 38.1049 8.75459 0.0665391 -0.0503523
1 39.218 8.75565 0.0705911 -0.0587393
1 40.3312 8.75802 0.0681898 -0.0606513
1 41.4439 8.76264 0.0740732 -0.0589424
1 42.5568 8.76814 0.0722267 -0.0570717
1 43.6721 8.77478 0.0813973 -0.0705813
1 0.574162 9.7409 -0.0900848 -0.0551093
1 1.68891 9.73307 -0.0799691 -0.0565331
1 2.80095 9.72712 -0.0742153 -0.0573321
1 3.91285 9.72264 -0.073697 -0.0618264
1 5.0257 9.71925 -0.0737219 -0.0577591
1 6.13837 9.71831 -0.0647138 -0.0579926
1 7.25004 9.71969 -0.0442545 -0.061162
1 8.36086 9.72296 -0.037031 -0.0571166
1 9.47283 9.72534 -0.0487165 -0.0438326
1 10.5887 9.72751 -0.0513223 -0.0356058
1 11.7073 9.72964 -0.0458292 -0.0264941
1 12.8285 9.73154 -0.0348535 -0.0239182
1 13.9528 9.7337 -0.0305324 -0.0219055
1 15.0786 9.73607 -0.00897651 -0.0225147
1 16.2044 9.73965 0.0294861 -0.021821
1 17.3296 9.74229 0.0445572 -0.0122899
1 18.4547 9.74346 0.0380043 -0.0135571
1 19.5816 9.74475 0.00308609 -0.0235617
1 20.7099 9.74601 -0.0271896 -0.0370228
1 21.8377 9.74628 -0.0118648 -0.0484035
1 22.9655 9.74632 0.0245123 -0.0415114
1 24.0931 9.74549 0.0150915 -0.0250107
1 25.2207 9.7441 -0.0244913 -0.0178201
1 26.3471 9.7432 -0.0400152 -0.0142725
1 27.4721 9.74146 -0.0378395 -0.0205165
1 28.5974 9.73805 -0.00934765 -0.0249735
1 29.724 9.73494 0.0262071 -0.0226209
1 30.8495 9.73227 0.0355919 -0.0246277
1 31.9714 9.73031 0.0422465 -0.0254008
1 33.0906 9.72855 0.0441075 -0.0316192
1 34.208 9.72631 0.0418723 -0.0408739
1 35.3224 9.72394 0.0437347 -0.0515545
1 36.4337 9.72093 0.048804 -0.0588975
1 37.5454 9.71926 0.0675164 -0.05593
1 38.6575 9.71931 0.0698807 -0.0577984
1 39.77 9.72086 0.0678021 -0.0586312
1 40.8822 9.72461 0.0751835 -0.0587813
1 41.994 9.72975 0.0805638 -0.0562439
1 43.1059 9.73691 0.0835356 -0.0559111
1 44.2243 9.74755 0.0887807 -0.057722
1 0.021895 10.7128 -0.0855196 -0.0429095
1 1.14058 10.7017 -0.0759821 -0.0520459
1 2.252 10.6946 -0.0780836 -0.0610784
1 3.36299 10.6892 -0.0730454 -0.0584741
1 4.47495 10.6852 -0.064581 -0.0587751
1 5.58642 10.6834 -0.0649134 -0.0650247
1 6.69706 10.6845 -0.0598386 -0.0671862
1 7.80741 10.6874 -0.0458561 -0.061031
1 8.9189 10.6896 -0.0515607 -0.0441506
1 10.0343 10.6899 -0.0559979 -0.0289806
1 11.1528 10.6898 -0.0586096 -0.020333
1 12.2725 10.6906 -0.0539943 -0.0255234
1 13.3939 10.6925 -0.035124 -0.0303934
1 14.5182 10.6949 -0.0219793 -0.0285321
1 15.6439 10.6989 0.00851563 -0.0315693
1 16.7692 10.7033 0.0389605 -0.0254707
1 17.8945 10.7052 0.0473782 -0.0142537
1 19.0201 10.7055 0.0311311 -0.0152076
1 20.147 10.7055 -0.00710283 -0.0262272
1 21.2744 10.7053 -0.0223016 -0.0394998
1 22.4023 10.7054 0.00612871 -0.0410088
1 23.5292 10.7055 0.0216996 -0.0288652
1 24.6559 10.7054 -0.00958053 -0.0186178
1 25.7819 10.7057 -0.0422436 -0.0126042
1 26.9067 10.705 -0.0420765 -0.0201004
1 28.032 10.7016 -0.0275328 -0.0338145
1 29.1577 10.6971 0.00524912 -0.0347055
1 30.2827 10.6937 0.0297685 -0.0302934
1 31.4062 10.6913 0.0366369 -0.0284183
1 32.5275 10.6899 0.0468941 -0.0204523
1 33.6465 10.6898 0.0567275 -0.0224482
1 34.7624 10.6902 0.0594141 -0.0387009
1 35.8743 10.6891 0.0416805 -0.0579657
1 36.9843 10.6859 0.0441962 -0.0678218
1 38.0954 10.684 0.0717341 -0.0619173
1 39.2072 10.6848 0.0805484 -0.0623417
1 40.3191 10.6876 0.0780539 -0.0646709
1 41.4295 10.6917 0.0836001 -0.0602138
1 42.5396 10.6981 0.0910504 -0.0573779
1 43.6528 10.7068 0.100924 -0.0484463
1 0.594276 11.6715 -0.0883385 -0.0514561
1 1.70745 11.6633 -0.0799929 -0.0554373
1 2.81754 11.6576 -0.0786381 -0.0631582
1 3.9272 11.6528 -0.074775 -0.0657338
1 5.03787 11.6504 -0.0695713 -0.0706371
1 6.14806 11.6505 -0.0643513 -0.0724093
1 7.25823 11.6529 -0.0492548 -0.0669601
1 8.36914 11.6546 -0.0618546 -0.0461648
1 9.48278 11.6538 -0.0805112 -0.0305092
1 10.5998 11.6519 -0.0695806 -0.0229429
1 11.7186 11.6509 -0.0542657 -0.0236692
1 12.8388 11.6526 -0.0391038 -0.0352482
1 13.9611 11.6556 -0.0300423 -0.0415407
1 15.0848 11.6587 -0.00902046 -0.0443532
1 16.21 11.6636 0.0217644 -0.04318
1 17.3358 11.6676 0.0401558 -0.0309291
1 18.4607 11.6684 0.0412034 -0.0205986
1 19.5861 11.6672 0.0108027 -0.0205485
1 20.7119 11.666 -0.0221842 -0.0315777
1 21.838 11.6651 -0.0068071 -0.0406321
1 22.9645 11.6654 0.0261058 -0.0340727
1 24.09 11.6666 0.00563734 -0.0239837
1 25.2157 11.6682 -0.0319174 -0.0187729
1 26.341 11.6686 -0.0407692 -0.0240596
1 27.4665 11.6663 -0.033083 -0.0390688
1 28.5924 11.6615 -0.00670329 -0.0478024
1 29.7171 11.6571 0.0184866 -0.0421544
1 30.8398 11.6541 0.0285148 -0.0402788
1 31.9602 11.6518 0.0500126 -0.0341337
1 33.079 11.6514 0.0691077 -0.0214346
1 34.1976 11.6532 0.0776486 -0.0247032
1 35.3144 11.6547 0.0727412 -0.0388453
1 36.4267 11.6543 0.054868 -0.0618185
1 37.5365 11.6518 0.0588211 -0.074166
1 38.6459 11.6507 0.0621795 -0.07129
1 39.7563 11.652 0.063447 -0.0654388
1 40.867 11.6557 0.0732233 -0.0681675
1 41.9765 11.6608 0.0724899 -0.0669308
1 43.0874 11.667 0.0674474 -0.0523611
1 44.2064 11.6762 0.0793603 -0.0310457
1 0.0402177 12.6398 -0.0618891 -0.0362713
1 1.15964 12.6319 -0.0592284 -0.0540093
1 2.27052 12.6259 -0.0607642 -0.0636871
1 3.38027 12.6216 -0.0616011 -0.0663285
1 4.48959 12.618 -0.0519037 -0.072408
1 5.59867 12.6175 -0.0562537 -0.0702865
1 6.70806 12.6182 -0.0651966 -0.06127
1 7.81962 12.6187 -0.0722746 -0.0430654
1 8.93392 12.6173 -0.0880975 -0.0281544
1 10.0514 12.6153 -0.0856676 -0.0251152
1 11.1693 12.6134 -0.0670294 -0.0283235
1 12.2865 12.6137 -0.045213 -0.0377287
1 13.4053 12.6164 -0.0206842 -0.042544
1 14.5268 12.62 -0.00970239 -0.0475551
1 15.6504 12.6241 0.0068789 -0.053303
1 16.7758 12.6288 0.0296259 -0.0484927
1 17.9016 12.6316 0.041382 -0.0371474
1 19.0273 12.631 0.0275946 -0.0284314
1 20.1526 12.6285 -0.0096332 -0.030244
1 21.2767 12.6264 -0.023417 -0.0364847
1 22.4013 12.626 0.00611477 -0.0388417
1 23.5253 12.6273 0.0177048 -0.0324563
1 24.6498 12.63 -0.00948303 -0.0264174
1 25.7747 12.632 -0.0351653 -0.0285513
1 26.8999 12.6308 -0.0362949 -0.0436821
1 28.0261 12.627 -0.0198446 -0.0547134
1 29.1506 12.6222 0.00630739 -0.05357
1 30.2731 12.6185 0.0200064 -0.0469005
1 31.3939 12.6153 0.0268236 -0.0431219
1 32.5125 12.6135 0.0450382 -0.0316693
1 33.6299 12.6143 0.0664291 -0.02605
1 34.7468 12.6167 0.0855049 -0.0278394
1 35.8613 12.619 0.077271 -0.0329503
1 36.9737 12.6194 0.0604318 -0.0531057
1 38.0842 12.6182 0.0619287 -0.0668889
1 39.1938 12.6183 0.0614391 -0.0734937
1 40.3032 12.6205 0.0616998 -0.0699107
1 41.4121 12.6247 0.0622517 -0.0644989
1 42.5218 12.6292 0.0623509 -0.05968
1 43.6346 12.6357 0.0692404 -0.0519339
1 0.612102 13.5998 -0.0538505 -0.0505721
1 1.72496 13.5939 -0.0468185 -0.0617492
1 2.83372 13.5895 -0.045266 -0.0662644
1 3.94224 13.5866 -0.0469958 -0.0699919
1 5.05156 13.5848 -0.0580148 -0.0669835
1 6.16212 13.5837 -0.0672779 -0.0502622
1 7.27413 13.5827 -0.0646329 -0.0331335
1 8.38769 13.581 -0.0708384 -0.0257648
1 9.50201 13.5787 -0.0737008 -0.0250046
1 10.6179 13.5771 -0.0517743 -0.031074
1 11.7341 13.5769 -0.0282318 -0.0342374
1 12.8512 13.5787 -0.0156593 -0.0419478
1 13.9705 13.5821 -0.0100274 -0.045283
1 15.0918 13.586 0.0058766 -0.0486878
1 16.2157 13.5902 0.0256681 -0.0509602
1 17.3414 13.5939 0.035993 -0.0445039
1 18.467 13.5949 0.0351789 -0.0342605
1 19.5928 13.5928 0.0132914 -0.0298142
1 20.7163 13.5899 -0.0180354 -0.030633
1 21.8389 13.5882 -0.00670274 -0.0314347
1 22.962 13.5888 0.021996 -0.0303335
1 24.0847 13.5916 0.00426352 -0.0294546
1 25.2094 13.5945 -0.0268342 -0.0290748
1 26.3353 13.595 -0.0405059 -0.0387197
1 27.4613 13.5927 -0.0335344 -0.0508782
1 28.5862 13.5885 -0.0135558 -0.0499388
1 29.7091 13.5843 -0.0017765 -0.0466061
1 30.8296 13.5807 -0.000553989 -0.0455112
1 31.9465 13.578 0.0236267 -0.0387793
1 33.0619 13.5774 0.0497271 -0.0356261
1 34.1788 13.5784 0.0696035 -0.0302732
1 35.2954 13.5803 0.0783609 -0.0236946
1 36.4102 13.5823 0.0716311 -0.0289176
1 37.5231 13.5839 0.0654745 -0.0435888
1 38.6335 13.585 0.0553208 -0.0617149
1 39.7429 13.5863 0.0361658 -0.0686746
1 40.8522 13.5889 0.0396364 -0.0665655
1 41.9614 13.5924 0.0401675 -0.0668596
1 43.072 13.5971 0.0367952 -0.0567147
1 44.1914 13.602 0.0419177 -0.0468891
1 0.0545083 14.5663 -0.0328174 -0.0467704
1 1.17372 14.5616 -0.0213878 -0.0591765
1 2.28394 14.5585 -0.0247237 -0.0720991
1 3.39269 14.5552 -0.0311344 -0.0760847
1 4.50217 14.5529 -0.0326144 -0.0675193
1 5.61309 14.5504 -0.0490411 -0.0575538
1 6.7246 14.5478 -0.0585986 -0.0435726
1 7.83762 14.5452 -0.0542591 -0.0397612
1 8.9516 14.5436 -0.0523314 -0.037405
1 10.067 14.5422 -0.0475148 -0.0410571
1 11.1823 14.542 -0.0343866 -0.0466363
1 12.2965 14.543 -0.01022 -0.0474405
1 13.4129 14.5456 0.00825642 -0.0497657
1 14.5323 14.5495 0.00825811 -0.0522065
1 15.6542 14.5535 0.022227 -0.0577791
1 16.7787 14.5568 0.0390515 -0.0581138
1 17.9049 14.5586 0.0415165 -0.0531391
1 19.0316 14.5581 0.0302471 -0.048267
1 20.1568 14.5556 -0.00324942 -0.0435125
1 21.2788 14.5532 -0.0226612 -0.0370028
1 22.4001 14.5526 0.00510402 -0.0370804
1 23.5218 14.5544 0.01544 -0.039242
1 24.6456 14.5571 -0.0120803 -0.0428023
1 25.7717 14.5588 -0.0378074 -0.0493179
1 26.8976 14.5582 -0.0445805 -0.0558437
1 28.0231 14.5558 -0.030721 -0.0576211
1 29.1463 14.552 -0.0107941 -0.0567802
1 30.2672 14.5482 -0.0039303 -0.0544502
1 31.3853 14.5447 -0.00087061 -0.0484787
1 32.5009 14.543 0.00971422 -0.0455216
1 33.616 14.5426 0.0272072 -0.0482983
1 34.7306 14.5433 0.0496617 -0.0416222
1 35.8438 14.5448 0.0497595 -0.03898
1 36.957 14.547 0.0498666 -0.0392629
1 38.0697 14.5499 0.0621645 -0.0498117
1 39.1819 14.5523 0.0537339 -0.0633513
1 40.2927 14.5547 0.0377341 -0.074618
1 41.4016 14.5574 0.0289267 -0.072988
1 42.5104 14.5605 0.0222492 -0.065627
1 43.6235 14.5638 0.0336264 -0.0542834
1 0.621033 15.5285 -0.0268892 -0.0622161
1 1.73296 15.5263 -0.0170967 -0.0703136
1 2.84218 15.5237 -0.0239109 -0.0714117
1 3.95162 15.5209 -0.0369086 -0.0733525
1 5.06324 15.5175 -0.0476106 -0.0617157
1 6.17597 15.5139 -0.0483598 -0.0504168
1 7.28875 15.5108 -0.0336612 -0.0391867
1 8.40085 15.5089 -0.0351684 -0.0397304
1 9.51319 15.5079 -0.0318965 -0.0398308
1 10.627 15.5077 -0.0179154 -0.0450375
1 11.7411 15.5087 -0.00505579 -0.043661
1 12.8554 15.5105 0.0057487 -0.0455965
1 13.9726 15.5138 0.00542062 -0.050202
1 15.093 15.5179 0.014561 -0.0572468
1 16.2161 15.5213 0.0388986 -0.0611262
1 17.3417 15.5227 0.0512207 -0.0611561
1 18.4684 15.5226 0.0426609 -0.0580862
1 19.5953 15.5216 0.0142057 -0.0530561
1 20.7192 15.5198 -0.0195822 -0.0450983
1 21.8397 15.5188 -0.00964007 -0.0350526
1 22.96 15.5191 0.0221772 -0.0388413
1 24.0817 15.5207 0.0072558 -0.04902
1 25.2076 15.5223 -0.0314087 -0.0559722
1 26.3351 15.523 -0.0530223 -0.0587454
1 27.4611 15.5225 -0.0452947 -0.0607485
1 28.5852 15.5203 -0.02264 -0.0597887
1 29.7075 15.5167 -0.0102957 -0.0545342
1 30.8268 15.5127 -0.0132954 -0.0456947
1 31.9416 15.51 0.00339917 -0.0426601
1 33.0555 15.5089 0.0210136 -0.0467084
1 34.1701 15.5084 0.0314972 -0.0428656
1 35.2838 15.509 0.0311338 -0.041161
1 36.3966 15.5103 0.0263269 -0.04415
1 37.5086 15.5129 0.0378566 -0.0450366
1 38.6209 15.516 0.0407101 -0.0545636
1 39.733 15.5197 0.0277376 -0.0669229
1 40.8439 15.5228 0.0237825 -0.0725469
1 41.9537 15.5258 0.0130587 -0.0700877
1 43.0641 15.5278 0.00867767 -0.0664941
1 44.1817 15.5308 0.021093 -0.0466891
1 0.0611631 16.4944 -0.0158595 -0.0602666
1 1.17833 16.494 -0.0118767 -0.0696091
1 2.28876 16.4916 -0.0190716 -0.0648672
1 3.39916 16.4884 -0.0208348 -0.0603942
1 4.51067 16.485 -0.0248952 -0.0559876
1 5.62308 16.4809 -0.0306562 -0.0460281
1 6.73505 16.477 -0.0240724 -0.0384356
1 7.84667 16.4746 -0.0119281 -0.0282776
1 8.95839 16.4738 -0.0174026 -0.0251484
1 10.0711 16.4738 -0.0204797 -0.0269973
1 11.1849 16.4746 -0.0209695 -0.0285704
1 12.2978 16.4763 -0.00377491 -0.027117
1 13.4121 16.4791 0.0134069 -0.029978
1 14.5308 16.4825 0.00920638 -0.0378606
1 15.6532 16.486 0.0251638 -0.0466135
1 16.7782 16.4877 0.0515729 -0.0466648
1 17.9049 16.4869 0.0590658 -0.0412628
1 19.0323 16.4859 0.0352833 -0.0370095
1 20.1586 16.4854 -0.0158853 -0.0273157
1 21.2804 16.4855 -0.0321088 -0.0177823
1 22.3996 16.4855 0.0111309 -0.0182056
1 23.52 16.4854 0.0276771 -0.0239781
1 24.6444 16.4855 -0.0096333 -0.0336731
1 25.7716 16.4864 -0.0486994 -0.0398402
1 26.8979 16.4878 -0.059038 -0.0421425
1 28.0236 16.4876 -0.0457802 -0.0480337
1 29.1477 16.4848 -0.0172799 -0.0430593
1 30.2686 16.4813 -0.000606825 -0.0320498
1 31.3851 16.4784 -0.00225185 -0.0284953
1 32.4991 16.4761 -0.000344457 -0.0273989
1 33.6126 16.4747 0.0106135 -0.02677
1 34.7253 16.4744 0.0213088 -0.0254043
1 35.8369 16.475 0.0139238 -0.0287121
1 36.9482 16.4767 0.0141885 -0.0331732
1 38.06 16.4793 0.0328269 -0.0433731
1 39.1725 16.4834 0.0338054 -0.0509709
1 40.285 16.4872 0.02826 -0.0578208
1 41.3955 16.4904 0.021892 -0.05993
1 42.5053 16.4933 0.0151246 -0.0673099
1 43.6171 16.4955 0.0188253 -0.0678107
1 0.623808 17.4618 -0.0196623 -0.06924
1 1.73708 17.4599 -0.0196024 -0.0687218
1 2.84732 17.4565 -0.0212005 -0.0673352
1 3.95763 17.4525 -0.0213784 -0.0605712
1 5.06984 17.4484 -0.0266198 -0.0537008
1 6.1823 17.444 -0.020185 -0.0456586
1 7.29359 17.4412 -0.00319731 -0.040024
1 8.40392 17.4396 -0.00815782 -0.0294064
1 9.51464 17.4401 -0.0173996 -0.0234428
1 10.6267 17.4412 -0.00951791 -0.0220652
1 11.7393 17.4427 -0.00551847 -0.0253713
1 12.8527 17.4449 0.00209236 -0.0304102
1 13.9695 17.4474 0.00773984 -0.037601
1 15.0907 17.4498 0.022731 -0.0461557
1 16.2158 17.4518 0.0487708 -0.0464727
1 17.3427 17.4518 0.0615621 -0.0414614
1 18.469 17.4501 0.0481614 -0.0341057
1 19.5948 17.4494 0.00551988 -0.0239398
1 20.7187 17.4502 -0.0310109 -0.0200211
1 21.8394 17.4517 -0.0135124 -0.022473
1 22.9599 17.451 0.0312196 -0.0221799
1 24.0822 17.4495 0.0225735 -0.0229324
1 25.2078 17.4497 -0.0286814 -0.0306506
1 26.3345 17.4512 -0.061714 -0.0377665
1 27.4613 17.4523 -0.0593324 -0.0453114
1 28.5872 17.4514 -0.0368961 -0.0466001
1 29.7104 17.4493 -0.0167691 -0.0385675
1 30.8292 17.4468 -0.0147775 -0.0308976
1 31.9435 17.4443 0.00291213 -0.0281598
1 33.056 17.4425 0.0231894 -0.0241983
1 34.1689 17.4412 0.0229645 -0.020722
1 35.2817 17.4404 0.01373 -0.0261588
1 36.393 17.441 0.00905804 -0.0324758
1 37.5037 17.4432 0.0177301 -0.0429816
1 38.615 17.447 0.016805 -0.0479507
1 39.7273 17.4509 0.0100116 -0.0584725
1 40.8385 17.4548 0.01632 -0.0628174
1 41.949 17.4587 0.0161315 -0.0680458
1 43.0601 17.4617 0.00842404 -0.0681004
1 44.1779 17.4619 0.0106288 -0.0769365
1 0.0634272 18.4308 -0.0135069 -0.0841168
1 1.18157 18.4286 -0.00512795 -0.0726637
1 2.29322 18.4258 -0.00964838 -0.0743776
1 3.40355 18.4221 -0.0111583 -0.0762962
1 4.51423 18.4177 -0.0046894 -0.0702928
1 5.6259 18.4135 -0.00942045 -0.0589707
1 6.73662 18.4102 -0.010279 -0.053275
1 7.84705 18.4084 -0.00808777 -0.0439845
1 8.95735 18.4083 -0.0205242 -0.0343156
1 10.0694 18.4101 -0.0255543 -0.0264378
1 11.182 18.4123 -0.0198022 -0.0269847
1 12.2941 18.4137 -0.00203419 -0.0375651
1 13.4086 18.4153 0.017902 -0.05019
1 14.5284 18.4166 0.0241509 -0.0546669
1 15.6526 18.4176 0.0406674 -0.0563142
1 16.779 18.4182 0.0573044 -0.0531491
1 17.9059 18.4178 0.0561112 -0.0411598
1 19.0316 18.4167 0.0260337 -0.0326696
1 20.1562 18.4168 -0.0235753 -0.0297275
1 21.2786 18.4182 -0.0342455 -0.0348496
1 22.4001 18.4188 0.011789 -0.0394317
1 23.5221 18.4174 0.0299599 -0.0343847
1 24.6459 18.4166 -0.00277541 -0.0323656
1 25.7713 18.4173 -0.0398752 -0.0377926
1 26.897 18.4185 -0.0561135 -0.048246
1 28.0236 18.4184 -0.0533309 -0.0552361
1 29.1494 18.4176 -0.0299817 -0.0531966
1 30.2718 18.4164 -0.0134364 -0.0513046
1 31.3894 18.415 -0.00741369 -0.0448572
1 32.5028 18.4136 0.00297543 -0.0284511
1 33.6151 18.4119 0.010801 -0.0240133
1 34.7271 18.4098 0.0172758 -0.0305572
1 35.8369 18.4088 0.00782631 -0.0361419
1 36.9462 18.4098 0.00513681 -0.0457196
1 38.0571 18.4122 0.0150175 -0.0567751
1 39.1693 18.4161 0.0201545 -0.0624153
1 40.2806 18.4206 0.0148625 -0.0699558
1 41.3902 18.4244 0.0126922 -0.0748855
1 42.5006 18.4274 0.0110369 -0.071301
1 43.6145 18.4298 0.0211844 -0.0752665
1 0.627462 19.3984 -0.0155693 -0.0787228
1 1.7408 19.3953 -0.00128746 -0.0733541
1 2.85086 19.3929 -0.000741593 -0.0693142
1 3.96062 19.3898 -0.00605958 -0.067054
1 5.07151 19.3856 -0.015021 -0.061856
1 6.1827 19.3822 -0.0180859 -0.052034
1 7.29281 19.38 -0.00972198 -0.040083
1 8.40159 19.3801 -0.0139104 -0.0306699
1 9.51067 19.3818 -0.0276568 -0.0210645
1 10.6223 19.3845 -0.0130954 -0.0184834
1 11.735 19.3862 0.00519935 -0.0239752
1 12.8495 19.3866 0.0165093 -0.0397867
1 13.9679 19.3868 0.0184727 -0.048012
1 15.0908 19.3868 0.0327722 -0.0457987
1 16.2166 19.3874 0.0517031 -0.0389624
1 17.343 19.3881 0.0526956 -0.0291753
1 18.4682 19.3876 0.0379099 -0.0176385
1 19.5931 19.3869 0.00552166 -0.0131021
1 20.7172 19.3872 -0.026739 -0.0177051
1 21.8393 19.388 -0.0137902 -0.0255156
1 22.9613 19.3877 0.028927 -0.0207629
1 24.0842 19.3871 0.020982 -0.0147144
1 25.2088 19.3876 -0.0239396 -0.0168648
1 26.3341 19.3884 -0.0518345 -0.0251393
1 27.4603 19.388 -0.0543864 -0.0346829
1 28.5867 19.3873 -0.0411191 -0.0417998
1 29.7114 19.3872 -0.0265209 -0.0480673
1 30.8322 19.3871 -0.0279039 -0.0451614
1 31.9476 19.3869 -0.0111894 -0.0277853
1 33.0604 19.3862 0.0171524 -0.0186796
1 34.1731 19.3839 0.0307491 -0.019352
1 35.2848 19.3817 0.0270256 -0.0230856
1 36.3943 19.3805 0.0108664 -0.0355043
1 37.5039 19.3814 0.012064 -0.0466774
1 38.6138 19.3843 0.0122328 -0.0573925
1 39.7243 19.3883 0.00302168 -0.0627413
1 40.8346 19.3919 0.00109755 -0.068429
1 41.9449 19.3944 -0.00201885 -0.0710067
1 43.0559 19.3965 0.00532017 -0.0735127
1 44.1732 19.4004 0.0150364 -0.0805039
1 0.0708455 20.37 -7.32616e-05 -0.0663698
1 1.18722 20.3659 0.00283306 -0.0705267
1 2.29682 20.3636 0.00646326 -0.0675102
1 3.4062 20.3613 0.00722412 -0.0558379
1 4.51651 20.3584 0.00563994 -0.0449272
1 5.62691 20.3553 -0.00967278 -0.0398064
1 6.7357 20.3532 -0.0181316 -0.0253165
1 7.84361 20.3529 -0.0120033 -0.0103477
1 8.95246 20.3544 -0.0210761 0.00216195
1 10.0642 20.3569 -0.0228037 0.00279634
1 11.1777 20.3589 -0.00899408 0.00204808
1 12.2915 20.3583 0.0190452 -0.00391205
1 13.4077 20.3576 0.0326681 -0.0150821
1 14.529 20.3571 0.0258107 -0.0132435
1 15.653 20.3569 0.0378399 -0.0031727
1 16.7786 20.3575 0.0538073 0.00782691
1 17.9053 20.3581 0.0559611 0.0185041
1 19.031 20.3574 0.0303852 0.0252193
1 20.1556 20.3564 -0.0154409 0.0240571
1 21.2783 20.3563 -0.0299791 0.0218824
1 22.4005 20.3567 0.0105495 0.0200803
1 23.5226 20.3565 0.0226251 0.0218802
1 24.6465 20.3573 -0.00968732 0.0259812
1 25.7721 20.3583 -0.0400422 0.0238343
1 26.8977 20.3584 -0.0539608 0.0116639
1 28.0237 20.3571 -0.048371 0.00112244
1 29.1488 20.357 -0.0285698 -0.00751697
1 30.2719 20.3578 -0.024267 -0.0140635
1 31.3908 20.3586 -0.0297791 -0.00981331
1 32.506 20.3595 -0.0174596 0.000852363
1 33.6197 20.359 0.00254186 0.00290417
1 34.7317 20.3562 0.0257416 0.00322591
1 35.8409 20.3539 0.0215427 -0.0010749
1 36.9489 20.3532 0.0146365 -0.0151373
1 38.0579 20.3547 0.024648 -0.0318213
1 39.1681 20.3572 0.0158346 -0.0412649
1 40.2789 20.3604 0.00197375 -0.0523824
1 41.3883 20.3627 -0.00274579 -0.0613719
1 42.4973 20.3647 0.000232274 -0.0705953
1 43.6087 20.3674 0.0143777 -0.0686528
1 0.634657 21.3376 -0.00322663 -0.0573144
1 1.74528 21.3352 0.00478645 -0.0571247
1 2.85303 21.333 0.000267907 -0.0450401
1 3.96136 21.3306 -0.00609553 -0.0264004
1 5.07146 21.3286 -0.0145632 -0.0134485
1 6.18118 21.3272 -0.0230618 -0.000316459
1 7.28918 21.3266 -0.0184183 0.0126393
1 8.39639 21.3271 -0.0204352 0.0220008
1 9.50566 21.3287 -0.0165228 0.0239583
1 10.6189 21.3303 0.00769935 0.0269938
1 11.734 21.3303 0.0277682 0.0273106
1 12.8495 21.3289 0.0349982 0.0239219
1 13.9681 21.3272 0.0228626 0.0223258
1 15.0905 21.3265 0.0309054 0.0257444
1 16.2151 21.3267 0.0528164 0.0369212
1 17.3409 21.3269 0.0602121 0.0481471
1 18.4671 21.3267 0.0486089 0.0523418
1 19.5932 21.3261 0.0166149 0.0498734
1 20.7173 21.325 -0.0230784 0.0497554
1 21.8392 21.3243 -0.0139921 0.0506126
1 22.9614 21.3246 0.0268323 0.0522916
1 24.0842 21.3257 0.0125535 0.0512693
1 25.2093 21.3268 -0.0330781 0.0521805
1 26.3359 21.3272 -0.0573954 0.050856
1 27.4625 21.327 -0.0579649 0.0425059
1 28.5875 21.3268 -0.0446527 0.0316559
1 29.7112 21.3272 -0.0276389 0.0244452
1 30.8322 21.3287 -0.0368718 0.023004
1 31.9482 21.3304 -0.031568 0.0240171
1 33.063 21.3312 -0.00585883 0.0270039
1 34.178 21.3303 0.0116277 0.0277127
1 35.2901 21.3283 0.0169405 0.0250613
1 36.3986 21.3273 0.0126544 0.0172685
1 37.5058 21.3273 0.0202181 0.00646949
1 38.6142 21.3282 0.0130992 -0.00589674
1 39.724 21.3297 -0.00109201 -0.0221138
1 40.8335 21.3321 -0.00252197 -0.0382043
1 41.9416 21.3343 -0.00507539 -0.0542344
1 43.05 21.3364 -0.00929471 -0.0573885
1 44.1658 21.3383 -0.0160238 -0.0444068
1 0.0771869 22.3078 0.0319811 -0.0281121
1 1.19253 22.3072 0.0136143 -0.0347619
1 2.30084 22.3056 0.00333681 -0.0336382
1 3.40804 22.3036 -0.00513967 -0.0203064
1 4.5157 22.3018 -0.00955502 -0.00625112
1 5.62429 22.3013 -0.015995 0.0120782
1 6.73191 22.3011 -0.0109715 0.0220961
1 7.83944 22.3014 -0.00451875 0.024067
1 8.94872 22.3015 -0.00889208 0.0199973
1 10.0615 22.3019 -0.00206776 0.0237423
1 11.1767 22.302 0.0117369 0.0294667
1 12.2916 22.3016 0.0327093 0.032119
1 13.4078 22.3002 0.0409551 0.0299514
1 14.5277 22.2987 0.0344089 0.0241969
1 15.6506 22.2983 0.0436763 0.0285211
1 16.776 22.2982 0.0597348 0.0383251
1 17.9026 22.2981 0.0638807 0.0382708
1 19.0292 22.2981 0.0373024 0.0341835
1 20.1556 22.2974 -0.0123096 0.032113
1 21.2793 22.2962 -0.0292172 0.0366806
1 22.4009 22.2959 0.0105479 0.0380635
1 23.5225 22.2969 0.0224711 0.0335716
1 24.6473 22.298 -0.0129717 0.0340209
1 25.7742 22.2983 -0.0492259 0.0387955
1 26.9001 22.2984 -0.0654615 0.0405479
1 28.0258 22.2985 -0.0556573 0.0346898
1 29.1502 22.2988 -0.0328021 0.0250389
1 30.2721 22.2999 -0.0274643 0.0264019
1 31.3906 22.3017 -0.0360736 0.02969
1 32.5067 22.3024 -0.0317888 0.0288288
1 33.622 22.3025 -0.0179658 0.0288629
1 34.7355 22.3023 0.00277299 0.0215553
1 35.8453 22.3019 0.00591722 0.0221934
1 36.9529 22.3016 0.00900418 0.0226709
1 38.0609 22.3011 0.0250522 0.0190259
1 39.1699 22.3015 0.0240797 0.00249581
1 40.2788 22.3025 0.016309 -0.012054
1 41.3859 22.3047 0.00678998 -0.0298482
1 42.4931 22.3066 -0.00985968 -0.0371369
1 43.6038 22.3077 -0.0150273 -0.0353764
1 0.637546 23.278 0.0138933 -0.00902399
1 1.74877 23.2779 0.00901376 -0.0126289
1 2.85573 23.2773 -0.0102636 -0.0123721
1 3.96176 23.2764 -0.0283111 -0.00645664
1 5.06908 23.2759 -0.0370067 0.00102819
1 6.17748 23.2759 -0.0229353 0.00704883
1 7.28568 23.2762 0.00139888 0.0086427
1 8.39416 23.2761 0.00725767 0.00746598
1 9.50434 23.2761 0.0039048 0.00498661
1 10.6179 23.2758 0.0172238 0.0102839
1 11.7328 23.2757 0.0281654 0.0124515
1 12.8486 23.2757 0.0366231 0.0110235
1 13.9674 23.2749 0.0308596 0.00977128
1 15.089 23.2743 0.0352036 0.00770149
1 16.213 23.2741 0.0544946 0.00810269
1 17.3385 23.2743 0.0660886 0.0109366
1 18.4648 23.2744 0.0537296 0.00942675
1 19.5923 23.2743 0.0135543 0.00487575
1 20.7178 23.2739 -0.0282643 0.00567074
1 21.8397 23.2736 -0.0134153 0.010311
1 22.9612 23.2738 0.0314107 0.00991375
1 24.0843 23.2743 0.0166697 0.00573577
1 25.2111 23.2745 -0.0377498 0.00786734
1 26.3383 23.2746 -0.0667724 0.0120113
1 27.4646 23.2745 -0.0605853 0.0111162
1 28.5891 23.2746 -0.0438737 0.00784973
1 29.712 23.2751 -0.0342781 0.00783454
1 30.8327 23.2758 -0.0444944 0.00901926
1 31.949 23.2762 -0.0346809 0.0109114
1 33.0635 23.2762 -0.0082886 0.011101
1 34.1785 23.2765 0.00377363 0.0055294
1 35.292 23.2764 0.00036047 0.00482321
1 36.4022 23.2764 -0.00466566 0.01107
1 37.5106 23.2761 0.0106078 0.00968764
1 38.6178 23.2759 0.0235235 0.0045993
1 39.7253 23.2759 0.0202143 -0.00299891
1 40.8317 23.2768 0.0141077 -0.00839468
1 41.9383 23.2775 -0.00563246 -0.0132988
1 43.0468 23.2784 -0.0238778 -0.0123359
1 44.1622 23.2787 -0.0413949 -0.0124977
1 0.0778902 24.2486 0.0417342 0.0119039
1 1.19326 24.2491 0.0218834 0.0132676
1 2.30158 24.2501 0.00396466 0.015187
1 3.40821 24.2509 -0.0135355 0.0104834
1 4.51477 24.2519 -0.0181442 0.00395885
1 5.62228 24.252 -0.0206556 -0.00378966
1 6.72949 24.2519 -0.00897626 -0.00809315
1 7.83792 24.2516 0.00632242 -0.00921686
1 8.94805 24.2515 0.000802563 -0.00386423
1 10.0616 24.2513 -0.00305488 -0.00383485
1 11.1765 24.2515 0.00746677 -0.00917001
1 12.2908 24.2517 0.032002 -0.00865213
1 13.4072 24.2519 0.0432518 -0.00571362
1 14.5278 24.2525 0.0358374 -0.00447819
1 15.6504 24.2528 0.0431872 -0.00515765
1 16.775 24.2529 0.0590168 -0.0090799
1 17.9015 24.2528 0.0671375 -0.0100072
1 19.0287 24.253 0.0416568 -0.00574533
1 20.1557 24.2534 -0.0153517 -0.00313317
1 21.2792 24.2539 -0.0332293 -0.00705575
1 22.4006 24.254 0.0113189 -0.00811179
1 23.5224 24.2538 0.0269051 -0.00345709
1 24.6477 24.2533 -0.0114976 -0.0034284
1 25.7752 24.2531 -0.052013 -0.00715777
1 26.9015 24.2531 -0.0654536 -0.00856323
1 28.0268 24.2534 -0.0546778 -0.00540382
1 29.1507 24.2532 -0.0343265 -0.00446909
1 30.2724 24.2527 -0.0321647 -0.00617407
1 31.3912 24.2521 -0.037906 -0.00809222
1 32.5073 24.2521 -0.0288911 -0.0104319
1 33.622 24.252 -0.0179093 -0.00907738
1 34.7355 24.2518 -0.00618585 -0.00378799
1 35.8458 24.2518 -0.00898901 -0.00630297
1 36.9544 24.2517 -0.00215126 -0.0073177
1 38.0626 24.252 0.0239722 -0.00580122
1 39.1709 24.252 0.0377319 0.000301521
1 40.2783 24.2514 0.0281077 0.00861554
1 41.3844 24.2502 0.00928533 0.0150303
1 42.4914 24.2496 -0.00994439 0.0137094
1 43.6026 24.2494 -0.0133432 0.00862685
1 0.635989 25.2198 0.0132878 0.0344839
1 1.7469 25.2211 0.00824913 0.0376818
1 2.85399 25.2229 -0.00824084 0.0310524
1 3.96105 25.2252 -0.01687 0.013216
1 5.06986 25.2263 -0.0232311 -0.000678198
1 6.17896 25.2267 -0.023059 -0.0174185
1 7.28701 25.2262 -0.0085914 -0.021466
1 8.39468 25.2258 -0.00628019 -0.0212305
1 9.50432 25.2253 -0.00485658 -0.0209691
1 10.618 25.2251 0.0166193 -0.0279835
1 11.7333 25.2252 0.0302839 -0.0285868
1 12.8493 25.226 0.0341348 -0.0284688
1 13.9678 25.2277 0.0268993 -0.0245913
1 15.0895 25.2286 0.0341642 -0.0233997
1 16.2139 25.2288 0.0559504 -0.0340547
1 17.3396 25.2289 0.0667634 -0.0404193
1 18.4656 25.229 0.0511638 -0.0382744
1 19.5926 25.2294 0.0152471 -0.0330586
1 20.7177 25.2306 -0.0230542 -0.0328728
1 21.8395 25.2316 -0.0121697 -0.0368425
1 22.961 25.2313 0.028426 -0.0376282
1 24.0844 25.2301 0.0135066 -0.0322889
1 25.2108 25.2293 -0.0346352 -0.0338432
1 26.3374 25.2292 -0.0637685 -0.037155
1 27.4638 25.2292 -0.0616517 -0.0366431
1 28.5889 25.2291 -0.0449479 -0.0274586
1 29.7119 25.2288 -0.0333734 -0.0229531
1 30.832 25.2274 -0.0419449 -0.028797
1 31.9482 25.226 -0.034814 -0.0309048
1 33.0633 25.2257 -0.0129165 -0.0286454
1 34.1786 25.2257 0.0031312 -0.0228604
1 35.2914 25.2262 0.00995353 -0.0192768
1 36.4008 25.2263 0.00451532 -0.0235745
1 37.5083 25.2267 0.0106305 -0.0209028
1 38.616 25.2264 0.0180955 -0.0103147
1 39.7246 25.2259 0.0116341 0.00903717
1 40.8322 25.2239 0.00735968 0.0222979
1 41.9392 25.2218 -0.00362405 0.0353522
1 43.0476 25.2202 -0.0151058 0.0343018
1 44.1629 25.2196 -0.0321644 0.0270905
1 0.0740992 26.1892 0.0164248 0.0436479
1 1.18996 26.1912 0.00770958 0.0557963
1 2.29837 26.1934 0.00424586 0.0521291
1 3.40646 26.1956 0.00285116 0.0372273
1 4.51602 26.1978 0.00181338 0.0210238
1 5.62581 26.1994 -0.0111267 0.00558839
1 6.73413 26.2003 -0.0190341 -0.00634757
1 7.84153 26.2003 -0.0116008 -0.0168318
1 8.95003 26.1992 -0.0148777 -0.0255217
1 10.062 26.1974 -0.0102349 -0.0288257
1 11.1769 26.1964 0.00428918 -0.0271549
1 12.2916 26.1971 0.0289331 -0.0246036
1 13.4078 26.1989 0.0356075 -0.022553
1 14.5286 26.2003 0.0283374 -0.0242886
1 15.652 26.2005 0.0442533 -0.0317865
1 16.7772 26.2003 0.0575449 -0.0436129
1 17.904 26.2002 0.0589456 -0.0508986
1 19.0305 26.2006 0.0365243 -0.0519453
1 20.1558 26.2016 -0.0120768 -0.0511841
1 21.2788 26.2028 -0.0281975 -0.0525103
1 22.4011 26.203 0.0124856 -0.0510578
1 23.5229 26.2023 0.0222687 -0.0500311
1 24.6468 26.2012 -0.0156708 -0.0506576
1 25.773 26.2006 -0.0477347 -0.051941
1 26.8991 26.2004 -0.0592896 -0.047795
1 28.0247 26.2007 -0.0532593 -0.0370338
1 29.149 26.2009 -0.0307799 -0.0266996
1 30.2716 26.2003 -0.024127 -0.022801
1 31.3903 26.1986 -0.0361132 -0.023871
1 32.5059 26.1973 -0.028671 -0.0270521
1 33.621 26.1973 -0.00903075 -0.0279424
1 34.7343 26.1989 0.0146223 -0.0241827
1 35.8437 26.2005 0.0188252 -0.0224478
1 36.9509 26.2009 0.0170314 -0.0126461
1 38.059 26.2003 0.0239067 0.000508219
1 39.1687 26.1989 0.0150212 0.0129376
1 40.2788 26.1969 0.00680501 0.0262059
1 41.3871 26.1945 -2.22636e-05 0.044181
1 42.4949 26.1922 -0.00471979 0.0566952
1 43.6054 26.1899 0.00188703 0.0571275
1 0.631013 27.1602 -0.0150432 0.0679356
1 1.74268 27.1628 -0.000630981 0.0674582
1 2.85177 27.1648 0.00233971 0.058193
1 3.96119 27.1672 -0.00163189 0.0497628
1 5.07185 27.1703 -0.0157593 0.0394745
1 6.18216 27.1727 -0.0238045 0.0296305
1 7.29106 27.1742 -0.0160217 0.0141203
1 8.39899 27.1735 -0.0234756 0.000651008
1 9.50812 27.1713 -0.0278886 -0.00428575
1 10.6202 27.1686 -0.00402715 -0.00367605
1 11.7339 27.1679 0.0155998 -0.00177221
1 12.8491 27.1688 0.0284238 0.00870344
1 13.9681 27.1695 0.0236751 0.0122961
1 15.0911 27.1703 0.0295644 0.00639954
1 16.2162 27.17 0.0486896 -0.00279757
1 17.3423 27.169 0.05564 -0.0131079
1 18.468 27.169 0.0414039 -0.0248393
1 19.5935 27.17 0.0113496 -0.0264904
1 20.7174 27.1706 -0.023001 -0.0228389
1 21.8397 27.1705 -0.0121094 -0.0206759
1 22.9619 27.1707 0.0287928 -0.0221701
1 24.0845 27.1707 0.0167713 -0.024648
1 25.209 27.1697 -0.0285274 -0.0261708
1 26.3347 27.169 -0.0555511 -0.0197592
1 27.461 27.1698 -0.0553186 -0.00875819
1 28.5864 27.1705 -0.0394033 0.000961393
1 29.7105 27.1702 -0.0263894 0.0111891
1 30.8319 27.1697 -0.0347358 0.0134879
1 31.9481 27.1691 -0.0211237 0.00369031
1 33.0622 27.1687 0.00848538 -0.00291636
1 34.1759 27.1706 0.0246244 -0.00349846
1 35.2877 27.1731 0.0239359 -0.00310688
1 36.3966 27.1746 0.0132557 0.0092283
1 37.5045 27.1742 0.0203479 0.0240448
1 38.6133 27.1719 0.0124378 0.0382049
1 39.7237 27.1689 -0.00447224 0.0430735
1 40.834 27.166 -0.00706012 0.053091
1 41.9434 27.1639 -0.00728135 0.0653108
1 43.053 27.1615 -0.00392513 0.069898
1 44.1693 27.1575 -0.000258497 0.0658773
1 0.0666252 28.1273 -0.0146514 0.080965
1 1.18409 28.131 -0.00575733 0.0723419
1 2.29522 28.133 0.00105515 0.0688444
1 3.40559 28.1357 -0.000673346 0.0665454
1 4.51588 28.1392 -0.00151728 0.0608581
1 5.62654 28.1431 -0.0101334 0.0564337
1 6.73635 28.1459 -0.0109602 0.0457334
1 7.84579 28.1469 -0.0109562 0.0348563
1 8.95521 28.1458 -0.0246501 0.0227287
1 10.0668 28.1435 -0.0284773 0.018995
1 11.1795 28.1412 -0.0172782 0.0186919
1 12.2921 28.1405 0.00882049 0.0273229
1 13.4077 28.1402 0.0258758 0.0445415
1 14.5284 28.1401 0.0255398 0.0470464
1 15.6529 28.1399 0.0396143 0.0406804
1 16.7795 28.1393 0.0541855 0.0327751
1 17.906 28.139 0.052983 0.0240944
1 19.0312 28.1397 0.0264312 0.0155108
1 20.1559 28.1401 -0.0195419 0.0136033
1 21.279 28.1395 -0.0303896 0.0199848
1 22.4011 28.1392 0.0124952 0.0246801
1 23.5231 28.1399 0.0262235 0.0174316
1 24.647 28.1402 -0.00411895 0.0121779
1 25.7719 28.1395 -0.0365209 0.0160661
1 26.8968 28.1391 -0.052234 0.0280813
1 28.0229 28.1399 -0.0518226 0.0379019
1 29.1487 28.1406 -0.0319488 0.0436207
1 30.2717 28.1405 -0.0186919 0.0466544
1 31.3903 28.1407 -0.0174342 0.0397474
1 32.5048 28.1412 -0.00694208 0.0236817
1 33.6177 28.1429 0.0114476 0.0183614
1 34.7293 28.1457 0.0256482 0.0209526
1 35.8385 28.1473 0.012712 0.0302182
1 36.9473 28.1473 0.0103302 0.0390966
1 38.0573 28.145 0.0199077 0.0515062
1 39.1684 28.1416 0.0159763 0.0603802
1 40.2794 28.1375 0.00571389 0.065413
1 41.3893 28.1345 8.63687e-05 0.0678425
1 42.4994 28.1321 -0.000206307 0.0726222
1 43.6127 28.1291 0.0144106 0.0788252
1 0.625482 29.0977 -0.0214795 0.0748058
1 1.73947 29.1001 -0.0117669 0.0706536
1 2.84993 29.1031 -0.0126383 0.0734019
1 3.95977 29.1069 -0.0146752 0.0685568
1 5.07104 29.1114 -0.0198455 0.0621195
1 6.1832 29.1153 -0.0143709 0.056537
1 7.29404 29.1177 -0.00520369 0.0461963
1 8.40321 29.1187 -0.00898047 0.0357577
1 9.51288 29.1176 -0.0191277 0.0307976
1 10.6248 29.1155 -0.0120846 0.0241883
1 11.7371 29.1138 -0.00442987 0.0291228
1 12.8505 29.1124 0.00660648 0.0449699
1 13.9681 29.1108 0.0139648 0.0517188
1 15.0904 29.1097 0.0310936 0.0536374
1 16.2162 29.1088 0.0535717 0.0545352
1 17.343 29.1089 0.0570524 0.0474473
1 18.4689 29.1101 0.0411762 0.0375374
1 19.5942 29.1108 0.00534743 0.0323621
1 20.7181 29.1099 -0.0302006 0.0336506
1 21.8399 29.1085 -0.0133734 0.0391362
1 22.9617 29.1091 0.0321116 0.0352975
1 24.084 29.1105 0.0234178 0.0298717
1 25.2084 29.1105 -0.0246105 0.0324592
1 26.334 29.1094 -0.0555741 0.0408578
1 27.4606 29.1092 -0.0584096 0.0535373
1 28.5868 29.1099 -0.0418696 0.0560646
1 29.7111 29.1107 -0.0250581 0.0539391
1 30.8311 29.112 -0.0194718 0.0494857
1 31.9456 29.1136 -0.000259792 0.037852
1 33.0578 29.1151 0.019791 0.026641
1 34.1706 29.1173 0.0279262 0.0261049
1 35.2828 29.119 0.0233366 0.0345128
1 36.3932 29.119 0.00938161 0.0441495
1 37.5035 29.1171 0.0127275 0.0533251
1 38.6142 29.1138 0.0119532 0.0590266
1 39.7257 29.1096 0.00482174 0.0703768
1 40.8364 29.1052 0.0108911 0.075407
1 41.9468 29.1016 0.0079116 0.0739947
1 43.0586 29.0989 0.00463012 0.0726478
1 44.1767 29.0968 0.0147892 0.0846117
1 0.0620829 30.0654 -0.00847217 0.076391
1 1.17998 30.0659 -0.00827293 0.0685202
1 2.29112 30.0688 -0.0170363 0.0676723
1 3.40174 30.0726 -0.0172372 0.0622164
1 4.51302 30.0766 -0.0109662 0.057672
1 5.62534 30.0807 -0.0151823 0.0473376
1 6.73661 30.0845 -0.0169223 0.0427977
1 7.84727 30.0866 -0.00790839 0.0324561
1 8.95845 30.0871 -0.0117016 0.0268443
1 10.0711 30.0863 -0.0204382 0.0219535
1 11.1839 30.0849 -0.0232075 0.0243237
1 12.2962 30.083 -0.00454551 0.0275925
1 13.4106 30.0805 0.0131051 0.0308816
1 14.5293 30.0781 0.0160303 0.0386291
1 15.6523 30.0758 0.035747 0.0465263
1 16.7784 30.075 0.0594588 0.0449224
1 17.9055 30.0763 0.0628418 0.0382248
1 19.0322 30.0778 0.0309376 0.0311026
1 20.158 30.0779 -0.0226919 0.022915
1 21.2804 30.0765 -0.0337989 0.0217485
1 22.4008 30.0757 0.0117614 0.0217575
1 23.5215 30.0771 0.0307809 0.0197457
1 24.6454 30.078 -0.00386575 0.0240387
1 25.7711 30.0772 -0.0465762 0.0341123
1 26.8971 30.0757 -0.0617151 0.0419464
1 28.0238 30.0758 -0.0487835 0.046837
1 29.1488 30.0777 -0.0215525 0.0449216
1 30.2703 30.0799 -0.00695846 0.0367776
1 31.3872 30.0824 -0.00261867 0.0297427
1 32.5007 30.0846 0.003629 0.0248285
1 33.6133 30.0861 0.0082396 0.0226162
1 34.7254 30.0872 0.0160964 0.0235567
1 35.8362 30.0877 0.00761574 0.0297166
1 36.9466 30.0862 0.0041355 0.0401794
1 38.0578 30.0834 0.0214032 0.0464606
1 39.1701 30.0791 0.0269413 0.0538039
1 40.2823 30.0749 0.0215219 0.0605301
1 41.3927 30.0709 0.0214361 0.0671965
1 42.5029 30.0675 0.018862 0.0686425
1 43.6162 30.0657 0.0190147 0.069306
1 0.622897 31.032 -0.0189106 0.0679777
1 1.73485 31.0342 -0.0142249 0.0676603
1 2.84459 31.037 -0.0211119 0.061028
1 3.95508 31.0402 -0.0293686 0.0582471
1 5.06752 31.0442 -0.0344811 0.0510261
1 6.18005 31.0484 -0.0323925 0.0423782
1 7.29198 31.0511 -0.0139927 0.0331906
1 8.4033 31.0527 -0.0147631 0.0293055
1 9.51483 31.0532 -0.022834 0.0270683
1 10.6274 31.0528 -0.0127158 0.027174
1 11.7409 31.0514 -0.00190291 0.0274593
1 12.8548 31.0491 0.000925367 0.0279413
1 13.9712 31.0461 0.00123212 0.0315911
1 15.0919 31.0426 0.0187358 0.0430392
1 16.2159 31.0399 0.0462788 0.0476367
1 17.3419 31.0397 0.0596931 0.042078
1 18.4686 31.0412 0.050515 0.0398926
1 19.5958 31.0421 0.011714 0.0330796
1 20.7203 31.0423 -0.0276776 0.0232248
1 21.8405 31.042 -0.0140115 0.0173777
1 22.96 31.0421 0.0288128 0.0167788
1 24.0817 31.0421 0.015403 0.0253186
1 25.2077 31.0417 -0.0327103 0.0358406
1 26.3349 31.0408 -0.0584718 0.0404151
1 27.4614 31.0401 -0.0512767 0.046384
1 28.5863 31.0417 -0.0253693 0.0462521
1 29.7089 31.045 -0.00925983 0.0367172
1 30.8278 31.0482 -0.0141386 0.0292155
1 31.942 31.0509 0.00225361 0.0272328
1 33.0551 31.0527 0.0206097 0.0287309
1 34.169 31.0535 0.0234829 0.0273797
1 35.2819 31.0535 0.0191432 0.0263953
1 36.3936 31.0528 0.0118404 0.0289197
1 37.5051 31.0504 0.0239869 0.0391198
1 38.617 31.0467 0.0328086 0.0469748
1 39.7293 31.0424 0.0254387 0.0565011
1 40.8409 31.0389 0.0206564 0.0607288
1 41.9514 31.0357 0.0186626 0.0652107
1 43.0618 31.0334 0.0118432 0.0698729
1 44.1788 31.0333 0.017007 0.0616089
1 0.0583972 31.9968 -0.0199701 0.0470355
1 1.17617 31.9997 -0.00799515 0.0663236
1 2.28657 32.0017 -0.0131211 0.0709644
1 3.39621 32.0047 -0.0251639 0.0736021
1 4.50684 32.0078 -0.0284787 0.06685
1 5.61898 32.0116 -0.0390331 0.0535638
1 6.73131 32.0147 -0.037713 0.0430873
1 7.84355 32.0173 -0.0262424 0.0426393
1 8.9563 32.0186 -0.0308494 0.0396079
1 10.07 32.0192 -0.0296195 0.0415749
1 11.1845 32.0187 -0.021934 0.0456946
1 12.2981 32.0176 -0.00558831 0.0413837
1 13.4131 32.0149 0.0114784 0.0445638
1 14.5323 32.0109 0.0104331 0.0537998
1 15.6544 32.0072 0.0232996 0.0584847
1 16.7784 32.005 0.0464009 0.0595751
1 17.9048 32.0046 0.0542191 0.0579598
1 19.0324 32.0053 0.0336497 0.0549756
1 20.1586 32.007 -0.00728091 0.0484033
1 21.2804 32.0085 -0.025078 0.0375773
1 22.4007 32.0088 0.00711565 0.0334033
1 23.5211 32.0077 0.0204213 0.0429793
1 24.6449 32.0061 -0.0112823 0.0512075
1 25.7717 32.0052 -0.041322 0.0557288
1 26.8981 32.0052 -0.0508113 0.0596546
1 28.0235 32.0064 -0.0378282 0.0600109
1 29.1466 32.0097 -0.0128377 0.0559239
1 30.2673 32.0136 -0.004246 0.0495522
1 31.3846 32.0169 -0.00767318 0.0444516
1 32.499 32.0186 0.00281988 0.0423912
1 33.6131 32.0196 0.0156949 0.0436658
1 34.7271 32.0195 0.0309171 0.0377113
1 35.8393 32.0185 0.0342991 0.0388871
1 36.9513 32.0166 0.0334065 0.0385188
1 38.064 32.0136 0.0482264 0.0497276
1 39.1768 32.01 0.0487072 0.0614398
1 40.2885 32.0063 0.038016 0.0737588
1 41.3978 32.0035 0.0253507 0.0713202
1 42.5071 32.001 0.0168667 0.0701613
1 43.6189 31.999 0.0267063 0.0625939
1 0.616627 32.9636 -0.0339467 0.0544443
1 1.72978 32.9669 -0.0246717 0.066444
1 2.83854 32.9703 -0.028582 0.0740376
1 3.9472 32.973 -0.036694 0.0755002
1 5.05791 32.9753 -0.0522738 0.0632337
1 6.17009 32.9777 -0.0618887 0.0494936
1 7.28288 32.9806 -0.0507798 0.0386834
1 8.39627 32.9829 -0.0512478 0.0389628
1 9.50953 32.9843 -0.0504667 0.0416
1 10.6242 32.985 -0.0292581 0.0485074
1 11.7392 32.9846 -0.0114347 0.0456919
1 12.8546 32.9829 -2.18442e-05 0.0484506
1 13.9726 32.9794 0.00495981 0.0545332
1 15.0934 32.9756 0.0127007 0.0572669
1 16.2166 32.9718 0.0320359 0.0577263
1 17.3423 32.9693 0.0452365 0.0566147
1 18.4685 32.9687 0.0397881 0.05136
1 19.5946 32.9704 0.0146874 0.0443115
1 20.7184 32.9732 -0.0143054 0.0411041
1 21.84 32.9749 -0.00798258 0.0380912
1 22.9615 32.9743 0.0198141 0.037496
1 24.0834 32.972 0.00319227 0.0433878
1 25.2084 32.9696 -0.0284547 0.0485113
1 26.3349 32.9692 -0.0412898 0.0532305
1 27.461 32.971 -0.0377911 0.0588345
1 28.5855 32.9742 -0.0218234 0.0589706
1 29.7076 32.9781 -0.00877332 0.0527905
1 30.827 32.9819 -0.0109646 0.0505828
1 31.9431 32.9844 0.00758806 0.0471673
1 33.0576 32.9854 0.0332324 0.0467987
1 34.173 32.9851 0.0487729 0.041427
1 35.2885 32.9838 0.0523882 0.0377374
1 36.4024 32.9823 0.0549499 0.0400036
1 37.5153 32.9797 0.0601216 0.0443649
1 38.627 32.9771 0.0512423 0.057265
1 39.738 32.9744 0.0326787 0.0668023
1 40.8477 32.9721 0.0304298 0.0774533
1 41.9562 32.9689 0.0241209 0.0735144
1 43.0664 32.9657 0.0205396 0.0590046
1 44.1855 32.961 0.0331901 0.0454008
1 0.0488809 33.9255 -0.040718 0.0458448
1 1.16827 33.9304 -0.037186 0.0569124
1 2.27878 33.9353 -0.0407394 0.0663752
1 3.38808 33.9389 -0.0396003 0.0672113
1 4.4971 33.9415 -0.0352511 0.0700789
1 5.60645 33.9426 -0.0534799 0.0627671
1 6.71675 33.9438 -0.0645948 0.0451991
1 7.82979 33.9454 -0.0710436 0.0308803
1 8.94473 33.9474 -0.0780164 0.0252268
1 10.0613 33.9493 -0.0688428 0.0323671
1 11.1782 33.9503 -0.0508793 0.0367071
1 12.2934 33.9497 -0.0265548 0.0406339
1 13.4104 33.9471 -0.00113578 0.0472968
1 14.5308 33.9434 0.00222613 0.047816
1 15.6535 33.9392 0.013929 0.0508321
1 16.7785 33.9349 0.0340424 0.0528806
1 17.9048 33.9325 0.0412149 0.041165
1 19.0307 33.9331 0.0291311 0.0314802
1 20.1556 33.936 -0.00334516 0.0324013
1 21.2783 33.9387 -0.023674 0.0330111
1 22.4013 33.9393 0.00545965 0.0338971
1 23.5238 33.9376 0.0182625 0.0316094
1 24.6473 33.9348 -0.012 0.0308153
1 25.7729 33.9329 -0.0348009 0.0347387
1 26.8984 33.9339 -0.0351624 0.0466714
1 28.024 33.9375 -0.0246654 0.0536597
1 29.1479 33.9417 -0.00456464 0.0509513
1 30.2693 33.9455 0.0105362 0.0471756
1 31.3886 33.9488 0.0143495 0.043673
1 32.5059 33.9506 0.025969 0.036061
1 33.6221 33.9504 0.0489733 0.0328916
1 34.7379 33.9488 0.0731245 0.0278084
1 35.8522 33.9466 0.0700251 0.0279799
1 36.9658 33.9449 0.0651776 0.035076
1 38.0779 33.9439 0.0692916 0.0505911
1 39.1885 33.9426 0.0594087 0.0676588
1 40.298 33.9408 0.0467341 0.0712684
1 41.4065 33.938 0.0450173 0.0679611
1 42.5151 33.9335 0.0451107 0.0636575
1 43.6278 33.9276 0.0524323 0.0504834
1 0.605729 34.8918 -0.0687365 0.0506669
1 1.71836 34.8985 -0.0623358 0.0589151
1 2.82797 34.903 -0.0619891 0.0634804
1 3.93686 34.9072 -0.0618643 0.0683349
1 5.04624 34.9093 -0.0602469 0.0722433
1 6.15578 34.9093 -0.0608096 0.066802
1 7.26626 34.9081 -0.0592252 0.051156
1 8.37878 34.9085 -0.0771766 0.0323034
1 9.4933 34.9109 -0.0851522 0.0268824
1 10.6103 34.9132 -0.0677957 0.0245944
1 11.7276 34.9141 -0.0471105 0.0302265
1 12.8461 34.9123 -0.0288043 0.0414839
1 13.9669 34.9092 -0.019684 0.0451499
1 15.0892 34.9054 -0.00561483 0.0512126
1 16.2138 34.9006 0.020226 0.0527714
1 17.3402 34.8966 0.0369005 0.0420795
1 18.4655 34.8954 0.0366596 0.0278176
1 19.5905 34.8975 0.0116624 0.025306
1 20.715 34.9002 -0.017744 0.0321331
1 21.8389 34.9015 -0.00799659 0.0370289
1 22.9635 34.9011 0.0216517 0.0354734
1 24.0875 34.8991 0.0109307 0.0280374
1 25.2126 34.8966 -0.0253924 0.0262609
1 26.3382 34.8961 -0.0413565 0.034844
1 27.4637 34.8988 -0.0294393 0.0467347
1 28.5891 34.9034 -0.00678052 0.0525675
1 29.7131 34.9076 0.0103219 0.0464549
1 30.8347 34.9111 0.0190368 0.0416588
1 31.9532 34.9138 0.0421529 0.0371282
1 33.0704 34.914 0.0652831 0.0277946
1 34.1885 34.9121 0.0860652 0.024371
1 35.306 34.9101 0.0889231 0.0280446
1 36.4203 34.9087 0.0733379 0.0415602
1 37.5319 34.9091 0.0662739 0.059169
1 38.6415 34.9097 0.0570743 0.0690532
1 39.7505 34.9093 0.0507075 0.0717103
1 40.8599 34.9059 0.0601391 0.0660098
1 41.9695 34.9016 0.0598593 0.0642265
1 43.0803 34.8955 0.0586429 0.0546349
1 44.1996 34.8876 0.0617079 0.0366405
1 0.0337479 35.8511 -0.0779646 0.0315974
1 1.15285 35.8607 -0.0677729 0.0522476
1 2.26369 35.8669 -0.071763 0.0672841
1 3.37328 35.8719 -0.0729102 0.0670638
1 4.48397 35.8755 -0.0634749 0.0658375
1 5.59426 35.8768 -0.0612636 0.0710994
1 6.70358 35.8757 -0.0579219 0.0739595
1 7.81353 35.8731 -0.0545106 0.0611115
1 8.92597 35.8728 -0.0715015 0.0384455
1 10.0426 35.8743 -0.0764618 0.024596
1 11.161 35.876 -0.0696892 0.0209028
1 12.2797 35.8758 -0.0529127 0.0327897
1 13.4002 35.8735 -0.030437 0.0396132
1 14.5228 35.8705 -0.0188597 0.0413855
1 15.6473 35.8662 0.00594993 0.0475029
1 16.7732 35.8612 0.0322293 0.0395386
1 17.8991 35.8588 0.0394391 0.0242488
1 19.0245 35.8592 0.0327639 0.0189984
1 20.1504 35.8608 -0.00471767 0.0247081
1 21.2759 35.8621 -0.0277432 0.0340567
1 22.4022 35.8624 0.00521305 0.0418313
1 23.5282 35.8615 0.0223499 0.0313705
1 24.654 35.8603 -0.00786245 0.0205076
1 25.7792 35.8591 -0.0389146 0.0197992
1 26.9041 35.8598 -0.0378468 0.030962
1 28.0296 35.8637 -0.0203284 0.0434883
1 29.1548 35.8687 0.00948441 0.0455275
1 30.2787 35.872 0.0292587 0.0418876
1 31.401 35.8749 0.0372066 0.0349689
1 32.5213 35.8767 0.0522945 0.0234882
1 33.6401 35.8756 0.0690647 0.0226769
1 34.757 35.8736 0.0813096 0.0299393
1 35.8708 35.8727 0.0628581 0.0455101
1 36.9817 35.8743 0.0495807 0.0669571
1 38.0919 35.8767 0.0650964 0.0718204
1 39.202 35.8768 0.0698962 0.071481
1 40.3127 35.8746 0.0735278 0.0666472
1 41.4223 35.8699 0.0784622 0.0629655
1 42.5324 35.8642 0.0791344 0.05601
1 43.6455 35.8559 0.0888538 0.0517647
1 0.587169 36.8208 -0.101685 0.0486026
1 1.70059 36.8296 -0.0916432 0.0564753
1 2.81071 36.8361 -0.083217 0.0594922
1 3.9211 36.8401 -0.0786824 0.0640012
1 5.03281 36.8429 -0.0795182 0.0629432
1 6.14449 36.8436 -0.0709682 0.0626605
1 7.25568 36.8416 -0.0445676 0.0668977
1 8.3658 36.8385 -0.0421808 0.0572399
1 9.47776 36.8375 -0.0589301 0.0384926
1 10.5937 36.8378 -0.0570899 0.0228185
1 11.7125 36.8376 -0.0482647 0.0205953
1 12.8336 36.8363 -0.038887 0.0286482
1 13.9571 36.834 -0.031485 0.0301934
1 15.082 36.8308 -0.00652833 0.034699
1 16.2077 36.8262 0.028362 0.0339925
1 17.3332 36.8226 0.0441484 0.0204619
1 18.4581 36.8218 0.0443096 0.0138826
1 19.5842 36.822 0.0113768 0.0200336
1 20.711 36.822 -0.0230867 0.0302514
1 21.838 36.8223 -0.00863006 0.0420045
1 22.966 36.8224 0.0210747 0.0407528
1 24.0933 36.8222 0.00936444 0.0271198
1 25.2199 36.8222 -0.0286193 0.016118
1 26.3456 36.8224 -0.0476139 0.0151399
1 27.4705 36.8242 -0.0396087 0.0261051
1 28.5957 36.8285 -0.00868179 0.0326435
1 29.7216 36.8327 0.0223877 0.0298564
1 30.846 36.8352 0.0342175 0.03075
1 31.9673 36.8372 0.0511299 0.0262139
1 33.0871 36.8379 0.0580013 0.0203142
1 34.2056 36.8377 0.057082 0.0288299
1 35.3212 36.8379 0.0530425 0.0432212
1 36.4326 36.8399 0.0469444 0.0606449
1 37.5429 36.8428 0.0603554 0.0674798
1 38.6536 36.8441 0.0654171 0.0657193
1 39.765 36.8424 0.0657332 0.0594616
1 40.8769 36.8385 0.072602 0.057949
1 41.9879 36.833 0.0790245 0.0597298
1 43.0993 36.8259 0.075157 0.0520644
1 44.2177 36.8148 0.0861251 0.0444405
1 0.0158318 37.7801 -0.0882517 0.0574806
1 1.13439 37.7907 -0.0852487 0.0550499
1 2.24628 37.7979 -0.0812638 0.0551101
1 3.35807 37.8031 -0.0758375 0.0578734
1 4.47025 37.8068 -0.067085 0.058671
1 5.58257 37.8083 -0.0683025 0.0578241
1 6.69463 37.8082 -0.0663123 0.0564208
1 7.80639 37.8064 -0.0483135 0.0583815
1 8.91789 37.8035 -0.0428477 0.0503988
1 10.0322 37.8012 -0.0419042 0.0406593
1 11.1494 37.7989 -0.0448786 0.0318207
1 12.2683 37.7972 -0.0443387 0.0252886
1 13.3903 37.7953 -0.0363522 0.0243842
1 14.5157 37.7927 -0.0269081 0.021868
1 15.6422 37.7896 0.00920365 0.024922
1 16.7677 37.7861 0.0380097 0.0199212
1 17.8931 37.7843 0.0407939 0.014291
1 19.0194 37.7833 0.0268958 0.0186881
1 20.1472 37.7819 -0.0134177 0.0259991
1 21.2748 37.7812 -0.0263442 0.0412131
1 22.4025 37.7813 0.00978074 0.0480627
1 23.5303 37.7816 0.0263082 0.0364857
1 24.6586 37.7829 -0.00112462 0.0236863
1 25.7854 37.7842 -0.0363895 0.0140323
1 26.9103 37.7852 -0.0443799 0.0133381
1 28.0352 37.7878 -0.0295962 0.0218327
1 29.1609 37.7913 0.0087874 0.0227757
1 30.287 37.7938 0.0302605 0.0230294
1 31.4115 37.7961 0.0330371 0.0242301
1 32.5327 37.798 0.0435618 0.0265128
1 33.6513 37.8001 0.051354 0.0354755
1 34.7671 37.8021 0.0490437 0.0433081
1 35.8791 37.8043 0.037044 0.0560517
1 36.9899 37.8075 0.044157 0.0610804
1 38.1015 37.8091 0.0649958 0.0586636
1 39.2142 37.8083 0.073697 0.0574107
1 40.327 37.8049 0.0739144 0.0610939
1 41.439 37.8004 0.0743823 0.0568141
1 42.5509 37.7945 0.0804737 0.0557702
1 43.6657 37.7868 0.09002 0.0555552
1 0.567947 38.7528 -0.0810747 0.0712105
1 1.68326 38.7593 -0.0733038 0.0567441
1 2.79633 38.7648 -0.0747736 0.058288
1 3.90892 38.7695 -0.0687862 0.0598594
1 5.02206 38.7718 -0.0698893 0.0592424
1 6.13517 38.7727 -0.0654507 0.0504981
1 7.24784 38.7723 -0.0488304 0.0487193
1 8.36006 38.7701 -0.0449663 0.0470944
1 9.47263 38.7671 -0.0504135 0.0444341
1 10.5879 38.7634 -0.0459783 0.0451766
1 11.7056 38.7587 -0.0369839 0.0320772
1 12.8257 38.7555 -0.0320164 0.0228011
1 13.9497 38.7529 -0.037056 0.0155637
1 15.0761 38.7509 -0.0144526 0.00818651
1 16.2022 38.7488 0.0179566 0.00878636
1 17.3279 38.7465 0.0262998 0.00615301
1 18.4545 38.7444 0.0187034 0.00717269
1 19.583 38.742 -0.0147464 0.0133565
1 20.7109 38.7401 -0.0358973 0.0266091
1 21.8382 38.7398 -0.00786293 0.0387782
1 22.966 38.7402 0.0294284 0.0315502
1 24.0939 38.7412 0.0270494 0.0199474
1 25.2227 38.7435 -0.00723837 0.0112557
1 26.3502 38.7458 -0.0268074 0.00407819
1 27.476 38.7476 -0.0240322 0.00601369
1 28.6016 38.7497 -0.000165134 0.00775988
1 29.7281 38.7519 0.0307755 0.00881813
1 30.8533 38.754 0.0350977 0.0180631
1 31.975 38.7568 0.0374755 0.0262445
1 33.0941 38.7605 0.0429187 0.0360053
1 34.2115 38.7647 0.0459357 0.0420278
1 35.3262 38.7682 0.0424874 0.0487797
1 36.4378 38.7718 0.0410059 0.0543645
1 37.5491 38.7735 0.0538384 0.0507563
1 38.6612 38.7729 0.0607267 0.0536326
1 39.7745 38.771 0.0557325 0.0570963
1 40.8874 38.7673 0.0632252 0.0604721
1 42 38.762 0.0688538 0.0572532
1 43.113 38.7566 0.0656183 0.0603179
1 44.2312 38.7514 0.0653586 0.0779545
1 0.00509809 39.7202 -0.0575376 0.0872151
1 1.12322 39.7229 -0.0536724 0.0675403
1 2.23605 39.727 -0.0634066 0.068872
1 3.34954 39.732 -0.0616642 0.0587817
1 4.46361 39.736 -0.0530273 0.0636289
1 5.57663 39.7374 -0.0515351 0.0611973
1 6.68878 39.7377 -0.0483307 0.0513336
1 7.80074 39.7371 -0.0473627 0.0505042
1 8.9134 39.7342 -0.0499412 0.0501992
1 10.0287 39.7297 -0.0472318 0.0468801
1 11.1465 39.7238 -0.0443569 0.0447126
1 12.2644 39.7183 -0.0340493 0.0363764
1 13.3844 39.7141 -0.0277922 0.0229082
1 14.5085 39.7118 -0.0298025 0.0075358
1 15.6343 39.7104 -0.00901758 0.00534823
1 16.7607 39.7084 0.00576996 0.00671625
1 17.8888 39.7057 0.00226596 0.00808923
1 19.0181 39.7025 -0.015601 0.0127434
1 20.1476 39.6999 -0.0369472 0.0172298
1 21.2754 39.6988 -0.0280321 0.0284923
1 22.4025 39.6988 0.0098996 0.0308156
1 23.5296 39.6995 0.0399709 0.0225728
1 24.6585 39.7017 0.0306684 0.0156527
1 25.7879 39.7042 0.00192458 0.0085821
1 26.9158 39.7069 -0.00523434 0.00539755
1 28.0429 39.7094 0.000317174 0.00556067
1 29.1688 39.711 0.0178974 0.00452629
1 30.294 39.7126 0.0298403 0.0136118
1 31.4172 39.7159 0.0287043 0.0298193
1 32.5368 39.7204 0.0315374 0.0401793
1 33.6543 39.7261 0.0389879 0.0458364
1 34.7696 39.7319 0.0411757 0.0514973
1 35.8816 39.7363 0.0335033 0.0546623
1 36.9934 39.7386 0.0429838 0.0510246
1 38.1062 39.7383 0.0578709 0.0511376
1 39.2194 39.7371 0.0613243 0.066896
1 40.3326 39.7344 0.058151 0.0633391
1 41.4458 39.7296 0.0561316 0.0621847
1 42.5584 39.7248 0.0512295 0.0659456
1 43.6729 39.7218 0.0538371 0.0752811
1 0.566081 40.6888 -0.0441776 0.0749111
1 1.68059 40.6904 -0.0420129 0.0714197
1 2.79296 40.6938 -0.0477822 0.062913
1 3.90628 40.6981 -0.0577269 0.0615895
1 5.02032 40.7015 -0.0581103 0.0591855
1 6.13368 40.7027 -0.0524765 0.0562786
1 7.24561 40.7029 -0.0386187 0.0545402
1 8.35787 40.701 -0.0383589 0.0516418
1 9.47112 40.6966 -0.0428366 0.0536214
1 10.5867 40.6898 -0.0445269 0.0547946
1 11.704 40.683 -0.0369279 0.0454504
1 12.8226 40.6771 -0.0223807 0.0346456
1 13.9438 40.6731 -0.0230583 0.0151125
1 15.0674 40.6712 -0.0156134 0.00509267
1 16.1935 40.6688 -0.00822621 0.00787471
1 17.322 40.6657 -0.0105927 0.00722101
1 18.4517 40.6621 -0.0208112 0.00503484
1 19.5826 40.6592 -0.0401427 0.00531668
1 20.7118 40.6577 -0.0396356 0.0100047
1 21.8387 40.6571 -0.00822769 0.0147674
1 22.9656 40.6574 0.0297843 0.0131189
1 24.0935 40.6586 0.0433725 0.00647731
1 25.2239 40.6607 0.0258366 0.00423506
1 26.3545 40.6637 0.0130588 0.00747823
1 27.4835 40.6672 0.00892263 0.00910656
1 28.6104 40.6702 0.00942696 0.00530089
1 29.7351 40.6719 0.0212259 0.00603031
1 30.8575 40.6743 0.0235381 0.0232314
1 31.977 40.6793 0.0302313 0.0389574
1 33.0947 40.6857 0.0394249 0.0516132
1 34.2116 40.693 0.0447156 0.0589198
1 35.3266 40.6997 0.0509971 0.0548784
1 36.4395 40.7033 0.0504738 0.0510734
1 37.5514 40.7036 0.051613 0.054309
1 38.6633 40.7025 0.0483174 0.063354
1 39.7765 40.7008 0.0488956 0.060998
1 40.8902 40.696 0.0544398 0.0612459
1 42.0031 40.6917 0.0466493 0.0711906
1 43.1154 40.6889 0.0393269 0.0694483
1 44.2341 40.6892 0.0473217 0.0692103
1 0.0054284 41.6556 -0.0371027 0.0714447
1 1.12472 41.6542 -0.0327615 0.0712721
1 2.23699 41.6563 -0.0362097 0.0678898
1 3.34917 41.6601 -0.0425385 0.0656816
1 4.46232 41.6638 -0.0470255 0.0563642
1 5.57578 41.6664 -0.0554082 0.0586788
1 6.68822 41.6678 -0.0544925 0.0503411
1 7.80068 41.6671 -0.0532488 0.0518764
1 8.91415 41.6635 -0.0551105 0.052808
1 10.0293 41.6571 -0.0472489 0.059424
1 11.1457 41.6491 -0.0392614 0.0543566
1 12.2629 41.6417 -0.0345744 0.0428643
1 13.3818 41.6359 -0.0215578 0.0236632
1 14.5031 41.6327 -0.0167995 0.0083903
1 15.6272 41.6296 -0.0151857 0.0144947
1 16.7546 41.625 -0.0144432 0.0123958
1 17.8847 41.6204 -0.0179545 -0.000857578
1 19.0161 41.617 -0.0342789 -0.0077935
1 20.1474 41.6157 -0.0431187 -0.0125598
1 21.2758 41.6152 -0.025828 -0.0105604
1 22.4025 41.6151 0.00856156 -0.00555012
1 23.5295 41.6155 0.0392494 -0.00948106
1 24.6591 41.6164 0.0411477 -0.0113606
1 25.7904 41.6185 0.023467 -0.00422852
1 26.9209 41.6224 0.0173795 0.00855347
1 28.0496 41.6275 0.0147692 0.0146816
1 29.1752 41.6313 0.0137414 0.00754241
1 30.2984 41.6338 0.0189341 0.0117349
1 31.419 41.6379 0.023937 0.0334716
1 32.537 41.6445 0.0325146 0.0501686
1 33.6535 41.6528 0.0423238 0.0618023
1 34.7685 41.6611 0.0471548 0.0601379
1 35.8819 41.6667 0.0397144 0.0524698
1 36.9941 41.6689 0.039931 0.0499227
1 38.1061 41.6683 0.0560519 0.053083
1 39.2189 41.6663 0.0612005 0.0592289
1 40.3325 41.6623 0.054326 0.0586256
1 41.4449 41.6583 0.0488761 0.0680664
1 42.5567 41.6551 0.0495571 0.068761
1 43.6707 41.6534 0.0487225 0.0681967
1 0.569672 42.6181 -0.0422521 0.0736034
1 1.68341 42.6193 -0.0383914 0.0663975
1 2.79528 42.6232 -0.0440619 0.0669135
1 3.90694 42.6269 -0.0456045 0.0663571
1 5.01941 42.6303 -0.056421 0.0622383
1 6.1327 42.6321 -0.0541939 0.0531916
1 7.24551 42.6326 -0.04691 0.0524899
1 8.35869 42.6303 -0.043769 0.0504814
1 9.47276 42.6252 -0.0447456 0.0526256
1 10.5881 42.6174 -0.0367352 0.060969
1 11.7038 42.6089 -0.028475 0.0559625
1 12.8212 42.6011 -0.0230504 0.0359218
1 13.9412 42.5958 -0.019104 0.0146498
1 15.064 42.5921 -0.0164166 0.0165512
1 16.1903 42.5862 -0.0123158 0.0217788
1 17.3193 42.5794 -0.00842962 0.00922026
1 18.4495 42.5749 -0.0185771 -0.010145
1 19.581 42.5733 -0.0389429 -0.0209796
1 20.7114 42.5729 -0.0360054 -0.0231484
1 21.8388 42.573 -0.00597671 -0.0227779
1 22.9658 42.5732 0.0232659 -0.0225113
1 24.0945 42.5731 0.0349258 -0.0231776
1 25.2254 42.5737 0.0270566 -0.0167423
1 26.3565 42.5771 0.0152703 0.00163682
1 27.4862 42.5828 0.0117165 0.0171872
1 28.6137 42.5894 0.0186358 0.020538
1 29.7384 42.5939 0.0241244 0.012666
1 30.8597 42.5975 0.0176229 0.0245106
1 31.9778 42.604 0.0205457 0.0466899
1 33.0941 42.6127 0.0281853 0.0610419
1 34.2096 42.6219 0.0388555 0.0578992
1 35.3246 42.629 0.0551624 0.0528179
1 36.4388 42.6332 0.0610087 0.0502708
1 37.5517 42.6338 0.0580317 0.0517797
1 38.6643 42.6324 0.0520339 0.0609892
1 39.7773 42.6295 0.0457832 0.0626516
1 40.8895 42.6251 0.0444096 0.0635748
1 42.0017 42.6209 0.0443454 0.0660788
1 43.1141 42.618 0.0418636 0.0754445
1 44.2335 42.6163 0.0426263 0.0780784
1 0.00695038 43.5797 -0.0526002 0.0695896
1 1.12715 43.5815 -0.0416208 0.0744869
1 2.23908 43.5846 -0.047018 0.0717051
1 3.35109 43.5894 -0.0452825 0.0659748
1 4.46288 43.5937 -0.0361961 0.0682974
1 5.57544 43.5956 -0.0399307 0.0654545
1 6.68777 43.5969 -0.0522694 0.0589098
1 7.80172 43.5954 -0.0603818 0.0516906
1 8.91736 43.5914 -0.0560038 0.0482669
1 10.0334 43.5855 -0.036325 0.0551659
1 11.1486 43.5774 -0.0152007 0.0643169
1 12.2636 43.5683 -0.0136332 0.0553243
1 13.3806 43.5603 -0.0161253 0.0378147
1 14.5016 43.5544 -0.0239357 0.0251894
1 15.6277 43.5479 -0.022354 0.0261157
1 16.7561 43.5398 -0.00542872 0.0209276
1 17.8853 43.5332 -0.00169623 -0.00164199
1 19.0152 43.5303 -0.0155595 -0.022693
1 20.1457 43.5295 -0.0263954 -0.0328922
1 21.2751 43.5295 -0.0164827 -0.0349668
1 22.4026 43.5297 0.00731198 -0.0365288
1 23.5304 43.5298 0.0254103 -0.0351877
1 24.6605 43.5298 0.0222209 -0.0267452
1 25.7908 43.5315 0.00603271 -0.012066
1 26.9202 43.5365 0.00205362 0.00983919
1 28.0487 43.544 0.0115583 0.0266775
1 29.1756 43.5513 0.0186252 0.024
1 30.2988 43.557 0.0192407 0.0280608
1 31.4179 43.5632 0.0159163 0.0469592
1 32.5346 43.5717 0.0168228 0.06347
1 33.6501 43.5817 0.030763 0.0633154
1 34.7651 43.5895 0.0428671 0.0469455
1 35.8804 43.5948 0.0486829 0.0482914
1 36.9947 43.5979 0.0471995 0.0585538
1 38.1071 43.598 0.0507922 0.0608267
1 39.2206 43.5952 0.0505225 0.0629086
1 40.334 43.5916 0.0465496 0.0661665
1 41.446 43.5864 0.0401972 0.0679508
1 42.5577 43.5826 0.0341338 0.0764799
1 43.6717 43.5802 0.0440168 0.0764712
1 0.568926 44.5423 -0.0470249 0.0706812
1 1.68257 44.5462 -0.0375722 0.0746634
1 2.79375 44.5505 -0.0380983 0.0673663
1 3.90593 44.5555 -0.0414536 0.0622078
1 5.01924 44.559 -0.0425064 0.0631222
1 6.13256 44.5608 -0.0401258 0.0590746
1 7.24607 44.5596 -0.0406049 0.055739
1 8.36095 44.5562 -0.0444106 0.043241
1 9.47714 44.5514 -0.0437867 0.0355647
1 10.5935 44.5452 -0.0292646 0.0467125
1 11.7089 44.537 -0.0132614 0.0601485
1 12.8245 44.5277 -0.00866826 0.0529153
1 13.9428 44.5185 -0.01453 0.0381158
1 15.0664 44.5096 -0.0225381 0.0275215
1 16.1945 44.5007 -0.00800366 0.0153453
1 17.3231 44.4932 0.0080548 0.00015904
1 18.4513 44.4886 0.00748316 -0.022923
1 19.5805 44.4867 -0.00564389 -0.0423032
1 20.7105 44.4858 -0.0114793 -0.0453812
1 21.8388 44.4859 -0.00332908 -0.0507077
1 22.9663 44.486 0.00662577 -0.0484947
1 24.0952 44.4864 0.00822675 -0.0426776
1 25.2247 44.4876 -0.00204246 -0.0317035
1 26.3535 44.4909 -0.0088887 -0.0102677
1 27.4819 44.4971 -0.000343255 0.0075156
1 28.6102 44.5054 0.0188581 0.0219132
1 29.7362 44.5142 0.0233784 0.0302858
1 30.8568 44.5224 0.0125331 0.042578
1 31.9733 44.5308 0.00547952 0.0573654
1 33.0884 44.5404 0.0125044 0.0582937
1 34.2044 44.549 0.0351891 0.0374428
1 35.3209 44.5548 0.0541384 0.0372367
1 36.4371 44.56 0.0552534 0.0533713
1 37.551 44.5628 0.0466029 0.0563317
1 38.6644 44.5604 0.0429424 0.0541111
1 39.7779 44.5568 0.04154 0.0639487
1 40.8908 44.5526 0.0456647 0.0632305
1 42.0031 44.5478 0.0515212 0.0721814
1 43.1154 44.5443 0.0553271 0.0723571
1 44.2352 44.5421 0.0634779 0.0722983
1 0.00144281 45.5017 -0.0550822 0.0726633
1 1.12248 45.5067 -0.052392 0.0698096
1 2.23506 45.5119 -0.0427327 0.0661132
1 3.34767 45.517 -0.0429974 0.0653398
1 4.46138 45.5216 -0.0414106 0.0670785
1 5.57525 45.5241 -0.0383785 0.0635956
1 6.68975 45.5242 -0.0460596 0.0631373
1 7.80511 45.5211 -0.049084 0.0492455
1 8.9219 45.5164 -0.0465021 0.0339769
1 10.039 45.5111 -0.0358335 0.0327648
1 11.1555 45.5051 -0.0153212 0.048131
1 12.2714 45.4967 -0.00655725 0.0612614
1 13.388 45.486 -0.00603578 0.059388
1 14.5083 45.474 -0.0116551 0.0427023
1 15.634 45.4622 -0.0087895 0.0231837
1 16.762 45.4534 0.0131331 -0.000102448
1 17.8899 45.4485 0.0242872 -0.0209519
1 19.0178 45.4454 0.0187467 -0.0355454
1 20.1469 45.443 0.00831084 -0.0469974
1 21.2756 45.4423 0.00396811 -0.0496538
1 22.4023 45.4425 -0.00325121 -0.0477621
1 23.5295 45.4428 -0.00595297 -0.0466759
1 24.6584 45.4445 -0.0137885 -0.0437614
1 25.7867 45.447 -0.0250612 -0.0301442
1 26.9146 45.451 -0.0188779 -0.0086209
1 28.0424 45.4579 -0.00126398 0.0106192
1 29.1692 45.4682 0.0100533 0.0301227
1 30.2924 45.4798 0.012845 0.0511835
1 31.4108 45.4903 0.00647124 0.0602461
1 32.5269 45.4994 0.0074047 0.0569977
1 33.6432 45.5079 0.028944 0.0442884
1 34.7598 45.5148 0.0385034 0.0295043
1 35.8765 45.5205 0.0401967 0.0440619
1 36.9925 45.5256 0.0433431 0.0623823
1 38.1074 45.526 0.0392055 0.0551028
1 39.2217 45.5225 0.0329794 0.0615734
1 40.3355 45.5185 0.0405654 0.0667679
1 41.4485 45.5138 0.0371086 0.0664098
1 42.5609 45.5093 0.0371333 0.0717112
1 43.6744 45.5049 0.0435712 0.0719084
1 0.561868 46.4654 -0.0471267 0.0719722
1 1.67578 46.4727 -0.0388219 0.0650743
1 2.78903 46.4783 -0.0404513 0.0678592
1 3.90311 46.4831 -0.0392329 0.066547
1 5.01789 46.4874 -0.0307815 0.0712807
1 6.13305 46.4882 -0.0337962 0.0771197
1 7.24916 46.4854 -0.0379468 0.061859
1 8.36616 46.4814 -0.0368118 0.0379712
1 9.4833 46.4767 -0.0398412 0.0311146
1 10.6009 46.4711 -0.0294804 0.0362904
1 11.7183 46.465 -0.013355 0.0582243
1 12.8359 46.4555 -0.010311 0.0767474
1 13.9554 46.4417 -0.00394893 0.0657319
1 15.0778 46.427 0.00795782 0.0426655
1 16.2029 46.4146 0.0204141 0.0131944
1 17.3295 46.4083 0.033887 -0.0143253
1 18.4566 46.4056 0.0342156 -0.0336256
1 19.5849 46.4023 0.02216 -0.0440866
1 20.7135 46.4001 0.0147125 -0.0416447
1 21.8392 46.4005 0.00685644 -0.0366086
1 22.9641 46.4002 -0.00881148 -0.0354524
1 24.0917 46.401 -0.0223659 -0.0446935
1 25.2197 46.4041 -0.0302143 -0.042288
1 26.3476 46.4071 -0.0374445 -0.0215947
1 27.4744 46.4115 -0.0348877 -0.00151474
1 28.5998 46.4209 -0.0127625 0.0247331
1 29.7238 46.4346 0.00205909 0.0527569
1 30.8448 46.4481 0.00711812 0.0698638
1 31.9628 46.4585 0.0119029 0.0690734
1 33.0801 46.4667 0.020639 0.0520301
1 34.1974 46.4747 0.0369319 0.0369312
1 35.3148 46.481 0.0467833 0.0344864
1 36.4326 46.4862 0.0493665 0.0536803
1 37.5499 46.4894 0.042612 0.0660403
1 38.6656 46.488 0.0308131 0.0680553
1 39.7804 46.4845 0.0335095 0.0713292
1 40.8949 46.4801 0.0398971 0.0684152
1 42.009 46.4749 0.0363832 0.0658388
1 43.1217 46.4704 0.0294643 0.0721168
1 44.2413 46.4622 0.0379974 0.0663997
1 -0.0088073 47.4222 -0.0379703 0.063303
1 1.11112 47.4369 -0.0377498 0.0621337
1 2.22621 47.4429 -0.0388943 0.0568339
1 3.34139 47.4474 -0.0441324 0.0627482
1 4.45754 47.4525 -0.0439752 0.0597678
1 5.57482 47.4558 -0.0343923 0.0699727
1 6.69269 47.4535 -0.0332609 0.0696956
1 7.81011 47.4495 -0.0341026 0.0425773
1 8.92834 47.4459 -0.0368615 0.0210754
1 10.0466 47.4402 -0.035515 0.0234552
1 11.1645 47.435 -0.0282756 0.0353836
1 12.2841 47.4278 -0.0214228 0.0669951
1 13.4049 47.4146 -0.00564923 0.0724709
1 14.5268 47.3992 0.0174125 0.045331
1 15.6493 47.3836 0.0361989 0.0205566
1 16.7712 47.3734 0.0553804 -0.0107517
1 17.8957 47.3703 0.0517643 -0.035278
1 19.0236 47.3669 0.0358039 -0.0476012
1 20.1517 47.3637 0.0177648 -0.0528506
1 21.2776 47.3639 0.00586397 -0.0361476
1 22.4015 47.3643 -0.000110592 -0.0280431
1 23.5258 47.3633 -0.0139605 -0.0470256
1 24.6525 47.365 -0.0319013 -0.0540054
1 25.7805 47.3689 -0.0456086 -0.0420227
1 26.9071 47.3719 -0.0527609 -0.0230692
1 28.0302 47.3784 -0.0423957 0.00498055
1 29.1527 47.3919 -0.0259453 0.0295416
1 30.2752 47.4069 -0.00380199 0.0581483
1 31.3964 47.4202 0.0122275 0.0721335
1 32.5158 47.4295 0.0193133 0.0529991
1 33.6335 47.4371 0.032621 0.034762
1 34.7516 47.445 0.0404726 0.0219872
1 35.8708 47.4502 0.0376521 0.028062
1 36.9892 47.4537 0.0341873 0.0578358
1 38.1072 47.4561 0.0271879 0.0678831
1 39.2238 47.4535 0.0292428 0.0632133
1 40.3397 47.4493 0.0483354 0.0652505
1 41.4557 47.4443 0.053245 0.0557766
1 42.5716 47.4395 0.0461406 0.067413
1 43.688 47.4332 0.0476196 0.0540613
