1 0.861955 0.346704 0.0363754 0.0706323
1 1.97489 0.339283 0.00971263 0.061716
1 3.08056 0.333311 -0.028038 0.0477869
1 4.18182 0.327699 -0.0404633 0.0407613
1 5.28272 0.321632 -0.0245407 0.0389803
1 6.3861 0.316926 -0.0148561 0.0448794
1 7.49 0.312049 -0.0134901 0.048201
1 8.59291 0.308256 -0.0224891 0.0419441
1 9.69581 0.304065 -0.0147473 0.0477679
1 10.7984 0.29934 -0.0128015 0.0443606
1 11.9014 0.296224 -0.0197129 0.0392951
1 13.0041 0.291863 -0.0163255 0.0462086
1 14.1079 0.286086 -0.015294 0.0444939
1 15.2121 0.282485 -0.0120415 0.0326402
1 16.3156 0.280124 -0.0138707 0.0340021
1 17.4199 0.275485 -0.0119001 0.0455729
1 18.5247 0.269024 -0.0120484 0.0448423
1 19.6302 0.263853 -0.0184121 0.0272353
1 20.7367 0.261794 -0.0071264 0.00873
1 21.8432 0.261524 0.000174785 0.000821168
1 22.9494 0.261279 -0.000336867 0.00221831
1 24.0561 0.261641 0.0144321 0.015162
1 25.1625 0.265071 0.0190941 0.0373226
1 26.268 0.271628 0.0119493 0.0500572
1 27.3727 0.278326 0.0133263 0.0438571
1 28.4764 0.281933 0.0100604 0.0310738
1 29.5801 0.28406 0.0133929 0.0358187
1 30.6844 0.289082 0.0162992 0.0479106
1 31.7871 0.294681 0.0160875 0.0411059
1 32.89 0.297425 0.0207613 0.0382377
1 33.9934 0.301342 0.0133007 0.0516301
1 35.0957 0.30677 0.0186852 0.0444995
1 36.1986 0.309622 0.0207776 0.0403352
1 37.3019 0.314069 0.00989087 0.0524429
1 38.4058 0.319505 0.0191918 0.0410634
1 39.508 0.32441 0.0363896 0.0372916
1 40.6088 0.330818 0.0394613 0.0434537
1 41.7121 0.335935 0.00806316 0.0559665
1 42.8212 0.341946 -0.0318396 0.0661458
1 43.9395 0.35897 -0.0498464 0.069816
1 0.309257 1.31907 0.0521396 0.070356
1 1.42659 1.31 0.0324798 0.0698805
1 2.53349 1.3048 0.00118725 0.0623958
1 3.63643 1.30032 -0.0246799 0.0536289
1 4.7376 1.29546 -0.0292097 0.0416974
1 5.83964 1.29008 -0.0192653 0.0392267
1 6.94245 1.28472 -0.01623 0.0432087
1 8.04504 1.28016 -0.0210551 0.043365
1 9.14775 1.27646 -0.0169678 0.046453
1 10.2506 1.27182 -0.0140412 0.0461014
1 11.3533 1.26777 -0.018936 0.0385265
1 12.4563 1.26415 -0.0185037 0.0420811
1 13.5596 1.25901 -0.0132458 0.0450397
1 14.6633 1.25415 -0.0131427 0.0359795
1 15.7667 1.25112 -0.0117191 0.0319511
1 16.8707 1.24752 -0.0113919 0.0408085
1 17.9756 1.2417 -0.0115781 0.0436059
1 19.0802 1.23585 -0.0113511 0.0327437
1 20.1851 1.23238 -0.00627254 0.0172317
1 21.2907 1.23098 0.00101254 0.00261912
1 22.396 1.2305 0.000257282 -0.00233688
1 23.5018 1.2308 0.00289794 0.00741969
1 24.6074 1.2328 0.00762844 0.0251379
1 25.712 1.23782 0.00832838 0.0418639
1 26.8166 1.24466 0.0135558 0.0457919
1 27.9216 1.24976 0.014629 0.0355364
1 29.0253 1.25276 0.0119321 0.0331495
1 30.1288 1.2566 0.0134864 0.0402398
1 31.2324 1.26184 0.0167608 0.0428041
1 32.3356 1.26603 0.0167026 0.0410912
1 33.4381 1.26967 0.0143495 0.0430376
1 34.5408 1.2743 0.0144772 0.0473669
1 35.6436 1.27834 0.0176378 0.0450501
1 36.746 1.28205 0.019332 0.0432797
1 37.8487 1.28724 0.0180129 0.0394939
1 38.9516 1.29284 0.023011 0.0391809
1 40.0528 1.29784 0.0314528 0.0496618
1 41.1547 1.30252 0.018583 0.0577784
1 42.2596 1.30701 -0.0195622 0.0650909
1 43.369 1.31507 -0.0383237 0.0727303
1 0.87468 2.27626 0.0382918 0.0696249
1 1.9844 2.27043 0.0169103 0.066584
1 3.08857 2.26624 -0.0109795 0.0603856
1 4.19067 2.26264 -0.0213254 0.0538498
1 5.29297 2.25847 -0.0124225 0.0475795
1 6.39596 2.25356 -0.0121861 0.0382012
1 7.49855 2.24867 -0.0265276 0.0362058
1 8.60027 2.24381 -0.0227088 0.0399425
1 9.70251 2.2394 -0.0119059 0.0425476
1 10.8054 2.23526 -0.0143618 0.0394671
1 11.9081 2.2313 -0.0181303 0.0362394
1 13.0108 2.2267 -0.0156009 0.0394421
1 14.1145 2.22177 -0.0130836 0.0362758
1 15.218 2.21793 -0.0119443 0.030042
1 16.3213 2.21401 -0.0137095 0.0330459
1 17.4259 2.20919 -0.0115622 0.0345353
1 18.5304 2.20394 -0.00587367 0.0307762
1 19.6341 2.19912 -0.00373207 0.0215482
1 20.7388 2.19632 0.000537526 0.00580864
1 21.8438 2.19552 -0.000832129 -0.00563829
1 22.9483 2.19547 -0.00444485 -0.00279151
1 24.0533 2.19668 0.00390683 0.0116268
1 25.1577 2.20036 0.0092017 0.027292
1 26.2618 2.20605 0.00847029 0.0374276
1 27.3665 2.21184 0.0121832 0.0364241
1 28.4706 2.21628 0.0138814 0.0290352
1 29.5739 2.21985 0.00928342 0.0314004
1 30.6774 2.22432 0.0120937 0.0388926
1 31.7806 2.22915 0.0198162 0.0367584
1 32.8834 2.23325 0.0155003 0.0385451
1 33.986 2.23743 0.0100585 0.0431442
1 35.0889 2.24161 0.0235631 0.0406993
1 36.1911 2.24599 0.0285006 0.0367055
1 37.2925 2.25104 0.0157592 0.0371192
1 38.3955 2.25606 0.00914171 0.0428998
1 39.4985 2.26039 0.0132371 0.0501862
1 40.6004 2.26434 0.0180537 0.0579562
1 41.7034 2.26843 -0.00214426 0.0653729
1 42.8096 2.27354 -0.0303533 0.070216
1 43.9282 2.27767 -0.0505837 0.071098
1 0.314686 3.23797 0.0454257 0.0680174
1 1.43272 3.23504 0.0260356 0.0677255
1 2.53875 3.23095 -0.000643941 0.062505
1 3.6415 3.22719 -0.0141211 0.0552811
1 4.74372 3.22378 -0.00823811 0.0519997
1 5.84763 3.22016 0.00177205 0.0454146
1 6.95158 3.21605 -0.0106175 0.0347345
1 8.05409 3.21154 -0.0289689 0.0276199
1 9.1552 3.20649 -0.023907 0.0255752
1 10.2572 3.20166 -0.0156408 0.0263871
1 11.3598 3.19749 -0.0140455 0.028174
1 12.4624 3.19323 -0.0165721 0.027497
1 13.5656 3.18834 -0.0129 0.0246849
1 14.6689 3.18383 -0.0105825 0.0208486
1 15.772 3.17987 -0.0113772 0.0191202
1 16.8756 3.17529 -0.0118099 0.0195337
1 17.9799 3.17022 -0.0113739 0.0184336
1 19.0838 3.16541 -0.00718088 0.0124721
1 20.1875 3.16167 -0.000377179 -0.000929903
1 21.2918 3.15966 0.00345202 -0.013151
1 22.3957 3.1591 0.0016116 -0.015626
1 23.5002 3.15993 -0.000621333 -0.00762884
1 24.6045 3.16255 -0.000145403 0.00589192
1 25.708 3.16708 0.0048145 0.017266
1 26.812 3.17257 0.0109571 0.0210398
1 27.9161 3.17769 0.0132595 0.019822
1 29.0196 3.182 0.0132639 0.0201134
1 30.123 3.18622 0.0123284 0.021739
1 31.2262 3.19087 0.0176112 0.0240127
1 32.3292 3.19533 0.0170966 0.0287514
1 33.4318 3.19952 0.0135511 0.0291183
1 34.5343 3.20399 0.020335 0.025111
1 35.6357 3.20889 0.0290206 0.0262633
1 36.7372 3.21375 0.0194123 0.032966
1 37.8405 3.21807 -0.00254155 0.0404779
1 38.9448 3.22196 -0.000218883 0.0480042
1 40.0479 3.22541 0.0137477 0.0536325
1 41.15 3.22879 0.0126594 0.0594284
1 42.2545 3.23318 -0.0147244 0.0639567
1 43.365 3.23683 -0.0362722 0.0684646
1 0.876598 4.19767 0.0298604 0.0633152
1 1.98676 4.19446 0.00690775 0.0575051
1 3.09084 4.19065 -0.0129013 0.0497679
1 4.19286 4.18729 -0.0121846 0.0453412
1 5.29625 4.18378 0.00572683 0.0415945
1 6.40114 4.18051 0.00990309 0.0338494
1 7.50558 4.17697 -0.00903603 0.0256303
1 8.60811 4.17267 -0.0226467 0.0152016
1 9.7098 4.16766 -0.02419 0.00320072
1 10.8117 4.16266 -0.0209872 0.00217561
1 11.9136 4.15777 -0.0206019 0.0070202
1 13.0164 4.15312 -0.0167663 0.00481315
1 14.1198 4.1486 -0.0104076 -0.00130634
1 15.2227 4.14421 -0.0145046 -0.00490086
1 16.3261 4.13955 -0.0157418 -0.00356224
1 17.43 4.13468 -0.00979932 -0.00739137
1 18.5334 4.13015 -0.00279777 -0.0144756
1 19.6361 4.12588 0.000996332 -0.0195336
1 20.7401 4.1227 -0.000921386 -0.0304449
1 21.8442 4.12135 -0.00395273 -0.0410413
1 22.9475 4.12154 -0.00313103 -0.0370478
1 24.0515 4.12347 0.00134064 -0.0251529
1 25.155 4.12719 0.00908045 -0.0170293
1 26.2585 4.1319 0.0120845 -0.00874407
1 27.3625 4.13704 0.00854773 -0.00194994
1 28.4658 4.14205 0.0117504 -0.00494616
1 29.5688 4.14655 0.0119393 -0.00552827
1 30.672 4.15101 0.0100761 0.00196046
1 31.775 4.15549 0.0174853 0.00508648
1 32.8774 4.15994 0.0207654 0.00298766
1 33.9793 4.16504 0.0195344 0.0046295
1 35.0809 4.17035 0.0256833 0.00938339
1 36.1828 4.17466 0.0188883 0.0188044
1 37.2862 4.17862 -0.000399543 0.0312042
1 38.3913 4.18201 -0.00656135 0.0382446
1 39.4958 4.18524 0.008107 0.0424609
1 40.5984 4.18882 0.0201469 0.0453546
1 41.701 4.19265 0.00748107 0.0546086
1 42.8074 4.19597 -0.0191654 0.0608324
1 43.9255 4.1985 -0.0400829 0.0632148
1 0.315682 5.1587 0.0306252 0.0557136
1 1.43319 5.15637 0.0122622 0.0493158
1 2.53912 5.15303 -0.0134357 0.0396136
1 3.64147 5.14915 -0.0225926 0.0307652
1 4.74398 5.14529 -0.0106569 0.0228015
1 5.84874 5.14201 0.00467423 0.0185992
1 6.95421 5.13852 0.00256286 0.0131696
1 8.0586 5.13504 -0.0121749 0.00227866
1 9.16156 5.13094 -0.0195159 -0.00917081
1 10.2642 5.12611 -0.0195441 -0.0238402
1 11.3658 5.12073 -0.0251904 -0.0298567
1 12.4674 5.1152 -0.0277158 -0.03245
1 13.5701 5.11037 -0.0112345 -0.0338142
1 14.6732 5.1058 -0.0113026 -0.0369848
1 15.7763 5.10108 -0.0161655 -0.0430052
1 16.8791 5.09611 -0.00729307 -0.0450661
1 17.9823 5.09142 -0.0104097 -0.049136
1 19.0857 5.08713 -0.0131798 -0.0573361
1 20.189 5.0832 -0.00411366 -0.0671062
1 21.2926 5.08078 0.00315426 -0.0763629
1 22.3955 5.08018 0.00506076 -0.0787683
1 23.4992 5.08127 0.00139525 -0.0716468
1 24.6028 5.08445 -0.00155113 -0.0606388
1 25.7056 5.08885 0.00526373 -0.053083
1 26.8089 5.09332 0.011878 -0.0485066
1 27.9123 5.09835 0.0155591 -0.042452
1 29.0152 5.10368 0.0171088 -0.0383257
1 30.1186 5.10827 0.0129744 -0.0372657
1 31.2217 5.11262 0.019089 -0.0340743
1 32.3236 5.11789 0.0278467 -0.0302101
1 33.4253 5.12348 0.0255203 -0.0287683
1 34.5276 5.12846 0.0183127 -0.0169948
1 35.6301 5.13297 0.0149957 -0.00294302
1 36.7338 5.13658 0.00583197 0.00646588
1 37.839 5.13984 -0.0111131 0.0151793
1 38.9442 5.14343 -0.00280335 0.0207284
1 40.0478 5.14712 0.0189868 0.0276162
1 41.1498 5.15098 0.0220882 0.0334632
1 42.2537 5.15461 0.000431677 0.0441762
1 43.3638 5.15763 -0.0242554 0.0540505
1 0.876094 6.11685 0.0134059 0.0381422
1 1.98573 6.11359 -0.0109958 0.0284105
1 3.08927 6.10962 -0.0300642 0.016568
1 4.19121 6.10523 -0.0231901 0.00940599
1 5.29477 6.1011 -0.00392942 0.00371058
1 6.40011 6.09727 0.00374488 -0.0020742
1 7.50574 6.09371 -0.00630193 -0.0103076
1 8.61009 6.08982 -0.0108182 -0.017502
1 9.71383 6.08569 -0.0118568 -0.0312194
1 10.817 6.08108 -0.0157876 -0.0431285
1 11.9189 6.0755 -0.0301033 -0.0545292
1 13.0206 6.06979 -0.0285407 -0.0633649
1 14.1231 6.06437 -0.0185241 -0.0630715
1 15.2262 6.05916 -0.0212637 -0.0661366
1 16.3294 6.05417 -0.0169066 -0.0720619
1 17.4323 6.04915 -0.0128974 -0.0775992
1 18.5352 6.04464 -0.00791951 -0.0869518
1 19.6378 6.04057 0.000956147 -0.0925732
1 20.7411 6.03712 -0.00338407 -0.101198
1 21.8442 6.03544 -0.0076571 -0.110588
1 22.9467 6.0358 -0.00020523 -0.10855
1 24.0502 6.03805 0.00559367 -0.0978339
1 25.1536 6.04191 0.0127542 -0.0872401
1 26.2566 6.04656 0.0155575 -0.0805536
1 27.3598 6.05151 0.00932712 -0.0750238
1 28.4623 6.05662 0.0112741 -0.0699945
1 29.5652 6.06176 0.0154646 -0.0632955
1 30.6681 6.06711 0.0221251 -0.0645283
1 31.7699 6.07262 0.0305256 -0.0616321
1 32.8716 6.07816 0.0256185 -0.0494494
1 33.9746 6.08326 0.0178133 -0.036971
1 35.0784 6.08752 0.0153472 -0.0241642
1 36.1824 6.09143 0.0111883 -0.0137908
1 37.2871 6.09521 -0.000692922 -0.00629199
1 38.3926 6.09899 -0.00397003 0.00156726
1 39.4973 6.10284 0.0139613 0.00482057
1 40.5999 6.1073 0.0333673 0.0123697
1 41.7022 6.11166 0.0240261 0.0211305
1 42.8079 6.11522 -0.00252837 0.0313089
1 43.9257 6.11754 -0.0160374 0.0374222
1 0.31223 7.07463 -0.00194331 0.0126019
1 1.43054 7.07267 -0.0101466 0.0140998
1 2.53607 7.06904 -0.0325177 0.00684796
1 3.63839 7.06419 -0.0360747 0.00052923
1 4.74082 7.05942 -0.016106 -0.00419713
1 5.8455 7.05508 -0.00161226 -0.00451129
1 6.95117 7.05093 -0.00457066 -0.00708519
1 8.05622 7.0468 -0.0109702 -0.0134707
1 9.16049 7.04284 -0.0114495 -0.0206571
1 10.2651 7.03863 -0.00948009 -0.026172
1 11.3689 7.03386 -0.0185213 -0.0378262
1 12.4717 7.02869 -0.0289889 -0.0512166
1 13.5739 7.02292 -0.0222741 -0.0591037
1 14.6764 7.01679 -0.0267819 -0.0631161
1 15.7789 7.01112 -0.0185709 -0.0666621
1 16.8811 7.00609 -0.00418891 -0.0699657
1 17.9838 7.00129 -0.0145637 -0.0769704
1 19.0869 6.99672 -0.0172749 -0.08442
1 20.1901 6.99257 -0.00554716 -0.0920643
1 21.2934 6.99012 0.000925634 -0.103218
1 22.3954 6.98964 0.00497056 -0.106122
1 23.4982 6.99078 0.0026845 -0.0980778
1 24.6015 6.99393 0.000992276 -0.088451
1 25.704 6.99853 0.00885487 -0.0810317
1 26.8068 7.00328 0.0142247 -0.0737851
1 27.9101 7.0083 0.0209272 -0.0667471
1 29.0128 7.01392 0.0256204 -0.0634809
1 30.1151 7.0199 0.0238799 -0.0630019
1 31.2176 7.02576 0.0276334 -0.0561621
1 32.3201 7.03133 0.0206547 -0.0425257
1 33.4231 7.03623 0.00802779 -0.0336525
1 34.5273 7.04028 0.00657414 -0.0240686
1 35.6315 7.04453 0.0104509 -0.0153988
1 36.7361 7.0487 0.00926877 -0.0112883
1 37.8414 7.0526 -0.00389744 -0.00717771
1 38.9469 7.05695 0.00810986 -0.00440217
1 40.0509 7.06164 0.0314231 -0.00113104
1 41.1529 7.06641 0.0407861 0.00325627
1 42.2564 7.071 0.0208486 0.0107495
1 43.3662 7.07422 -0.0049808 0.0158897
1 0.871795 8.03009 -0.00796205 -0.00316649
1 1.98156 8.02724 -0.0291676 0.00465357
1 3.08494 8.02279 -0.043836 0.00401184
1 4.18686 8.01825 -0.0311088 0.00321023
1 5.29079 8.01344 -0.00697964 0.0066398
1 6.39619 8.00911 0.00173416 0.00588006
1 7.50171 8.0049 -0.00818884 0.00551276
1 8.60644 8.00057 -0.00697932 0.00309603
1 9.71107 7.99645 -0.0041489 -0.00125591
1 10.816 7.99222 -0.00480581 -0.00509688
1 11.9199 7.9878 -0.0138543 -0.0140858
1 13.0234 7.98293 -0.0159742 -0.0244087
1 14.1266 7.97727 -0.0213806 -0.0334726
1 15.2294 7.9711 -0.0296167 -0.0401295
1 16.331 7.96517 -0.0223327 -0.044871
1 17.4334 7.95989 -0.0194616 -0.0467473
1 18.5367 7.95507 -0.0106551 -0.0512396
1 19.6389 7.95069 0.00161149 -0.0599464
1 20.7417 7.94741 -0.00400271 -0.0712641
1 21.8443 7.94598 -0.00801625 -0.076529
1 22.9462 7.94629 0.000453924 -0.0741969
1 24.0492 7.94835 0.0078412 -0.0671101
1 25.1524 7.95222 0.0162069 -0.0545952
1 26.2556 7.95712 0.0139399 -0.0458833
1 27.3581 7.96232 0.0090686 -0.0470034
1 28.4596 7.9678 0.024279 -0.0460218
1 29.5617 7.97397 0.0249088 -0.0345978
1 30.6647 7.98023 0.0157601 -0.0276091
1 31.7681 7.98534 0.0187199 -0.0211863
1 32.872 7.98981 0.01005 -0.00701693
1 33.9766 7.99421 0.00623424 -0.00186382
1 35.0815 7.99829 0.00891731 -0.000416766
1 36.1861 8.00238 0.0114475 0.00364879
1 37.291 8.00677 0.00369435 0.0052315
1 38.3966 8.01102 0.000219669 0.00611634
1 39.5017 8.01551 0.0169798 0.0061806
1 40.6044 8.02035 0.0407096 0.00375001
1 41.7067 8.02508 0.0413279 0.00666489
1 42.813 8.02863 0.0186485 -0.000111971
1 43.9331 8.02954 0.0122546 -0.0162243
1 0.302749 8.98297 -0.0193014 -0.0296561
1 1.4246 8.98358 -0.0252081 -0.0113955
1 2.53107 8.9811 -0.0427299 -0.00172738
1 3.63331 8.97704 -0.039514 0.00271032
1 4.7362 8.97241 -0.0181284 0.00707441
1 5.84118 8.96818 -0.0029838 0.00994392
1 6.94704 8.96395 -0.00806489 0.013027
1 8.0521 8.95969 -0.0104831 0.0099839
1 9.15668 8.9556 -0.0072406 0.00883194
1 10.262 8.95126 -0.00158106 0.0109043
1 11.3667 8.94702 -0.00335324 0.00446733
1 12.4709 8.94306 -0.00887991 -0.00272525
1 13.5753 8.93826 -0.00627408 -0.00716682
1 14.6795 8.93282 -0.0184648 -0.0174628
1 15.782 8.92721 -0.0202355 -0.0294327
1 16.883 8.92158 -0.0166166 -0.0369476
1 17.9852 8.91594 -0.0197169 -0.0362807
1 19.0875 8.91088 -0.0154337 -0.0386375
1 20.1906 8.90718 -0.00867164 -0.0499778
1 21.2939 8.90512 -0.00129029 -0.0612139
1 22.3953 8.90459 0.00782843 -0.0617416
1 23.4975 8.90568 0.0016094 -0.0545977
1 24.6005 8.90846 -0.00147009 -0.0453961
1 25.7029 8.91274 0.0164345 -0.0388175
1 26.8056 8.91822 0.0258997 -0.0344241
1 27.9077 8.92432 0.0254148 -0.0316313
1 29.0094 8.93001 0.0216943 -0.0253127
1 30.1126 8.93536 0.0086395 -0.0122571
1 31.2171 8.94059 0.00830258 -0.00238055
1 32.3217 8.94505 0.00635336 0.00127412
1 33.4259 8.94894 0.000695996 0.00609221
1 34.531 8.95307 0.00483191 0.0109345
1 35.6359 8.95737 0.00816368 0.0101885
1 36.7405 8.96161 0.00842109 0.0116255
1 37.8459 8.96586 -0.00394198 0.0115528
1 38.9515 8.9701 0.00275996 0.00807579
1 40.0557 8.97467 0.0293071 0.00494316
1 41.1577 8.97882 0.0453956 -0.000744572
1 42.2615 8.9824 0.0339633 -0.00457303
1 43.3722 8.98396 0.0122146 -0.0177956
1 0.865255 9.93649 -0.0188034 -0.0342213
1 1.97634 9.93707 -0.0382554 -0.0178682
1 3.07999 9.93498 -0.0446527 -0.0108643
1 4.18207 9.93141 -0.0262174 -0.00293134
1 5.28637 9.92728 -0.000815417 0.00144241
1 6.39193 9.92312 0.00419775 0.00202152
1 7.49731 9.91913 -0.00758572 0.00140241
1 8.60218 9.91497 -0.00929822 0.0042279
1 9.70734 9.91048 -0.00188611 0.00331571
1 10.8123 9.9065 0.00172813 -0.000358253
1 11.9165 9.90262 -0.00620029 -0.00131514
1 13.0215 9.89813 -0.00632669 -0.00324028
1 14.1268 9.89352 -0.00324442 -0.0116556
1 15.231 9.88913 -0.0124775 -0.0212109
1 16.3334 9.88423 -0.0214906 -0.0306908
1 17.4358 9.87871 -0.029162 -0.0384349
1 18.5381 9.87272 -0.0222996 -0.0432883
1 19.6396 9.86801 -0.00731727 -0.0507762
1 20.7421 9.86547 -0.0020862 -0.058667
1 21.8443 9.86441 -0.00290458 -0.0617965
1 22.9458 9.86444 -0.00125187 -0.0604455
1 24.0488 9.86605 0.00619873 -0.0539195
1 25.1515 9.86982 0.0242336 -0.04599
1 26.2535 9.87529 0.0267575 -0.0415384
1 27.3556 9.88123 0.0142378 -0.0353535
1 28.4574 9.88652 0.0167674 -0.0260026
1 29.561 9.89121 0.00934483 -0.0144199
1 30.6659 9.89578 -0.00183911 -0.00680807
1 31.7708 9.90024 0.00816835 -0.00403647
1 32.8755 9.90432 0.00342694 0.000240059
1 33.9801 9.90827 0.000414319 0.00260398
1 35.0852 9.91244 0.00642935 0.00180194
1 36.1899 9.9166 0.00992688 0.00395299
1 37.2947 9.92091 0.00629792 0.00459625
1 38.4008 9.92519 0.0032408 0.0020403
1 39.5061 9.9291 0.016521 -0.00288637
1 40.6093 9.93312 0.0438799 -0.00612957
1 41.7119 9.93601 0.0492602 -0.0120158
1 42.8193 9.93668 0.0307082 -0.0257298
1 43.9437 9.9345 0.0171999 -0.0369422
1 0.292519 10.8848 -0.0124976 -0.043467
1 1.41728 10.8888 -0.0345979 -0.0421419
1 2.52532 10.8897 -0.052584 -0.0317994
1 3.62849 10.8878 -0.0445978 -0.0200818
1 4.73185 10.8844 -0.0152238 -0.0150846
1 5.83717 10.8807 -3.08364e-05 -0.0106766
1 6.94311 10.8767 -0.00685401 -0.0066746
1 8.04797 10.8726 -0.011944 -0.00958106
1 9.15257 10.8685 -0.00713016 -0.0100806
1 10.2578 10.8644 -0.00170326 -0.00844283
1 11.3624 10.8604 -0.00707985 -0.0088115
1 12.4671 10.8563 -0.0101178 -0.0103741
1 13.5723 10.852 0.00166534 -0.0115702
1 14.6774 10.848 -0.00367523 -0.0174719
1 15.7815 10.8443 -0.00721213 -0.0242253
1 16.8844 10.8399 -0.00866802 -0.0304853
1 17.9874 10.8345 -0.0210582 -0.0393016
1 19.0895 10.8292 -0.0267772 -0.052679
1 20.1914 10.8256 -0.0169029 -0.0605571
1 21.2938 10.8236 -0.00295928 -0.0612412
1 22.3951 10.823 0.00740705 -0.0622049
1 23.4972 10.824 0.00562008 -0.0637007
1 24.5992 10.8268 0.00991966 -0.0567672
1 25.7005 10.8313 0.0263162 -0.0450698
1 26.8037 10.8369 0.0245321 -0.0333047
1 27.9074 10.842 0.0113104 -0.025336
1 29.0106 10.8461 0.00610047 -0.0211323
1 30.1153 10.8498 0.000578873 -0.0147361
1 31.2208 10.854 0.00527806 -0.0083089
1 32.3259 10.8584 0.00687627 -0.00921131
1 33.4302 10.8622 -0.000633894 -0.0105265
1 34.5349 10.8661 0.00107074 -0.00920953
1 35.6396 10.8703 0.00764188 -0.00964474
1 36.7442 10.8744 0.0118258 -0.00970874
1 37.8497 10.8784 -0.00100215 -0.00791293
1 38.9557 10.8824 0.00253452 -0.0122345
1 40.0602 10.8861 0.0300944 -0.0171827
1 41.1627 10.8888 0.0513305 -0.0274132
1 42.2669 10.8893 0.0436335 -0.0382323
1 43.3788 10.8866 0.0245097 -0.0446436
1 0.856734 11.8369 -0.0292339 -0.0524009
1 1.96925 11.8409 -0.0539414 -0.0479831
1 3.0743 11.8418 -0.0598467 -0.0356755
1 4.17744 11.8402 -0.0310134 -0.026752
1 5.28224 11.8371 -0.00563463 -0.0169983
1 6.38835 11.8333 -0.00145705 -0.0155122
1 7.49367 11.8296 -0.0117307 -0.016533
1 8.59815 11.8256 -0.00968183 -0.0146998
1 9.70281 11.8215 -0.00254153 -0.015639
1 10.8076 11.8177 -0.0026223 -0.0166096
1 11.9119 11.8137 -0.0105039 -0.0123589
1 13.0169 11.8094 -0.0071131 -0.0125111
1 14.1222 11.8058 0.0022486 -0.0191772
1 15.2269 11.8027 -0.00173795 -0.0213249
1 16.331 11.799 -0.00706616 -0.0180535
1 17.4356 11.7946 -0.016248 -0.0253622
1 18.5398 11.7903 -0.0163831 -0.0404897
1 19.6418 11.7867 -0.00892042 -0.0531604
1 20.7435 11.784 -0.00941834 -0.0604418
1 21.8444 11.7826 -0.00848706 -0.0646966
1 22.9449 11.783 0.00527333 -0.0653847
1 24.0471 11.7849 0.0159142 -0.0584868
1 25.1492 11.7879 0.0206223 -0.0452143
1 26.2523 11.792 0.01389 -0.0312741
1 27.3567 11.7966 0.00341299 -0.0209807
1 28.4608 11.8007 0.00530912 -0.018335
1 29.5655 11.8042 -0.000721161 -0.0188349
1 30.6704 11.8074 -0.00451187 -0.0160323
1 31.7755 11.8113 0.0134693 -0.0132188
1 32.8804 11.8156 0.0101279 -0.0127951
1 33.9849 11.8195 0.00306766 -0.0152964
1 35.0898 11.8233 0.00766224 -0.0169043
1 36.1943 11.8274 0.0111005 -0.0154002
1 37.2988 11.8312 0.00478536 -0.0161156
1 38.4047 11.835 -0.00105988 -0.0153606
1 39.5104 11.8386 0.0154647 -0.0206565
1 40.6141 11.8412 0.049152 -0.0300968
1 41.7179 11.8418 0.0597123 -0.0413332
1 42.8268 11.8388 0.0344404 -0.0534392
1 43.9516 11.8336 0.00488666 -0.0507827
1 0.286511 12.7852 -0.00395703 -0.0542677
1 1.41021 12.7896 -0.036346 -0.054472
1 2.51898 12.7936 -0.0665495 -0.0437325
1 3.62332 12.7946 -0.0536353 -0.0292914
1 4.72754 12.7931 -0.0175026 -0.0163983
1 5.83331 12.7902 0.000908061 -0.0114418
1 6.93902 12.7869 -0.00806649 -0.00864584
1 8.04361 12.7828 -0.0154568 -0.00884757
1 9.14785 12.779 -0.00864342 -0.0124403
1 10.2528 12.7754 -0.00521885 -0.00872279
1 11.3576 12.7711 -0.012787 -0.00601347
1 12.4623 12.7669 -0.0117637 -0.0105274
1 13.5669 12.7638 0.00551918 -0.0144269
1 14.6716 12.7608 0.0012944 -0.0121695
1 15.7767 12.7574 -0.00196458 -0.00942092
1 16.8814 12.7536 0.00188628 -0.011081
1 17.9864 12.7502 -0.00552808 -0.0187993
1 19.0904 12.7475 -0.00814453 -0.0307253
1 20.1933 12.7455 -0.00334553 -0.0451309
1 21.2951 12.7444 -0.000764839 -0.0578275
1 22.3947 12.7443 0.00334952 -0.0611454
1 23.4953 12.7448 0.000538404 -0.0530725
1 24.5974 12.7461 -0.00208671 -0.0382537
1 25.7005 12.7482 0.00621906 -0.0244615
1 26.8057 12.7515 0.00812325 -0.0124827
1 27.9112 12.7553 0.00377518 -0.00696886
1 29.0159 12.7591 0.0024921 -0.0103708
1 30.1209 12.7622 -0.00339936 -0.0140583
1 31.2259 12.7652 0.00373383 -0.0108109
1 32.3306 12.7689 0.0116003 -0.00777914
1 33.435 12.773 0.00606106 -0.00883228
1 34.5398 12.7768 0.00411862 -0.00998743
1 35.6443 12.7807 0.0100725 -0.00828836
1 36.7486 12.7848 0.0136845 -0.00860889
1 37.8536 12.7884 -0.000810665 -0.0109002
1 38.9597 12.7916 0.00704244 -0.0115441
1 40.0652 12.794 0.0399173 -0.0224714
1 41.1691 12.7941 0.0675123 -0.0367785
1 42.2752 12.7916 0.0548469 -0.0480539
1 43.3884 12.7868 0.016015 -0.0510718
1 0.850044 13.7385 -0.0179353 -0.0435081
1 1.96197 13.7431 -0.0573697 -0.0465575
1 3.06804 13.7466 -0.074326 -0.0434531
1 4.17255 13.7479 -0.0431227 -0.0286606
1 5.27831 13.7467 -0.0085666 -0.0146645
1 6.38427 13.744 -0.00225731 -0.00868137
1 7.48945 13.7405 -0.0141162 -0.00709872
1 8.59353 13.7366 -0.0101021 -0.00821311
1 9.698 13.7327 -0.00700796 -0.00613098
1 10.8033 13.7285 -0.00827354 -0.00686413
1 11.9075 13.7245 -0.00921387 -0.0107616
1 13.0117 13.7213 -0.00364979 -0.012293
1 14.1165 13.7185 0.00164725 -0.0119901
1 15.2216 13.7153 -0.00223915 -0.0089196
1 16.3267 13.7117 -0.00277292 -0.00607503
1 17.4325 13.7085 -0.0068665 -0.00963356
1 18.538 13.7063 0.00243049 -0.0196182
1 19.6411 13.7056 0.0194848 -0.0341134
1 20.7435 13.7059 0.0141961 -0.0479273
1 21.8446 13.7063 -0.00293294 -0.0535898
1 22.9449 13.7061 -0.0102894 -0.0503844
1 24.0471 13.7055 -0.010805 -0.0409593
1 25.1503 13.7055 -0.00416972 -0.0275497
1 26.2548 13.7069 -5.71606e-05 -0.0145339
1 27.3604 13.7096 -0.00241974 -0.00662976
1 28.4656 13.7132 0.00334481 -0.00462613
1 29.571 13.7169 -0.00164464 -0.00847038
1 30.6759 13.7199 -0.00642135 -0.0129316
1 31.7803 13.7227 0.0106396 -0.0132911
1 32.8846 13.7262 0.011039 -0.00705982
1 33.9891 13.7304 0.00773675 -0.0049805
1 35.0942 13.7344 0.0115164 -0.0085685
1 36.1985 13.7383 0.0171621 -0.00674132
1 37.3031 13.7423 0.0124178 -0.00561907
1 38.4092 13.7454 0.00489689 -0.0116565
1 39.5154 13.7473 0.0234172 -0.0210105
1 40.6203 13.7474 0.0623034 -0.0364246
1 41.7252 13.7449 0.0728651 -0.044946
1 42.8345 13.7406 0.0326027 -0.0464475
1 43.9573 13.7362 -0.00680693 -0.0474474
1 0.281907 14.6888 0.0115446 -0.0255583
1 1.40384 14.6928 -0.0335552 -0.0310119
1 2.51194 14.6968 -0.0735475 -0.0389958
1 3.61676 14.7004 -0.0679692 -0.0374275
1 4.72234 14.7017 -0.0313117 -0.0250078
1 5.82908 14.7009 -0.00969744 -0.0142954
1 6.93517 14.6982 -0.0152523 -0.00661639
1 8.03965 14.6944 -0.0204045 -0.00462725
1 9.14394 14.6904 -0.0150465 -0.00460149
1 10.2492 14.6862 -0.00859446 -0.00414444
1 11.3537 14.6821 -0.0102575 -0.0085396
1 12.4576 14.6789 -0.00974881 -0.0131283
1 13.5619 14.6763 0.0039708 -0.011326
1 14.6667 14.6731 -0.00180318 -0.00551677
1 15.7724 14.6693 -0.00423293 -0.00426129
1 16.8779 14.6661 0.0063653 -0.00804445
1 17.983 14.6643 0.00858142 -0.0173669
1 19.0867 14.6644 0.014488 -0.0297002
1 20.1899 14.6656 0.0195004 -0.0384301
1 21.2934 14.6668 0.0136208 -0.0415998
1 22.3955 14.6671 0.000522997 -0.040975
1 23.4981 14.6662 -0.020305 -0.0392663
1 24.601 14.6648 -0.0299476 -0.0348751
1 25.704 14.6639 -0.0126064 -0.025192
1 26.809 14.6646 0.00146532 -0.0121161
1 27.9148 14.6672 0.00360577 -0.00388114
1 29.0204 14.671 0.00564666 -0.00345194
1 30.126 14.6746 -0.00033783 -0.00716132
1 31.2308 14.6776 0.00351644 -0.0106772
1 32.3348 14.6804 0.00841266 -0.0112298
1 33.4387 14.6839 0.00734356 -0.00727983
1 34.5436 14.6881 0.00927202 -0.00289569
1 35.6482 14.6923 0.0148274 -0.00484543
1 36.7524 14.6961 0.0190583 -0.00533681
1 37.8578 14.6994 0.00798986 -0.00839855
1 38.9645 14.7014 0.0136425 -0.0179271
1 40.0708 14.7012 0.0506841 -0.0319423
1 41.1755 14.6985 0.0800467 -0.0408546
1 42.2815 14.6947 0.0583536 -0.0339006
1 43.3934 14.6912 0.0149494 -0.0306167
1 0.845177 15.6444 -0.0144625 -0.0166489
1 1.95619 15.6477 -0.0544362 -0.0240371
1 3.06103 15.6513 -0.0779613 -0.0341644
1 4.16584 15.6544 -0.0521083 -0.0315943
1 5.27272 15.656 -0.0193112 -0.0194664
1 6.37996 15.6549 -0.0127743 -0.00714386
1 7.48572 15.652 -0.0223628 -0.0032479
1 8.59007 15.6483 -0.0172799 -1.82272e-05
1 9.69475 15.6439 -0.0114951 0.00287994
1 10.7998 15.6399 -0.00885903 -0.00259124
1 11.9034 15.6368 -0.00685432 -0.00738333
1 13.0073 15.634 -0.00447485 -0.0030322
1 14.1124 15.6307 -0.00505287 0.00272533
1 15.2182 15.6268 -0.00854896 0.00474266
1 16.3237 15.6235 0.00107852 -0.00138646
1 17.4287 15.6219 0.0064844 -0.0126387
1 18.533 15.6223 0.0150408 -0.0226728
1 19.6358 15.6239 0.0259216 -0.0267442
1 20.7396 15.6255 0.0170435 -0.0263204
1 21.8437 15.6263 -1.6309e-05 -0.0249048
1 22.9475 15.6259 -0.0107625 -0.0253877
1 24.0521 15.6246 -0.0173598 -0.0271285
1 25.1559 15.623 -0.0159653 -0.0253358
1 26.2593 15.6218 -0.01374 -0.0176598
1 27.3635 15.6222 -0.0117243 -0.007706
1 28.4685 15.6247 0.00442041 0.00195336
1 29.5746 15.6285 0.00488757 0.00554095
1 30.6801 15.6323 -0.00089519 0.000619389
1 31.7846 15.6353 0.0115107 -0.00534121
1 32.8884 15.6381 0.0103477 -0.00407741
1 33.9924 15.6418 0.00993251 0.00179247
1 35.0975 15.646 0.016579 0.00141997
1 36.202 15.65 0.0224062 -0.00100197
1 37.3066 15.6535 0.0202993 -0.0035031
1 38.4134 15.6555 0.0175107 -0.0133446
1 39.5209 15.6551 0.0393082 -0.0273557
1 40.6269 15.6526 0.0795168 -0.0336096
1 41.7315 15.6492 0.0791146 -0.0279755
1 42.839 15.6462 0.0332043 -0.0178612
1 43.9605 15.6439 -0.0137059 -0.00820727
1 0.278527 16.5977 0.0134384 -0.00613614
1 1.39872 16.6005 -0.0316067 -0.0125274
1 2.5053 16.6033 -0.0755769 -0.0211837
1 3.60931 16.6061 -0.0780521 -0.0337361
1 4.71542 16.609 -0.0461421 -0.0315955
1 5.82394 16.6102 -0.0264746 -0.0183012
1 6.93132 16.6091 -0.0262767 -0.00900038
1 8.03624 16.6062 -0.0283329 -0.00215363
1 9.1409 16.6021 -0.0219551 0.00143371
1 10.246 16.5981 -0.0116601 -0.00195546
1 11.3498 16.595 -0.0106681 -0.0060484
1 12.4536 16.5921 -0.0146223 -0.00269403
1 13.5588 16.5886 -0.00571602 0.00499335
1 14.6645 16.5845 -0.00771602 0.00630802
1 15.7699 16.5813 0.000101096 -0.00267378
1 16.8742 16.5798 0.0173989 -0.0145442
1 17.9779 16.5802 0.0141561 -0.022314
1 19.0814 16.5816 0.00980603 -0.0243573
1 20.1858 16.583 0.00956684 -0.0220364
1 21.2913 16.5839 0.00682976 -0.0206797
1 22.3961 16.584 0.00268507 -0.021252
1 23.5013 16.5835 -0.010942 -0.0224871
1 24.6061 16.5823 -0.0205986 -0.0240569
1 25.7095 16.5807 -0.011535 -0.0235224
1 26.8135 16.5797 -0.00859995 -0.0183166
1 27.9178 16.5801 -0.007323 -0.0090005
1 29.0226 16.5825 0.00680359 0.00141744
1 30.1284 16.5863 0.00871253 0.00693021
1 31.2342 16.5903 0.0102955 0.00332193
1 32.3386 16.5936 0.010184 -0.00490999
1 33.442 16.5963 0.00892848 -0.00491694
1 34.5465 16.5999 0.0142249 0.00179815
1 35.6513 16.6042 0.0232551 0.000516957
1 36.7559 16.6078 0.030631 -0.0076384
1 37.862 16.6097 0.0242996 -0.0138149
1 38.9703 16.6096 0.0331725 -0.0238443
1 40.0779 16.6075 0.0635005 -0.0349288
1 41.1821 16.6043 0.0824228 -0.0292047
1 42.2861 16.6017 0.0559061 -0.0163566
1 43.3966 16.5992 0.0148575 -0.0021191
1 0.8406 17.5542 -0.0185471 -0.00223301
1 1.95041 17.5563 -0.0589117 -0.0101714
1 3.05391 17.5583 -0.0849689 -0.0189936
1 4.15809 17.5607 -0.0686613 -0.0284381
1 5.26621 17.5631 -0.0426108 -0.0250382
1 6.37508 17.5642 -0.0344458 -0.0172815
1 7.48212 17.5633 -0.0399623 -0.00699046
1 8.58737 17.5601 -0.0280128 0.00127212
1 9.69192 17.5564 -0.0140743 0.000621302
1 10.7961 17.5535 -0.0122169 -0.00263118
1 11.8998 17.5505 -0.0151652 0.002974
1 13.0049 17.5466 -0.0137231 0.0113691
1 14.1109 17.5425 -0.0074678 0.0101065
1 15.2161 17.5394 -0.00344682 0.000789325
1 16.3202 17.538 0.00650326 -0.0105619
1 17.4243 17.5382 0.00390682 -0.0171801
1 18.5289 17.5391 0.00388943 -0.0188374
1 19.6329 17.5402 0.0117484 -0.0174597
1 20.738 17.5409 0.00532082 -0.016339
1 21.8433 17.5413 -0.00402625 -0.0171435
1 22.9484 17.5412 -0.00331919 -0.0173741
1 24.0545 17.5406 -0.00213305 -0.0176234
1 25.1596 17.5396 -0.000792681 -0.0187924
1 26.2637 17.5384 -0.00746898 -0.018564
1 27.3676 17.5377 -0.0161574 -0.0146274
1 28.4714 17.5383 -0.00264098 -0.00526259
1 29.5762 17.5406 0.00368807 0.00629319
1 30.6817 17.5443 0.00682008 0.0112373
1 31.7875 17.5485 0.0208876 0.0082065
1 32.892 17.552 0.0148712 0.000731978
1 33.9956 17.5549 0.0120602 -0.0014131
1 35.1002 17.5581 0.0231001 0.000836992
1 36.2051 17.5618 0.0378871 -0.00195912
1 37.3109 17.564 0.0384643 -0.0123475
1 38.419 17.5637 0.0379305 -0.022374
1 39.5281 17.5619 0.0554275 -0.0273593
1 40.6339 17.5594 0.0812926 -0.0249129
1 41.7367 17.5574 0.075989 -0.0154428
1 42.8425 17.5552 0.0326347 -0.00852503
1 43.9619 17.5531 -0.00518988 -0.00148048
1 0.277348 18.5095 -0.0123351 -0.00801732
1 1.39572 18.5105 -0.0399157 -0.0102027
1 2.50067 18.5119 -0.0802412 -0.0129125
1 3.60293 18.5129 -0.0834537 -0.01775
1 4.70836 18.5143 -0.0603084 -0.0249772
1 5.81749 18.5166 -0.0475442 -0.025705
1 6.9264 18.5178 -0.0506972 -0.0162793
1 8.03291 18.5167 -0.0445538 -0.00563288
1 9.13787 18.5141 -0.0269771 -0.00325465
1 10.2425 18.5116 -0.0171373 0.000491554
1 11.3466 18.5085 -0.0207527 0.00929891
1 12.4516 18.5045 -0.0222 0.0157615
1 13.5575 18.5003 -0.00553076 0.0142333
1 14.6627 18.4972 -0.00384674 0.00581938
1 15.7672 18.4957 -0.00102958 -0.0034993
1 16.8712 18.4957 0.00869813 -0.00936785
1 17.9755 18.4962 0.000974041 -0.0112185
1 19.0799 18.4969 -0.00307728 -0.0114299
1 20.1852 18.4975 -0.000317419 -0.0109539
1 21.2912 18.4978 0.000821972 -0.0110933
1 22.3962 18.4979 0.00377992 -0.0112561
1 23.5017 18.4977 -0.00283405 -0.0108562
1 24.6071 18.4972 -0.00730616 -0.0114471
1 25.7116 18.4965 0.0034382 -0.0123975
1 26.8166 18.4958 0.00253053 -0.0119013
1 27.921 18.4954 -0.00415053 -0.00758289
1 29.0249 18.4961 0.0031905 0.001141
1 30.1297 18.4984 0.00564041 0.0112578
1 31.2355 18.5022 0.0147958 0.0173008
1 32.3411 18.5065 0.0208821 0.0131212
1 33.4456 18.5101 0.0166409 0.00421892
1 34.5499 18.5129 0.0164146 -0.00185106
1 35.6543 18.5155 0.0314481 -0.0044299
1 36.7599 18.5176 0.0504473 -0.0117391
1 37.8676 18.5175 0.0464292 -0.0228415
1 38.977 18.5154 0.0507737 -0.026232
1 40.0849 18.5134 0.0754259 -0.0220683
1 41.1881 18.5123 0.0895325 -0.015265
1 42.2913 18.5113 0.0616208 -0.0112985
1 43.4008 18.51 0.0166261 -0.00654747
1 0.838664 19.4665 -0.03052 -0.00867745
1 1.94743 19.467 -0.0696181 -0.00750272
1 3.0499 19.4674 -0.0929242 -0.0091901
1 4.15285 19.4673 -0.0761371 -0.0130626
1 5.25997 19.4684 -0.0543309 -0.0227499
1 6.36924 19.4707 -0.0529548 -0.025371
1 7.47746 19.4719 -0.0563778 -0.0201981
1 8.58334 19.4715 -0.0363272 -0.0117573
1 9.68817 19.4699 -0.0226314 -0.00164745
1 10.7933 19.4671 -0.0249942 0.00953012
1 11.8983 19.463 -0.0244277 0.0171923
1 13.004 19.4588 -0.0160979 0.0158974
1 14.1098 19.4556 -0.00801644 0.00738854
1 15.2147 19.454 -0.00822887 -0.000890896
1 16.3188 19.4537 -0.00352034 -0.00623335
1 17.4234 19.454 -0.00836968 -0.00897508
1 18.5286 19.4544 -0.00693917 -0.0104893
1 19.633 19.4548 0.00476521 -0.0109888
1 20.7382 19.4551 0.00110785 -0.0108702
1 21.8434 19.4552 -0.00500213 -0.0107752
1 22.9483 19.4551 -6.35224e-05 -0.0103159
1 24.0542 19.4549 0.00313786 -0.0106089
1 25.1596 19.4545 0.00722511 -0.0113101
1 26.2644 19.4541 0.00446687 -0.0112052
1 27.369 19.4537 -0.00281647 -0.00901032
1 28.4732 19.4536 0.00616696 -0.00422104
1 29.5776 19.4545 0.00444077 0.00371894
1 30.6825 19.4568 0.00562685 0.0125044
1 31.7885 19.4606 0.0256711 0.018579
1 32.8941 19.4651 0.0264849 0.0158291
1 33.999 19.4687 0.023191 0.00383477
1 35.1041 19.4709 0.0296189 -0.00820234
1 36.2094 19.4719 0.0496126 -0.0164149
1 37.3163 19.4716 0.0581865 -0.0231733
1 38.4256 19.4696 0.0549052 -0.0261967
1 39.5344 19.4676 0.0627301 -0.0191006
1 40.639 19.4673 0.0886938 -0.00812158
1 41.7409 19.4672 0.0853827 -0.00657835
1 42.8459 19.4669 0.0445134 -0.00662726
1 43.9641 19.466 0.0200843 -0.0139889
1 0.275512 20.423 -0.0238097 -0.0158418
1 1.39382 20.423 -0.0563362 -0.00633607
1 2.4984 20.4224 -0.0945853 -0.00289839
1 3.6001 20.4217 -0.0944878 -0.00195309
1 4.70408 20.4212 -0.0663497 -0.0108445
1 5.81182 20.4224 -0.058035 -0.0217664
1 6.92068 20.4247 -0.0639984 -0.0268446
1 8.02764 20.4265 -0.0560255 -0.0218534
1 9.13351 20.4268 -0.0404922 -0.00864016
1 10.2399 20.4249 -0.0333494 0.00902237
1 11.3457 20.4211 -0.0341172 0.0202971
1 12.4516 20.417 -0.0298452 0.0196367
1 13.5577 20.4139 -0.0107539 0.0116534
1 14.6627 20.4121 -0.00980576 0.00367847
1 15.7673 20.4115 -0.00932932 -0.00141757
1 16.8715 20.4116 -0.000101732 -0.00485791
1 17.9759 20.4119 -0.00621612 -0.00693244
1 19.0804 20.4122 -0.00745481 -0.00800036
1 20.1856 20.4124 -0.00232067 -0.00819093
1 21.2914 20.4125 9.27217e-05 -0.00800981
1 22.3961 20.4124 0.00460948 -0.00788511
1 23.5012 20.4124 -0.0017922 -0.0078793
1 24.6065 20.4122 -0.00542247 -0.00812711
1 25.7111 20.412 0.00883256 -0.00788247
1 26.8163 20.4118 0.0115519 -0.00685541
1 27.9211 20.4115 0.00694478 -0.00429943
1 29.0251 20.4116 0.012369 0.000252453
1 30.1298 20.4126 0.0108701 0.00742186
1 31.2355 20.4151 0.0187627 0.0168117
1 32.3415 20.4188 0.0293966 0.0214837
1 33.4473 20.423 0.0320154 0.0168133
1 34.5536 20.4262 0.0319445 0.00256238
1 35.6595 20.4271 0.0437363 -0.0163096
1 36.7658 20.4259 0.0612589 -0.0265147
1 37.8737 20.4235 0.0561389 -0.0253983
1 38.9825 20.4216 0.0532594 -0.0150426
1 40.0885 20.4214 0.0767849 -0.00379825
1 41.1908 20.4223 0.0973226 -0.00165413
1 42.2932 20.4227 0.0715816 -0.0050081
1 43.4024 20.4231 0.0328557 -0.0141164
1 0.838025 21.379 -0.0425276 -0.0172778
1 1.94725 21.3781 -0.0791347 -0.00686025
1 3.0493 21.3768 -0.100168 -0.0012343
1 4.15114 21.3758 -0.0757319 -0.00364128
1 5.25624 21.3753 -0.0517367 -0.00976482
1 6.36355 21.3764 -0.0565402 -0.0238381
1 7.47116 21.3792 -0.0655587 -0.0304118
1 8.57798 21.3811 -0.0538519 -0.0190773
1 9.68529 21.3808 -0.0444621 0.000641353
1 10.7929 21.378 -0.0431615 0.0144719
1 11.8993 21.3744 -0.0354223 0.0177553
1 13.0055 21.3715 -0.0225748 0.0126259
1 14.1111 21.3697 -0.0127436 0.00504769
1 15.2157 21.369 -0.0123154 -0.000451669
1 16.3197 21.3689 -0.00735043 -0.00347383
1 17.4242 21.3691 -0.0119514 -0.0049882
1 18.5293 21.3693 -0.0096062 -0.0053622
1 19.6335 21.3694 0.00405258 -0.00558424
1 20.7385 21.3695 0.00124739 -0.00590161
1 21.8434 21.3695 -0.00475282 -0.0060499
1 22.948 21.3694 0.000136928 -0.00606274
1 24.0538 21.3694 0.00289619 -0.00612304
1 25.1591 21.3693 0.00808654 -0.00557217
1 26.2637 21.3692 0.00720321 -0.00519413
1 27.3681 21.369 0.00148685 -0.00422866
1 28.4722 21.3688 0.0118942 -0.00246441
1 29.5765 21.3691 0.0104469 0.00117881
1 30.6813 21.3702 0.0121228 0.00794634
1 31.7874 21.3726 0.0338405 0.0157126
1 32.8938 21.376 0.0402608 0.0184292
1 34.0007 21.3795 0.0436356 0.00987822
1 35.1085 21.3813 0.0498743 -0.00813992
1 36.2157 21.3805 0.0621318 -0.0252658
1 37.3227 21.3779 0.0633825 -0.0291175
1 38.4305 21.3756 0.0539648 -0.0160886
1 39.5372 21.3754 0.0634779 -0.00519912
1 40.6405 21.3763 0.0983775 -0.00222872
1 41.7423 21.3774 0.100164 -0.0048417
1 42.8475 21.3785 0.0594353 -0.0136392
1 43.967 21.3793 0.0218398 -0.0205729
1 0.272819 22.3339 -0.0192269 -0.017188
1 1.3932 22.3334 -0.0606302 -0.0103221
1 2.4985 22.3326 -0.100687 -0.000706673
1 3.59998 22.3315 -0.0963818 0.00073401
1 4.70284 22.3308 -0.0627271 0.000353663
1 5.80834 22.3303 -0.0501115 -0.0068101
1 6.91493 22.3318 -0.0629167 -0.0210761
1 8.02181 22.3342 -0.0706502 -0.0191244
1 9.1301 22.335 -0.0646222 -0.00639176
1 10.2395 22.3338 -0.0543392 0.00726882
1 11.3473 22.3314 -0.0468198 0.013082
1 12.4537 22.3291 -0.0356898 0.0112955
1 13.5597 22.3276 -0.0134315 0.00574653
1 14.6642 22.3269 -0.0109948 0.000783989
1 15.7684 22.3268 -0.0100062 -0.00208263
1 16.8724 22.3269 -0.000166507 -0.00344721
1 17.9766 22.3271 -0.00640383 -0.00350393
1 19.0809 22.3271 -0.0077369 -0.00346789
1 20.1858 22.3271 -0.00253247 -0.00395142
1 21.2915 22.3271 -0.000382392 -0.00441488
1 22.3961 22.3271 0.00462578 -0.00457357
1 23.5011 22.3271 -0.00169476 -0.00434416
1 24.6062 22.3271 -0.00517642 -0.00371421
1 25.7106 22.3271 0.00952 -0.00328116
1 26.8155 22.327 0.0116169 -0.00325797
1 27.9199 22.3268 0.00674451 -0.00288335
1 29.0237 22.3267 0.0134542 -0.00140884
1 30.1281 22.3271 0.0137482 0.00188462
1 31.2335 22.3281 0.0241713 0.00752255
1 32.3397 22.33 0.0392833 0.0119732
1 33.4467 22.3325 0.0497061 0.0110901
1 34.5555 22.3345 0.0553821 0.00240652
1 35.6643 22.3348 0.0642627 -0.0126638
1 36.7719 22.3331 0.0688065 -0.0213781
1 37.8786 22.3308 0.0510101 -0.0142185
1 38.9848 22.3304 0.049169 -0.00156859
1 40.0892 22.3311 0.0784885 -0.00114811
1 41.1907 22.3317 0.103909 -4.03899e-05
1 42.2932 22.3329 0.0835519 -0.00590066
1 43.4031 22.3338 0.0438433 -0.0129025
1 0.837312 23.2873 -0.0443957 -0.00288631
1 1.94699 23.2871 -0.0868187 0.000604421
1 3.04946 23.2867 -0.106075 0.00283081
1 4.15097 23.2864 -0.0792993 0.00247958
1 5.25516 23.286 -0.0467988 0.00229086
1 6.36027 23.2861 -0.0470531 -0.00389115
1 7.46644 23.2871 -0.0697877 -0.00699971
1 8.5745 23.2878 -0.0729202 -0.00304748
1 9.68445 23.2877 -0.0638989 0.00327613
1 10.794 23.2869 -0.0548881 0.00663797
1 11.9012 23.286 -0.0398116 0.00669339
1 13.0072 23.2853 -0.0238183 0.00482761
1 14.1125 23.285 -0.0133545 0.00253518
1 15.2167 23.2849 -0.0125247 0.000710322
1 16.3204 23.2849 -0.00654076 -0.000133411
1 17.4247 23.2849 -0.0108652 -0.000406039
1 18.5295 23.2849 -0.00920951 -0.000396692
1 19.6337 23.2849 0.00390666 -0.000564961
1 20.7385 23.2849 0.000625167 -0.000847039
1 21.8434 23.2849 -0.00512554 -0.00101411
1 22.948 23.2849 0.000635316 -0.000830794
1 24.0538 23.285 0.00349894 -0.000590712
1 25.1589 23.285 0.00819014 -0.00025287
1 26.2633 23.2849 0.00654358 -0.00026069
1 27.3674 23.2848 -1.47818e-05 -7.00593e-05
1 28.4713 23.2848 0.010587 0.000213357
1 29.5753 23.2848 0.0100143 0.00108182
1 30.6797 23.285 0.0130403 0.00289915
1 31.7855 23.2855 0.0371721 0.00476239
1 32.8922 23.2863 0.0494404 0.00564268
1 34.0004 23.2871 0.0607159 0.00401261
1 35.1107 23.2876 0.0710624 -0.000601644
1 36.2199 23.2872 0.0753079 -0.00491348
1 37.3269 23.2864 0.0601406 -0.00513141
1 38.4326 23.2859 0.0454892 0.000723592
1 39.5377 23.2861 0.0585051 0.00355255
1 40.6402 23.2863 0.093113 0.002154
1 41.7413 23.2867 0.100116 0.00205601
1 42.847 23.287 0.0597299 -0.00294121
1 43.9685 23.2872 0.0164836 -0.00733724
1 0.272099 24.2401 -0.0174657 0.0068978
1 1.39332 24.2403 -0.0611598 0.00266323
1 2.4989 24.2405 -0.098957 -0.00187518
1 3.60005 24.2408 -0.092071 -0.00235654
1 4.70262 24.2409 -0.0602528 -0.00349322
1 5.80742 24.2412 -0.0464366 -0.00096787
1 6.91314 24.2408 -0.0620161 0.00532333
1 8.0201 24.2398 -0.075699 0.00509254
1 9.12928 24.2395 -0.0719461 0.000565044
1 10.2396 24.2399 -0.0596631 -0.0036966
1 11.3478 24.2407 -0.0492742 -0.00552041
1 12.4544 24.2415 -0.0365382 -0.0049026
1 13.5603 24.242 -0.0140425 -0.00309432
1 14.6647 24.2422 -0.0114377 -0.00128484
1 15.7687 24.2422 -0.00998571 -0.00030732
1 16.8725 24.2422 0.000575357 7.99831e-05
1 17.9767 24.2421 -0.00567964 0.000179087
1 19.0809 24.242 -0.00745348 0.000167794
1 20.1859 24.242 -0.00261894 0.000566229
1 21.2915 24.242 -0.000633957 0.000799359
1 22.3961 24.2421 0.00470335 0.000961524
1 23.5011 24.2421 -0.00137109 0.000761737
1 24.6062 24.2421 -0.0050671 0.000469307
1 25.7104 24.2421 0.00916945 0.000362775
1 26.8153 24.2421 0.0108721 0.000356639
1 27.9197 24.2421 0.00579712 5.23703e-05
1 29.0233 24.2421 0.0127459 -0.000805641
1 30.1276 24.2421 0.0133177 -0.00263811
1 31.2328 24.2417 0.0241116 -0.00501633
1 32.3389 24.241 0.0405913 -0.00678287
1 33.4461 24.2401 0.0541426 -0.0065568
1 34.5555 24.2394 0.063141 -0.0032221
1 35.6653 24.2393 0.0726086 0.00303347
1 36.7734 24.24 0.0723559 0.007421
1 37.8796 24.241 0.0485879 0.0039361
1 38.9849 24.2411 0.0485482 -0.0024555
1 40.0891 24.2407 0.0814782 -0.00237465
1 41.1904 24.2405 0.106105 -0.00264427
1 42.2931 24.2401 0.0854201 -0.000359326
1 43.4031 24.24 0.0407605 0.00299408
1 0.837233 25.1936 -0.0463079 0.012378
1 1.94693 25.1944 -0.0848033 0.00470921
1 3.04924 25.1955 -0.103117 -0.00101304
1 4.15085 25.1961 -0.0764775 -7.52117e-05
1 5.25523 25.1969 -0.0479797 0.0002529
1 6.3612 25.1964 -0.0508038 0.013083
1 7.46801 25.1941 -0.0675723 0.0204527
1 8.57561 25.1924 -0.0646239 0.0111872
1 9.68456 25.1927 -0.0555596 -0.00359519
1 10.7934 25.1947 -0.0506379 -0.0118122
1 11.9004 25.1971 -0.0385577 -0.0129283
1 13.0065 25.199 -0.0238607 -0.00869847
1 14.1119 25.2 -0.0136018 -0.00319832
1 15.2163 25.2004 -0.0128678 0.000114542
1 16.3201 25.2003 -0.00725019 0.00174015
1 17.4245 25.2001 -0.0115121 0.00218834
1 18.5294 25.2 -0.00932309 0.00217232
1 19.6336 25.2 0.00419712 0.00261261
1 20.7386 25.2 0.000980794 0.00328757
1 21.8434 25.2 -0.00510061 0.00353084
1 22.9481 25.2 0.000310014 0.00335052
1 24.0538 25.2 0.00331881 0.00284332
1 25.1589 25.2 0.00836136 0.00248485
1 26.2634 25.2001 0.00701897 0.00258864
1 27.3676 25.2002 0.000514972 0.00233613
1 28.4716 25.2003 0.0105413 0.00087653
1 29.5758 25.2002 0.00953425 -0.00189136
1 30.6803 25.1995 0.0125109 -0.00686472
1 31.7862 25.198 0.0363335 -0.0125454
1 32.8928 25.1958 0.0468691 -0.0142172
1 34.0005 25.1934 0.0548728 -0.00838838
1 35.1097 25.1921 0.0630953 0.00470332
1 36.2181 25.193 0.0708297 0.0180715
1 37.3251 25.1953 0.0625442 0.0200524
1 38.4317 25.197 0.0504246 0.00617335
1 39.5374 25.1965 0.0615355 -0.00196358
1 40.6402 25.1958 0.0973791 -0.00105033
1 41.7416 25.1947 0.101434 -0.000238007
1 42.847 25.1939 0.0594351 0.0101726
1 43.9676 25.1935 0.0189862 0.0175568
1 0.273582 26.1482 -0.0222335 0.0206978
1 1.39285 26.1489 -0.0610979 0.0136514
1 2.49783 26.1498 -0.0997847 0.00411692
1 3.59964 26.151 -0.0971615 0.000954325
1 4.70295 26.1519 -0.0642467 0.00480058
1 5.80949 26.1517 -0.0542521 0.0152888
1 6.91731 26.1495 -0.063743 0.0280295
1 8.02423 26.1469 -0.0624161 0.024168
1 9.13134 26.146 -0.051566 0.00747927
1 10.2393 26.1478 -0.0434546 -0.0108106
1 11.3463 26.1513 -0.0404668 -0.0191014
1 12.4526 26.1547 -0.0330726 -0.0163606
1 13.5587 26.157 -0.0127938 -0.00882335
1 14.6634 26.1582 -0.0115121 -0.00214056
1 15.7678 26.1584 -0.011013 0.00146939
1 16.8718 26.1582 -0.00106015 0.00329488
1 17.9762 26.158 -0.00655307 0.00417185
1 19.0807 26.1579 -0.00721974 0.00458149
1 20.1858 26.1578 -0.0019873 0.00513011
1 21.2915 26.1578 -6.97187e-05 0.00516331
1 22.3961 26.1578 0.0042947 0.00525723
1 23.5012 26.1578 -0.00204401 0.00503214
1 24.6063 26.1578 -0.0052273 0.0046859
1 25.7107 26.1579 0.00963099 0.00446623
1 26.8158 26.1581 0.0118887 0.00419309
1 27.9204 26.1584 0.00668214 0.00258891
1 29.0243 26.1583 0.0127293 -0.000367926
1 30.129 26.1576 0.0126411 -0.00580322
1 31.2346 26.1558 0.0226564 -0.013386
1 32.3407 26.1529 0.036112 -0.0185003
1 33.4472 26.1493 0.042454 -0.0156122
1 34.5547 26.1465 0.044274 -0.00204064
1 35.6619 26.1461 0.0541743 0.018392
1 36.7687 26.148 0.0667576 0.0294471
1 37.8762 26.1509 0.0571443 0.023331
1 38.9839 26.1521 0.0530319 0.00889356
1 40.0889 26.1516 0.0775394 0.00293041
1 41.1906 26.1506 0.101037 0.0007285
1 42.2928 26.1493 0.0782471 0.00724392
1 43.4022 26.1483 0.0408768 0.0173163
1 0.837982 27.1044 -0.0364816 0.013689
1 1.94692 27.1045 -0.072966 0.00403286
1 3.04914 27.1049 -0.0959904 0.00167492
1 4.15148 27.1057 -0.0751798 0.00449343
1 5.25755 27.1056 -0.0521706 0.0157376
1 6.36606 27.1036 -0.0562785 0.0257109
1 7.4742 27.1013 -0.0599031 0.0264949
1 8.58047 27.1001 -0.043611 0.0158671
1 9.68644 27.1011 -0.031499 -0.00210291
1 10.7928 27.1042 -0.0325083 -0.0164395
1 11.8986 27.1083 -0.0285829 -0.0213186
1 13.0045 27.1121 -0.0185221 -0.0165541
1 14.1102 27.1145 -0.0108283 -0.00723695
1 15.2149 27.1156 -0.0117186 -0.000193679
1 16.319 27.1157 -0.00735654 0.00446765
1 17.4237 27.1154 -0.0114205 0.00693959
1 18.5289 27.1152 -0.00855217 0.00816091
1 19.6333 27.115 0.00450263 0.00840335
1 20.7384 27.1148 0.00119207 0.00815703
1 21.8434 27.1147 -0.00500326 0.00821368
1 22.9481 27.1147 -0.000208616 0.00841029
1 24.054 27.1148 0.00303461 0.00849089
1 25.1593 27.115 0.00819787 0.00824614
1 26.264 27.1153 0.0066772 0.00715211
1 27.3686 27.1156 0.000256617 0.0051645
1 28.4727 27.1157 0.0098486 0.0017821
1 29.5773 27.1151 0.00830627 -0.00346374
1 30.6823 27.1134 0.00973565 -0.0114331
1 31.7883 27.1102 0.0305576 -0.0194863
1 32.8944 27.1061 0.033875 -0.0202018
1 34.0002 27.1023 0.0329937 -0.00906485
1 35.1063 27.1004 0.0389903 0.00850712
1 36.2122 27.1006 0.0556173 0.0221371
1 37.3192 27.1023 0.0639279 0.0271446
1 38.4282 27.1047 0.0583832 0.0223664
1 39.5361 27.1061 0.065787 0.0112342
1 40.64 27.1056 0.0957683 0.00212246
1 41.7417 27.1049 0.0952771 0.00313046
1 42.8465 27.1043 0.0553696 0.00606603
1 43.9651 27.1041 0.0244033 0.0152529
1 0.276511 28.0616 -0.0219151 0.0123276
1 1.39452 28.0605 -0.0467391 0.0052319
1 2.49918 28.06 -0.0853458 0.00581816
1 3.60106 28.06 -0.0868487 0.00814487
1 4.70574 28.0597 -0.0636524 0.0196108
1 5.81443 28.0576 -0.0546374 0.0265126
1 6.92367 28.0557 -0.0586551 0.0229624
1 8.03048 28.0554 -0.0491937 0.0157398
1 9.13569 28.0564 -0.0310918 0.00791908
1 10.241 28.0586 -0.0235685 -0.00409672
1 11.346 28.0622 -0.0267031 -0.0159655
1 12.4515 28.0666 -0.0247341 -0.0186365
1 13.5575 28.0704 -0.00641229 -0.0129337
1 14.6624 28.0727 -0.00561018 -0.00426109
1 15.7668 28.0736 -0.00523121 0.00363316
1 16.8709 28.0735 0.00335667 0.00842183
1 17.9755 28.0731 -0.00379921 0.0106221
1 19.0801 28.0727 -0.00644924 0.0108273
1 20.1854 28.0724 -0.00234206 0.0102651
1 21.2913 28.0721 0.000112692 0.00995348
1 22.3961 28.0721 0.00453397 0.0104594
1 23.5014 28.0722 -0.00182337 0.010481
1 24.6067 28.0725 -0.00592612 0.0105201
1 25.7114 28.0729 0.00698565 0.00987429
1 26.8166 28.0733 0.00856443 0.00849096
1 27.9213 28.0736 0.00297989 0.00583202
1 29.0254 28.0733 0.00848281 0.000568508
1 30.1302 28.0717 0.00777734 -0.00790287
1 31.236 28.0685 0.0159701 -0.0161392
1 32.3418 28.0643 0.0247601 -0.0174914
1 33.4468 28.0603 0.0241534 -0.0101549
1 34.5518 28.0574 0.0231903 0.00100765
1 35.6566 28.0557 0.0369613 0.0119585
1 36.7624 28.0553 0.0572029 0.0202357
1 37.8705 28.0565 0.0540292 0.0256729
1 38.98 28.0588 0.0553681 0.023275
1 40.0872 28.06 0.0786211 0.0127724
1 41.19 28.0601 0.0943664 0.00910196
1 42.2927 28.0605 0.0682891 0.00769232
1 43.4018 28.0607 0.0267054 0.00793482
1 0.839654 29.0174 -0.0200875 0.00583857
1 1.94882 29.016 -0.0625219 0.0102335
1 3.05174 29.015 -0.0881482 0.0149809
1 4.15519 29.0139 -0.0734812 0.022838
1 5.26305 29.0119 -0.0503762 0.0267999
1 6.37228 29.0099 -0.0454891 0.022629
1 7.48007 29.0098 -0.0490393 0.0117113
1 8.58566 29.0119 -0.0307133 0.00466503
1 9.69009 29.0145 -0.0160276 0.00239513
1 10.7945 29.0172 -0.017661 -0.00373233
1 11.8989 29.0208 -0.0205939 -0.0128156
1 13.0045 29.0251 -0.0147359 -0.0172486
1 14.1103 29.0289 -0.00570314 -0.0112433
1 15.2151 29.0312 -0.00294616 -0.00135549
1 16.319 29.0318 0.00358765 0.00731138
1 17.4234 29.0315 -0.00233736 0.011651
1 18.5284 29.0308 -0.00338906 0.012218
1 19.6327 29.0301 0.00604386 0.011299
1 20.738 29.0296 0.00205503 0.0107347
1 21.8433 29.0294 -0.00426495 0.0111024
1 22.9484 29.0295 -0.000687362 0.0109491
1 24.0544 29.0298 0.00132595 0.0107706
1 25.1598 29.0304 0.00388848 0.0112966
1 26.2645 29.0311 -0.00030553 0.010986
1 27.3689 29.0316 -0.00808587 0.00921883
1 28.4728 29.0316 0.00184378 0.00331972
1 29.5774 29.0302 0.0025584 -0.00584612
1 30.6825 29.0271 0.00446228 -0.0138167
1 31.7884 29.0229 0.0229279 -0.0157334
1 32.8935 29.0189 0.020528 -0.00959523
1 33.9975 29.0158 0.0166346 -0.000427054
1 35.1019 29.0132 0.0256474 0.00356176
1 36.2069 29.0107 0.0449188 0.00638782
1 37.3135 29.0094 0.0504132 0.0164859
1 38.4224 29.0107 0.0478372 0.0260259
1 39.5317 29.013 0.0604148 0.0255454
1 40.6371 29.0146 0.0854387 0.0182041
1 41.7394 29.0156 0.0799569 0.0130433
1 42.8448 29.0168 0.0384157 0.0105457
1 43.9634 29.0176 0.0118062 0.00750966
1 0.278803 29.9742 0.00399764 0.00160818
1 1.39798 29.972 -0.0341833 0.00792393
1 2.5034 29.9698 -0.0763728 0.0153192
1 3.6062 29.9678 -0.0800624 0.0257346
1 4.71208 29.9653 -0.0549713 0.0280761
1 5.82104 29.9635 -0.037265 0.0225296
1 6.92904 29.9633 -0.0377582 0.0128193
1 8.03476 29.9655 -0.0372874 0.00239795
1 9.13963 29.9692 -0.0243014 0.000372446
1 10.2444 29.9724 -0.0126909 0.00276008
1 11.3481 29.9753 -0.0156253 0.000770507
1 12.4525 29.9788 -0.0205301 -0.00699312
1 13.5583 29.9829 -0.00801258 -0.0102896
1 14.6638 29.9866 -0.00495577 -0.0050339
1 15.7686 29.9889 0.00338686 0.00654097
1 16.8724 29.9895 0.0166316 0.0156416
1 17.9762 29.9888 0.00836586 0.0196204
1 19.0801 29.9876 0.00194076 0.019981
1 20.1851 29.9866 0.00303616 0.0188466
1 21.291 29.9861 0.00323751 0.0183292
1 22.3962 29.9859 0.0034676 0.0181434
1 23.5017 29.9863 -0.00602028 0.0173634
1 24.607 29.9871 -0.0129452 0.0183866
1 25.7111 29.9881 -0.00370497 0.0198299
1 26.8157 29.9891 -0.00356845 0.0181795
1 27.92 29.9892 -0.0069554 0.0116194
1 29.024 29.9879 0.00364737 0.00045443
1 30.1293 29.9848 0.00729994 -0.00888384
1 31.2352 29.9807 0.0136762 -0.0100467
1 32.3403 29.9768 0.015507 -0.00190131
1 33.444 29.9739 0.0114929 0.00348353
1 34.5481 29.9709 0.0147752 0.000245608
1 35.6526 29.9672 0.0286848 -0.000145604
1 36.7578 29.964 0.041109 0.00755696
1 37.8646 29.963 0.0348909 0.0182347
1 38.9737 29.9642 0.0432951 0.0255897
1 40.0818 29.9666 0.0713818 0.0290643
1 41.1858 29.9691 0.0868481 0.0202091
1 42.2897 29.971 0.0585438 0.010951
1 43.3999 29.973 0.0154869 0.00146362
1 0.843832 30.9281 -0.0189775 0.0017904
1 1.95397 30.9256 -0.0566452 0.0154429
1 3.0578 30.923 -0.081294 0.0288106
1 4.16219 30.9198 -0.0611793 0.0345391
1 5.26972 30.9177 -0.0314038 0.0234071
1 6.37783 30.9178 -0.0224428 0.0128125
1 7.48395 30.9197 -0.0288771 0.00719405
1 8.58861 30.9233 -0.0224673 -0.000265048
1 9.69341 30.9275 -0.0137143 -0.00116046
1 10.798 30.9311 -0.00975264 0.00524761
1 11.9015 30.9339 -0.0100707 0.00502802
1 13.0059 30.9371 -0.0105772 -0.00301813
1 14.1117 30.9411 -0.00860784 -0.00669251
1 15.2175 30.9449 -0.00633967 -0.00118437
1 16.3223 30.9473 0.00696226 0.0093265
1 17.4265 30.9477 0.00890635 0.0186256
1 18.5304 30.9466 0.011605 0.0235265
1 19.6337 30.9451 0.0194451 0.0240532
1 20.7383 30.9439 0.0105551 0.0224625
1 21.8434 30.9433 -0.00320433 0.021167
1 22.9482 30.9435 -0.00713167 0.0206468
1 24.0538 30.9444 -0.00878834 0.0219657
1 25.1583 30.9457 -0.00856145 0.0241421
1 26.262 30.9471 -0.013159 0.0222171
1 27.3659 30.9475 -0.017197 0.0147461
1 28.4701 30.9461 0.000357098 0.00287753
1 29.5756 30.9429 0.00663131 -0.00601687
1 30.6813 30.9389 0.00444403 -0.00458414
1 31.7864 30.9354 0.0148722 0.00286246
1 32.8903 30.9325 0.0104308 0.00598907
1 33.994 30.9294 0.0113161 0.00173423
1 35.0989 30.9253 0.0205835 -0.00161516
1 36.2037 30.9212 0.0281448 0.00230857
1 37.3086 30.9184 0.0260938 0.00901218
1 38.4159 30.9173 0.0266432 0.0175523
1 39.5245 30.9184 0.0464653 0.0309641
1 40.6305 30.9213 0.0795131 0.0337721
1 41.7347 30.9241 0.0761636 0.0221687
1 42.8417 30.9268 0.0305396 0.0125359
1 43.9622 30.9295 -0.0160116 0.00522036
1 0.280143 31.8835 0.0133657 0.00865927
1 1.40136 31.8812 -0.0339488 0.0176061
1 2.50864 31.8781 -0.0782638 0.0274918
1 3.61326 31.8747 -0.0775407 0.0329151
1 4.71922 31.8722 -0.0387647 0.0264388
1 5.82666 31.8719 -0.0170985 0.0129896
1 6.93333 31.874 -0.0200747 0.00354984
1 8.03793 31.8775 -0.022485 0.000953236
1 9.14228 31.8815 -0.0171153 -0.000834329
1 10.2475 31.8857 -0.0102216 -0.00149003
1 11.3517 31.8893 -0.0110076 0.00438458
1 12.4554 31.8922 -0.0112758 0.00554817
1 13.5601 31.8951 -0.000110782 -0.000357993
1 14.6655 31.8989 -0.00586304 -0.00488907
1 15.7714 31.9027 -0.00372628 -0.00143047
1 16.8765 31.9052 0.0120299 0.00807704
1 17.9806 31.9056 0.0149974 0.0183607
1 19.0838 31.9044 0.0172531 0.0258162
1 20.1874 31.9027 0.017699 0.0274106
1 21.292 31.9015 0.0102905 0.0257192
1 22.3958 31.9011 -0.000278127 0.0250785
1 23.5001 31.9019 -0.0173642 0.02648
1 24.604 31.9035 -0.0269101 0.0272107
1 25.707 31.9051 -0.0149465 0.0231074
1 26.8113 31.9055 -0.00642868 0.0127729
1 27.9165 31.9039 -0.00146488 0.00174307
1 29.0219 31.9006 0.00892375 -0.00404663
1 30.1277 31.8968 0.00496688 -0.00220674
1 31.2328 31.8935 0.00414276 0.00313253
1 32.3368 31.8907 0.0070426 0.00750878
1 33.4403 31.8876 0.00792025 0.00266774
1 34.5452 31.8835 0.0118681 -0.00319313
1 35.6499 31.8792 0.0178343 -0.000303949
1 36.7542 31.8755 0.0231078 0.00331763
1 37.8598 31.8726 0.0137906 0.0072896
1 38.9671 31.8716 0.0195505 0.0190204
1 40.074 31.873 0.0540293 0.0317697
1 41.1787 31.8761 0.0798772 0.0348722
1 42.2838 31.8796 0.0540414 0.024952
1 43.3952 31.8829 0.0102737 0.0171739
1 0.847087 32.8361 -0.0178883 0.0322369
1 1.95861 32.8325 -0.0591926 0.0348909
1 3.0644 32.8287 -0.0778003 0.0408011
1 4.16927 32.8261 -0.0476134 0.0317051
1 5.27555 32.8259 -0.012633 0.0184739
1 6.38201 32.8279 -0.00678355 0.00912217
1 7.48744 32.8313 -0.0178132 0.00685815
1 8.5917 32.8351 -0.0135415 0.00601895
1 9.69634 32.8392 -0.00865836 0.00407574
1 10.8015 32.8435 -0.00849248 0.00795235
1 11.9053 32.847 -0.00815193 0.0117697
1 13.0093 32.8498 -0.00349443 0.012157
1 14.1142 32.8528 0.000330397 0.008715
1 15.2197 32.8564 -0.00516227 0.004733
1 16.3252 32.8602 -0.00367031 0.00555476
1 17.4309 32.8627 -0.00164555 0.0136262
1 18.5359 32.8634 0.0122431 0.0264494
1 19.6388 32.8626 0.0288389 0.0364901
1 20.7416 32.8611 0.0201019 0.0407586
1 21.844 32.8602 -0.000667728 0.0422533
1 22.9461 32.8605 -0.0139135 0.0428899
1 24.0496 32.8617 -0.01921 0.0398717
1 25.1531 32.863 -0.0134264 0.0310031
1 26.257 32.863 -0.00729423 0.0185819
1 27.3621 32.8613 -0.00579796 0.00929145
1 28.4676 32.858 0.00501929 0.00569309
1 29.5734 32.8543 0.000708323 0.00684434
1 30.6782 32.8511 -0.00480529 0.0125113
1 31.7824 32.8485 0.0100102 0.0142895
1 32.8864 32.8453 0.00944651 0.00945967
1 33.9908 32.8412 0.00789945 0.00466013
1 35.0959 32.837 0.0142979 0.00532051
1 36.2003 32.833 0.0201815 0.00566578
1 37.3048 32.8292 0.0145826 0.00735031
1 38.4109 32.8266 0.00879553 0.0152941
1 39.5177 32.8257 0.0305297 0.0260799
1 40.6232 32.8269 0.0696927 0.0385064
1 41.7281 32.8304 0.0747181 0.0403966
1 42.8365 32.8343 0.0322591 0.0322345
1 43.9588 32.8383 -0.0141214 0.0271302
1 0.28353 33.7911 0.00529957 0.0496833
1 1.40601 33.7866 -0.0335545 0.0482916
1 2.51497 33.7824 -0.0712379 0.0448876
1 3.61987 33.78 -0.0595031 0.0357402
1 4.72474 33.7802 -0.0222544 0.0205561
1 5.83089 33.7821 -0.00444708 0.0118899
1 6.93685 33.7853 -0.0120468 0.00631428
1 8.04144 33.7893 -0.0170169 0.00713151
1 9.14569 33.7931 -0.0122644 0.00883214
1 10.2509 33.7971 -0.00825489 0.00501168
1 11.3556 33.8013 -0.0113734 0.00704937
1 12.4598 33.8049 -0.00989564 0.013421
1 13.5642 33.8077 0.00602651 0.0131007
1 14.6691 33.8107 0.000805999 0.00883782
1 15.7744 33.8144 -0.00211263 0.00474897
1 16.8796 33.818 0.00357764 0.00685161
1 17.985 33.8207 0.00141296 0.0151846
1 19.0894 33.822 0.00488575 0.0280516
1 20.1925 33.822 0.0108878 0.0411609
1 21.2946 33.8215 0.00979253 0.0507888
1 22.3949 33.8213 0.00275989 0.0538071
1 23.4961 33.8217 -0.0139645 0.0480595
1 24.5987 33.8219 -0.0200929 0.0343291
1 25.702 33.8212 -0.00287599 0.0202026
1 26.8075 33.8191 0.00616757 0.0100855
1 27.9134 33.8159 0.00229224 0.00616686
1 29.0185 33.8123 0.00224176 0.00892648
1 30.1236 33.809 -0.00194295 0.0117374
1 31.2284 33.8063 0.00343288 0.0122114
1 32.3326 33.803 0.00908835 0.0110901
1 33.4368 33.7991 0.00693301 0.00730198
1 34.5419 33.7949 0.00721873 0.00614014
1 35.6464 33.791 0.0111714 0.00825687
1 36.7504 33.7871 0.0151088 0.00723435
1 37.8555 33.7836 0.00302952 0.0092673
1 38.9617 33.7809 0.00872709 0.014235
1 40.0674 33.7795 0.044654 0.0287077
1 41.1718 33.7807 0.0750087 0.0436832
1 42.2781 33.7842 0.0558025 0.047159
1 43.3905 33.7887 0.0140974 0.0449621
1 0.852237 34.7404 -0.0198005 0.0524957
1 1.96495 34.7356 -0.0561079 0.0485887
1 3.07081 34.7332 -0.0664472 0.0359974
1 4.17474 34.7334 -0.0376492 0.0211754
1 5.28024 34.736 -0.00622383 0.0109203
1 6.38616 34.7392 0.00148033 0.00965235
1 7.49131 34.7427 -0.0127046 0.00782897
1 8.59571 34.7468 -0.00945485 0.00755707
1 9.70017 34.7507 -0.00378897 0.00873195
1 10.8051 34.7545 -0.00705436 0.00763682
1 11.9095 34.7587 -0.0115106 0.00685032
1 13.0142 34.7624 -0.00391462 0.00984112
1 14.1192 34.7654 0.0031518 0.0130579
1 15.2242 34.7685 -0.00210752 0.00920186
1 16.3289 34.7723 -0.0037549 0.00594299
1 17.4343 34.7761 -0.00840194 0.0110954
1 18.5395 34.7794 -0.00595057 0.0231531
1 19.6424 34.7815 0.00186252 0.0374191
1 20.7443 34.7827 -0.000288106 0.0521448
1 21.8448 34.7833 -0.0036478 0.0600906
1 22.9444 34.7831 0.000155861 0.0567183
1 24.0462 34.782 0.00328981 0.0441189
1 25.1493 34.78 0.00879183 0.0294727
1 26.2535 34.7773 0.00653988 0.0176029
1 27.3587 34.7739 -0.00134436 0.00996992
1 28.4634 34.7702 0.00261905 0.00819896
1 29.5685 34.7667 -0.00262108 0.0105432
1 30.6732 34.7637 -0.00611142 0.0129447
1 31.7778 34.7606 0.0123968 0.00929302
1 32.8825 34.7565 0.0121254 0.00521054
1 33.9872 34.7523 0.0045669 0.00825716
1 35.092 34.7486 0.00796332 0.0118185
1 36.1963 34.7448 0.0152387 0.00788462
1 37.3009 34.7407 0.00889351 0.00737281
1 38.4067 34.7374 -0.000134778 0.0103954
1 39.5126 34.7344 0.0183851 0.0156572
1 40.6168 34.7329 0.055362 0.0282428
1 41.7211 34.7337 0.0668764 0.043325
1 42.8302 34.7377 0.0344672 0.0550374
1 43.9543 34.7421 0.00229745 0.055332
1 0.289425 35.6935 -0.00700513 0.0510912
1 1.41372 35.6884 -0.0354985 0.053481
1 2.52218 35.6855 -0.0584715 0.0415796
1 3.62584 35.6861 -0.0469159 0.0300434
1 4.72956 35.6888 -0.0146821 0.0205306
1 5.83532 35.6924 0.00112135 0.0157715
1 6.94111 35.6961 -0.00433613 0.0159851
1 8.04569 35.7 -0.0114011 0.0155903
1 9.15014 35.704 -0.00867798 0.0164993
1 10.2552 35.7078 -0.00322924 0.0146314
1 11.3597 35.7118 -0.0101932 0.0125481
1 12.4645 35.716 -0.0130088 0.0132796
1 13.5696 35.7199 0.00405507 0.0160053
1 14.6746 35.7232 1.82074e-05 0.0188533
1 15.7792 35.7267 -0.00432626 0.0183141
1 16.8833 35.7308 -0.00257622 0.0210041
1 17.9876 35.7354 -0.0125966 0.0309871
1 19.0905 35.7394 -0.0201849 0.0449243
1 20.1925 35.7425 -0.0162318 0.0577706
1 21.2946 35.7443 -0.00596587 0.0648503
1 22.3951 35.7447 0.00806709 0.064217
1 23.4961 35.7433 0.00992261 0.0599128
1 24.598 35.7406 0.00902135 0.0525182
1 25.7002 35.737 0.0167796 0.0402822
1 26.8044 35.7327 0.0158364 0.0252546
1 27.9092 35.7283 0.00653231 0.017723
1 29.0132 35.7246 0.00144744 0.0209213
1 30.118 35.7215 -0.00253362 0.0187122
1 31.2232 35.7179 0.00688338 0.0120613
1 32.3282 35.7136 0.0104811 0.0121195
1 33.4325 35.7096 0.00144118 0.0168046
1 34.5372 35.7059 0.00272344 0.0159727
1 35.6418 35.7018 0.0102481 0.01469
1 36.7462 35.6978 0.0124495 0.0162028
1 37.8514 35.6941 0.00193166 0.015977
1 38.9577 35.6903 0.00645971 0.0174177
1 40.0626 35.6871 0.0328309 0.0272235
1 41.1656 35.6854 0.0598685 0.0351885
1 42.2709 35.6863 0.0517982 0.0474266
1 43.3838 35.6904 0.0256016 0.0529394
1 0.861829 36.6407 -0.0261932 0.0451181
1 1.97335 36.6382 -0.0445755 0.0395395
1 3.07714 36.6387 -0.0503547 0.028622
1 4.17966 36.6415 -0.028526 0.0181224
1 5.28418 36.6451 -0.00257604 0.0130967
1 6.39005 36.6492 0.000718222 0.00952291
1 7.49573 36.6531 -0.0110202 0.0116866
1 8.60037 36.6572 -0.00737895 0.0111096
1 9.7051 36.6614 -0.00145774 0.0101827
1 10.81 36.6653 -0.00053407 0.0114924
1 11.9142 36.6692 -0.00691911 0.010455
1 13.0192 36.6736 -0.00539189 0.00960576
1 14.1248 36.6778 -0.000841911 0.0163039
1 15.2295 36.6815 -0.0062733 0.0227488
1 16.3328 36.6856 -0.0122129 0.0267531
1 17.4363 36.6907 -0.0251831 0.034614
1 18.5395 36.6962 -0.0256396 0.0460683
1 19.6406 36.7007 -0.00993553 0.0575348
1 20.7424 36.7034 -0.00534704 0.0646593
1 21.8444 36.7044 -0.00771812 0.0631968
1 22.9458 36.7039 0.0023863 0.0620753
1 24.0482 36.7018 0.0164594 0.0617603
1 25.1503 36.6982 0.0272359 0.0537503
1 26.2525 36.693 0.0225018 0.040434
1 27.3556 36.6876 0.00973023 0.031639
1 28.4585 36.6832 0.00841314 0.0253566
1 29.5627 36.6794 0.00274983 0.0184291
1 30.6679 36.6755 -0.00227406 0.0126118
1 31.773 36.6712 0.010912 0.0114717
1 32.8777 36.6671 0.00742561 0.0102894
1 33.9824 36.6632 0.00194503 0.0105069
1 35.0874 36.6592 0.00623017 0.0117149
1 36.192 36.655 0.0111139 0.0106466
1 37.2967 36.6509 0.00713426 0.00892479
1 38.4028 36.6468 0.00108127 0.0115866
1 39.5081 36.6432 0.0164007 0.0170666
1 40.6115 36.6397 0.0467214 0.0213011
1 41.7148 36.6377 0.0534094 0.0320031
1 42.8231 36.6387 0.032899 0.0423622
1 43.9481 36.6428 0.0115154 0.0441107
1 0.297369 37.593 -0.0186521 0.0361194
1 1.42121 37.5909 -0.031455 0.025239
1 2.52831 37.5916 -0.0471717 0.0116673
1 3.63072 37.5945 -0.0415637 0.00612215
1 4.73374 37.5985 -0.0165885 0.00192454
1 5.83901 37.6023 -0.00255366 -0.002261
1 6.94506 37.6067 -0.00760997 -0.00488774
1 8.05008 37.6109 -0.0114482 -0.00355824
1 9.15477 37.6151 -0.00745238 -0.0019729
1 10.26 37.6193 0.000260849 -0.00261902
1 11.3646 37.6233 -0.00284444 -5.80708e-05
1 12.4691 37.6274 -0.00685997 0.0045311
1 13.5741 37.6319 0.00161711 0.00773386
1 14.679 37.6364 -0.0105 0.0151391
1 15.7826 37.6411 -0.0160902 0.026612
1 16.8844 37.6464 -0.0137299 0.0360502
1 17.9863 37.6523 -0.0258955 0.0419968
1 19.0883 37.6577 -0.0243296 0.046266
1 20.1909 37.6615 -0.00677837 0.054016
1 21.2938 37.6631 0.000975906 0.0607716
1 22.3952 37.6631 0.00270277 0.0621473
1 23.4975 37.662 0.00217485 0.0589963
1 24.6002 37.6595 0.00723331 0.050979
1 25.7019 37.6547 0.0234239 0.043785
1 26.8043 37.6488 0.0292767 0.0391928
1 27.9068 37.6433 0.0212686 0.0312545
1 29.0092 37.6384 0.0123747 0.0214606
1 30.1134 37.634 0.00245207 0.0117711
1 31.2186 37.6294 0.00556354 0.00328482
1 32.3236 37.6249 0.0064856 0.00193704
1 33.4279 37.6211 -0.00245481 0.00140979
1 34.5328 37.6172 0.00152708 -0.00226081
1 35.6378 37.6128 0.0094445 -0.00402674
1 36.7425 37.6086 0.00882193 -0.00214895
1 37.8477 37.6045 -0.00438427 -0.00271425
1 38.9535 37.6004 0.00154199 -0.00142735
1 40.0579 37.5961 0.0278557 0.00222164
1 41.1599 37.5926 0.0453108 0.0102313
1 42.2638 37.5905 0.0365398 0.0162612
1 43.375 37.5911 0.0157027 0.032804
1 0.868531 38.5437 -0.0148671 0.0161993
1 1.97887 38.5453 -0.0347674 0.0036724
1 3.08233 38.5488 -0.0442298 0.000480111
1 4.18428 38.5529 -0.0275494 -0.00547478
1 5.28828 38.5574 -0.00220488 -0.0093671
1 6.3937 38.5617 0.00331225 -0.0128319
1 7.49931 38.5659 -0.00765603 -0.012866
1 8.60413 38.5701 -0.00752092 -0.0118665
1 9.70909 38.5744 -0.00440559 -0.0125758
1 10.8143 38.5786 -0.000941457 -0.00780619
1 11.9184 38.5826 -0.00594099 -0.00239808
1 13.023 38.587 -0.00845794 0.00151608
1 14.1274 38.5923 -0.00924082 0.0109664
1 15.2306 38.5976 -0.0220321 0.0239369
1 16.3324 38.6033 -0.0257171 0.0301187
1 17.4344 38.6093 -0.0260945 0.0329975
1 18.5371 38.6147 -0.0160954 0.0373464
1 19.6393 38.619 0.00118251 0.0438533
1 20.7422 38.6217 -0.00144025 0.0528751
1 21.8442 38.6228 -0.00816551 0.0595975
1 22.9457 38.6223 0.0011604 0.0591899
1 24.0491 38.6202 0.00827764 0.0483522
1 25.1523 38.6165 0.0154748 0.0371518
1 26.2548 38.6115 0.0209773 0.0348458
1 27.357 38.6058 0.0175015 0.0357994
1 28.458 38.6002 0.0210764 0.0282135
1 29.5605 38.5946 0.0171489 0.0156327
1 30.6648 38.5892 0.00542952 0.00506111
1 31.7692 38.5844 0.00939481 0.000876936
1 32.8735 38.5805 0.00399135 -0.00599077
1 33.9781 38.5763 0.00240532 -0.011578
1 35.0834 38.5721 0.00682021 -0.00951894
1 36.1879 38.568 0.00902234 -0.0111946
1 37.2928 38.5637 0.00581112 -0.0146655
1 38.3985 38.5594 0.00101433 -0.0112988
1 39.5037 38.5551 0.0178612 -0.00837282
1 40.6067 38.5505 0.0418695 -0.00413236
1 41.709 38.5465 0.0449949 0.00048725
1 42.8156 38.5441 0.0238583 0.00987474
1 43.9376 38.5447 0.0168266 0.0290267
1 0.307882 39.4982 -0.0135193 0.0139018
1 1.42757 39.4992 -0.0192938 -2.34297e-05
1 2.53356 39.5027 -0.0392914 -0.00493857
1 3.63577 39.5074 -0.0384439 -0.00195335
1 4.73827 39.5122 -0.0173308 -0.00448159
1 5.84315 39.5165 -0.00210918 -0.0054767
1 6.94884 39.5207 -0.00575594 -0.00436877
1 8.05401 39.5251 -0.0128384 -0.00313354
1 9.1586 39.5292 -0.00877962 0.000685547
1 10.2636 39.5334 -0.00548227 0.00221712
1 11.3681 39.5379 -0.00966216 0.00824793
1 12.4718 39.5424 -0.0178947 0.0223767
1 13.5752 39.5475 -0.0166783 0.0288327
1 14.6782 39.5538 -0.0261347 0.0353397
1 15.7804 39.5599 -0.0231089 0.0466127
1 16.8818 39.5653 -0.00851208 0.0475753
1 17.9843 39.5704 -0.0130584 0.0462775
1 19.0874 39.5753 -0.0159355 0.0551448
1 20.1906 39.5792 -0.00791479 0.0678658
1 21.2934 39.5812 -0.000714002 0.0747172
1 22.3952 39.5815 0.007712 0.0767803
1 23.498 39.5801 0.00416759 0.071683
1 24.6009 39.5767 -0.00219916 0.0607871
1 25.7033 39.5724 0.0109092 0.0520474
1 26.8066 39.5676 0.0193266 0.0475424
1 27.9092 39.5623 0.0222545 0.0457547
1 29.0107 39.5564 0.0296141 0.0412264
1 30.1134 39.5502 0.0210208 0.0343628
1 31.2166 39.5446 0.0152671 0.02455
1 32.3202 39.5398 0.0133481 0.0139588
1 33.4242 39.5354 0.00458146 0.00531707
1 34.529 39.5313 0.00481814 0.00203486
1 35.6336 39.5272 0.00837112 -0.00160803
1 36.7382 39.5228 0.00896378 -0.00422548
1 37.8435 39.5186 -0.00220348 -0.00497671
1 38.9491 39.5141 0.00727851 -0.00629093
1 40.0531 39.5094 0.0331957 -0.00245699
1 41.155 39.5049 0.0455839 -0.00282861
1 42.2586 39.5006 0.0278735 -0.00367705
1 43.3685 39.4976 0.00545831 0.00274197
1 0.874269 40.4536 0.00334106 -0.0165407
1 1.98387 40.4568 -0.0225051 -0.0107169
1 3.08719 40.4613 -0.0392557 -0.00266755
1 4.1891 40.466 -0.0292056 0.00295162
1 5.29294 40.4707 -0.00782108 0.00633395
1 6.39824 40.4749 0.00353758 0.00829431
1 7.50377 40.4787 -0.00902287 0.0118405
1 8.6086 40.4829 -0.00969091 0.015998
1 9.71286 40.4872 -0.00702523 0.0252218
1 10.817 40.4914 -0.00867757 0.0350086
1 11.9199 40.4964 -0.0214535 0.0447408
1 13.0224 40.502 -0.0285437 0.0578428
1 14.1249 40.5078 -0.0247108 0.0645914
1 15.2274 40.5137 -0.0265175 0.0648075
1 16.3301 40.5192 -0.0213106 0.0676189
1 17.4333 40.5242 -0.0141761 0.0746586
1 18.5361 40.5289 -0.00778124 0.0823625
1 19.6383 40.5335 -0.00121452 0.0901277
1 20.7415 40.5366 -0.00310299 0.0996468
1 21.8441 40.5378 -0.00580591 0.107739
1 22.9463 40.5373 -0.000713318 0.104859
1 24.0496 40.5348 0.00557065 0.0936519
1 25.1528 40.5307 0.0171206 0.0861722
1 26.2559 40.5261 0.0153229 0.0782848
1 27.3588 40.5213 0.00489107 0.0708933
1 28.4609 40.5163 0.0200147 0.0679353
1 29.5636 40.5107 0.0263683 0.0651922
1 30.666 40.5046 0.0219966 0.0607661
1 31.7681 40.4988 0.0297887 0.0523555
1 32.8711 40.4937 0.0189366 0.0381438
1 33.975 40.489 0.0104074 0.026744
1 35.0796 40.4848 0.0127267 0.0213629
1 36.184 40.4809 0.0106712 0.0147329
1 37.2888 40.4767 0.00346804 0.00828112
1 38.3944 40.4725 -0.000219202 0.00585569
1 39.4992 40.4682 0.0157628 0.00524962
1 40.6016 40.4635 0.0382456 0.000277219
1 41.704 40.4587 0.0348247 -0.00648532
1 42.8097 40.4552 0.00838179 -0.0136638
1 43.9283 40.4531 -0.000385609 -0.0130497
1 0.314839 41.4103 0.0160887 -0.0382035
1 1.43236 41.4127 0.0015088 -0.0319858
1 2.53786 41.4161 -0.0218272 -0.022316
1 3.64013 41.4204 -0.0306351 -0.0137462
1 4.74271 41.4248 -0.0136355 -0.00644569
1 5.8474 41.4286 0.00275073 -0.00260478
1 6.95295 41.4322 4.06194e-05 0.0040595
1 8.05782 41.436 -0.0118588 0.0123509
1 9.16164 41.4399 -0.0145453 0.0230162
1 10.2654 41.4443 -0.0174516 0.0358169
1 11.3683 41.4495 -0.0247748 0.0482223
1 12.4699 41.4551 -0.030195 0.0597991
1 13.5719 41.4606 -0.0231914 0.0628884
1 14.6749 41.4659 -0.0167521 0.0622938
1 15.7777 41.4709 -0.0111788 0.0678179
1 16.8803 41.4758 -0.00966728 0.0736156
1 17.9834 41.4808 -0.0143626 0.0785862
1 19.0863 41.4855 -0.0124978 0.0858997
1 20.1896 41.4894 -0.00566516 0.0966231
1 21.293 41.4916 -8.02016e-05 0.107397
1 22.3953 41.4919 0.00706125 0.10978
1 23.4986 41.4903 0.00328096 0.100107
1 24.602 41.4868 -0.00117509 0.0912745
1 25.7047 41.4827 0.00848148 0.084892
1 26.8077 41.4781 0.0134004 0.0757656
1 27.9107 41.4731 0.0171841 0.0702891
1 29.0138 41.4682 0.0215112 0.0644874
1 30.1169 41.4631 0.0179842 0.0618884
1 31.2193 41.4577 0.0288942 0.0619087
1 32.3212 41.452 0.0298803 0.0522488
1 33.4231 41.4464 0.015736 0.0409292
1 34.5263 41.4419 0.0120497 0.0291445
1 35.6301 41.4378 0.0117476 0.0157747
1 36.7344 41.434 0.00649969 0.00866517
1 37.8398 41.4304 -0.005477 0.000848276
1 38.9453 41.4265 0.00372724 -0.0054936
1 40.0488 41.4225 0.0247838 -0.010973
1 41.1508 41.4182 0.0319562 -0.0180575
1 42.2545 41.4142 0.00947468 -0.0290762
1 43.3644 41.411 -0.0156056 -0.0381967
1 0.876568 42.3702 0.0219731 -0.0540445
1 1.98643 42.3732 -0.00235527 -0.0440045
1 3.0902 42.3768 -0.0199277 -0.0333882
1 4.1922 42.3805 -0.0169796 -0.0278509
1 5.29589 42.3842 0.00361034 -0.0216559
1 6.40114 42.3877 0.0104835 -0.0155293
1 7.50631 42.391 -0.00493517 -0.00637181
1 8.60994 42.3946 -0.0142497 0.00292327
1 9.71242 42.3992 -0.0179546 0.017033
1 10.8147 42.4043 -0.0252754 0.0288627
1 11.9164 42.4098 -0.0280945 0.030521
1 13.0183 42.4151 -0.0192741 0.034194
1 14.1215 42.4194 -0.0139793 0.0374987
1 15.225 42.4239 -0.0174405 0.0375795
1 16.3279 42.4291 -0.0155026 0.0415792
1 17.4312 42.4341 -0.010955 0.0478736
1 18.5344 42.4388 -0.00423236 0.0524644
1 19.637 42.4432 0.000789218 0.0599702
1 20.7405 42.4464 -0.00194036 0.0710264
1 21.844 42.4474 -0.00555208 0.0785435
1 22.9471 42.4468 -0.00306089 0.0761607
1 24.0507 42.4444 0.00428391 0.0665279
1 25.1541 42.4405 0.0132628 0.0567585
1 26.2576 42.436 0.0107875 0.0484686
1 27.3608 42.4313 0.00726393 0.0443857
1 28.4636 42.4263 0.0168896 0.0422641
1 29.5668 42.4216 0.0105035 0.0369243
1 30.6699 42.4171 0.0104371 0.0342215
1 31.7724 42.4123 0.0287286 0.032811
1 32.8742 42.4068 0.026532 0.0296767
1 33.9759 42.4015 0.0197302 0.0229775
1 35.0786 42.3967 0.0200939 0.0081312
1 36.1817 42.3927 0.0112503 -0.00320396
1 37.286 42.3892 -0.00378915 -0.013178
1 38.3913 42.3857 -0.00627768 -0.0189852
1 39.496 42.3825 0.0111613 -0.0227387
1 40.5986 42.3786 0.0248406 -0.031048
1 41.7011 42.3747 0.0155331 -0.0396256
1 42.8073 42.3714 -0.0136339 -0.0489811
1 43.9251 42.3692 -0.0320861 -0.054974
1 0.315132 43.3295 0.0388664 -0.0620196
1 1.43298 43.3319 0.017844 -0.0607835
1 2.53916 43.3352 -0.00591511 -0.0542679
1 3.6417 43.3389 -0.0176145 -0.0461684
1 4.74426 43.3424 -0.00763194 -0.0431418
1 5.84871 43.3455 0.00544571 -0.0393042
1 6.9539 43.3491 -0.00120088 -0.0310701
1 8.05733 43.353 -0.0190565 -0.0187288
1 9.15901 43.3574 -0.0243576 -0.00967864
1 10.2606 43.3627 -0.0190349 -0.00543416
1 11.3625 43.3678 -0.0199638 -0.0037629
1 12.4649 43.3723 -0.0172 -0.0058731
1 13.568 43.3767 -0.0103629 -0.00339813
1 14.6712 43.3811 -0.0128746 0.00384028
1 15.7742 43.3855 -0.0114609 0.00343892
1 16.8774 43.3905 -0.00816111 -0.000163351
1 17.9813 43.3958 -0.0121821 0.00632944
1 19.0847 43.4005 -0.0100139 0.0152502
1 20.1883 43.4043 -0.0013361 0.0235431
1 21.2921 43.4062 0.00349114 0.0352099
1 22.3954 43.4063 0.00338436 0.0392639
1 23.4995 43.405 6.23602e-05 0.0288652
1 24.6037 43.4018 -0.000837593 0.0179503
1 25.7067 43.3975 0.00464629 0.0121115
1 26.8101 43.3929 0.0102013 0.00468543
1 27.9141 43.3879 0.0157634 0.00192532
1 29.0174 43.3833 0.0146859 0.00351419
1 30.1202 43.3789 0.0096458 5.37623e-05
1 31.2236 43.3744 0.0166889 -0.00568222
1 32.3266 43.3698 0.0206166 -0.00841089
1 33.4284 43.3649 0.0216695 -0.00356137
1 34.5303 43.36 0.0246959 -0.00467658
1 35.632 43.355 0.02238 -0.0165326
1 36.7346 43.3507 0.00871569 -0.0266894
1 37.839 43.3473 -0.0114651 -0.0344134
1 38.9438 43.3441 -0.00462837 -0.0413033
1 40.0472 43.3406 0.014366 -0.045426
1 41.1493 43.3372 0.0144703 -0.0499093
1 42.2536 43.3333 -0.00855064 -0.0580375
1 43.3639 43.3303 -0.0314158 -0.0621694
1 0.875758 44.291 0.0349282 -0.0676195
1 1.986 44.2947 0.0134032 -0.0627968
1 3.09026 44.2989 -0.0110515 -0.0592993
1 4.1923 44.3022 -0.0125732 -0.0531439
1 5.29524 44.3056 -0.000237411 -0.0478426
1 6.39932 44.3096 7.77411e-05 -0.0400329
1 7.50268 44.314 -0.0200838 -0.033027
1 8.60423 44.3188 -0.0287795 -0.0265245
1 9.7058 44.3238 -0.0198178 -0.0252962
1 10.8082 44.3283 -0.0133361 -0.0284654
1 11.9108 44.3325 -0.017058 -0.0281959
1 13.0138 44.3369 -0.017273 -0.024032
1 14.117 44.3415 -0.0127609 -0.0218438
1 15.2204 44.3456 -0.0127447 -0.0204638
1 16.3239 44.35 -0.0123173 -0.0206688
1 17.4279 44.3552 -0.0107336 -0.0218972
1 18.5319 44.3607 -0.00456524 -0.0182129
1 19.6353 44.3653 -0.00053377 -0.00624033
1 20.7394 44.3679 1.43457e-05 0.00717121
1 21.8438 44.3687 -0.00201511 0.0151243
1 22.9479 44.3681 -0.00338074 0.0124919
1 24.0523 44.3661 0.000932596 0.000358472
1 25.1561 44.3623 0.00747419 -0.0128764
1 26.2601 44.3575 0.011807 -0.0192908
1 27.3645 44.3524 0.0113712 -0.0206949
1 28.468 44.3477 0.0109635 -0.0197396
1 29.5712 44.3437 0.00991548 -0.020494
1 30.6745 44.3392 0.0126605 -0.0241977
1 31.7775 44.3343 0.0169324 -0.0275868
1 32.8802 44.3301 0.0146213 -0.0284434
1 33.9829 44.3261 0.0158753 -0.02689
1 35.0849 44.3212 0.0249398 -0.0262864
1 36.186 44.3162 0.0289589 -0.0284916
1 37.2884 44.3116 0.00889526 -0.0356012
1 38.3923 44.3077 -0.003501 -0.0445913
1 39.4963 44.3041 0.00828096 -0.0517871
1 40.5986 44.3006 0.0170614 -0.0546958
1 41.7014 44.2968 0.00192636 -0.0619065
1 42.8077 44.2928 -0.0268165 -0.0667559
1 43.926 44.29 -0.0457649 -0.067603
1 0.312794 45.25 0.0493302 -0.0697214
1 1.43111 45.2542 0.0297504 -0.0705374
1 2.53706 45.2593 0.0020888 -0.0653789
1 3.63994 45.2634 -0.0170425 -0.0581824
1 4.74169 45.2673 -0.0136512 -0.0495221
1 5.84446 45.2718 -0.00973791 -0.0423047
1 6.9474 45.2768 -0.0167858 -0.0366742
1 8.04891 45.2818 -0.0268493 -0.0353007
1 9.15102 45.2862 -0.0229095 -0.0389526
1 10.254 45.2904 -0.0100223 -0.0413298
1 11.3566 45.2946 -0.015223 -0.0368569
1 12.4593 45.2987 -0.0196367 -0.0351651
1 13.5626 45.3035 -0.0121892 -0.0381372
1 14.666 45.3079 -0.00998074 -0.031232
1 15.7692 45.3115 -0.0138555 -0.0284395
1 16.8734 45.316 -0.0128464 -0.0357168
1 17.978 45.3218 -0.00871628 -0.0369907
1 19.0821 45.3276 -0.00940989 -0.0266769
1 20.1865 45.3313 -0.00390055 -0.0106232
1 21.2913 45.3324 0.00453485 0.00341245
1 22.3957 45.3323 0.000466463 0.00615947
1 23.5009 45.3315 -0.00115078 -0.00493617
1 24.6057 45.3287 0.00370724 -0.020607
1 25.7096 45.3239 0.00653225 -0.0301342
1 26.8142 45.3186 0.0123641 -0.0341034
1 27.9189 45.3138 0.014596 -0.0324534
1 29.0222 45.3098 0.0123349 -0.0295265
1 30.1256 45.3058 0.0131411 -0.0353952
1 31.2293 45.3008 0.015873 -0.0382568
1 32.3321 45.2963 0.0182759 -0.0350283
1 33.4348 45.2924 0.0145737 -0.038344
1 34.5377 45.2884 0.0118197 -0.041306
1 35.6398 45.284 0.0222538 -0.0386699
1 36.7413 45.2792 0.0256545 -0.0349676
1 37.8436 45.2743 0.0109618 -0.0378258
1 38.9468 45.2694 0.0111786 -0.0481299
1 40.0493 45.2652 0.0222272 -0.0547179
1 41.1515 45.2615 0.0126353 -0.0608134
1 42.2559 45.2573 -0.0170582 -0.0671551
1 43.3658 45.2516 -0.0386299 -0.0685415
1 0.87191 46.2126 0.0381961 -0.0723275
1 1.98108 46.2207 0.017418 -0.0635178
1 3.08565 46.2252 -0.0194013 -0.0565751
1 4.18735 46.2299 -0.0304709 -0.0486377
1 5.28846 46.2351 -0.0225396 -0.0378861
1 6.39109 46.2406 -0.0179277 -0.0385164
1 7.49391 46.2457 -0.0181147 -0.0421287
1 8.59629 46.2494 -0.0175345 -0.0431516
1 9.69916 46.2535 -0.0149005 -0.0457069
1 10.8019 46.2582 -0.0142061 -0.0414157
1 11.9045 46.2619 -0.0170261 -0.040302
1 13.0076 46.2661 -0.0169667 -0.0426665
1 14.1113 46.2713 -0.0138035 -0.0396722
1 15.2147 46.2752 -0.0115926 -0.031878
1 16.3184 46.2781 -0.0143096 -0.0338332
1 17.4233 46.2832 -0.0138162 -0.0439625
1 18.5279 46.2901 -0.0077274 -0.0404471
1 19.6324 46.2952 -0.00783671 -0.0236675
1 20.7379 46.2971 -0.00388523 -0.00606111
1 21.8435 46.2974 -0.00114762 0.00428228
1 22.949 46.2968 -0.00111321 -0.00075632
1 24.0547 46.2954 0.00674948 -0.0157444
1 25.1596 46.292 0.0117069 -0.0313789
1 26.2643 46.2862 0.0119878 -0.042031
1 27.3693 46.2804 0.0119766 -0.0394644
1 28.4733 46.2768 0.0122133 -0.0306886
1 29.5768 46.2736 0.0129848 -0.0347544
1 30.6805 46.2687 0.0131453 -0.0441467
1 31.7837 46.2634 0.0185359 -0.0418203
1 32.8867 46.2598 0.01929 -0.0379085
1 33.9895 46.2559 0.0142703 -0.0450769
1 35.0922 46.2514 0.017622 -0.0451822
1 36.195 46.2477 0.0217001 -0.0417113
1 37.2974 46.2433 0.0150551 -0.0412632
1 38.4001 46.2377 0.0190135 -0.0383426
1 39.5022 46.2323 0.0287813 -0.0415317
1 40.6034 46.2273 0.0262346 -0.0535901
1 41.7066 46.223 -0.000764238 -0.0625585
1 42.8138 46.2179 -0.032227 -0.0691053
1 43.9313 46.2088 -0.0509849 -0.0698211
1 0.301764 47.1686 0.0500011 -0.0709199
1 1.41971 47.1857 0.0301832 -0.065597
1 2.52834 47.1917 -0.0103661 -0.0537621
1 3.63129 47.1968 -0.0388273 -0.0429325
1 4.73207 47.2033 -0.0352747 -0.0390864
1 5.83429 47.2082 -0.0179654 -0.0422025
1 6.93812 47.2135 -0.0102296 -0.0527429
1 8.04133 47.2179 -0.0200619 -0.0410256
1 9.14406 47.2208 -0.0199822 -0.0447875
1 10.2466 47.2264 -0.0137744 -0.0516588
1 11.3499 47.2303 -0.0207296 -0.0388005
1 12.4529 47.2332 -0.016793 -0.0421709
1 13.5557 47.2388 -0.0163927 -0.0487706
1 14.6601 47.2438 -0.0142573 -0.0362236
1 15.7636 47.2459 -0.00977017 -0.0305266
1 16.8673 47.2495 -0.012807 -0.0428751
1 17.9719 47.2561 -0.0115763 -0.0493279
1 19.0773 47.2627 -0.0189562 -0.0368639
1 20.1836 47.2662 -0.0151368 -0.0148309
1 21.2903 47.2665 0.000520987 -0.00180196
1 22.3964 47.2661 -0.000786639 -0.000542709
1 23.503 47.2658 0.00638535 -0.00804032
1 24.6096 47.2638 0.0181875 -0.0267044
1 25.7152 47.2587 0.0126261 -0.0444585
1 26.8201 47.2523 0.0124636 -0.0452746
1 27.9245 47.2476 0.0148232 -0.0337798
1 29.028 47.2452 0.0125806 -0.0325166
1 30.1323 47.2415 0.0154658 -0.0442542
1 31.2359 47.2357 0.016307 -0.0461464
1 32.3386 47.2313 0.0203025 -0.0403536
1 33.4416 47.2282 0.0133843 -0.0459525
1 34.5442 47.2236 0.0149087 -0.0488455
1 35.6471 47.2194 0.0231001 -0.0423999
1 36.7499 47.2157 0.014379 -0.0486746
1 37.8537 47.2109 0.0148172 -0.0454062
1 38.9572 47.2059 0.0254904 -0.039225
1 40.058 47.1996 0.0415332 -0.0410462
1 41.1593 47.1941 0.027582 -0.0485971
1 42.2653 47.1884 -0.0112013 -0.0629706
1 43.3785 47.1811 -0.0375837 -0.0706542
