1 0.528661 0.0479065 -0.0129265 -0.0676364
1 1.6467 0.0415895 -0.0194206 -0.0637634
1 2.76411 0.0385577 -0.0123594 -0.045333
1 3.88235 0.0393886 -0.0116868 -0.035266
1 5.00125 0.043345 -0.00876332 -0.00763894
1 6.11996 0.0490505 0.0071375 -0.000625956
1 7.23867 0.0563569 0.0141703 0.0048577
1 8.35897 0.0600424 0.0185868 0.00115338
1 9.48321 0.0644968 0.0323159 -0.0149674
1 10.6102 0.0737462 0.0509039 -0.00557159
1 11.7374 0.0845017 0.0660253 0.0139032
1 12.8648 0.0964169 0.0601183 0.0153357
1 13.9926 0.106227 0.0378168 0.00988502
1 15.119 0.11473 0.0202244 -0.00860707
1 16.2423 0.127916 0.0170395 -0.0291718
1 17.363 0.14439 0.0270163 -0.0471408
1 18.4837 0.160296 0.0357732 -0.0473467
1 19.605 0.173335 0.0255315 -0.0147563
1 20.7247 0.182294 0.00546189 0.00447258
1 21.8414 0.186424 -0.000216576 -0.00605684
1 22.9572 0.184631 -0.00143866 -0.000736867
1 24.0752 0.178535 -0.0152145 0.000285818
1 25.1951 0.167886 -0.0332886 -0.0343415
1 26.3155 0.152254 -0.0326194 -0.0537901
1 27.4361 0.135048 -0.0209928 -0.0406965
1 28.5582 0.119083 -0.0175088 -0.0230743
1 29.6841 0.108781 -0.023183 0.0050787
1 30.8116 0.102915 -0.04741 0.0197353
1 31.9383 0.0927584 -0.064214 0.0136301
1 33.0655 0.0808967 -0.0571572 0.00715712
1 34.1925 0.0703445 -0.0440989 -0.0118987
1 35.3183 0.0614673 -0.0290102 -0.0141132
1 36.4412 0.0566655 -0.0149412 0.00173837
1 37.5614 0.0527817 -0.00951558 0.00468039
1 38.6807 0.0464228 -0.000692856 -0.00569974
1 39.7993 0.0421082 0.00333692 -0.0150491
1 40.9173 0.0400797 0.00296993 -0.0424151
1 42.0344 0.0393995 0.00631743 -0.0553986
1 43.1516 0.0427297 0.0173114 -0.065822
1 44.2746 0.060784 0.0127033 -0.0601366
1 -0.0269008 1.01856 -0.012026 -0.0636181
1 1.095 1.0106 -0.0169518 -0.0676421
1 2.20924 1.0072 -0.0125816 -0.05594
1 3.32397 1.00561 -0.00539963 -0.0421398
1 4.43941 1.00784 -0.00472331 -0.0320559
1 5.55609 1.01307 0.00100005 -0.0119836
1 6.67425 1.01903 0.00528158 -0.00313775
1 7.79465 1.02351 0.011129 -0.00776386
1 8.91619 1.02784 0.0291458 -0.0171242
1 10.0392 1.03345 0.0361139 -0.0190244
1 11.1652 1.04266 0.042109 -0.00601552
1 12.2923 1.05373 0.0546936 0.0097281
1 13.4202 1.06384 0.0499039 0.00661274
1 14.5475 1.07383 0.0387228 -0.00677151
1 15.6707 1.0863 0.0357932 -0.0215922
1 16.7911 1.10172 0.034374 -0.0383294
1 17.9122 1.1174 0.031885 -0.0485676
1 19.035 1.13094 0.0193192 -0.0316689
1 20.1576 1.14194 0.00690884 -0.00918
1 21.2798 1.1491 0.00092125 -0.00303737
1 22.4005 1.15033 -0.00329477 -0.005166
1 23.5208 1.1461 -0.00357626 -0.00563865
1 24.6432 1.13746 -0.00779428 -0.0227889
1 25.7662 1.12474 -0.0269863 -0.0442355
1 26.8878 1.10905 -0.0321592 -0.0474535
1 28.0087 1.09221 -0.0319268 -0.0338213
1 29.1305 1.07794 -0.0389435 -0.011934
1 30.2554 1.06877 -0.0445265 0.00845933
1 31.3831 1.0607 -0.0536008 0.0121517
1 32.5107 1.05045 -0.0547544 0.0052251
1 33.637 1.03959 -0.0418339 -0.0143965
1 34.7617 1.03054 -0.0360275 -0.0242722
1 35.8842 1.02445 -0.0285401 -0.0154323
1 37.0047 1.02084 -0.0126657 -0.00312466
1 38.1238 1.01636 0.000235982 -0.00958665
1 39.2416 1.0109 0.00811141 -0.0206553
1 40.358 1.00759 0.0197353 -0.0401074
1 41.4736 1.00656 0.0197417 -0.0534909
1 42.5873 1.00805 0.0208288 -0.0629924
1 43.7003 1.01491 0.0210225 -0.0633431
1 0.541187 1.97576 -0.0259326 -0.0648411
1 1.65496 1.9718 -0.0236784 -0.0557723
1 2.76778 1.96941 -0.0161528 -0.0453326
1 3.88121 1.97005 -0.0183061 -0.034076
1 4.99643 1.97367 -0.0162626 -0.0183122
1 6.11324 1.97861 -0.00599533 -1.41986e-05
1 7.23187 1.98265 0.00678554 -0.00546385
1 8.35178 1.98758 0.0224996 -0.019191
1 9.47293 1.99237 0.0308169 -0.0125814
1 10.5967 1.99838 0.0297455 -0.0101326
1 11.7223 2.00757 0.0479811 0.00231723
1 12.8488 2.01719 0.0556137 0.0108172
1 13.9752 2.02744 0.0475974 -0.00349048
1 15.0989 2.04028 0.0427005 -0.0133138
1 16.2203 2.05491 0.0420266 -0.0188258
1 17.3415 2.06983 0.0431087 -0.025935
1 18.4645 2.08324 0.0310577 -0.0241208
1 19.5894 2.09464 0.0011685 -0.015549
1 20.7144 2.10309 -0.0111477 -0.00501283
1 21.8391 2.10686 -0.00161776 0.000664719
1 22.9636 2.10573 0.00672225 -0.002484
1 24.088 2.09981 0.00845021 -0.0141416
1 25.2128 2.08958 -0.0127547 -0.0252789
1 26.3367 2.07662 -0.0381053 -0.0291938
1 27.4585 2.0615 -0.0455574 -0.0251191
1 28.5793 2.04587 -0.0453311 -0.0163211
1 29.7015 2.03276 -0.0472192 -0.00288929
1 30.8264 2.02313 -0.0500575 0.0071053
1 31.9536 2.01395 -0.0428579 0.00880087
1 33.0807 2.00455 -0.0298083 -0.0027457
1 34.2057 1.99616 -0.0300118 -0.0150637
1 35.3279 1.98954 -0.03334 -0.0174763
1 36.4479 1.98452 -0.0202403 -0.0116167
1 37.5673 1.98081 -0.0038193 -0.00400403
1 38.6856 1.97644 0.00786033 -0.0131149
1 39.8018 1.97246 0.0170474 -0.0266623
1 40.916 1.97046 0.0125119 -0.0394916
1 42.029 1.97092 0.0150178 -0.0534606
1 43.1412 1.97426 0.0196012 -0.0543174
1 44.2621 1.9771 0.0169073 -0.0579913
1 -0.0188402 2.93873 -0.0222851 -0.0594528
1 1.10044 2.93666 -0.026775 -0.055045
1 2.21226 2.93414 -0.0234444 -0.0458441
1 3.32442 2.93352 -0.0223085 -0.0358504
1 4.43778 2.93484 -0.023 -0.0224941
1 5.55371 2.93911 -0.0165385 -0.0146571
1 6.67109 2.94289 0.00637394 -0.00840876
1 7.78886 2.94747 0.0244161 -0.020128
1 8.90866 2.95278 0.0286269 -0.014839
1 10.0303 2.95666 0.0292637 -0.00689792
1 11.1541 2.96292 0.0322519 -0.00601223
1 12.2795 2.97195 0.0444118 -0.00274636
1 13.4049 2.98118 0.0491687 -0.00158128
1 14.5286 2.99356 0.0425041 -0.0151094
1 15.6504 3.00827 0.0411949 -0.0173091
1 16.7716 3.0224 0.0504969 -0.0138633
1 17.8942 3.03529 0.0492181 -0.00599816
1 19.0202 3.04595 0.0198643 -0.00742014
1 20.148 3.05481 -0.0135911 -0.0117408
1 21.2751 3.06018 -0.0177714 -0.00818944
1 22.4018 3.06136 0.00598332 -0.00722537
1 23.5285 3.05865 0.0165568 -0.0088843
1 24.6558 3.0512 -0.00156848 -0.0100519
1 25.7827 3.04108 -0.0366052 -0.00763973
1 26.9065 3.02874 -0.0529775 -0.0149319
1 28.028 3.01419 -0.0438739 -0.0194478
1 29.1494 2.99962 -0.0353263 -0.0160792
1 30.2721 2.98704 -0.0443668 -0.00445039
1 31.3969 2.97724 -0.0485234 0.00293369
1 32.5225 2.9688 -0.0421275 -0.00148323
1 33.6472 2.961 -0.0317981 -0.00730285
1 34.77 2.95479 -0.0283001 -0.0135157
1 35.8909 2.94942 -0.0215895 -0.0200405
1 37.0102 2.94476 -0.00731916 -0.0135327
1 38.1279 2.94144 0.00716723 -0.00830546
1 39.2444 2.93763 0.0165367 -0.0163603
1 40.3593 2.93516 0.0190846 -0.0290344
1 41.4722 2.93468 0.0226415 -0.0462572
1 42.5843 2.93573 0.0244617 -0.0500225
1 43.6982 2.93818 0.0295199 -0.0626328
1 0.542669 3.90111 -0.0291625 -0.0542588
1 1.65653 3.89916 -0.0266128 -0.0539261
1 2.76826 3.89795 -0.0221673 -0.0468812
1 3.88069 3.89809 -0.0207951 -0.0362523
1 4.99454 3.90029 -0.0157849 -0.0286888
1 6.11035 3.9042 -0.00444236 -0.0200646
1 7.22696 3.90841 0.00551345 -0.0275615
1 8.34599 3.91278 0.0102611 -0.0234076
1 9.46772 3.91684 0.0231949 -0.0138845
1 10.5898 3.92125 0.0357561 -0.0123337
1 11.7127 3.92795 0.0438092 -0.0137756
1 12.837 3.93655 0.0445861 -0.0129152
1 13.9606 3.94716 0.034956 -0.0211029
1 15.0823 3.96142 0.0295376 -0.0295428
1 16.2038 3.97594 0.0370419 -0.026627
1 17.326 3.98809 0.0534869 -0.00613296
1 18.4508 3.99722 0.0479022 0.0087999
1 19.5802 4.00515 0.0167729 -0.00465668
1 20.7099 4.01169 -0.0080756 -0.0145285
1 21.8379 4.01489 -0.00657931 -0.0202217
1 22.9662 4.01424 0.00923451 -0.0186021
1 24.095 4.00922 0.0044273 -0.00955721
1 25.2243 4.00161 -0.0277321 0.00439726
1 26.3514 3.99318 -0.0489129 0.00140711
1 27.4749 3.98177 -0.0472764 -0.0220985
1 28.5962 3.96747 -0.038902 -0.0293626
1 29.7174 3.95345 -0.0378464 -0.0250319
1 30.84 3.94189 -0.0424957 -0.0140743
1 31.9643 3.93312 -0.036609 -0.00813755
1 33.0891 3.92566 -0.0301602 -0.0125893
1 34.2124 3.91982 -0.0296518 -0.0166114
1 35.3334 3.9147 -0.0320876 -0.0203677
1 36.4525 3.90993 -0.0212551 -0.0243177
1 37.5701 3.90632 -0.00898397 -0.0227534
1 38.6872 3.90274 0.00930011 -0.0227653
1 39.8027 3.89978 0.0163194 -0.0285373
1 40.9156 3.89894 0.0197825 -0.0412039
1 42.0281 3.89894 0.0231237 -0.0525929
1 43.1404 3.90034 0.028095 -0.056491
1 44.2607 3.90121 0.0209988 -0.0622054
1 -0.0218269 4.86408 -0.0231339 -0.0513762
1 1.09902 4.86349 -0.0245871 -0.049006
1 2.21189 4.86289 -0.0193996 -0.0515417
1 3.32383 4.86259 -0.0145346 -0.0413963
1 4.43626 4.86359 -0.00917314 -0.030952
1 5.55081 4.86605 -0.00483699 -0.0256234
1 6.66733 4.86993 0.00878979 -0.0235841
1 7.78542 4.87338 0.0158109 -0.0176415
1 8.90543 4.87728 0.0250765 -0.017757
1 10.0261 4.88157 0.037225 -0.012943
1 11.1481 4.88647 0.0388989 -0.00689935
1 12.2717 4.89328 0.0369465 -0.0113218
1 13.395 4.9025 0.0397314 -0.0210726
1 14.5164 4.91535 0.0308368 -0.033735
1 15.6371 4.9297 0.0259389 -0.0319311
1 16.7595 4.94183 0.0379591 -0.0131398
1 17.8843 4.95033 0.0491537 0.01506
1 19.0121 4.95604 0.0389112 0.0157377
1 20.1425 4.96188 0.0175666 -0.00212327
1 21.2726 4.96655 -0.00209298 -0.0119366
1 22.4028 4.9678 -0.000460415 -0.0137314
1 23.5323 4.96505 -0.00618811 -0.00809777
1 24.6621 4.95915 -0.0276778 0.00751629
1 25.7914 4.95364 -0.0477197 0.0210501
1 26.9174 4.94661 -0.0440086 -0.00076499
1 28.0414 4.93518 -0.0257202 -0.0287928
1 29.1628 4.92176 -0.0260459 -0.0323409
1 30.2834 4.90844 -0.0369664 -0.0241294
1 31.4057 4.89803 -0.0410886 -0.0119853
1 32.529 4.89077 -0.0412715 -0.00975319
1 33.652 4.88497 -0.0358706 -0.012018
1 34.7737 4.87999 -0.0268243 -0.0160789
1 35.8942 4.87505 -0.0128897 -0.0232618
1 37.0133 4.87149 -0.00302831 -0.0219922
1 38.1304 4.86808 0.00714366 -0.0240844
1 39.2461 4.86508 0.0157372 -0.0261717
1 40.36 4.86331 0.0216248 -0.0351707
1 41.4727 4.8629 0.0277467 -0.0410142
1 42.5847 4.86399 0.0302796 -0.0457282
1 43.6988 4.86449 0.0381404 -0.0512998
1 0.540541 5.8277 -0.0391768 -0.0501885
1 1.65443 5.82753 -0.0296637 -0.0441068
1 2.76667 5.82736 -0.0242086 -0.0422455
1 3.87895 5.82791 -0.021718 -0.0367834
1 4.99258 5.82916 -0.0132983 -0.0244273
1 6.10793 5.83197 -0.00852736 -0.0238878
1 7.22504 5.83498 -0.00084298 -0.0189695
1 8.34458 5.83771 0.0151137 -0.019354
1 9.46512 5.84224 0.0307214 -0.0155722
1 10.5866 5.8469 0.0403065 -0.00909298
1 11.7092 5.85178 0.0427232 -0.00889918
1 12.832 5.85977 0.0437728 -0.024252
1 13.9527 5.87126 0.0363814 -0.0335962
1 15.0727 5.88419 0.0168155 -0.0329834
1 16.1949 5.89583 0.00809515 -0.0251804
1 17.32 5.90444 0.0298889 -0.00331138
1 18.4471 5.90948 0.0499837 0.017105
1 19.5763 5.91307 0.0385351 0.00909735
1 20.7062 5.91712 0.0185769 0.00013248
1 21.8371 5.91946 0.00220251 -0.00257104
1 22.9688 5.91876 -0.00350456 -0.000206417
1 24.099 5.91555 -0.0222646 0.00347001
1 25.2279 5.9117 -0.0457382 0.0143239
1 26.3554 5.90738 -0.0437054 0.0119828
1 27.4819 5.90007 -0.0221769 -0.0170218
1 28.6058 5.8895 -0.0171022 -0.0308297
1 29.7266 5.87711 -0.0278467 -0.0349845
1 30.847 5.86492 -0.0374332 -0.0274868
1 31.9691 5.85609 -0.0341239 -0.0107149
1 33.0927 5.8501 -0.0324646 -0.00652241
1 34.215 5.84558 -0.0355585 -0.0140956
1 35.3353 5.84083 -0.0349404 -0.0230048
1 36.4545 5.83614 -0.0239975 -0.0211938
1 37.5727 5.83326 -0.00583187 -0.0238304
1 38.6897 5.83051 0.00423784 -0.0214506
1 39.8044 5.82881 0.00608188 -0.0325176
1 40.9162 5.82783 0.0117986 -0.0382529
1 42.0279 5.8281 0.0239116 -0.0394115
1 43.1407 5.82839 0.0293819 -0.0454223
1 44.2602 5.82893 0.0320704 -0.0493147
1 -0.02021 6.79263 -0.0268975 -0.0558733
1 1.09882 6.79318 -0.0273839 -0.0519536
1 2.21111 6.79232 -0.0176832 -0.0457968
1 3.32262 6.79281 -0.00993624 -0.0441461
1 4.43467 6.79325 -0.00781093 -0.036357
1 5.54921 6.79449 -0.00640538 -0.0328299
1 6.6664 6.79696 0.00236506 -0.0249684
1 7.78496 6.79901 0.0215162 -0.0246824
1 8.90397 6.80305 0.0324786 -0.0258027
1 10.0245 6.80744 0.0357273 -0.017652
1 11.1472 6.81201 0.0361898 -0.0154537
1 12.2702 6.81863 0.0368365 -0.0258013
1 13.3914 6.82868 0.0387445 -0.0346556
1 14.5117 6.84019 0.0198964 -0.0354149
1 15.6329 6.85039 0.00421103 -0.0307676
1 16.7577 6.85841 0.0117975 -0.0210452
1 17.8847 6.86423 0.0364191 -0.00396124
1 19.0127 6.86704 0.0396729 0.00622138
1 20.1416 6.86885 0.021128 0.00280936
1 21.2711 6.87053 0.00287609 0.00859572
1 22.4028 6.87091 -0.00155079 0.0110565
1 23.5335 6.87 -0.0121133 0.00449678
1 24.6624 6.86841 -0.0309253 0.00618257
1 25.7908 6.8661 -0.0405901 0.00238087
1 26.9181 6.86134 -0.0211016 -0.0152949
1 28.0452 6.8539 0.00181804 -0.0272678
1 29.1684 6.84491 -0.00810901 -0.0307407
1 30.2886 6.83366 -0.0354075 -0.0350214
1 31.4084 6.82339 -0.049257 -0.028475
1 32.5294 6.81594 -0.0427826 -0.0195886
1 33.6523 6.81054 -0.0346195 -0.0145303
1 34.7747 6.80606 -0.0264684 -0.0210063
1 35.8961 6.80158 -0.016169 -0.0277092
1 37.0148 6.79842 -0.00747626 -0.0300101
1 38.1316 6.7955 0.00528036 -0.0284839
1 39.247 6.79406 0.0162079 -0.0314298
1 40.361 6.79374 0.0180617 -0.0418857
1 41.4727 6.79335 0.0215583 -0.0493869
1 42.5844 6.79288 0.0341693 -0.0496928
1 43.698 6.79316 0.0478292 -0.0539868
1 0.541022 7.75828 -0.0435474 -0.0577337
1 1.6551 7.75833 -0.028281 -0.0539631
1 2.76653 7.7582 -0.0176824 -0.0503844
1 3.87881 7.75823 -0.0175621 -0.0406163
1 4.99285 7.7584 -0.0121296 -0.0334218
1 6.10803 7.75982 -0.0084667 -0.0282699
1 7.22491 7.76132 0.00309359 -0.0224649
1 8.34431 7.76393 0.0150817 -0.0241991
1 9.46554 7.76809 0.023405 -0.0206469
1 10.5882 7.77286 0.0371274 -0.0181035
1 11.7108 7.77911 0.0496083 -0.0209641
1 12.832 7.78752 0.0458105 -0.0262917
1 13.9517 7.79708 0.0278069 -0.0264176
1 15.0722 7.80628 0.000160142 -0.0229804
1 16.1959 7.81327 -0.00946366 -0.0242951
1 17.3229 7.81886 0.0152312 -0.0161936
1 18.451 7.82228 0.0305006 -0.000523792
1 19.5802 7.82325 0.0185843 0.00566223
1 20.7087 7.82355 0.00650653 0.0151831
1 21.8374 7.82364 -0.00200227 0.0257985
1 22.9671 7.82383 0.00107463 0.0205346
1 24.0959 7.82394 -0.00456178 0.00881645
1 25.2239 7.8233 -0.0238308 0.00369442
1 26.3521 7.82079 -0.0254508 -0.0108264
1 27.48 7.81555 -0.00568565 -0.0238411
1 28.6054 7.80928 0.00306731 -0.0194529
1 29.7276 7.80139 -0.0116422 -0.0230058
1 30.8482 7.79203 -0.03452 -0.0260854
1 31.9686 7.7836 -0.0432838 -0.0206926
1 33.0912 7.77617 -0.0413058 -0.017721
1 34.2138 7.77113 -0.0362235 -0.0199948
1 35.3348 7.7666 -0.0292575 -0.0234366
1 36.4545 7.76337 -0.0228487 -0.0190292
1 37.573 7.76102 -0.0083919 -0.029118
1 38.6894 7.75952 -6.243e-05 -0.0353299
1 39.8044 7.75851 0.00691518 -0.0349573
1 40.9169 7.75924 0.0153281 -0.0461311
1 42.0285 7.75869 0.0158235 -0.0560892
1 43.14 7.7585 0.0165694 -0.0564653
1 44.2582 7.75786 0.015517 -0.048687
1 -0.0170449 8.72542 -0.0099134 -0.0513268
1 1.10011 8.72469 -0.0142694 -0.0577093
1 2.21223 8.72465 -0.0167 -0.0513692
1 3.32455 8.72413 -0.0188403 -0.0415567
1 4.43734 8.72349 -0.00928338 -0.035663
1 5.55225 8.72375 -0.00413534 -0.0263948
1 6.6697 8.72449 0.00105608 -0.0203545
1 7.78803 8.7261 0.0188793 -0.0187863
1 8.9072 8.72955 0.0307845 -0.0251407
1 10.028 8.73398 0.0355775 -0.0219238
1 11.1505 8.73971 0.0421369 -0.024694
1 12.273 8.74777 0.0442339 -0.0208868
1 13.3939 8.75599 0.0344087 -0.018711
1 14.5144 8.76382 0.00475163 -0.0193344
1 15.6364 8.77003 -0.011348 -0.0204301
1 16.762 8.77456 0.000130484 -0.01931
1 17.8902 8.77758 0.0125596 -0.00998433
1 19.0192 8.77901 0.00277823 -5.80931e-05
1 20.1477 8.77927 -0.00870181 0.00933489
1 21.2747 8.77898 -0.0107209 0.0265875
1 22.4016 8.77917 0.000103879 0.0312237
1 23.5282 8.77969 0.0115555 0.0164306
1 24.6558 8.77947 0.00595348 0.0054405
1 25.785 8.77865 -0.0124333 -0.00388176
1 26.9136 8.77619 -0.00789318 -0.0186221
1 28.0409 8.77155 0.0129019 -0.0210745
1 29.1644 8.76644 0.00734325 -0.0181788
1 30.2851 8.75953 -0.0199311 -0.0183481
1 31.4054 8.75203 -0.0396993 -0.0172329
1 32.527 8.74405 -0.0412536 -0.0236426
1 33.6498 8.73718 -0.0347815 -0.0208273
1 34.7724 8.73215 -0.0265317 -0.0248356
1 35.8935 8.72793 -0.0171152 -0.0231984
1 37.013 8.7257 -0.00263818 -0.0203788
1 38.1304 8.72476 0.00534817 -0.0228319
1 39.2464 8.72389 0.00632643 -0.0341788
1 40.3604 8.72435 0.0103579 -0.040369
1 41.4733 8.72496 0.00931458 -0.0443196
1 42.5849 8.72548 0.0119672 -0.0531624
1 43.6982 8.72471 0.0212947 -0.0578018
1 0.543488 9.69302 -0.0177022 -0.0604464
1 1.65689 9.69151 -0.0123999 -0.0521161
1 2.76942 9.68999 -0.0103353 -0.041604
1 3.8827 9.68863 -0.0104858 -0.0386437
1 4.99733 9.688 -0.0130165 -0.0305323
1 6.11351 9.68737 -0.00736717 -0.0242179
1 7.23076 9.68878 0.0120816 -0.0232819
1 8.34958 9.69143 0.0270305 -0.0262736
1 9.47044 9.69534 0.0284359 -0.0239708
1 10.593 9.70031 0.0392358 -0.0261265
1 11.7158 9.70797 0.0434883 -0.0276293
1 12.8377 9.71599 0.0376799 -0.0202945
1 13.958 9.72263 0.0211141 -0.0158232
1 15.0786 9.72784 -0.0116168 -0.0147824
1 16.202 9.73135 -0.0193709 -0.0181512
1 17.3295 9.73345 0.00191604 -0.0141649
1 18.4588 9.73424 0.000367573 -0.0088151
1 19.5877 9.73514 -0.0145688 -0.00491475
1 20.7145 9.73606 -0.0172448 0.0101621
1 21.8389 9.73667 -0.00863322 0.0248441
1 22.9631 9.73671 0.0140157 0.0214807
1 24.0886 9.73586 0.0263884 0.00173336
1 25.2161 9.73465 0.0135876 -0.00812515
1 26.3451 9.73393 -0.0017791 -0.00980481
1 27.4735 9.73235 0.00594378 -0.0176443
1 28.5991 9.7294 0.0156791 -0.0181351
1 29.7213 9.72478 -0.00636076 -0.0141525
1 30.8417 9.71886 -0.0292286 -0.0128176
1 31.9633 9.71207 -0.0395669 -0.0210664
1 33.0864 9.70439 -0.047938 -0.0280034
1 34.2088 9.69802 -0.0374015 -0.0270831
1 35.3296 9.69357 -0.0343434 -0.0272919
1 36.4486 9.69014 -0.0273113 -0.0228049
1 37.5676 9.68837 -0.00765838 -0.021824
1 38.6857 9.68818 0.00352948 -0.0281086
1 39.8016 9.68875 0.00220339 -0.0326261
1 40.9152 9.68958 0.00860541 -0.0382714
1 42.0281 9.69163 0.012286 -0.0462748
1 43.1411 9.69265 0.00887731 -0.0525582
1 44.258 9.69169 0.00593244 -0.0565351
1 -0.0130624 10.662 -0.0129111 -0.0663849
1 1.10395 10.6601 -0.0136011 -0.0526444
1 2.21657 10.657 -0.0121336 -0.0442592
1 3.32946 10.6545 -0.0092549 -0.0336606
1 4.44312 10.6527 -0.0039516 -0.023525
1 5.55961 10.6518 0.000808675 -0.023135
1 6.67672 10.6525 0.0119013 -0.0250528
1 7.79483 10.6546 0.0300264 -0.0168537
1 8.914 10.6577 0.0351877 -0.0162726
1 10.0348 10.6623 0.045366 -0.0241671
1 11.1564 10.669 0.0513929 -0.0259495
1 12.2795 10.677 0.0406316 -0.0168175
1 13.4014 10.6836 0.0269032 -0.00812685
1 14.5221 10.6879 -0.0029297 -0.00182666
1 15.6446 10.6903 -0.0216549 -0.00209347
1 16.7705 10.6914 -0.0103175 -0.00460776
1 17.8992 10.6911 -0.00148838 -0.00421551
1 19.0273 10.6916 -0.0174909 -0.00675265
1 20.1536 10.694 -0.02869 0.000756946
1 21.2779 10.6963 -0.0201544 0.0179255
1 22.4007 10.697 0.00324833 0.0260928
1 23.5233 10.6954 0.0241226 0.0110237
1 24.6485 10.6926 0.0264436 -0.00557078
1 25.7759 10.6911 0.0075255 -0.00485772
1 26.9043 10.6912 0.00095612 -0.00377817
1 28.0325 10.6909 0.0246237 -0.00372989
1 29.157 10.6889 0.0203526 -0.0036189
1 30.2774 10.6853 -0.0162432 -0.00314294
1 31.3977 10.68 -0.031477 -0.0109805
1 32.5206 10.6729 -0.0357702 -0.0181349
1 33.6435 10.6659 -0.0399926 -0.021962
1 34.7656 10.6604 -0.0363783 -0.0204473
1 35.8868 10.6565 -0.0345312 -0.0217877
1 37.0058 10.6534 -0.0159238 -0.0217369
1 38.1228 10.6521 0.00547377 -0.023174
1 39.2398 10.6526 0.0140069 -0.0236599
1 40.3561 10.6537 0.0164341 -0.0340233
1 41.4705 10.656 0.0158808 -0.0337608
1 42.5846 10.6588 0.0194398 -0.0454174
1 43.6995 10.6624 0.0279422 -0.0624843
1 0.547763 11.631 -0.04074 -0.0613628
1 1.66265 11.6258 -0.0302583 -0.0409575
1 2.77649 11.6213 -0.025873 -0.0266088
1 3.89103 11.6186 -0.0230162 -0.0226913
1 5.00646 11.6169 -0.0154107 -0.0227327
1 6.12228 11.6175 -0.00483482 -0.0200277
1 7.23926 11.6188 0.0113705 -0.0148552
1 8.35831 11.6214 0.028424 -0.0124807
1 9.47882 11.6257 0.036729 -0.0160284
1 10.5998 11.6322 0.0494485 -0.0187796
1 11.722 11.6394 0.0411328 -0.0133958
1 12.8446 11.6458 0.0313806 0.00111634
1 13.9658 11.6498 0.00878434 0.0138892
1 15.0877 11.6508 -0.0270482 0.0144388
1 16.2125 11.6507 -0.0267874 0.00831639
1 17.3406 11.6504 0.00442537 0.0060993
1 18.4683 11.6502 0.00105137 0.00236646
1 19.5939 11.6523 -0.0209751 0.00127439
1 20.7175 11.6565 -0.0230621 0.0123625
1 21.8396 11.6594 -0.00552866 0.0227783
1 22.9614 11.6583 0.020297 0.0227634
1 24.0841 11.6543 0.028472 0.00813712
1 25.2081 11.6507 0.0148069 -0.00222391
1 26.3343 11.6496 -0.00977382 0.00433429
1 27.4625 11.6506 0.000274597 0.00819782
1 28.5891 11.6512 0.0276733 0.0118726
1 29.7122 11.6502 0.0123964 0.0141399
1 30.8336 11.6475 -0.0169916 0.00630578
1 31.9557 11.6418 -0.0294678 -0.00663945
1 33.0792 11.6351 -0.0407389 -0.0118959
1 34.2015 11.6287 -0.0402199 -0.0127653
1 35.3219 11.6242 -0.0351905 -0.013328
1 36.4406 11.6206 -0.0274573 -0.0163887
1 37.5589 11.618 -0.00989344 -0.0197536
1 38.6764 11.6167 -0.00233912 -0.022309
1 39.7928 11.6176 0.00800685 -0.0196514
1 40.9071 11.6199 0.0200193 -0.0223288
1 42.0208 11.6235 0.0291005 -0.0361509
1 43.1339 11.6292 0.0284207 -0.0462764
1 44.2498 11.6366 0.0287536 -0.0799069
1 -0.00110901 12.6066 -0.0276069 -0.0732611
1 1.11524 12.5965 -0.0388667 -0.0418397
1 2.22857 12.5897 -0.0370129 -0.0310117
1 3.34166 12.5849 -0.0251072 -0.0258202
1 4.4553 12.5828 -0.00789825 -0.0219862
1 5.57055 12.5828 -0.00242908 -0.0245652
1 6.68743 12.5841 0.00489034 -0.0154045
1 7.80542 12.5864 0.0268393 -0.0131502
1 8.92346 12.5905 0.0394028 -0.0105149
1 10.0418 12.5964 0.0464406 -0.0111122
1 11.1625 12.6032 0.0447795 -0.00493741
1 12.2859 12.6089 0.0306167 0.00969968
1 13.4092 12.6121 0.0121968 0.0230734
1 14.5321 12.6128 -0.0124879 0.0270892
1 15.656 12.6117 -0.0187013 0.0186203
1 16.7822 12.6106 0.00674596 0.00786346
1 17.9092 12.6106 0.0223824 0.00907565
1 19.0336 12.6126 -0.000226017 0.0059486
1 20.156 12.6172 -0.0231192 0.00852823
1 21.2778 12.6218 -0.0194122 0.0161428
1 22.4001 12.6229 0.0068693 0.0188845
1 23.5222 12.6195 0.0215902 0.0128551
1 24.6441 12.6145 0.0132464 0.00725401
1 25.7674 12.6111 -0.0169078 0.00623406
1 26.8935 12.6102 -0.0222678 0.00632527
1 28.0212 12.6112 0.0153999 0.0150515
1 29.146 12.6123 0.0268464 0.023867
1 30.2688 12.6125 -0.00313697 0.0257724
1 31.391 12.6105 -0.0281008 0.0154792
1 32.5133 12.6055 -0.0390997 -0.00068648
1 33.6348 12.5992 -0.043616 -0.00957992
1 34.7549 12.5934 -0.0325358 -0.005036
1 35.8755 12.5889 -0.0216273 -0.00764755
1 36.9947 12.5854 -0.00834677 -0.015239
1 38.1113 12.5832 0.0115543 -0.0230064
1 39.2268 12.5825 0.021122 -0.025433
1 40.3418 12.5837 0.0310722 -0.0240128
1 41.4555 12.5868 0.0433068 -0.0277405
1 42.569 12.593 0.0523105 -0.0340952
1 43.684 12.6029 0.0700599 -0.0589914
1 0.567115 13.5706 -0.076404 -0.0479287
1 1.68167 13.5595 -0.0571758 -0.0316134
1 2.79491 13.5536 -0.0405276 -0.024801
1 3.90752 13.5507 -0.0299268 -0.0246068
1 5.02108 13.55 -0.0175727 -0.019204
1 6.13569 13.5508 -0.0146457 -0.0118116
1 7.25153 13.553 0.00643806 -0.00537391
1 8.36934 13.5573 0.0290074 -0.00161886
1 9.4877 13.5636 0.04145 0.0019811
1 10.6064 13.5699 0.0421596 0.00933371
1 11.7279 13.5746 0.0319949 0.0207641
1 12.8517 13.5762 0.0243279 0.0366638
1 13.9756 13.5763 0.00495674 0.0386599
1 15.0987 13.5749 -0.0168886 0.032758
1 16.2228 13.573 -0.00506627 0.0237975
1 17.3491 13.5731 0.024336 0.0194974
1 18.4735 13.5757 0.0191958 0.0246667
1 19.5953 13.5801 -0.00366693 0.0285107
1 20.7165 13.5851 -0.0138378 0.0269581
1 21.839 13.5877 -0.00533488 0.0234288
1 22.9623 13.5864 0.0148422 0.0250314
1 24.0841 13.5823 0.0129958 0.0267599
1 25.205 13.5775 -0.0056145 0.0222341
1 26.3276 13.5743 -0.0288093 0.0182529
1 27.4532 13.573 -0.0168253 0.0202509
1 28.5778 13.574 0.00890182 0.0322466
1 29.7011 13.5758 0.00975671 0.0368779
1 30.8254 13.5764 -0.00582552 0.0372731
1 31.9495 13.5755 -0.0246372 0.0307943
1 33.0729 13.5722 -0.0438588 0.0125501
1 34.1929 13.5661 -0.0517822 0.00376211
1 35.31 13.5597 -0.038049 0.00207084
1 36.4272 13.5551 -0.0199935 0.00104895
1 37.5442 13.5525 -0.00177317 -0.00900489
1 38.6602 13.5506 0.00437949 -0.0201475
1 39.7746 13.5498 0.0138424 -0.0202882
1 40.887 13.5517 0.0327336 -0.0253833
1 41.9989 13.5564 0.0455121 -0.0304119
1 43.1118 13.5645 0.0539001 -0.0359081
1 44.2296 13.5792 0.0357644 -0.0449254
1 0.0200194 14.5449 -0.0314453 -0.0246749
1 1.13883 14.5318 -0.0489644 -0.0274114
1 2.25114 14.5242 -0.0424596 -0.0273417
1 3.36259 14.5203 -0.0282542 -0.0166623
1 4.47425 14.5191 -0.0126629 -0.0148136
1 5.58773 14.5197 -0.00643792 -0.00605773
1 6.7025 14.5219 -6.89872e-05 -0.00237578
1 7.81744 14.526 0.0203842 0.00086547
1 8.9321 14.5324 0.0398334 0.00445202
1 10.0486 14.5386 0.0415568 0.0200347
1 11.17 14.5425 0.0303493 0.034576
1 12.2951 14.5433 0.0170693 0.0462384
1 13.4203 14.5415 0.00485284 0.0437302
1 14.5442 14.5401 -0.010076 0.038618
1 15.6665 14.5386 -0.0109835 0.0361455
1 16.7895 14.5382 0.0126452 0.0293475
1 17.913 14.5408 0.0192189 0.03267
1 19.0343 14.5455 0.00405459 0.0365728
1 20.1549 14.5502 -0.00298808 0.0362617
1 21.2768 14.5531 -0.00551829 0.0369611
1 22.4007 14.5535 0.00491877 0.0354282
1 23.5236 14.5516 0.00550233 0.0339636
1 24.6444 14.5479 0.000838795 0.0358486
1 25.7653 14.5433 -0.01753 0.0327263
1 26.8881 14.5395 -0.0218282 0.028968
1 28.012 14.5382 0.00642344 0.0338118
1 29.1343 14.5394 0.0122455 0.0385414
1 30.2568 14.5408 -0.00565559 0.0399657
1 31.3806 14.5425 -0.015607 0.0461412
1 32.5055 14.5433 -0.0192975 0.037228
1 33.6288 14.5411 -0.0293936 0.0247337
1 34.7472 14.5356 -0.0363574 0.00977793
1 35.8637 14.5285 -0.0290058 0.00108303
1 36.9796 14.5237 -0.00564711 0.0013636
1 38.0942 14.521 0.0161517 -0.00270607
1 39.2075 14.5197 0.0188732 -0.0128334
1 40.3198 14.5197 0.0257874 -0.0197834
1 41.4311 14.5219 0.037306 -0.0198206
1 42.5424 14.5277 0.0533211 -0.0294353
1 43.6556 14.5385 0.0723278 -0.0206285
1 0.594196 15.5044 -0.0541902 -0.00105964
1 1.70727 15.4955 -0.044044 -0.014928
1 2.81833 15.4904 -0.0348441 -0.0105323
1 3.92915 15.4885 -0.0239119 -0.00137352
1 5.041 15.4895 -0.0205495 0.00378096
1 6.15307 15.4919 -0.0135485 0.00775719
1 7.26549 15.4966 0.00364499 0.00797434
1 8.37949 15.503 0.0174246 0.0154691
1 9.49602 15.509 0.0165563 0.0293215
1 10.6167 15.5117 0.0117114 0.0437152
1 11.7425 15.5116 0.0122473 0.0496661
1 12.8686 15.5095 0.0199977 0.0528893
1 13.9916 15.507 0.00620348 0.0445089
1 15.1119 15.506 -0.0192611 0.0440465
1 16.232 15.5064 -0.0113144 0.0457283
1 17.3539 15.5087 0.0171799 0.0425105
1 18.4754 15.5129 0.0173642 0.0411305
1 19.5959 15.5176 0.00367554 0.0425136
1 20.7168 15.5207 -0.00532331 0.0444049
1 21.839 15.5213 -0.00329229 0.0483647
1 22.9619 15.5211 0.00933378 0.0474103
1 24.0835 15.5194 0.00318635 0.0418758
1 25.2041 15.5154 -0.0103802 0.0392832
1 26.3245 15.5111 -0.0201228 0.040586
1 27.4459 15.5076 -0.00518717 0.0439408
1 28.5667 15.5062 0.0129624 0.0448425
1 29.6872 15.5067 0.0096992 0.0435404
1 30.8091 15.5081 -0.00669315 0.0474982
1 31.9337 15.5107 -0.0151527 0.0506681
1 33.0608 15.5121 -0.0191174 0.0468663
1 34.1842 15.5107 -0.0258632 0.0387701
1 35.3013 15.5061 -0.0306046 0.0199963
1 36.415 15.4998 -0.0220102 0.00809793
1 37.5277 15.4942 -0.000218937 0.00994824
1 38.6405 15.4911 0.00423579 0.0094328
1 39.7531 15.4893 0.00531231 0.000852846
1 40.8638 15.4895 0.0192738 -0.00352579
1 41.9738 15.4931 0.0331433 -0.0128874
1 43.0853 15.4994 0.0346481 -0.00866515
1 44.2044 15.5099 0.0201892 0.00708003
1 0.0463611 16.4766 -0.00210037 0.0316872
1 1.16411 16.4667 -0.0179528 0.00391884
1 2.27539 16.4614 -0.0208625 0.000927796
1 3.38539 16.4589 -0.0130708 0.00458175
1 4.49503 16.4597 -0.00090384 0.0108314
1 5.60634 16.4637 0.00049669 0.0137471
1 6.71763 16.4692 0.00313414 0.0138136
1 7.83005 16.4755 0.011881 0.0194154
1 8.94482 16.48 0.0174076 0.035768
1 10.0644 16.482 0.0238723 0.0443265
1 11.1895 16.4812 0.0294954 0.0475154
1 12.3165 16.4792 0.0267549 0.0462883
1 13.4402 16.4772 0.0164718 0.0475775
1 14.5601 16.4762 -0.00449797 0.0498748
1 15.6778 16.4767 -0.0132106 0.0545647
1 16.7967 16.4792 0.0099861 0.0531934
1 17.9174 16.4828 0.02972 0.0480197
1 19.0375 16.4869 0.0173802 0.045684
1 20.1577 16.4903 -0.00397313 0.05206
1 21.2785 16.4919 -0.00694761 0.06046
1 22.4001 16.4922 0.00116663 0.058965
1 23.5214 16.4914 0.00555293 0.0519751
1 24.6419 16.4889 -0.00501183 0.0483626
1 25.7618 16.4851 -0.0262751 0.048082
1 26.8821 16.4813 -0.021361 0.0512034
1 28.003 16.4781 0.0102885 0.0517031
1 29.1213 16.4765 0.0118765 0.0509797
1 30.2387 16.4766 -0.0196516 0.0484525
1 31.3594 16.4784 -0.036106 0.0464365
1 32.485 16.4807 -0.0268649 0.0450508
1 33.6112 16.4823 -0.0142971 0.0471013
1 34.7337 16.4817 -0.0105452 0.0370434
1 35.8522 16.4783 -0.0144298 0.0258957
1 36.9662 16.4724 -0.00556928 0.0123134
1 38.0772 16.4664 0.00502449 0.0108586
1 39.1881 16.4619 0.0108439 0.00890686
1 40.2988 16.4596 0.0183057 0.00649784
1 41.4088 16.4601 0.0249423 0.0022764
1 42.5198 16.4635 0.0263742 0.000903052
1 43.6326 16.4699 0.0365441 0.0117369
1 0.617139 17.438 -0.0233364 0.0220151
1 1.72937 17.4324 -0.0226592 0.0104224
1 2.83954 17.4301 -0.0142712 0.00894682
1 3.94883 17.4315 -0.00763597 0.00878273
1 5.05812 17.4357 -0.00627121 0.0107015
1 6.16787 17.4421 -0.00391618 0.0152473
1 7.27937 17.4481 0.00760293 0.0166996
1 8.39549 17.4522 0.0185339 0.0261846
1 9.51527 17.4528 0.0278804 0.0312955
1 10.6383 17.452 0.0435102 0.0351871
1 11.7643 17.4502 0.0515871 0.0349119
1 12.8887 17.4491 0.0502541 0.0360946
1 14.0075 17.4485 0.0284038 0.0409862
1 15.1231 17.449 -0.00314041 0.0472439
1 16.2399 17.4511 -0.000550698 0.0457754
1 17.3599 17.4545 0.0334069 0.0410116
1 18.4803 17.4579 0.0377914 0.0389733
1 19.5999 17.4611 0.00968162 0.0411436
1 20.7195 17.4638 -0.00495994 0.0505267
1 21.8395 17.465 -0.0026136 0.0557732
1 22.9601 17.4648 0.0088405 0.0554115
1 24.0803 17.4629 0.00383696 0.0435031
1 25.2001 17.4596 -0.0225985 0.0383404
1 26.3198 17.4564 -0.0395414 0.0411307
1 27.4397 17.4531 -0.0226559 0.0440593
1 28.5577 17.4502 -0.00446186 0.0469479
1 29.6736 17.449 -0.0130321 0.044682
1 30.791 17.4491 -0.0349587 0.0350749
1 31.9127 17.4501 -0.0486744 0.0314193
1 33.0385 17.4514 -0.0511029 0.0337975
1 34.1636 17.4527 -0.0444365 0.0305691
1 35.2847 17.4528 -0.0312887 0.0301841
1 36.4015 17.451 -0.0156399 0.0224897
1 37.5149 17.4455 -0.00608561 0.0168206
1 38.6266 17.4392 -0.006429 0.0104553
1 39.7368 17.4336 -0.00785661 0.00978782
1 40.8453 17.4307 -0.00136137 0.00677298
1 41.9547 17.4311 0.00432524 0.00891618
1 43.0653 17.4347 0.00474128 0.0136225
1 44.1817 17.4406 -0.0126062 0.0324104
1 0.0674737 18.4093 0.02157 0.0306982
1 1.18331 18.4042 0.00375352 0.0264682
1 2.2924 18.4019 -0.000236882 0.0168879
1 3.39981 18.4031 0.00734579 0.0151779
1 4.50752 18.4075 0.014053 0.018641
1 5.61784 18.4136 0.00761877 0.0205552
1 6.73044 18.4196 0.0103763 0.0226655
1 7.84562 18.423 0.0308175 0.0216162
1 8.96377 18.4233 0.0521618 0.0210853
1 10.0846 18.4221 0.0631673 0.0193183
1 11.2086 18.4209 0.0693071 0.0197875
1 12.333 18.4205 0.0627445 0.0184163
1 13.4536 18.4212 0.0481466 0.0229739
1 14.5694 18.422 0.0282487 0.030804
1 15.6843 18.423 0.0165262 0.0318369
1 16.802 18.4258 0.0322365 0.0272952
1 17.9219 18.4291 0.0516816 0.0243117
1 19.0411 18.4317 0.0291617 0.0214857
1 20.1604 18.4344 -0.00340075 0.0285691
1 21.2799 18.4371 -0.00864455 0.0405731
1 22.3993 18.438 -0.00157116 0.0417666
1 23.5194 18.4362 0.00541069 0.0337426
1 24.639 18.4332 -0.00889008 0.0235278
1 25.7579 18.4306 -0.0432827 0.0231455
1 26.8775 18.4278 -0.0454504 0.0274824
1 27.9974 18.4247 -0.0136569 0.0303408
1 29.1135 18.4227 -0.0121472 0.0301234
1 30.2278 18.422 -0.0437232 0.0234598
1 31.3456 18.4212 -0.0666004 0.0198215
1 32.4683 18.4209 -0.0713331 0.0203062
1 33.5921 18.4219 -0.0711043 0.0189246
1 34.7144 18.4233 -0.058282 0.0168185
1 35.8347 18.4238 -0.0366429 0.0217226
1 36.9525 18.4219 -0.016532 0.0215903
1 38.0662 18.4173 -0.000707821 0.0188153
1 39.1772 18.4109 0.00151968 0.0201242
1 40.2861 18.4054 -8.90227e-05 0.0172712
1 41.3943 18.4024 0.00365257 0.0113855
1 42.5034 18.4029 0.0117543 0.0170768
1 43.6153 18.4064 0.015028 0.0297312
1 0.631292 19.3764 -0.0146151 0.0312966
1 1.74197 19.3745 -0.00138709 0.0260982
1 2.84922 19.3756 -0.0010619 0.0242729
1 3.95634 19.379 -0.00198441 0.0270347
1 5.06569 19.3838 0.00335991 0.0276805
1 6.17805 19.3886 0.00853896 0.0207175
1 7.29329 19.3921 0.0291608 0.0170497
1 8.41164 19.3926 0.0534982 0.00874013
1 9.53138 19.3917 0.0680424 0.00532116
1 10.6527 19.3907 0.079036 0.00091992
1 11.7755 19.3905 0.0815601 0.000990235
1 12.8974 19.3912 0.0765617 -0.000326135
1 14.0148 19.3928 0.052835 0.00179609
1 15.1283 19.3938 0.0194146 0.00905142
1 16.2436 19.3948 0.0209003 0.0048296
1 17.3632 19.3973 0.0553911 -0.00154383
1 18.4834 19.3999 0.0530072 -0.00456841
1 19.6021 19.402 0.0124028 -0.00535371
1 20.7206 19.4047 -0.00759511 7.11929e-06
1 21.8401 19.4069 -0.006139 0.00668216
1 22.9602 19.4063 0.00852577 0.00446845
1 24.0791 19.4036 0.00465647 -0.00351802
1 25.1973 19.4013 -0.0327897 -0.00491936
1 26.3162 19.3991 -0.0601268 -0.00390516
1 27.4356 19.3962 -0.0393544 -0.00157526
1 28.5528 19.3944 -0.0210353 0.00765738
1 29.6673 19.394 -0.0353305 0.00594289
1 30.7834 19.3923 -0.0580805 -0.00160916
1 31.9035 19.3909 -0.0706822 1.00447e-06
1 33.0269 19.3911 -0.0823818 0.00143806
1 34.1495 19.3919 -0.0830785 0.00223968
1 35.2692 19.3929 -0.070768 0.00601609
1 36.387 19.393 -0.0501921 0.0109031
1 37.5035 19.3912 -0.0270424 0.0181161
1 38.6183 19.3867 -0.013796 0.0286635
1 39.7299 19.3816 -0.0138676 0.0274959
1 40.8378 19.3773 -0.0107516 0.0237584
1 41.9444 19.3752 -0.00842574 0.0251882
1 43.0524 19.3753 -0.010594 0.0264203
1 44.167 19.379 -0.0203517 0.0250262
1 0.0780226 20.3495 0.00486404 0.0255503
1 1.19089 20.3485 0.00272078 0.0239372
1 2.2975 20.3495 0.0055561 0.0314168
1 3.40413 20.3512 0.00601727 0.0281757
1 4.51266 20.354 0.0159125 0.021879
1 5.62535 20.3572 0.0247887 0.016623
1 6.74078 20.3604 0.0344729 0.0103881
1 7.85784 20.3618 0.0578055 0.00258429
1 8.9751 20.3622 0.0769418 -0.00799909
1 10.0936 20.3611 0.0871171 -0.0106739
1 11.2151 20.3603 0.0887919 -0.0126355
1 12.3379 20.3604 0.0802754 -0.0143082
1 13.4577 20.3617 0.061671 -0.0177214
1 14.5736 20.3633 0.0345205 -0.0172659
1 15.6879 20.3636 0.0251482 -0.0201138
1 16.8046 20.3641 0.0441356 -0.0298461
1 17.9241 20.3655 0.0637594 -0.035126
1 19.0433 20.3678 0.0346568 -0.0390972
1 20.1614 20.3701 -0.00375563 -0.0388903
1 21.28 20.3718 -0.0122808 -0.038424
1 22.3997 20.3723 9.09831e-05 -0.0399987
1 23.5197 20.3714 0.00663718 -0.0393486
1 24.6376 20.3694 -0.0116315 -0.038764
1 25.7556 20.3673 -0.0509388 -0.0360737
1 26.875 20.3651 -0.0583412 -0.0342948
1 27.9943 20.364 -0.0252041 -0.0269638
1 29.1098 20.3636 -0.0195018 -0.0195927
1 30.2238 20.3629 -0.054972 -0.0165584
1 31.3405 20.3615 -0.0818599 -0.01576
1 32.4621 20.3609 -0.0837275 -0.0146712
1 33.5848 20.3612 -0.0812261 -0.0135746
1 34.705 20.3624 -0.0714337 -0.0067263
1 35.824 20.3628 -0.0634035 -0.00297592
1 36.9423 20.362 -0.0452724 0.00611999
1 38.0581 20.3593 -0.0231871 0.0117
1 39.1713 20.356 -0.011326 0.0202816
1 40.2821 20.353 -0.00697233 0.0276172
1 41.3901 20.3508 -0.00338154 0.0309967
1 42.4971 20.3489 0.000742193 0.0272952
1 43.6064 20.3488 0.0111376 0.0208689
1 0.634984 21.3233 -0.0197544 0.0244588
1 1.74387 21.3252 -0.00947278 0.0278141
1 2.85137 21.3256 0.000200165 0.033099
1 3.96042 21.3266 0.0124353 0.0298957
1 5.0716 21.3284 0.0215078 0.0201655
1 6.18458 21.3309 0.0285902 0.015673
1 7.29973 21.3328 0.0462547 0.014958
1 8.41723 21.334 0.0673185 0.00943191
1 9.53633 21.334 0.0761592 0.00652795
1 10.6566 21.3327 0.0835622 0.0033725
1 11.7787 21.3318 0.082148 0.00483088
1 12.8998 21.3325 0.0805027 0.00619509
1 14.0165 21.3337 0.0536886 0.00317319
1 15.1304 21.3341 0.0178691 -0.00459263
1 16.2459 21.3337 0.0221534 -0.0113046
1 17.3651 21.3337 0.0552318 -0.012716
1 18.4843 21.3353 0.0482982 -0.0167557
1 19.6025 21.3372 0.0124801 -0.0205164
1 20.7207 21.3384 -0.00551866 -0.0221051
1 21.8402 21.3387 -0.00617939 -0.020722
1 22.9601 21.3387 0.0074555 -0.0208018
1 24.0788 21.338 0.00523917 -0.0215198
1 25.1968 21.3366 -0.0279214 -0.0179134
1 26.315 21.3348 -0.0585255 -0.0145913
1 27.4339 21.3339 -0.0405057 -0.0143795
1 28.551 21.3342 -0.0212012 -0.00975131
1 29.6656 21.3345 -0.0330743 -0.00160476
1 30.7816 21.3336 -0.0604381 0.00543389
1 31.9011 21.3325 -0.0765977 0.00641321
1 33.0238 21.3329 -0.0888668 0.00428734
1 34.1448 21.3341 -0.094041 0.00376505
1 35.2633 21.335 -0.0834099 0.00791337
1 36.3804 21.3345 -0.0658439 0.0120863
1 37.4966 21.3328 -0.0405734 0.0167122
1 38.6113 21.3303 -0.035342 0.0161936
1 39.7245 21.3279 -0.0301774 0.0238678
1 40.8343 21.3264 -0.0104167 0.0343132
1 41.9417 21.3258 0.00163737 0.0362087
1 43.0483 21.3249 0.00637508 0.0254983
1 44.1603 21.3227 0.000786955 0.0215408
1 0.080404 22.2967 -0.00306094 0.0152632
1 1.19261 22.3009 -0.00729335 0.0245321
1 2.30043 22.3017 0.000367046 0.0306207
1 3.40857 22.3009 0.0160761 0.0274199
1 4.51826 22.3012 0.0332645 0.0296187
1 5.63062 22.3031 0.0387019 0.0275478
1 6.74449 22.3051 0.0456094 0.0291429
1 7.86008 22.3066 0.0673914 0.0271743
1 8.97705 22.3067 0.0891677 0.026378
1 10.0956 22.306 0.0960426 0.0256901
1 11.2169 22.3049 0.0851762 0.0321696
1 12.3389 22.3046 0.0746629 0.032761
1 13.4578 22.3055 0.0599426 0.0343258
1 14.5741 22.3062 0.0334362 0.0320968
1 15.6891 22.306 0.0167154 0.0258137
1 16.806 22.3054 0.0353413 0.0252432
1 17.9245 22.3056 0.05597 0.027793
1 19.0431 22.307 0.0276826 0.0263996
1 20.1616 22.3081 -0.00806339 0.0260569
1 21.2802 22.308 -0.0137192 0.0264586
1 22.3999 22.3078 0.00380613 0.0281447
1 23.5196 22.3081 0.00735396 0.0264257
1 24.6376 22.3075 -0.0100547 0.0262444
1 25.7555 22.3063 -0.0426957 0.0273005
1 26.8742 22.3057 -0.0476676 0.027217
1 27.993 22.3062 -0.0173776 0.0248929
1 29.1089 22.3066 -0.0175465 0.0268583
1 30.2238 22.3063 -0.0529744 0.0340422
1 31.3406 22.3058 -0.07737 0.0344383
1 32.4607 22.3055 -0.0806221 0.0336263
1 33.5824 22.3064 -0.0837347 0.0280959
1 34.7027 22.3072 -0.0836062 0.023081
1 35.8216 22.3077 -0.0736375 0.0248715
1 36.9388 22.3068 -0.0501372 0.0278133
1 38.0533 22.3052 -0.0350576 0.0293739
1 39.1657 22.3028 -0.0312766 0.0284085
1 40.2764 22.3016 -0.017703 0.0284597
1 41.3854 22.3015 0.000487173 0.030043
1 42.4943 22.302 0.0142528 0.0308811
1 43.6055 22.2997 0.0294832 0.0222259
1 0.63441 23.2753 -0.0259417 0.00597915
1 1.74677 23.2766 -0.00898042 0.0108937
1 2.85701 23.2762 0.0068926 0.0108295
1 3.96611 23.2757 0.0196261 0.0112347
1 5.0754 23.2759 0.0313608 0.0116114
1 6.18671 23.2769 0.0400837 0.0180242
1 7.30116 23.2776 0.0596619 0.0169705
1 8.41897 23.278 0.0789664 0.0144517
1 9.53751 23.2779 0.0849643 0.01527
1 10.6572 23.2776 0.0847153 0.0183966
1 11.7786 23.2773 0.0831822 0.0194491
1 12.8991 23.2775 0.0811732 0.0208611
1 14.0162 23.2774 0.053932 0.0207752
1 15.131 23.2776 0.0125673 0.0181466
1 16.2472 23.2779 0.0117316 0.0204197
1 17.3662 23.2776 0.0452813 0.0207396
1 18.4846 23.2778 0.0422791 0.0200431
1 19.6027 23.2785 0.00912323 0.0215354
1 20.7213 23.2785 -0.00904171 0.0217722
1 21.8406 23.2781 -0.00696798 0.021931
1 22.9599 23.2782 0.010676 0.0221432
1 24.0785 23.2785 0.012163 0.022483
1 25.1965 23.2779 -0.0250002 0.0221094
1 26.3144 23.2774 -0.0547197 0.0207818
1 27.4329 23.278 -0.03378 0.0208446
1 28.5504 23.2785 -0.0163602 0.0184258
1 29.6654 23.2783 -0.0335082 0.0200997
1 30.7816 23.2784 -0.0588232 0.0218609
1 31.9007 23.278 -0.0743813 0.018915
1 33.0228 23.2779 -0.0819894 0.0195519
1 34.1441 23.2784 -0.0887304 0.0186095
1 35.2625 23.2789 -0.0899361 0.0150654
1 36.3794 23.2789 -0.0770573 0.0148214
1 37.4951 23.2785 -0.0571658 0.0191025
1 38.6089 23.2775 -0.0421177 0.0140659
1 39.72 23.2764 -0.0328337 0.0134933
1 40.8289 23.2764 -0.0175607 0.0111094
1 41.9375 23.2771 -0.00670594 0.0131337
1 43.0471 23.2768 0.00471912 0.0129815
1 44.1598 23.2745 0.0052739 0.0093863
1 0.0802218 24.2531 -0.00170392 -0.00870483
1 1.19304 24.251 -0.0030898 -0.0127585
1 2.30258 24.2506 0.00666258 -0.0118807
1 3.41111 24.2512 0.017082 -0.0115166
1 4.51998 24.2513 0.0322213 -0.0137318
1 5.63117 24.2504 0.0414099 -0.0127783
1 6.74476 24.2494 0.0550575 -0.0171175
1 7.86048 24.249 0.0755891 -0.0137131
1 8.97728 24.2491 0.0885605 -0.0143019
1 10.0957 24.2496 0.0880016 -0.0178111
1 11.2169 24.2501 0.0837368 -0.0187238
1 12.339 24.2499 0.0763388 -0.018686
1 13.4583 24.2496 0.0602426 -0.0217028
1 14.5745 24.2496 0.0332492 -0.0196061
1 15.6896 24.2495 0.0146138 -0.0171121
1 16.8071 24.2498 0.0333239 -0.0180011
1 17.9255 24.2503 0.0546802 -0.0171459
1 19.0434 24.2496 0.0261736 -0.0188658
1 20.1619 24.249 -0.0114131 -0.0208382
1 21.2803 24.2492 -0.0140362 -0.0208187
1 22.3993 24.2493 0.00439365 -0.0205877
1 23.5189 24.249 0.00920366 -0.0199406
1 24.6375 24.2491 -0.00552113 -0.0184839
1 25.7554 24.2498 -0.041598 -0.0170658
1 26.8735 24.2502 -0.0467213 -0.0175284
1 27.9926 24.2501 -0.0133087 -0.0186364
1 29.109 24.2504 -0.0129725 -0.0172
1 30.2239 24.2506 -0.0529152 -0.0205044
1 31.3407 24.2505 -0.0797264 -0.0203123
1 32.461 24.2506 -0.0822021 -0.0190132
1 33.5824 24.2503 -0.0831846 -0.017953
1 34.7021 24.25 -0.0849894 -0.0146534
1 35.8207 24.25 -0.0784372 -0.0135246
1 36.9385 24.2503 -0.060339 -0.015451
1 38.0531 24.2509 -0.0408525 -0.0165116
1 39.1646 24.252 -0.0320258 -0.0107075
1 40.2739 24.252 -0.0209387 -0.0107176
1 41.3829 24.2515 -0.00725379 -0.0102817
1 42.4933 24.2512 0.00898176 -0.0105178
1 43.6059 24.2524 0.0247707 -0.00617597
1 0.634556 25.2279 -0.0289493 -0.0222338
1 1.74565 25.2255 -0.0131837 -0.0306213
1 2.85442 25.226 0.000552386 -0.0313001
1 3.96362 25.2259 0.0161404 -0.0301733
1 5.07419 25.2249 0.0294485 -0.0298077
1 6.18639 25.2227 0.0336143 -0.030725
1 7.30077 25.2212 0.0497876 -0.028737
1 8.41796 25.2203 0.0742822 -0.0256388
1 9.53684 25.2208 0.0834597 -0.0237568
1 10.6573 25.2216 0.0845635 -0.0282628
1 11.779 25.2225 0.0822325 -0.0338585
1 12.8994 25.2222 0.0789286 -0.0350489
1 14.0164 25.2215 0.0542881 -0.0345187
1 15.1312 25.2213 0.0170851 -0.0276545
1 16.247 25.2217 0.0158044 -0.0238769
1 17.3658 25.2221 0.0463417 -0.0268584
1 18.4848 25.2213 0.0422886 -0.0262421
1 19.6028 25.22 0.0115237 -0.025928
1 20.7208 25.2193 -0.00781 -0.026417
1 21.84 25.2196 -0.00717836 -0.0282676
1 22.9599 25.2194 0.0115234 -0.026115
1 24.0786 25.2194 0.00895086 -0.0253515
1 25.1967 25.2206 -0.0254242 -0.0260348
1 26.315 25.222 -0.0544464 -0.0267816
1 27.4337 25.2224 -0.0348832 -0.0250476
1 28.5507 25.2219 -0.0171541 -0.0258803
1 29.6657 25.2218 -0.0332589 -0.0326835
1 30.7819 25.2224 -0.0587589 -0.034778
1 31.9008 25.2232 -0.0729828 -0.032907
1 33.0229 25.2229 -0.0837258 -0.0325014
1 34.1443 25.2219 -0.0963145 -0.0259112
1 35.2629 25.2212 -0.0899042 -0.0271652
1 36.3799 25.2212 -0.0690138 -0.0279374
1 37.4955 25.2226 -0.0466428 -0.0303555
1 38.6095 25.2247 -0.0386309 -0.0279043
1 39.7219 25.2266 -0.0333744 -0.030027
1 40.8316 25.2268 -0.0171144 -0.0278705
1 41.9397 25.2259 -0.000389413 -0.0318897
1 43.0478 25.2266 0.00720489 -0.0254796
1 44.16 25.2308 0.00191145 -0.0142344
1 0.0795261 26.2048 0.00303172 -0.021964
1 1.19168 26.2025 -0.00392966 -0.0242847
1 2.29825 26.2015 -0.00100781 -0.0360886
1 3.40574 26.201 0.00928017 -0.0343576
1 4.51553 26.1997 0.0291625 -0.0249277
1 5.62867 26.1974 0.0338514 -0.0185347
1 6.74332 26.1949 0.0379611 -0.0177445
1 7.85954 26.1934 0.063894 -0.0125324
1 8.9766 26.1929 0.0831497 -0.00778993
1 10.0951 26.1938 0.0939263 -0.00407542
1 11.2161 26.1951 0.0903051 -0.00348083
1 12.3387 26.1953 0.0791437 -0.00584367
1 13.4583 26.1942 0.0628794 -0.00542182
1 14.5743 26.1933 0.0345146 0.00107662
1 15.689 26.1935 0.0218255 0.00864195
1 16.806 26.1937 0.0408853 0.013541
1 17.9249 26.1928 0.058367 0.0128563
1 19.0434 26.1909 0.0274463 0.0167465
1 20.1616 26.1894 -0.00583058 0.0196019
1 21.2801 26.1888 -0.00953079 0.0199606
1 22.3996 26.1887 0.0021428 0.0196036
1 23.5194 26.189 0.00524742 0.0208881
1 24.6376 26.1903 -0.0108018 0.0191782
1 25.7555 26.1922 -0.0477483 0.0144345
1 26.8745 26.1939 -0.0553357 0.0117465
1 27.9938 26.194 -0.0234175 0.00999609
1 29.1095 26.1937 -0.0181699 0.00486552
1 30.2236 26.1941 -0.0531474 -0.00338684
1 31.3401 26.1953 -0.0795644 -0.00662553
1 32.4611 26.196 -0.0810251 -0.00580497
1 33.5832 26.1951 -0.0823855 -0.003829
1 34.7034 26.1938 -0.0755767 -0.00654128
1 35.8225 26.1937 -0.0669848 -0.00947194
1 36.94 26.1949 -0.0471096 -0.0155135
1 38.0552 26.1968 -0.0293734 -0.0163438
1 39.1684 26.1994 -0.0219135 -0.0208039
1 40.2797 26.2011 -0.0131613 -0.0300722
1 41.3887 26.202 0.000848762 -0.0333832
1 42.4964 26.2023 0.0102596 -0.0286743
1 43.6055 26.2041 0.0187935 -0.0234335
1 0.633706 27.1785 -0.0108568 -0.0206721
1 1.74296 27.1782 0.00021438 -0.0258131
1 2.84979 27.1766 0.00396651 -0.0296844
1 3.95788 27.1745 0.00613371 -0.0261402
1 5.06852 27.1715 0.0100108 -0.0197325
1 6.18158 27.1683 0.0213761 -0.0120967
1 7.29737 27.1656 0.0430072 -0.00646682
1 8.41561 27.1649 0.0619861 0.00368485
1 9.53461 27.1654 0.0717516 0.00709234
1 10.6549 27.1666 0.0829972 0.0140979
1 11.7777 27.1669 0.0853801 0.0159896
1 12.8996 27.1663 0.0828485 0.0163746
1 14.0164 27.165 0.0550358 0.0164467
1 15.1304 27.1641 0.0192139 0.0187987
1 16.2457 27.1637 0.0243044 0.0262385
1 17.3648 27.1625 0.0585605 0.0325617
1 18.4846 27.1602 0.0519826 0.0353679
1 19.6027 27.158 0.0135832 0.0362894
1 20.7206 27.1561 -0.0065212 0.0369948
1 21.8402 27.1552 -0.00409336 0.0376413
1 22.9602 27.1557 0.0102999 0.0371043
1 24.0787 27.1574 0.00368507 0.0377489
1 25.1966 27.1598 -0.0336551 0.036679
1 26.3155 27.162 -0.0631036 0.0336744
1 27.435 27.1636 -0.0436522 0.0287574
1 28.5518 27.1641 -0.0245334 0.0208306
1 29.6663 27.1645 -0.0333071 0.0171493
1 30.7823 27.166 -0.0602877 0.0175347
1 31.9019 27.1673 -0.0780336 0.0139392
1 33.0249 27.1673 -0.0879317 0.0120351
1 34.1464 27.1665 -0.0869535 0.0110783
1 35.2649 27.1654 -0.0770039 0.00879349
1 36.3822 27.1658 -0.0593516 -0.00134939
1 37.4991 27.1673 -0.0361551 -0.00970848
1 38.6147 27.1705 -0.0248421 -0.0160084
1 39.7275 27.1737 -0.015274 -0.0208924
1 40.8361 27.1765 -0.00639099 -0.0278076
1 41.9428 27.178 -0.00548795 -0.0310243
1 43.0498 27.1788 -0.00149535 -0.0232423
1 44.1628 27.1778 -0.00286372 -0.0268743
1 0.0731584 28.1483 0.0192456 -0.0244836
1 1.18783 28.1519 0.00992651 -0.0270578
1 2.29563 28.1521 0.00810649 -0.0254097
1 3.40221 28.1501 0.0108281 -0.0227451
1 4.51 28.1458 0.0154884 -0.0267122
1 5.6215 28.1407 0.0139265 -0.0291481
1 6.7362 28.1362 0.0258534 -0.0189739
1 7.85274 28.1346 0.0479959 -0.0122476
1 8.97063 28.1348 0.0689812 -0.00665817
1 10.0904 28.1359 0.0821052 -0.00239635
1 11.2132 28.1367 0.0830003 -0.00114736
1 12.3363 28.137 0.0730111 0.000395885
1 13.4565 28.1356 0.0592917 0.00180471
1 14.5726 28.134 0.0361698 -0.00530688
1 15.687 28.1334 0.0214494 -0.00810982
1 16.8041 28.1315 0.0401421 0.00163078
1 17.9237 28.1286 0.0605513 0.00362052
1 19.0427 28.1263 0.0340385 0.00493507
1 20.1612 28.1241 -0.00364413 0.0020138
1 21.2799 28.1215 -0.0110274 -0.00621914
1 22.3996 28.1208 0.00142982 -0.00698277
1 23.5196 28.123 0.0065517 -1.8229e-05
1 24.6381 28.1259 -0.0107581 0.00444973
1 25.7566 28.1279 -0.0515006 0.00288159
1 26.8765 28.1304 -0.0551685 0.00152113
1 27.9963 28.1328 -0.0210358 -0.00396355
1 29.1119 28.1339 -0.0189438 -0.00785409
1 30.2256 28.1349 -0.0527188 -0.00183099
1 31.3428 28.1365 -0.0762201 -0.00010796
1 32.4645 28.1372 -0.0797358 -0.00126422
1 33.5871 28.137 -0.0779604 -0.000594528
1 34.7082 28.1359 -0.068667 -0.00466544
1 35.828 28.1351 -0.0545418 -0.00807945
1 36.9464 28.1357 -0.0305141 -0.0168059
1 38.0617 28.1391 -0.00995603 -0.0209955
1 39.1745 28.1439 -0.00410803 -0.0285058
1 40.284 28.1487 0.00117282 -0.0270944
1 41.3911 28.1519 0.000230393 -0.0240606
1 42.4984 28.1529 0.000346384 -0.0269396
1 43.6093 28.1509 0.0155624 -0.0307313
1 0.625061 29.1208 -0.0152582 -0.0296092
1 1.73667 29.1244 -0.0136976 -0.0166631
1 2.84568 29.125 -0.00440574 -0.0126539
1 3.95393 29.1219 0.000597825 -0.0181425
1 5.06268 29.1164 -0.000867931 -0.0195495
1 6.17341 29.1101 0.000510633 -0.0188712
1 7.28685 29.1056 0.0156029 -0.022954
1 8.40469 29.1038 0.0357492 -0.0229242
1 9.52508 29.1044 0.0567105 -0.0179017
1 10.6475 29.1058 0.0716803 -0.0188167
1 11.7717 29.1069 0.0732009 -0.0200324
1 12.8945 29.1065 0.0672598 -0.0185174
1 14.0124 29.1058 0.0432096 -0.0224253
1 15.1267 29.105 0.0114756 -0.0298256
1 16.2427 29.103 0.0129776 -0.0301074
1 17.3623 29.0999 0.0457846 -0.0266105
1 18.4821 29.097 0.0441777 -0.0212863
1 19.6011 29.0944 0.0111376 -0.0227652
1 20.7207 29.0916 -0.00528415 -0.0334231
1 21.8405 29.0898 -0.00209923 -0.0407922
1 22.9602 29.0905 0.00811268 -0.0394303
1 24.0797 29.0933 0.00456855 -0.0272217
1 25.1988 29.0961 -0.0277836 -0.0217822
1 26.3179 29.0985 -0.0522929 -0.0244883
1 27.4378 29.1017 -0.032669 -0.0264472
1 28.5557 29.1044 -0.0161638 -0.0301596
1 29.6707 29.1055 -0.0278018 -0.0300716
1 30.7865 29.1064 -0.0462202 -0.0217621
1 31.9069 29.1071 -0.060447 -0.0176924
1 33.0314 29.1068 -0.0681093 -0.0188163
1 34.1552 29.1055 -0.0642541 -0.0186711
1 35.2761 29.1044 -0.053717 -0.0212785
1 36.3943 29.1048 -0.0327903 -0.0220255
1 37.5095 29.1081 -0.0109236 -0.0233074
1 38.6223 29.1138 -0.0084292 -0.0204956
1 39.7328 29.12 -0.0150336 -0.0189746
1 40.8407 29.1245 -0.00860834 -0.0154777
1 41.948 29.1257 0.000469573 -0.0167404
1 43.0571 29.1231 -0.00161969 -0.0259315
1 44.1729 29.118 -0.0180255 -0.0282477
1 0.0587373 30.0863 0.0110685 -0.0322465
1 1.17496 30.0926 -0.00546363 -0.0125822
1 2.28542 30.0961 -0.00485554 -0.00838257
1 3.39487 30.0964 0.000496084 -0.00679127
1 4.50332 30.0936 0.00796762 -0.00942728
1 5.61334 30.0881 0.00692311 -0.00967173
1 6.72481 30.0817 0.00647056 -0.0157695
1 7.83826 30.0762 0.0153738 -0.0221486
1 8.95504 30.0743 0.0309825 -0.0299471
1 10.0762 30.0747 0.0435923 -0.0297241
1 11.2014 30.076 0.0521466 -0.0342636
1 12.3273 30.0774 0.0506101 -0.0307241
1 13.4492 30.0783 0.0362887 -0.0339361
1 14.5665 30.0784 0.0132287 -0.0429125
1 15.6823 30.0771 0.00382944 -0.0462958
1 16.8003 30.0742 0.022234 -0.0426923
1 17.9202 30.071 0.039269 -0.0394789
1 19.0399 30.0677 0.0237255 -0.0360963
1 20.1599 30.0645 -0.00288911 -0.0427729
1 21.2799 30.0626 -0.00899756 -0.053657
1 22.4005 30.0625 0.00111252 -0.0535415
1 23.5207 30.0637 0.00426523 -0.0477679
1 24.6403 30.0663 -0.00883016 -0.040074
1 25.7597 30.0695 -0.0369526 -0.0383999
1 26.8799 30.0726 -0.0343286 -0.0399914
1 28 30.0759 -0.000191181 -0.0438464
1 29.1171 30.0782 0.0023532 -0.0457576
1 30.2328 30.0788 -0.0288834 -0.0397897
1 31.3513 30.0782 -0.0487074 -0.0346004
1 32.4754 30.0772 -0.0498317 -0.0322827
1 33.6012 30.0754 -0.0428173 -0.03409
1 34.7241 30.0746 -0.0286313 -0.0297688
1 35.844 30.0752 -0.0188976 -0.026396
1 36.9603 30.0792 -0.00880176 -0.0166594
1 38.0721 30.0852 0.00214135 -0.014018
1 39.1821 30.0916 0.00499469 -0.00869806
1 40.2914 30.0959 0.00573562 -0.00692456
1 41.4007 30.0974 0.0133393 -0.00871564
1 42.5109 30.0951 0.0230572 -0.0103693
1 43.6231 30.0893 0.0266602 -0.0208924
1 0.607677 31.0574 -0.0363262 -0.0131316
1 1.72049 31.0638 -0.0273857 -0.000952309
1 2.83145 31.0671 -0.025598 -0.000364869
1 3.94139 31.0675 -0.0192611 -0.00609495
1 5.05191 31.0654 -0.0109749 -0.00857251
1 6.16258 31.0609 -0.00546593 -0.0100389
1 7.27342 31.0549 0.0050179 -0.0110665
1 8.38737 31.0488 0.0152949 -0.0234273
1 9.50578 31.0455 0.0108994 -0.0368396
1 10.6284 31.045 0.0156712 -0.0466304
1 11.7549 31.0467 0.0281099 -0.0448303
1 12.8808 31.0489 0.036699 -0.0456599
1 14.0018 31.0507 0.0182767 -0.0472539
1 15.1192 31.0508 -0.0132497 -0.0491375
1 16.2372 31.0492 -0.0112315 -0.0504852
1 17.3579 31.0461 0.0211435 -0.0492346
1 18.4783 31.0422 0.0265993 -0.045984
1 19.5984 31.0384 0.00519021 -0.0464608
1 20.719 31.036 -0.00487806 -0.0503809
1 21.8401 31.0353 -0.00264107 -0.0567415
1 22.9616 31.0356 0.00887817 -0.0574622
1 24.0823 31.0372 0.00608958 -0.0494554
1 25.2024 31.0404 -0.015839 -0.0442057
1 26.3223 31.0443 -0.0313042 -0.0463675
1 27.4429 31.0478 -0.0107983 -0.0510099
1 28.562 31.0504 0.012415 -0.0530682
1 29.6799 31.051 0.00487951 -0.0494305
1 30.7997 31.0501 -0.0143775 -0.0456694
1 31.9231 31.0481 -0.0247182 -0.0445787
1 33.0502 31.0462 -0.0282575 -0.045497
1 34.1753 31.0454 -0.0247042 -0.0439846
1 35.2949 31.0474 -0.0173453 -0.0351975
1 36.4099 31.0518 -0.0124474 -0.018348
1 37.5223 31.058 -0.00476914 -0.0123184
1 38.6338 31.0637 -0.00280833 -0.0116385
1 39.7451 31.0678 -0.000226927 -0.00915292
1 40.8548 31.0686 0.011989 -0.00304868
1 41.9647 31.0662 0.0204665 -0.000860867
1 43.076 31.0608 0.0185524 -0.00445583
1 44.1934 31.0509 0.00391446 -0.0309265
1 0.0360807 32.0173 -0.0191525 -0.00840914
1 1.15507 32.0279 -0.0347672 0.00695465
1 2.2666 32.0341 -0.0331073 0.0116273
1 3.37661 32.0377 -0.0205795 0.00270219
1 4.48706 32.0378 -0.00562379 -0.00191852
1 5.59955 32.0361 -0.00528832 -0.0114697
1 6.71222 32.0329 -0.000935975 -0.0115703
1 7.82499 32.0273 0.0209913 -0.00983473
1 8.93861 32.021 0.0310265 -0.0220599
1 10.0557 32.0164 0.0261437 -0.0402143
1 11.1791 32.0151 0.0213344 -0.0488362
1 12.3061 32.0164 0.0178452 -0.052158
1 13.4311 32.0191 0.00754918 -0.0488428
1 14.5531 32.0205 -0.010575 -0.0441026
1 15.6734 32.0211 -0.014064 -0.0457438
1 16.7941 32.0197 0.00411002 -0.0446449
1 17.9155 32.0163 0.0189483 -0.0415084
1 19.0361 32.0119 0.0106964 -0.0397111
1 20.1567 32.008 -0.00236335 -0.0423185
1 21.2783 32.0064 -0.00874195 -0.0472233
1 22.4012 32.0061 0.00199699 -0.0481764
1 23.5235 32.0067 0.00531808 -0.044368
1 24.6444 32.0097 -0.00209413 -0.0423551
1 25.7646 32.0143 -0.0157286 -0.0411158
1 26.8857 32.0183 -0.016474 -0.0429012
1 28.0079 32.0206 0.0107781 -0.046366
1 29.1281 32.0211 0.0174675 -0.045721
1 30.2485 32.0202 -0.0071507 -0.0449238
1 31.3712 32.0179 -0.0193803 -0.0538133
1 32.4971 32.0158 -0.0105788 -0.0510004
1 33.6228 32.0156 -0.00987627 -0.04527
1 34.7435 32.0182 -0.0158935 -0.0313394
1 35.8602 32.0241 -0.0178342 -0.0185702
1 36.9743 32.0305 -0.00577366 -0.00894904
1 38.0867 32.0354 0.0114769 -0.00824772
1 39.1989 32.0378 0.0197791 -0.00504381
1 40.3109 32.0388 0.0235723 0.00058471
1 41.4217 32.037 0.0353009 0.00915246
1 42.5328 32.032 0.0440839 0.0141572
1 43.6459 32.0232 0.0558995 0.000578522
1 0.584672 32.9888 -0.0693611 0.0202869
1 1.69792 32.9995 -0.0536903 0.0285206
1 2.80937 33.0052 -0.0381521 0.0200628
1 3.9206 33.0074 -0.0273838 0.0198117
1 5.03267 33.0073 -0.0196751 0.0125349
1 6.14576 33.006 -0.0175262 0.0018001
1 7.26014 33.0034 0.00456155 -0.00206837
1 8.37608 32.9985 0.0279546 -0.00168729
1 9.49245 32.9914 0.0356309 -0.0106989
1 10.611 32.986 0.031114 -0.0258732
1 11.7344 32.9838 0.0221463 -0.0374694
1 12.8595 32.9845 0.0166336 -0.0466801
1 13.9835 32.9861 0.00450482 -0.0405037
1 15.106 32.9876 -0.0138524 -0.038626
1 16.2281 32.9889 -0.00657124 -0.034841
1 17.3517 32.9877 0.0220004 -0.0299468
1 18.4747 32.9838 0.0179378 -0.0340283
1 19.5958 32.9792 -0.00114588 -0.0370455
1 20.7167 32.9755 -0.00662303 -0.0348663
1 21.8394 32.9737 -0.00633133 -0.0358177
1 22.9635 32.9741 0.00755102 -0.0373451
1 24.0853 32.9769 0.00542808 -0.0365167
1 25.2058 32.9815 -0.00265535 -0.0368482
1 26.327 32.9861 -0.0202772 -0.0330223
1 27.4503 32.9886 -0.0140851 -0.0299964
1 28.5733 32.9883 0.00902918 -0.0370868
1 29.6956 32.9871 0.0103945 -0.0390108
1 30.8195 32.9857 -0.00397112 -0.0439869
1 31.9445 32.9839 -0.0152594 -0.0470838
1 33.0698 32.9847 -0.0284021 -0.0360053
1 34.1912 32.9885 -0.0410059 -0.0212641
1 35.3078 32.9946 -0.039577 -0.00515927
1 36.4224 33.001 -0.0212972 -0.000807114
1 37.5372 33.0051 -0.00137439 0.00245955
1 38.652 33.0075 0.00516899 0.00581799
1 39.7657 33.0081 0.0131077 0.0140974
1 40.8775 33.0069 0.0281244 0.0164109
1 41.9888 33.0031 0.0433609 0.0278712
1 43.1012 32.9957 0.0490251 0.0275645
1 44.2201 32.9826 0.033292 0.0237194
1 0.0105948 33.9483 -0.0331684 0.0431696
1 1.1285 33.9628 -0.0537882 0.0358663
1 2.24143 33.9708 -0.0456326 0.0308593
1 3.35335 33.9755 -0.0342746 0.0252995
1 4.46568 33.9774 -0.0146207 0.0206648
1 5.57992 33.9767 -0.00629316 0.0202241
1 6.69574 33.9748 0.00119579 0.00916724
1 7.81261 33.972 0.0201588 -0.00105743
1 8.92978 33.9674 0.0377351 -0.00290659
1 10.0469 33.961 0.0509523 -0.00470881
1 11.167 33.9551 0.0449188 -0.0129123
1 12.2904 33.9517 0.0264091 -0.0304303
1 13.4146 33.9508 0.00695683 -0.0369211
1 14.5388 33.9513 -0.00984826 -0.0369792
1 15.6621 33.9532 -0.00980726 -0.0330408
1 16.7867 33.9543 0.0162179 -0.0212985
1 17.9124 33.9531 0.0294619 -0.0199529
1 19.0351 33.9498 0.00678612 -0.0234614
1 20.156 33.945 -0.0123492 -0.0275066
1 21.2778 33.9408 -0.0155332 -0.0258939
1 22.4011 33.9396 0.00288888 -0.0242308
1 23.5239 33.9421 0.0119457 -0.0274124
1 24.6453 33.947 0.00399361 -0.0281384
1 25.7668 33.9514 -0.0188181 -0.0245115
1 26.8908 33.9539 -0.0246643 -0.0198693
1 28.0171 33.9541 0.0040773 -0.0250088
1 29.1414 33.9523 0.0163285 -0.0342166
1 30.2644 33.9511 -0.00493496 -0.0389866
1 31.3882 33.9511 -0.0237692 -0.0368216
1 32.5119 33.9528 -0.0296335 -0.0221837
1 33.6334 33.9573 -0.0411084 -0.0100369
1 34.752 33.9636 -0.042236 -0.00251094
1 35.8703 33.9698 -0.0298312 0.00191234
1 36.9881 33.9743 -0.00712495 0.00616871
1 38.104 33.9765 0.014695 0.0127029
1 39.2189 33.9773 0.0173149 0.0191629
1 40.3327 33.9766 0.0300078 0.0243014
1 41.4453 33.9738 0.0411346 0.0248961
1 42.5584 33.968 0.0567812 0.0325999
1 43.673 33.957 0.0780866 0.0467031
1 0.556279 34.9246 -0.0688421 0.0582821
1 1.67123 34.9344 -0.0521258 0.0330824
1 2.78476 34.9406 -0.0429807 0.0265591
1 3.89854 34.9436 -0.0319055 0.0222963
1 5.01342 34.9449 -0.0221722 0.0236337
1 6.12869 34.9442 -0.0127775 0.0216894
1 7.24522 34.942 0.00812666 0.0136047
1 8.36426 34.9384 0.0215542 0.00668455
1 9.48457 34.9338 0.0321762 0.00435353
1 10.6048 34.928 0.0438592 0.00756965
1 11.7266 34.9218 0.0412176 -0.000293672
1 12.8491 34.9168 0.0293392 -0.0167185
1 13.9714 34.9146 0.00432152 -0.0264799
1 15.0941 34.9147 -0.0267972 -0.024992
1 16.2188 34.9159 -0.0156424 -0.0162093
1 17.3463 34.9169 0.0220911 -0.0084803
1 18.4728 34.9163 0.0171985 -0.00915945
1 19.5962 34.913 -0.0131181 -0.00941191
1 20.718 34.9079 -0.0218797 -0.0143113
1 21.8398 34.9044 -0.00791374 -0.0200888
1 22.9623 34.9053 0.0185027 -0.0179356
1 24.0843 34.9099 0.0223789 -0.0101907
1 25.2066 34.9145 0.000509949 -0.00700367
1 26.3309 34.9167 -0.0222774 -0.0107916
1 27.4576 34.9166 -0.00774396 -0.0107842
1 28.5839 34.9155 0.017472 -0.0207402
1 29.7077 34.9146 0.0123525 -0.02866
1 30.8306 34.9152 -0.0121228 -0.0244575
1 31.9538 34.9184 -0.029303 -0.010615
1 33.0774 34.9241 -0.0433719 0.00321771
1 34.198 34.9308 -0.0468152 0.00996001
1 35.3164 34.9367 -0.0403946 0.01026
1 36.4343 34.9409 -0.0277991 0.0128423
1 37.5522 34.9432 -0.00577201 0.0137326
1 38.6694 34.9445 0.00203107 0.023324
1 39.7848 34.9445 0.00788941 0.0207467
1 40.8986 34.9425 0.0238934 0.0247346
1 42.0116 34.9378 0.0379622 0.0295153
1 43.1251 34.931 0.0396001 0.0406825
1 44.2415 34.921 0.0280581 0.0718511
1 -0.00985703 35.8907 -0.0277496 0.0786169
1 1.10625 35.8982 -0.0277049 0.0452745
1 2.21935 35.904 -0.0289307 0.0358665
1 3.3332 35.9075 -0.021056 0.0221106
1 4.44748 35.9098 -0.00907174 0.018559
1 5.56375 35.9106 0.000756466 0.0217362
1 6.68109 35.9094 0.00759266 0.019181
1 7.79927 35.9069 0.026673 0.0162211
1 8.91797 35.9032 0.0352913 0.0136474
1 10.0383 35.8985 0.0412487 0.0137208
1 11.1607 35.8921 0.0429107 0.0124407
1 12.2842 35.8854 0.0313249 0.00642062
1 13.4065 35.8797 0.0182521 -0.00630408
1 14.5278 35.8768 -0.0116805 -0.0137295
1 15.6507 35.8759 -0.0289223 -0.0110624
1 16.7771 35.8765 -0.00185907 -0.00754913
1 17.9055 35.8776 0.0107454 -0.00541271
1 19.0318 35.8767 -0.0142502 0.00152619
1 20.1561 35.8731 -0.0287113 -0.0077063
1 21.2789 35.8691 -0.0214817 -0.0229672
1 22.4007 35.8677 0.00483235 -0.0232458
1 23.5229 35.8705 0.0231106 -0.0126464
1 24.6466 35.8747 0.022636 -0.00114441
1 25.7719 35.877 -0.000448394 -0.00243575
1 26.8994 35.8769 -0.00476788 -0.00736628
1 28.0275 35.8766 0.0257169 -0.0093744
1 29.1524 35.8766 0.0264079 -0.014251
1 30.2742 35.8776 -0.00936846 -0.0142664
1 31.3953 35.8815 -0.0311993 -0.000779479
1 32.5178 35.8878 -0.0389246 0.0130343
1 33.6399 35.895 -0.048888 0.0193608
1 34.7607 35.9015 -0.0375056 0.0162291
1 35.8813 35.9059 -0.0292171 0.0135621
1 37.0004 35.9086 -0.0114854 0.0154551
1 38.1175 35.9099 0.00487664 0.0191954
1 39.2336 35.9105 0.0148 0.0226713
1 40.3491 35.9088 0.0225427 0.022569
1 41.4638 35.9062 0.0263463 0.0264676
1 42.5775 35.9017 0.0302742 0.0401798
1 43.6925 35.8964 0.0426199 0.0603331
1 0.540559 36.8649 -0.0267801 0.0616723
1 1.65548 36.8687 -0.0191622 0.0445432
1 2.76981 36.8715 -0.0156011 0.0340734
1 3.88422 36.8737 -0.0164626 0.0338655
1 5.00023 36.8749 -0.0142009 0.0242861
1 6.11701 36.8754 -0.00629677 0.0234996
1 7.23404 36.8741 0.0145919 0.0218652
1 8.35302 36.8711 0.0337678 0.0224942
1 9.47405 36.867 0.0363359 0.0220091
1 10.5962 36.8613 0.0418335 0.0230123
1 11.7193 36.8542 0.0384425 0.0188747
1 12.8425 36.8472 0.032003 0.0105903
1 13.9629 36.8418 0.0158782 0.00336231
1 15.0831 36.8383 -0.0202857 0.00352744
1 16.2073 36.8363 -0.0249533 0.00483363
1 17.3353 36.836 -0.00179866 0.0034566
1 18.464 36.8362 -0.00659538 0.00400231
1 19.5917 36.8348 -0.0230137 0.00468304
1 20.7171 36.832 -0.0224317 -0.0110426
1 21.8397 36.8304 -0.0045761 -0.0267757
1 22.9625 36.8309 0.0183682 -0.0193382
1 24.0866 36.8331 0.0285648 -0.00193749
1 25.2127 36.8355 0.0176875 0.00588875
1 26.3408 36.8361 0.00217714 0.00393021
1 27.4693 36.836 0.00963465 0.00364203
1 28.5952 36.8371 0.0204028 0.00159385
1 29.7177 36.8396 0.00187489 0.00161844
1 30.8385 36.8437 -0.0274192 0.00785362
1 31.9603 36.8502 -0.0390813 0.0167044
1 33.0835 36.8581 -0.0494495 0.0264313
1 34.205 36.8649 -0.0451411 0.0251462
1 35.3257 36.8696 -0.0354208 0.0179821
1 36.4449 36.8727 -0.0302321 0.0177407
1 37.5631 36.8749 -0.0140406 0.0261618
1 38.6804 36.8756 -0.00186583 0.024202
1 39.7971 36.8748 0.0043692 0.0235902
1 40.9108 36.8729 0.00863521 0.0338724
1 42.0237 36.8705 0.0121456 0.0440566
1 43.1364 36.8672 0.0129534 0.0525485
1 44.2533 36.8653 0.013467 0.0664276
1 -0.0180167 37.8355 -0.00480191 0.0576363
1 1.09905 37.8347 -0.00856641 0.052025
1 2.21204 37.8358 -0.0117582 0.0452487
1 3.32499 37.8379 -0.00954663 0.0376459
1 4.43855 37.8387 -0.00277132 0.032573
1 5.55431 37.8392 -0.00495782 0.0273049
1 6.67223 37.839 0.00375153 0.0203776
1 7.79125 37.8374 0.0255877 0.0214419
1 8.91031 37.8339 0.033651 0.0266442
1 10.0311 37.8293 0.0378058 0.0257622
1 11.1536 37.8228 0.0493066 0.0271054
1 12.2767 37.815 0.0400964 0.0182327
1 13.3985 37.8084 0.0274242 0.0109281
1 14.5188 37.8025 0.00444617 0.0115818
1 15.6407 37.798 -0.0163179 0.0168538
1 16.7661 37.795 -0.0062651 0.0166516
1 17.8947 37.7935 0.00320109 0.00778623
1 19.0238 37.7928 -0.012545 0.0063198
1 20.1517 37.7917 -0.0258822 -0.00304198
1 21.2772 37.7908 -0.0156957 -0.0225923
1 22.4014 37.7908 0.00706261 -0.0274872
1 23.526 37.7913 0.0173291 -0.013528
1 24.6527 37.7921 0.0168565 0.00255801
1 25.7812 37.793 0.00101681 0.00694157
1 26.9103 37.7941 -0.00151871 0.0129063
1 28.0377 37.7963 0.0189582 0.0155165
1 29.1613 37.7998 0.0114683 0.012602
1 30.2818 37.8049 -0.0214073 0.0135149
1 31.4021 37.8112 -0.0364786 0.0177964
1 32.524 37.8191 -0.0405987 0.0251471
1 33.6468 37.8268 -0.0372719 0.0253375
1 34.7692 37.8319 -0.0280005 0.0235734
1 35.8901 37.8359 -0.0275413 0.0256006
1 37.0089 37.8385 -0.0127305 0.0229601
1 38.1264 37.84 0.00604792 0.0230863
1 39.2428 37.8394 0.012495 0.0301506
1 40.3576 37.8387 0.0105182 0.0381546
1 41.4708 37.8374 0.0104185 0.0410702
1 42.5833 37.8358 0.0130981 0.0511748
1 43.6968 37.8342 0.0181691 0.0602466
1 0.541843 38.8026 -0.0200338 0.0582118
1 1.65517 38.8018 -0.0104075 0.0537492
1 2.76685 38.8024 -0.00954591 0.0442359
1 3.87972 38.8031 -0.0104657 0.0407633
1 4.99357 38.8036 -0.0076751 0.0341848
1 6.1094 38.8027 -0.00678544 0.023116
1 7.22673 38.8018 0.00183567 0.0203877
1 8.34628 38.7996 0.0158673 0.0228483
1 9.4674 38.7954 0.0265001 0.0250563
1 10.5901 38.7902 0.0367777 0.0219732
1 11.713 38.7832 0.0430152 0.0243233
1 12.8346 38.7753 0.0394664 0.0168421
1 13.9549 38.7677 0.0179862 0.0173807
1 15.0756 38.7609 -0.00819964 0.0178356
1 16.199 38.7558 -0.0130815 0.0216486
1 17.3262 38.7513 0.00828186 0.0187908
1 18.4551 38.7489 0.0133475 0.00566777
1 19.5845 38.7481 -0.00370065 -0.00471874
1 20.7122 38.7478 -0.0103046 -0.0154942
1 21.8387 38.7483 -0.00138675 -0.0298427
1 22.9656 38.7485 0.0089911 -0.0270086
1 24.0925 38.748 0.00802422 -0.010076
1 25.2208 38.7483 -0.003619 0.000179421
1 26.3496 38.7498 -0.0120285 0.0108003
1 27.4777 38.7532 8.8797e-05 0.0190258
1 28.6033 38.7577 0.0115578 0.0195179
1 29.7254 38.7638 -0.00458336 0.0199021
1 30.8459 38.7713 -0.0339426 0.0177586
1 31.9668 38.7793 -0.0430911 0.0212462
1 33.0893 38.7874 -0.0407828 0.0251562
1 34.2118 38.7933 -0.0355649 0.0230031
1 35.3326 38.7979 -0.0313973 0.0258152
1 36.4517 38.8013 -0.019486 0.0185089
1 37.5702 38.8028 -0.00333008 0.0203362
1 38.6878 38.8036 0.0021578 0.0267136
1 39.8029 38.8039 0.00815372 0.036087
1 40.9156 38.8033 0.0189746 0.0417129
1 42.0279 38.8026 0.0173859 0.0514929
1 43.14 38.8025 0.0149356 0.0574486
1 44.2571 38.8018 0.0107515 0.0518437
1 -0.0178934 39.7697 -0.0144521 0.0489548
1 1.10029 39.769 -0.0160956 0.0570026
1 2.21162 39.7688 -0.0156426 0.057106
1 3.32319 39.7683 -0.0150884 0.0467011
1 4.4357 39.769 -0.00695024 0.0355247
1 5.55052 39.7679 -0.00192301 0.0359161
1 6.66698 39.7665 0.00644045 0.0283892
1 7.7853 39.7643 0.0214761 0.0204079
1 8.90496 39.761 0.0284839 0.0241406
1 10.026 39.7565 0.0360997 0.0214933
1 11.1488 39.7513 0.0428821 0.0196807
1 12.2714 39.7439 0.0442594 0.0217348
1 13.3918 39.7353 0.034967 0.0267218
1 14.5123 39.726 0.0112426 0.0234622
1 15.6344 39.7181 -0.00367961 0.0208462
1 16.7598 39.7119 0.00426326 0.0251658
1 17.8878 39.7069 0.0260688 0.0123685
1 19.0162 39.7044 0.0236682 -0.00178634
1 20.1445 39.7037 0.00485728 -0.00619671
1 21.2732 39.7037 -0.00224448 -0.0177616
1 22.403 39.7039 -6.20758e-06 -0.0246318
1 23.5316 39.7039 -0.00511299 -0.0140576
1 24.66 39.7041 -0.0166127 -0.00410241
1 25.7888 39.7051 -0.0299863 0.00180582
1 26.9168 39.7088 -0.0153572 0.017092
1 28.0439 39.7146 0.00942342 0.0241914
1 29.1678 39.7215 0.00061853 0.0239768
1 30.2883 39.7305 -0.0285392 0.0282142
1 31.4079 39.7397 -0.0448539 0.0284974
1 32.5289 39.7481 -0.049058 0.0230119
1 33.6514 39.7545 -0.0368642 0.0192728
1 34.774 39.7594 -0.0236659 0.0216918
1 35.8954 39.7636 -0.0153131 0.0246134
1 37.0148 39.7661 -0.00329864 0.0226786
1 38.1318 39.7676 0.00783321 0.0292084
1 39.2472 39.769 0.0115106 0.0349344
1 40.3614 39.7693 0.0166612 0.0412192
1 41.4737 39.7692 0.0176796 0.0508307
1 42.585 39.769 0.0285724 0.0548237
1 43.6991 39.769 0.0428777 0.0583179
1 0.542438 40.7345 -0.0458485 0.0547645
1 1.65597 40.7347 -0.0329157 0.0502155
1 2.76761 40.7342 -0.0201685 0.0494289
1 3.8793 40.7338 -0.0173443 0.0407584
1 4.99307 40.7333 -0.015995 0.0327053
1 6.10831 40.7318 -0.0062737 0.0287224
1 7.22499 40.7291 0.00656051 0.0294823
1 8.34375 40.726 0.0162962 0.0282523
1 9.4649 40.7215 0.026515 0.0217402
1 10.5875 40.717 0.037039 0.0157096
1 11.7104 40.7115 0.0448122 0.0191975
1 12.8316 40.7039 0.0501084 0.028376
1 13.9514 40.6936 0.0347467 0.0333229
1 15.0716 40.6824 0.00845081 0.0316484
1 16.1947 40.6733 -0.003285 0.0278883
1 17.3218 40.6662 0.0206761 0.0152795
1 18.4494 40.6616 0.0410062 -0.0028979
1 19.5779 40.6593 0.0326022 -0.00557827
1 20.7069 40.6575 0.0132973 -0.00252983
1 21.8375 40.6565 -0.000218345 -0.00908035
1 22.9692 40.6569 -0.00405335 -0.00855628
1 24.0986 40.6585 -0.0214498 -0.00312179
1 25.2272 40.6604 -0.0409999 -0.00625144
1 26.3549 40.6632 -0.0372386 0.00345695
1 27.4819 40.6692 -0.0122893 0.0211648
1 28.6069 40.6774 -0.00389956 0.0307235
1 29.7283 40.6875 -0.0206678 0.0360794
1 30.8485 40.6987 -0.0375767 0.0357346
1 31.9695 40.7085 -0.0360438 0.0276063
1 33.0924 40.7153 -0.0351273 0.0162714
1 34.215 40.7198 -0.0359081 0.0173113
1 35.3357 40.7243 -0.033308 0.0256676
1 36.4548 40.7284 -0.0235242 0.0249318
1 37.5735 40.7304 -0.00423383 0.0247365
1 38.6908 40.7328 0.0056973 0.034295
1 39.8055 40.7342 0.00737878 0.0366577
1 40.9175 40.7346 0.00927896 0.0434808
1 42.029 40.7351 0.0175636 0.0465337
1 43.1413 40.7342 0.0272198 0.0519
1 44.2602 40.7348 0.0273773 0.0559873
1 -0.0198764 41.6988 -0.0316697 0.0499138
1 1.0997 41.6993 -0.0292432 0.0462369
1 2.21244 41.6994 -0.0231986 0.0393917
1 3.32415 41.6996 -0.0123559 0.0376787
1 4.43589 41.6986 -0.005503 0.0332987
1 5.55043 41.6967 -0.0058029 0.0214518
1 6.66726 41.6941 0.00351284 0.0228849
1 7.78539 41.6913 0.0214263 0.019791
1 8.90454 41.6867 0.034816 0.0224646
1 10.0249 41.682 0.0365073 0.0138895
1 11.1473 41.6773 0.0353785 0.00603964
1 12.2708 41.6713 0.0362947 0.0104707
1 13.3929 41.6624 0.0379964 0.0263995
1 14.5133 41.6502 0.0269894 0.0342341
1 15.6341 41.6377 0.0150774 0.0314638
1 16.7579 41.6273 0.0210047 0.0164206
1 17.8843 41.6202 0.0437995 -0.0129792
1 19.0121 41.616 0.0444436 -0.0155148
1 20.1413 41.6122 0.0231169 -0.00254833
1 21.2715 41.6088 0.00312039 0.000916603
1 22.4033 41.6081 -0.00343118 0.00279177
1 23.5341 41.6104 -0.0166805 -0.000770537
1 24.6638 41.6144 -0.0363825 -0.0100664
1 25.7926 41.618 -0.0500832 -0.0173707
1 26.9194 41.6231 -0.0319412 0.00262277
1 28.0448 41.6318 -0.00897275 0.0251258
1 29.1672 41.6435 -0.0171028 0.0321262
1 30.2873 41.6563 -0.0365236 0.0335802
1 31.4079 41.6675 -0.0425438 0.0245453
1 32.5305 41.6755 -0.040769 0.008944
1 33.653 41.6803 -0.0379771 0.00827747
1 34.7743 41.6849 -0.0310619 0.0157527
1 35.895 41.6895 -0.0153167 0.0183954
1 37.0146 41.6924 0.000449432 0.0167956
1 38.1319 41.6952 0.00730495 0.0230662
1 39.2474 41.6981 0.0132129 0.0240012
1 40.3611 41.6994 0.0214296 0.0371902
1 41.4734 41.6999 0.0252061 0.0414376
1 42.5857 41.6998 0.0307189 0.0436897
1 43.6995 41.6996 0.0402764 0.0504279
1 0.541635 42.6633 -0.0392151 0.0509823
1 1.65572 42.6637 -0.0296431 0.0457315
1 2.76773 42.6647 -0.0274083 0.0398788
1 3.88042 42.6643 -0.0212282 0.0352693
1 4.9941 42.6623 -0.0164772 0.0271346
1 6.10965 42.6594 -0.00913827 0.0236874
1 7.22656 42.6559 0.00317821 0.021282
1 8.3457 42.6525 0.0127152 0.0221827
1 9.46617 42.6475 0.0272475 0.0143893
1 10.5881 42.6426 0.0379526 0.0102906
1 11.7111 42.6368 0.0437729 0.00860151
1 12.8344 42.6295 0.0421209 0.0123931
1 13.9566 42.6189 0.0364238 0.0220992
1 15.077 42.6055 0.0266007 0.0315491
1 16.1984 42.5921 0.0256636 0.0267754
1 17.3223 42.5809 0.0442052 -0.000432725
1 18.4484 42.574 0.0468723 -0.0221348
1 19.578 42.5685 0.0284116 -0.0081854
1 20.708 42.5626 0.00692603 0.00736822
1 21.8376 42.5598 -0.000501161 0.013826
1 22.9678 42.561 0.00153504 0.0111238
1 24.0976 42.5656 -0.0168146 0.00157177
1 25.2276 42.5715 -0.0399391 -0.0161639
1 26.3553 42.5774 -0.0505207 -0.0162409
1 27.4801 42.5858 -0.0390091 0.0121721
1 28.6026 42.5979 -0.0261424 0.0306667
1 29.7234 42.6122 -0.0316142 0.0326477
1 30.8449 42.625 -0.0393863 0.0206496
1 31.9681 42.6341 -0.0350476 0.0105486
1 33.0917 42.6409 -0.0379608 0.00583733
1 34.2136 42.6457 -0.0373678 0.0113713
1 35.3341 42.65 -0.0247523 0.0170819
1 36.4542 42.6539 -0.0167122 0.0167079
1 37.5724 42.6573 -0.00969447 0.0218907
1 38.6892 42.6612 0.00461053 0.0261254
1 39.8039 42.6638 0.00966205 0.0304811
1 40.9164 42.6648 0.0140791 0.0403879
1 42.0284 42.6646 0.0199422 0.0514797
1 43.1412 42.6639 0.0251717 0.0486465
1 44.262 42.6634 0.0242164 0.0505406
1 -0.0203077 43.6266 -0.0201703 0.0622918
1 1.10004 43.6274 -0.0275599 0.0568351
1 2.21244 43.6288 -0.0232137 0.052245
1 3.32484 43.6289 -0.0208151 0.0428201
1 4.43779 43.6279 -0.0163532 0.0311204
1 5.55306 43.6249 -0.00993492 0.024822
1 6.67012 43.6212 0.00826054 0.023953
1 7.78761 43.6176 0.0213441 0.025451
1 8.90678 43.6128 0.0306731 0.022111
1 10.0277 43.6077 0.0305239 0.0186324
1 11.151 43.602 0.0304212 0.0148997
1 12.2757 43.5945 0.0390426 0.0100419
1 13.4 43.5856 0.043138 0.0160023
1 14.5225 43.5739 0.0380389 0.0270513
1 15.6436 43.5598 0.0381007 0.0303037
1 16.7647 43.5457 0.0470541 0.0227964
1 17.8882 43.5344 0.0487841 -0.000195057
1 19.0155 43.526 0.0275221 -0.00276751
1 20.1453 43.5184 -0.00345595 0.011197
1 21.2743 43.5133 -0.00998659 0.020184
1 22.4027 43.5127 0.00527144 0.0230653
1 23.5303 43.5159 0.00911534 0.0169255
1 24.6598 43.5224 -0.0137701 0.00717902
1 25.7889 43.5304 -0.0469792 -0.0061578
1 26.9136 43.5396 -0.0548787 0.00654132
1 28.0359 43.5517 -0.0376081 0.0281133
1 29.1576 43.5661 -0.0302395 0.0314622
1 30.2794 43.5803 -0.0350708 0.024098
1 31.4029 43.5909 -0.0440733 0.014376
1 32.5271 43.5994 -0.0435492 0.0155017
1 33.6499 43.6062 -0.0354424 0.0140494
1 34.7718 43.6105 -0.0241237 0.0148282
1 35.8936 43.6146 -0.00942676 0.0247002
1 37.0127 43.6189 -0.00531579 0.0280343
1 38.1294 43.6231 0.0043388 0.0228293
1 39.2454 43.6271 0.0144769 0.0304338
1 40.3595 43.6294 0.0220042 0.0371843
1 41.472 43.6295 0.021559 0.0482622
1 42.5837 43.6283 0.0266526 0.0546984
1 43.6975 43.6264 0.030112 0.0558049
1 0.542092 44.5897 -0.0290706 0.0623217
1 1.65607 44.592 -0.0237579 0.0502634
1 2.7682 44.5931 -0.0229509 0.0465212
1 3.88118 44.5926 -0.0201153 0.0297499
1 4.99594 44.59 -0.0165921 0.0164622
1 6.11236 44.5861 -0.00761972 0.00892026
1 7.22996 44.5827 0.00647402 0.0141344
1 8.34916 44.5781 0.0209109 0.0195199
1 9.46998 44.5727 0.0276919 0.0138758
1 10.5927 44.5666 0.032148 0.00825692
1 11.7175 44.5589 0.0418377 0.00145362
1 12.8432 44.5504 0.0489571 -0.00294468
1 13.9679 44.5405 0.0439333 0.00450274
1 15.0905 44.5277 0.035909 0.0156596
1 16.2117 44.5132 0.0443201 0.0181111
1 17.3332 44.4987 0.0527014 0.0143778
1 18.4572 44.4865 0.0359464 0.00750685
1 19.5842 44.4763 0.00258479 0.0090047
1 20.7117 44.4688 -0.0159919 0.00754659
1 21.8387 44.4661 -0.00667935 0.00748919
1 22.9653 44.4674 0.0158289 0.00853724
1 24.0921 44.4728 0.0134156 0.0115891
1 25.2196 44.4817 -0.0200021 0.00712436
1 26.3455 44.4924 -0.0489835 0.00582898
1 27.4681 44.5053 -0.05019 0.0131895
1 28.5893 44.5193 -0.0407114 0.0170867
1 29.7112 44.5338 -0.0424766 0.0154461
1 30.835 44.5462 -0.0481118 0.00337585
1 31.9602 44.5554 -0.0429883 0.00148645
1 33.0857 44.5645 -0.0311333 0.0063882
1 34.2096 44.5707 -0.0291397 0.00588307
1 35.3312 44.5746 -0.0288894 0.014078
1 36.4511 44.5799 -0.0255776 0.0198654
1 37.5688 44.5845 -0.0061549 0.00866595
1 38.6862 44.5882 0.0158003 0.0148137
1 39.8023 44.5926 0.0247289 0.0241237
1 40.9157 44.594 0.0221042 0.0365948
1 42.0278 44.5934 0.0226532 0.0461278
1 43.1397 44.5908 0.0267588 0.0542463
1 44.2588 44.5888 0.0224906 0.0597803
1 -0.0217636 45.5508 -0.016419 0.0587157
1 1.0991 45.5537 -0.0194959 0.0550457
1 2.21132 45.557 -0.0162753 0.0543744
1 3.32428 45.5573 -0.012752 0.0387254
1 4.43869 45.5553 -0.0174643 0.0260609
1 5.55486 45.5511 -0.0082619 0.0125342
1 6.67303 45.5468 0.00376886 0.00266089
1 7.79225 45.5431 0.0197924 0.0106429
1 8.9122 45.5381 0.0320191 0.0172927
1 10.0342 45.5315 0.030054 0.0144439
1 11.1592 45.5232 0.0305929 0.0019874
1 12.2862 45.5138 0.0439382 -0.0101014
1 13.4135 45.5046 0.0500622 -0.00833825
1 14.5383 45.4947 0.0470041 0.00197696
1 15.6604 45.4815 0.0453544 0.0133747
1 16.7811 45.4659 0.0443198 0.0238641
1 17.903 45.4509 0.0362551 0.027602
1 19.0271 45.4379 0.0136262 0.0225527
1 20.1521 45.4276 -0.00760103 0.0116381
1 21.2768 45.4217 -0.00708238 0.000890782
1 22.4014 45.4207 0.0008359 -0.00185715
1 23.5257 45.4245 0.0111088 0.00463735
1 24.6506 45.4331 0.00100197 0.0134793
1 25.7754 45.4444 -0.0299974 0.0224607
1 26.8984 45.4579 -0.0426057 0.0249984
1 28.0197 45.4728 -0.0411013 0.0169424
1 29.1411 45.4873 -0.0427392 0.0134762
1 30.2647 45.5 -0.0469507 0.00344223
1 31.391 45.5103 -0.0557285 -0.011516
1 32.5174 45.5198 -0.0464829 -0.00373332
1 33.6431 45.529 -0.0300357 0.00778202
1 34.7669 45.535 -0.0308709 0.0107842
1 35.8881 45.5398 -0.0238057 0.0184213
1 37.008 45.5448 -0.00721321 0.00454745
1 38.1268 45.5488 0.00527434 -0.00172361
1 39.2437 45.5537 0.0174661 0.0186905
1 40.3591 45.5575 0.0191471 0.0343372
1 41.4725 45.5582 0.0174296 0.0458237
1 42.5852 45.5558 0.0248176 0.0550594
1 43.6989 45.5518 0.0272919 0.0647666
1 0.53982 46.5132 -0.0211531 0.0631156
1 1.65305 46.52 -0.0201465 0.0643738
1 2.76682 46.5214 -0.0198968 0.0544627
1 3.88245 46.5202 -0.0194701 0.041079
1 4.99885 46.5167 -0.00951093 0.0211631
1 6.11654 46.5113 -0.00160833 0.0103665
1 7.23559 46.507 0.0109223 0.00365838
1 8.3559 46.5034 0.0282782 0.0165166
1 9.47804 46.4972 0.035074 0.0260073
1 10.6029 46.4881 0.0411006 0.0146508
1 11.7292 46.4775 0.0549843 -0.00534888
1 12.8569 46.4672 0.0539042 -0.0112137
1 13.9846 46.459 0.0450094 -0.00814269
1 15.1094 46.4496 0.039958 0.0127801
1 16.2311 46.4353 0.0322839 0.0348359
1 17.3519 46.4185 0.0313811 0.0485703
1 18.4737 46.4028 0.0262 0.044936
1 19.5967 46.3901 0.00838745 0.0217119
1 20.7193 46.3814 0.00375988 0.00519175
1 21.8399 46.3772 0.00221566 0.00535009
1 22.9605 46.3786 -0.00144776 0.00535169
1 24.0825 46.3859 -0.00632029 0.00966242
1 25.2049 46.3968 -0.0186769 0.0319429
1 26.3278 46.4103 -0.0315791 0.0492635
1 27.449 46.4261 -0.0348797 0.0394672
1 28.5693 46.4414 -0.0355642 0.0232085
1 29.6925 46.4538 -0.0384254 0.00914841
1 30.8195 46.4637 -0.0480881 -0.00496375
1 31.9474 46.4738 -0.0528129 -0.00969172
1 33.0746 46.4848 -0.0424524 0.00608887
1 34.2006 46.494 -0.0357821 0.0185539
1 35.3238 46.4996 -0.029693 0.0171302
1 36.4453 46.504 -0.0120211 0.00797433
1 37.5659 46.5085 -0.00641721 0.00324699
1 38.6841 46.5144 -0.00130198 0.0132261
1 39.8009 46.5198 0.00597145 0.0332101
1 40.9163 46.5222 0.00527898 0.0435767
1 42.031 46.5205 0.0121761 0.0572114
1 43.1451 46.5171 0.0167063 0.0686984
1 44.267 46.509 0.0127686 0.0650814
1 -0.0342972 47.4674 -0.011849 0.0609053
1 1.08875 47.4853 -0.0160106 0.0652975
1 2.20617 47.4886 -0.00691976 0.0548215
1 3.32319 47.4878 -0.00223557 0.0433048
1 4.44127 47.4856 -0.00362413 0.0163897
1 5.55966 47.4813 -0.000119489 0.00575813
1 6.67884 47.475 0.00809413 -0.00499924
1 7.79892 47.4713 0.0136913 -0.0014726
1 8.92171 47.4666 0.0288555 0.0156091
1 10.0474 47.4574 0.0446905 0.0133122
1 11.1741 47.4468 0.0573621 -0.00797569
1 12.3014 47.4351 0.0653233 -0.0147355
1 13.4284 47.425 0.0473459 -0.0204807
1 14.5558 47.419 0.0251723 -0.0057018
1 15.6815 47.4085 0.0171501 0.0235663
1 16.8037 47.3924 0.019378 0.04182
1 17.9243 47.3752 0.0321059 0.0546304
1 19.0448 47.3597 0.034143 0.0339107
1 20.1648 47.349 0.0155651 -0.0012673
1 21.283 47.3429 0.000218438 0.000577108
1 22.3988 47.3412 -0.000990406 0.00775531
1 23.5156 47.3456 -0.00667032 -0.00187454
1 24.6352 47.3546 -0.0235867 0.0157121
1 25.7564 47.3674 -0.0355247 0.0461809
1 26.8771 47.3833 -0.0281927 0.0477317
1 27.9977 47.3999 -0.0170717 0.0312826
1 29.1211 47.4131 -0.0191441 0.00999141
1 30.2475 47.4214 -0.036197 -0.0092788
1 31.3752 47.4311 -0.059728 -0.0149311
1 32.5024 47.4429 -0.0657122 -0.0143177
1 33.6296 47.4538 -0.0500043 0.00436803
1 34.7566 47.4628 -0.0325774 0.0144256
1 35.881 47.4675 -0.0189823 -0.000177324
1 37.0015 47.4713 -0.0160289 -0.00498412
1 38.1201 47.4785 -0.00833899 0.000137961
1 39.239 47.4842 0.00715329 0.00831941
1 40.3579 47.4883 0.0121583 0.0361686
1 41.4762 47.4892 0.0126081 0.046391
1 42.5935 47.4862 0.0202183 0.0639223
1 43.7114 47.4797 0.0134506 0.0678145
