1 0.651377 0.117752 0.0662231 0.0782052
1 1.76891 0.110484 0.0673139 0.0779565
1 2.88358 0.10832 0.0707955 0.073169
1 3.99754 0.105538 0.0638138 0.085544
1 5.11271 0.102357 0.0613536 0.0758408
1 6.22727 0.104029 0.0680497 0.0574325
1 7.34093 0.108976 0.0668106 0.0514622
1 8.45339 0.114484 0.0775488 0.051396
1 9.56394 0.119622 0.0865077 0.053958
1 10.6738 0.124314 0.0901394 0.0553607
1 11.7829 0.128735 0.0940514 0.0581024
1 12.8924 0.132314 0.077846 0.0682913
1 14.005 0.134425 0.0426396 0.0806276
1 15.1216 0.135344 0.0168755 0.0883583
1 16.2404 0.135637 0.00446784 0.0912261
1 17.3601 0.135683 0.000760945 0.0917981
1 18.4801 0.135687 0.000133623 0.0920536
1 19.6001 0.135749 -0.000801228 0.0920506
1 20.7201 0.135773 -0.000670453 0.0916287
1 21.8401 0.135702 -8.36649e-05 0.0919741
1 22.9601 0.135617 7.46293e-05 0.0918924
1 24.0801 0.135612 0.000744077 0.0917023
1 25.2 0.135607 0.000670901 0.0919849
1 26.32 0.135576 -0.000332567 0.092256
1 27.4398 0.135527 -0.00208169 0.0916561
1 28.5592 0.135414 -0.00900433 0.0900249
1 29.6772 0.13495 -0.0278667 0.0850344
1 30.7919 0.133559 -0.0600958 0.0747917
1 31.9026 0.130724 -0.0891523 0.062442
1 33.0116 0.126677 -0.0921213 0.05607
1 34.121 0.122187 -0.08867 0.05496
1 35.2308 0.117323 -0.0853341 0.0524487
1 36.342 0.111885 -0.0716591 0.0509155
1 37.4554 0.106083 -0.0648776 0.0505173
1 38.5699 0.101384 -0.0625428 0.061802
1 39.6855 0.102233 -0.0634545 0.0886919
1 40.7997 0.107156 -0.0754367 0.0851486
1 41.9139 0.108994 -0.0669032 0.073472
1 43.0298 0.113528 -0.0725244 0.085768
1 44.1501 0.129737 -0.0719866 0.0736209
1 0.0972013 1.08897 0.0743163 0.0809491
1 1.21777 1.08044 0.0707366 0.0792353
1 2.33059 1.07643 0.0704607 0.0745573
1 3.44377 1.07426 0.0720388 0.0777789
1 4.55644 1.07096 0.0737652 0.0855983
1 5.66956 1.06991 0.0672669 0.0667042
1 6.78242 1.07372 0.0702503 0.0497766
1 7.89453 1.0795 0.0747458 0.0491742
1 9.00561 1.08507 0.0839603 0.0510045
1 10.1156 1.09022 0.0873245 0.0532828
1 11.2254 1.09468 0.0858718 0.0603213
1 12.3355 1.09788 0.0783513 0.0712845
1 13.4474 1.09975 0.0533721 0.0812445
1 14.5627 1.10059 0.0255412 0.0877946
1 15.6808 1.10091 0.00890373 0.0905741
1 16.8002 1.101 0.00210176 0.0916669
1 17.92 1.10099 0.000610794 0.0917779
1 19.04 1.10101 -0.00045675 0.0914688
1 20.1601 1.10106 -0.000624573 0.0915789
1 21.2801 1.10105 -0.000343981 0.091448
1 22.4002 1.10098 0.000101833 0.091151
1 23.5201 1.10094 6.86147e-05 0.0914134
1 24.64 1.10093 0.000677476 0.091587
1 25.76 1.10089 0.000129862 0.0916554
1 26.8799 1.10086 -0.00142367 0.091796
1 27.9996 1.10084 -0.00445367 0.0912844
1 29.1186 1.10071 -0.0153263 0.0893175
1 30.2354 1.10024 -0.0381938 0.0848769
1 31.349 1.099 -0.0672021 0.0765108
1 32.4597 1.09654 -0.0836092 0.0659072
1 33.5694 1.09274 -0.0871651 0.0563959
1 34.679 1.08793 -0.0872546 0.0517266
1 35.7895 1.08252 -0.0769028 0.0495789
1 36.9015 1.07649 -0.0734615 0.0477851
1 38.0135 1.07074 -0.0756116 0.0546178
1 39.1263 1.06877 -0.0635012 0.0750343
1 40.2401 1.07158 -0.0611756 0.0850816
1 41.3538 1.07509 -0.0637554 0.0809129
1 42.4668 1.07834 -0.0664112 0.0742439
1 43.5804 1.08564 -0.0636533 0.078255
1 0.663576 2.04542 0.0673584 0.0787148
1 1.77713 2.0413 0.0653438 0.0746825
1 2.88927 2.03864 0.0652511 0.0798141
1 4.00167 2.03529 0.0672484 0.0869552
1 5.11431 2.03304 0.0659661 0.0724304
1 6.22604 2.03525 0.0794102 0.0562294
1 7.33665 2.04014 0.0794264 0.0515802
1 8.44771 2.04587 0.0781496 0.0497685
1 9.55814 2.05139 0.0817364 0.0543719
1 10.6687 2.05567 0.0768635 0.0650358
1 11.7797 2.05851 0.0748913 0.0746381
1 12.8912 2.06027 0.0641866 0.0821397
1 14.0048 2.06121 0.0381904 0.0879652
1 15.1216 2.06162 0.01633 0.0913062
1 16.2404 2.06174 0.00451473 0.0926607
1 17.3601 2.06174 0.00069924 0.0928548
1 18.48 2.06178 0.00011718 0.0928944
1 19.6001 2.06181 -0.000449309 0.0927254
1 20.7201 2.06181 -0.000308651 0.092573
1 21.8401 2.06181 3.35936e-05 0.0925218
1 22.9602 2.06177 -2.29599e-05 0.0925706
1 24.0801 2.06171 0.000382891 0.0925541
1 25.2 2.06169 0.000500097 0.0928015
1 26.32 2.06166 -0.000368138 0.0929121
1 27.4398 2.06162 -0.00178593 0.0928302
1 28.5592 2.06159 -0.00878656 0.092141
1 29.6772 2.06142 -0.0259718 0.0896199
1 30.7924 2.06084 -0.0514319 0.0850774
1 31.9047 2.05956 -0.0710696 0.0786527
1 33.0159 2.05735 -0.0752452 0.0706573
1 34.1266 2.05392 -0.0818715 0.060476
1 35.2366 2.04905 -0.0842789 0.0511966
1 36.3473 2.04312 -0.073209 0.0473667
1 37.4589 2.03697 -0.0734075 0.0489151
1 38.5701 2.03263 -0.0751642 0.0652732
1 39.6819 2.03313 -0.0715031 0.0836437
1 40.7945 2.03629 -0.0689419 0.0806308
1 41.9068 2.03939 -0.0714501 0.0777486
1 43.019 2.04394 -0.0697571 0.0794335
1 44.141 2.0489 -0.0752824 0.0785712
1 0.101855 3.00725 0.0691396 0.0791727
1 1.22278 3.00546 0.0718295 0.0735916
1 2.33498 3.0025 0.0669883 0.0735102
1 3.44738 2.99928 0.070493 0.0811149
1 4.55875 2.99646 0.0753573 0.0760729
1 5.67008 2.99701 0.0727589 0.0589516
1 6.78057 3.0009 0.0781831 0.0505442
1 7.89105 3.00631 0.0738662 0.0479262
1 9.00197 3.01166 0.0752626 0.0542417
1 10.1129 3.01565 0.0719437 0.0654954
1 11.2245 3.01827 0.0694217 0.0732186
1 12.336 3.02003 0.0707018 0.0781949
1 13.4481 3.02117 0.0542025 0.0833646
1 14.5631 3.02171 0.028128 0.0875301
1 15.6809 3.0219 0.01055 0.0894904
1 16.8002 3.02195 0.00267452 0.0899715
1 17.92 3.02197 0.000614547 0.0899656
1 19.04 3.02199 -0.000226346 0.0898704
1 20.1601 3.02202 -0.000209068 0.0897474
1 21.2801 3.02203 -0.000348189 0.0897148
1 22.4002 3.02201 0.000127623 0.0897414
1 23.5202 3.02197 7.15722e-05 0.089733
1 24.6401 3.02193 0.00024152 0.0897932
1 25.76 3.02188 -0.000386797 0.0899696
1 26.8799 3.02184 -0.00166747 0.0899804
1 27.9995 3.02183 -0.0051664 0.0896894
1 29.1183 3.02177 -0.0173466 0.0884505
1 30.2348 3.0215 -0.0405267 0.0854969
1 31.3482 3.02072 -0.0647313 0.0807735
1 32.4597 3.01928 -0.0707622 0.0760105
1 33.5714 3.01719 -0.0690106 0.0704663
1 34.6826 3.01405 -0.0749442 0.0610967
1 35.7934 3.00938 -0.0745829 0.0500171
1 36.9043 3.00351 -0.0801588 0.0450024
1 38.014 2.99802 -0.084369 0.0513176
1 39.1245 2.99553 -0.0696806 0.0682721
1 40.2363 2.99687 -0.0655726 0.0807959
1 41.3481 3.00054 -0.0641114 0.0803872
1 42.4599 3.00418 -0.0635302 0.0723842
1 43.5739 3.00694 -0.0598505 0.0749125
1 0.666266 3.9686 0.0652977 0.0746652
1 1.78051 3.96663 0.0679392 0.0780812
1 2.89272 3.9635 0.0651621 0.0843936
1 4.00453 3.9603 0.0665301 0.0813082
1 5.11606 3.95968 0.0685881 0.0667501
1 6.22607 3.96273 0.0871914 0.0563443
1 7.33517 3.96734 0.076738 0.0555397
1 8.44651 3.97202 0.0636182 0.0608817
1 9.55818 3.9757 0.0672212 0.0701838
1 10.6699 3.9782 0.0668841 0.0771029
1 11.7815 3.98001 0.0723181 0.0807475
1 12.8927 3.98132 0.0686447 0.0851816
1 14.0056 3.98202 0.0433234 0.0901471
1 15.1218 3.98229 0.0188254 0.093016
1 16.2404 3.98236 0.00525588 0.0938709
1 17.3601 3.98238 0.00104979 0.0939314
1 18.48 3.98242 0.000488634 0.0939203
1 19.6 3.98245 -0.000386299 0.0938262
1 20.72 3.98245 -0.000352629 0.0938179
1 21.8401 3.98245 4.31575e-05 0.0937868
1 22.9602 3.98243 -0.00011552 0.093842
1 24.0802 3.98239 0.000280189 0.0938129
1 25.2001 3.98235 0.00038205 0.0938938
1 26.32 3.98231 -0.000503952 0.0939364
1 27.4398 3.98228 -0.00189378 0.0937503
1 28.559 3.98228 -0.0101571 0.0933054
1 29.6767 3.98218 -0.02996 0.091689
1 30.7913 3.98175 -0.0572088 0.087894
1 31.903 3.98076 -0.0727638 0.0828058
1 33.0144 3.9792 -0.0681779 0.0791306
1 34.1262 3.97713 -0.0680525 0.0748756
1 35.2375 3.97419 -0.0694946 0.0668447
1 36.3489 3.96998 -0.0657267 0.0572568
1 37.4598 3.96481 -0.074823 0.0513417
1 38.5695 3.96033 -0.0789451 0.0590706
1 39.6797 3.95899 -0.0799893 0.0752899
1 40.7905 3.96133 -0.0725262 0.0844649
1 41.9025 3.96499 -0.0674265 0.081976
1 43.0148 3.96796 -0.0669609 0.0777168
1 44.1353 3.96879 -0.0671276 0.0764671
1 0.106118 4.93244 0.0661035 0.0658555
1 1.2259 4.93005 0.0663776 0.0736879
1 2.33835 4.92697 0.0622357 0.0817979
1 3.45085 4.92361 0.0682334 0.0816736
1 4.56132 4.92239 0.0795065 0.0707259
1 5.67104 4.92429 0.0762212 0.0588951
1 6.78101 4.92814 0.0670135 0.0584178
1 7.8925 4.93204 0.0563691 0.0630284
1 9.00447 4.93534 0.0656161 0.0698058
1 10.1157 4.93779 0.0692284 0.0753466
1 11.2272 4.93963 0.0707608 0.0784235
1 12.338 4.94106 0.0769967 0.0822349
1 13.4492 4.94192 0.0613164 0.087103
1 14.5635 4.94227 0.0319279 0.0903949
1 15.681 4.94236 0.0116301 0.0917725
1 16.8003 4.9424 0.00272642 0.0920026
1 17.92 4.94243 0.00100774 0.0919095
1 19.0399 4.94245 -0.000262084 0.0920535
1 20.16 4.94246 -0.000576024 0.0918885
1 21.2801 4.94246 -0.00028905 0.0918591
1 22.4002 4.94245 0.000150714 0.091983
1 23.5202 4.94243 5.72153e-05 0.0918441
1 24.6401 4.9424 0.000817371 0.0919941
1 25.7601 4.94237 -0.000158979 0.0920165
1 26.8799 4.94235 -0.00198091 0.0918278
1 27.9994 4.94234 -0.00587891 0.0916913
1 29.118 4.9423 -0.0197993 0.0911582
1 30.2341 4.94212 -0.0461912 0.0889434
1 31.3466 4.94156 -0.0720874 0.0847194
1 32.4574 4.9404 -0.0745784 0.080172
1 33.5687 4.93877 -0.0672413 0.0770167
1 34.6802 4.93667 -0.0672273 0.0734017
1 35.7918 4.93387 -0.0614241 0.0677143
1 36.9036 4.93022 -0.0690941 0.0609504
1 38.0134 4.92606 -0.0801716 0.0565288
1 39.1232 4.92267 -0.0693109 0.0607255
1 40.2341 4.92201 -0.0698571 0.0764762
1 41.3455 4.9248 -0.0647118 0.0860567
1 42.4582 4.92866 -0.0687141 0.0805419
1 43.5728 4.93086 -0.0735552 0.0719112
1 0.66875 5.89447 0.0620442 0.0734667
1 1.78366 5.89086 0.0575693 0.0820278
1 2.89665 5.88696 0.0604442 0.0807912
1 4.00774 5.88537 0.066839 0.0676915
1 5.11841 5.88664 0.0635959 0.060102
1 6.22864 5.88955 0.0725746 0.0575816
1 7.33884 5.89281 0.0638974 0.0608364
1 8.45065 5.89571 0.0611062 0.0655659
1 9.56195 5.89808 0.0701659 0.0701988
1 10.6731 5.89994 0.0710355 0.0736929
1 11.7839 5.90138 0.0790956 0.0773947
1 12.8941 5.90234 0.0771464 0.082305
1 14.0062 5.90278 0.0488021 0.0862771
1 15.122 5.90291 0.0209531 0.0879787
1 16.2405 5.90294 0.00585633 0.0884885
1 17.3601 5.90297 0.00115847 0.0885941
1 18.48 5.90298 0.000344128 0.0886378
1 19.6 5.90299 -0.000593303 0.0885441
1 20.72 5.90301 -0.000496909 0.0885313
1 21.8401 5.903 7.18148e-06 0.0884714
1 22.9602 5.90298 -3.81932e-06 0.088531
1 24.0802 5.90296 0.000496424 0.08852
1 25.2001 5.90293 0.000636635 0.0885439
1 26.32 5.90292 -0.000526401 0.0885114
1 27.4397 5.90292 -0.00241733 0.0884541
1 28.5589 5.9029 -0.0115695 0.0882041
1 29.6764 5.90284 -0.0335624 0.0872424
1 30.7903 5.90258 -0.0644399 0.0844244
1 31.9011 5.90189 -0.0808952 0.0796761
1 33.0116 5.90068 -0.0732162 0.0753078
1 34.1227 5.89901 -0.0705326 0.0720342
1 35.2337 5.89689 -0.0678485 0.0685879
1 36.3453 5.89428 -0.0573265 0.0645116
1 37.4571 5.89116 -0.0626058 0.0593437
1 38.5676 5.88782 -0.0713441 0.0572699
1 39.6775 5.88533 -0.0808323 0.0631411
1 40.7873 5.88546 -0.0719504 0.0752145
1 41.8997 5.88847 -0.0628729 0.0850452
1 43.0128 5.89238 -0.0691871 0.0797111
1 44.1324 5.89523 -0.0765334 0.0704042
1 0.109744 6.85844 0.0807981 0.0854562
1 1.23034 6.85412 0.064817 0.0956622
1 2.34357 6.84987 0.0620972 0.0934206
1 3.45539 6.84788 0.0714693 0.0814057
1 4.56512 6.84863 0.0756686 0.0712863
1 5.67516 6.85086 0.0669613 0.0677756
1 6.78582 6.8537 0.0607579 0.0693137
1 7.89736 6.85626 0.0582485 0.0737614
1 9.00868 6.85844 0.070893 0.0774702
1 10.1192 6.86023 0.0747797 0.0809989
1 11.2298 6.86161 0.0778841 0.0849993
1 12.3397 6.86253 0.0859148 0.0896717
1 13.45 6.86298 0.0680707 0.0937158
1 14.5637 6.86313 0.0349927 0.0956536
1 15.681 6.86315 0.012595 0.0962122
1 16.8002 6.86316 0.00287386 0.096375
1 17.92 6.86317 0.000990796 0.0963805
1 19.0399 6.86319 -0.000381899 0.0963557
1 20.16 6.8632 -0.000680191 0.0963121
1 21.2801 6.8632 -0.000358459 0.0962781
1 22.4002 6.86319 0.000106897 0.0962732
1 23.5202 6.86318 8.25495e-06 0.0962775
1 24.6401 6.86316 0.000874818 0.0962951
1 25.7601 6.86315 -0.000136401 0.0962442
1 26.88 6.86314 -0.00208096 0.0962992
1 27.9995 6.86314 -0.00625536 0.0962846
1 29.1179 6.86313 -0.0214886 0.0959954
1 30.2337 6.86306 -0.051071 0.0947455
1 31.3455 6.86277 -0.080452 0.0916385
1 32.4552 6.86208 -0.0828753 0.0870923
1 33.5656 6.86091 -0.0732925 0.0828223
1 34.6763 6.85928 -0.0716234 0.0790745
1 35.7873 6.85722 -0.0632646 0.0758863
1 36.8989 6.85482 -0.0658616 0.0727307
1 38.0092 6.85212 -0.0709237 0.0700392
1 39.1198 6.84947 -0.0599288 0.069052
1 40.2305 6.84769 -0.0670248 0.0745946
1 41.3412 6.848 -0.0614881 0.0881164
1 42.4541 6.85134 -0.0526249 0.0973905
1 43.5699 6.856 -0.0544027 0.0907614
1 0.674363 7.81687 0.0519507 0.0987146
1 1.79 7.81197 0.0539482 0.0932177
1 2.90228 7.80972 0.0635018 0.0788469
1 4.01252 7.81022 0.0675745 0.0673505
1 5.12321 7.81222 0.0610576 0.0653218
1 6.2337 7.81452 0.0722632 0.0661783
1 7.34376 7.81682 0.0678395 0.0689467
1 8.45496 7.81884 0.0667479 0.0719541
1 9.56551 7.82054 0.0760839 0.075355
1 10.6758 7.82183 0.0785168 0.0797315
1 11.7857 7.82266 0.0881663 0.0842378
1 12.895 7.82309 0.08457 0.0879529
1 14.0064 7.82323 0.0521524 0.0899407
1 15.122 7.82325 0.0218263 0.0904589
1 16.2405 7.82326 0.00588574 0.0904779
1 17.3601 7.82326 0.000982301 0.0904498
1 18.48 7.82327 0.000266513 0.090479
1 19.6 7.82328 -0.000683256 0.0904583
1 20.72 7.82329 -0.000559168 0.0904627
1 21.8401 7.82328 -3.93017e-06 0.0904075
1 22.9602 7.82327 2.55023e-05 0.0904013
1 24.0802 7.82326 0.000657373 0.0903743
1 25.2001 7.82325 0.000725293 0.0904016
1 26.32 7.82324 -0.000446753 0.0904426
1 27.4398 7.82324 -0.00233574 0.0904676
1 28.5589 7.82324 -0.0119056 0.0904285
1 29.6763 7.82323 -0.0355275 0.0901867
1 30.7898 7.82317 -0.0699094 0.0889241
1 31.8997 7.82288 -0.0895455 0.0859257
1 33.0093 7.82223 -0.0815903 0.0817633
1 34.1195 7.82113 -0.0771101 0.0773566
1 35.2297 7.81956 -0.07311 0.0735313
1 36.3406 7.81764 -0.0614624 0.0705604
1 37.452 7.81541 -0.0634012 0.067309
1 38.5626 7.81296 -0.0670997 0.0655632
1 39.6729 7.81068 -0.0752529 0.067586
1 40.7828 7.80925 -0.0710483 0.0734233
1 41.8944 7.80985 -0.0639239 0.0863203
1 43.0078 7.81337 -0.0636192 0.0989346
1 44.1304 7.81895 -0.07799 0.0997514
1 0.11197 8.77843 0.0687905 0.107798
1 1.23578 8.77378 0.0630765 0.0957992
1 2.34892 8.7718 0.0666781 0.0777205
1 3.46017 8.7723 0.0731686 0.0673588
1 4.56981 8.77402 0.0758843 0.0634755
1 5.68 8.77612 0.0685706 0.0633256
1 6.79052 8.77827 0.0652368 0.0651774
1 7.90155 8.78015 0.0644138 0.0689315
1 9.01219 8.78168 0.0777281 0.0726741
1 10.1219 8.78285 0.0828515 0.0773138
1 11.2316 8.78356 0.0867869 0.0822177
1 12.3406 8.78388 0.0934694 0.0860369
1 13.4502 8.78397 0.071882 0.0881779
1 14.5637 8.78397 0.0359716 0.0887967
1 15.681 8.78396 0.0126656 0.0888355
1 16.8002 8.78396 0.00281715 0.0888231
1 17.92 8.78396 0.000859376 0.0888033
1 19.0399 8.78397 -0.000503522 0.0887887
1 20.16 8.78397 -0.000707683 0.0888056
1 21.2801 8.78398 -0.000412558 0.0887857
1 22.4002 8.78398 0.000173213 0.0887401
1 23.5202 8.78397 0.000106719 0.0887381
1 24.6401 8.78396 0.00090888 0.0887516
1 25.7601 8.78395 -5.0925e-05 0.0887359
1 26.88 8.78395 -0.00193957 0.0887816
1 27.9995 8.78395 -0.00623666 0.0888127
1 29.1179 8.78395 -0.0219571 0.0887534
1 30.2335 8.78396 -0.0534119 0.0884133
1 31.3449 8.78393 -0.0863614 0.0870336
1 32.4538 8.78371 -0.0914216 0.0839716
1 33.5633 8.78317 -0.0818385 0.0795734
1 34.6731 8.78217 -0.0787896 0.074569
1 35.7834 8.78072 -0.0691298 0.0703585
1 36.8944 8.77893 -0.071164 0.067051
1 38.0042 8.77687 -0.074696 0.0648886
1 39.1147 8.7747 -0.0614704 0.0635098
1 40.2254 8.7726 -0.0679473 0.0638199
1 41.3354 8.77122 -0.0659438 0.072103
1 42.447 8.77185 -0.0562553 0.0878624
1 43.5621 8.77557 -0.048281 0.106293
1 0.681912 9.73467 0.0530579 0.106059
1 1.79627 9.73314 0.0616624 0.0857932
1 2.90729 9.73389 0.068585 0.0736297
1 4.01715 9.73571 0.069629 0.0688428
1 5.12776 9.73776 0.0638769 0.0695235
1 6.23804 9.73967 0.0773906 0.0716624
1 7.34764 9.74139 0.0740709 0.0748919
1 8.45824 9.74277 0.0737703 0.0792446
1 9.56806 9.74375 0.084448 0.0841169
1 10.6775 9.7443 0.0873228 0.0890258
1 11.7866 9.74447 0.0954997 0.0927212
1 12.8953 9.74443 0.0887414 0.0946259
1 14.0064 9.74435 0.053384 0.0950627
1 15.122 9.74431 0.0218648 0.0949719
1 16.2405 9.7443 0.00575185 0.0948296
1 17.3601 9.7443 0.000895221 0.0947744
1 18.48 9.7443 0.000226173 0.0947676
1 19.6 9.7443 -0.000744698 0.094746
1 20.72 9.74431 -0.000592067 0.0947532
1 21.8401 9.74431 1.2819e-05 0.0947274
1 22.9602 9.74431 6.00313e-05 0.09473
1 24.0802 9.74431 0.000728676 0.0947276
1 25.2001 9.7443 0.000773207 0.094753
1 26.32 9.74429 -0.000401305 0.094773
1 27.4397 9.74429 -0.00233829 0.0947542
1 28.5589 9.7443 -0.0119171 0.0947818
1 29.6763 9.74433 -0.0360915 0.0949212
1 30.7897 9.74439 -0.0725801 0.0947873
1 31.8992 9.74445 -0.0955465 0.0936288
1 33.0079 9.74437 -0.0897734 0.0907309
1 34.1172 9.74396 -0.0858735 0.0862612
1 35.2266 9.74313 -0.0810451 0.0812724
1 36.3369 9.74188 -0.0679846 0.0766731
1 37.4477 9.74024 -0.0682668 0.0724903
1 38.558 9.7383 -0.0702994 0.0699027
1 39.6682 9.73625 -0.0775766 0.0692895
1 40.7778 9.73425 -0.073366 0.071231
1 41.8887 9.73281 -0.0665877 0.0777661
1 43.001 9.73299 -0.0611387 0.0939464
1 44.1246 9.73616 -0.0510901 0.111944
1 0.120373 10.695 0.0430123 0.103736
1 1.24243 10.6939 0.0619407 0.083149
1 2.35404 10.6951 0.0690636 0.0722906
1 3.4646 10.697 0.0748149 0.0697025
1 4.57403 10.699 0.0785631 0.0701127
1 5.68401 10.7008 0.0730864 0.0725158
1 6.79411 10.7024 0.0720999 0.0767485
1 7.90453 10.7036 0.0727394 0.0820489
1 9.01444 10.7043 0.0867612 0.0870916
1 10.1234 10.7047 0.0913307 0.0914948
1 11.2324 10.7048 0.0936321 0.0948739
1 12.3409 10.7046 0.0977049 0.0966422
1 13.4503 10.7044 0.073266 0.0968754
1 14.5637 10.7043 0.0360676 0.0964725
1 15.681 10.7043 0.012618 0.0961773
1 16.8002 10.7043 0.0027928 0.0960804
1 17.92 10.7043 0.000814857 0.0960387
1 19.0399 10.7043 -0.000531943 0.0960451
1 20.16 10.7043 -0.000713003 0.0960494
1 21.2801 10.7043 -0.000434911 0.0960513
1 22.4002 10.7043 0.000169768 0.0960481
1 23.5202 10.7043 0.000115502 0.0960307
1 24.6401 10.7043 0.000876026 0.0960327
1 25.7601 10.7043 -7.78988e-05 0.0959926
1 26.88 10.7043 -0.00189977 0.0960017
1 27.9995 10.7043 -0.0061916 0.0960595
1 29.118 10.7043 -0.0219626 0.0962323
1 30.2336 10.7044 -0.0540747 0.0965984
1 31.3448 10.7045 -0.089216 0.096773
1 32.4532 10.7047 -0.0972852 0.0957479
1 33.562 10.7047 -0.0897617 0.0929945
1 34.6711 10.7045 -0.0876268 0.0888153
1 35.7806 10.7038 -0.0774868 0.0838784
1 36.891 10.7028 -0.078481 0.0787971
1 38.0003 10.7013 -0.0808111 0.0746404
1 39.1105 10.6996 -0.0660391 0.07124
1 40.2209 10.6976 -0.0712218 0.0685965
1 41.3306 10.6955 -0.0697613 0.0696393
1 42.4413 10.6938 -0.0646972 0.0761542
1 43.5549 10.6932 -0.0584891 0.092621
1 0.687908 11.6546 0.0621725 0.0751515
1 1.80105 11.6565 0.0671638 0.0680907
1 2.91145 11.6586 0.0721331 0.0678177
1 4.021 11.6606 0.0740578 0.0707034
1 5.13129 11.6622 0.0709286 0.0758115
1 6.24107 11.6634 0.0866258 0.0810558
1 7.35007 11.6643 0.0837057 0.0860823
1 8.46005 11.6649 0.0830774 0.0911876
1 9.56923 11.6651 0.0927599 0.0953502
1 10.6781 11.665 0.0936238 0.0981284
1 11.7868 11.6648 0.0994362 0.099721
1 12.8952 11.6645 0.090253 0.0999401
1 14.0064 11.6643 0.0534222 0.0992447
1 15.122 11.6642 0.0216093 0.0986457
1 16.2405 11.6642 0.00559413 0.0983971
1 17.3601 11.6642 0.000861888 0.098345
1 18.48 11.6642 0.000231414 0.0983514
1 19.6 11.6642 -0.000763607 0.0983773
1 20.72 11.6642 -0.000593235 0.0984043
1 21.8401 11.6642 3.26842e-05 0.0983905
1 22.9602 11.6642 5.94452e-05 0.0983664
1 24.0802 11.6642 0.000731087 0.0983469
1 25.2001 11.6642 0.000770246 0.0983171
1 26.32 11.6642 -0.000415999 0.0982969
1 27.4397 11.6642 -0.00233676 0.0983148
1 28.5589 11.6642 -0.0117355 0.0984459
1 29.6763 11.6642 -0.0358756 0.0988796
1 30.7898 11.6644 -0.0732255 0.0995884
1 31.8991 11.6646 -0.0984137 0.0999104
1 33.0075 11.6649 -0.0950843 0.0988495
1 34.1163 11.665 -0.0934946 0.0964528
1 35.225 11.6649 -0.0904722 0.0929195
1 36.3346 11.6645 -0.0777487 0.0881841
1 37.4448 11.6637 -0.0770732 0.082666
1 38.5546 11.6625 -0.0774025 0.0771923
1 39.6644 11.661 -0.0832714 0.0725064
1 40.7736 11.6592 -0.0779534 0.0691147
1 41.8837 11.6572 -0.0714025 0.0671095
1 42.9943 11.6551 -0.0667313 0.0700044
1 44.1139 11.6542 -0.04602 0.0830739
1 0.13065 12.6172 0.0593245 0.0569146
1 1.24829 12.6187 0.0729337 0.0564
1 2.35828 12.6206 0.0765631 0.0609126
1 3.4681 12.6223 0.0828986 0.0670984
1 4.57693 12.6235 0.0875106 0.0728422
1 5.68637 12.6244 0.0821074 0.0784862
1 6.79594 12.625 0.0816996 0.0835498
1 7.90578 12.6254 0.082143 0.0873966
1 9.01516 12.6254 0.0946541 0.0902831
1 10.1237 12.6253 0.0966949 0.0917636
1 11.2325 12.625 0.0969335 0.0922844
1 12.3408 12.6247 0.0992047 0.0919241
1 13.4501 12.6244 0.0732781 0.0906905
1 14.5636 12.6243 0.0357441 0.0894914
1 15.681 12.6242 0.0125097 0.0888719
1 16.8002 12.6242 0.00281935 0.0886826
1 17.92 12.6242 0.000853498 0.0886393
1 19.0399 12.6242 -0.00047115 0.0886562
1 20.16 12.6242 -0.000639745 0.0886769
1 21.2801 12.6242 -0.00048697 0.088689
1 22.4002 12.6242 0.000109078 0.0886884
1 23.5202 12.6242 4.48957e-05 0.088677
1 24.6401 12.6242 0.000766043 0.0886732
1 25.7601 12.6242 -0.000157745 0.0886386
1 26.88 12.6242 -0.00186593 0.0886643
1 27.9995 12.6242 -0.00609052 0.0887597
1 29.118 12.6243 -0.0217058 0.0891293
1 30.2337 12.6244 -0.0538231 0.0900438
1 31.3449 12.6246 -0.0899417 0.0913687
1 32.4532 12.6249 -0.0999795 0.0921572
1 33.5618 12.6251 -0.0944422 0.0919145
1 34.6705 12.6253 -0.0944669 0.0908087
1 35.7796 12.6253 -0.0859454 0.0884197
1 36.8894 12.6251 -0.0881508 0.0847362
1 37.9981 12.6246 -0.0914557 0.0802868
1 39.1076 12.6238 -0.0754678 0.0748859
1 40.2176 12.6227 -0.0787043 0.0688023
1 41.3269 12.6212 -0.0762791 0.0627291
1 42.437 12.6193 -0.07137 0.0570593
1 43.5496 12.6173 -0.0676523 0.0529582
1 0.692059 13.583 0.0754515 0.0315965
1 1.80446 13.5843 0.0777202 0.0392803
1 2.9143 13.5854 0.0819242 0.0460357
1 4.02331 13.5863 0.0843724 0.0517079
1 5.133 13.5868 0.0812359 0.0563682
1 6.2422 13.5872 0.0957219 0.0598689
1 7.35073 13.5873 0.0907154 0.0619814
1 8.46035 13.5873 0.0884484 0.0632823
1 9.56926 13.5872 0.0963534 0.063625
1 10.678 13.587 0.0955528 0.0631052
1 11.7866 13.5868 0.100177 0.0622519
1 12.8951 13.5866 0.0899285 0.0608867
1 14.0063 13.5864 0.0528066 0.0594021
1 15.1219 13.5864 0.021239 0.0584861
1 16.2405 13.5863 0.00545048 0.0581286
1 17.3601 13.5863 0.000877771 0.0580456
1 18.48 13.5863 0.000306 0.0580123
1 19.6 13.5863 -0.000748526 0.0579998
1 20.7201 13.5863 -0.000585327 0.0580229
1 21.8401 13.5863 3.7417e-05 0.058022
1 22.9602 13.5863 1.07216e-05 0.0580445
1 24.0802 13.5863 0.000710415 0.0580652
1 25.2001 13.5863 0.000763016 0.0580512
1 26.32 13.5863 -0.000449821 0.0580561
1 27.4397 13.5863 -0.00233278 0.0581111
1 28.559 13.5864 -0.011501 0.0582879
1 29.6764 13.5864 -0.0353377 0.0588946
1 30.7899 13.5865 -0.0726717 0.0601322
1 31.8992 13.5867 -0.0986745 0.0616433
1 33.0076 13.5869 -0.0965669 0.0626772
1 34.1163 13.5871 -0.0964192 0.063252
1 35.2248 13.5872 -0.095557 0.0632842
1 36.334 13.5873 -0.0847645 0.062303
1 37.4437 13.5872 -0.0853433 0.0603773
1 38.5531 13.5869 -0.0862349 0.0572581
1 39.6624 13.5864 -0.0925441 0.0529492
1 40.771 13.5857 -0.0879382 0.0480641
1 41.8805 13.5848 -0.0826173 0.0417459
1 42.99 13.5836 -0.082434 0.034696
1 44.1064 13.5825 -0.0758398 0.0292381
1 0.135009 14.5504 0.0866659 0.0124343
1 1.25099 14.551 0.0883849 0.016666
1 2.36029 14.5515 0.0878253 0.0213185
1 3.46962 14.5519 0.0923393 0.0250521
1 4.578 14.5522 0.0952221 0.0277932
1 5.68707 14.5524 0.0880103 0.0294625
1 6.79632 14.5524 0.0861557 0.0306971
1 7.90589 14.5524 0.0852047 0.0310191
1 9.01506 14.5524 0.0961359 0.0308777
1 10.1235 14.5523 0.0968141 0.030256
1 11.2323 14.5522 0.0964888 0.0295067
1 12.3406 14.5521 0.0983733 0.0286381
1 13.45 14.552 0.072307 0.027617
1 14.5636 14.5519 0.0351598 0.0268426
1 15.681 14.5519 0.0123105 0.0264696
1 16.8002 14.5519 0.00277695 0.0263473
1 17.92 14.5519 0.00083617 0.0263239
1 19.0399 14.5519 -0.000458918 0.0263066
1 20.16 14.5519 -0.000613462 0.0262988
1 21.2801 14.5519 -0.000487795 0.0263048
1 22.4002 14.5519 0.00010634 0.0263211
1 23.5202 14.5519 4.63695e-05 0.0263382
1 24.6401 14.5519 0.00074556 0.0263411
1 25.7601 14.5519 -0.000157045 0.0263459
1 26.88 14.5519 -0.00179535 0.0263649
1 27.9995 14.5519 -0.00595204 0.0264159
1 29.118 14.5519 -0.0213419 0.0266291
1 30.2337 14.552 -0.0530492 0.0271991
1 31.345 14.552 -0.088998 0.0281438
1 32.4534 14.5521 -0.0994611 0.0291125
1 33.562 14.5522 -0.0944683 0.0298776
1 34.6706 14.5523 -0.0953839 0.0305133
1 35.7795 14.5524 -0.0881225 0.0307454
1 36.8892 14.5524 -0.0918795 0.0304839
1 37.9976 14.5523 -0.0976038 0.0298133
1 39.1067 14.5522 -0.0834145 0.0283517
1 40.2163 14.552 -0.0877146 0.0258797
1 41.3251 14.5517 -0.0866435 0.0223888
1 42.4348 14.5512 -0.0831528 0.0181955
1 43.5471 14.5507 -0.0813915 0.0134752
1 0.6933 15.5198 0.0849442 0.00539289
1 1.80555 15.52 0.086175 0.00808208
1 2.91513 15.5201 0.0889425 0.0100923
1 4.0239 15.5202 0.0894431 0.0112607
1 5.13339 15.5203 0.0851568 0.0120138
1 6.24237 15.5203 0.0983755 0.0124665
1 7.35074 15.5203 0.0916876 0.0125345
1 8.46027 15.5203 0.0883553 0.0123589
1 9.56914 15.5203 0.0957031 0.0120291
1 10.6779 15.5202 0.0947226 0.0116131
1 11.7865 15.5202 0.0992243 0.0111989
1 12.895 15.5202 0.0890023 0.0107231
1 14.0062 15.5201 0.0521895 0.0102935
1 15.1219 15.5201 0.0209606 0.010051
1 16.2405 15.5201 0.00536547 0.00995011
1 17.3601 15.5201 0.000858582 0.00992742
1 18.48 15.5201 0.000302728 0.00991264
1 19.6 15.5201 -0.000738558 0.00989805
1 20.7201 15.5201 -0.000578233 0.00990147
1 21.8401 15.5201 3.85024e-05 0.00990119
1 22.9602 15.5201 1.81921e-05 0.00991667
1 24.0802 15.5201 0.000716793 0.00992767
1 25.2001 15.5201 0.000763795 0.00993009
1 26.32 15.5201 -0.000443309 0.00993443
1 27.4397 15.5201 -0.00231342 0.00994858
1 28.559 15.5201 -0.0113486 0.00999094
1 29.6764 15.5201 -0.0349023 0.0101593
1 30.7899 15.5201 -0.0718789 0.0105018
1 31.8993 15.5202 -0.0977207 0.0109776
1 33.0077 15.5202 -0.0956538 0.011427
1 34.1164 15.5203 -0.0957556 0.0118207
1 35.2249 15.5203 -0.0955432 0.012127
1 36.334 15.5203 -0.085624 0.0122726
1 37.4436 15.5203 -0.0870309 0.0122961
1 38.5528 15.5203 -0.0892165 0.0122002
1 39.6619 15.5202 -0.0973895 0.0114186
1 40.7703 15.5202 -0.0944642 0.0105131
1 41.8795 15.5201 -0.0904183 0.00875556
1 42.9887 15.5199 -0.0926861 0.00643477
1 44.1046 15.5198 -0.0920118 0.00370938
1 0.135608 16.4895 0.093423 0.000798501
1 1.25147 16.4895 0.0932582 0.00128545
1 2.36066 16.4895 0.09179 0.00182165
1 3.46986 16.4895 0.0950484 0.00237433
1 4.57816 16.4896 0.0966503 0.00282104
1 5.68716 16.4896 0.0887814 0.00283739
1 6.79634 16.4896 0.0864921 0.00290341
1 7.90587 16.4896 0.085086 0.00272563
1 9.01501 16.4896 0.0956158 0.00260399
1 10.1234 16.4896 0.0961543 0.00245784
1 11.2322 16.4896 0.0958876 0.00231197
1 12.3405 16.4896 0.0977955 0.00217225
1 13.45 16.4895 0.0718418 0.00203741
1 14.5636 16.4895 0.0349212 0.00194134
1 15.681 16.4895 0.0122267 0.00189775
1 16.8002 16.4895 0.00275056 0.00188346
1 17.92 16.4895 0.000815143 0.0018779
1 19.0399 16.4895 -0.000467473 0.00187457
1 20.16 16.4895 -0.00061962 0.00187278
1 21.2801 16.4895 -0.000476974 0.00187215
1 22.4002 16.4895 0.000113313 0.00187301
1 23.5202 16.4895 5.89432e-05 0.0018764
1 24.6401 16.4895 0.000751245 0.00187984
1 25.7601 16.4895 -0.000138095 0.00188102
1 26.88 16.4895 -0.00176364 0.00188382
1 27.9995 16.4895 -0.00590025 0.0018909
1 29.1181 16.4895 -0.0212039 0.00191633
1 30.2338 16.4895 -0.052718 0.00198438
1 31.3451 16.4896 -0.0884529 0.00210395
1 32.4535 16.4896 -0.0988552 0.00223811
1 33.562 16.4896 -0.0938545 0.0023744
1 34.6707 16.4896 -0.0948746 0.00252772
1 35.7796 16.4896 -0.0879177 0.00266189
1 36.8892 16.4896 -0.0919025 0.00271416
1 37.9975 16.4896 -0.098151 0.00272553
1 39.1066 16.4896 -0.085005 0.00276014
1 40.2161 16.4895 -0.0902583 0.00258552
1 41.3248 16.4895 -0.0898653 0.00210514
1 42.4344 16.4895 -0.0875043 0.00164098
1 43.5466 16.4895 -0.0868524 0.000947604
1 0.693478 17.4594 0.0866865 4.71336e-05
1 1.80568 17.4594 0.0876092 0.000325278
1 2.91524 17.4594 0.0900037 0.000402525
1 4.02398 17.4594 0.0901892 0.000238029
1 5.13343 17.4594 0.0856403 0.000285371
1 6.24238 17.4594 0.0984703 0.000370629
1 7.35073 17.4594 0.0915149 0.000301972
1 8.46026 17.4594 0.0880963 0.000274272
1 9.56913 17.4594 0.0954098 0.0002791
1 10.6779 17.4594 0.0944492 0.000254645
1 11.7865 17.4594 0.0989736 0.000242096
1 12.895 17.4594 0.0887981 0.000248472
1 14.0062 17.4594 0.0520713 0.000252929
1 15.1219 17.4594 0.0209117 0.000246932
1 16.2405 17.4594 0.00535426 0.000248169
1 17.3601 17.4594 0.000855935 0.000247306
1 18.48 17.4594 0.000298399 0.000247597
1 19.6 17.4594 -0.000740549 0.000249695
1 20.7201 17.4594 -0.000579028 0.000248118
1 21.8401 17.4594 3.97603e-05 0.000247816
1 22.9602 17.4594 2.37377e-05 0.000245599
1 24.0802 17.4594 0.000719959 0.000245456
1 25.2001 17.4594 0.000762938 0.000243851
1 26.32 17.4594 -0.000442938 0.000245922
1 27.4397 17.4594 -0.00231316 0.000248452
1 28.559 17.4594 -0.0113264 0.000250997
1 29.6764 17.4594 -0.0348216 0.00024852
1 30.7899 17.4594 -0.0717182 0.000249712
1 31.8993 17.4594 -0.0974999 0.000235447
1 33.0077 17.4594 -0.0954015 0.000215913
1 34.1164 17.4594 -0.0954701 0.000231826
1 35.2249 17.4594 -0.0952959 0.000296911
1 36.334 17.4594 -0.0855146 0.000364543
1 37.4436 17.4594 -0.0869979 0.000279456
1 38.5528 17.4594 -0.0893072 0.000248643
1 39.6619 17.4593 -0.0978904 0.000154959
1 40.7702 17.4594 -0.0954851 0.00031956
1 41.8794 17.4594 -0.0918408 0.000541878
1 42.9886 17.4594 -0.0943917 0.000298209
1 44.1045 17.4594 -0.0942799 9.20399e-05
1 0.135591 18.4294 0.0943516 -0.000242993
1 1.25148 18.4294 0.0936379 0.00020543
1 2.36069 18.4293 0.0919113 0.000264503
1 3.4699 18.4293 0.0953968 0.000344222
1 4.57816 18.4293 0.097018 0.000277118
1 5.68714 18.4293 0.0888186 9.50244e-05
1 6.79633 18.4293 0.0863337 0.000101873
1 7.90587 18.4293 0.0849468 1.70545e-05
1 9.01502 18.4293 0.0955167 1.41698e-05
1 10.1234 18.4293 0.0960533 -2.30218e-05
1 11.2322 18.4293 0.09578 -7.87112e-05
1 12.3405 18.4293 0.0977232 -0.00013419
1 13.45 18.4293 0.0718163 -0.000156224
1 14.5636 18.4293 0.0349145 -0.000163818
1 15.681 18.4293 0.0122239 -0.00016466
1 16.8002 18.4293 0.00275089 -0.000159363
1 17.92 18.4293 0.000813838 -0.000170179
1 19.0399 18.4293 -0.000476764 -0.000171581
1 20.16 18.4293 -0.000615464 -0.000169077
1 21.2801 18.4293 -0.000482829 -0.000168691
1 22.4002 18.4293 0.000124635 -0.000171343
1 23.5202 18.4293 6.45815e-05 -0.000168489
1 24.6401 18.4293 0.000751314 -0.000162287
1 25.7601 18.4293 -0.000145456 -0.000166988
1 26.88 18.4293 -0.00177044 -0.000164045
1 27.9995 18.4293 -0.0059041 -0.000160112
1 29.1181 18.4293 -0.0211939 -0.000161848
1 30.2338 18.4293 -0.0526942 -0.000163766
1 31.3451 18.4293 -0.0884196 -0.000151758
1 32.4535 18.4293 -0.098808 -0.000129812
1 33.562 18.4293 -0.0937882 -9.01429e-05
1 34.6706 18.4293 -0.0947412 -4.3844e-05
1 35.7796 18.4293 -0.0877088 5.60543e-05
1 36.8892 18.4293 -0.0918314 0.000140492
1 37.9975 18.4293 -0.0983006 0.000128544
1 39.1065 18.4293 -0.0850325 0.000160418
1 40.216 18.4293 -0.0902484 0.000260105
1 41.3248 18.4293 -0.0901929 0.000213308
1 42.4344 18.4293 -0.0875502 8.98977e-05
1 43.5466 18.4293 -0.0863948 -6.90689e-05
1 0.693422 19.3993 0.0867372 -0.000268525
1 1.80566 19.3993 0.0875791 0.000136244
1 2.91523 19.3993 0.0900091 0.000401675
1 4.02395 19.3993 0.0903364 0.000394776
1 5.13338 19.3992 0.0855095 0.000325545
1 6.24236 19.3992 0.0981797 0.000271295
1 7.35073 19.3992 0.0913676 0.000229877
1 8.46026 19.3992 0.0880353 0.000254463
1 9.56912 19.3992 0.095324 0.000280325
1 10.6779 19.3992 0.0943527 0.000257037
1 11.7865 19.3992 0.0989372 0.000231023
1 12.895 19.3993 0.0887831 0.000222109
1 14.0062 19.3993 0.0520759 0.000216249
1 15.1219 19.3993 0.0209191 0.000220103
1 16.2405 19.3993 0.00535059 0.000221663
1 17.3601 19.3993 0.000855642 0.000217838
1 18.48 19.3993 0.000303045 0.000220949
1 19.6 19.3993 -0.000746278 0.000217551
1 20.7201 19.3993 -0.000580877 0.000214423
1 21.8401 19.3993 4.36663e-05 0.000218759
1 22.9602 19.3993 2.19247e-05 0.000221132
1 24.0802 19.3993 0.000726746 0.000217656
1 25.2001 19.3993 0.000769895 0.000221131
1 26.32 19.3993 -0.000446027 0.000222399
1 27.4397 19.3993 -0.00231646 0.000218633
1 28.559 19.3993 -0.0113316 0.000220415
1 29.6764 19.3993 -0.0348283 0.000216717
1 30.7899 19.3993 -0.0717196 0.000210249
1 31.8993 19.3992 -0.0974924 0.000214902
1 33.0077 19.3992 -0.095392 0.000224802
1 34.1164 19.3992 -0.0953931 0.000245712
1 35.2249 19.3992 -0.09517 0.000261616
1 36.334 19.3992 -0.0853812 0.000273714
1 37.4436 19.3992 -0.0870036 0.000275198
1 38.5528 19.3992 -0.0893674 0.000429557
1 39.6618 19.3993 -0.097587 0.000370269
1 40.7702 19.3993 -0.0951197 0.000363882
1 41.8794 19.3993 -0.0917363 0.000137266
1 42.9886 19.3992 -0.0942748 -0.000219361
1 44.1045 19.3992 -0.0943019 -0.000425039
1 0.135533 20.3691 0.0944802 -0.000363851
1 1.25142 20.3692 0.0937505 -0.000651302
1 2.36064 20.3692 0.0919904 -0.000595912
1 3.46985 20.3692 0.0954268 -0.000337485
1 4.57812 20.3692 0.0969665 -9.59223e-05
1 5.68711 20.3692 0.0886491 -0.000243059
1 6.79631 20.3692 0.0862404 -0.000192079
1 7.90585 20.3692 0.0849227 -0.000219124
1 9.015 20.3692 0.0954636 -0.000175081
1 10.1234 20.3692 0.0959803 -0.00013965
1 11.2322 20.3692 0.0957246 -0.000115496
1 12.3406 20.3692 0.0977069 -8.84628e-05
1 13.45 20.3692 0.0718271 -6.63865e-05
1 14.5636 20.3692 0.0349275 -4.81599e-05
1 15.681 20.3692 0.0122314 -3.87008e-05
1 16.8002 20.3692 0.00275345 -3.60488e-05
1 17.92 20.3692 0.000815897 -3.11617e-05
1 19.0399 20.3692 -0.000476199 -3.05592e-05
1 20.16 20.3692 -0.000614852 -3.39514e-05
1 21.2801 20.3692 -0.000484783 -3.31041e-05
1 22.4002 20.3692 0.000122071 -3.14323e-05
1 23.5202 20.3692 6.22076e-05 -3.41171e-05
1 24.6401 20.3692 0.000753637 -3.69372e-05
1 25.7601 20.3692 -0.000140341 -2.91751e-05
1 26.88 20.3692 -0.00176912 -3.23316e-05
1 27.9995 20.3692 -0.00590679 -3.52724e-05
1 29.1181 20.3692 -0.0212072 -4.63698e-05
1 30.2338 20.3692 -0.0527153 -6.17617e-05
1 31.3451 20.3692 -0.0884323 -8.95487e-05
1 32.4535 20.3692 -0.098785 -0.000112219
1 33.562 20.3692 -0.0937329 -0.000123146
1 34.6706 20.3692 -0.0946835 -0.00012997
1 35.7796 20.3692 -0.0876582 -0.000170924
1 36.8892 20.3692 -0.091774 -0.000251745
1 37.9975 20.3692 -0.0982679 -0.00022879
1 39.1066 20.3692 -0.0850755 -9.72155e-05
1 40.216 20.3692 -0.0902062 -0.000117556
1 41.3248 20.3692 -0.0900472 -0.00045342
1 42.4344 20.3692 -0.0875788 -0.000545346
1 43.5466 20.3692 -0.0867408 -0.000338892
1 0.693353 21.3391 0.0866862 0.000162817
1 1.80558 21.3392 0.0874769 0.000134668
1 2.91516 21.3392 0.0898532 0.000169766
1 4.02391 21.3392 0.0901201 3.77329e-05
1 5.13337 21.3392 0.0855205 7.9541e-05
1 6.24234 21.3392 0.0983138 0.000141227
1 7.3507 21.3392 0.0914024 0.000122644
1 8.46024 21.3392 0.0880176 6.45714e-05
1 9.56911 21.3392 0.095315 6.73285e-05
1 10.6779 21.3392 0.0943431 9.58548e-05
1 11.7865 21.3392 0.0989059 0.000101583
1 12.895 21.3392 0.0887947 9.5616e-05
1 14.0062 21.3392 0.0520915 9.81993e-05
1 15.1219 21.3392 0.0209319 0.000113529
1 16.2405 21.3392 0.0053568 0.000113357
1 17.3601 21.3392 0.000856985 0.000113825
1 18.48 21.3392 0.000302528 0.000119794
1 19.6 21.3392 -0.000745237 0.000113189
1 20.7201 21.3392 -0.000579733 0.000111806
1 21.8401 21.3392 4.30295e-05 0.000113252
1 22.9602 21.3392 1.8717e-05 0.0001167
1 24.0802 21.3392 0.0007206 0.000112105
1 25.2001 21.3392 0.000767294 0.000117053
1 26.32 21.3392 -0.000444413 0.00012156
1 27.4397 21.3392 -0.00231289 0.000113288
1 28.559 21.3392 -0.0113342 0.00010946
1 29.6764 21.3392 -0.034852 0.000103873
1 30.7899 21.3392 -0.0717492 8.8914e-05
1 31.8993 21.3392 -0.0974972 9.02617e-05
1 33.0077 21.3392 -0.0953389 0.000108676
1 34.1164 21.3392 -0.0953617 0.000118029
1 35.2249 21.3392 -0.0951594 0.000113585
1 36.334 21.3392 -0.085385 9.6404e-05
1 37.4436 21.3392 -0.0869209 3.09838e-05
1 38.5528 21.3392 -0.0893044 0.000147537
1 39.6619 21.3392 -0.0979175 -1.23904e-07
1 40.7702 21.3392 -0.0954696 0.000137148
1 41.8794 21.3392 -0.0917488 0.000251747
1 42.9886 21.3392 -0.0943826 0.000322832
1 44.1045 21.3392 -0.0945242 0.000209925
1 0.135482 22.309 0.0940992 0.000257391
1 1.25134 22.309 0.0934916 -5.54471e-05
1 2.36056 22.309 0.0918006 -0.000354529
1 3.46979 22.3091 0.0950118 -0.000350011
1 4.5781 22.3091 0.0966976 -0.000215274
1 5.6871 22.3091 0.0888045 -0.000353147
1 6.79629 22.309 0.0863266 -0.000352431
1 7.90583 22.309 0.0848613 -0.000490352
1 9.01499 22.309 0.0954158 -0.000558367
1 10.1234 22.3091 0.0959638 -0.000599464
1 11.2322 22.3091 0.0956947 -0.000638133
1 12.3405 22.3091 0.0976645 -0.000675146
1 13.45 22.3091 0.071808 -0.00070189
1 14.5636 22.3091 0.0349274 -0.000716069
1 15.681 22.3091 0.0122359 -0.000719776
1 16.8002 22.3091 0.00275304 -0.000720221
1 17.92 22.3091 0.000814839 -0.000717862
1 19.0399 22.3091 -0.000471017 -0.000717102
1 20.16 22.3091 -0.000621767 -0.000719467
1 21.2801 22.3091 -0.000476985 -0.000719451
1 22.4002 22.3091 0.0001174 -0.000718818
1 23.5202 22.3091 6.14489e-05 -0.000721456
1 24.6401 22.3091 0.000753977 -0.000719751
1 25.7601 22.3091 -0.000139203 -0.000719155
1 26.88 22.3091 -0.00176936 -0.000718662
1 27.9995 22.3091 -0.00590901 -0.000719561
1 29.1181 22.3091 -0.0212171 -0.000721147
1 30.2337 22.3091 -0.0527248 -0.000714457
1 31.345 22.3091 -0.0884111 -0.00069253
1 32.4535 22.3091 -0.0987234 -0.000651018
1 33.562 22.3091 -0.0936587 -0.000599606
1 34.6707 22.3091 -0.094622 -0.000544101
1 35.7796 22.309 -0.0876543 -0.00048402
1 36.8892 22.309 -0.0917563 -0.000446854
1 37.9976 22.309 -0.098112 -0.00040197
1 39.1066 22.3091 -0.0849901 -0.000348302
1 40.2161 22.3091 -0.0902923 -0.000271279
1 41.3248 22.309 -0.0900293 -0.000422449
1 42.4345 22.309 -0.087571 -0.00026068
1 43.5467 22.309 -0.0867479 -0.000121693
1 0.693254 23.279 0.0866907 0.000177329
1 1.80552 23.279 0.0876414 0.000273658
1 2.91511 23.2791 0.0900192 0.000375511
1 4.02386 23.2791 0.0901636 0.000365691
1 5.13334 23.2791 0.0855627 0.000580606
1 6.2423 23.279 0.0983678 0.000609778
1 7.35068 23.279 0.0913798 0.000548229
1 8.46022 23.279 0.0879591 0.000567201
1 9.5691 23.279 0.0952797 0.000613637
1 10.6779 23.279 0.0943045 0.000660106
1 11.7864 23.279 0.0988496 0.000702228
1 12.895 23.279 0.0887389 0.000737898
1 14.0062 23.279 0.0520694 0.000771459
1 15.1219 23.279 0.0209273 0.000780253
1 16.2405 23.279 0.00535514 0.000781255
1 17.3601 23.279 0.000853128 0.000789956
1 18.48 23.279 0.000303009 0.000789992
1 19.6 23.279 -0.00074293 0.000792598
1 20.7201 23.279 -0.000578468 0.000796018
1 21.8401 23.279 4.50395e-05 0.000791285
1 22.9602 23.279 2.18101e-05 0.000786841
1 24.0802 23.279 0.000721147 0.000788437
1 25.2001 23.279 0.000765748 0.000781894
1 26.32 23.279 -0.000447241 0.000789175
1 27.4397 23.279 -0.00231095 0.000792234
1 28.559 23.279 -0.0113394 0.000785016
1 29.6764 23.279 -0.0348505 0.000773373
1 30.7899 23.279 -0.0717175 0.000756826
1 31.8993 23.279 -0.0974233 0.000720771
1 33.0077 23.279 -0.0952622 0.000689611
1 34.1165 23.279 -0.0952982 0.00065662
1 35.2249 23.279 -0.0951248 0.000619216
1 36.334 23.279 -0.0853835 0.000591613
1 37.4436 23.279 -0.0869625 0.000513706
1 38.5528 23.2791 -0.0892904 0.000615285
1 39.6619 23.2791 -0.0976855 0.000370444
1 40.7703 23.2791 -0.0950579 0.000333293
1 41.8795 23.279 -0.0915472 0.000372703
1 42.9887 23.279 -0.0942927 0.000157369
1 44.1046 23.2789 -0.0942042 -8.66006e-05
1 0.135408 24.2489 0.0945917 -0.000201446
1 1.2513 24.2489 0.0937444 -0.000266991
1 2.36053 24.2489 0.092063 -0.00035195
1 3.46976 24.2489 0.0955441 -0.000218912
1 4.57805 24.2489 0.0970377 5.51798e-05
1 5.68705 24.2489 0.0888216 3.15565e-05
1 6.79626 24.2489 0.0862958 4.83986e-05
1 7.90581 24.2489 0.0848801 -6.63413e-05
1 9.01497 24.2489 0.0954507 -5.44132e-05
1 10.1234 24.2489 0.0959918 -3.34417e-05
1 11.2322 24.2489 0.0956907 -2.94706e-05
1 12.3405 24.2489 0.0976411 -3.16524e-05
1 13.45 24.2489 0.071794 -2.34721e-05
1 14.5636 24.2489 0.0349276 -1.54427e-05
1 15.681 24.2489 0.0122392 -1.05262e-05
1 16.8002 24.2489 0.00274841 -1.70353e-06
1 17.92 24.2489 0.000817593 -2.71007e-06
1 19.0399 24.2489 -0.000475234 -3.57864e-06
1 20.16 24.2489 -0.000618932 1.13237e-08
1 21.2801 24.2489 -0.000477407 1.92658e-07
1 22.4002 24.2489 0.000126675 -3.84784e-06
1 23.5202 24.2489 6.0697e-05 -2.62472e-06
1 24.6401 24.2489 0.000755851 -9.7892e-07
1 25.7601 24.2489 -0.00015129 -5.92751e-06
1 26.88 24.2489 -0.00177792 -2.54554e-06
1 27.9995 24.2489 -0.00591009 -1.83743e-06
1 29.1181 24.2489 -0.0212203 -1.15839e-05
1 30.2337 24.2489 -0.0527127 -1.9614e-05
1 31.3451 24.2489 -0.0883812 -2.45372e-05
1 32.4535 24.2489 -0.0986966 -2.47398e-05
1 33.5621 24.2489 -0.0936624 -2.91485e-05
1 34.6707 24.2489 -0.0946596 -3.51391e-05
1 35.7796 24.2489 -0.0877071 -2.51675e-05
1 36.8892 24.2489 -0.091817 -5.05397e-05
1 37.9976 24.2489 -0.0981312 -5.49723e-05
1 39.1066 24.2489 -0.0848799 6.18463e-05
1 40.2161 24.2489 -0.0901232 -3.07148e-05
1 41.3249 24.2489 -0.0899794 -0.000215767
1 42.4346 24.2489 -0.0875415 -0.000193094
1 43.5468 24.2489 -0.0866736 -9.42372e-05
1 0.693272 25.2187 0.0869335 4.34535e-05
1 1.80548 25.2187 0.0876509 0.000304421
1 2.91508 25.2187 0.0898984 0.000242834
1 4.02384 25.2187 0.090143 -1.05801e-05
1 5.13332 25.2187 0.0855168 -0.000122661
1 6.2423 25.2187 0.0982773 5.27928e-06
1 7.35067 25.2187 0.0914151 -1.80056e-05
1 8.46021 25.2187 0.0880426 -8.25514e-05
1 9.56909 25.2187 0.095312 -0.000114554
1 10.6778 25.2187 0.0943014 -0.000157575
1 11.7864 25.2187 0.0988398 -0.000198707
1 12.895 25.2187 0.0887195 -0.000228475
1 14.0062 25.2187 0.0520634 -0.000244005
1 15.1219 25.2187 0.0209301 -0.000253641
1 16.2405 25.2187 0.00535017 -0.000257863
1 17.3601 25.2187 0.000848532 -0.000254708
1 18.48 25.2187 0.000303989 -0.000256745
1 19.6 25.2187 -0.000744516 -0.000262484
1 20.7201 25.2187 -0.000578137 -0.000266062
1 21.8401 25.2187 4.70636e-05 -0.00026118
1 22.9602 25.2187 1.97376e-05 -0.000253665
1 24.0802 25.2187 0.000723931 -0.000252281
1 25.2001 25.2187 0.000771662 -0.000256538
1 26.32 25.2187 -0.000446842 -0.000257655
1 27.4397 25.2187 -0.00230712 -0.000253779
1 28.559 25.2187 -0.011337 -0.000257871
1 29.6764 25.2187 -0.0348461 -0.000248304
1 30.7899 25.2187 -0.0716928 -0.000233125
1 31.8993 25.2187 -0.0974001 -0.000202269
1 33.0077 25.2187 -0.0952801 -0.000171643
1 34.1165 25.2187 -0.0953163 -0.000148598
1 35.2249 25.2187 -0.0951267 -0.000121479
1 36.334 25.2187 -0.0853871 -7.76961e-05
1 37.4436 25.2187 -0.0869611 -8.50302e-05
1 38.5529 25.2187 -0.0892611 6.37734e-05
1 39.662 25.2187 -0.097703 -4.77202e-05
1 40.7704 25.2187 -0.0953167 0.00015479
1 41.8796 25.2187 -0.0918362 0.000266957
1 42.9888 25.2187 -0.0944464 0.000255642
1 44.1047 25.2187 -0.0944252 0.0001754
1 0.135323 26.1886 0.0942822 3.6382e-05
1 1.25125 26.1886 0.0936788 -7.5405e-05
1 2.36049 26.1885 0.0919073 -0.000302786
1 3.46974 26.1885 0.0951477 -0.000505533
1 4.57805 26.1885 0.0967627 -0.000533017
1 5.68707 26.1885 0.0887737 -0.000708034
1 6.79627 26.1885 0.0863305 -0.000506107
1 7.90581 26.1885 0.0848742 -0.000491485
1 9.01497 26.1885 0.0953997 -0.000480436
1 10.1234 26.1885 0.0959414 -0.000491669
1 11.2322 26.1885 0.0956568 -0.00048991
1 12.3405 26.1885 0.0976151 -0.000475157
1 13.45 26.1885 0.0717805 -0.00046167
1 14.5636 26.1885 0.0349323 -0.00045051
1 15.681 26.1885 0.0122443 -0.000441906
1 16.8002 26.1885 0.00275314 -0.000443883
1 17.92 26.1885 0.000819881 -0.000447714
1 19.0399 26.1885 -0.000473081 -0.000445219
1 20.16 26.1885 -0.000620957 -0.000443947
1 21.2801 26.1885 -0.000477271 -0.000443605
1 22.4002 26.1885 0.000120113 -0.000443574
1 23.5202 26.1885 5.6455e-05 -0.000443543
1 24.6401 26.1885 0.000755644 -0.000444003
1 25.7601 26.1885 -0.000145946 -0.000439837
1 26.88 26.1885 -0.00177996 -0.00044637
1 27.9995 26.1885 -0.00590833 -0.000442891
1 29.1181 26.1885 -0.0212159 -0.000444549
1 30.2337 26.1885 -0.0526971 -0.000452994
1 31.3451 26.1885 -0.0883462 -0.000460959
1 32.4535 26.1885 -0.0986731 -0.000468096
1 33.5621 26.1885 -0.0936567 -0.000491343
1 34.6707 26.1885 -0.0946363 -0.000522879
1 35.7796 26.1885 -0.0876601 -0.000529874
1 36.8892 26.1885 -0.0917774 -0.000535948
1 37.9976 26.1885 -0.0981489 -0.000557623
1 39.1066 26.1885 -0.0849218 -0.000476913
1 40.2162 26.1885 -0.0901675 -0.00052802
1 41.3249 26.1885 -0.0900557 -0.000606695
1 42.4346 26.1885 -0.0875906 -0.000528388
1 43.5468 26.1885 -0.0866459 -5.96552e-05
1 0.693213 27.1584 0.0864391 5.15537e-05
1 1.80549 27.1584 0.0874822 0.00034096
1 2.91507 27.1584 0.0899235 0.00049803
1 4.02384 27.1584 0.0900565 0.000467846
1 5.13332 27.1584 0.0853485 0.000435462
1 6.24231 27.1584 0.0982282 0.000493782
1 7.35068 27.1584 0.0914218 0.000487032
1 8.46022 27.1584 0.0879948 0.000519301
1 9.5691 27.1584 0.0952606 0.000565016
1 10.6779 27.1584 0.094292 0.000566559
1 11.7865 27.1584 0.0988452 0.000577982
1 12.895 27.1584 0.0887471 0.000597798
1 14.0062 27.1584 0.0520806 0.000601392
1 15.1219 27.1584 0.0209371 0.000593882
1 16.2405 27.1584 0.00535543 0.000595646
1 17.3601 27.1584 0.000856423 0.000592062
1 18.48 27.1584 0.000303533 0.000589795
1 19.6 27.1584 -0.000745356 0.000593049
1 20.7201 27.1584 -0.000579129 0.000595039
1 21.8401 27.1584 4.41328e-05 0.000593007
1 22.9602 27.1584 1.644e-05 0.000592616
1 24.0802 27.1584 0.000718835 0.000593131
1 25.2001 27.1584 0.000770314 0.000593238
1 26.32 27.1584 -0.000445486 0.000588631
1 27.4397 27.1584 -0.00230854 0.00059151
1 28.559 27.1584 -0.0113303 0.000596678
1 29.6764 27.1584 -0.0348441 0.000597499
1 30.7899 27.1584 -0.071699 0.00060563
1 31.8993 27.1584 -0.0974085 0.000599746
1 33.0077 27.1584 -0.0952819 0.00057846
1 34.1165 27.1584 -0.0953535 0.000560894
1 35.2249 27.1584 -0.0951344 0.000540389
1 36.334 27.1584 -0.0853213 0.000515481
1 37.4437 27.1584 -0.0869568 0.000429994
1 38.5529 27.1584 -0.0894482 0.000508366
1 39.6619 27.1584 -0.0978518 0.000421414
1 40.7703 27.1584 -0.095362 0.000477936
1 41.8796 27.1584 -0.0917196 0.000309563
1 42.9888 27.1584 -0.0943549 1.96651e-05
1 44.1047 27.1583 -0.094511 -7.64204e-05
1 0.135455 28.1283 0.0942362 -0.000189139
1 1.25133 28.1283 0.093665 -0.000388787
1 2.36055 28.1283 0.0918813 -0.000380141
1 3.46979 28.1283 0.095237 -2.06397e-05
1 4.57807 28.1282 0.0968534 0.000159821
1 5.68708 28.1282 0.088656 -2.15682e-05
1 6.79629 28.1282 0.0862931 3.23428e-05
1 7.90582 28.1282 0.0849284 -8.63143e-05
1 9.01498 28.1283 0.0954237 -7.73209e-05
1 10.1234 28.1283 0.0959341 -7.12685e-05
1 11.2322 28.1283 0.0956709 -9.07402e-05
1 12.3405 28.1283 0.0976606 -0.000110831
1 13.45 28.1283 0.0718142 -0.000125859
1 14.5636 28.1282 0.0349367 -0.000141505
1 15.681 28.1282 0.0122374 -0.000142381
1 16.8002 28.1282 0.00275265 -0.000148566
1 17.92 28.1282 0.000819091 -0.000152763
1 19.0399 28.1283 -0.000473733 -0.000145109
1 20.16 28.1282 -0.000618166 -0.000146925
1 21.2801 28.1282 -0.000481606 -0.000147564
1 22.4002 28.1283 0.000119988 -0.000144096
1 23.5202 28.1282 5.91141e-05 -0.000149626
1 24.6401 28.1282 0.000756061 -0.000148145
1 25.7601 28.1282 -0.000141856 -0.000151219
1 26.88 28.1282 -0.00177437 -0.000154344
1 27.9995 28.1282 -0.0059061 -0.000149381
1 29.1181 28.1282 -0.021211 -0.000138333
1 30.2337 28.1282 -0.0527069 -0.000134316
1 31.3451 28.1283 -0.0883779 -0.000114893
1 32.4535 28.1283 -0.098701 -9.85962e-05
1 33.5621 28.1283 -0.0936753 -7.27345e-05
1 34.6707 28.1283 -0.0946649 -3.864e-05
1 35.7796 28.1283 -0.0876587 -1.09366e-05
1 36.8892 28.1283 -0.0917667 -5.17673e-05
1 37.9976 28.1283 -0.0982595 -0.000103124
1 39.1066 28.1282 -0.0850804 -1.98179e-05
1 40.2161 28.1282 -0.0902186 0.00013004
1 41.3249 28.1283 -0.0900682 -5.11207e-05
1 42.4345 28.1283 -0.0876927 -8.73645e-05
1 43.5468 28.1283 -0.0869069 -0.000211865
1 0.693375 29.0982 0.0870313 9.47015e-05
1 1.80557 29.0982 0.0876199 5.11385e-05
1 2.91516 29.0982 0.0898646 8.24019e-05
1 4.02391 29.0982 0.090262 -0.000232079
1 5.13336 29.0982 0.085569 -0.000222704
1 6.24233 29.0982 0.0982298 -0.000104602
1 7.3507 29.0982 0.0913919 -5.82506e-05
1 8.46023 29.0982 0.0880337 -7.86435e-05
1 9.56911 29.0982 0.0952949 -4.73326e-05
1 10.6779 29.0982 0.0943017 -5.68803e-06
1 11.7865 29.0982 0.0988989 3.70319e-05
1 12.895 29.0982 0.0887806 7.1354e-05
1 14.0062 29.0982 0.052092 8.96577e-05
1 15.1219 29.0982 0.0209306 9.71322e-05
1 16.2405 29.0982 0.00535354 9.80299e-05
1 17.3601 29.0982 0.000854232 9.65799e-05
1 18.48 29.0982 0.000299581 9.45025e-05
1 19.6 29.0982 -0.000745341 9.94276e-05
1 20.7201 29.0982 -0.000581315 0.000104272
1 21.8401 29.0982 4.21152e-05 9.85016e-05
1 22.9602 29.0982 2.4682e-05 9.46683e-05
1 24.0802 29.0982 0.000728057 9.62911e-05
1 25.2001 29.0982 0.000771578 9.82819e-05
1 26.32 29.0982 -0.000443726 9.5604e-05
1 27.4397 29.0982 -0.00231519 9.4722e-05
1 28.559 29.0982 -0.0113404 9.59034e-05
1 29.6764 29.0982 -0.0348469 9.35153e-05
1 30.7899 29.0982 -0.0717223 8.26465e-05
1 31.8993 29.0982 -0.097447 5.28894e-05
1 33.0077 29.0982 -0.0953185 2.15169e-05
1 34.1165 29.0982 -0.0953336 6.01024e-06
1 35.2249 29.0982 -0.0951459 8.17351e-06
1 36.334 29.0982 -0.085371 -1.76397e-05
1 37.4436 29.0982 -0.086946 -0.000195659
1 38.5528 29.0982 -0.0892825 -0.000248816
1 39.6619 29.0981 -0.0976214 -0.000315806
1 40.7703 29.0982 -0.0951649 2.66232e-05
1 41.8795 29.0982 -0.0917214 0.000341317
1 42.9887 29.0982 -0.0942483 0.000251723
1 44.1046 29.0982 -0.0942304 -4.17517e-05
1 0.135551 30.0681 0.0943094 -0.000138666
1 1.25141 30.0681 0.0935302 -0.000467643
1 2.36063 30.068 0.0917333 -0.000773366
1 3.46985 30.068 0.0952547 -0.00108663
1 4.57813 30.068 0.0969654 -0.00123788
1 5.68711 30.068 0.0888148 -0.00148491
1 6.79631 30.068 0.0863037 -0.00131062
1 7.90585 30.068 0.0848906 -0.00131377
1 9.015 30.068 0.0954612 -0.00134251
1 10.1234 30.068 0.0960054 -0.00134582
1 11.2322 30.068 0.0957446 -0.00131727
1 12.3406 30.068 0.0977272 -0.00126977
1 13.45 30.068 0.0718455 -0.00124406
1 14.5636 30.068 0.0349365 -0.001224
1 15.681 30.068 0.0122332 -0.00122138
1 16.8002 30.068 0.00274894 -0.0012269
1 17.92 30.068 0.000814374 -0.00122141
1 19.0399 30.068 -0.00048155 -0.00122199
1 20.16 30.068 -0.000618892 -0.00122258
1 21.2801 30.068 -0.000481286 -0.00122278
1 22.4002 30.068 0.000128207 -0.00122171
1 23.5202 30.068 6.36992e-05 -0.00122273
1 24.6401 30.068 0.000755395 -0.00122466
1 25.7601 30.068 -0.000145185 -0.00122085
1 26.88 30.068 -0.00177144 -0.00122262
1 27.9995 30.068 -0.00590828 -0.00123021
1 29.1181 30.068 -0.0212142 -0.00122704
1 30.2337 30.068 -0.0527264 -0.00123197
1 31.3451 30.068 -0.0884305 -0.00126178
1 32.4535 30.068 -0.0987624 -0.00129051
1 33.562 30.068 -0.0937106 -0.00131346
1 34.6707 30.068 -0.0946762 -0.00131661
1 35.7796 30.068 -0.0876614 -0.00132022
1 36.8892 30.068 -0.09177 -0.00134622
1 37.9976 30.068 -0.0981928 -0.00138719
1 39.1066 30.068 -0.0849175 -0.00137632
1 40.2161 30.068 -0.0901121 -0.00122221
1 41.3249 30.068 -0.0899512 -0.00109914
1 42.4345 30.068 -0.0873301 -0.000785108
1 43.5468 30.0681 -0.0863059 -0.000429525
1 0.693328 31.038 0.0859756 -0.00100154
1 1.8056 31.038 0.0870523 -0.00141283
1 2.91519 31.0379 0.0896458 -0.00199887
1 4.02393 31.0379 0.0899324 -0.00261078
1 5.13339 31.0379 0.0854312 -0.00283537
1 6.24236 31.0379 0.098348 -0.0028899
1 7.35072 31.0379 0.0914335 -0.00284547
1 8.46026 31.0379 0.088032 -0.00280863
1 9.56914 31.0379 0.0953911 -0.00269924
1 10.6779 31.0379 0.0944651 -0.00253856
1 11.7865 31.0379 0.0990243 -0.00238129
1 12.895 31.0379 0.0888741 -0.00223286
1 14.0062 31.0379 0.0521241 -0.00210723
1 15.1219 31.0379 0.0209351 -0.0020333
1 16.2405 31.0379 0.00535515 -0.00200828
1 17.3601 31.0379 0.000853241 -0.00200077
1 18.48 31.0379 0.000298092 -0.00199776
1 19.6 31.0379 -0.000746515 -0.00199831
1 20.7201 31.0379 -0.000580792 -0.00199785
1 21.8401 31.0379 4.28111e-05 -0.00199877
1 22.9602 31.0379 2.21447e-05 -0.00199888
1 24.0802 31.0379 0.000722386 -0.00200086
1 25.2001 31.0379 0.000768869 -0.00199971
1 26.32 31.0379 -0.000442372 -0.00200461
1 27.4397 31.0379 -0.0023136 -0.00200985
1 28.559 31.0379 -0.0113431 -0.00202665
1 29.6764 31.0379 -0.0348685 -0.00206522
1 30.7899 31.0379 -0.07179 -0.00217053
1 31.8993 31.0379 -0.0975551 -0.00231639
1 33.0077 31.0379 -0.0954051 -0.00245834
1 34.1164 31.0379 -0.0954481 -0.00261216
1 35.2249 31.0379 -0.0952505 -0.0027665
1 36.334 31.0379 -0.0854344 -0.00285792
1 37.4436 31.0379 -0.0869335 -0.00291906
1 38.5528 31.0379 -0.0892479 -0.0027694
1 39.6619 31.0379 -0.0976557 -0.00281064
1 40.7703 31.0379 -0.0949649 -0.00245456
1 41.8795 31.0379 -0.0912395 -0.00196145
1 42.9887 31.038 -0.093833 -0.00138454
1 44.1046 31.0381 -0.0937716 -0.000891211
1 0.135368 32.0077 0.091787 -0.00366217
1 1.2513 32.0075 0.0917623 -0.00590736
1 2.36055 32.0074 0.0906026 -0.0081378
1 3.46978 32.0072 0.0942372 -0.00970794
1 4.57811 32.0072 0.0961427 -0.0106068
1 5.68713 32.0071 0.0884752 -0.0113253
1 6.79633 32.0071 0.0863019 -0.011569
1 7.90588 32.0071 0.0850277 -0.0116061
1 9.01504 32.0071 0.0957128 -0.0113996
1 10.1235 32.0072 0.0963442 -0.0110046
1 11.2322 32.0072 0.0960985 -0.0105712
1 12.3406 32.0072 0.0980204 -0.0101225
1 13.45 32.0073 0.0720208 -0.00965597
1 14.5636 32.0073 0.0350122 -0.00931535
1 15.681 32.0073 0.0122584 -0.00916013
1 16.8002 32.0073 0.00275492 -0.00910929
1 17.92 32.0073 0.000818158 -0.00909349
1 19.0399 32.0073 -0.000466067 -0.00909051
1 20.16 32.0073 -0.000622693 -0.00908423
1 21.2801 32.0073 -0.000481072 -0.00908669
1 22.4002 32.0073 0.000107722 -0.00909669
1 23.5202 32.0073 5.5519e-05 -0.00910046
1 24.6401 32.0073 0.000753304 -0.00910655
1 25.7601 32.0073 -0.000141015 -0.00910697
1 26.88 32.0073 -0.00177224 -0.00911238
1 27.9995 32.0073 -0.00591843 -0.00913786
1 29.1181 32.0073 -0.0212635 -0.00922753
1 30.2337 32.0073 -0.0528595 -0.00947043
1 31.345 32.0073 -0.0886721 -0.00990125
1 32.4535 32.0072 -0.0990713 -0.0103784
1 33.562 32.0072 -0.0940313 -0.0108159
1 34.6706 32.0072 -0.0950063 -0.0112411
1 35.7795 32.0071 -0.0879796 -0.0115241
1 36.8891 32.0071 -0.0918797 -0.0116562
1 37.9975 32.0071 -0.0979261 -0.0116215
1 39.1066 32.0071 -0.0845431 -0.0111563
1 40.2161 32.0072 -0.0895575 -0.0103978
1 41.3249 32.0073 -0.0887892 -0.00918268
1 42.4345 32.0074 -0.0859587 -0.00715923
1 43.5467 32.0077 -0.0850113 -0.00459904
1 0.692969 32.9767 0.0814601 -0.013246
1 1.80525 32.9761 0.0830555 -0.0186634
1 2.9149 32.9756 0.0863969 -0.0232439
1 4.02374 32.9753 0.087584 -0.0268588
1 5.13329 32.9751 0.083797 -0.0292662
1 6.24234 32.9749 0.097522 -0.0307331
1 7.35075 32.9749 0.0913901 -0.03149
1 8.46032 32.9749 0.0884346 -0.031708
1 9.5692 32.975 0.0960304 -0.0313771
1 10.6779 32.9751 0.0951396 -0.0306772
1 11.7865 32.9752 0.099677 -0.0298858
1 12.895 32.9753 0.0894199 -0.0288975
1 14.0063 32.9754 0.0524487 -0.0279477
1 15.1219 32.9754 0.0210716 -0.0273962
1 16.2405 32.9754 0.00539605 -0.0271724
1 17.3601 32.9754 0.000863001 -0.0271196
1 18.48 32.9754 0.000303726 -0.0270969
1 19.6 32.9754 -0.000745411 -0.0270807
1 20.7201 32.9754 -0.00058463 -0.0270943
1 21.8401 32.9754 3.44659e-05 -0.0270944
1 22.9602 32.9754 1.04312e-05 -0.0271171
1 24.0802 32.9754 0.000713316 -0.027132
1 25.2001 32.9754 0.000765345 -0.0271314
1 26.32 32.9754 -0.00044149 -0.0271399
1 27.4397 32.9754 -0.00231535 -0.0271684
1 28.559 32.9754 -0.0114056 -0.0272694
1 29.6764 32.9754 -0.035089 -0.02764
1 30.7899 32.9753 -0.0722429 -0.0284106
1 31.8993 32.9752 -0.098188 -0.0294467
1 33.0076 32.9751 -0.0961139 -0.030357
1 34.1164 32.975 -0.0961548 -0.0311272
1 35.2248 32.9749 -0.0957596 -0.0316811
1 36.3339 32.9749 -0.085568 -0.0317538
1 37.4436 32.9749 -0.0866419 -0.0315525
1 38.5529 32.9749 -0.0883521 -0.0304984
1 39.662 32.9751 -0.0960212 -0.0286945
1 40.7705 32.9754 -0.0924402 -0.025824
1 41.8798 32.9757 -0.0876444 -0.0215351
1 42.9891 32.9763 -0.0889065 -0.0165178
1 44.1052 32.9768 -0.0864795 -0.011631
1 0.133567 33.9448 0.0756251 -0.0282433
1 1.25008 33.9437 0.0816355 -0.0339683
1 2.3596 33.9425 0.0826767 -0.041455
1 3.4691 33.9416 0.0880406 -0.047887
1 4.57765 33.9409 0.0918548 -0.0528786
1 5.68686 33.9404 0.0855995 -0.0571322
1 6.79622 33.9402 0.0844888 -0.0601829
1 7.90589 33.9401 0.0841872 -0.0621047
1 9.01514 33.9401 0.0958396 -0.0630593
1 10.1236 33.9402 0.097095 -0.0629954
1 11.2324 33.9404 0.096971 -0.0624281
1 12.3407 33.9406 0.0989484 -0.0614208
1 13.4501 33.9408 0.07283 -0.0599572
1 14.5636 33.9409 0.0354439 -0.0587506
1 15.681 33.941 0.0124052 -0.0581473
1 16.8002 33.941 0.00279882 -0.0579547
1 17.92 33.941 0.000847931 -0.0579152
1 19.0399 33.941 -0.000458688 -0.0578968
1 20.16 33.941 -0.000625114 -0.0578985
1 21.2801 33.941 -0.000498398 -0.0579108
1 22.4002 33.941 9.43969e-05 -0.057928
1 23.5202 33.941 3.86738e-05 -0.0579488
1 24.6401 33.941 0.000752184 -0.0579513
1 25.7601 33.941 -0.000155724 -0.0579434
1 26.88 33.941 -0.00182055 -0.0579753
1 27.9995 33.941 -0.00600934 -0.0580574
1 29.118 33.941 -0.0215168 -0.0584011
1 30.2337 33.9409 -0.0534619 -0.0593075
1 31.3449 33.9407 -0.0896075 -0.0607474
1 32.4533 33.9405 -0.100029 -0.0620613
1 33.5619 33.9403 -0.0949301 -0.0628935
1 34.6705 33.9401 -0.0956108 -0.06338
1 35.7795 33.94 -0.087917 -0.0630028
1 36.8891 33.94 -0.0910645 -0.0616693
1 37.9977 33.9402 -0.0956877 -0.0596331
1 39.1069 33.9405 -0.0804902 -0.0562516
1 40.2167 33.941 -0.0840483 -0.051549
1 41.3257 33.9418 -0.0820478 -0.0458598
1 42.4356 33.9429 -0.0775449 -0.0388963
1 43.548 33.9442 -0.0746876 -0.0309367
1 0.690413 34.9099 0.0677429 -0.0523883
1 1.80309 34.9079 0.0714194 -0.056443
1 2.91315 34.9062 0.0762425 -0.0619647
1 4.02237 34.9047 0.0788913 -0.0679194
1 5.13232 34.9036 0.0759667 -0.0738422
1 6.24178 34.9028 0.0913223 -0.0791288
1 7.35052 34.9023 0.0876518 -0.0834466
1 8.46029 34.9021 0.0863414 -0.0870394
1 9.56931 34.9021 0.0951543 -0.0893854
1 10.6781 34.9022 0.0950989 -0.0904201
1 11.7867 34.9025 0.100202 -0.0906379
1 12.8952 34.9028 0.0903077 -0.0898433
1 14.0063 34.903 0.0531905 -0.088508
1 15.122 34.9031 0.021444 -0.0875949
1 16.2405 34.9031 0.00552631 -0.0872211
1 17.3601 34.9031 0.000878169 -0.0871268
1 18.48 34.9031 0.000277195 -0.0870993
1 19.6 34.9032 -0.000763114 -0.0871023
1 20.72 34.9031 -0.000597681 -0.0871318
1 21.8401 34.9031 2.97781e-05 -0.087127
1 22.9602 34.9031 2.4447e-05 -0.0871325
1 24.0802 34.9031 0.000717288 -0.0871411
1 25.2001 34.9031 0.000767534 -0.087124
1 26.32 34.9031 -0.000435278 -0.0871215
1 27.4397 34.9031 -0.00233489 -0.0871772
1 28.559 34.9031 -0.011622 -0.087371
1 29.6763 34.9031 -0.0356525 -0.0880016
1 30.7898 34.9029 -0.0731355 -0.0892019
1 31.8991 34.9026 -0.0989914 -0.0904491
1 33.0075 34.9023 -0.096579 -0.0908009
1 34.1162 34.9021 -0.0960271 -0.0903228
1 35.2247 34.902 -0.0943303 -0.0889488
1 36.334 34.9021 -0.0825807 -0.0861847
1 37.4439 34.9024 -0.0823969 -0.0823547
1 38.5535 34.903 -0.0826089 -0.0772189
1 39.663 34.9039 -0.0879376 -0.0718844
1 40.772 34.9051 -0.0823614 -0.0664183
1 41.8818 34.9067 -0.0760974 -0.0605351
1 42.9918 34.9085 -0.0732397 -0.0559807
1 44.1094 34.91 -0.0585347 -0.0564193
1 0.126268 35.8728 0.0458639 -0.0829484
1 1.24576 35.872 0.0659543 -0.0704352
1 2.35638 35.87 0.0716487 -0.0672887
1 3.46652 35.868 0.0779213 -0.0689825
1 4.57561 35.8663 0.0823501 -0.0720393
1 5.68531 35.8648 0.076917 -0.0767924
1 6.79515 35.8636 0.0765296 -0.0820691
1 7.90528 35.8628 0.0773839 -0.0875118
1 9.0149 35.8623 0.0908496 -0.0922272
1 10.1236 35.8622 0.0942549 -0.0957743
1 11.2325 35.8623 0.0955141 -0.0981659
1 12.3408 35.8626 0.0986316 -0.0992103
1 13.4502 35.8629 0.0733843 -0.0989261
1 14.5637 35.863 0.0359602 -0.0982286
1 15.681 35.8631 0.0125976 -0.0978012
1 16.8002 35.8631 0.002839 -0.097651
1 17.92 35.8631 0.000848055 -0.0975965
1 19.0399 35.8631 -0.000508424 -0.0976158
1 20.16 35.8631 -0.000676063 -0.0976281
1 21.2801 35.8631 -0.000477999 -0.0976332
1 22.4002 35.8631 0.000138763 -0.0976271
1 23.5202 35.8631 7.14706e-05 -0.0975982
1 24.6401 35.8631 0.000802068 -0.0975992
1 25.7601 35.8631 -0.000135414 -0.0975687
1 26.88 35.8631 -0.00190207 -0.0975986
1 27.9995 35.8631 -0.00616725 -0.0976934
1 29.118 35.863 -0.0218679 -0.0979726
1 30.2336 35.8629 -0.0540687 -0.0985771
1 31.3448 35.8627 -0.0899126 -0.0992636
1 32.4532 35.8624 -0.0992466 -0.0990706
1 33.5618 35.8622 -0.0930378 -0.097493
1 34.6706 35.8622 -0.092208 -0.0947159
1 35.7798 35.8624 -0.0828023 -0.0906697
1 36.8898 35.8629 -0.0841639 -0.0856847
1 37.9988 35.8639 -0.0865776 -0.0805867
1 39.1087 35.8651 -0.0705184 -0.0752734
1 40.219 35.8667 -0.0741394 -0.070373
1 41.3285 35.8686 -0.0720847 -0.0679611
1 42.439 35.8707 -0.0671182 -0.0684386
1 43.5521 35.8725 -0.0622407 -0.0753918
1 0.685242 36.8339 0.0585614 -0.0919441
1 1.7988 36.8334 0.0647637 -0.0752081
1 2.90942 36.8317 0.0697473 -0.0683905
1 4.0191 36.8297 0.0709805 -0.067433
1 5.12955 36.8277 0.0665776 -0.0700085
1 6.2396 36.826 0.0811431 -0.0732738
1 7.34891 36.8245 0.0781778 -0.0773572
1 8.4592 36.8234 0.0778551 -0.0824481
1 9.5687 36.8228 0.0882856 -0.0874195
1 10.6779 36.8225 0.0904143 -0.091614
1 11.7867 36.8225 0.0975528 -0.0944287
1 12.8952 36.8227 0.0895918 -0.0955384
1 14.0064 36.8228 0.0534672 -0.0954216
1 15.122 36.8229 0.0217865 -0.0950818
1 16.2405 36.8229 0.00571455 -0.0948887
1 17.3601 36.8229 0.000907666 -0.0948209
1 18.48 36.823 0.000244905 -0.0947993
1 19.6 36.823 -0.000754324 -0.0947829
1 20.72 36.8229 -0.000601544 -0.0947865
1 21.8401 36.8229 1.30849e-05 -0.0947667
1 22.9602 36.8229 5.22822e-05 -0.0947572
1 24.0802 36.8229 0.000722817 -0.0947516
1 25.2001 36.8229 0.000752832 -0.094757
1 26.32 36.8229 -0.00044164 -0.0947761
1 27.4397 36.8229 -0.00237849 -0.0948035
1 28.5589 36.8229 -0.0118772 -0.0949171
1 29.6763 36.8229 -0.0360904 -0.0952383
1 30.7897 36.8228 -0.0731881 -0.0956225
1 31.899 36.8226 -0.0975646 -0.0953932
1 33.0075 36.8225 -0.0932847 -0.093596
1 34.1165 36.8225 -0.0906461 -0.0901991
1 35.2255 36.8229 -0.0865329 -0.0857579
1 36.3353 36.8237 -0.0732292 -0.0807149
1 37.4458 36.8249 -0.0726039 -0.0754925
1 38.5559 36.8264 -0.0735624 -0.0712205
1 39.666 36.8283 -0.0800042 -0.0689615
1 40.7754 36.8302 -0.0754131 -0.0684298
1 41.886 36.8321 -0.0690609 -0.0710925
1 42.9975 36.8333 -0.0630878 -0.0823077
1 44.1195 36.8322 -0.0436242 -0.103542
1 0.115567 37.7912 0.0511487 -0.111693
1 1.23908 37.7943 0.0605415 -0.0939
1 2.35146 37.7944 0.0669312 -0.0780073
1 3.4623 37.793 0.0731718 -0.071546
1 4.57185 37.791 0.0764694 -0.0695767
1 5.68193 37.789 0.0700243 -0.070197
1 6.79224 37.787 0.0679448 -0.0727322
1 7.90298 37.7854 0.067693 -0.0769972
1 9.01329 37.7841 0.0814208 -0.0816042
1 10.1226 37.7833 0.086637 -0.0865834
1 11.232 37.7829 0.0901257 -0.0911324
1 12.3407 37.7828 0.0956557 -0.094106
1 13.4503 37.7828 0.0726374 -0.0953546
1 14.5637 37.7829 0.0360679 -0.0954861
1 15.681 37.7829 0.0126913 -0.0953776
1 16.8002 37.783 0.00284036 -0.0953364
1 17.92 37.783 0.000870836 -0.0952914
1 19.0399 37.783 -0.000492398 -0.0952617
1 20.16 37.783 -0.000713726 -0.0952439
1 21.2801 37.7829 -0.000424395 -0.0952175
1 22.4002 37.7829 0.000159027 -0.0951908
1 23.5202 37.7829 0.000106602 -0.0951864
1 24.6401 37.783 0.000880042 -0.0952143
1 25.7601 37.783 -0.000107674 -0.0952042
1 26.88 37.783 -0.00198198 -0.095259
1 27.9995 37.7829 -0.00628584 -0.0953299
1 29.118 37.7829 -0.0220797 -0.0954213
1 30.2335 37.7829 -0.0540233 -0.0955202
1 31.3448 37.7828 -0.0883962 -0.0950968
1 32.4534 37.7827 -0.0952554 -0.0931985
1 33.5624 37.7829 -0.0867427 -0.0895356
1 34.6717 37.7835 -0.0838931 -0.0845837
1 35.7816 37.7845 -0.0735589 -0.0795944
1 36.8923 37.7859 -0.0746261 -0.0751402
1 38.0019 37.7876 -0.0773371 -0.0720271
1 39.1122 37.7895 -0.0634732 -0.0699779
1 40.2229 37.7915 -0.069928 -0.0691948
1 41.3327 37.7934 -0.0687819 -0.0739675
1 42.4438 37.7941 -0.0619919 -0.0860118
1 43.5581 37.7926 -0.0536248 -0.106063
1 0.67802 38.7518 0.0484854 -0.107018
1 1.79312 38.7554 0.056325 -0.088617
1 2.90465 38.7561 0.0660054 -0.0731848
1 4.01464 38.7547 0.068052 -0.0649278
1 5.12529 38.7526 0.0620566 -0.0644654
1 6.2357 38.7504 0.0747666 -0.0658929
1 7.34552 38.7483 0.070752 -0.0681886
1 8.45645 38.7465 0.0695188 -0.0714177
1 9.5667 38.7451 0.0793937 -0.075542
1 10.6766 38.7441 0.0823938 -0.0805736
1 11.7861 38.7435 0.091624 -0.0850251
1 12.8951 38.7433 0.0866239 -0.0880708
1 14.0064 38.7433 0.0527717 -0.0894526
1 15.122 38.7433 0.0218421 -0.0897816
1 16.2405 38.7433 0.00584367 -0.0897626
1 17.3601 38.7433 0.000963275 -0.08975
1 18.48 38.7433 0.000272757 -0.0897614
1 19.6 38.7433 -0.000685055 -0.0897158
1 20.72 38.7433 -0.000560336 -0.0896869
1 21.8401 38.7433 9.89208e-06 -0.0896219
1 22.9602 38.7433 4.98419e-05 -0.0896158
1 24.0802 38.7433 0.000672715 -0.0896226
1 25.2001 38.7433 0.000689033 -0.0896832
1 26.32 38.7433 -0.000485199 -0.0897443
1 27.4397 38.7433 -0.00241763 -0.0897305
1 28.5589 38.7433 -0.0120199 -0.0897229
1 29.6762 38.7433 -0.0360379 -0.0897021
1 30.7897 38.7433 -0.0717949 -0.0890755
1 31.8993 38.7433 -0.0933826 -0.0870326
1 33.0083 38.7437 -0.0864835 -0.0833311
1 34.118 38.7444 -0.0821182 -0.0785007
1 35.2277 38.7455 -0.0774108 -0.0737721
1 36.3383 38.7471 -0.0648385 -0.0699572
1 37.4494 38.749 -0.0658989 -0.0662613
1 38.5599 38.7511 -0.0690975 -0.0644161
1 39.6702 38.7532 -0.0766987 -0.0646919
1 40.7799 38.755 -0.0731098 -0.0686273
1 41.8911 38.7555 -0.0664573 -0.0787952
1 43.0042 38.7535 -0.0639462 -0.0967078
1 44.128 38.7488 -0.0691918 -0.108032
1 0.109782 39.7085 0.0783768 -0.100264
1 1.23237 39.714 0.0632687 -0.098823
1 2.34578 39.7175 0.0642396 -0.0861075
1 3.4573 39.7181 0.0712497 -0.0729791
1 4.56705 39.7167 0.0748203 -0.0670146
1 5.67729 39.7144 0.0668721 -0.0650551
1 6.78795 39.7119 0.0630051 -0.0668377
1 7.89922 39.7097 0.0612896 -0.0701995
1 9.01023 39.7078 0.0735964 -0.07317
1 10.1204 39.7062 0.0779091 -0.0769312
1 11.2307 39.7051 0.0818001 -0.0813927
1 12.3401 39.7045 0.0895165 -0.0856224
1 13.4501 39.7042 0.0699399 -0.0886223
1 14.5637 39.7041 0.0354306 -0.0898033
1 15.6811 39.7041 0.012572 -0.0900645
1 16.8002 39.7041 0.00280598 -0.0900937
1 17.92 39.7041 0.000906657 -0.0900993
1 19.0399 39.7041 -0.000435258 -0.0900574
1 20.16 39.7041 -0.000650254 -0.0900203
1 21.2801 39.7041 -0.000353841 -0.0899536
1 22.4002 39.7041 0.000182636 -0.0899069
1 23.5202 39.7041 6.87149e-05 -0.0899441
1 24.6401 39.7041 0.000850924 -0.0900151
1 25.7601 39.7041 -0.000123388 -0.0900309
1 26.8799 39.7041 -0.00203774 -0.0900677
1 27.9995 39.7041 -0.00630167 -0.0900654
1 29.1179 39.7041 -0.0219119 -0.0899904
1 30.2336 39.7041 -0.0527537 -0.0894556
1 31.3451 39.7042 -0.0842782 -0.0875591
1 32.4543 39.7047 -0.0879234 -0.0838838
1 33.5641 39.7055 -0.0780384 -0.079437
1 34.6743 39.7068 -0.0755643 -0.0751054
1 35.7849 39.7085 -0.0664581 -0.0716347
1 36.8961 39.7105 -0.0685598 -0.0685239
1 38.0062 39.7128 -0.0727288 -0.0657436
1 39.1167 39.7152 -0.0608007 -0.0648481
1 40.2275 39.7172 -0.0674948 -0.0669255
1 41.3377 39.7177 -0.0636161 -0.0785795
1 42.45 39.7154 -0.0539625 -0.0931462
1 43.5656 39.7106 -0.0517709 -0.0986305
1 0.670363 40.6714 0.0551992 -0.0904696
1 1.78597 40.6761 0.0530906 -0.0968445
1 2.89883 40.6794 0.0616406 -0.0875689
1 4.00952 40.6797 0.0673853 -0.0742882
1 5.12021 40.6779 0.0605454 -0.0689152
1 6.23076 40.6753 0.0708019 -0.0699248
1 7.34099 40.6726 0.065459 -0.0726038
1 8.45251 40.6701 0.0638288 -0.0757831
1 9.56348 40.6681 0.0722936 -0.0789832
1 10.6743 40.6665 0.0737676 -0.0827786
1 11.7847 40.6653 0.0830846 -0.0870975
1 12.8945 40.6646 0.0805971 -0.0917092
1 14.0063 40.6643 0.0503228 -0.0948827
1 15.122 40.6642 0.0213074 -0.0960741
1 16.2405 40.6642 0.00573159 -0.0962775
1 17.3601 40.6642 0.000909583 -0.0963147
1 18.48 40.6642 0.000275491 -0.0963664
1 19.6 40.6642 -0.000604879 -0.0963613
1 20.72 40.6642 -0.000464786 -0.0963142
1 21.8401 40.6642 5.40115e-05 -0.0962268
1 22.9602 40.6642 2.10629e-05 -0.0962069
1 24.0802 40.6642 0.000622456 -0.0962234
1 25.2001 40.6642 0.000703255 -0.0962953
1 26.32 40.6642 -0.000444264 -0.0963287
1 27.4397 40.6642 -0.00229644 -0.0963161
1 28.5589 40.6642 -0.0118096 -0.0961762
1 29.6763 40.6642 -0.0349881 -0.0956781
1 30.79 40.6644 -0.067917 -0.093691
1 31.9002 40.6648 -0.0858967 -0.0896285
1 33.0101 40.6657 -0.0777351 -0.084963
1 34.1207 40.6671 -0.0740756 -0.0810167
1 35.2312 40.6689 -0.0706445 -0.0774899
1 36.3425 40.6711 -0.0587347 -0.0737927
1 37.4541 40.6737 -0.0614452 -0.0693194
1 38.5647 40.6765 -0.0674909 -0.0675646
1 39.6749 40.6787 -0.0765564 -0.071083
1 40.7847 40.6795 -0.0718345 -0.0809774
1 41.8965 40.6775 -0.0622482 -0.0929085
1 43.0096 40.6734 -0.0655891 -0.095245
1 44.1302 40.6691 -0.0808901 -0.0857624
1 0.107717 41.6322 0.0765426 -0.0704335
1 1.22728 41.6351 0.0686715 -0.0805434
1 2.34041 41.6389 0.0631487 -0.0860205
1 3.45277 41.6419 0.0718038 -0.0764953
1 4.56256 41.642 0.0800219 -0.064511
1 5.67236 41.6395 0.0709467 -0.0589459
1 6.78285 41.6362 0.062116 -0.0609278
1 7.89454 41.6331 0.0571319 -0.0659637
1 9.00622 41.6304 0.0681536 -0.0701114
1 10.1172 41.6283 0.0711795 -0.073585
1 11.2283 41.6267 0.0734133 -0.076936
1 12.3388 41.6254 0.0808482 -0.0812676
1 13.4496 41.6248 0.0644221 -0.0860863
1 14.5636 41.6245 0.0332945 -0.0889132
1 15.681 41.6244 0.0120413 -0.0899093
1 16.8002 41.6244 0.00273285 -0.0901152
1 17.92 41.6244 0.000898476 -0.0901886
1 19.0399 41.6244 -0.000315481 -0.0902028
1 20.16 41.6244 -0.000525388 -0.0901703
1 21.2801 41.6244 -0.000293042 -0.0901076
1 22.4002 41.6244 0.000120123 -0.0900769
1 23.5202 41.6244 1.51067e-06 -0.0900937
1 24.6402 41.6244 0.000812218 -0.0900879
1 25.7601 41.6245 -4.86995e-05 -0.09006
1 26.88 41.6244 -0.00190065 -0.0900809
1 27.9995 41.6244 -0.00608658 -0.0900333
1 29.118 41.6245 -0.0209644 -0.0895969
1 30.2338 41.6246 -0.0492714 -0.0878265
1 31.3459 41.625 -0.0769631 -0.0838912
1 32.456 41.6259 -0.0789478 -0.0789306
1 33.5669 41.6274 -0.0705685 -0.0752653
1 34.6778 41.6292 -0.0696184 -0.0717782
1 35.7892 41.6316 -0.0607523 -0.0672236
1 36.901 41.6345 -0.0644764 -0.062568
1 38.0112 41.6378 -0.0727525 -0.0592256
1 39.1215 41.6407 -0.063176 -0.0616109
1 40.2322 41.6419 -0.066885 -0.069015
1 41.3433 41.6404 -0.0606325 -0.0819946
1 42.4563 41.6365 -0.057759 -0.0829526
1 43.5712 41.633 -0.0621967 -0.0742445
1 0.667234 42.5967 0.0729108 -0.0720852
1 1.78189 42.5989 0.068455 -0.0810272
1 2.89451 42.6028 0.0649565 -0.0866964
1 4.00599 42.6055 0.0698599 -0.0773962
1 5.11679 42.6049 0.0695629 -0.0615479
1 6.22656 42.6015 0.0800063 -0.05731
1 7.3363 42.5973 0.0683947 -0.0615828
1 8.44803 42.5937 0.0614995 -0.0682474
1 9.55961 42.5909 0.0676786 -0.0740894
1 10.6712 42.5888 0.0676224 -0.0776597
1 11.7825 42.5871 0.07467 -0.080648
1 12.8933 42.586 0.0723015 -0.0852149
1 14.0058 42.5854 0.0457626 -0.0893168
1 15.1219 42.5852 0.0198331 -0.0916095
1 16.2404 42.5852 0.00568626 -0.0923655
1 17.3601 42.5852 0.00122624 -0.0923856
1 18.48 42.5851 0.000441199 -0.0924097
1 19.6 42.5851 -0.000483782 -0.0923515
1 20.72 42.5851 -0.000363736 -0.0922238
1 21.8401 42.5851 6.42196e-05 -0.0922943
1 22.9602 42.5851 -0.000154599 -0.0923492
1 24.0802 42.5852 0.000245969 -0.0923045
1 25.2001 42.5852 0.000466181 -0.092372
1 26.3201 42.5852 -0.000485602 -0.0922388
1 27.4398 42.5852 -0.00223536 -0.0921915
1 28.5589 42.5852 -0.0111159 -0.0920584
1 29.6765 42.5853 -0.0322648 -0.0908093
1 30.7907 42.5856 -0.0614356 -0.0874284
1 31.9018 42.5864 -0.0770378 -0.0827871
1 33.0128 42.5879 -0.0705982 -0.0789712
1 34.1242 42.5897 -0.0686113 -0.0758984
1 35.2354 42.5922 -0.0651597 -0.0705444
1 36.3473 42.5955 -0.0563419 -0.0637361
1 37.4589 42.5994 -0.067183 -0.0592122
1 38.5688 42.6032 -0.0764407 -0.0598083
1 39.6786 42.6051 -0.0804917 -0.071759
1 40.7891 42.6039 -0.0685337 -0.0824521
1 41.9017 42.6006 -0.0620273 -0.082383
1 43.0141 42.5975 -0.0671073 -0.0739717
1 44.1338 42.5951 -0.0663787 -0.0659816
1 0.104857 43.5588 0.0669329 -0.0765834
1 1.22528 43.5595 0.0661574 -0.0773653
1 2.33761 43.5625 0.0677177 -0.0811847
1 3.44963 43.5662 0.0723814 -0.0831522
1 4.56032 43.5685 0.078945 -0.0738709
1 5.6704 43.5671 0.0786032 -0.0578963
1 6.78013 43.5627 0.0746544 -0.0500791
1 7.89095 43.5575 0.0657501 -0.0560761
1 9.0024 43.5533 0.0699102 -0.0657577
1 10.1137 43.5503 0.068706 -0.0735957
1 11.2255 43.5483 0.068249 -0.0779843
1 12.3368 43.5467 0.0726604 -0.0817295
1 13.4486 43.5457 0.0571283 -0.0868294
1 14.5632 43.5453 0.0298542 -0.0907164
1 15.681 43.5451 0.011097 -0.0925202
1 16.8002 43.5451 0.00266588 -0.0930597
1 17.92 43.5451 0.000997518 -0.0929645
1 19.0399 43.5451 -0.000165842 -0.0927741
1 20.16 43.545 -0.000524353 -0.0928325
1 21.2801 43.545 -9.64359e-05 -0.0928356
1 22.4002 43.545 9.94129e-05 -0.0927399
1 23.5202 43.5451 -9.11422e-05 -0.0928469
1 24.6401 43.5451 0.000617757 -0.0928704
1 25.7601 43.5451 -0.000428655 -0.0928639
1 26.88 43.5452 -0.00211278 -0.0928171
1 27.9995 43.5452 -0.0056063 -0.092692
1 29.1181 43.5452 -0.018776 -0.0917228
1 30.2344 43.5454 -0.0437399 -0.0889829
1 31.3473 43.5461 -0.0684989 -0.0841984
1 32.4585 43.5474 -0.0721861 -0.0795562
1 33.57 43.5492 -0.0666391 -0.0759281
1 34.6816 43.5517 -0.0668627 -0.0691007
1 35.7933 43.5554 -0.0635023 -0.0597445
1 36.9047 43.5601 -0.0772811 -0.0545071
1 38.0139 43.5647 -0.0870842 -0.0552031
1 39.1239 43.5678 -0.0681542 -0.0656645
1 40.2354 43.5672 -0.0667387 -0.0801097
1 41.3472 43.564 -0.0651629 -0.0832361
1 42.4595 43.5609 -0.0679216 -0.0774524
1 43.5737 43.5589 -0.0652878 -0.0745842
1 0.66628 44.5207 0.0603217 -0.0747771
1 1.7803 44.5234 0.0641424 -0.072179
1 2.89198 44.527 0.0641075 -0.0800609
1 4.00379 44.5307 0.0655451 -0.0806692
1 5.11558 44.532 0.0703679 -0.0682232
1 6.22593 44.5295 0.084743 -0.0513264
1 7.33561 44.524 0.079941 -0.0450049
1 8.44642 44.5182 0.0746307 -0.0500854
1 9.55715 44.5135 0.0753565 -0.0610761
1 10.6685 44.5104 0.0694405 -0.0705351
1 11.7801 44.5082 0.0706541 -0.076014
1 12.8917 44.5068 0.0649258 -0.0808915
1 14.0051 44.506 0.0404415 -0.0857362
1 15.1216 44.5057 0.0171584 -0.0887276
1 16.2404 44.5056 0.00473421 -0.0898885
1 17.3601 44.5056 0.000914959 -0.0900629
1 18.48 44.5056 0.000353855 -0.0899504
1 19.6 44.5056 -0.000325754 -0.0898081
1 20.7201 44.5055 -0.000241474 -0.0896773
1 21.8401 44.5056 7.81016e-05 -0.0897844
1 22.9602 44.5056 -8.9921e-05 -0.0897765
1 24.0802 44.5056 0.000235539 -0.0897388
1 25.2001 44.5057 0.000393725 -0.0898634
1 26.32 44.5057 -0.000486061 -0.0900299
1 27.4398 44.5057 -0.00209681 -0.0899187
1 28.5591 44.5057 -0.00956223 -0.0893037
1 29.6769 44.5058 -0.0277742 -0.0872905
1 30.7918 44.5063 -0.0542818 -0.0832525
1 31.9039 44.5074 -0.0707558 -0.0782152
1 33.0154 44.5092 -0.0691871 -0.0733922
1 34.1269 44.5118 -0.0716085 -0.065619
1 35.2379 44.5158 -0.0749955 -0.0544074
1 36.3488 44.5212 -0.0738791 -0.0480295
1 37.4593 44.5266 -0.0787212 -0.0506279
1 38.5698 44.5305 -0.0732638 -0.0590575
1 39.6812 44.531 -0.0762262 -0.0761358
1 40.7926 44.5282 -0.0708069 -0.0811591
1 41.905 44.525 -0.0671963 -0.0733439
1 43.0172 44.5221 -0.0725924 -0.0734752
1 44.1381 44.5202 -0.0691807 -0.0792509
1 0.0991581 45.4788 0.0754944 -0.0784831
1 1.22118 45.4838 0.0696558 -0.0797948
1 2.33336 45.4883 0.0716613 -0.0782333
1 3.44564 45.4914 0.0690235 -0.081526
1 4.55813 45.4945 0.0711276 -0.0844284
1 5.66986 45.495 0.074923 -0.0661977
1 6.78108 45.4907 0.0728577 -0.049849
1 7.89262 45.4845 0.0726956 -0.0482427
1 9.00333 45.4786 0.0844982 -0.0520553
1 10.1132 45.4737 0.0823633 -0.0612635
1 11.224 45.4703 0.0752919 -0.0715938
1 12.3351 45.4681 0.0712241 -0.0796747
1 13.4475 45.4668 0.051813 -0.0862898
1 14.5628 45.4662 0.0261241 -0.0908279
1 15.6808 45.4659 0.00949881 -0.0930951
1 16.8002 45.4659 0.00215391 -0.0937004
1 17.92 45.4659 0.00080836 -0.0938161
1 19.0399 45.4659 -0.000232191 -0.0937135
1 20.1601 45.4659 -0.000544642 -0.0934666
1 21.2801 45.4658 -1.96343e-05 -0.0933985
1 22.4002 45.4659 5.72256e-05 -0.0934482
1 23.5202 45.4659 -0.000197745 -0.0934004
1 24.6401 45.4659 0.000519235 -0.0934551
1 25.7601 45.466 -0.000277519 -0.0938748
1 26.88 45.466 -0.00164183 -0.0938289
1 27.9996 45.466 -0.00486173 -0.093413
1 29.1185 45.4661 -0.0163079 -0.0920384
1 30.2352 45.4664 -0.0386025 -0.0885407
1 31.3488 45.4673 -0.0638608 -0.0828546
1 32.4602 45.469 -0.0745743 -0.0755591
1 33.5712 45.4719 -0.0766048 -0.0660739
1 34.6816 45.4762 -0.0813804 -0.0554461
1 35.7921 45.4817 -0.0779075 -0.0508349
1 36.9032 45.4875 -0.0797254 -0.0526544
1 38.0138 45.4923 -0.0793589 -0.0571615
1 39.1256 45.4945 -0.0656726 -0.0734187
1 40.2383 45.4923 -0.0672131 -0.0881615
1 41.3506 45.4889 -0.0653317 -0.0807731
1 42.4628 45.4863 -0.0654772 -0.0753437
1 43.5764 45.4821 -0.0671132 -0.0789587
1 0.659757 46.4421 0.0635165 -0.0777056
1 1.77331 46.4493 0.0665214 -0.0738013
1 2.88627 46.4526 0.0637941 -0.0806192
1 3.99993 46.4561 0.0614413 -0.084454
1 5.11372 46.4589 0.063973 -0.0747759
1 6.22646 46.4569 0.0753897 -0.0544396
1 7.33847 46.4512 0.073067 -0.0474164
1 8.45039 46.4451 0.0771653 -0.0492138
1 9.56073 46.4397 0.0875607 -0.0511815
1 10.6704 46.4349 0.0875992 -0.0563672
1 11.7802 46.431 0.0841421 -0.0658413
1 12.891 46.4286 0.0675608 -0.0763857
1 14.0045 46.4273 0.0377745 -0.0849564
1 15.1214 46.4268 0.0152722 -0.0894628
1 16.2403 46.4267 0.00425639 -0.0909525
1 17.3601 46.4266 0.00065586 -0.091488
1 18.48 46.4266 6.12277e-05 -0.0914144
1 19.6 46.4266 -0.000496307 -0.0913692
1 20.7201 46.4266 -0.000443516 -0.0910354
1 21.8401 46.4266 -8.14847e-05 -0.0911357
1 22.9602 46.4267 9.09385e-05 -0.0910411
1 24.0801 46.4267 0.000531873 -0.0911774
1 25.2001 46.4267 0.000428662 -0.091246
1 26.32 46.4267 -0.000334404 -0.091553
1 27.4398 46.4268 -0.00173911 -0.0914192
1 28.5593 46.4268 -0.00869127 -0.0903055
1 29.6774 46.4271 -0.025483 -0.087413
1 30.7926 46.4279 -0.0530418 -0.0809033
1 31.9044 46.4297 -0.0781017 -0.0706854
1 33.0145 46.4329 -0.0855329 -0.0602058
1 34.1243 46.4373 -0.0867794 -0.0531442
1 35.2343 46.4425 -0.083987 -0.0508565
1 36.3453 46.4481 -0.0752558 -0.0490499
1 37.4575 46.4538 -0.0708104 -0.0496603
1 38.5703 46.4577 -0.0677135 -0.0665625
1 39.6835 46.4566 -0.0742655 -0.0854183
1 40.7962 46.4533 -0.071719 -0.0776275
1 41.9094 46.4511 -0.0702452 -0.0743357
1 43.0222 46.4471 -0.0712389 -0.0788273
1 44.1428 46.4386 -0.0742178 -0.0804642
1 0.0900931 47.3981 0.0717159 -0.0735938
1 1.21037 47.4142 0.0721913 -0.0857052
1 2.32628 47.4187 0.0669696 -0.0732147
1 3.44043 47.4206 0.0756434 -0.0847779
1 4.55463 47.4255 0.063085 -0.0884978
1 5.67016 47.4263 0.0622027 -0.0616858
1 6.78461 47.4216 0.0646618 -0.0501641
1 7.89788 47.4158 0.0710911 -0.050423
1 9.00909 47.4104 0.0859626 -0.0521405
1 10.1189 47.4055 0.0890504 -0.0549125
1 11.2283 47.4009 0.0928172 -0.0557884
1 12.3372 47.3969 0.0895086 -0.0624828
1 13.448 47.3941 0.0601402 -0.0747387
1 14.5627 47.3926 0.0276814 -0.0848098
1 15.6807 47.3921 0.00936183 -0.0899576
1 16.8001 47.392 0.00191943 -0.091646
1 17.92 47.392 0.000519399 -0.0917929
1 19.04 47.392 -0.000553151 -0.0917203
1 20.1601 47.392 -0.000524167 -0.0916104
1 21.2801 47.392 -0.000600642 -0.0915734
1 22.4002 47.392 0.00016622 -0.0915791
1 23.5202 47.3921 0.00021966 -0.0915424
1 24.6401 47.3921 0.000823619 -0.0916374
1 25.7601 47.3921 4.78422e-05 -0.0917763
1 26.88 47.3921 -0.00112904 -0.0916731
1 27.9997 47.3922 -0.00467983 -0.0910932
1 29.1185 47.3924 -0.0168387 -0.0878721
1 30.2351 47.3933 -0.0430684 -0.0801362
1 31.3477 47.3954 -0.0772515 -0.0680787
1 32.4571 47.3989 -0.0939876 -0.0578613
1 33.5661 47.4033 -0.0893448 -0.0547235
1 34.6758 47.4079 -0.0861781 -0.0539228
1 35.7864 47.4131 -0.0776317 -0.051354
1 36.8989 47.4186 -0.0672499 -0.0513724
1 38.0126 47.4236 -0.0682997 -0.0573164
1 39.1272 47.4253 -0.0616614 -0.0758894
1 40.2424 47.4221 -0.0639871 -0.0852678
1 41.3563 47.4193 -0.0709008 -0.073162
1 42.471 47.4171 -0.0676439 -0.0780076
1 43.5886 47.4098 -0.066356 -0.0779749
