1 0.534223 0.0634648 -0.0326072 -0.062606
1 1.65254 0.0565136 -0.0218371 -0.0577254
1 2.7694 0.0515979 -0.0271421 -0.0600664
1 3.88593 0.0499877 -0.0127745 -0.0516405
1 5.00223 0.0489741 -0.00259122 -0.0386249
1 6.1199 0.0519771 -0.0122673 -0.0180994
1 7.23896 0.056028 -0.0190117 -0.00567982
1 8.35877 0.0627467 -0.00736789 -0.0237729
1 9.47862 0.0717181 0.00585885 -0.036968
1 10.5998 0.0775228 0.0261382 -0.0232575
1 11.7247 0.0833212 0.0341172 -0.00468496
1 12.8529 0.0927046 0.0370625 0.0100663
1 13.9816 0.104632 0.0507103 -0.00226217
1 15.1093 0.119773 0.0590827 -0.0304737
1 16.2347 0.136953 0.046549 -0.0402804
1 17.3576 0.154833 0.0257026 -0.0304385
1 18.4779 0.168732 0.0159658 -0.0158511
1 19.5979 0.174859 0.0293941 -0.00162836
1 20.7186 0.178785 0.0347885 0.0228693
1 21.8399 0.182612 0.00909507 0.0389347
1 22.961 0.18121 -0.0221487 0.0275971
1 24.0816 0.176999 -0.0335478 0.00920814
1 25.2016 0.173217 -0.0214772 -0.0071811
1 26.3215 0.162955 -0.0201719 -0.0270562
1 27.4428 0.145581 -0.0391049 -0.0403616
1 28.567 0.127564 -0.0514186 -0.0417617
1 29.6937 0.110506 -0.0543887 -0.0206405
1 30.8224 0.0974979 -0.0432561 0.0157386
1 31.9512 0.0893236 -0.0362235 0.0141256
1 33.0775 0.0816992 -0.0371372 -0.012828
1 34.2004 0.0758211 -0.0205842 -0.0305394
1 35.3211 0.0683706 0.000612213 -0.0377698
1 36.4413 0.0591776 0.0123118 -0.0229353
1 37.5607 0.0533034 0.0168539 -0.0102378
1 38.6788 0.051016 0.0116698 -0.0264252
1 39.7963 0.0494994 0.0196669 -0.0473874
1 40.913 0.0517549 0.0273267 -0.0531638
1 42.0297 0.0544677 0.0302773 -0.0669779
1 43.147 0.0585014 0.0272411 -0.0656563
1 44.2682 0.0754039 0.0353373 -0.0608287
1 -0.02066 1.03555 -0.0352078 -0.073639
1 1.09963 1.02603 -0.029655 -0.0596472
1 2.21396 1.02029 -0.029466 -0.0620781
1 3.32847 1.01749 -0.036013 -0.0577023
1 4.44421 1.01616 -0.0304876 -0.0372715
1 5.56002 1.01643 -0.0282733 -0.0230989
1 6.67728 1.01983 -0.0256881 -0.0133365
1 7.79458 1.02595 -0.00769728 -0.0128197
1 8.91313 1.03282 -0.0041902 -0.029581
1 10.0347 1.03967 0.00825808 -0.0285951
1 11.1571 1.04481 0.0253563 -0.0126137
1 12.2816 1.05147 0.0301185 -0.00161661
1 13.4084 1.06241 0.0499854 -0.000413311
1 14.534 1.07611 0.0661371 -0.0156912
1 15.6589 1.09187 0.0556491 -0.0277652
1 16.7831 1.10904 0.0376091 -0.0247925
1 17.9069 1.12516 0.0142476 -0.0180216
1 19.0313 1.13597 0.00793077 -0.0082332
1 20.1551 1.14104 0.0190045 0.0105876
1 21.2777 1.14443 0.0108414 0.0307837
1 22.4011 1.14574 -0.00242345 0.0374404
1 23.5241 1.14333 -0.0140796 0.0214006
1 24.6463 1.13944 -0.017978 0.00347419
1 25.7698 1.13201 -0.00942051 -0.0148866
1 26.8942 1.1176 -0.0237591 -0.0257183
1 28.018 1.09993 -0.0470193 -0.0310089
1 29.1424 1.08278 -0.0589262 -0.0295649
1 30.268 1.06772 -0.0566955 -0.00715704
1 31.3943 1.05683 -0.0384158 0.0114705
1 32.5204 1.04923 -0.0249479 -0.00299759
1 33.6444 1.04347 -0.0161368 -0.0174435
1 34.7666 1.03749 -0.00245537 -0.0303438
1 35.8869 1.0297 0.00457318 -0.0287679
1 37.0051 1.02226 0.0102341 -0.0160248
1 38.1222 1.01817 0.0189306 -0.0144536
1 39.2382 1.01676 0.0182147 -0.0300742
1 40.3534 1.0175 0.0217008 -0.0430568
1 41.468 1.01983 0.0246471 -0.0574285
1 42.5817 1.02333 0.0198648 -0.0639137
1 43.6959 1.0305 0.0214084 -0.0683069
1 0.547251 1.99189 -0.0264838 -0.0698768
1 1.66142 1.98625 -0.0281496 -0.0631867
1 2.77401 1.98238 -0.0338571 -0.0578774
1 3.88751 1.98007 -0.0333692 -0.0496739
1 5.00186 1.97952 -0.0257032 -0.031203
1 6.11669 1.98105 -0.023246 -0.0243812
1 7.23245 1.98658 -0.010974 -0.023867
1 8.34955 1.99243 -0.00356865 -0.015518
1 9.46916 1.9974 0.00188183 -0.0260373
1 10.5907 2.00315 0.0136618 -0.0274043
1 11.7135 2.00914 0.0215825 -0.0150278
1 12.8376 2.01769 0.0333849 -0.0140495
1 13.9625 2.03034 0.0545165 -0.0198598
1 15.0867 2.04478 0.0609857 -0.0220383
1 16.2097 2.05991 0.0449434 -0.0199449
1 17.3336 2.07493 0.0202095 -0.0154644
1 18.4607 2.0878 0.00312334 -0.00855343
1 19.5884 2.0966 0.00730136 0.00501956
1 20.7145 2.1016 0.0122172 0.0160192
1 21.8391 2.1038 0.00428667 0.0255898
1 22.9632 2.10331 -0.00727883 0.0262444
1 24.0881 2.09993 -0.0127872 0.0141572
1 25.2148 2.09323 -0.00478849 -0.000695184
1 26.3426 2.08222 -0.0102012 -0.0127241
1 27.468 2.06751 -0.0331182 -0.024375
1 28.5912 2.05148 -0.0509352 -0.0291564
1 29.7146 2.03636 -0.0601632 -0.0227515
1 30.8389 2.0231 -0.0466258 -0.0106042
1 31.9635 2.01381 -0.0328707 -0.00663744
1 33.0869 2.00733 -0.02434 -0.0163728
1 34.2092 2.00144 -0.00686553 -0.0285288
1 35.3307 1.9954 0.00644278 -0.0297317
1 36.4496 1.98919 0.00935332 -0.0231378
1 37.5655 1.98351 0.019429 -0.0209556
1 38.6805 1.98075 0.0269821 -0.0235843
1 39.7952 1.98055 0.0320824 -0.0372104
1 40.9093 1.98208 0.0415144 -0.0535099
1 42.0227 1.98509 0.035527 -0.0612379
1 43.1356 1.98963 0.0297008 -0.0689621
1 44.257 1.99258 0.0251919 -0.0703082
1 -0.0146919 2.95319 -0.0166892 -0.060428
1 1.10698 2.95136 -0.0261881 -0.062074
1 2.21956 2.94784 -0.0337071 -0.0642036
1 3.332 2.94472 -0.038461 -0.0570351
1 4.4451 2.94379 -0.0276839 -0.0458273
1 5.55797 2.94388 -0.0209088 -0.0305365
1 6.67191 2.9476 -0.0204722 -0.0284834
1 7.78804 2.95286 -0.0184399 -0.017193
1 8.90644 2.95618 -0.0086502 -0.0190624
1 10.0267 2.9611 0.00767494 -0.0307353
1 11.148 2.96753 0.0192566 -0.0275487
1 12.2703 2.97434 0.027333 -0.0226893
1 13.3938 2.98532 0.0375815 -0.0308796
1 14.5175 2.99902 0.0514346 -0.0300417
1 15.6399 3.01289 0.0488354 -0.021444
1 16.7623 3.02569 0.0257734 -0.0103346
1 17.8881 3.03669 0.00185796 -0.00882512
1 19.0175 3.04688 0.00229956 0.00100691
1 20.1475 3.05503 0.0178804 0.0109794
1 21.2756 3.05982 0.0179673 0.0136019
1 22.4018 3.06075 -0.00449071 0.017909
1 23.5281 3.05797 -0.017189 0.013501
1 24.6567 3.0518 -0.00730043 0.00639547
1 25.7868 3.04242 0.00202823 -0.00422468
1 26.9149 3.03157 -0.0137172 -0.00802933
1 28.0385 3.01937 -0.043096 -0.0199688
1 29.1604 3.00525 -0.0575753 -0.0319372
1 30.2829 2.99124 -0.048417 -0.0280246
1 31.4066 2.9795 -0.0304101 -0.0207089
1 32.5303 2.97144 -0.0183154 -0.0216542
1 33.6528 2.96537 -0.00947001 -0.0267128
1 34.7739 2.95971 -0.000614986 -0.0278072
1 35.8931 2.9548 0.00408492 -0.0246767
1 37.0097 2.9501 0.00801454 -0.0260454
1 38.1246 2.94549 0.0194002 -0.0281852
1 39.2386 2.9441 0.0307638 -0.0366455
1 40.3521 2.94436 0.0375094 -0.0510331
1 41.4651 2.94659 0.0349155 -0.0538056
1 42.5774 2.9503 0.0295377 -0.0646694
1 43.6923 2.95247 0.0226504 -0.0597332
1 0.548827 3.91379 -0.0272111 -0.0564133
1 1.66326 3.91254 -0.0278836 -0.0570423
1 2.77518 3.90991 -0.0348743 -0.0530917
1 3.88723 3.90796 -0.0330877 -0.0478118
1 5.00017 3.90803 -0.0307459 -0.0357457
1 6.11357 3.90984 -0.0221578 -0.0276652
1 7.22881 3.91345 -0.0132242 -0.0164409
1 8.34575 3.91691 -8.50031e-05 -0.0140138
1 9.46328 3.92041 0.00647793 -0.0202988
1 10.5831 3.92567 0.0100307 -0.0272208
1 11.7053 3.93245 0.0157807 -0.0253648
1 12.8281 3.94143 0.0301328 -0.0330807
1 13.9508 3.95444 0.0437827 -0.0370201
1 15.0735 3.96801 0.0497281 -0.0247763
1 16.1951 3.97929 0.0330931 -0.00352276
1 17.3185 3.98757 0.00473077 0.0039388
1 18.4461 3.99573 -0.003345 -0.000770376
1 19.5763 4.00454 0.00973534 0.00663028
1 20.7077 4.0119 0.0218441 0.0122419
1 21.838 4.01525 0.0113742 0.0179306
1 22.9671 4.01407 -0.017873 0.0153532
1 24.0972 4.00888 -0.0221772 0.00842823
1 25.228 4.00052 -0.00293626 0.00180828
1 26.3574 3.99168 -0.000269739 0.00206535
1 27.4828 3.9838 -0.0204887 0.00282912
1 28.605 3.97389 -0.0364247 -0.0192577
1 29.7273 3.9604 -0.0428843 -0.0331186
1 30.8499 3.94699 -0.0354824 -0.0330847
1 31.9726 3.93668 -0.0274595 -0.0263182
1 33.0946 3.92976 -0.0187616 -0.0207512
1 34.2157 3.92404 -0.00693008 -0.0227399
1 35.3356 3.91963 0.00936079 -0.0246569
1 36.4536 3.91574 0.0162625 -0.0225493
1 37.5696 3.91123 0.0214763 -0.0229184
1 38.6832 3.9086 0.0246934 -0.0294573
1 39.7961 3.90801 0.0298622 -0.041581
1 40.9088 3.90891 0.0422922 -0.0475186
1 42.0209 3.91159 0.040072 -0.0521684
1 43.1334 3.91387 0.0308894 -0.0551829
1 44.2534 3.91565 0.0378101 -0.0583409
1 -0.0124832 4.87673 -0.0480876 -0.058748
1 1.1064 4.87695 -0.0365119 -0.0600285
1 2.21813 4.87523 -0.0395326 -0.0528813
1 3.3298 4.87345 -0.0389094 -0.0498286
1 4.44224 4.87251 -0.036425 -0.0449424
1 5.55516 4.87337 -0.0296658 -0.0345557
1 6.66923 4.87543 -0.0278173 -0.0224439
1 7.78526 4.87856 -0.0172516 -0.0223578
1 8.90242 4.88187 -0.00317152 -0.024091
1 10.0215 4.88571 0.0074935 -0.0236473
1 11.142 4.89138 0.014598 -0.0317829
1 12.2635 4.89944 0.0295462 -0.039079
1 13.3855 4.91105 0.0355593 -0.0438548
1 14.5084 4.924 0.0313728 -0.0322232
1 15.6317 4.93536 0.0248323 -0.0129425
1 16.7544 4.9428 0.00840773 0.00738253
1 17.8784 4.94763 -0.00204489 0.00334584
1 19.006 4.95444 0.00694471 -0.0019838
1 20.1375 4.96161 0.0205178 0.00465446
1 21.2705 4.9666 0.0207409 0.0149259
1 22.4031 4.96777 -0.00596965 0.0167652
1 23.5357 4.96473 -0.0172269 0.00994125
1 24.668 4.95868 -0.00998233 0.00204473
1 25.7974 4.95099 -0.00365537 -0.00287922
1 26.9235 4.94511 -0.00239636 0.0062674
1 28.0464 4.93954 -0.0223849 -0.00123051
1 29.1692 4.92941 -0.0334644 -0.0281464
1 30.2924 4.9168 -0.0346239 -0.0390545
1 31.4148 4.90452 -0.0312418 -0.0393202
1 32.5369 4.89513 -0.0178156 -0.0296793
1 33.6584 4.88924 -0.00920453 -0.02404
1 34.7784 4.88481 -0.00544072 -0.0223243
1 35.8963 4.88141 -0.0038539 -0.0246745
1 37.0122 4.87728 0.00463155 -0.0287101
1 38.1269 4.87426 0.0190634 -0.0278574
1 39.2405 4.87293 0.0312575 -0.0389131
1 40.3529 4.87337 0.0341474 -0.0471698
1 41.4644 4.87469 0.0361152 -0.0543505
1 42.5761 4.87608 0.0361435 -0.0566306
1 43.6903 4.87772 0.0342131 -0.060209
1 0.548686 5.84142 -0.0264707 -0.0616524
1 1.66271 5.84069 -0.0336611 -0.062982
1 2.77388 5.83943 -0.0319045 -0.0579517
1 3.88548 5.83803 -0.0317137 -0.0492955
1 4.99815 5.83781 -0.0315721 -0.0460396
1 6.11164 5.83855 -0.022008 -0.0312154
1 7.22687 5.84034 -0.00620239 -0.0303833
1 8.34274 5.84403 -0.00147657 -0.0295857
1 9.4602 5.84723 0.00197932 -0.0254877
1 10.5799 5.8512 0.0116561 -0.0306411
1 11.7004 5.85829 0.0261484 -0.0412121
1 12.8216 5.86831 0.0325484 -0.0439122
1 13.9448 5.87997 0.0253895 -0.036563
1 15.0697 5.89117 0.0182079 -0.0234564
1 16.1936 5.89946 0.0136195 -0.00406992
1 17.3163 5.90362 0.00316435 0.00474326
1 18.4406 5.90719 0.00128538 -0.00212068
1 19.569 5.91219 0.0100013 0.000160572
1 20.702 5.9163 0.014804 0.00409789
1 21.8363 5.91834 0.00642276 0.0108086
1 22.9701 5.91794 -0.0135316 0.00962917
1 24.1037 5.91482 -0.0147699 0.00280302
1 25.2349 5.90979 -0.0066438 -0.00310569
1 26.3616 5.90533 -0.00199582 0.000582537
1 27.4848 5.90179 -0.00509733 0.00351546
1 28.608 5.89525 -0.0105866 -0.0160858
1 29.7327 5.88505 -0.0208908 -0.030535
1 30.8562 5.87385 -0.031404 -0.042245
1 31.9777 5.86291 -0.0341386 -0.0440367
1 33.0981 5.85497 -0.0245879 -0.0317538
1 34.2186 5.84964 -0.00458192 -0.0251712
1 35.3385 5.84627 0.0129614 -0.0245176
1 36.4562 5.84352 0.018313 -0.0324905
1 37.5716 5.84001 0.0189734 -0.0332987
1 38.685 5.8382 0.0312696 -0.0445456
1 39.7977 5.83804 0.0388484 -0.0430057
1 40.9105 5.83935 0.0452598 -0.0542784
1 42.0217 5.84015 0.0378521 -0.0638773
1 43.1319 5.84118 0.0389522 -0.0624918
1 44.2504 5.84187 0.0459222 -0.0598206
1 -0.0111168 6.80738 -0.0455618 -0.0661801
1 1.10642 6.80609 -0.0345358 -0.0641168
1 2.21694 6.80579 -0.0411287 -0.0632952
1 3.32849 6.80409 -0.0453456 -0.0497592
1 4.44153 6.80273 -0.0388487 -0.0421563
1 5.55454 6.80265 -0.0310078 -0.0335231
1 6.66839 6.80311 -0.0270842 -0.0291042
1 7.78392 6.80594 -0.0244778 -0.0285131
1 8.90168 6.80899 -0.0146146 -0.0268648
1 10.0212 6.81255 0.00565316 -0.027272
1 11.1405 6.81805 0.0283133 -0.033892
1 12.2601 6.82676 0.0375338 -0.0387783
1 13.3826 6.83688 0.0283946 -0.0353182
1 14.5072 6.84671 0.0138706 -0.025105
1 15.6329 6.85553 0.00597888 -0.0123892
1 16.7566 6.86133 -0.000515036 0.00129647
1 17.8798 6.86358 -0.00216356 0.00401774
1 19.0059 6.86561 0.00916331 0.00189827
1 20.1366 6.86768 0.0162814 0.00666906
1 21.2702 6.86873 0.0149828 0.00438577
1 22.4034 6.86905 -0.00387116 0.00524186
1 23.5363 6.86855 -0.0128018 0.00956005
1 24.6684 6.86704 -0.0107962 0.00470655
1 25.7968 6.86473 -0.00521644 0.00331108
1 26.9212 6.86271 0.00114156 0.00364984
1 28.0439 6.85855 -0.00781807 -0.00897305
1 29.1689 6.85046 -0.00786919 -0.0210584
1 30.2947 6.84152 -0.0126346 -0.0278034
1 31.4187 6.83152 -0.0276374 -0.0371082
1 32.5405 6.82204 -0.0324589 -0.0344639
1 33.66 6.81559 -0.0216158 -0.0297841
1 34.7789 6.81135 -0.00444775 -0.0248019
1 35.8967 6.80821 0.0049148 -0.0273055
1 37.0136 6.80514 0.0118319 -0.0297093
1 38.1287 6.80377 0.0196728 -0.0335076
1 39.2421 6.80295 0.0250447 -0.041511
1 40.3544 6.80358 0.0317008 -0.0451357
1 41.4662 6.80541 0.0306152 -0.0511354
1 42.5766 6.80674 0.024837 -0.0635353
1 43.6893 6.80645 0.0207868 -0.060044
1 0.549445 7.77326 -0.0224245 -0.0646311
1 1.66199 7.77235 -0.0268424 -0.0594243
1 2.77337 7.77045 -0.0336725 -0.0473541
1 3.88546 7.76835 -0.0333084 -0.0421912
1 4.99834 7.76731 -0.0365343 -0.0366802
1 6.1128 7.76664 -0.0287148 -0.0285215
1 7.22853 7.76802 -0.0159772 -0.0340589
1 8.34474 7.77125 -0.0107884 -0.0321183
1 9.46186 7.77473 0.00347846 -0.0295432
1 10.5805 7.77929 0.0195536 -0.0346843
1 11.6996 7.78618 0.0313363 -0.0390951
1 12.8214 7.79482 0.0279125 -0.0336077
1 13.9466 7.80376 0.0145639 -0.0259283
1 15.0731 7.81163 0.00770827 -0.0190742
1 16.1982 7.81813 0.00143038 -0.00843483
1 17.3221 7.82152 -0.0129257 -0.00107334
1 18.4473 7.82231 -0.00126367 -0.00147788
1 19.5752 7.82239 0.0129299 0.00351293
1 20.7062 7.82181 0.0126189 0.0033209
1 21.8373 7.82111 0.00884073 -0.00267502
1 22.9676 7.8214 -0.0105004 0.00236272
1 24.0982 7.82226 -0.0204171 0.00713084
1 25.2281 7.8226 -0.00575346 0.00179926
1 26.3554 7.82222 0.0102104 0.00192554
1 27.4797 7.8202 0.00569296 -0.00641422
1 28.6039 7.81445 0.000690846 -0.0203066
1 29.7298 7.80681 -0.00694312 -0.0235156
1 30.8553 7.7988 -0.0234102 -0.0285292
1 31.9786 7.79032 -0.0320249 -0.0332352
1 33.0984 7.7832 -0.026645 -0.034381
1 34.2178 7.77737 -0.00699426 -0.0317808
1 35.3374 7.77359 0.0124959 -0.0330262
1 36.4552 7.77 0.0246392 -0.0362682
1 37.5713 7.76797 0.0271338 -0.0294549
1 38.6858 7.76755 0.0316452 -0.0330999
1 39.7986 7.76864 0.0310013 -0.0425274
1 40.9117 7.76981 0.0325391 -0.0422421
1 42.0235 7.77228 0.031578 -0.052553
1 43.1344 7.77313 0.026551 -0.0599868
1 44.2524 7.77135 0.0349718 -0.0595299
1 -0.0120999 8.73956 -0.0360152 -0.0639436
1 1.10607 8.74006 -0.0281417 -0.0642857
1 2.21713 8.73723 -0.0302132 -0.0548214
1 3.32932 8.73438 -0.0301461 -0.0488096
1 4.44313 8.73249 -0.0311922 -0.0403844
1 5.55713 8.73087 -0.0315919 -0.0385128
1 6.67094 8.73089 -0.0198145 -0.0399736
1 7.7865 8.73339 -0.0172388 -0.0425762
1 8.90429 8.73672 -0.00969703 -0.0371887
1 10.0237 8.74106 0.00920116 -0.0420362
1 11.1427 8.74746 0.0297294 -0.0408984
1 12.2626 8.75429 0.0354456 -0.0372507
1 13.3863 8.76159 0.0250418 -0.030612
1 14.5126 8.76836 0.0114204 -0.0229306
1 15.6393 8.77425 -0.000950744 -0.01906
1 16.7645 8.77835 -0.0196513 -0.0123388
1 17.8899 8.77989 -0.0188191 -0.00974158
1 19.0175 8.77967 0.00971552 -0.012459
1 20.1466 8.77832 0.0212798 -0.00462047
1 21.2749 8.77644 0.0174003 -0.00569464
1 22.4017 8.77573 -0.003495 -0.00868122
1 23.5289 8.77706 -0.0193493 -0.00159083
1 24.6573 8.77915 -0.0149583 -0.00527504
1 25.7855 8.78002 0.0089016 -0.0128367
1 26.9123 8.77933 0.0238741 -0.0118323
1 28.0373 8.77651 0.00387359 -0.0144829
1 29.1629 8.77081 -0.00823659 -0.0207555
1 30.2898 8.7642 -0.0160794 -0.0270641
1 31.4154 8.7571 -0.0316987 -0.0307594
1 32.5376 8.75078 -0.0344647 -0.0340489
1 33.6572 8.74455 -0.0234883 -0.0437968
1 34.7759 8.73956 -0.00464503 -0.0391417
1 35.8939 8.7357 0.00613689 -0.041267
1 37.0104 8.73239 0.0107371 -0.0399656
1 38.1263 8.73134 0.0256713 -0.0375191
1 39.241 8.73246 0.0351893 -0.0383557
1 40.3551 8.73383 0.0323355 -0.0443726
1 41.468 8.73648 0.031809 -0.0520476
1 42.5807 8.73895 0.0231539 -0.0585856
1 43.6946 8.73962 0.011425 -0.0689194
1 0.547651 9.7078 -0.0181436 -0.0679314
1 1.66219 9.70494 -0.0278556 -0.0588763
1 2.77475 9.70094 -0.0340025 -0.0480348
1 3.8883 9.69777 -0.0348688 -0.0373207
1 5.00257 9.69549 -0.029015 -0.0339488
1 6.11681 9.69543 -0.0175128 -0.0363148
1 7.23188 9.69622 -0.0123886 -0.0360203
1 8.3483 9.69879 -0.00991779 -0.0337486
1 9.46591 9.70289 0.00930014 -0.0384389
1 10.5846 9.70939 0.0252677 -0.0419815
1 11.7042 9.71561 0.0406463 -0.0297169
1 12.8266 9.72101 0.0395991 -0.0187348
1 13.9528 9.72632 0.0171001 -0.0111206
1 15.0807 9.73093 0.0035542 -0.00626437
1 16.2075 9.7346 -0.0106471 -0.00375311
1 17.3331 9.73669 -0.0317154 -0.00898685
1 18.4597 9.73764 -0.013755 -0.0161262
1 19.5878 9.73704 0.0134092 -0.00809072
1 20.7147 9.73506 0.0173033 0.00174218
1 21.839 9.73335 0.0088646 0.00111467
1 22.9625 9.73391 -0.0128805 0.00140025
1 24.0875 9.73607 -0.0233908 -0.000623614
1 25.215 9.73756 -0.00532338 -0.0138461
1 26.3433 9.7373 0.0242308 -0.014333
1 27.4696 9.73558 0.0260363 -0.00464456
1 28.5953 9.73248 0.00574243 -0.00356415
1 29.7223 9.72831 -0.00556594 -0.0103364
1 30.8494 9.723 -0.0244119 -0.0181753
1 31.9732 9.71752 -0.0352913 -0.0218976
1 33.094 9.71223 -0.0225932 -0.0332707
1 34.2143 9.70653 -0.0130644 -0.0378436
1 35.3342 9.70168 0.00216726 -0.0339959
1 36.4521 9.69804 0.0151561 -0.0384409
1 37.5674 9.69587 0.0166252 -0.0393365
1 38.6815 9.69559 0.0282098 -0.0347198
1 39.7959 9.69711 0.0369564 -0.0338247
1 40.9107 9.69982 0.038121 -0.0412406
1 42.0243 9.70283 0.034586 -0.0494602
1 43.1358 9.70722 0.0304172 -0.0639057
1 44.2528 9.70903 0.0398077 -0.0847852
1 -0.00671351 10.6805 -0.0411534 -0.0825653
1 1.10966 10.6741 -0.0344005 -0.0599141
1 2.22145 10.668 -0.0432644 -0.0478818
1 3.33479 10.6635 -0.0432366 -0.0408939
1 4.44955 10.6609 -0.0369668 -0.0416131
1 5.5628 10.66 -0.0293031 -0.0422846
1 6.67667 10.6602 -0.020827 -0.0372259
1 7.79205 10.6617 -0.0165567 -0.0397653
1 8.90914 10.6652 0.00186894 -0.0427902
1 10.0279 10.671 0.0161354 -0.0445051
1 11.1479 10.6774 0.0288199 -0.0342309
1 12.2688 10.682 0.0380649 -0.0197105
1 13.3938 10.6854 0.0272425 -0.00578732
1 14.5219 10.6884 0.00730885 -0.00120734
1 15.6497 10.6913 -0.0093634 -0.00520255
1 16.7754 10.6932 -0.0229564 -0.0114756
1 17.9009 10.695 -0.0208834 -0.0228734
1 19.0286 10.6963 0.00606569 -0.02554
1 20.1558 10.6958 0.0218253 -0.0135621
1 21.2792 10.6942 0.0161651 0.000376122
1 22.4001 10.6937 -0.00287421 0.000829306
1 23.5219 10.695 -0.0149395 -0.00666403
1 24.647 10.6963 -0.0165072 -0.0213064
1 25.7747 10.696 0.00453137 -0.030286
1 26.9015 10.694 0.0281532 -0.0173585
1 28.0264 10.6919 0.011233 -0.00414185
1 29.1525 10.6896 -0.00425722 -0.000424562
1 30.2809 10.6866 -0.0114006 -0.00464705
1 31.408 10.6832 -0.0356244 -0.0146477
1 32.5308 10.6791 -0.0414049 -0.0277778
1 33.6515 10.6737 -0.0215285 -0.037524
1 34.7713 10.6681 -0.0024478 -0.0398191
1 35.8889 10.664 0.00915063 -0.0380885
1 37.005 10.6615 0.00952786 -0.0420574
1 38.1203 10.6604 0.0185257 -0.0410784
1 39.2345 10.6602 0.0338142 -0.0422013
1 40.3484 10.6621 0.0417134 -0.0381712
1 41.4623 10.6656 0.0491758 -0.045582
1 42.5753 10.6712 0.0484792 -0.0535381
1 43.6908 10.6777 0.0415281 -0.0711813
1 0.55889 11.6466 -0.0480338 -0.0679491
1 1.67377 11.637 -0.0511203 -0.0528487
1 2.78627 11.6307 -0.0498455 -0.0514652
1 3.89888 11.6265 -0.0402986 -0.0498069
1 5.01203 11.6254 -0.0322918 -0.0483436
1 6.12577 11.625 -0.020577 -0.0440765
1 7.24063 11.6258 -0.00852693 -0.0430432
1 8.35544 11.6284 0.00202905 -0.0450651
1 9.47129 11.6334 0.015451 -0.0471994
1 10.5902 11.639 0.0269565 -0.0382395
1 11.7108 11.6433 0.0380847 -0.019619
1 12.8352 11.6458 0.029792 -0.00458504
1 13.9636 11.647 0.0135387 0.000366529
1 15.092 11.6489 0.00728347 -0.00197986
1 16.2178 11.651 -0.0015699 -0.00996758
1 17.3415 11.6525 -0.014904 -0.0273059
1 18.4668 11.6546 0.00146339 -0.0364426
1 19.5941 11.6564 0.0184165 -0.0267206
1 20.7189 11.6565 0.0152138 -0.00987562
1 21.8396 11.6557 0.00485362 0.00237211
1 22.9594 11.6561 -0.00997464 -0.00414582
1 24.0818 11.6567 -0.0210591 -0.0232165
1 25.2089 11.6559 -0.0174841 -0.034856
1 26.3363 11.6538 0.00852416 -0.0326473
1 27.4602 11.6513 0.0162346 -0.0182863
1 28.5844 11.6494 -8.8747e-05 -0.00649843
1 29.7114 11.6477 -0.00927649 0.00276929
1 30.8395 11.6464 -0.0245547 -5.58166e-05
1 31.9652 11.6448 -0.0368523 -0.0159771
1 33.0866 11.641 -0.0291887 -0.0356031
1 34.2065 11.6356 -0.0144774 -0.0456595
1 35.3258 11.63 0.000925397 -0.0403501
1 36.4431 11.6272 0.0179845 -0.0385658
1 37.5582 11.6258 0.0238917 -0.0460986
1 38.6714 11.6254 0.0392677 -0.0487532
1 39.7844 11.6258 0.0505778 -0.050279
1 40.8984 11.6282 0.0586262 -0.0528738
1 42.011 11.6333 0.0626637 -0.051532
1 43.1225 11.6415 0.0604291 -0.056949
1 44.2396 11.6551 0.0611399 -0.0663189
1 0.0101367 12.6224 -0.0691745 -0.0536288
1 1.12834 12.6081 -0.0643855 -0.0521672
1 2.23913 12.599 -0.0603801 -0.0499548
1 3.35077 12.5942 -0.054766 -0.0456702
1 4.46334 12.5916 -0.0505636 -0.0441792
1 5.57578 12.5908 -0.0387685 -0.0375161
1 6.68847 12.5909 -0.0200775 -0.040439
1 7.80207 12.5929 -0.00962599 -0.0381639
1 8.91714 12.597 0.00680144 -0.0393056
1 10.0354 12.6024 0.0156077 -0.0304876
1 11.1558 12.6061 0.0209866 -0.013014
1 12.278 12.6076 0.0209437 0.00262042
1 13.4045 12.6079 0.0189075 0.013376
1 14.5325 12.6084 0.0133571 0.00734865
1 15.6586 12.61 0.00256244 -0.00574801
1 16.7819 12.6118 -0.0067213 -0.015398
1 17.9048 12.6135 -0.000864163 -0.0286429
1 19.0309 12.6157 0.0162843 -0.0261657
1 20.1576 12.6179 0.0181176 -0.0117649
1 21.2803 12.6191 0.00967068 0.00689812
1 22.3997 12.6191 -0.00475446 0.0100264
1 23.5202 12.6187 -0.0121154 -0.00593094
1 24.6453 12.6173 -0.0198251 -0.0244014
1 25.7724 12.6151 -0.00660252 -0.0314469
1 26.8962 12.6128 0.00769693 -0.0220287
1 28.018 12.6107 -0.00605144 -0.0112259
1 29.1424 12.6088 -0.0101123 0.00306611
1 30.2697 12.608 -0.00911471 0.0124182
1 31.3977 12.6078 -0.0160019 0.00614932
1 32.5232 12.607 -0.0258483 -0.00554209
1 33.6445 12.6041 -0.0268471 -0.0220148
1 34.7631 12.5989 -0.0196296 -0.0401021
1 35.8783 12.5943 -0.00517059 -0.0383185
1 36.9922 12.5922 0.0112446 -0.0366952
1 38.1065 12.5914 0.0246643 -0.0370176
1 39.2195 12.5914 0.0393869 -0.0436819
1 40.3314 12.5924 0.0482604 -0.0467809
1 41.4429 12.5967 0.0572588 -0.0466274
1 42.5538 12.6034 0.0639015 -0.0503635
1 43.6669 12.6156 0.0645644 -0.0467233
1 0.584564 13.5803 -0.0577203 -0.0362202
1 1.69693 13.5696 -0.0570939 -0.0420914
1 2.80628 13.5626 -0.0553461 -0.0400085
1 3.91701 13.5587 -0.0463359 -0.0372253
1 5.02868 13.5573 -0.0439969 -0.0356058
1 6.14095 13.5575 -0.0234588 -0.0371159
1 7.2535 13.5594 -0.00572232 -0.0414899
1 8.36545 13.5628 0.00205879 -0.0390047
1 9.47973 13.5666 0.00287261 -0.0231395
1 10.5993 13.5697 0.00758149 -0.00333511
1 11.7219 13.5706 0.00920396 0.0113347
1 12.8475 13.5706 0.00281053 0.0126561
1 13.9745 13.5704 0.0032819 0.0103392
1 15.101 13.571 0.0103555 -0.00123362
1 16.2248 13.573 0.00427157 -0.0147601
1 17.3459 13.5748 -0.0075013 -0.0232096
1 18.4684 13.5763 0.00713276 -0.0258428
1 19.5941 13.5791 0.0120969 -0.0163893
1 20.7184 13.582 0.00441828 0.000363856
1 21.8395 13.5834 0.00285201 0.0129031
1 22.9597 13.5832 -0.0027575 0.00659154
1 24.0823 13.581 -0.00856284 -0.0117531
1 25.2082 13.5781 -0.0130292 -0.0203269
1 26.333 13.5757 0.00170629 -0.0249148
1 27.4544 13.574 0.00255621 -0.021492
1 28.5766 13.5719 -0.00441783 -0.0104969
1 29.7018 13.5704 -0.00928735 0.00565296
1 30.8279 13.5703 -0.0139217 0.0119281
1 31.9539 13.5707 -0.00538134 0.0109427
1 33.0771 13.5704 0.00114219 0.00505422
1 34.1981 13.5685 -2.67196e-05 -0.0151377
1 35.3164 13.5647 -0.00288761 -0.0349875
1 36.4304 13.5606 0.00585438 -0.0425183
1 37.543 13.5579 0.0208558 -0.0390299
1 38.6547 13.5576 0.0404796 -0.0349385
1 39.7659 13.5584 0.0496463 -0.0387572
1 40.8773 13.5605 0.0521623 -0.039663
1 41.9877 13.5656 0.06085 -0.0430625
1 43.097 13.5748 0.0593 -0.0394706
1 44.2162 13.5883 0.0746187 -0.0270232
1 0.0326808 14.5505 -0.0712411 -0.0184924
1 1.15207 14.5396 -0.0536849 -0.0350782
1 2.26169 14.5316 -0.0542416 -0.0399206
1 3.37144 14.5265 -0.052095 -0.0423479
1 4.48247 14.5244 -0.0454052 -0.035664
1 5.59314 14.5243 -0.0356732 -0.0404219
1 6.70344 14.5264 -0.016707 -0.0419178
1 7.81485 14.5299 -0.0162537 -0.0348807
1 8.92954 14.5329 -0.0224932 -0.0119054
1 10.0485 14.5348 -0.0253712 0.00789614
1 11.1697 14.5352 -0.0174189 0.0189262
1 12.2926 14.5346 0.00245887 0.0139017
1 13.418 14.5347 0.0134116 0.00843126
1 14.5436 14.5346 0.0144324 0.00118519
1 15.6679 14.5352 0.0102796 -0.0130587
1 16.7895 14.5371 -0.00586564 -0.0180096
1 17.9097 14.5392 -0.00493309 -0.0174371
1 19.0323 14.5417 0.00898432 -0.00889891
1 20.1566 14.545 0.000408338 0.0036732
1 21.2791 14.5476 -0.00386441 0.00818148
1 22.4 14.5482 -0.00105927 0.00706357
1 23.5214 14.5467 0.00187668 0.00476779
1 24.6452 14.5437 -0.00534981 -0.00374086
1 25.769 14.5406 -0.000181522 -0.0133987
1 26.8899 14.5384 0.00847657 -0.0182834
1 28.0102 14.5365 -0.00997744 -0.0167734
1 29.1328 14.5348 -0.0126477 -0.00586065
1 30.258 14.5347 -0.00868086 0.00375375
1 31.3842 14.5348 -0.00578282 0.00963336
1 32.5086 14.535 -0.000270277 0.0207831
1 33.6306 14.5351 0.00933 0.01396
1 34.751 14.5342 0.0173948 -0.00374713
1 35.8664 14.5319 0.0134374 -0.0255095
1 36.978 14.5282 0.00435031 -0.0408589
1 38.0892 14.5255 0.0169879 -0.0414151
1 39.2005 14.5245 0.0372288 -0.0370306
1 40.3111 14.5255 0.0425587 -0.0402198
1 41.4208 14.5291 0.0475503 -0.0422546
1 42.5296 14.5355 0.042981 -0.0355215
1 43.6417 14.5441 0.0371324 -0.0324416
1 0.605413 15.508 -0.0360409 -0.0301273
1 1.71797 15.501 -0.0363586 -0.0321247
1 2.82741 15.4958 -0.0389703 -0.0340349
1 3.93703 15.4933 -0.0349925 -0.0382263
1 5.04683 15.493 -0.0264169 -0.0336533
1 6.15721 15.4955 -0.017139 -0.0310257
1 7.26858 15.4991 -0.0174321 -0.0191609
1 8.38133 15.5016 -0.031598 0.000120205
1 9.49772 15.5023 -0.0292472 0.0200748
1 10.6177 15.5026 -0.00946617 0.0275187
1 11.7386 15.5023 0.0124752 0.0259797
1 12.8617 15.5016 0.0245905 0.0112321
1 13.9872 15.5014 0.0251762 0.00530003
1 15.1125 15.5012 0.0277107 -0.00144918
1 16.2344 15.5019 0.0152376 -0.00850242
1 17.353 15.5041 -0.0113675 -0.00529651
1 18.4723 15.5075 -0.003891 0.00411365
1 19.5946 15.5108 0.00655792 0.0139106
1 20.7176 15.5128 0.00437601 0.0169113
1 21.8394 15.5142 0.00260337 0.0139081
1 22.9607 15.514 -0.00550385 0.0140685
1 24.0827 15.5122 -0.00476155 0.0154734
1 25.2057 15.5094 -0.00272676 0.00899306
1 26.3272 15.5059 0.00747543 -0.00129086
1 27.4463 15.5033 -0.00255387 -0.00679571
1 28.5661 15.5018 -0.0201895 -0.00557941
1 29.6895 15.5015 -0.0320059 -0.00127286
1 30.8148 15.502 -0.0344795 0.00664368
1 31.9387 15.5022 -0.0184973 0.0196305
1 33.0599 15.5028 0.00935097 0.0269877
1 34.1806 15.5029 0.0315728 0.0238137
1 35.3003 15.5025 0.0392977 0.0113226
1 36.4159 15.5006 0.0242116 -0.0118858
1 37.528 15.4976 0.0120074 -0.0294151
1 38.6379 15.4944 0.0225856 -0.0347961
1 39.7471 15.4934 0.0333398 -0.0351845
1 40.8573 15.4948 0.0372915 -0.0395679
1 41.967 15.4983 0.0375361 -0.035636
1 43.0767 15.5044 0.0346158 -0.0330082
1 44.1958 15.511 0.0501292 -0.0185175
1 0.0503251 16.4743 -0.0342494 -0.0167294
1 1.16982 16.4695 -0.0240938 -0.0251723
1 2.27979 16.4649 -0.0259322 -0.0308815
1 3.38924 16.4626 -0.0251305 -0.0306031
1 4.49916 16.4628 -0.0232593 -0.0275578
1 5.60828 16.4645 -0.0225193 -0.0177256
1 6.71881 16.4679 -0.0201105 -0.00128619
1 7.83145 16.4706 -0.0305479 0.0209129
1 8.94727 16.472 -0.0325161 0.0304241
1 10.0659 16.472 -0.0161258 0.0332918
1 11.1855 16.4719 0.0102975 0.0284128
1 12.3063 16.4714 0.0472412 0.0212321
1 13.43 16.4704 0.0598959 0.00971413
1 14.5549 16.4696 0.0460282 0.0044224
1 15.6777 16.4699 0.0284031 0.0042114
1 16.7962 16.4716 0.00399554 0.00852091
1 17.9133 16.4751 -0.00898089 0.0147796
1 19.0338 16.479 0.0081586 0.0206198
1 20.157 16.481 0.0158786 0.0253436
1 21.2794 16.4817 0.00975197 0.0255913
1 22.4002 16.4819 -0.0029921 0.0272316
1 23.5212 16.4817 -0.0133602 0.029182
1 24.644 16.4806 -0.0127112 0.0224782
1 25.7663 16.4774 0.00200426 0.0158981
1 26.885 16.4735 0.00694402 0.0125183
1 28.0019 16.4709 -0.026148 0.00726817
1 29.1225 16.47 -0.041307 0.0028409
1 30.2475 16.4705 -0.0442337 0.00566552
1 31.3724 16.4715 -0.0496357 0.0134617
1 32.4942 16.4722 -0.0428167 0.0240581
1 33.6143 16.4724 -0.0142853 0.0301921
1 34.7332 16.4723 0.0167474 0.0353323
1 35.8492 16.4717 0.0297798 0.0252867
1 36.9629 16.4702 0.0181695 0.0104019
1 38.0749 16.4668 0.0152672 -0.00854068
1 39.185 16.4642 0.0144818 -0.0216579
1 40.2945 16.4631 0.0142978 -0.0327183
1 41.4037 16.4641 0.0179418 -0.0320906
1 42.5126 16.4674 0.0196525 -0.0295518
1 43.6256 16.4718 0.0149368 -0.0265762
1 0.619604 17.4371 0.0072131 -0.0157675
1 1.73273 17.4339 0.00608543 -0.0251122
1 2.84157 17.4322 -0.00190184 -0.0279855
1 3.95022 17.432 -0.0067286 -0.0172858
1 5.05976 17.4339 -0.0120855 0.000778022
1 6.17058 17.4369 -0.0133762 0.020105
1 7.28291 17.4402 -0.0146379 0.0373922
1 8.39557 17.4419 -0.0168794 0.0431319
1 9.51074 17.4431 0.000784189 0.0398844
1 10.6294 17.4428 0.0325371 0.0289205
1 11.7491 17.4426 0.0614116 0.0222324
1 12.8712 17.4415 0.0715565 0.020776
1 13.996 17.4403 0.061546 0.0195529
1 15.12 17.4399 0.0479263 0.0189154
1 16.2393 17.4414 0.028536 0.0262074
1 17.3552 17.4444 0.000330969 0.0324433
1 18.4731 17.4484 0.00390788 0.0321167
1 19.5956 17.451 0.0216813 0.034721
1 20.7189 17.4512 0.0188569 0.0414782
1 21.8399 17.4512 0.00415872 0.0464665
1 22.9599 17.4514 -0.017313 0.044573
1 24.0817 17.4515 -0.0217631 0.0395132
1 25.2047 17.4503 -0.0119697 0.0324615
1 26.3257 17.4465 0.00222483 0.0318501
1 27.4428 17.4428 -0.00850449 0.0296969
1 28.5603 17.4408 -0.0322603 0.0219
1 29.6821 17.4405 -0.0558549 0.0170275
1 30.8062 17.4417 -0.0792835 0.0204001
1 31.9292 17.4428 -0.0752272 0.0203939
1 33.0498 17.4436 -0.0437713 0.023145
1 34.1688 17.4438 -0.00963342 0.035419
1 35.2863 17.4432 0.0123 0.0388075
1 36.4014 17.4415 0.0180583 0.0407122
1 37.5141 17.4393 0.0197711 0.0279714
1 38.6247 17.436 0.0186822 0.0106063
1 39.7347 17.4335 0.0159768 -0.0109515
1 40.8448 17.4326 0.0159086 -0.022284
1 41.9538 17.4334 0.011683 -0.0300296
1 43.0634 17.4356 0.00407626 -0.0230021
1 44.182 17.4391 0.0168422 -0.0173126
1 0.064693 18.4069 -0.00439237 -0.00896675
1 1.18162 18.4033 0.0106575 -0.0210861
1 2.29055 18.4025 0.00251972 -0.0219506
1 3.39972 18.4026 -0.0113859 -0.0114208
1 4.50961 18.4039 -0.019274 0.00415052
1 5.61918 18.4071 -0.0184656 0.0241942
1 6.72956 18.4108 -0.00818688 0.0378613
1 7.84195 18.4139 -0.00507411 0.0405842
1 8.95624 18.4158 0.00781068 0.0309186
1 10.0738 18.4163 0.0342435 0.0229652
1 11.1928 18.4157 0.0644414 0.0163137
1 12.313 18.415 0.088442 0.0198612
1 13.4356 18.4139 0.0865212 0.0249044
1 14.5591 18.4131 0.0600029 0.0254535
1 15.68 18.414 0.0350293 0.027577
1 16.7966 18.4163 0.0146645 0.0325624
1 17.9135 18.4198 0.00399388 0.0331513
1 19.0349 18.4231 0.0193754 0.0323122
1 20.1586 18.4243 0.0259242 0.0364139
1 21.2804 18.4237 0.0115884 0.0464871
1 22.4003 18.4235 -0.00376518 0.0509137
1 23.5202 18.4242 -0.0217142 0.0430958
1 24.643 18.4243 -0.0254741 0.0344796
1 25.7661 18.4217 -0.0089754 0.0327108
1 26.8847 18.4182 -0.00368536 0.0320684
1 28.0002 18.4154 -0.0332191 0.0286662
1 29.1188 18.4139 -0.0523184 0.0278273
1 30.242 18.4141 -0.0672148 0.0281087
1 31.3658 18.4152 -0.0825852 0.0192166
1 32.4878 18.4162 -0.0790334 0.014553
1 33.608 18.4168 -0.0532544 0.0181567
1 34.7264 18.4169 -0.0271923 0.0270619
1 35.8413 18.4158 -0.0112568 0.0347346
1 36.953 18.4132 -0.00265701 0.0399461
1 38.0645 18.4093 0.00489174 0.031784
1 39.1754 18.4058 0.0112126 0.0130523
1 40.2855 18.4036 0.0074901 -0.00558612
1 41.3948 18.403 -0.00400208 -0.0167068
1 42.5037 18.4031 -0.0202846 -0.0216827
1 43.6158 18.4046 -0.0193613 -0.017969
1 0.629426 19.3744 0.0285154 -0.0143439
1 1.74051 19.3736 0.0144036 -0.0152901
1 2.84898 19.3737 -0.000530722 -0.0068181
1 3.9581 19.3752 -0.00986942 0.00203724
1 5.06769 19.3782 -0.0135761 0.0136419
1 6.17758 19.3825 0.0015157 0.0280833
1 7.28879 19.3862 0.0187037 0.0305829
1 8.40102 19.3893 0.0300485 0.0254144
1 9.51594 19.3903 0.0463177 0.0156651
1 10.6344 19.3899 0.0675809 0.0120244
1 11.7539 19.3891 0.087106 0.0133664
1 12.8752 19.389 0.0867852 0.0218608
1 13.9983 19.3887 0.0718573 0.0329171
1 15.1209 19.3888 0.0600562 0.0286022
1 16.2394 19.3909 0.0374743 0.0261852
1 17.3549 19.3936 0.00520677 0.0281655
1 18.4731 19.3965 0.0122955 0.0281695
1 19.5966 19.399 0.0293816 0.0298544
1 20.7204 19.3994 0.021285 0.0397431
1 21.8403 19.3988 0.00588989 0.0490897
1 22.9592 19.3991 -0.0124368 0.0471017
1 24.0808 19.3995 -0.0253041 0.0363149
1 25.2047 19.3979 -0.0216655 0.0294862
1 26.3262 19.3952 -0.00836738 0.0302201
1 27.443 19.3927 -0.0225359 0.0295691
1 28.5595 19.3904 -0.0472267 0.0248197
1 29.6799 19.3891 -0.0649339 0.0276123
1 30.8027 19.3896 -0.0890122 0.0257062
1 31.9248 19.3898 -0.0934206 0.0169394
1 33.0448 19.3901 -0.0714415 0.0111448
1 34.1638 19.3908 -0.0465448 0.0119787
1 35.2819 19.3908 -0.0306945 0.020273
1 36.3967 19.3887 -0.0182432 0.0287557
1 37.5087 19.3849 -0.00570679 0.0297567
1 38.6184 19.3808 0.0107335 0.0160297
1 39.7275 19.3768 0.01869 0.00919912
1 40.8375 19.3746 0.0147376 -7.22062e-05
1 41.947 19.3739 0.00128424 -0.0136625
1 43.0552 19.3745 -0.0122236 -0.0181031
1 44.1699 19.3761 -0.000807738 -0.00430276
1 0.0766596 20.3468 0.00386675 -0.00662695
1 1.19035 20.3466 0.00643626 -0.0049456
1 2.29765 20.3459 -0.0126378 -0.00159497
1 3.40542 20.3468 -0.0178604 0.0100033
1 4.51439 20.3497 -0.0137357 0.0186839
1 5.62289 20.3539 -0.00351145 0.0221725
1 6.73252 20.3576 0.0213733 0.0262904
1 7.84448 20.3606 0.0355422 0.0246624
1 8.95969 20.362 0.0454138 0.0235006
1 10.0779 20.3624 0.0552307 0.0160268
1 11.1966 20.3619 0.0722885 0.0152377
1 12.3158 20.3617 0.0909169 0.0192584
1 13.4376 20.3622 0.0911211 0.0287177
1 14.5604 20.3627 0.0715937 0.034265
1 15.6804 20.3641 0.0482154 0.0303074
1 16.7968 20.3663 0.0215965 0.0280513
1 17.9137 20.3689 0.00932413 0.0276272
1 19.0349 20.371 0.0251476 0.0310759
1 20.1591 20.3725 0.0274801 0.036362
1 21.2812 20.3729 0.0120643 0.0465705
1 22.4003 20.373 -0.00218003 0.0511369
1 23.5197 20.3727 -0.0197636 0.0432976
1 24.6429 20.3717 -0.0293367 0.0355389
1 25.7663 20.3699 -0.0163499 0.0313389
1 26.8846 20.3682 -0.00953448 0.029018
1 27.9999 20.366 -0.0428779 0.0271536
1 29.1179 20.364 -0.0657487 0.0315973
1 30.2402 20.3631 -0.0746614 0.031489
1 31.3639 20.3625 -0.0850438 0.0222041
1 32.4847 20.3623 -0.090215 0.0169923
1 33.6034 20.3631 -0.0752264 0.0159964
1 34.722 20.3631 -0.0588352 0.0170213
1 35.8378 20.3623 -0.0442165 0.0245856
1 36.9504 20.3599 -0.0334402 0.0257074
1 38.0618 20.3567 -0.0144693 0.0256285
1 39.1718 20.3522 0.00636862 0.0210453
1 40.2806 20.3482 0.0136126 0.0130104
1 41.389 20.346 0.0103406 0.00516429
1 42.4971 20.3464 -0.00627867 -0.00216692
1 43.6084 20.3476 -0.0255127 -0.0048467
1 0.635149 21.3208 0.0152923 -0.00611425
1 1.74654 21.32 0.00257909 0.0094143
1 2.85355 21.3204 -0.0118427 0.00788791
1 3.96042 21.3221 -0.0114081 0.00500031
1 5.06874 21.3251 0.00332816 0.00744819
1 6.17901 21.3278 0.0251852 0.00957495
1 7.291 21.3303 0.0416458 0.00950148
1 8.40397 21.3319 0.045007 0.0103646
1 9.51908 21.3325 0.0573575 0.00385501
1 10.6373 21.3326 0.0754467 -0.000468901
1 11.756 21.3323 0.0934069 -0.00552343
1 12.8767 21.3325 0.0872194 -0.00420116
1 14.0001 21.3334 0.0740109 0.00428304
1 15.1227 21.3351 0.0671644 0.00737678
1 16.2407 21.3368 0.0444613 0.000949991
1 17.356 21.3384 0.00902199 -0.00847586
1 18.4742 21.3399 0.0162736 -0.00578844
1 19.5973 21.3415 0.0286918 0.00252664
1 20.7205 21.3426 0.0173838 0.00567106
1 21.8403 21.3431 0.00431223 0.00485398
1 22.9594 21.343 -0.00990512 0.00528084
1 24.0807 21.3422 -0.0261847 0.00526976
1 25.2038 21.3407 -0.0262638 -0.00137747
1 26.3249 21.3394 -0.00904314 -0.0073999
1 27.4419 21.3382 -0.0248239 -0.00381005
1 28.5581 21.3367 -0.0547283 0.00315549
1 29.6783 21.3347 -0.0703797 0.0057651
1 30.8012 21.3333 -0.0882609 0.00130576
1 31.9228 21.333 -0.0917108 -0.00485208
1 33.042 21.333 -0.0736695 -0.00289819
1 34.1612 21.3334 -0.0525244 0.00323875
1 35.2793 21.333 -0.0441815 0.0067282
1 36.3944 21.332 -0.0421329 0.0093032
1 37.5071 21.33 -0.035888 0.00933303
1 38.6175 21.3272 -0.0109475 0.0108929
1 39.7257 21.3239 0.00767055 0.00732987
1 40.8334 21.3213 0.0137482 0.00663633
1 41.9399 21.32 0.0130623 0.00767222
1 43.0467 21.3206 -0.000706035 0.0057868
1 44.1599 21.3224 0.00533306 -0.018714
1 0.0829208 22.2979 -0.018934 -0.0184139
1 1.19485 22.2962 -0.00521181 0.00586668
1 2.30099 22.2959 -0.00644808 0.00600793
1 3.40724 22.2972 -0.00319996 -0.00163138
1 4.51462 22.2987 0.00475101 -0.0133669
1 5.62299 22.2997 0.0167738 -0.0110755
1 6.73357 22.3007 0.0375422 -0.00956547
1 7.84611 22.302 0.0399419 -0.00872663
1 8.96137 22.3031 0.0388376 -0.0142069
1 10.0796 22.3034 0.0520071 -0.0180769
1 11.1983 22.303 0.0760951 -0.0283905
1 12.3175 22.3031 0.0904394 -0.0295259
1 13.4393 22.3034 0.0853433 -0.0289304
1 14.5621 22.3047 0.0671394 -0.0314922
1 15.6827 22.3061 0.0522496 -0.0335835
1 16.7996 22.307 0.0236593 -0.0429395
1 17.9163 22.3078 0.00461354 -0.0507426
1 19.0366 22.3088 0.020966 -0.0460227
1 20.1598 22.3099 0.0276909 -0.0439088
1 21.2813 22.3107 0.0172067 -0.0488262
1 22.4 22.3109 -0.00314128 -0.0520839
1 23.5191 22.3104 -0.0194798 -0.0480807
1 24.6418 22.3096 -0.0253284 -0.0453214
1 25.7644 22.3085 -0.0145193 -0.0495874
1 26.8823 22.3078 -0.0123512 -0.049211
1 27.9979 22.307 -0.0473074 -0.0386909
1 29.1164 22.3061 -0.0639706 -0.0308532
1 30.2386 22.3045 -0.0698682 -0.0286424
1 31.3617 22.3036 -0.0823989 -0.0285484
1 32.4828 22.3034 -0.0892444 -0.030905
1 33.6019 22.3036 -0.0743429 -0.0212453
1 34.7202 22.3042 -0.0545769 -0.0123201
1 35.8359 22.3035 -0.0455033 -0.00852839
1 36.949 22.3025 -0.0468546 -0.00703936
1 38.0609 22.3008 -0.0337673 -0.00897522
1 39.171 22.2999 -0.0128038 -0.011559
1 40.2793 22.2982 -0.0050196 -0.00603017
1 41.386 22.2968 -0.00215324 0.00453013
1 42.4921 22.2958 -0.00321058 0.00983365
1 43.6021 22.2967 -0.00536558 -0.00362852
1 0.637659 23.2749 -0.00220961 -0.00181597
1 1.74746 23.2741 0.00856187 0.00399994
1 2.85343 23.2744 0.0144118 0.000183093
1 3.96054 23.2749 0.017528 -0.00461401
1 5.06947 23.2752 0.0172147 -0.00538223
1 6.17975 23.2752 0.0285871 -0.00742931
1 7.29089 23.2757 0.0394505 -0.004364
1 8.40332 23.2762 0.0421978 -0.00421699
1 9.51939 23.2765 0.0550986 -0.0078932
1 10.6386 23.2762 0.073381 -0.0118233
1 11.7576 23.2761 0.0824392 -0.0150667
1 12.8783 23.2762 0.0751782 -0.0171396
1 14.0014 23.2769 0.0660324 -0.0178333
1 15.1243 23.2773 0.0644185 -0.0185633
1 16.2432 23.2773 0.0477043 -0.0241102
1 17.3586 23.2776 0.00976778 -0.026312
1 18.4764 23.278 0.00964038 -0.0255698
1 19.5988 23.2783 0.0245162 -0.0266475
1 20.7212 23.2787 0.0225735 -0.0296304
1 21.8402 23.2791 0.00921049 -0.0318521
1 22.9586 23.2789 -0.0150228 -0.0308794
1 24.0796 23.2785 -0.0283521 -0.0296959
1 25.2024 23.2783 -0.0207596 -0.0300228
1 26.3231 23.2782 -0.00502216 -0.0294545
1 27.4398 23.2778 -0.0259362 -0.0265742
1 28.5563 23.2777 -0.05274 -0.0193796
1 29.6774 23.2775 -0.064448 -0.0165068
1 30.8002 23.2768 -0.084056 -0.015625
1 31.9213 23.2767 -0.0855811 -0.0129007
1 33.0402 23.277 -0.0739316 -0.0134362
1 34.1592 23.2772 -0.0549717 -0.0127867
1 35.2784 23.2772 -0.0409973 -0.0067811
1 36.3943 23.2768 -0.0340085 -0.00105636
1 37.5065 23.2761 -0.0293612 -0.00513364
1 38.6162 23.2758 -0.0178023 -0.00375892
1 39.7249 23.2757 -0.0160619 -0.00527726
1 40.8329 23.2751 -0.011314 -0.00042443
1 41.9391 23.2741 0.00232632 0.0040608
1 43.0442 23.2741 0.011786 0.00413766
1 44.1556 23.2745 0.0296462 -0.00428115
1 0.0840043 24.253 -0.0292627 0.00501392
1 1.19555 24.2535 -0.0120112 -0.00348253
1 2.30084 24.2536 -0.0016793 -0.00581157
1 3.40725 24.2528 0.011274 -0.00115623
1 4.51526 24.2522 0.0153061 0.0038764
1 5.6239 24.252 0.0169917 0.00214574
1 6.73362 24.2517 0.0296601 0.00369704
1 7.84575 24.2511 0.032888 0.000579261
1 8.96146 24.2508 0.041591 0.00606668
1 10.0805 24.2508 0.0560926 0.0122626
1 11.1993 24.251 0.0735349 0.0130082
1 12.3181 24.2513 0.0858913 0.0129196
1 13.4394 24.2512 0.0844142 0.0149993
1 14.5625 24.2505 0.0666657 0.015127
1 15.6837 24.2501 0.0534313 0.0188019
1 16.8004 24.2498 0.0244638 0.0253947
1 17.9171 24.2492 0.00329666 0.0275885
1 19.0376 24.249 0.020415 0.0280059
1 20.1604 24.2489 0.0285617 0.0285486
1 21.2816 24.2485 0.0169713 0.0293879
1 22.4002 24.2483 -0.00737798 0.0297843
1 23.5188 24.2487 -0.0235286 0.0281923
1 24.641 24.2491 -0.0263782 0.024944
1 25.7635 24.2494 -0.0109335 0.0240873
1 26.8815 24.2499 -0.00930428 0.02488
1 27.9969 24.2504 -0.0467971 0.0237915
1 29.1155 24.2506 -0.0630225 0.0178413
1 30.2383 24.2512 -0.0660119 0.0167808
1 31.3614 24.2518 -0.0748382 0.0160416
1 32.4821 24.252 -0.0822831 0.0139103
1 33.601 24.2518 -0.0740523 0.0110186
1 34.7202 24.2514 -0.0563072 0.00748596
1 35.8367 24.2518 -0.0444242 0.00345041
1 36.9493 24.2521 -0.0407124 0.00294
1 38.0603 24.2526 -0.0301206 0.00597934
1 39.1706 24.2526 -0.0174547 0.00386113
1 40.2796 24.253 -0.0186051 0.00285004
1 41.3869 24.2534 -0.014926 -0.00242788
1 42.4928 24.2536 -0.00902198 -0.0046106
1 43.6024 24.2528 0.00473598 0.0025001
1 0.637458 25.2308 0.00759038 0.00430171
1 1.74776 25.2318 0.00384708 -0.00963758
1 2.85406 25.2308 0.00212594 -0.00427102
1 3.96075 25.2296 0.00438919 0.00603604
1 5.06916 25.228 0.0127681 0.0120648
1 6.1793 25.227 0.0315992 0.00976258
1 7.29116 25.2254 0.0445197 0.00782995
1 8.40408 25.2243 0.0427548 0.00949465
1 9.51943 25.2238 0.0534757 0.0133602
1 10.6378 25.2243 0.074021 0.0220175
1 11.7569 25.2245 0.0895399 0.0308473
1 12.8779 25.2244 0.0835878 0.0282164
1 14.0011 25.2235 0.0705553 0.0281978
1 15.1236 25.2219 0.0653132 0.030752
1 16.2423 25.2207 0.0470338 0.0376165
1 17.3582 25.2199 0.0123882 0.0490547
1 18.4758 25.219 0.0140994 0.0487184
1 19.5983 25.218 0.0254134 0.0438674
1 20.7211 25.2172 0.019786 0.0465321
1 21.8404 25.2166 0.00545247 0.0505806
1 22.9589 25.2169 -0.0167638 0.0462803
1 24.08 25.2177 -0.0279356 0.0428597
1 25.2031 25.2187 -0.0223407 0.0453049
1 26.3235 25.2198 -0.00653464 0.04923
1 27.4402 25.2207 -0.0253598 0.0430504
1 28.557 25.2217 -0.0521792 0.03405
1 29.6776 25.2232 -0.0657491 0.0319053
1 30.8003 25.2245 -0.0852356 0.0282865
1 31.922 25.2249 -0.090528 0.0288303
1 33.0412 25.2249 -0.0760747 0.0282526
1 34.1601 25.2245 -0.0504582 0.0182372
1 35.2785 25.2247 -0.0376812 0.0148295
1 36.3939 25.2258 -0.0399979 0.00882369
1 37.5065 25.2271 -0.0371872 0.010108
1 38.6171 25.2281 -0.0177348 0.0113981
1 39.7255 25.2292 -0.00451444 0.0138016
1 40.8329 25.2305 0.00325214 0.000921398
1 41.9393 25.2318 0.00639452 -0.0056515
1 43.0454 25.2315 0.00415926 -0.0049971
1 44.1576 25.2295 0.0210053 0.0182087
1 0.0794908 26.2052 -0.00527629 0.0189653
1 1.19292 26.2068 0.00023563 -0.00641937
1 2.29996 26.2074 -0.0113632 -0.00753293
1 3.40659 26.2063 -0.0125329 -0.00610784
1 4.51445 26.2038 -0.00774095 -0.00658161
1 5.62266 26.2006 0.010171 -0.00926242
1 6.73306 26.198 0.0366467 -0.00862211
1 7.84558 26.1959 0.0417508 -0.00878265
1 8.96056 26.1948 0.0446026 -0.00671415
1 10.0785 26.1945 0.0539848 -0.00265324
1 11.1975 26.1948 0.073984 0.00323925
1 12.3166 26.1949 0.0919512 0.00500039
1 13.4385 26.1946 0.0890588 -0.00036018
1 14.5615 26.1932 0.0711531 -0.00448126
1 15.6818 26.1912 0.0532147 -0.00168475
1 16.7983 26.1896 0.0230415 0.00513909
1 17.9154 26.1884 0.00885383 0.00951822
1 19.0363 26.1871 0.0275726 0.00189934
1 20.1595 26.1856 0.0272117 -0.00479838
1 21.281 26.1848 0.0101402 -0.00562191
1 22.4002 26.1847 -0.00333808 -0.00448011
1 23.5196 26.1852 -0.018687 -0.00511319
1 24.6425 26.1863 -0.0298618 -0.00143423
1 25.7655 26.1879 -0.0170612 0.00757877
1 26.8839 26.1894 -0.00874879 0.00960502
1 27.9991 26.191 -0.0441288 0.00171581
1 29.117 26.1927 -0.0655277 -0.00594911
1 30.2396 26.1945 -0.0734288 -0.00353338
1 31.363 26.1954 -0.0858918 0.00427904
1 32.4836 26.1955 -0.0929728 0.00616773
1 33.6024 26.1952 -0.075559 0.000151588
1 34.7206 26.1952 -0.0582463 -0.00380926
1 35.8361 26.1959 -0.0464246 -0.0105542
1 36.9492 26.1975 -0.0428934 -0.00894521
1 38.0612 26.2 -0.0271135 -0.00876117
1 39.1714 26.2026 -0.00356615 -0.00634042
1 40.2797 26.2056 0.0104136 -0.00408002
1 41.3867 26.2074 0.0107884 -0.00742274
1 42.4938 26.2076 -0.003556 -0.0089206
1 43.6052 26.2067 -0.0138423 0.00602337
1 0.631447 27.1796 0.0260972 0.00503458
1 1.74284 27.1808 0.00643782 0.000926647
1 2.85103 27.1811 -0.0100312 -0.00541276
1 3.95939 27.179 -0.0143462 -0.0135938
1 5.06826 27.1753 -0.00635566 -0.0215664
1 6.17837 27.171 0.012719 -0.0264136
1 7.2899 27.1679 0.0325432 -0.0262898
1 8.40238 27.1655 0.0426006 -0.0247317
1 9.51779 27.1647 0.0570746 -0.0162302
1 10.6363 27.1646 0.0744962 -0.0145775
1 11.7549 27.1654 0.0909655 -0.0166705
1 12.8757 27.1652 0.0870408 -0.0211437
1 13.9994 27.1645 0.076631 -0.0300778
1 15.122 27.1636 0.0673687 -0.0297675
1 16.2401 27.1617 0.0427716 -0.0258194
1 17.3556 27.1594 0.0095113 -0.0265077
1 18.4738 27.1576 0.0154833 -0.0303453
1 19.5972 27.1559 0.0289086 -0.0339393
1 20.7206 27.1551 0.0185318 -0.0416699
1 21.8402 27.1547 0.00301587 -0.0493568
1 22.9591 27.1547 -0.0127674 -0.0458592
1 24.0809 27.1552 -0.0266999 -0.0353777
1 25.2048 27.1568 -0.0252091 -0.0288277
1 26.3261 27.1589 -0.0102243 -0.0263213
1 27.443 27.1612 -0.0233012 -0.0264155
1 28.5594 27.1634 -0.048854 -0.0289103
1 29.6794 27.1648 -0.0704443 -0.0325027
1 30.8021 27.1654 -0.0901749 -0.0277406
1 31.9238 27.1659 -0.0904235 -0.0183365
1 33.0429 27.1657 -0.0717128 -0.0144898
1 34.1618 27.1652 -0.0536781 -0.0159289
1 35.2802 27.1655 -0.0449519 -0.0232794
1 36.3955 27.1669 -0.0358745 -0.0247524
1 37.5076 27.17 -0.0216319 -0.026367
1 38.6173 27.1737 0.00216363 -0.0220359
1 39.7258 27.1778 0.0128719 -0.0187219
1 40.8348 27.1806 0.0178108 -0.00951298
1 41.9427 27.1815 0.0139752 0.00116505
1 43.0499 27.1807 -0.00554528 0.00438101
1 44.1634 27.1805 -0.00113416 0.00788247
1 0.0704065 28.1511 0.00129371 0.00408761
1 1.18501 28.1527 0.0119926 0.0186509
1 2.29321 28.1532 -0.000801735 0.0152711
1 3.4024 28.1525 -0.0154833 0.00145255
1 4.51228 28.1503 -0.0196426 -0.00845636
1 5.62147 28.1466 -0.011953 -0.0158941
1 6.7314 28.1426 0.00464057 -0.02933
1 7.84337 28.139 0.0170604 -0.0276461
1 8.95802 28.1369 0.0310004 -0.0187803
1 10.076 28.1368 0.0481614 -0.0104145
1 11.1948 28.1375 0.0722142 -0.00914627
1 12.3148 28.1376 0.0936619 -0.0150941
1 13.4371 28.1379 0.089502 -0.0235529
1 14.56 28.1384 0.0655093 -0.0259352
1 15.6804 28.1371 0.0459742 -0.0226999
1 16.7971 28.1348 0.0210683 -0.0279606
1 17.9138 28.1321 0.00747607 -0.0281575
1 19.0351 28.1294 0.0218492 -0.0287012
1 20.1592 28.1281 0.0252322 -0.0344977
1 21.2812 28.1285 0.0125567 -0.0446677
1 22.4002 28.1287 -0.00425641 -0.0474387
1 23.5197 28.1281 -0.0211179 -0.0382827
1 24.6432 28.1285 -0.0294234 -0.0279287
1 25.7667 28.1311 -0.0129013 -0.0260799
1 26.885 28.1339 -0.00562309 -0.0272946
1 28.0005 28.1364 -0.0373912 -0.0247964
1 29.1189 28.1385 -0.0577929 -0.0272192
1 30.2414 28.1387 -0.0686709 -0.0308078
1 31.3646 28.1383 -0.0836728 -0.0195401
1 32.4859 28.1383 -0.086625 -0.0114635
1 33.6055 28.1376 -0.0683239 -0.0107731
1 34.724 28.1371 -0.047712 -0.0146964
1 35.8392 28.1381 -0.0322427 -0.0237717
1 36.9515 28.1412 -0.0207982 -0.0290789
1 38.0627 28.145 -0.0034119 -0.026543
1 39.1726 28.1493 0.0129135 -0.0122316
1 40.2822 28.1522 0.00979029 -4.29308e-05
1 41.3914 28.1537 0.00238578 0.00856645
1 42.4998 28.1537 -0.0119602 0.0165719
1 43.6107 28.1528 -0.0268137 0.0139198
1 0.624544 29.1226 0.0190995 0.0173733
1 1.73671 29.124 0.020503 0.0221967
1 2.84543 29.1242 0.00429207 0.0189989
1 3.95432 29.1235 -0.00784316 0.00791401
1 5.0643 29.1214 -0.0116088 -0.0120808
1 6.17528 29.118 -0.00650189 -0.0314677
1 7.28702 29.1142 3.7745e-05 -0.0384611
1 8.39883 29.1117 0.00886284 -0.0343963
1 9.51342 29.1106 0.0257995 -0.0258048
1 10.6319 29.1106 0.0526167 -0.0174369
1 11.7519 29.1112 0.0787591 -0.0128202
1 12.8739 29.1122 0.0844134 -0.0178564
1 13.9978 29.1132 0.0694228 -0.0263187
1 15.1212 29.1135 0.0542768 -0.0259025
1 16.2399 29.1119 0.032734 -0.0273019
1 17.3555 29.109 0.00328454 -0.0307774
1 18.4738 29.1054 0.00808277 -0.0320838
1 19.5969 29.103 0.0252893 -0.0335409
1 20.7198 29.1032 0.0200757 -0.0414569
1 21.8401 29.1038 0.00460576 -0.0490285
1 22.9598 29.1035 -0.0131597 -0.0449822
1 24.0813 29.103 -0.0261891 -0.0349622
1 25.2048 29.1043 -0.0193565 -0.0299656
1 26.3265 29.1076 -0.00398435 -0.0316739
1 27.4434 29.1108 -0.0151514 -0.0320382
1 28.5599 29.1131 -0.0350703 -0.0270325
1 29.6807 29.1141 -0.0578144 -0.0238496
1 30.8042 29.1133 -0.0851777 -0.0237731
1 31.9265 29.1123 -0.0878802 -0.0183571
1 33.0468 29.1115 -0.064397 -0.0156117
1 34.166 29.111 -0.0333701 -0.022083
1 35.2838 29.1114 -0.00788452 -0.0294091
1 36.3981 29.1134 0.00353216 -0.0386451
1 37.5107 29.1166 0.00727479 -0.036101
1 38.6212 29.1204 0.0173503 -0.0229832
1 39.7308 29.1235 0.0197765 -0.00205829
1 40.8406 29.1248 0.0121219 0.0138381
1 41.9498 29.1248 -0.000758517 0.0234495
1 43.0584 29.124 -0.0108863 0.0211362
1 44.1751 29.1203 0.00494142 0.00741181
1 0.0584234 30.0881 -0.0158424 0.0155017
1 1.17703 30.0915 -0.0048526 0.0219414
1 2.28658 30.0938 -0.0115864 0.0295399
1 3.39532 30.0946 -0.0160752 0.0215492
1 4.5053 30.0936 -0.0152018 0.0102127
1 5.61515 30.0911 -0.0196723 -0.011149
1 6.72571 30.0879 -0.0203742 -0.0284843
1 7.83836 30.0858 -0.0204332 -0.041225
1 8.95348 30.0842 -0.012178 -0.0393255
1 10.071 30.0836 0.0106408 -0.0361735
1 11.1898 30.0839 0.0440131 -0.0225325
1 12.3104 30.0845 0.0756345 -0.0204708
1 13.4337 30.0857 0.0799991 -0.0202064
1 14.558 30.0868 0.0571652 -0.0173521
1 15.6799 30.0864 0.0317846 -0.0214029
1 16.7975 30.0844 0.00763338 -0.029218
1 17.9144 30.0805 -0.00276044 -0.031573
1 19.035 30.0768 0.0119676 -0.032825
1 20.1583 30.0756 0.0217881 -0.0384764
1 21.2804 30.0758 0.0161001 -0.0434222
1 22.4005 30.0759 -0.00294504 -0.0460663
1 23.521 30.0759 -0.0179977 -0.0412793
1 24.6441 30.0762 -0.0209768 -0.0332941
1 25.7667 30.0788 -0.0042455 -0.0315135
1 26.8849 30.0827 -0.000572526 -0.032762
1 28.0008 30.0857 -0.0288379 -0.0270135
1 29.1199 30.0871 -0.0458464 -0.0193116
1 30.2437 30.0869 -0.0587175 -0.0193084
1 31.3684 30.0856 -0.0701269 -0.020737
1 32.4906 30.0846 -0.0623642 -0.0228994
1 33.6104 30.0844 -0.0337728 -0.0280564
1 34.7291 30.0842 -0.00307969 -0.0400555
1 35.8446 30.0854 0.0141647 -0.0420317
1 36.9573 30.0872 0.0132136 -0.0372471
1 38.0696 30.0903 0.0128191 -0.0205613
1 39.1806 30.0932 0.0118489 -0.00189892
1 40.2901 30.0953 0.0075582 0.0165444
1 41.3988 30.0951 0.00339966 0.0289495
1 42.5074 30.0934 -0.00557184 0.0254468
1 43.6203 30.0902 -0.00832259 0.0142839
1 0.614693 31.0556 -0.0154734 0.0268106
1 1.72763 31.06 -0.0186264 0.0289277
1 2.8365 31.0632 -0.016726 0.029385
1 3.94565 31.0642 -0.013864 0.0311887
1 5.05513 31.0631 -0.0150683 0.0211883
1 6.16507 31.0605 -0.0162089 0.0077223
1 7.27705 31.0571 -0.0192087 -0.0120887
1 8.39068 31.0556 -0.0315745 -0.0285406
1 9.50648 31.0551 -0.0183705 -0.0367806
1 10.6254 31.0552 0.0138047 -0.031967
1 11.7456 31.0554 0.042251 -0.0252008
1 12.8676 31.056 0.0516819 -0.014357
1 13.9925 31.0568 0.0472382 -0.00666883
1 15.1177 31.0573 0.0440261 -0.00418601
1 16.2384 31.0564 0.0257626 -0.00791604
1 17.3554 31.0538 -0.00774456 -0.0134572
1 18.4738 31.0499 -0.00222108 -0.0173929
1 19.5959 31.0467 0.0146426 -0.0235885
1 20.7188 31.0456 0.0134423 -0.0290363
1 21.8401 31.0453 0.00448634 -0.0267402
1 22.9607 31.0455 -0.0116168 -0.0259682
1 24.0828 31.0462 -0.0160232 -0.025867
1 25.2058 31.0483 -0.00881998 -0.0208018
1 26.3267 31.0521 0.00839185 -0.0163012
1 27.444 31.0555 -0.00579441 -0.011118
1 28.5623 31.0573 -0.0294021 -0.00606755
1 29.6849 31.0577 -0.0452471 -0.00481383
1 30.8097 31.0569 -0.0597926 -0.0107608
1 31.9331 31.0559 -0.0473979 -0.0217111
1 33.0539 31.0554 -0.0105604 -0.0294642
1 34.1737 31.0555 0.0172467 -0.0333374
1 35.2925 31.0556 0.0326474 -0.0315356
1 36.4085 31.0569 0.0283028 -0.0231917
1 37.5215 31.0595 0.0203968 -0.000973831
1 38.6321 31.0626 0.022237 0.0166372
1 39.7411 31.0645 0.0234717 0.0268532
1 40.851 31.0648 0.0249883 0.0300563
1 41.9604 31.0627 0.027098 0.0311281
1 43.0702 31.058 0.0238612 0.0260539
1 44.1895 31.0531 0.0330356 0.0167306
1 0.0443396 32.0164 -0.0494944 0.0180817
1 1.16354 32.0231 -0.0337958 0.0325666
1 2.27336 32.029 -0.0356308 0.0354505
1 3.38297 32.0325 -0.0366762 0.0383239
1 4.49321 32.0339 -0.0332541 0.0344269
1 5.6024 32.033 -0.0235957 0.0352541
1 6.7122 32.0297 -0.0117144 0.0293444
1 7.82401 32.0266 -0.0250097 0.0113209
1 8.93949 32.0248 -0.0386749 -0.0122488
1 10.0589 32.0245 -0.0299562 -0.0250891
1 11.1796 32.0247 -0.00946029 -0.0276681
1 12.3009 32.0252 0.0180664 -0.0204388
1 13.4251 32.0253 0.0351431 -0.00744908
1 14.5508 32.0258 0.0339428 0.00060139
1 15.6742 32.0255 0.0201814 0.00537597
1 16.7941 32.024 0.00162126 0.00667749
1 17.913 32.0214 -0.00807749 0.000586706
1 19.0342 32.018 0.00280669 -0.0106059
1 20.1573 32.0151 0.00496128 -0.0163681
1 21.2797 32.0133 0.00493357 -0.0144522
1 22.4009 32.013 -0.000901469 -0.0139668
1 23.5222 32.0144 -0.00227887 -0.0165169
1 24.645 32.0164 -0.00548251 -0.01368
1 25.7676 32.0196 0.002564 -0.00503619
1 26.8872 32.023 0.0089864 0.00337347
1 28.0057 32.0252 -0.0169979 0.00688396
1 29.1274 32.0261 -0.0259036 0.00103315
1 30.2525 32.0259 -0.0233007 -0.00570471
1 31.378 32.0257 -0.0234399 -0.0111349
1 32.501 32.0251 -0.0134897 -0.0253117
1 33.6219 32.0248 0.00887165 -0.0275548
1 34.7419 32.0252 0.0281092 -0.0204689
1 35.8586 32.0258 0.0310569 -0.000116378
1 36.9716 32.0282 0.0166924 0.018134
1 38.083 32.0317 0.0158302 0.0308075
1 39.1934 32.0343 0.0247987 0.0349195
1 40.303 32.0341 0.0346548 0.0385681
1 41.4126 32.0317 0.0388792 0.0340376
1 42.522 32.0266 0.03721 0.0323891
1 43.6345 32.0195 0.0354581 0.0309488
1 0.598431 32.9835 -0.0388566 0.0313192
1 1.71067 32.992 -0.0419579 0.0341084
1 2.81953 32.9983 -0.0462432 0.0403579
1 3.92919 33.0018 -0.040813 0.0386437
1 5.03986 33.0029 -0.0373677 0.0354371
1 6.15106 33.0018 -0.0180835 0.0407354
1 7.26231 32.9991 -0.00560148 0.0397893
1 8.37365 32.9955 -0.0139283 0.0244046
1 9.48876 32.9932 -0.0169381 0.00215884
1 10.609 32.9922 -0.00911599 -0.0144294
1 11.7311 32.9923 -0.000465139 -0.0216548
1 12.8556 32.9925 0.00723886 -0.0101442
1 13.9819 32.9925 0.0108231 -0.00445362
1 15.1073 32.9924 0.0142734 0.00552296
1 16.2301 32.9908 0.00828162 0.0171249
1 17.3505 32.989 -0.010193 0.0182912
1 18.4712 32.987 -0.000774113 0.0129097
1 19.5948 32.9838 0.00597825 0.00307036
1 20.7188 32.9807 -0.00165433 -0.00500874
1 21.8404 32.9791 0.00206138 -0.00709453
1 22.9612 32.9798 0.00155113 -0.00764041
1 24.0834 32.9822 -6.51752e-05 -0.00304708
1 25.2075 32.9854 -0.00833395 0.00916699
1 26.3303 32.988 0.00473977 0.0165747
1 27.4508 32.9901 0.00545624 0.0167878
1 28.5721 32.9921 -0.0103105 0.0125633
1 29.6963 32.9928 -0.0143095 -0.00188153
1 30.8217 32.9926 -0.0138196 -0.00826939
1 31.9468 32.9928 -0.00219441 -0.0137446
1 33.0696 32.9923 0.0172769 -0.0189044
1 34.1909 32.9927 0.0269684 -0.0086804
1 35.3102 32.9944 0.022854 0.0107058
1 36.4251 32.9973 0.0148899 0.0336446
1 37.5367 33.0008 0.0157383 0.0416043
1 38.647 33.0031 0.0339818 0.0401137
1 39.7576 33.0031 0.0446687 0.0352262
1 40.8685 33.0011 0.0513544 0.0413759
1 41.9784 32.9959 0.0551364 0.0379286
1 43.0879 32.9879 0.0538112 0.0343542
1 44.2071 32.9771 0.071405 0.0189275
1 0.0238227 33.9394 -0.0751853 0.027296
1 1.14314 33.9527 -0.059436 0.0381343
1 2.25274 33.962 -0.0595769 0.041095
1 3.36304 33.9669 -0.0516391 0.0384124
1 4.47444 33.9691 -0.048701 0.0372231
1 5.58565 33.9699 -0.0408755 0.0329209
1 6.6973 33.9695 -0.0220309 0.0372334
1 7.80963 33.9669 -0.0079404 0.0407014
1 8.92349 33.9627 0.0021925 0.0331625
1 10.0416 33.959 0.00135443 0.0139667
1 11.1625 33.957 -0.000708942 -0.00613112
1 12.2856 33.9566 0.00599467 -0.0115636
1 13.4119 33.9569 0.0139714 -0.0133674
1 14.5383 33.9569 0.0101584 -0.00732879
1 15.6634 33.9555 0.00390077 0.00933081
1 16.7858 33.9536 -0.00342223 0.020608
1 17.907 33.9519 -0.00277387 0.0240415
1 19.0316 33.9496 0.0129978 0.0192786
1 20.1578 33.9467 0.00804386 0.0106098
1 21.2807 33.9444 0.00110142 -0.00743197
1 22.4011 33.9441 -0.00207932 -0.0144515
1 23.5219 33.9454 -0.00222068 -0.00132842
1 24.6459 33.9482 -0.0103882 0.0152325
1 25.7717 33.951 -0.00677288 0.0245165
1 26.8945 33.9527 0.00669574 0.0216883
1 28.0153 33.9545 -0.00548035 0.0132402
1 29.1388 33.9565 -0.00981691 1.70194e-05
1 30.2652 33.9571 -0.00226802 -0.011474
1 31.3921 33.9569 -0.000945648 -0.0134507
1 32.5177 33.957 -0.00962966 -0.0113589
1 33.6403 33.9579 -0.00686081 0.00206138
1 34.7599 33.9608 -0.00234998 0.0221989
1 35.8745 33.9645 -0.00282497 0.0373597
1 36.9866 33.9679 0.00333319 0.0403486
1 38.099 33.97 0.0210356 0.0355344
1 39.2112 33.9703 0.0442438 0.0343043
1 40.3228 33.9689 0.0473613 0.0359557
1 41.4336 33.965 0.0562188 0.0390761
1 42.5431 33.9579 0.0585331 0.0410448
1 43.6555 33.9475 0.057421 0.0361188
1 0.573267 34.9119 -0.0648819 0.0466506
1 1.68639 34.924 -0.0632694 0.0507469
1 2.79735 34.9308 -0.0581045 0.0470214
1 3.90885 34.935 -0.0475817 0.0475228
1 5.02079 34.936 -0.0392634 0.0437549
1 6.13373 34.9361 -0.0251861 0.0378867
1 7.24789 34.9353 -0.0125021 0.0378254
1 8.36162 34.933 0.00396651 0.0395596
1 9.47658 34.9284 0.0188888 0.0398075
1 10.5952 34.9232 0.0268112 0.0228585
1 11.7165 34.9203 0.0253854 0.00595658
1 12.8419 34.9194 0.017669 -0.00541564
1 13.97 34.9192 0.0103072 -0.0126579
1 15.0973 34.9184 0.0109866 -0.00370293
1 16.222 34.9166 0.00524653 0.0101561
1 17.3439 34.9148 -0.00787657 0.0214383
1 18.4676 34.9126 0.00730058 0.0313123
1 19.5946 34.9103 0.0209278 0.0240619
1 20.72 34.9089 0.0119154 0.00495362
1 21.8408 34.9084 0.00327985 -0.0118855
1 22.9603 34.9084 -0.0104131 -0.00855298
1 24.0827 34.9094 -0.0166915 0.0102445
1 25.2091 34.9115 -0.0149293 0.0252114
1 26.3354 34.9138 -0.000184013 0.0285313
1 27.4583 34.9157 0.00531661 0.0151928
1 28.5813 34.9176 -0.00337183 0.00519361
1 29.7076 34.9191 -0.012483 -0.007632
1 30.8353 34.9196 -0.0182274 -0.012917
1 31.9615 34.9198 -0.0202219 -0.00295762
1 33.0838 34.9213 -0.0207977 0.0136839
1 34.2043 34.9249 -0.0142435 0.0306117
1 35.3228 34.9302 -0.00722925 0.0401811
1 36.438 34.9343 0.00762626 0.039311
1 37.5517 34.9364 0.0186389 0.0424872
1 38.6642 34.9366 0.0373804 0.0381026
1 39.7767 34.9359 0.0515486 0.0444671
1 40.8893 34.9333 0.0561528 0.0464858
1 42.001 34.9285 0.0623039 0.051199
1 43.1116 34.9195 0.0643877 0.0532494
1 44.2299 34.9053 0.0714118 0.053992
1 0.000453031 35.8723 -0.0625878 0.0665519
1 1.11757 35.8859 -0.0618376 0.0574515
1 2.22928 35.894 -0.0616789 0.0518983
1 3.34179 35.8992 -0.0577477 0.0518774
1 4.45584 35.9016 -0.0502624 0.0497018
1 5.56893 35.902 -0.0394053 0.0474209
1 6.68209 35.9017 -0.0235181 0.0451321
1 7.79702 35.9001 -0.0189309 0.0381766
1 8.91408 35.8971 -0.00200242 0.0397267
1 10.0331 35.8916 0.0144107 0.0436878
1 11.1529 35.8862 0.027994 0.0329635
1 12.2744 35.8825 0.037693 0.0148721
1 13.4003 35.8808 0.0256187 -0.00137544
1 14.5285 35.8794 0.0108184 -0.00490525
1 15.6556 35.8778 -0.00029533 0.00376367
1 16.78 35.8761 -0.0169868 0.0153213
1 17.9038 35.8738 -0.0114327 0.0304999
1 19.031 35.8717 0.0176358 0.0331288
1 20.1583 35.8709 0.0221339 0.0216887
1 21.281 35.8715 0.0108202 0.00235756
1 22.4009 35.8718 -0.0049773 -0.00435713
1 23.5214 35.871 -0.0152394 0.00681012
1 24.6459 35.8709 -0.0186244 0.0239644
1 25.7732 35.8727 -0.00109029 0.0345937
1 26.8987 35.875 0.0151235 0.0257741
1 28.0223 35.8767 0.00158798 0.00779537
1 29.1479 35.8787 -0.00695438 -0.000570054
1 30.2762 35.8804 -0.0123609 -0.00213114
1 31.4045 35.8816 -0.0282313 0.00232264
1 32.5288 35.8839 -0.0383257 0.01786
1 33.6495 35.8881 -0.0263533 0.035856
1 34.7685 35.8937 -0.0155176 0.0461407
1 35.8845 35.8987 -0.00356553 0.0438818
1 36.9994 35.9014 0.00666358 0.0423399
1 38.1142 35.9023 0.0187433 0.0435509
1 39.228 35.9019 0.0329534 0.0479714
1 40.3412 35.9009 0.0413331 0.0486623
1 41.4538 35.8967 0.0500794 0.0513613
1 42.5663 35.8905 0.0527231 0.0526063
1 43.6812 35.8809 0.0473956 0.067235
1 0.549286 36.8498 -0.0425078 0.0711607
1 1.66477 36.8563 -0.0478763 0.0544644
1 2.77768 36.8619 -0.0485257 0.0455433
1 3.89172 36.8655 -0.0414594 0.0380523
1 5.00581 36.8673 -0.0347181 0.0412526
1 6.11996 36.8673 -0.0205181 0.0405951
1 7.23528 36.8661 -0.011488 0.0417094
1 8.35115 36.8635 -0.0103353 0.0384858
1 9.46844 36.8593 0.0026284 0.0395365
1 10.5881 36.8536 0.0207752 0.036509
1 11.709 36.8484 0.0413124 0.0259281
1 12.8318 36.8443 0.0375919 0.0137542
1 13.959 36.8408 0.0135111 0.00438775
1 15.0875 36.8377 0.00406809 0.00028478
1 16.2137 36.8354 -0.012513 0.00289827
1 17.3385 36.8336 -0.0288072 0.0170796
1 18.465 36.8317 -0.00581314 0.0302459
1 19.5928 36.8314 0.0154788 0.0218306
1 20.7182 36.8327 0.0139459 0.00666185
1 21.8405 36.8339 0.00434724 -0.000669739
1 22.9613 36.8333 -0.0151182 -5.81598e-05
1 24.0844 36.8318 -0.0210797 0.0130902
1 25.2113 36.8312 -0.00503497 0.0250179
1 26.3391 36.8326 0.0194806 0.0225847
1 27.4647 36.8345 0.0229417 0.0113304
1 28.5903 36.8366 0.00865718 0.00445032
1 29.718 36.8392 -0.00594455 0.000625086
1 30.846 36.8422 -0.0257537 0.00549136
1 31.9706 36.8454 -0.0375286 0.0184425
1 33.0916 36.85 -0.0288127 0.0334385
1 34.2118 36.8563 -0.0153013 0.0440743
1 35.3308 36.8621 -0.00334884 0.0422577
1 36.448 36.8657 0.0146511 0.0395794
1 37.5634 36.8672 0.0213155 0.036787
1 38.6773 36.8674 0.0298362 0.0417972
1 39.7906 36.8665 0.0371422 0.0424585
1 40.9053 36.864 0.0451675 0.0410193
1 42.0187 36.8595 0.0447621 0.0479546
1 43.1305 36.8535 0.0353017 0.0595232
1 44.247 36.847 0.0414409 0.0811355
1 -0.0128948 37.8183 -0.0393336 0.0827194
1 1.10411 37.8203 -0.0311322 0.0631738
1 2.21582 37.8247 -0.0334023 0.0498019
1 3.32936 37.8276 -0.0365813 0.0416377
1 4.44426 37.8304 -0.0373126 0.0343208
1 5.55885 37.8319 -0.0290712 0.0352991
1 6.67293 37.8317 -0.0169275 0.0399242
1 7.78824 37.8295 -0.0165961 0.0403426
1 8.90586 37.8258 -0.00269998 0.0359274
1 10.0255 37.8208 0.0140495 0.0397574
1 11.1456 37.8151 0.0227732 0.0332295
1 12.2665 37.8099 0.0369607 0.0231722
1 13.3906 37.8044 0.0272341 0.0183135
1 14.5178 37.799 0.0075098 0.0121082
1 15.6447 37.7948 -0.00681793 0.0052364
1 16.7704 37.7918 -0.0266383 0.00514526
1 17.8966 37.7902 -0.0262523 0.0149561
1 19.0247 37.79 0.00655227 0.0151011
1 20.1525 37.7914 0.0242756 0.00127948
1 21.278 37.7935 0.0140397 -0.000742277
1 22.4017 37.794 -0.00816039 0.000972482
1 23.5255 37.7923 -0.0176094 -0.000106583
1 24.6521 37.7904 -0.014315 0.00827004
1 25.7801 37.7898 0.0132393 0.0159213
1 26.907 37.7908 0.030968 0.0096274
1 28.0325 37.7931 0.00969327 0.00550001
1 29.1591 37.7967 -0.00446574 0.00783797
1 30.2869 37.8012 -0.015851 0.0120594
1 31.4131 37.8065 -0.039108 0.0195069
1 32.5353 37.8117 -0.0404311 0.0302894
1 33.6549 37.8178 -0.0256552 0.042672
1 34.7737 37.8243 -0.0094569 0.0400074
1 35.8916 37.8285 0.00804845 0.0352858
1 37.0082 37.8312 0.0109138 0.0367115
1 38.1233 37.8319 0.016731 0.0373577
1 39.2376 37.8319 0.0300534 0.0353828
1 40.3517 37.8296 0.0353261 0.0382661
1 41.4653 37.8265 0.0344377 0.048311
1 42.5779 37.8226 0.0291886 0.0588961
1 43.6924 37.8196 0.0186188 0.0675515
1 0.545272 38.7877 -0.0114947 0.0679123
1 1.65935 38.7885 -0.0230686 0.057826
1 2.77201 38.7909 -0.0318122 0.052054
1 3.88502 38.7935 -0.032349 0.0446699
1 4.9992 38.7949 -0.0356367 0.0382227
1 6.11397 38.796 -0.0277125 0.037133
1 7.2299 38.7951 -0.0130093 0.040084
1 8.34622 38.7917 -0.00777654 0.0418455
1 9.46382 38.7877 0.00410825 0.0401036
1 10.5826 38.7826 0.0229575 0.0435578
1 11.7022 38.7764 0.0346507 0.0339234
1 12.8246 38.7701 0.0321522 0.0302416
1 13.9503 38.7632 0.017685 0.02709
1 15.0772 38.7565 0.00757225 0.0209443
1 16.2028 38.7508 -0.00516413 0.0145785
1 17.3276 38.7479 -0.0241105 0.0119976
1 18.4542 38.7473 -0.00829476 0.0124666
1 19.5825 38.7481 0.0151857 0.00558093
1 20.7113 38.7501 0.0185131 0.00206016
1 21.8389 38.7515 0.00394202 0.00886722
1 22.9657 38.7509 -0.01736 0.00636687
1 24.0937 38.7491 -0.0204393 0.00455461
1 25.2224 38.7477 -0.00795831 0.0107304
1 26.35 38.7475 0.0175215 0.00894928
1 27.4754 38.7491 0.019066 0.0133879
1 28.6004 38.7533 0.000441105 0.0208902
1 29.7271 38.7591 -0.0108284 0.0227018
1 30.8534 38.7657 -0.0235233 0.0304855
1 31.9768 38.7729 -0.0344854 0.0356818
1 33.0968 38.7796 -0.029395 0.0403077
1 34.216 38.786 -0.00848893 0.0426754
1 35.3356 38.7904 0.00931798 0.0377122
1 36.4536 38.7939 0.0161767 0.0430147
1 37.5692 38.7964 0.0191052 0.0403195
1 38.6831 38.7964 0.0327928 0.0385868
1 39.7971 38.7947 0.0316827 0.0402145
1 40.9109 38.7929 0.0303363 0.0493779
1 42.023 38.7902 0.030015 0.0542983
1 43.1341 38.7873 0.0272999 0.0632376
1 44.2522 38.7876 0.0350765 0.0635544
1 -0.0123676 39.7562 -0.0333055 0.060108
1 1.10558 39.7543 -0.0254992 0.060179
1 2.21655 39.7551 -0.0307032 0.0516119
1 3.3284 39.7576 -0.0319806 0.0426187
1 4.44149 39.7588 -0.0324826 0.0421189
1 5.55446 39.7599 -0.0311789 0.0323644
1 6.66897 39.7595 -0.0281222 0.0292542
1 7.78502 39.7574 -0.0263607 0.0352738
1 8.90267 39.7539 -0.0130924 0.0329794
1 10.022 39.7499 0.00760007 0.0314261
1 11.1412 39.7441 0.0270652 0.0330744
1 12.2609 39.737 0.0323489 0.0323309
1 13.3845 39.7287 0.0242017 0.0270974
1 14.5102 39.7206 0.00675777 0.021971
1 15.6361 39.7129 -0.00216669 0.0184895
1 16.7605 39.7072 -0.00601412 0.00507114
1 17.8847 39.7052 -0.0105385 -0.00220594
1 19.0116 39.7048 0.00779774 -0.00156611
1 20.1418 39.7051 0.0213188 -0.00717568
1 21.2729 39.7059 0.0116276 -0.0027357
1 22.4033 39.7062 -0.00812731 0.00253974
1 23.5341 39.7056 -0.0141963 -0.00438531
1 24.6648 39.7051 -0.0146426 -0.0056128
1 25.7926 39.7052 0.000377863 -0.000749904
1 26.9178 39.7061 0.0121085 0.000508063
1 28.0416 39.7095 -0.000734497 0.00928612
1 29.1666 39.716 -0.00694336 0.0195104
1 30.2931 39.7236 -0.0124966 0.0245537
1 31.4184 39.7325 -0.0270695 0.0311011
1 32.5401 39.7409 -0.0312796 0.036457
1 33.6592 39.7478 -0.0204884 0.0339198
1 34.7778 39.7525 -0.00449985 0.0292877
1 35.8951 39.7561 0.0091201 0.0327016
1 37.0115 39.7593 0.0149164 0.0336507
1 38.1273 39.7606 0.0270555 0.0277818
1 39.2419 39.76 0.0369 0.0360223
1 40.3546 39.7589 0.033978 0.0425902
1 41.4667 39.7569 0.033786 0.0467552
1 42.5782 39.755 0.0269532 0.0583429
1 43.6907 39.7541 0.0223222 0.0642971
1 0.550691 40.721 -0.0204708 0.0602316
1 1.66346 40.7207 -0.0239459 0.063454
1 2.77382 40.7221 -0.0301772 0.0513547
1 3.88558 40.7239 -0.0319538 0.0462549
1 4.99803 40.7245 -0.0250256 0.0404451
1 6.11146 40.7238 -0.0216744 0.033019
1 7.22673 40.7224 -0.0127975 0.0310248
1 8.34329 40.7193 -0.00770868 0.0278007
1 9.46084 40.7161 0.00364242 0.0258587
1 10.5797 40.7118 0.020422 0.0308101
1 11.6992 40.7053 0.0329722 0.0358927
1 12.821 40.696 0.0289533 0.0372347
1 13.9452 40.686 0.0138577 0.0289805
1 15.0712 40.6769 0.00703988 0.0201984
1 16.1962 40.6689 0.0075261 0.00815544
1 17.3189 40.6648 -0.00180121 -0.00310677
1 18.4431 40.6628 0.00491352 -0.000774486
1 19.5715 40.6603 0.0113229 -0.00251726
1 20.7039 40.6588 0.0123022 -0.00830918
1 21.8371 40.6583 0.00486238 -0.00460261
1 22.9703 40.6586 -0.0140062 -0.00297621
1 24.1034 40.6598 -0.0153399 -0.00592185
1 25.2339 40.6619 -0.00837568 -0.00263349
1 26.3601 40.6641 0.00100299 -0.00409742
1 27.4834 40.6664 -0.000951037 -0.000423001
1 28.607 40.6721 -0.00612476 0.0144995
1 29.7326 40.6808 -0.0120457 0.0265462
1 30.8571 40.6904 -0.0269697 0.0357559
1 31.9793 40.7004 -0.0379883 0.0377825
1 33.099 40.7091 -0.0289135 0.0342633
1 34.2184 40.7148 -0.00639231 0.0281602
1 35.3382 40.7184 0.0143528 0.0273726
1 36.4561 40.7215 0.0246888 0.0293704
1 37.5717 40.7243 0.0268084 0.030168
1 38.6856 40.7247 0.0312692 0.0324937
1 39.7986 40.7246 0.0379193 0.0422318
1 40.9117 40.7233 0.0466109 0.0504705
1 42.0232 40.7216 0.0416654 0.0629138
1 43.1337 40.7212 0.0338321 0.0639463
1 44.2512 40.72 0.0448836 0.0655747
1 -0.0100239 41.6857 -0.045929 0.0602941
1 1.10843 41.6863 -0.0388628 0.0629754
1 2.21859 41.6874 -0.0365921 0.0646775
1 3.32962 41.6882 -0.0434464 0.0554462
1 4.44254 41.6893 -0.0393067 0.0433471
1 5.5553 41.6892 -0.0305047 0.0441156
1 6.66881 41.6874 -0.0200928 0.0333879
1 7.78405 41.684 -0.0185833 0.0332283
1 8.90156 41.6812 -0.0132439 0.025811
1 10.0211 41.6778 0.00488509 0.0261129
1 11.1414 41.6724 0.024581 0.0331817
1 12.2617 41.6645 0.0348824 0.0447476
1 13.3836 41.6536 0.032454 0.0431744
1 14.5073 41.6423 0.0219389 0.030708
1 15.6319 41.632 0.0106203 0.0146694
1 16.7553 41.6256 0.00409054 -0.00373453
1 17.8785 41.6222 0.000793173 0.000894111
1 19.005 41.6177 0.00766406 0.00597543
1 20.1364 41.6125 0.0149366 -0.00148157
1 21.2702 41.6094 0.0146772 -0.00854075
1 22.4041 41.6089 -0.00528021 -0.00954766
1 23.5382 41.611 -0.0157551 -0.00328809
1 24.6709 41.6152 -0.0122912 0.000796455
1 25.7993 41.6203 -0.0023334 0.00219719
1 26.9237 41.624 -0.00380253 -0.0044335
1 28.0464 41.6281 -0.0149384 0.00405663
1 29.1702 41.6363 -0.0180801 0.0252321
1 30.2949 41.6473 -0.0236643 0.038139
1 31.4181 41.6588 -0.0316785 0.0446515
1 32.5391 41.6688 -0.0263195 0.0423463
1 33.6596 41.676 -0.0131469 0.0312074
1 34.7793 41.6801 -0.00268466 0.024569
1 35.8971 41.6833 -0.00041122 0.0298501
1 37.0132 41.687 0.00508274 0.0313019
1 38.1283 41.6887 0.0216398 0.0318386
1 39.2419 41.6894 0.0317613 0.0467741
1 40.3546 41.6893 0.0317316 0.0496635
1 41.4662 41.688 0.0319188 0.0585921
1 42.5773 41.6866 0.0329154 0.0639187
1 43.6913 41.686 0.0263282 0.0617655
1 0.550124 42.6499 -0.032934 0.0611183
1 1.66424 42.6516 -0.0349637 0.05689
1 2.77576 42.653 -0.0353496 0.0550144
1 3.88737 42.654 -0.0340219 0.0482028
1 4.99978 42.6544 -0.0301686 0.0384652
1 6.11335 42.6531 -0.0198561 0.0283019
1 7.22816 42.6503 -0.00652608 0.0294325
1 8.34387 42.6462 0.00217444 0.0256675
1 9.46142 42.6427 0.00545639 0.0232003
1 10.5813 42.6382 0.00989837 0.0255706
1 11.7028 42.6322 0.0190446 0.0310332
1 12.825 42.6228 0.0329378 0.03918
1 13.9475 42.6105 0.035027 0.0399795
1 15.0708 42.5979 0.0329348 0.0271545
1 16.1935 42.5879 0.0208201 0.0013852
1 17.3165 42.5824 0.000785333 -0.00632229
1 18.4425 42.5766 0.0024872 0.00334057
1 19.5721 42.5689 0.00926302 -0.000956789
1 20.7046 42.5627 0.0172045 -0.00872197
1 21.8373 42.5596 0.00803152 -0.0167575
1 22.9697 42.5607 -0.0194821 -0.014324
1 24.1025 42.5658 -0.0200365 -0.00443544
1 25.2337 42.5731 -0.00625285 0.0019857
1 26.3615 42.58 0.00160624 -0.00321531
1 27.4855 42.5849 -0.0106069 -0.00713674
1 28.6082 42.5922 -0.0258568 0.0138486
1 29.7315 42.6034 -0.0302685 0.0338307
1 30.8543 42.6162 -0.0338533 0.0450147
1 31.976 42.6278 -0.0296481 0.0403592
1 33.0974 42.6359 -0.0138472 0.0323012
1 34.2181 42.6416 -0.00685162 0.0242654
1 35.3374 42.6455 0.00210838 0.0234989
1 36.4546 42.6488 0.0152937 0.0234292
1 37.5707 42.652 0.0277123 0.0230956
1 38.6848 42.6539 0.0294991 0.0344021
1 39.7978 42.6547 0.0368862 0.0459939
1 40.9102 42.654 0.0404013 0.0509348
1 42.0219 42.6522 0.040885 0.0524188
1 43.1335 42.6504 0.0371148 0.0602877
1 44.2525 42.6507 0.0487667 0.0593029
1 -0.0130247 43.612 -0.0381208 0.0592157
1 1.10697 43.614 -0.0309901 0.0554463
1 2.21949 43.6162 -0.0395464 0.052619
1 3.33163 43.6187 -0.0399604 0.0476028
1 4.44432 43.6194 -0.0302595 0.0408869
1 5.55711 43.6188 -0.0242633 0.028587
1 6.67071 43.6163 -0.0222679 0.0216979
1 7.78662 43.6119 -0.0169584 0.0204676
1 8.9045 43.608 -0.00858519 0.0231028
1 10.0243 43.6036 0.00814062 0.0208769
1 11.1451 43.5978 0.0203907 0.0202656
1 12.2671 43.5908 0.0277266 0.0265042
1 13.3898 43.5805 0.0368746 0.0324721
1 14.5126 43.5671 0.0437252 0.0313288
1 15.6347 43.5537 0.0365812 0.0171041
1 16.7571 43.5439 0.0193704 -0.00410768
1 17.8825 43.5359 -0.000878263 -0.00272338
1 19.0119 43.5272 0.00199605 -0.00304132
1 20.1429 43.5189 0.0214085 -0.0100822
1 21.2733 43.5136 0.0196457 -0.0157098
1 22.4024 43.5123 -0.00922627 -0.0192521
1 23.5325 43.5157 -0.021584 -0.0135302
1 24.6636 43.5231 -0.012682 -0.00781078
1 25.7937 43.532 0.00122239 -0.000606926
1 26.9214 43.5402 -0.00438657 -0.00393884
1 28.0448 43.5484 -0.0341882 0.00287704
1 29.1663 43.5596 -0.0493367 0.0239663
1 30.289 43.573 -0.0431174 0.0356237
1 31.4117 43.586 -0.0291818 0.0324105
1 32.5344 43.595 -0.0151814 0.0241427
1 33.6567 43.6018 -0.00957223 0.0258821
1 34.7763 43.6071 -0.00659944 0.019152
1 35.8941 43.6105 -0.00183204 0.0118696
1 37.0111 43.614 0.0113579 0.0154392
1 38.1264 43.6175 0.0207853 0.0254142
1 39.2398 43.6192 0.0316609 0.0345738
1 40.3528 43.6194 0.0336901 0.04771
1 41.4648 43.6175 0.0356335 0.052731
1 42.5768 43.6149 0.0293836 0.0572376
1 43.6912 43.6137 0.0275278 0.0556688
1 0.548062 44.5753 -0.0231011 0.0598503
1 1.66298 44.5775 -0.0302194 0.0639408
1 2.7753 44.581 -0.0351959 0.054166
1 3.8883 44.5832 -0.0369015 0.0513605
1 5.00177 44.5833 -0.0305521 0.0373283
1 6.1157 44.582 -0.0195617 0.027526
1 7.2307 44.5775 -0.00830189 0.0255362
1 8.34718 44.5727 -0.00403398 0.0244606
1 9.46605 44.5678 0.000404216 0.0268062
1 10.5873 44.5621 0.00949016 0.0253586
1 11.7097 44.5561 0.0189631 0.0223342
1 12.8332 44.5481 0.0316852 0.0213219
1 13.9568 44.5362 0.0497679 0.0274839
1 15.0794 44.5223 0.0576936 0.0298742
1 16.2013 44.5082 0.041801 0.0189624
1 17.3251 44.496 0.0129233 0.00784193
1 18.453 44.4851 -0.00284381 0.00380216
1 19.5833 44.4759 0.0064618 -0.00706384
1 20.7122 44.4697 0.0173367 -0.0136144
1 21.8386 44.4669 0.00624255 -0.0189752
1 22.9648 44.4677 -0.0163056 -0.0144874
1 24.0927 44.4726 -0.0173234 -0.0109666
1 25.2222 44.4808 -0.00281799 -0.00118698
1 26.3516 44.491 -0.00215601 0.00881989
1 27.4775 44.5019 -0.0263367 0.0108404
1 28.5999 44.5146 -0.0493018 0.0213112
1 29.7223 44.5283 -0.0502699 0.030048
1 30.8459 44.542 -0.0379659 0.0298255
1 31.9693 44.5531 -0.0278356 0.0225919
1 33.0916 44.5599 -0.0195841 0.0267322
1 34.213 44.5664 -0.0073884 0.0301516
1 35.3334 44.5713 0.00865331 0.0186278
1 36.4519 44.5745 0.0185164 0.0164098
1 37.5682 44.5797 0.0201437 0.0278884
1 38.682 44.5833 0.0201406 0.0301293
1 39.7949 44.5835 0.027155 0.0460236
1 40.9081 44.5825 0.0392306 0.0566115
1 42.0206 44.5796 0.0354615 0.0638772
1 43.1331 44.5761 0.0262313 0.0628946
1 44.2547 44.5742 0.0165138 0.0608789
1 -0.0166538 45.5353 -0.025805 0.0701743
1 1.10478 45.5383 -0.030392 0.0696946
1 2.21776 45.5427 -0.0351875 0.0618557
1 3.3312 45.5456 -0.0413281 0.0558586
1 4.44529 45.5471 -0.0327887 0.0394936
1 5.5599 45.5469 -0.0269202 0.0244122
1 6.67494 45.5441 -0.0198599 0.0219
1 7.79082 45.5384 -0.0101242 0.0244818
1 8.90947 45.5322 -0.00655114 0.0308293
1 10.0308 45.5261 0.00536581 0.0298719
1 11.1531 45.5203 0.0235508 0.0174837
1 12.2763 45.514 0.0319455 0.0088461
1 13.4009 45.5046 0.0477003 0.0120464
1 14.5252 45.4913 0.0614547 0.0229907
1 15.6485 45.4762 0.0500536 0.0298393
1 16.772 45.46 0.0335749 0.0252354
1 17.8974 45.4452 0.0100424 0.0139596
1 19.0251 45.4344 0.00378964 0.00143134
1 20.152 45.4278 0.0122264 -0.0134604
1 21.2771 45.4243 0.00821621 -0.0251955
1 22.4012 45.4237 -0.00314144 -0.0246617
1 23.5258 45.426 -0.0117537 -0.0149837
1 24.6516 45.4311 -0.0103096 -0.00368005
1 25.779 45.44 -0.00365015 0.00994307
1 26.9062 45.4527 -0.0190876 0.0166819
1 28.0301 45.4676 -0.0453685 0.022999
1 29.153 45.4826 -0.0597328 0.023335
1 30.2772 45.497 -0.0539775 0.0204621
1 31.402 45.5097 -0.032717 0.0156336
1 32.5263 45.5185 -0.021917 0.0159385
1 33.6491 45.5244 -0.0135022 0.0275822
1 34.7706 45.5302 -0.00155647 0.0268328
1 35.8905 45.5352 0.00332087 0.0156975
1 37.0078 45.5409 0.0108312 0.0255642
1 38.1233 45.5463 0.0226039 0.0260634
1 39.2381 45.5478 0.02718 0.0321094
1 40.3523 45.5472 0.0334171 0.0521388
1 41.4659 45.545 0.0346153 0.0602755
1 42.5786 45.5413 0.0281796 0.0648468
1 43.6927 45.5356 0.0262359 0.0708354
1 0.544502 46.4974 -0.0222748 0.0685771
1 1.65862 46.5046 -0.0205378 0.0637401
1 2.77226 46.5079 -0.0247319 0.0572172
1 3.88703 46.5102 -0.0216564 0.0428445
1 5.00231 46.511 -0.0171566 0.0296782
1 6.11831 46.5096 -0.0185011 0.0140513
1 7.2353 46.5055 -0.0101303 0.0166706
1 8.35337 46.4979 -0.00541481 0.0292729
1 9.47343 46.4901 0.00153026 0.0306884
1 10.5956 46.4843 0.0151723 0.0177324
1 11.7194 46.4786 0.025492 0.00308238
1 12.8455 46.4711 0.0392513 -0.0117456
1 13.9718 46.4601 0.0582232 0.00655278
1 15.0972 46.445 0.0585339 0.0282608
1 16.2219 46.4276 0.04567 0.030634
1 17.3457 46.4098 0.0235083 0.025034
1 18.4701 46.3956 0.00863811 0.0146384
1 19.5938 46.3883 0.0175205 -0.00355904
1 20.7161 46.3844 0.0139396 -0.0216388
1 21.8391 46.3818 0.00365322 -0.0368519
1 22.9625 46.3831 -0.00934634 -0.0307042
1 24.085 46.3867 -0.019189 -0.00993012
1 25.2086 46.3919 -0.00777343 0.00820555
1 26.3329 46.4027 -0.0142389 0.0174433
1 27.4568 46.4185 -0.0360602 0.0251781
1 28.581 46.4356 -0.0544937 0.0291696
1 29.7058 46.4513 -0.066162 0.0159995
1 30.8314 46.4651 -0.0500941 -0.000451711
1 31.9579 46.4761 -0.0312813 0.00128284
1 33.0826 46.4829 -0.0251747 0.0114645
1 34.2052 46.488 -0.00844826 0.0283022
1 35.3269 46.4947 0.00408572 0.0283534
1 36.4457 46.5016 0.00720088 0.0136298
1 37.563 46.5077 0.0251625 0.0128119
1 38.6802 46.5111 0.0291217 0.0232849
1 39.7959 46.5112 0.0300557 0.0375291
1 40.9116 46.5099 0.0381981 0.0589934
1 42.0262 46.5072 0.0315479 0.0622775
1 43.1404 46.5016 0.029872 0.0595381
1 44.2607 46.4919 0.0350856 0.0735847
1 -0.0279653 47.4525 -0.0360705 0.0626516
1 1.09337 47.4695 -0.027316 0.0668413
1 2.21057 47.4734 -0.0296124 0.0686552
1 3.32745 47.4759 -0.0262991 0.0544377
1 4.44417 47.478 -0.019522 0.0465105
1 5.56176 47.4766 -0.011733 0.0259722
1 6.67984 47.4744 -0.0175373 0.0106215
1 7.79915 47.4685 -0.0134259 0.0243076
1 8.91908 47.4591 -0.00189069 0.0395513
1 10.0395 47.4517 0.0188013 0.0296772
1 11.1623 47.4462 0.0361218 0.0126582
1 12.2885 47.4386 0.0358062 -0.0131055
1 13.4173 47.4303 0.0447197 -0.0149121
1 14.5461 47.4172 0.053669 0.0208691
1 15.6729 47.3999 0.0511592 0.0416662
1 16.7971 47.3817 0.0388969 0.0399505
1 17.9184 47.3644 0.0205199 0.0262993
1 19.0383 47.3544 0.0198308 0.0068933
1 20.1585 47.3506 0.0326552 -0.00955843
1 21.2792 47.3463 0.0226289 -0.0280964
1 22.4003 47.3448 -0.00797699 -0.0391912
1 23.5214 47.3487 -0.0328927 -0.0233044
1 24.6422 47.3528 -0.0300754 0.00130659
1 25.7621 47.3591 -0.015912 0.0157625
1 26.8826 47.3728 -0.0250137 0.0305388
1 28.0054 47.3904 -0.0459341 0.0412108
1 29.1306 47.4075 -0.0588343 0.0320025
1 30.258 47.4228 -0.0498135 0.00334075
1 31.3868 47.4348 -0.0358716 -0.0104826
1 32.5151 47.4442 -0.0335125 0.00432098
1 33.64 47.4501 -0.0270969 0.0231953
1 34.7612 47.4558 -0.00673111 0.0358505
1 35.8814 47.4646 0.00751033 0.0235482
1 37.0013 47.4714 0.018851 0.00595197
1 38.1205 47.4755 0.0132665 0.0183013
1 39.238 47.4784 0.00308822 0.0389921
1 40.3542 47.4773 0.0134365 0.0538496
1 41.4706 47.4758 0.0282577 0.0620702
1 42.5876 47.471 0.0219081 0.0592506
1 43.706 47.4641 0.0316854 0.0630551
