1 0.681726 0.150113 0.0706198 0.0798552
1 1.7987 0.144244 0.0690756 0.0745057
1 2.9134 0.140662 0.0686965 0.0792773
1 4.0274 0.138746 0.0684481 0.0709742
1 5.14135 0.138088 0.0663275 0.0795878
1 6.25503 0.134895 0.0715757 0.0859059
1 7.36923 0.133287 0.0640732 0.0698122
1 8.48409 0.136366 0.0654927 0.0526249
1 9.59725 0.142048 0.0749901 0.049248
1 10.7094 0.147587 0.0747583 0.0531945
1 11.8209 0.152566 0.0805065 0.0546764
1 12.9313 0.157247 0.0870217 0.0562939
1 14.0409 0.161642 0.0887734 0.0563348
1 15.1498 0.166076 0.0976348 0.0556623
1 16.2579 0.170208 0.092495 0.0623018
1 17.3682 0.173044 0.0608403 0.0746576
1 18.4828 0.174476 0.0281183 0.0849998
1 19.6008 0.17504 0.00948162 0.0898723
1 20.7202 0.175174 0.00260752 0.0914751
1 21.84 0.175194 0.000452839 0.0917748
1 22.96 0.175092 -0.0013331 0.0917794
1 24.0797 0.174965 -0.00513439 0.0907851
1 25.1985 0.174703 -0.0166837 0.0880895
1 26.3151 0.173834 -0.0430977 0.0806715
1 27.4276 0.171764 -0.0783247 0.068481
1 28.5364 0.168192 -0.0983697 0.0581912
1 29.6447 0.163779 -0.0934738 0.0556327
1 30.7539 0.159411 -0.0886081 0.0564213
1 31.8636 0.154979 -0.0853619 0.0551359
1 32.9745 0.150254 -0.0750124 0.0545764
1 34.0865 0.145114 -0.075011 0.0512819
1 35.1989 0.139024 -0.0734924 0.0468329
1 36.3129 0.133499 -0.061006 0.0573744
1 37.4281 0.132476 -0.0625211 0.079909
1 38.5424 0.136271 -0.0642005 0.0879048
1 39.6565 0.138692 -0.069256 0.0720192
1 40.7702 0.139085 -0.0700045 0.0752293
1 41.8848 0.142933 -0.0694728 0.0814733
1 42.9997 0.146215 -0.0769222 0.06795
1 44.1205 0.161733 -0.0686516 0.0813698
1 0.127172 1.12222 0.0682379 0.0750769
1 1.24702 1.11407 0.0720421 0.0756794
1 2.35992 1.1095 0.0722281 0.0807498
1 3.47274 1.10657 0.0683999 0.076194
1 4.58572 1.10569 0.070799 0.0735073
1 5.69897 1.10374 0.0669147 0.0866073
1 6.81249 1.10098 0.0656893 0.0767364
1 7.92567 1.10211 0.0688101 0.0597309
1 9.03839 1.10659 0.0741668 0.0524171
1 10.1503 1.11239 0.0772588 0.0502259
1 11.2619 1.118 0.0767995 0.0531585
1 12.3728 1.12305 0.0841847 0.0552112
1 13.4826 1.12787 0.0894191 0.0550255
1 14.5919 1.13245 0.0897428 0.0586469
1 15.7011 1.13619 0.0880189 0.0676705
1 16.8112 1.13864 0.069081 0.0783803
1 17.9246 1.13989 0.0385653 0.0866157
1 19.0413 1.14038 0.0155255 0.090714
1 20.1604 1.14056 0.00440251 0.0925564
1 21.2801 1.14058 0.00150445 0.0930543
1 22.4002 1.14052 -0.000429987 0.0929756
1 23.52 1.14046 -0.0027993 0.0929297
1 24.6394 1.14036 -0.00868112 0.0918698
1 25.7575 1.14009 -0.0250543 0.0890576
1 26.8727 1.1393 -0.053954 0.0831291
1 27.9843 1.13753 -0.0807954 0.0733807
1 29.0937 1.13441 -0.089791 0.0629191
1 30.2028 1.13017 -0.0897829 0.056195
1 31.3122 1.12549 -0.0890017 0.0549735
1 32.4223 1.12072 -0.0804471 0.0548454
1 33.5336 1.11549 -0.0763156 0.0510659
1 34.6454 1.10946 -0.0737178 0.0477274
1 35.7582 1.10343 -0.0661612 0.0527049
1 36.8714 1.10004 -0.0742595 0.070125
1 37.9837 1.10157 -0.073895 0.0863739
1 39.0973 1.10474 -0.0650362 0.0786239
1 40.2107 1.10602 -0.0715241 0.0770746
1 41.323 1.1085 -0.0699598 0.079142
1 42.4358 1.11182 -0.0696309 0.0722533
1 43.5488 1.11796 -0.0723662 0.0778414
1 0.694269 2.07948 0.0674244 0.0750878
1 1.80779 2.07462 0.0692059 0.0764018
1 2.91952 2.0712 0.0686462 0.0758874
1 4.03152 2.06892 0.0710773 0.0752909
1 5.14383 2.06742 0.0687727 0.0759325
1 6.25676 2.06546 0.0709985 0.0774185
1 7.36873 2.06459 0.0766662 0.0686643
1 8.48064 2.06723 0.0720861 0.0546739
1 9.59245 2.07267 0.0761796 0.0463406
1 10.7037 2.07869 0.0784259 0.0486224
1 11.8146 2.08421 0.083128 0.0505612
1 12.9247 2.08941 0.0870517 0.0529024
1 14.0345 2.09387 0.0805035 0.060323
1 15.145 2.09715 0.0785304 0.069641
1 16.2556 2.09929 0.0740123 0.0775899
1 17.3676 2.10053 0.0520795 0.0838122
1 18.4828 2.10114 0.0259736 0.0879224
1 19.6008 2.10136 0.00923498 0.0900794
1 20.7202 2.10138 0.00252539 0.0908306
1 21.8401 2.10136 0.000464401 0.0909443
1 22.9601 2.10131 -0.00127392 0.090839
1 24.0797 2.10126 -0.0049882 0.0905619
1 25.1985 2.10117 -0.0156834 0.0892914
1 26.3153 2.10082 -0.0383866 0.0861229
1 27.4289 2.09993 -0.0646748 0.0810508
1 28.5399 2.09827 -0.0778956 0.0743384
1 29.6504 2.09561 -0.0792445 0.0652609
1 30.7605 2.09177 -0.085186 0.0559494
1 31.8701 2.08694 -0.0851768 0.050924
1 32.9808 2.08164 -0.0777875 0.0501179
1 34.092 2.07589 -0.0816757 0.0468788
1 35.203 2.06961 -0.0776447 0.0461142
1 36.315 2.06467 -0.0672485 0.058156
1 37.4273 2.06364 -0.0696207 0.0759118
1 38.5398 2.06594 -0.0672724 0.0836721
1 39.6529 2.06836 -0.0674131 0.0769656
1 40.7651 2.0703 -0.0731458 0.0735987
1 41.8768 2.07308 -0.0708614 0.0771053
1 42.9892 2.07777 -0.0666547 0.0754777
1 44.1101 2.08075 -0.0685528 0.0706277
1 0.13233 3.04152 0.0726552 0.0749691
1 1.25348 3.03893 0.0699437 0.0767168
1 2.36541 3.03546 0.0731654 0.0802422
1 3.47697 3.03258 0.0704009 0.0776796
1 4.58844 3.03096 0.0746326 0.0755994
1 5.7006 3.02915 0.0637309 0.0817748
1 6.81338 3.02736 0.067447 0.0774569
1 7.92489 3.0286 0.0738881 0.0607923
1 9.03598 3.03305 0.0790891 0.0509677
1 10.1463 3.03895 0.0849963 0.0494375
1 11.2566 3.04484 0.0806364 0.0513757
1 12.3672 3.0501 0.0791547 0.0572654
1 13.478 3.05426 0.0738187 0.0665907
1 14.5894 3.05714 0.0698932 0.0751286
1 15.7006 3.0591 0.0746503 0.0804114
1 16.8117 3.06046 0.0663035 0.0848554
1 17.925 3.06123 0.0404634 0.0892477
1 19.0416 3.06153 0.0174012 0.0919601
1 20.1605 3.06162 0.00522997 0.0929923
1 21.2802 3.06161 0.0012861 0.0931643
1 22.4002 3.06156 -0.000526641 0.0931439
1 23.52 3.06154 -0.00290657 0.0930958
1 24.6392 3.0615 -0.00998047 0.0925736
1 25.7571 3.06133 -0.0274481 0.090882
1 26.8721 3.06083 -0.05438 0.0872701
1 27.9841 3.05978 -0.0727328 0.0827485
1 29.0951 3.05813 -0.0719109 0.0783261
1 30.2065 3.05581 -0.0711672 0.0716285
1 31.3174 3.05242 -0.0791712 0.0616926
1 32.4278 3.04773 -0.079425 0.0531141
1 33.5385 3.04208 -0.0800206 0.049174
1 34.6489 3.03589 -0.0799833 0.04884
1 35.7599 3.03011 -0.073997 0.0531566
1 36.8711 3.02681 -0.0783863 0.0677296
1 37.9824 3.02717 -0.0711189 0.0815727
1 39.095 3.02951 -0.0666748 0.0824578
1 40.2072 3.03172 -0.0701524 0.0802045
1 41.319 3.03427 -0.0714679 0.0804098
1 42.4307 3.03741 -0.0713795 0.0766904
1 43.5455 3.04087 -0.0681853 0.0793438
1 0.696603 4.00183 0.069513 0.0793015
1 1.81084 3.99945 0.0744688 0.0754445
1 2.92221 3.99675 0.0732729 0.0746448
1 4.0335 3.99464 0.0712632 0.075737
1 5.14561 3.9926 0.0626318 0.0784017
1 6.25847 3.99078 0.0721168 0.0769329
1 7.36903 3.99077 0.0847202 0.0648691
1 8.47952 3.99417 0.0747338 0.0506541
1 9.59 3.99966 0.0817659 0.0458854
1 10.6998 4.00548 0.0800573 0.0506489
1 11.8107 4.01047 0.0713899 0.0586982
1 12.9224 4.01426 0.0684543 0.0674046
1 14.0342 4.01693 0.0646239 0.0744957
1 15.146 4.01884 0.0698465 0.0781416
1 16.2569 4.02032 0.0742261 0.0812198
1 17.3685 4.02128 0.0565742 0.0855673
1 18.4832 4.02176 0.0294356 0.0890978
1 19.601 4.0219 0.0109876 0.0907303
1 20.7203 4.02191 0.00307933 0.0910841
1 21.8402 4.02191 0.000492807 0.091023
1 22.9601 4.02189 -0.00137612 0.0909985
1 24.0796 4.02184 -0.00592881 0.0909112
1 25.1982 4.02177 -0.0182255 0.090113
1 26.3146 4.0215 -0.0426365 0.0875975
1 27.4276 4.02078 -0.0675842 0.0835134
1 28.5386 4.01954 -0.0738481 0.0797543
1 29.65 4.01788 -0.0664933 0.0767514
1 30.7619 4.01573 -0.0669905 0.0718139
1 31.8733 4.01268 -0.0693151 0.06315
1 32.9849 4.00832 -0.0726649 0.0534096
1 34.0954 4.00266 -0.0865917 0.0462679
1 35.2047 3.99655 -0.0852974 0.0466902
1 36.315 3.9917 -0.0735313 0.0559389
1 37.4261 3.98963 -0.0671574 0.0687334
1 38.5383 3.99073 -0.0641671 0.0818042
1 39.6504 3.99337 -0.0709748 0.0795467
1 40.7619 3.99543 -0.0724434 0.0746902
1 41.8733 3.99804 -0.0724437 0.0795613
1 42.9857 4.0009 -0.0694121 0.0781771
1 44.1068 4.00421 -0.0706395 0.0772685
1 0.134132 4.96403 0.0711621 0.0818211
1 1.25502 4.96254 0.0705364 0.0808215
1 2.36726 4.9604 0.0755719 0.0793371
1 3.47864 4.9584 0.0706628 0.0773845
1 4.59031 4.95623 0.0698674 0.0817299
1 5.70248 4.95396 0.064292 0.0813738
1 6.81431 4.95334 0.070135 0.0705774
1 7.92489 4.95593 0.0735419 0.0538565
1 9.0349 4.96096 0.0838463 0.0502449
1 10.1441 4.96619 0.0831195 0.0563525
1 11.255 4.97062 0.0635306 0.0638212
1 12.3674 4.97406 0.0613634 0.0709154
1 13.4794 4.97661 0.0644421 0.076634
1 14.5914 4.97853 0.0667478 0.0800418
1 15.7027 4.98009 0.0766283 0.0824827
1 16.8132 4.98125 0.072283 0.0862513
1 17.9257 4.98187 0.0459482 0.0904644
1 19.0418 4.98209 0.0199977 0.0930008
1 20.1606 4.98215 0.0061161 0.0934649
1 21.2802 4.98216 0.00182594 0.0935735
1 22.4002 4.98215 -0.000574144 0.0937768
1 23.5199 4.98213 -0.00373313 0.0934528
1 24.6391 4.98207 -0.0115327 0.0931568
1 25.7567 4.98193 -0.0314367 0.0921025
1 26.8711 4.98153 -0.0608724 0.0886489
1 27.9823 4.98063 -0.0771996 0.0840981
1 29.093 4.97926 -0.0707518 0.0811238
1 30.2048 4.97758 -0.0644079 0.078822
1 31.3166 4.97551 -0.0658078 0.0747283
1 32.4286 4.97268 -0.0619908 0.0679636
1 33.5406 4.96873 -0.0687636 0.0585547
1 34.651 4.96353 -0.0804074 0.0503927
1 35.7608 4.95794 -0.0812685 0.0506881
1 36.8702 4.95389 -0.0869176 0.0619302
1 37.9803 4.95277 -0.0709547 0.0752619
1 39.0926 4.95445 -0.0613777 0.0816077
1 40.2046 4.957 -0.0667765 0.0810735
1 41.3161 4.95928 -0.0676442 0.0788287
1 42.4275 4.96149 -0.0691917 0.079202
1 43.5412 4.96351 -0.0659272 0.0824892
1 0.698205 5.92521 0.0668715 0.0755157
1 1.81255 5.92355 0.0679389 0.0742882
1 2.92424 5.92175 0.0669129 0.0750889
1 4.03593 5.91949 0.0665548 0.0810684
1 5.14819 5.91686 0.0614744 0.0809807
1 6.26042 5.91592 0.073755 0.068885
1 7.36992 5.91786 0.0881946 0.0557433
1 8.47935 5.92213 0.0766698 0.0523077
1 9.58954 5.92662 0.0736446 0.0585155
1 10.7005 5.93047 0.0615858 0.0642116
1 11.8131 5.93363 0.0577923 0.0690115
1 12.9253 5.93611 0.06481 0.0734854
1 14.037 5.93805 0.0654292 0.0766816
1 15.1485 5.93966 0.0727248 0.0786704
1 16.2588 5.94094 0.0805856 0.0819239
1 17.3695 5.94173 0.0632698 0.0862277
1 18.4836 5.94205 0.033142 0.0890047
1 19.6011 5.94214 0.012415 0.089961
1 20.7203 5.94218 0.00357549 0.0903121
1 21.8402 5.94218 0.000594911 0.09033
1 22.9601 5.94216 -0.00163168 0.0903806
1 24.0796 5.94213 -0.00685288 0.0902166
1 25.1981 5.94205 -0.0206438 0.0895932
1 26.314 5.94184 -0.0480125 0.0877619
1 27.4263 5.9413 -0.0745303 0.0840246
1 28.5364 5.94026 -0.0781508 0.0799532
1 29.6474 5.93882 -0.0673776 0.0775982
1 30.7591 5.93711 -0.0656382 0.0757296
1 31.8708 5.93502 -0.0619782 0.072335
1 32.9834 5.93234 -0.0581764 0.0671735
1 34.0952 5.92878 -0.0720484 0.060158
1 35.2053 5.92431 -0.0789031 0.0533144
1 36.3151 5.9196 -0.0759737 0.0520761
1 37.4249 5.91614 -0.0735247 0.0607279
1 38.5359 5.91569 -0.0663412 0.0763172
1 39.6478 5.91787 -0.068438 0.0817888
1 40.7597 5.92057 -0.0686379 0.0755629
1 41.8712 5.92261 -0.0746164 0.07465
1 42.9832 5.92465 -0.0710323 0.0747798
1 44.1039 5.9252 -0.0662118 0.0813058
1 0.137542 6.8888 0.057618 0.0715479
1 1.25733 6.88729 0.0651768 0.0740293
1 2.36932 6.88565 0.0699043 0.0738787
1 3.4812 6.88331 0.0618997 0.0805628
1 4.59353 6.8804 0.0641199 0.0818585
1 5.70518 6.87901 0.06586 0.0701293
1 6.81593 6.88064 0.0705167 0.0589706
1 7.92601 6.88399 0.0684877 0.0574312
1 9.03648 6.88772 0.0715468 0.0617875
1 10.1469 6.89106 0.0681744 0.0653311
1 11.2589 6.894 0.0562123 0.0687359
1 12.3713 6.89644 0.062438 0.0727887
1 13.4828 6.89839 0.0679122 0.0760017
1 14.5942 6.9 0.0701699 0.0783937
1 15.7048 6.90133 0.0824155 0.081491
1 16.8144 6.90223 0.0794635 0.0858505
1 17.9262 6.90265 0.0509185 0.0893783
1 19.0419 6.90279 0.0218659 0.0909955
1 20.1606 6.90282 0.00649403 0.0914927
1 21.2802 6.90283 0.00208092 0.0916419
1 22.4002 6.90282 -0.000569698 0.0916776
1 23.5199 6.9028 -0.00406982 0.0915863
1 24.639 6.90278 -0.0122971 0.0913063
1 25.7564 6.90268 -0.03451 0.0903051
1 26.8702 6.90241 -0.067253 0.0876547
1 27.9806 6.90175 -0.0839879 0.0834013
1 29.0905 6.90063 -0.0749661 0.0796997
1 30.2017 6.89916 -0.0672889 0.0772753
1 31.3131 6.89742 -0.0678992 0.0750051
1 32.4248 6.89533 -0.0598643 0.071954
1 33.5373 6.89274 -0.0594158 0.0676546
1 34.6487 6.88954 -0.0658736 0.0624547
1 35.7598 6.88578 -0.0699139 0.0576458
1 36.8694 6.88193 -0.0857175 0.0565394
1 37.9784 6.87922 -0.0751936 0.0642961
1 39.0899 6.8791 -0.0620546 0.076666
1 40.202 6.8817 -0.0648998 0.0844636
1 41.3141 6.88471 -0.06762 0.077805
1 42.4258 6.88671 -0.0714088 0.0716887
1 43.5401 6.88775 -0.0687062 0.0732277
1 0.702314 7.85121 0.0633602 0.0688682
1 1.81595 7.8492 0.0656854 0.0765616
1 2.92783 7.84647 0.0590849 0.0878272
1 4.04019 7.84317 0.060517 0.0867529
1 5.15203 7.84168 0.0605602 0.0760269
1 6.26329 7.84267 0.0702942 0.0678949
1 7.37271 7.84526 0.0795988 0.0668719
1 8.48278 7.84835 0.0660868 0.0678203
1 9.59385 7.85138 0.064455 0.0700358
1 10.7053 7.85413 0.0593669 0.0728059
1 11.8175 7.85649 0.0617413 0.0764004
1 12.929 7.85842 0.0698054 0.0794855
1 14.04 7.86001 0.0696492 0.0819665
1 15.1509 7.8613 0.0785577 0.0847986
1 16.2603 7.86223 0.0884312 0.0887201
1 17.3702 7.86272 0.0693167 0.0922867
1 18.4838 7.86289 0.035728 0.0942574
1 19.6011 7.86292 0.0130227 0.0948207
1 20.7203 7.86292 0.00366171 0.0949214
1 21.8401 7.86291 0.000604975 0.0949753
1 22.9601 7.86291 -0.00169411 0.094996
1 24.0796 7.8629 -0.00712095 0.0948748
1 25.198 7.86287 -0.0219956 0.0946189
1 26.3136 7.86277 -0.0522844 0.0933721
1 27.4251 7.86246 -0.0819765 0.0904422
1 28.5344 7.86173 -0.0854086 0.0864679
1 29.6446 7.8606 -0.0722229 0.0831663
1 30.7558 7.85916 -0.0694733 0.0807395
1 31.8668 7.85743 -0.0654115 0.0784779
1 32.9789 7.85534 -0.0595659 0.0755703
1 34.0907 7.85284 -0.0675367 0.0723522
1 35.2015 7.84996 -0.0679064 0.0693923
1 36.3124 7.84682 -0.0641635 0.0660867
1 37.4227 7.84366 -0.0684334 0.0646252
1 38.533 7.84157 -0.0664971 0.070962
1 39.644 7.84188 -0.0650434 0.0841607
1 40.7564 7.84468 -0.0580322 0.0894717
1 41.8689 7.84805 -0.0663374 0.0835782
1 42.9809 7.85016 -0.0655837 0.0733422
1 44.1001 7.85215 -0.0613913 0.0620869
1 0.143395 8.81667 0.0632644 0.0664599
1 1.26244 8.81347 0.0623223 0.071125
1 2.3746 8.80992 0.0603982 0.0815139
1 3.48707 8.80622 0.0546363 0.0821853
1 4.59896 8.80425 0.0629856 0.0734582
1 5.70971 8.80467 0.0651752 0.0651182
1 6.82017 8.80679 0.0659629 0.0615931
1 7.9306 8.80942 0.0635236 0.063031
1 9.04145 8.8121 0.0683522 0.0645659
1 10.152 8.81466 0.0696157 0.0665488
1 11.2634 8.81694 0.0613573 0.0694748
1 12.3752 8.81885 0.0677818 0.0723922
1 13.486 8.82042 0.0729397 0.0750809
1 14.5967 8.82168 0.0762075 0.0780296
1 15.7065 8.82259 0.090213 0.0816742
1 16.8152 8.82312 0.0862877 0.0854028
1 17.9265 8.82332 0.0541155 0.0876068
1 19.042 8.82337 0.0226793 0.0882731
1 20.1606 8.82337 0.00668345 0.0884502
1 21.2802 8.82336 0.00202976 0.0884548
1 22.4002 8.82336 -0.000566685 0.0884097
1 23.5199 8.82335 -0.00416558 0.0884735
1 24.639 8.82334 -0.0128269 0.088424
1 25.7563 8.82331 -0.0363274 0.0879606
1 26.8697 8.8232 -0.0722695 0.0865112
1 27.9793 8.82284 -0.091738 0.0834067
1 29.0884 8.8221 -0.0819959 0.0795605
1 30.1989 8.82099 -0.0725326 0.0763298
1 31.3096 8.81956 -0.0723004 0.0737764
1 32.4207 8.81782 -0.0643362 0.0714201
1 33.5325 8.81576 -0.0631225 0.0687702
1 34.6437 8.81336 -0.065486 0.065937
1 35.755 8.81069 -0.0643608 0.0639355
1 36.8653 8.80795 -0.0773433 0.062689
1 37.9747 8.8055 -0.0692628 0.0633301
1 39.0857 8.80397 -0.0612712 0.0673672
1 40.197 8.80454 -0.0617725 0.077876
1 41.3094 8.80762 -0.0568255 0.0868577
1 42.4223 8.81164 -0.0626313 0.0794099
1 43.5365 8.81499 -0.0655803 0.0685146
1 0.706903 9.7781 0.0635457 0.0813624
1 1.82161 9.77377 0.0580499 0.0904844
1 2.93453 9.76936 0.0555127 0.0898189
1 4.04651 9.76698 0.0636887 0.0787253
1 5.15737 9.76715 0.0638052 0.069583
1 6.26817 9.76879 0.0709653 0.0669291
1 7.37764 9.77103 0.0784047 0.0668083
1 8.48786 9.77342 0.0656604 0.0673251
1 9.59884 9.77581 0.0668685 0.0690503
1 10.7098 9.77798 0.0647356 0.0720083
1 11.8213 9.77984 0.0672192 0.0749243
1 12.9323 9.78138 0.0751727 0.0779429
1 14.0426 9.78256 0.0761338 0.0815675
1 15.1526 9.78338 0.0861459 0.0855087
1 16.2612 9.78386 0.0953864 0.0892262
1 17.3705 9.78404 0.0731407 0.0917513
1 18.4838 9.78408 0.0369039 0.0928046
1 19.6011 9.78407 0.0132055 0.0929542
1 20.7203 9.78406 0.00364224 0.0928912
1 21.8401 9.78405 0.000563346 0.0929204
1 22.9601 9.78405 -0.00170471 0.0929338
1 24.0796 9.78405 -0.00714165 0.0928684
1 25.198 9.78405 -0.0225469 0.09283
1 26.3135 9.78404 -0.0546902 0.0923174
1 27.4245 9.78394 -0.0876976 0.0904692
1 28.533 9.7836 -0.0930095 0.0871375
1 29.6424 9.78293 -0.0791996 0.0833182
1 30.7528 9.7819 -0.0750617 0.0795393
1 31.8633 9.7805 -0.0696952 0.0763308
1 32.9748 9.77878 -0.0642014 0.0736563
1 34.086 9.77677 -0.0719319 0.0711665
1 35.1963 9.77451 -0.0715017 0.0690854
1 36.3072 9.77212 -0.0636336 0.0672245
1 37.4177 9.76967 -0.065633 0.0660148
1 38.5281 9.76753 -0.0651225 0.0681695
1 39.6384 9.76653 -0.066524 0.0749432
1 40.7499 9.76749 -0.0578689 0.0849653
1 41.8623 9.77101 -0.0589425 0.0930228
1 42.9753 9.77581 -0.0611689 0.0884225
1 44.0953 9.78041 -0.0698078 0.0821745
1 0.146732 10.7415 0.0754545 0.0963666
1 1.26821 10.7364 0.0613792 0.103032
1 2.3817 10.7314 0.063229 0.0993042
1 3.49365 10.7288 0.0624072 0.0862223
1 4.60452 10.7287 0.0694098 0.0764083
1 5.71472 10.73 0.0676562 0.0711297
1 6.8251 10.7321 0.0667873 0.0693673
1 7.93555 10.7343 0.0649389 0.0709297
1 9.04623 10.7365 0.0711198 0.0726103
1 10.1563 10.7385 0.0740055 0.0745476
1 11.2672 10.7403 0.0662556 0.0772833
1 12.3784 10.7417 0.0730625 0.0805477
1 13.4885 10.7429 0.0795724 0.0845587
1 14.5985 10.7436 0.083798 0.088501
1 15.7075 10.7439 0.0973205 0.0918132
1 16.8156 10.7441 0.0906705 0.0940082
1 17.9265 10.7441 0.0555103 0.0947243
1 19.042 10.744 0.0228297 0.094684
1 20.1605 10.744 0.00669528 0.0946003
1 21.2802 10.744 0.00196026 0.0945404
1 22.4002 10.744 -0.000548568 0.0944907
1 23.5199 10.744 -0.00409879 0.094532
1 24.639 10.744 -0.0128501 0.0946104
1 25.7563 10.744 -0.036996 0.0946232
1 26.8696 10.744 -0.0751281 0.094315
1 27.9786 10.744 -0.097779 0.0928737
1 29.0869 10.7437 -0.0894997 0.0900037
1 30.1966 10.7431 -0.0796109 0.0863046
1 31.3067 10.7422 -0.0779645 0.0823344
1 32.4172 10.7409 -0.0689274 0.0787965
1 33.5284 10.7392 -0.0674447 0.0759361
1 34.6391 10.7373 -0.0689666 0.0732914
1 35.75 10.7351 -0.0666946 0.0719567
1 36.8602 10.7329 -0.0786386 0.071301
1 37.9696 10.7308 -0.0705983 0.0715269
1 39.0802 10.729 -0.0648085 0.0730842
1 40.1906 10.7281 -0.0670271 0.0801425
1 41.302 10.7294 -0.0579526 0.0936944
1 42.4148 10.7334 -0.0554736 0.102923
1 43.5302 10.739 -0.0571608 0.0992599
1 0.713595 11.6986 0.0540546 0.107629
1 1.82919 11.6932 0.0581691 0.0997989
1 2.94132 11.6904 0.0641022 0.0840516
1 4.05205 11.6903 0.0714023 0.0714359
1 5.16221 11.6917 0.0678363 0.0667623
1 6.27284 11.6935 0.0728826 0.0661172
1 7.38227 11.6955 0.0804342 0.0657742
1 8.49236 11.6975 0.0684551 0.0665787
1 9.60307 11.6994 0.0718266 0.0684034
1 10.7135 11.7011 0.0698874 0.0715217
1 11.8245 11.7025 0.0730665 0.075113
1 12.9347 11.7035 0.0819189 0.0792396
1 14.0443 11.7041 0.0836204 0.0834347
1 15.1536 11.7044 0.0929466 0.0866804
1 16.2616 11.7044 0.0999633 0.0885603
1 17.3705 11.7044 0.07483 0.0892413
1 18.4838 11.7044 0.0370531 0.0892102
1 19.601 11.7043 0.013044 0.0889956
1 20.7203 11.7043 0.00356596 0.0888995
1 21.8401 11.7043 0.000583198 0.0888396
1 22.9601 11.7043 -0.00164001 0.0888454
1 24.0796 11.7043 -0.00702985 0.0888569
1 25.198 11.7043 -0.0225426 0.089001
1 26.3134 11.7044 -0.0555555 0.0892189
1 27.4243 11.7044 -0.0909952 0.0889109
1 28.5323 11.7044 -0.0990274 0.0875097
1 29.641 11.7042 -0.0864868 0.0848962
1 30.7507 11.7038 -0.0822396 0.0810601
1 31.8604 11.7029 -0.075578 0.076742
1 32.9713 11.7016 -0.0691622 0.0729592
1 34.082 11.7001 -0.0765466 0.0698575
1 35.1919 11.6982 -0.0760197 0.0679701
1 36.3025 11.6963 -0.0666948 0.0665484
1 37.4129 11.6942 -0.0672832 0.0650286
1 38.5232 11.6921 -0.0673103 0.0660044
1 39.6332 11.6904 -0.0712766 0.0696291
1 40.7438 11.6897 -0.065919 0.0773225
1 41.8552 11.6909 -0.0662802 0.0917918
1 42.9687 11.6951 -0.0606304 0.106946
1 44.0923 11.7005 -0.0690657 0.109789
1 0.150447 12.6592 0.0573753 0.114783
1 1.27462 12.6545 0.0594149 0.105188
1 2.38774 12.6521 0.0695813 0.0862583
1 3.49869 12.6522 0.0679546 0.0738234
1 4.60903 12.6536 0.0723182 0.0685216
1 5.71908 12.6554 0.0687973 0.0663336
1 6.82949 12.6573 0.0682924 0.0658825
1 7.93982 12.6593 0.0682342 0.0675118
1 9.05019 12.661 0.0758796 0.0699094
1 10.1599 12.6626 0.079675 0.0727928
1 11.2702 12.6638 0.0726918 0.0769268
1 12.3807 12.6647 0.0803323 0.0813097
1 13.4901 12.6652 0.0868807 0.0856836
1 14.5994 12.6653 0.0900789 0.0890263
1 15.7078 12.6653 0.101699 0.0910405
1 16.8156 12.6652 0.0924497 0.0918062
1 17.9265 12.6651 0.0555717 0.0917109
1 19.0419 12.665 0.0225372 0.0914325
1 20.1605 12.665 0.0065728 0.0913049
1 21.2802 12.665 0.00191229 0.0912384
1 22.4002 12.665 -0.000496314 0.0911883
1 23.5199 12.665 -0.00399005 0.09122
1 24.6391 12.665 -0.012657 0.0913213
1 25.7563 12.665 -0.0368436 0.0915039
1 26.8696 12.6651 -0.0759479 0.0917386
1 27.9784 12.6652 -0.101012 0.0914494
1 29.0863 12.6653 -0.0950794 0.0899559
1 30.1953 12.6652 -0.0866019 0.0870938
1 31.3046 12.6649 -0.0853775 0.0831273
1 32.4145 12.6641 -0.0757856 0.0787123
1 33.5251 12.663 -0.0733503 0.0744947
1 34.6353 12.6616 -0.0733989 0.0706525
1 35.7459 12.6599 -0.069712 0.0685114
1 36.8559 12.658 -0.0810563 0.0672954
1 37.9652 12.6561 -0.0728799 0.0670141
1 39.0757 12.6541 -0.0677785 0.0668596
1 40.1857 12.6524 -0.0736326 0.0702674
1 41.296 12.6515 -0.0686844 0.0797422
1 42.4073 12.6525 -0.0639534 0.0965029
1 43.5224 12.6562 -0.0534884 0.114165
1 0.721557 13.6147 0.0581153 0.10842
1 1.83559 13.613 0.0681411 0.0879077
1 2.94623 13.6135 0.0705908 0.0744928
1 4.05627 13.6151 0.0743612 0.0682532
1 5.16627 13.617 0.0696146 0.0668511
1 6.27684 13.6189 0.0748385 0.0676304
1 7.38617 13.6207 0.0835545 0.0686432
1 8.49603 13.6224 0.0730528 0.0711618
1 9.60637 13.6237 0.0786685 0.0747501
1 10.7163 13.6248 0.0772561 0.0792232
1 11.8265 13.6255 0.0807733 0.0836781
1 12.9361 13.6259 0.088999 0.0876011
1 14.0451 13.6259 0.0894264 0.0907111
1 15.154 13.6258 0.0971294 0.0926538
1 16.2617 13.6256 0.102037 0.093314
1 17.3705 13.6254 0.0751133 0.0930462
1 18.4837 13.6253 0.0368047 0.0925727
1 19.601 13.6253 0.0128166 0.0922419
1 20.7203 13.6252 0.00346619 0.0921207
1 21.8401 13.6252 0.000560994 0.0920769
1 22.9601 13.6252 -0.00163819 0.0920975
1 24.0796 13.6253 -0.00689774 0.0921491
1 25.198 13.6253 -0.0222942 0.0923706
1 26.3135 13.6253 -0.0555296 0.0927976
1 27.4244 13.6255 -0.0922267 0.0931789
1 28.5321 13.6257 -0.102432 0.0929297
1 29.6404 13.6259 -0.0917318 0.0915402
1 30.7495 13.6259 -0.0889064 0.0888525
1 31.8586 13.6256 -0.0830515 0.0851299
1 32.9689 13.6251 -0.0763727 0.0809
1 34.079 13.6241 -0.0832406 0.0765378
1 35.1883 13.6228 -0.0814113 0.072983
1 36.2986 13.6213 -0.0710284 0.0699678
1 37.4088 13.6195 -0.0698579 0.0672663
1 38.5191 13.6176 -0.0687702 0.0666423
1 39.629 13.6157 -0.0727921 0.0675377
1 40.7392 13.6139 -0.0685793 0.0705132
1 41.8497 13.6126 -0.0702732 0.0791642
1 42.9619 13.613 -0.0579452 0.0967168
1 44.0855 13.6162 -0.0420105 0.11401
1 0.159839 14.5748 0.0349887 0.103522
1 1.28152 14.5737 0.0585263 0.0829539
1 2.39282 14.5748 0.0712611 0.0709544
1 3.50293 14.5767 0.0688235 0.0669627
1 4.61293 14.5787 0.0737029 0.0663435
1 5.72282 14.5806 0.0712284 0.0670653
1 6.83306 14.5823 0.0726333 0.0699085
1 7.94308 14.5837 0.0747068 0.0740498
1 9.05301 14.5849 0.0837931 0.0785014
1 10.1621 14.5857 0.0879648 0.082569
1 11.2719 14.5863 0.080616 0.0869134
1 12.3819 14.5865 0.0874476 0.0906678
1 13.4908 14.5865 0.0921944 0.0934178
1 14.5997 14.5863 0.0936677 0.0951607
1 15.7079 14.5859 0.103802 0.0960837
1 16.8156 14.5857 0.0929013 0.0960189
1 17.9264 14.5855 0.0551959 0.0953854
1 19.0419 14.5854 0.0221747 0.094914
1 20.1605 14.5854 0.00644961 0.0947156
1 21.2802 14.5854 0.00186153 0.0946512
1 22.4002 14.5854 -0.000457807 0.0946265
1 23.5199 14.5854 -0.00391044 0.0946463
1 24.6391 14.5854 -0.0124642 0.0947751
1 25.7564 14.5854 -0.036475 0.0950658
1 26.8696 14.5856 -0.0758963 0.0956469
1 27.9785 14.5858 -0.102359 0.0960774
1 29.0861 14.5861 -0.0981445 0.0955713
1 30.1948 14.5863 -0.0912171 0.0940536
1 31.3037 14.5864 -0.0918451 0.0917222
1 32.413 14.5863 -0.0835634 0.0884517
1 33.523 14.5859 -0.0815804 0.0843834
1 34.6326 14.5852 -0.0810753 0.0798373
1 35.7428 14.5841 -0.0759334 0.0753519
1 36.8524 14.5827 -0.0861221 0.0716537
1 37.9615 14.5811 -0.0766674 0.0691472
1 39.0719 14.5793 -0.0697764 0.0666844
1 40.1817 14.5773 -0.0749806 0.0658716
1 41.2916 14.5753 -0.0717245 0.0683385
1 42.4019 14.5736 -0.0712744 0.0755896
1 43.5152 14.5731 -0.0630817 0.0923472
1 0.727597 15.5345 0.0667537 0.074655
1 1.84033 15.5364 0.0726003 0.0678381
1 2.95025 15.5385 0.0728093 0.0672868
1 4.05995 15.5405 0.0767437 0.0695439
1 5.16967 15.5422 0.0735311 0.073276
1 6.27992 15.5437 0.0809413 0.077934
1 7.38884 15.5449 0.0909655 0.0824004
1 8.49828 15.5458 0.0809935 0.0873432
1 9.60819 15.5463 0.0876163 0.092172
1 10.7175 15.5467 0.0858332 0.0962158
1 11.8273 15.5467 0.0879841 0.0994477
1 12.9365 15.5466 0.0942611 0.101692
1 14.0453 15.5463 0.0927815 0.102988
1 15.154 15.546 0.0992867 0.103806
1 16.2616 15.5456 0.10294 0.103928
1 17.3704 15.5453 0.0749853 0.103187
1 18.4837 15.5451 0.0364543 0.102394
1 19.601 15.5451 0.0125885 0.101963
1 20.7203 15.5451 0.00337839 0.101819
1 21.8401 15.5451 0.000552988 0.10178
1 22.9601 15.5451 -0.00160848 0.10177
1 24.0796 15.5451 -0.00680111 0.101814
1 25.198 15.5451 -0.0220561 0.102079
1 26.3136 15.5452 -0.0552599 0.102698
1 27.4245 15.5454 -0.0926257 0.103554
1 28.5321 15.5458 -0.104135 0.103892
1 29.6403 15.5462 -0.0946282 0.103314
1 30.7492 15.5465 -0.0934033 0.10217
1 31.858 15.5466 -0.0894797 0.100312
1 32.9678 15.5466 -0.0839167 0.0974272
1 34.0774 15.5464 -0.092006 0.0937743
1 35.1862 15.5459 -0.0905266 0.0893988
1 36.296 15.5452 -0.0793394 0.0844499
1 37.4058 15.5441 -0.0760027 0.0792705
1 38.5157 15.5427 -0.0731586 0.074805
1 39.6253 15.5411 -0.0759065 0.0709536
1 40.7351 15.5392 -0.0705625 0.0678249
1 41.8448 15.5371 -0.0728259 0.0665288
1 42.9551 15.5351 -0.0625309 0.0696176
1 44.0743 15.5342 -0.0397604 0.0813639
1 0.170063 16.497 0.0537095 0.0544244
1 1.2874 16.4985 0.0689583 0.0546159
1 2.39711 16.5004 0.0776189 0.0598227
1 3.50649 16.5022 0.0743323 0.0659857
1 4.61601 16.5036 0.0800463 0.071923
1 5.72547 16.5047 0.0783498 0.0772308
1 6.83525 16.5055 0.0810255 0.0828134
1 7.94475 16.5061 0.0838299 0.0873769
1 9.05415 16.5064 0.0925386 0.0912151
1 10.1628 16.5065 0.0952718 0.0939328
1 11.2723 16.5064 0.0864477 0.0957188
1 12.3819 16.5062 0.091978 0.0968093
1 13.4907 16.506 0.0950519 0.0969613
1 14.5996 16.5057 0.0955272 0.0966196
1 15.7077 16.5053 0.104947 0.0960639
1 16.8154 16.5049 0.0929544 0.094751
1 17.9263 16.5047 0.0547849 0.0931758
1 19.0419 16.5046 0.0219048 0.0921811
1 20.1605 16.5046 0.00638929 0.0917793
1 21.2802 16.5046 0.00179454 0.0916688
1 22.4002 16.5046 -0.00049805 0.0916547
1 23.5199 16.5046 -0.00391037 0.0917137
1 24.6391 16.5046 -0.0123216 0.0919401
1 25.7564 16.5047 -0.0360909 0.0925844
1 26.8698 16.5048 -0.0755764 0.0939277
1 27.9786 16.5051 -0.102942 0.0954968
1 29.0862 16.5055 -0.099798 0.096378
1 30.1949 16.5058 -0.0936598 0.0967054
1 31.3036 16.5061 -0.0957352 0.0968067
1 32.4127 16.5063 -0.0890939 0.0960892
1 33.5224 16.5064 -0.0884965 0.0945822
1 34.6316 16.5064 -0.0891109 0.0922517
1 35.7413 16.5061 -0.0841433 0.0884961
1 36.8505 16.5056 -0.094505 0.0842198
1 37.959 16.5049 -0.084997 0.0794649
1 39.069 16.5039 -0.0771594 0.0739042
1 40.1784 16.5026 -0.0812796 0.0681149
1 41.2878 16.5011 -0.0771237 0.0620959
1 42.3975 16.4992 -0.0775492 0.056007
1 43.5098 16.4972 -0.073679 0.0516645
1 0.731663 17.4629 0.0807945 0.0300329
1 1.84377 17.4642 0.083228 0.0370041
1 2.9532 17.4654 0.0825451 0.0437898
1 4.06242 17.4663 0.0862669 0.049718
1 5.17166 17.467 0.0829419 0.0552331
1 6.2814 17.4675 0.0899715 0.0594496
1 7.38985 17.4678 0.0983273 0.0623184
1 8.49893 17.4679 0.0869121 0.0645874
1 9.6085 17.4679 0.0927891 0.0660449
1 10.7175 17.4679 0.0896374 0.0663856
1 11.8272 17.4677 0.0903964 0.0662515
1 12.9363 17.4675 0.0954262 0.0656779
1 14.045 17.4673 0.0932076 0.0646731
1 15.1537 17.4671 0.0995215 0.0636432
1 16.2614 17.4668 0.102643 0.0623006
1 17.3703 17.4666 0.0743196 0.0606123
1 18.4836 17.4665 0.0360028 0.0593
1 19.601 17.4665 0.0123749 0.0586495
1 20.7203 17.4665 0.00330761 0.0584687
1 21.8401 17.4664 0.000528585 0.0584019
1 22.9601 17.4665 -0.00163535 0.0584463
1 24.0796 17.4665 -0.00670308 0.058578
1 25.1981 17.4665 -0.0217206 0.0589412
1 26.3137 17.4666 -0.0546482 0.0599032
1 27.4246 17.4667 -0.0921096 0.0614903
1 28.5324 17.467 -0.104189 0.0630496
1 29.6406 17.4672 -0.0950338 0.0641662
1 30.7494 17.4674 -0.0942901 0.0651923
1 31.8582 17.4676 -0.0914249 0.0659722
1 32.9678 17.4678 -0.0868191 0.0661437
1 34.0772 17.4679 -0.096433 0.0659278
1 35.1857 17.4679 -0.0971631 0.0649939
1 36.2951 17.4678 -0.0873323 0.0632463
1 37.4043 17.4676 -0.0843131 0.0603217
1 38.5139 17.4672 -0.0817589 0.0563194
1 39.623 17.4666 -0.085092 0.0516394
1 40.7323 17.4658 -0.0799029 0.0458866
1 41.8414 17.4647 -0.0836949 0.0393821
1 42.9507 17.4635 -0.078477 0.0329222
1 44.067 17.4623 -0.0703132 0.0280189
1 0.174366 18.4304 0.0805258 0.0124566
1 1.29014 18.4309 0.0842849 0.0170572
1 2.39923 18.4315 0.0888589 0.0216994
1 3.5082 18.432 0.0840771 0.0259653
1 4.61734 18.4324 0.0886725 0.0293466
1 5.72642 18.4326 0.085351 0.03174
1 6.83589 18.4327 0.0867443 0.0334733
1 7.94508 18.4327 0.0885006 0.0342768
1 9.0542 18.4327 0.0956499 0.0347361
1 10.1627 18.4327 0.0964349 0.0345559
1 11.272 18.4326 0.0865209 0.0340264
1 12.3817 18.4325 0.0915116 0.0334114
1 13.4904 18.4324 0.0940629 0.0326021
1 14.5993 18.4323 0.0944425 0.0317138
1 15.7075 18.4322 0.103848 0.0307913
1 16.8152 18.432 0.0917656 0.0296387
1 17.9262 18.432 0.0539122 0.0285912
1 19.0418 18.4319 0.0215142 0.0279746
1 20.1605 18.4319 0.00630369 0.0277321
1 21.2802 18.4319 0.00175746 0.0276676
1 22.4002 18.4319 -0.000472221 0.0276705
1 23.52 18.4319 -0.00382761 0.0277299
1 24.6391 18.4319 -0.0120997 0.027872
1 25.7565 18.4319 -0.035469 0.0282672
1 26.8699 18.432 -0.0744623 0.0291083
1 27.9788 18.4321 -0.101771 0.0302541
1 29.0865 18.4322 -0.0987784 0.0312819
1 30.1952 18.4323 -0.0926145 0.032158
1 31.3039 18.4324 -0.095033 0.0330578
1 32.4129 18.4325 -0.0892522 0.0337281
1 33.5225 18.4326 -0.0896125 0.0342055
1 34.6315 18.4327 -0.0912378 0.03448
1 35.7411 18.4327 -0.0872235 0.0342709
1 36.8501 18.4327 -0.0994839 0.0337132
1 37.9583 18.4326 -0.0920821 0.0322424
1 39.0679 18.4324 -0.0851649 0.0299632
1 40.1769 18.4321 -0.0904426 0.0272319
1 41.286 18.4317 -0.0878507 0.0233203
1 42.3954 18.4312 -0.0897761 0.0186455
1 43.5074 18.4305 -0.0874945 0.0134653
1 0.732979 19.3996 0.0906641 0.00517014
1 1.84487 19.3998 0.0920477 0.00755131
1 2.95408 19.4 0.0897803 0.00956506
1 4.0631 19.4002 0.0921135 0.01124
1 5.17215 19.4003 0.0875761 0.012638
1 6.28169 19.4003 0.0934506 0.0133513
1 7.38995 19.4003 0.10039 0.0135576
1 8.4989 19.4003 0.087921 0.0136692
1 9.60839 19.4003 0.0929174 0.0135032
1 10.7174 19.4002 0.0890377 0.0131108
1 11.827 19.4002 0.0894388 0.0127266
1 12.9361 19.4002 0.0941842 0.0123368
1 14.0448 19.4001 0.091921 0.0118823
1 15.1536 19.4001 0.0983538 0.011435
1 16.2612 19.4 0.101501 0.0109301
1 17.3702 19.4 0.0734339 0.0103889
1 18.4836 19.4 0.0355667 0.0100133
1 19.601 19.4 0.0122109 0.00982938
1 20.7203 19.4 0.0032664 0.00977291
1 21.8401 19.4 0.000531185 0.00976141
1 22.9601 19.4 -0.00161941 0.0097776
1 24.0796 19.4 -0.00660098 0.00981358
1 25.1981 19.4 -0.0214396 0.00991948
1 26.3137 19.4 -0.0540088 0.0101905
1 27.4247 19.4 -0.0910884 0.0106628
1 28.5325 19.4001 -0.103053 0.0112011
1 29.6407 19.4001 -0.0938238 0.0116641
1 30.7496 19.4001 -0.0929912 0.0121277
1 31.8583 19.4002 -0.090368 0.0125765
1 32.968 19.4002 -0.0861181 0.0129381
1 34.0773 19.4003 -0.0962082 0.0132643
1 35.1857 19.4003 -0.0979152 0.0134105
1 36.295 19.4003 -0.089203 0.0135234
1 37.4041 19.4003 -0.0874039 0.013355
1 38.5135 19.4003 -0.0858184 0.0128526
1 39.6224 19.4002 -0.0903139 0.011748
1 40.7316 19.4001 -0.0864583 0.0102383
1 41.8405 19.3999 -0.0917277 0.00848274
1 42.9495 19.3997 -0.0885456 0.00594837
1 44.0652 19.3995 -0.0862465 0.00370671
1 0.175003 20.3691 0.0877532 0.000938884
1 1.29059 20.3693 0.0896312 0.00142045
1 2.39956 20.3694 0.0932283 0.00244678
1 3.50844 20.3694 0.0873284 0.00318295
1 4.61749 20.3695 0.0909909 0.00354471
1 5.72652 20.3695 0.0868281 0.003839
1 6.83593 20.3695 0.0876877 0.00426923
1 7.94506 20.3695 0.0890727 0.00423105
1 9.05412 20.3695 0.0955941 0.00411786
1 10.1626 20.3694 0.0957952 0.00394851
1 11.2719 20.3694 0.0857571 0.00384251
1 12.3816 20.3694 0.0907292 0.00372749
1 13.4903 20.3694 0.0932444 0.0035807
1 14.5992 20.3694 0.0936546 0.00344916
1 15.7074 20.3694 0.103098 0.00330697
1 16.8152 20.3694 0.091133 0.00316048
1 17.9262 20.3694 0.0535273 0.00301304
1 19.0418 20.3694 0.0213513 0.00293197
1 20.1605 20.3694 0.00626614 0.00290557
1 21.2802 20.3694 0.00175656 0.0028969
1 22.4002 20.3694 -0.000444027 0.00289321
1 23.52 20.3694 -0.0037847 0.00290022
1 24.6391 20.3694 -0.0120078 0.00292052
1 25.7565 20.3694 -0.0352206 0.00296337
1 26.8699 20.3694 -0.0739584 0.0030801
1 27.9789 20.3694 -0.101075 0.00324036
1 29.0865 20.3694 -0.0980178 0.00338212
1 30.1953 20.3694 -0.0917916 0.0035313
1 31.304 20.3694 -0.0941997 0.0036639
1 32.413 20.3694 -0.0885586 0.00379186
1 33.5226 20.3694 -0.0891297 0.00393496
1 34.6316 20.3695 -0.0910122 0.00404316
1 35.7411 20.3695 -0.0871945 0.00402327
1 36.8501 20.3695 -0.0998685 0.00408362
1 37.9582 20.3695 -0.0933485 0.00404228
1 39.0677 20.3695 -0.0872712 0.00380893
1 40.1767 20.3694 -0.0933715 0.0033436
1 41.2857 20.3694 -0.0915333 0.00284727
1 42.395 20.3693 -0.093949 0.00213599
1 43.507 20.3693 -0.0926765 0.00142569
1 0.732961 21.3391 0.0927579 0.000148927
1 1.8449 21.3392 0.0937311 0.000215541
1 2.95411 21.3392 0.0914079 0.000163116
1 4.0631 21.3392 0.0933633 0.000154069
1 5.17213 21.3393 0.0883312 0.000258745
1 6.28164 21.3393 0.0938807 0.000459276
1 7.3899 21.3393 0.100334 0.00058163
1 8.49886 21.3392 0.0876246 0.00053707
1 9.60835 21.3392 0.0926419 0.000397466
1 10.7173 21.3392 0.0887704 0.000376048
1 11.8269 21.3392 0.0891312 0.000370532
1 12.936 21.3392 0.0938696 0.000350491
1 14.0448 21.3392 0.0916088 0.000316835
1 15.1535 21.3392 0.0980233 0.000289758
1 16.2612 21.3392 0.10121 0.000265715
1 17.3702 21.3392 0.0732572 0.000234038
1 18.4836 21.3392 0.0354832 0.000227055
1 19.601 21.3392 0.0121815 0.000234431
1 20.7203 21.3392 0.00326194 0.000226312
1 21.8401 21.3392 0.000537153 0.000232078
1 22.9601 21.3392 -0.00161064 0.000228076
1 24.0796 21.3392 -0.00659234 0.000227089
1 25.1981 21.3392 -0.0213935 0.000232904
1 26.3137 21.3392 -0.0538839 0.000225327
1 27.4247 21.3392 -0.0908558 0.000244566
1 28.5325 21.3392 -0.102729 0.000286943
1 29.6408 21.3392 -0.0934812 0.000317756
1 30.7496 21.3392 -0.0926803 0.000338524
1 31.8584 21.3392 -0.0900621 0.000359808
1 32.968 21.3392 -0.0857877 0.000370591
1 34.0774 21.3392 -0.0959629 0.000428135
1 35.1857 21.3392 -0.0979659 0.000442204
1 36.295 21.3392 -0.0893576 0.000507713
1 37.4041 21.3393 -0.0873783 0.000402719
1 38.5135 21.3393 -0.086026 0.000489361
1 39.6224 21.3392 -0.0911463 0.000172892
1 40.7315 21.3392 -0.087716 6.19333e-05
1 41.8404 21.3392 -0.0931966 0.000188853
1 42.9494 21.3392 -0.0903535 0.000528489
1 44.065 21.3392 -0.0884095 0.000468087
1 0.17492 22.3091 0.0887737 0.000164665
1 1.29053 22.309 0.0901444 0.000699666
1 2.39953 22.309 0.0936941 0.000719774
1 3.50841 22.3091 0.0877538 0.000806698
1 4.61746 22.3091 0.0912223 0.000738102
1 5.72648 22.3091 0.0871069 0.000530407
1 6.83589 22.3091 0.0878601 0.000673414
1 7.94502 22.3091 0.0889177 0.000547122
1 9.0541 22.309 0.0954121 0.000478717
1 10.1626 22.309 0.0957339 0.000426142
1 11.2719 22.309 0.0856969 0.000363984
1 12.3815 22.309 0.0906002 0.000311787
1 13.4903 22.309 0.0931092 0.000245583
1 14.5992 22.309 0.0935436 0.000188802
1 15.7074 22.309 0.102976 0.000132832
1 16.8152 22.309 0.0910261 6.75254e-05
1 17.9262 22.309 0.0534836 2.0598e-05
1 19.0418 22.3091 0.0213346 1.19361e-06
1 20.1605 22.3091 0.00625252 -1.07206e-05
1 21.2802 22.3091 0.0017649 -1.60255e-05
1 22.4002 22.3091 -0.000442712 -8.77317e-06
1 23.52 22.3091 -0.00378665 -2.79176e-06
1 24.6391 22.3091 -0.0119913 6.40326e-06
1 25.7565 22.3091 -0.035196 1.68219e-05
1 26.8699 22.309 -0.0738943 3.98498e-05
1 27.9789 22.309 -0.100944 0.000102689
1 29.0865 22.309 -0.0978776 0.000174921
1 30.1953 22.309 -0.0916646 0.000236734
1 31.304 22.309 -0.0940855 0.000291395
1 32.413 22.309 -0.0884557 0.000323676
1 33.5226 22.309 -0.0889897 0.000374209
1 34.6316 22.309 -0.0909205 0.000458491
1 35.7411 22.309 -0.0873092 0.000577164
1 36.8501 22.3091 -0.0999807 0.000676122
1 37.9582 22.3091 -0.0933678 0.000482974
1 39.0677 22.3091 -0.0873657 0.000459937
1 40.1767 22.3091 -0.0935723 0.00071986
1 41.2857 22.309 -0.0918234 0.000648626
1 42.395 22.309 -0.0944726 0.00042531
1 43.507 22.309 -0.0928336 8.94498e-05
1 0.732964 23.279 0.0926056 -7.75588e-05
1 1.84487 23.279 0.0938857 -0.000359845
1 2.95407 23.279 0.0914405 -0.00051821
1 4.06305 23.279 0.0931935 -0.000584404
1 5.1721 23.279 0.0881622 -0.000333615
1 6.28164 23.279 0.0937961 -0.00037412
1 7.3899 23.279 0.100322 -0.000482862
1 8.49885 23.279 0.0875882 -0.000372398
1 9.60832 23.279 0.0925803 -0.000345945
1 10.7173 23.279 0.0887325 -0.000320991
1 11.8269 23.279 0.0890804 -0.000291212
1 12.936 23.279 0.0938082 -0.000283122
1 14.0448 23.279 0.0915581 -0.000259533
1 15.1535 23.279 0.0979515 -0.000221196
1 16.2612 23.279 0.101129 -0.000186726
1 17.3702 23.279 0.0732057 -0.000137077
1 18.4836 23.279 0.0354661 -0.000116689
1 19.601 23.279 0.0121809 -9.66092e-05
1 20.7203 23.279 0.00325823 -7.9268e-05
1 21.8401 23.279 0.000531172 -9.44712e-05
1 22.9601 23.279 -0.00160749 -9.63319e-05
1 24.0796 23.279 -0.0065862 -8.8762e-05
1 25.1981 23.279 -0.0213834 -0.000105545
1 26.3137 23.279 -0.0538543 -0.000124827
1 27.4247 23.279 -0.0907808 -0.000157717
1 28.5325 23.279 -0.102631 -0.000201548
1 29.6408 23.279 -0.0934075 -0.000232689
1 30.7497 23.279 -0.0926272 -0.000261252
1 31.8584 23.279 -0.0900196 -0.000286535
1 32.968 23.279 -0.0857546 -0.00031359
1 34.0774 23.279 -0.095868 -0.000344526
1 35.1858 23.279 -0.0978006 -0.000390844
1 36.295 23.279 -0.0892733 -0.00029299
1 37.4042 23.279 -0.0875454 -0.000436507
1 38.5135 23.279 -0.0863211 -0.000459232
1 39.6225 23.279 -0.0914164 -0.000606789
1 40.7315 23.279 -0.0878781 -0.000582659
1 41.8405 23.279 -0.0934687 -0.00059486
1 42.9494 23.279 -0.0907604 -0.000649227
1 44.0651 23.2789 -0.0889896 -0.000307003
1 0.174876 24.2489 0.0883865 -0.000200118
1 1.2905 24.2489 0.0899881 -0.000228181
1 2.3995 24.2489 0.0936004 0.000255669
1 3.50837 24.2489 0.0878352 0.00047048
1 4.61742 24.2489 0.0912221 0.000454369
1 5.72645 24.2489 0.086821 0.000351569
1 6.83589 24.2489 0.0875257 0.000441679
1 7.94504 24.2489 0.0888995 0.00039368
1 9.0541 24.2489 0.0955415 0.000460849
1 10.1626 24.2489 0.0958026 0.000418199
1 11.2719 24.2489 0.0857084 0.000422429
1 12.3815 24.2489 0.0906116 0.000410131
1 13.4903 24.2489 0.0931344 0.000398669
1 14.5992 24.2489 0.0935364 0.000396906
1 15.7074 24.2489 0.102946 0.000382894
1 16.8152 24.2489 0.091014 0.000366267
1 17.9262 24.2489 0.0534811 0.000366035
1 19.0418 24.2489 0.0213407 0.000366663
1 20.1605 24.2489 0.00625503 0.00036721
1 21.2802 24.2489 0.00175499 0.000367887
1 22.4002 24.2489 -0.000450482 0.000368994
1 23.52 24.2489 -0.00378738 0.000370721
1 24.6391 24.2489 -0.0119999 0.000366873
1 25.7565 24.2489 -0.0351921 0.000369247
1 26.8699 24.2489 -0.0738665 0.000366853
1 27.9789 24.2489 -0.100908 0.000375493
1 29.0865 24.2489 -0.0978523 0.000394375
1 30.1953 24.2489 -0.0916786 0.000402929
1 31.3041 24.2489 -0.0941206 0.000408045
1 32.4131 24.2489 -0.0884758 0.000416131
1 33.5226 24.2489 -0.0889803 0.000428839
1 34.6316 24.2489 -0.0908569 0.000406391
1 35.7411 24.2489 -0.0872069 0.000390549
1 36.8501 24.2489 -0.099929 0.000481565
1 37.9583 24.2489 -0.0934598 0.000340253
1 39.0678 24.2489 -0.0875362 0.000418705
1 40.1768 24.2489 -0.0937969 0.000574799
1 41.2858 24.2489 -0.0920232 0.000408477
1 42.3951 24.2489 -0.0946396 0.000200286
1 43.5071 24.2489 -0.0932285 0.000106485
1 0.73292 25.2187 0.0928171 -9.9632e-05
1 1.84485 25.2187 0.0936798 -0.000153956
1 2.95407 25.2187 0.0914088 -0.000352938
1 4.06305 25.2187 0.093398 -0.000436091
1 5.17208 25.2187 0.0884104 -0.000472108
1 6.28161 25.2187 0.0938148 -0.000438847
1 7.38988 25.2187 0.100255 -0.00041445
1 8.49884 25.2187 0.0876152 -0.000273313
1 9.60831 25.2187 0.0925886 -0.000369675
1 10.7173 25.2187 0.0887276 -0.000426638
1 11.8269 25.2187 0.0891004 -0.000401114
1 12.936 25.2187 0.0938396 -0.000382045
1 14.0448 25.2187 0.0915862 -0.00037313
1 15.1535 25.2187 0.097963 -0.000375271
1 16.2612 25.2187 0.101115 -0.000371941
1 17.3702 25.2187 0.0731945 -0.000366815
1 18.4836 25.2187 0.0354704 -0.000349063
1 19.601 25.2187 0.0121814 -0.000344309
1 20.7203 25.2187 0.00325961 -0.000349483
1 21.8401 25.2187 0.000534279 -0.000338531
1 22.9601 25.2187 -0.00161157 -0.000341151
1 24.0796 25.2187 -0.00658633 -0.000349888
1 25.1981 25.2187 -0.0213829 -0.000348663
1 26.3137 25.2187 -0.0538486 -0.000352862
1 27.4247 25.2187 -0.0907604 -0.000367298
1 28.5326 25.2187 -0.10263 -0.000371766
1 29.6408 25.2187 -0.0934374 -0.000377631
1 30.7497 25.2187 -0.0926438 -0.000385825
1 31.8584 25.2187 -0.0900299 -0.000386975
1 32.9681 25.2187 -0.0857885 -0.000374464
1 34.0774 25.2187 -0.0959091 -0.000377827
1 35.1858 25.2187 -0.0978389 -0.000464073
1 36.295 25.2187 -0.0892838 -0.000403176
1 37.4042 25.2187 -0.0874759 -0.000423176
1 38.5136 25.2187 -0.0862349 -0.000334161
1 39.6225 25.2187 -0.0913336 -0.000343603
1 40.7316 25.2187 -0.087839 -0.000358175
1 41.8405 25.2187 -0.0934761 -7.1662e-05
1 42.9495 25.2187 -0.0906774 0.000280084
1 44.0652 25.2187 -0.0887791 0.00018206
1 0.174807 26.1885 0.0885069 -3.03424e-05
1 1.29045 26.1885 0.0900268 -0.000519752
1 2.39947 26.1885 0.0935456 -0.00110612
1 3.50836 26.1885 0.0876602 -0.00120529
1 4.61742 26.1885 0.091273 -0.0014239
1 5.72644 26.1885 0.0870845 -0.0015943
1 6.83586 26.1885 0.0877639 -0.00154962
1 7.94501 26.1885 0.0888661 -0.00150222
1 9.05409 26.1885 0.0953759 -0.00141552
1 10.1626 26.1885 0.0957542 -0.00150168
1 11.2719 26.1885 0.085762 -0.00145493
1 12.3815 26.1885 0.0906512 -0.00138327
1 13.4903 26.1885 0.0931517 -0.00132787
1 14.5992 26.1885 0.0935595 -0.00127123
1 15.7074 26.1885 0.102962 -0.00122586
1 16.8152 26.1885 0.0910169 -0.00116443
1 17.9262 26.1885 0.0534881 -0.0011098
1 19.0418 26.1885 0.0213444 -0.00108042
1 20.1605 26.1885 0.00625583 -0.00106801
1 21.2802 26.1885 0.00176363 -0.00106152
1 22.4002 26.1885 -0.00044539 -0.00106525
1 23.52 26.1885 -0.00378868 -0.0010698
1 24.6391 26.1885 -0.0119987 -0.00107969
1 25.7565 26.1885 -0.0352007 -0.00109759
1 26.8699 26.1885 -0.073878 -0.00113284
1 27.9789 26.1885 -0.100917 -0.0011954
1 29.0865 26.1885 -0.097887 -0.00125404
1 30.1953 26.1885 -0.0917098 -0.00131185
1 31.3041 26.1885 -0.0941173 -0.00137155
1 32.4131 26.1885 -0.0884722 -0.00138904
1 33.5226 26.1885 -0.0890316 -0.00142408
1 34.6316 26.1885 -0.0909661 -0.00153481
1 35.7411 26.1885 -0.0873246 -0.0016139
1 36.8501 26.1885 -0.100001 -0.00145845
1 37.9583 26.1885 -0.0934222 -0.00153162
1 39.0678 26.1885 -0.087372 -0.00150983
1 40.1768 26.1885 -0.0934954 -0.00134685
1 41.2858 26.1885 -0.0917626 -0.00110024
1 42.3951 26.1885 -0.0943306 -0.000941449
1 43.5071 26.1885 -0.0927232 -0.000586825
1 0.73287 27.1583 0.0919624 -0.0014655
1 1.8448 27.1582 0.0934542 -0.00227769
1 2.95401 27.1582 0.0909775 -0.00304942
1 4.06303 27.1581 0.0929273 -0.00358824
1 5.17208 27.1581 0.0880637 -0.00371833
1 6.28162 27.158 0.0937976 -0.00393333
1 7.38988 27.158 0.100441 -0.00427419
1 8.49884 27.1581 0.087676 -0.00414053
1 9.60832 27.1581 0.0925472 -0.00402517
1 10.7173 27.1581 0.0888041 -0.00390819
1 11.8269 27.1581 0.0892468 -0.00375425
1 12.936 27.1581 0.0939784 -0.00359404
1 14.0448 27.1581 0.0916827 -0.00341351
1 15.1535 27.1581 0.0980455 -0.00324154
1 16.2612 27.1581 0.101222 -0.00305347
1 17.3702 27.1581 0.0732859 -0.00286017
1 18.4836 27.1581 0.0355082 -0.00272853
1 19.601 27.1581 0.0121944 -0.00267238
1 20.7203 27.1581 0.00326601 -0.00265252
1 21.8401 27.1581 0.000539065 -0.0026496
1 22.9601 27.1581 -0.00161064 -0.00265688
1 24.0796 27.1581 -0.00659968 -0.00267185
1 25.1981 27.1581 -0.0214064 -0.00270576
1 26.3137 27.1581 -0.0538998 -0.0027874
1 27.4247 27.1581 -0.0908617 -0.00295185
1 28.5325 27.1581 -0.102744 -0.00315217
1 29.6408 27.1581 -0.0935463 -0.003332
1 30.7497 27.1581 -0.0927657 -0.00351351
1 31.8584 27.1581 -0.0901327 -0.00369116
1 32.968 27.1581 -0.0859009 -0.00381862
1 34.0774 27.1581 -0.0961074 -0.0039782
1 35.1857 27.1581 -0.0979664 -0.00417905
1 36.295 27.158 -0.0892325 -0.00418147
1 37.4042 27.158 -0.0873382 -0.00415636
1 38.5136 27.1581 -0.086031 -0.00389841
1 39.6225 27.1581 -0.0910135 -0.00381382
1 40.7316 27.1581 -0.0874969 -0.00343382
1 41.8405 27.1582 -0.0927433 -0.00278345
1 42.9495 27.1582 -0.0898202 -0.00220884
1 44.0652 27.1583 -0.0878464 -0.00153392
1 0.174701 28.128 0.0859922 -0.00441187
1 1.29037 28.1278 0.088241 -0.00601908
1 2.39939 28.1275 0.0921188 -0.00755846
1 3.5083 28.1274 0.0865122 -0.00921189
1 4.61737 28.1272 0.0904474 -0.010533
1 5.72642 28.1271 0.08645 -0.0115781
1 6.83586 28.1271 0.0874226 -0.0122362
1 7.94503 28.1271 0.0888777 -0.0127045
1 9.05412 28.1271 0.0955614 -0.0125787
1 10.1626 28.1271 0.0959846 -0.0124396
1 11.2719 28.1272 0.0860156 -0.0121299
1 12.3816 28.1272 0.0909683 -0.0118246
1 13.4903 28.1272 0.0934777 -0.0114242
1 14.5992 28.1273 0.0938602 -0.0110473
1 15.7074 28.1273 0.103279 -0.0106496
1 16.8152 28.1274 0.091305 -0.0101918
1 17.9262 28.1274 0.0536547 -0.00976674
1 19.0418 28.1274 0.0214147 -0.00952242
1 20.1605 28.1274 0.00627792 -0.00943787
1 21.2802 28.1274 0.00176178 -0.00941331
1 22.4002 28.1274 -0.000454807 -0.00940759
1 23.52 28.1274 -0.00380192 -0.00942868
1 24.6391 28.1274 -0.0120389 -0.0094839
1 25.7565 28.1274 -0.0353073 -0.00963157
1 26.8699 28.1274 -0.0741023 -0.00997307
1 27.9789 28.1273 -0.101233 -0.0104378
1 29.0865 28.1273 -0.0982051 -0.0108563
1 30.1953 28.1273 -0.092032 -0.0112462
1 31.304 28.1272 -0.0944478 -0.0116497
1 32.413 28.1272 -0.0887587 -0.0120149
1 33.5226 28.1271 -0.0893114 -0.0123202
1 34.6316 28.1271 -0.0912047 -0.0126087
1 35.7411 28.1271 -0.0873435 -0.0127252
1 36.8501 28.1271 -0.0997923 -0.0125762
1 37.9583 28.1271 -0.0929667 -0.0121848
1 39.0678 28.1272 -0.0866959 -0.0113965
1 40.1769 28.1273 -0.0926168 -0.0100514
1 41.2859 28.1274 -0.0904919 -0.00867106
1 42.3952 28.1276 -0.0926437 -0.0069136
1 43.5072 28.1278 -0.0911706 -0.00494568
1 0.7325 29.0969 0.0874149 -0.0139102
1 1.84445 29.0963 0.0888678 -0.0193006
1 2.95374 29.0957 0.0872695 -0.0241382
1 4.06281 29.0953 0.0901999 -0.0280492
1 5.17192 29.095 0.0860044 -0.0308274
1 6.28154 29.0948 0.0921794 -0.0329566
1 7.38989 29.0947 0.099663 -0.0344021
1 8.49889 29.0947 0.0876879 -0.0351046
1 9.6084 29.0947 0.0930241 -0.0353422
1 10.7174 29.0948 0.0893285 -0.0349696
1 11.827 29.0949 0.0898316 -0.0344325
1 12.9361 29.095 0.0946632 -0.0337647
1 14.0449 29.0951 0.0923946 -0.0328957
1 15.1536 29.0952 0.0987769 -0.0320221
1 16.2613 29.0953 0.101925 -0.0309846
1 17.3702 29.0954 0.0737817 -0.0297976
1 18.4836 29.0955 0.0357502 -0.0289362
1 19.601 29.0955 0.0122808 -0.028517
1 20.7203 29.0955 0.00328406 -0.0283874
1 21.8401 29.0955 0.000530482 -0.0283619
1 22.9601 29.0955 -0.00163095 -0.0283955
1 24.0796 29.0955 -0.00664642 -0.028481
1 25.1981 29.0955 -0.0215543 -0.0287244
1 26.3137 29.0955 -0.0542651 -0.0293451
1 27.4247 29.0954 -0.0914626 -0.0304131
1 28.5325 29.0953 -0.103455 -0.0315624
1 29.6407 29.0951 -0.0942711 -0.0324812
1 30.7496 29.095 -0.0934984 -0.0333727
1 31.8583 29.0949 -0.0908308 -0.0342134
1 32.968 29.0948 -0.0865041 -0.0348103
1 34.0773 29.0947 -0.0965103 -0.0352838
1 35.1857 29.0947 -0.0979782 -0.0354463
1 36.295 29.0947 -0.0888798 -0.0351144
1 37.4042 29.0947 -0.0865718 -0.0343495
1 38.5137 29.0948 -0.0845271 -0.0323445
1 39.6227 29.0951 -0.0885726 -0.0300557
1 40.7319 29.0954 -0.0842485 -0.0267847
1 41.8409 29.0959 -0.088958 -0.0223878
1 42.95 29.0965 -0.0849777 -0.01694
1 44.0659 29.097 -0.0807275 -0.0120826
1 0.172906 30.0649 0.0698736 -0.0280524
1 1.28912 30.0639 0.0777345 -0.0331989
1 2.3984 30.0626 0.083767 -0.0402684
1 3.50751 30.0616 0.0797056 -0.0466602
1 4.6168 30.0608 0.0848266 -0.0522784
1 5.72604 30.0601 0.0823011 -0.0571533
1 6.83564 30.0597 0.0844029 -0.0609866
1 7.94495 30.0595 0.086783 -0.0638015
1 9.05417 30.0594 0.0947096 -0.065602
1 10.1627 30.0595 0.0962857 -0.0665977
1 11.2721 30.0596 0.0867421 -0.0667705
1 12.3818 30.0597 0.0919425 -0.0665643
1 13.4905 30.0599 0.0946878 -0.065823
1 14.5994 30.0601 0.095065 -0.0648283
1 15.7076 30.0604 0.104473 -0.0637152
1 16.8153 30.0606 0.0924105 -0.0620946
1 17.9263 30.0608 0.0543725 -0.0604925
1 19.0418 30.0609 0.0217232 -0.0595307
1 20.1605 30.0609 0.00635021 -0.0591489
1 21.2802 30.0609 0.00177138 -0.0590461
1 22.4002 30.0609 -0.000496649 -0.0590441
1 23.52 30.0609 -0.00388045 -0.0591195
1 24.6391 30.0609 -0.0122192 -0.0593399
1 25.7564 30.0608 -0.0357898 -0.059966
1 26.8698 30.0607 -0.0750387 -0.0612865
1 27.9787 30.0605 -0.102406 -0.0629989
1 29.0864 30.0602 -0.0993701 -0.0643579
1 30.1951 30.06 -0.0932779 -0.0653714
1 31.3038 30.0598 -0.0956742 -0.0663557
1 32.4128 30.0596 -0.0896366 -0.0668838
1 33.5224 30.0595 -0.0896827 -0.0669857
1 34.6315 30.0594 -0.0909553 -0.0666438
1 35.7411 30.0594 -0.0865871 -0.0652665
1 36.8502 30.0595 -0.0980877 -0.0630914
1 37.9585 30.0598 -0.0895389 -0.0600605
1 39.0683 30.0603 -0.0818263 -0.0557757
1 40.1775 30.061 -0.0863941 -0.0505197
1 41.2868 30.0619 -0.0830353 -0.0445471
1 42.3963 30.0631 -0.0842089 -0.0377456
1 43.5085 30.0644 -0.0810521 -0.0306461
1 0.729968 31.0302 0.0729091 -0.0518687
1 1.84227 31.0283 0.0769548 -0.0556832
1 2.95189 31.0264 0.0766696 -0.0612453
1 4.06133 31.0248 0.0806302 -0.066807
1 5.17081 31.0235 0.0777324 -0.0726165
1 6.28079 31.0225 0.0854013 -0.0783184
1 7.38944 31.0218 0.0949227 -0.0830279
1 8.49867 31.0213 0.0843573 -0.0872243
1 9.60839 31.0211 0.0907215 -0.0908894
1 10.7176 31.021 0.0882817 -0.0932717
1 11.8273 31.0211 0.0897104 -0.0948056
1 12.9364 31.0213 0.0953076 -0.0955405
1 14.0452 31.0216 0.093376 -0.0954817
1 15.1539 31.0219 0.099743 -0.0951677
1 16.2615 31.0223 0.103069 -0.094293
1 17.3703 31.0226 0.0748241 -0.0927545
1 18.4836 31.0228 0.0363056 -0.0914272
1 19.601 31.0228 0.0125033 -0.0907513
1 20.7203 31.0228 0.00334414 -0.0905615
1 21.8401 31.0229 0.000534899 -0.0904828
1 22.9601 31.0228 -0.00163494 -0.0905122
1 24.0796 31.0228 -0.00676917 -0.0906432
1 25.198 31.0228 -0.0219307 -0.0910228
1 26.3136 31.0227 -0.055079 -0.0920207
1 27.4245 31.0225 -0.0926023 -0.093578
1 28.5322 31.0221 -0.104497 -0.0948648
1 29.6404 31.0217 -0.0952627 -0.0954262
1 30.7493 31.0214 -0.0944561 -0.0957128
1 31.858 31.0212 -0.0912846 -0.0955234
1 32.9677 31.021 -0.0863434 -0.0944138
1 34.0772 31.021 -0.0952877 -0.0926431
1 35.1858 31.0211 -0.0948592 -0.0900444
1 36.2954 31.0214 -0.0842152 -0.0862819
1 37.4048 31.0219 -0.0807979 -0.0815974
1 38.5146 31.0228 -0.0776483 -0.0758924
1 39.624 31.0239 -0.0801251 -0.0705807
1 40.7335 31.0253 -0.074361 -0.064956
1 41.843 31.0271 -0.0772101 -0.0591929
1 42.9526 31.029 -0.0694918 -0.0549631
1 44.07 31.0305 -0.0538162 -0.0552445
1 0.165617 31.9933 0.0398709 -0.0819154
1 1.28472 31.9924 0.0619673 -0.0701096
1 2.39506 31.9904 0.072982 -0.0663868
1 3.50476 31.9883 0.0701245 -0.067404
1 4.61455 31.9864 0.0755986 -0.0705426
1 5.72423 31.9848 0.0738862 -0.0742968
1 6.83424 31.9834 0.0762798 -0.0789291
1 7.944 31.9823 0.0789284 -0.0841066
1 9.05366 31.9815 0.0880492 -0.0889134
1 10.1626 31.9811 0.0917448 -0.0931487
1 11.2722 31.9808 0.083769 -0.0968473
1 12.382 31.9808 0.0899627 -0.099793
1 13.4908 31.981 0.0938395 -0.101653
1 14.5997 31.9813 0.0947751 -0.102706
1 15.7078 31.9817 0.104535 -0.103248
1 16.8155 31.982 0.0930649 -0.102849
1 17.9264 31.9823 0.0550769 -0.101938
1 19.0419 31.9824 0.0220662 -0.101304
1 20.1605 31.9824 0.0064249 -0.101029
1 21.2802 31.9824 0.00182882 -0.100944
1 22.4002 31.9824 -0.000479463 -0.100919
1 23.5199 31.9824 -0.00392781 -0.100938
1 24.6391 31.9824 -0.0124214 -0.101096
1 25.7564 31.9823 -0.0363517 -0.101524
1 26.8697 31.9822 -0.0758824 -0.102371
1 27.9785 31.9819 -0.102854 -0.10318
1 29.0861 31.9815 -0.0992523 -0.103136
1 30.1948 31.9811 -0.0928969 -0.102344
1 31.3035 31.9809 -0.0944982 -0.101087
1 32.4127 31.9807 -0.0871832 -0.0988857
1 33.5225 31.9808 -0.0859168 -0.0957204
1 34.6318 31.9811 -0.0858743 -0.0917875
1 35.7418 31.9817 -0.0805915 -0.0869624
1 36.8512 31.9826 -0.0904154 -0.0820488
1 37.96 31.9838 -0.0804385 -0.0776133
1 39.0702 31.9852 -0.0727579 -0.0728672
1 40.1799 31.987 -0.0769945 -0.0689398
1 41.2896 31.989 -0.0729285 -0.0669623
1 42.3997 31.9912 -0.0729454 -0.0677793
1 43.5124 31.993 -0.0673288 -0.0747681
1 0.724699 32.9543 0.0631789 -0.0923406
1 1.83797 32.9537 0.0704073 -0.0755752
1 2.94821 32.952 0.0711392 -0.068262
1 4.05809 32.95 0.0747619 -0.0661814
1 5.16796 32.948 0.0708035 -0.0668676
1 6.27838 32.9462 0.0771668 -0.0694073
1 7.38753 32.9446 0.0865424 -0.0720503
1 8.4972 32.9432 0.0763076 -0.0757067
1 9.60735 32.9422 0.082612 -0.08018
1 10.717 32.9414 0.0811864 -0.084822
1 11.827 32.941 0.084145 -0.0889893
1 12.9364 32.9409 0.0914729 -0.0923087
1 14.0452 32.941 0.0910189 -0.0947018
1 15.154 32.9413 0.0981612 -0.0962229
1 16.2616 32.9416 0.102488 -0.0967274
1 17.3704 32.9418 0.0750753 -0.0963382
1 18.4837 32.9419 0.0366466 -0.0958018
1 19.601 32.942 0.0127145 -0.0954612
1 20.7203 32.942 0.00343124 -0.095323
1 21.8401 32.942 0.000562981 -0.0952878
1 22.9601 32.942 -0.00162184 -0.0952896
1 24.0796 32.942 -0.00686859 -0.0953289
1 25.198 32.942 -0.0222166 -0.0955577
1 26.3135 32.9419 -0.0554652 -0.0960229
1 27.4244 32.9417 -0.0925396 -0.0965814
1 28.5321 32.9414 -0.103446 -0.096642
1 29.6403 32.9411 -0.0934608 -0.0957332
1 30.7492 32.9409 -0.0916151 -0.0939042
1 31.8581 32.9409 -0.0868413 -0.0911481
1 32.9681 32.9411 -0.0806907 -0.0874523
1 34.0779 32.9416 -0.0880623 -0.0831163
1 35.1869 32.9424 -0.0860615 -0.0788098
1 36.297 32.9436 -0.0750117 -0.0743088
1 37.407 32.9451 -0.0723317 -0.0703616
1 38.5172 32.9468 -0.070303 -0.0677044
1 39.627 32.9486 -0.0736127 -0.0664811
1 40.7371 32.9506 -0.0688416 -0.0668381
1 41.8472 32.9525 -0.070927 -0.0709015
1 42.9585 32.9537 -0.058961 -0.0828467
1 44.0802 32.9526 -0.0353819 -0.103479
1 0.154608 33.9115 0.0423302 -0.11281
1 1.27807 33.9145 0.0576361 -0.0955328
1 2.39032 33.9148 0.0702756 -0.078748
1 3.5008 33.9136 0.0682281 -0.0704695
1 4.61094 33.9118 0.0727023 -0.067672
1 5.72091 33.9099 0.0695917 -0.0666773
1 6.83124 33.9079 0.0699205 -0.0673501
1 7.94142 33.9062 0.0707443 -0.0700487
1 9.05159 33.9047 0.0790158 -0.0730732
1 10.161 33.9034 0.0830637 -0.0765655
1 11.2711 33.9024 0.0760603 -0.0809685
1 12.3813 33.9019 0.0835022 -0.0852166
1 13.4905 33.9016 0.0893875 -0.0888948
1 14.5996 33.9017 0.0919002 -0.0914642
1 15.7079 33.9018 0.102834 -0.0928459
1 16.8156 33.902 0.0927465 -0.0930796
1 17.9264 33.9022 0.05543 -0.092613
1 19.0419 33.9023 0.0223922 -0.0921867
1 20.1605 33.9023 0.00653504 -0.0919922
1 21.2802 33.9023 0.00190743 -0.0919077
1 22.4002 33.9023 -0.00047783 -0.0918658
1 23.5199 33.9023 -0.00396506 -0.0919029
1 24.6391 33.9023 -0.0125973 -0.0920531
1 25.7563 33.9022 -0.0367457 -0.0923374
1 26.8696 33.9021 -0.0761115 -0.0928654
1 27.9784 33.9019 -0.102032 -0.0931791
1 29.0861 33.9017 -0.0971275 -0.0924948
1 30.1949 33.9016 -0.0895539 -0.0905915
1 31.3039 33.9016 -0.0892252 -0.0875817
1 32.4134 33.902 -0.0800745 -0.0836814
1 33.5237 33.9027 -0.0775654 -0.0792808
1 34.6336 33.9037 -0.0770103 -0.0748075
1 35.744 33.9051 -0.0724432 -0.0712599
1 36.8539 33.9068 -0.0831056 -0.0687189
1 37.9631 33.9086 -0.074321 -0.0679892
1 39.0736 33.9104 -0.0684853 -0.0672849
1 40.1836 33.9123 -0.0743255 -0.0683145
1 41.2937 33.9139 -0.0709178 -0.0743146
1 42.4045 33.9145 -0.0688466 -0.0874048
1 43.5186 33.9129 -0.0582357 -0.107904
1 0.717723 34.8714 0.0527589 -0.113591
1 1.83266 34.875 0.0630797 -0.0962023
1 2.94391 34.876 0.068011 -0.0796923
1 4.05416 34.8751 0.0732601 -0.0703235
1 5.16418 34.8733 0.0686638 -0.0671102
1 6.27476 34.8714 0.0734242 -0.0671145
1 7.38414 34.8695 0.0815897 -0.0673785
1 8.49411 34.8676 0.0702737 -0.06856
1 9.60465 34.8659 0.0747481 -0.0709724
1 10.7149 34.8645 0.0728783 -0.074749
1 11.8255 34.8634 0.076339 -0.0789135
1 12.9354 34.8627 0.0851152 -0.0832179
1 14.0447 34.8623 0.086447 -0.087157
1 15.1538 34.8622 0.0950997 -0.0899409
1 16.2616 34.8623 0.101082 -0.0913457
1 17.3705 34.8624 0.0750269 -0.0916632
1 18.4838 34.8625 0.0369781 -0.0914923
1 19.601 34.8626 0.0129766 -0.091254
1 20.7203 34.8626 0.00355108 -0.0911466
1 21.8401 34.8626 0.000579062 -0.0910851
1 22.9601 34.8626 -0.00166891 -0.091094
1 24.0796 34.8626 -0.00701523 -0.0911284
1 25.198 34.8625 -0.0225005 -0.0913229
1 26.3135 34.8625 -0.0557181 -0.0916365
1 27.4243 34.8624 -0.0919879 -0.091694
1 28.5321 34.8623 -0.101361 -0.0909423
1 29.6406 34.8622 -0.0899092 -0.0890074
1 30.7499 34.8623 -0.0863377 -0.0856867
1 31.8592 34.8628 -0.0797847 -0.0814013
1 32.9698 34.8637 -0.0728939 -0.0770397
1 34.0801 34.8649 -0.0796623 -0.0729642
1 35.1897 34.8665 -0.0781739 -0.0701415
1 36.3003 34.8682 -0.0683674 -0.0678545
1 37.4106 34.8701 -0.0683644 -0.0661011
1 38.5209 34.8721 -0.0681408 -0.0664478
1 39.6309 34.8739 -0.0725058 -0.0688688
1 40.7413 34.8752 -0.0681587 -0.0740926
1 41.8523 34.8754 -0.0691829 -0.0861403
1 42.9654 34.8731 -0.0596269 -0.104908
1 44.0897 34.8685 -0.0580784 -0.114085
1 0.147757 35.8268 0.0687824 -0.109551
1 1.27126 35.8323 0.0600172 -0.106405
1 2.38479 35.8364 0.0664528 -0.0908276
1 3.49621 35.8376 0.0656633 -0.0764472
1 4.60671 35.8369 0.0710976 -0.0689823
1 5.71678 35.8352 0.0681273 -0.0656389
1 6.82718 35.8332 0.0673427 -0.0643867
1 7.93757 35.8311 0.0665228 -0.0658912
1 9.04809 35.8291 0.0734703 -0.0675735
1 10.158 35.8273 0.0765707 -0.069565
1 11.2686 35.8257 0.0689409 -0.0726365
1 12.3795 35.8245 0.0761166 -0.0763214
1 13.4893 35.8236 0.082867 -0.0806333
1 14.5989 35.8232 0.0868118 -0.0844043
1 15.7077 35.823 0.0995223 -0.0870762
1 16.8156 35.823 0.0916175 -0.0885308
1 17.9265 35.823 0.0555826 -0.0888417
1 19.0419 35.823 0.0227213 -0.0886835
1 20.1605 35.8231 0.00668398 -0.0885874
1 21.2802 35.8231 0.00196061 -0.08853
1 22.4002 35.8231 -0.000529215 -0.0884873
1 23.5199 35.8231 -0.00409586 -0.0885361
1 24.639 35.8231 -0.0128441 -0.088631
1 25.7563 35.823 -0.0370765 -0.0887587
1 26.8695 35.823 -0.0758993 -0.0888325
1 27.9785 35.8229 -0.100055 -0.0881596
1 29.0864 35.823 -0.0930971 -0.0861802
1 30.1957 35.8233 -0.0838915 -0.0829502
1 31.3053 35.8239 -0.0821695 -0.0788566
1 32.4155 35.8249 -0.0724868 -0.0746871
1 33.5264 35.8262 -0.0703086 -0.0710412
1 34.6368 35.8279 -0.070941 -0.0678549
1 35.7476 35.8298 -0.0679676 -0.0664046
1 36.8577 35.8318 -0.079773 -0.0654715
1 37.9671 35.8338 -0.0721311 -0.0654799
1 39.0777 35.8357 -0.067033 -0.0658848
1 40.1877 35.837 -0.0717942 -0.0709337
1 41.2985 35.8368 -0.064422 -0.083223
1 42.4107 35.8341 -0.0586432 -0.0986397
1 43.5264 35.8289 -0.0542782 -0.106337
1 0.70975 36.7885 0.0572164 -0.0981615
1 1.82514 36.794 0.0548987 -0.102207
1 2.93789 36.798 0.0580858 -0.0934321
1 4.04921 36.7993 0.0671135 -0.0800503
1 5.15963 36.7984 0.0658369 -0.0732111
1 6.27033 36.7967 0.0714955 -0.0715702
1 7.3798 36.7945 0.0790455 -0.0713233
1 8.48998 36.7923 0.0668845 -0.0719265
1 9.60082 36.7902 0.0689796 -0.0735387
1 10.7115 36.7883 0.0670904 -0.0760915
1 11.8228 36.7866 0.069552 -0.0788294
1 12.9334 36.7853 0.0778981 -0.0822551
1 14.0434 36.7843 0.0794304 -0.0862446
1 15.1531 36.7838 0.0893929 -0.0899401
1 16.2614 36.7835 0.0977058 -0.0927018
1 17.3705 36.7835 0.0740475 -0.0941707
1 18.4838 36.7835 0.0370097 -0.0945458
1 19.6011 36.7835 0.0131463 -0.0944434
1 20.7203 36.7835 0.00363513 -0.094374
1 21.8401 36.7835 0.000596236 -0.094375
1 22.9601 36.7835 -0.00168035 -0.0944033
1 24.0796 36.7835 -0.00713954 -0.0943877
1 25.1979 36.7835 -0.0226762 -0.094488
1 26.3134 36.7835 -0.0554733 -0.0945471
1 27.4244 36.7835 -0.0900541 -0.0937789
1 28.5325 36.7836 -0.0968787 -0.0916752
1 29.6415 36.7839 -0.0835595 -0.0884652
1 30.7514 36.7847 -0.0790605 -0.0845009
1 31.8615 36.7857 -0.072626 -0.0805873
1 32.9727 36.7872 -0.0664615 -0.0773046
1 34.0836 36.789 -0.0739333 -0.0745661
1 35.1937 36.791 -0.0736596 -0.072704
1 36.3045 36.7931 -0.0649886 -0.0711571
1 37.4149 36.7953 -0.0663941 -0.069675
1 38.5252 36.7974 -0.0667365 -0.0711131
1 39.6354 36.7988 -0.0698156 -0.076317
1 40.7463 36.7986 -0.0629409 -0.0860273
1 41.8582 36.796 -0.0632926 -0.0987665
1 42.9717 36.791 -0.0619962 -0.101733
1 44.0933 36.786 -0.0748022 -0.0949298
1 0.144643 37.7471 0.0692598 -0.0808586
1 1.26463 37.7516 0.060329 -0.087416
1 2.37768 37.7564 0.0591796 -0.0926875
1 3.49006 37.7599 0.0575748 -0.0850427
1 4.60146 37.7609 0.0659932 -0.0751899
1 5.71189 37.7599 0.0656488 -0.0684088
1 6.82236 37.7578 0.0657304 -0.0662209
1 7.93287 37.7554 0.0636011 -0.0674963
1 9.0437 37.753 0.0696242 -0.0692618
1 10.154 37.7507 0.0722048 -0.0712614
1 11.2652 37.7487 0.0640452 -0.0736867
1 12.3766 37.747 0.0700536 -0.0763205
1 13.4872 37.7456 0.0755915 -0.079594
1 14.5976 37.7445 0.0794627 -0.0832936
1 15.707 37.7439 0.0934699 -0.0871805
1 16.8154 37.7435 0.0883403 -0.0905263
1 17.9265 37.7435 0.054763 -0.0922734
1 19.042 37.7434 0.0227202 -0.0927684
1 20.1606 37.7435 0.00667843 -0.0929025
1 21.2802 37.7435 0.00198558 -0.0929359
1 22.4002 37.7435 -0.000532573 -0.0929039
1 23.5199 37.7435 -0.00409979 -0.092864
1 24.639 37.7435 -0.0128618 -0.0928321
1 25.7562 37.7435 -0.0368818 -0.0925896
1 26.8696 37.7435 -0.0742624 -0.091668
1 27.9788 37.7436 -0.0954973 -0.0892315
1 29.0874 37.7441 -0.0863013 -0.0855086
1 30.1974 37.7449 -0.076377 -0.081573
1 31.3078 37.7461 -0.0752742 -0.0780184
1 32.4186 37.7476 -0.0666397 -0.0749415
1 33.5301 37.7495 -0.0651289 -0.0720285
1 34.641 37.7516 -0.0670194 -0.0691371
1 35.7521 37.754 -0.0655026 -0.0674737
1 36.8623 37.7564 -0.0779975 -0.0669488
1 37.9717 37.7587 -0.069935 -0.0675136
1 39.0825 37.7603 -0.0627282 -0.0701134
1 40.1933 37.7604 -0.0637633 -0.0788076
1 41.3052 37.758 -0.0557768 -0.0897161
1 42.4182 37.7536 -0.0589722 -0.0901789
1 43.5329 37.7493 -0.0635779 -0.0809437
1 0.703583 38.7123 0.0646303 -0.0684101
1 1.81774 38.7157 0.0619076 -0.0795419
1 2.93047 38.7197 0.0565503 -0.0871516
1 4.0429 38.7228 0.0614905 -0.0784381
1 5.15421 38.7234 0.0620523 -0.0676113
1 6.26526 38.7218 0.0700326 -0.0635453
1 7.37478 38.7194 0.0777847 -0.0631166
1 8.48509 38.7167 0.0648129 -0.0641449
1 9.59624 38.714 0.0655035 -0.0659254
1 10.7074 38.7116 0.0628132 -0.0688314
1 11.8193 38.7095 0.0650378 -0.071438
1 12.9305 38.7078 0.0722448 -0.0736767
1 14.0412 38.7063 0.072231 -0.0763907
1 15.1517 38.7052 0.08176 -0.0796725
1 16.2607 38.7045 0.0915463 -0.0834543
1 17.3703 38.7041 0.0710366 -0.0865967
1 18.4838 38.704 0.0362677 -0.0881008
1 19.6011 38.704 0.0130861 -0.0884205
1 20.7203 38.704 0.00359101 -0.088457
1 21.8401 38.704 0.000540785 -0.0885333
1 22.9601 38.704 -0.00166011 -0.0885663
1 24.0796 38.704 -0.00704465 -0.0884418
1 25.1979 38.704 -0.0223598 -0.088266
1 26.3135 38.7041 -0.0538943 -0.0875498
1 27.4247 38.7043 -0.0855189 -0.0853326
1 28.5335 38.7048 -0.0897241 -0.0816981
1 29.6433 38.7057 -0.0759093 -0.0781132
1 30.754 38.7069 -0.072447 -0.0750799
1 31.8647 38.7085 -0.067713 -0.072408
1 32.9765 38.7104 -0.0617373 -0.0695275
1 34.088 38.7127 -0.0693773 -0.0666357
1 35.1985 38.7152 -0.0692844 -0.0645774
1 36.3094 38.7179 -0.063524 -0.063006
1 37.4198 38.7205 -0.0660955 -0.0618871
1 38.5302 38.7227 -0.0647558 -0.0657234
1 39.6409 38.723 -0.0634106 -0.0740331
1 40.7528 38.7211 -0.0550412 -0.0827655
1 41.8653 38.7174 -0.0602067 -0.0820834
1 42.9774 38.7138 -0.0626519 -0.0717339
1 44.0966 38.7104 -0.0630134 -0.0668083
1 0.140129 39.6752 0.0604544 -0.0623839
1 1.25921 39.6772 0.0648923 -0.073456
1 2.37125 39.6794 0.06633 -0.0828175
1 3.48361 39.6827 0.0575808 -0.0884046
1 4.59593 39.6855 0.064814 -0.0831241
1 5.70701 39.6858 0.0670087 -0.0697522
1 6.81742 39.6837 0.0682892 -0.0634727
1 7.92774 39.6806 0.0643035 -0.0648831
1 9.03861 39.6775 0.0676656 -0.0680143
1 10.1493 39.6746 0.0679815 -0.0709537
1 11.261 39.672 0.059402 -0.0741275
1 12.373 39.6699 0.0656084 -0.0769734
1 13.4842 39.6682 0.0701118 -0.0792257
1 14.5953 39.6667 0.0724887 -0.0815665
1 15.7056 39.6656 0.0858162 -0.0850388
1 16.8148 39.6649 0.082674 -0.0891103
1 17.9263 39.6646 0.0524675 -0.0920387
1 19.042 39.6645 0.022259 -0.0931502
1 20.1606 39.6645 0.00655629 -0.0933984
1 21.2802 39.6645 0.00192961 -0.0934574
1 22.4002 39.6645 -0.000578939 -0.0935032
1 23.5199 39.6645 -0.00407355 -0.0935091
1 24.639 39.6645 -0.0126527 -0.0933846
1 25.7563 39.6645 -0.0357044 -0.0927517
1 26.8699 39.6647 -0.0703804 -0.0907354
1 27.9798 39.6652 -0.0884907 -0.0870432
1 29.0892 39.6661 -0.0787459 -0.0832154
1 30.2 39.6674 -0.0700427 -0.0803631
1 31.311 39.669 -0.070167 -0.0780248
1 32.4224 39.6709 -0.0613914 -0.0749768
1 33.5346 39.6732 -0.0599977 -0.0713431
1 34.646 39.676 -0.0645457 -0.0686833
1 35.7572 39.679 -0.0654977 -0.0664675
1 36.8672 39.6821 -0.0792279 -0.065477
1 37.9766 39.6847 -0.06971 -0.0667386
1 39.0878 39.6857 -0.0598847 -0.0750155
1 40.1996 39.6842 -0.0609047 -0.0857789
1 41.3119 39.6809 -0.0595197 -0.0872056
1 42.4239 39.6782 -0.0661464 -0.0764306
1 43.5377 39.6761 -0.06372 -0.0689379
1 0.700141 40.6395 0.0687562 -0.0729544
1 1.81432 40.6407 0.0708607 -0.0712471
1 2.92587 40.6427 0.0672223 -0.0769357
1 4.03797 40.6456 0.0648153 -0.0829518
1 5.15009 40.6482 0.0629603 -0.075259
1 6.26156 40.6481 0.0759087 -0.0629725
1 7.37064 40.6454 0.0861738 -0.0551742
1 8.48028 40.6415 0.0706857 -0.0563513
1 9.59115 40.6378 0.0661299 -0.0611466
1 10.7027 40.6345 0.0591312 -0.0663909
1 11.8151 40.632 0.0605595 -0.0706942
1 12.927 40.6299 0.0678372 -0.0738212
1 14.0383 40.6281 0.0671747 -0.0761517
1 15.1495 40.6266 0.0751837 -0.0786033
1 16.2595 40.6255 0.0841598 -0.0824756
1 17.3698 40.6248 0.0660998 -0.0867506
1 18.4837 40.6246 0.0344785 -0.0894138
1 19.6011 40.6245 0.0126594 -0.0904639
1 20.7203 40.6245 0.00353628 -0.0906642
1 21.8401 40.6245 0.000591127 -0.0907112
1 22.9601 40.6245 -0.00171696 -0.0906583
1 24.0796 40.6245 -0.00702978 -0.0905889
1 25.198 40.6246 -0.0216411 -0.0902023
1 26.3138 40.6247 -0.0507886 -0.0883997
1 27.4256 40.6251 -0.0788179 -0.0846451
1 28.5352 40.626 -0.0820913 -0.0801778
1 29.6458 40.6273 -0.070098 -0.0771224
1 30.7572 40.6289 -0.0676198 -0.0748257
1 31.8685 40.6308 -0.0626709 -0.0715724
1 32.981 40.6333 -0.0568683 -0.0674039
1 34.093 40.6362 -0.0681513 -0.0640131
1 35.2035 40.6396 -0.0720699 -0.060568
1 36.314 40.6433 -0.0685123 -0.0561822
1 37.424 40.6466 -0.0705671 -0.0577019
1 38.5347 40.6482 -0.0654042 -0.0686335
1 39.6463 40.6469 -0.0645664 -0.080464
1 40.7587 40.644 -0.062484 -0.0794956
1 41.8706 40.6417 -0.0697824 -0.0732926
1 42.9826 40.64 -0.0655491 -0.0736905
1 44.1024 40.6385 -0.0577891 -0.071742
1 0.136369 41.602 0.0667409 -0.080774
1 1.25692 41.6027 0.07089 -0.0746838
1 2.36892 41.6047 0.0748826 -0.0746452
1 3.48032 41.6068 0.0681065 -0.0756521
1 4.59215 41.6094 0.0680114 -0.0819717
1 5.70408 41.6116 0.0666154 -0.0768634
1 6.81517 41.6111 0.0736141 -0.0611342
1 7.925 41.6076 0.0762654 -0.0524138
1 9.03477 41.6029 0.0784609 -0.0537321
1 10.1448 41.5985 0.0722313 -0.0607079
1 11.2566 41.5949 0.0578472 -0.0679189
1 12.3691 41.5922 0.0618635 -0.0730971
1 13.4809 41.5901 0.0662455 -0.0765916
1 14.5926 41.5884 0.0679449 -0.0786499
1 15.7036 41.587 0.0789473 -0.0808191
1 16.8137 41.5859 0.0754449 -0.0846854
1 17.926 41.5854 0.0481574 -0.0884601
1 19.0419 41.5852 0.0209121 -0.0902729
1 20.1606 41.5852 0.00637257 -0.0909852
1 21.2802 41.5851 0.00191684 -0.0910867
1 22.4002 41.5852 -0.000573897 -0.0909647
1 23.5199 41.5852 -0.00393867 -0.0910735
1 24.639 41.5852 -0.0121612 -0.0907355
1 25.7565 41.5853 -0.0334763 -0.0896697
1 26.8706 41.5856 -0.0646193 -0.0868661
1 27.9813 41.5864 -0.0808942 -0.0825619
1 29.0915 41.5877 -0.0728217 -0.0792774
1 30.203 41.5892 -0.0655442 -0.0773096
1 31.3147 41.5912 -0.0651396 -0.0742251
1 32.4268 41.5936 -0.0573619 -0.0696931
1 33.5393 41.5968 -0.0619939 -0.0648784
1 34.6503 41.6006 -0.0737304 -0.0590033
1 35.7606 41.6051 -0.0762476 -0.0527492
1 36.87 41.6093 -0.0879065 -0.0563909
1 37.9795 41.6112 -0.0730276 -0.0693467
1 39.0916 41.6103 -0.0604988 -0.0813195
1 40.2038 41.6077 -0.0666435 -0.0814816
1 41.3155 41.6055 -0.0671514 -0.0750687
1 42.4273 41.6037 -0.0685237 -0.074324
1 43.5417 41.6021 -0.0674473 -0.0758975
1 0.698864 42.5639 0.0653874 -0.0832011
1 1.81254 42.5659 0.0687824 -0.0802496
1 2.92381 42.5681 0.0677324 -0.0799546
1 4.03529 42.5704 0.067035 -0.0822704
1 5.1474 42.5729 0.0624815 -0.0827365
1 6.25971 42.5746 0.0721442 -0.0763535
1 7.36979 42.5734 0.0876319 -0.0628504
1 8.4792 42.5694 0.0815857 -0.0516746
1 9.58888 42.5638 0.0804446 -0.0514106
1 10.6993 42.5586 0.0685458 -0.0595144
1 11.8113 42.5547 0.0625516 -0.068932
1 12.9234 42.5518 0.0657976 -0.076213
1 14.0352 42.5497 0.0644051 -0.0801077
1 15.147 42.548 0.0705138 -0.082256
1 16.2577 42.5467 0.0767218 -0.0854646
1 17.369 42.5458 0.0594336 -0.0897905
1 18.4834 42.5454 0.0310505 -0.0930848
1 19.601 42.5453 0.0116319 -0.09456
1 20.7203 42.5453 0.00342939 -0.0947122
1 21.8401 42.5453 0.000641216 -0.0948857
1 22.9601 42.5453 -0.00163709 -0.0948078
1 24.0796 42.5453 -0.0065724 -0.0946436
1 25.1981 42.5454 -0.0196544 -0.0939938
1 26.3142 42.5456 -0.0456375 -0.0916466
1 27.4268 42.5462 -0.0713623 -0.0876048
1 28.5373 42.5474 -0.0759227 -0.0837263
1 29.6486 42.5489 -0.0661833 -0.0809318
1 30.7605 42.5508 -0.0639058 -0.0774528
1 31.8725 42.5533 -0.0612853 -0.0719289
1 32.9849 42.5567 -0.0638757 -0.064816
1 34.0959 42.5611 -0.0831303 -0.0572351
1 35.2051 42.5663 -0.0844668 -0.0515635
1 36.3151 42.5713 -0.073732 -0.055006
1 37.4256 42.5739 -0.0705494 -0.0716894
1 38.5374 42.5733 -0.0645415 -0.0826143
1 39.6495 42.5711 -0.0706752 -0.0831026
1 40.7612 42.5689 -0.0711843 -0.0787389
1 41.8726 42.5669 -0.0753741 -0.0808039
1 42.9848 42.5648 -0.0709719 -0.0819041
1 44.1057 42.5634 -0.0713607 -0.0820687
1 0.133451 43.5234 0.0709636 -0.0779692
1 1.25434 43.5266 0.068969 -0.0775301
1 2.36678 43.5295 0.0726412 -0.0779349
1 3.47814 43.5321 0.0720479 -0.0732381
1 4.58962 43.5341 0.0703928 -0.0780878
1 5.70171 43.5367 0.0642314 -0.0803215
1 6.81394 43.5378 0.0671118 -0.0671272
1 7.92505 43.5357 0.0734191 -0.0546058
1 9.03528 43.5308 0.0848106 -0.045261
1 10.1446 43.5247 0.0868832 -0.0445781
1 11.255 43.5191 0.0726085 -0.0519241
1 12.3665 43.5147 0.0695629 -0.061751
1 13.478 43.5116 0.0678032 -0.0702704
1 14.59 43.5095 0.0669835 -0.0753163
1 15.7014 43.5078 0.0745295 -0.077955
1 16.8123 43.5066 0.0685201 -0.0817766
1 17.9253 43.5059 0.0430274 -0.0860344
1 19.0417 43.5056 0.0184292 -0.0884417
1 20.1605 43.5056 0.0054736 -0.0893739
1 21.2802 43.5056 0.00179403 -0.0894679
1 22.4002 43.5056 -0.000546559 -0.0893177
1 23.5199 43.5056 -0.00369759 -0.089416
1 24.6391 43.5056 -0.0107188 -0.0889579
1 25.7568 43.5058 -0.0296684 -0.0875474
1 26.8715 43.5063 -0.0579825 -0.0840607
1 27.9831 43.5072 -0.0747997 -0.079671
1 29.094 43.5087 -0.0702215 -0.0764967
1 30.2059 43.5106 -0.0650032 -0.0727571
1 31.3177 43.5132 -0.0685392 -0.0654766
1 32.4292 43.5169 -0.0707303 -0.0568044
1 33.5401 43.5219 -0.0802474 -0.049057
1 34.6499 43.5276 -0.0819911 -0.0445224
1 35.7604 43.5331 -0.0745163 -0.0493147
1 36.8709 43.5366 -0.0844821 -0.063689
1 37.9814 43.5365 -0.0715156 -0.0754372
1 39.0942 43.5348 -0.06182 -0.076968
1 40.2062 43.5328 -0.0713391 -0.0744344
1 41.3175 43.5307 -0.0734499 -0.0734237
1 42.429 43.528 -0.0749677 -0.0745498
1 43.5432 43.5256 -0.0696178 -0.0790002
1 0.694644 44.4867 0.0682482 -0.0793228
1 1.80939 44.4901 0.0713353 -0.0769523
1 2.92098 44.4932 0.0711922 -0.0804947
1 4.03272 44.4957 0.0699484 -0.0807393
1 5.14493 44.4979 0.0676074 -0.0828516
1 6.25755 44.5002 0.0720527 -0.0818979
1 7.36891 44.5006 0.0787238 -0.0683953
1 8.48001 44.4973 0.0740663 -0.0540062
1 9.59092 44.4915 0.0800741 -0.0492294
1 10.7014 44.4853 0.0800792 -0.0500834
1 11.8121 44.4796 0.0799404 -0.053868
1 12.9226 44.4749 0.0790241 -0.062456
1 14.0335 44.4715 0.0711223 -0.0721678
1 15.1449 44.4692 0.071547 -0.0786985
1 16.2559 44.4675 0.0722886 -0.0832042
1 17.3679 44.4665 0.0534955 -0.0877618
1 18.483 44.466 0.0272851 -0.0913978
1 19.6009 44.4659 0.00995447 -0.093324
1 20.7203 44.4658 0.00272308 -0.0935296
1 21.8401 44.4659 0.000421244 -0.0937955
1 22.9601 44.4659 -0.00131271 -0.0935873
1 24.0797 44.4659 -0.00550004 -0.0934431
1 25.1984 44.466 -0.0170664 -0.0925889
1 26.3149 44.4663 -0.0404255 -0.0898649
1 27.4283 44.467 -0.0656207 -0.0854567
1 28.5394 44.4684 -0.0740833 -0.0809405
1 29.6506 44.4703 -0.0695626 -0.0755926
1 30.7621 44.4732 -0.0735364 -0.0670084
1 31.8727 44.4773 -0.0788884 -0.0575396
1 32.9833 44.4825 -0.0805222 -0.0520337
1 34.0937 44.4883 -0.0846562 -0.0498234
1 35.204 44.4942 -0.0794574 -0.0517613
1 36.3151 44.4987 -0.0739406 -0.0615257
1 37.4266 44.5 -0.067733 -0.0780213
1 38.5393 44.4982 -0.0639488 -0.0824358
1 39.6514 44.4964 -0.0751974 -0.0759639
1 40.7629 44.4948 -0.0707119 -0.0780753
1 41.8745 44.492 -0.073433 -0.0806949
1 42.9864 44.4885 -0.0708329 -0.0769436
1 44.1075 44.4859 -0.0730366 -0.0750489
1 0.130155 45.4469 0.0682539 -0.0710193
1 1.25093 45.4499 0.0666922 -0.0762917
1 2.36332 45.4546 0.0710717 -0.0785981
1 3.47493 45.4573 0.0729081 -0.0756517
1 4.58714 45.4593 0.0669932 -0.0787836
1 5.70022 45.4617 0.0673765 -0.085161
1 6.81273 45.464 0.0694737 -0.0773884
1 7.92504 45.463 0.0673769 -0.0598885
1 9.03708 45.458 0.077896 -0.0481537
1 10.148 45.4516 0.0818056 -0.0484795
1 11.2591 45.4458 0.0777463 -0.0516091
1 12.3697 45.4405 0.0852898 -0.0523362
1 13.4794 45.4356 0.0853868 -0.0573192
1 14.5896 45.4318 0.0794535 -0.0668222
1 15.7001 45.4291 0.0784749 -0.0755344
1 16.8111 45.4275 0.0649346 -0.0822294
1 17.9246 45.4266 0.0384092 -0.0876492
1 19.0414 45.4263 0.0158773 -0.0908392
1 20.1604 45.4262 0.00468847 -0.0918027
1 21.2802 45.4262 0.00124368 -0.0920955
1 22.4002 45.4262 -0.000399522 -0.0923106
1 23.52 45.4263 -0.00298613 -0.0920234
1 24.6393 45.4263 -0.00908939 -0.0912811
1 25.7573 45.4265 -0.026033 -0.0896243
1 26.8725 45.4271 -0.0528776 -0.0852288
1 27.9845 45.4283 -0.074152 -0.0788881
1 29.0951 45.4305 -0.078665 -0.0712105
1 30.2055 45.4337 -0.0806833 -0.061732
1 31.3154 45.4381 -0.0870253 -0.0539803
1 32.4254 45.4433 -0.0829425 -0.0517336
1 33.5362 45.4487 -0.0782041 -0.0498822
1 34.6474 45.4547 -0.0758157 -0.0480545
1 35.7593 45.4602 -0.0717518 -0.0564933
1 36.8712 45.4629 -0.0762542 -0.0703939
1 37.9831 45.4621 -0.0704014 -0.079043
1 39.096 45.4601 -0.0685389 -0.0779346
1 40.2083 45.4585 -0.0716213 -0.0773788
1 41.3203 45.4563 -0.0691241 -0.0776685
1 42.4321 45.4529 -0.0700879 -0.077737
1 43.5457 45.448 -0.0680682 -0.0758526
1 0.691324 46.4098 0.0721326 -0.07787
1 1.80432 46.416 0.0689836 -0.0723283
1 2.91701 46.4193 0.0694631 -0.0793121
1 4.02933 46.4217 0.0710855 -0.0767219
1 5.14272 46.423 0.0653551 -0.0785826
1 6.2563 46.4262 0.074462 -0.0862506
1 7.36865 46.4277 0.0748534 -0.0701686
1 8.48181 46.4243 0.0671955 -0.0529301
1 9.59459 46.4182 0.0741602 -0.04817
1 10.7064 46.412 0.0759657 -0.0514131
1 11.8177 46.4068 0.0810537 -0.0549437
1 12.9279 46.402 0.0887941 -0.0550315
1 14.0372 46.3973 0.0897145 -0.0560915
1 15.1464 46.393 0.0899511 -0.0625721
1 16.2558 46.3899 0.0808755 -0.0729783
1 17.3673 46.3882 0.053254 -0.0827484
1 18.4826 46.3874 0.0249005 -0.0887539
1 19.6007 46.3871 0.00886137 -0.0917424
1 20.7202 46.3871 0.00239458 -0.0924328
1 21.8401 46.3871 0.000239614 -0.0927426
1 22.9601 46.3871 -0.00107496 -0.0924739
1 24.0798 46.3872 -0.00488417 -0.0922428
1 25.1986 46.3873 -0.0155058 -0.0905427
1 26.3154 46.3878 -0.0385426 -0.0861481
1 27.4288 46.389 -0.0687637 -0.0782806
1 28.5389 46.3915 -0.0879582 -0.0675297
1 29.6481 46.3952 -0.0896902 -0.0583617
1 30.7575 46.3998 -0.0889465 -0.0548314
1 31.8671 46.4045 -0.0843151 -0.054898
1 32.978 46.4095 -0.0770776 -0.0532792
1 34.0896 46.4151 -0.0766823 -0.0506482
1 35.2016 46.421 -0.0745058 -0.0526862
1 36.3143 46.4255 -0.068591 -0.0595531
1 37.4274 46.4266 -0.0656622 -0.0764609
1 38.5409 46.4239 -0.0670011 -0.0867263
1 39.6541 46.4219 -0.0712187 -0.0735252
1 40.7671 46.421 -0.0684792 -0.0762483
1 41.88 46.4181 -0.0720078 -0.0809403
1 42.9929 46.4136 -0.0725244 -0.075673
1 44.1127 46.4054 -0.068438 -0.0752366
1 0.119608 47.366 0.069047 -0.0818902
1 1.24042 47.3816 0.0763231 -0.0680625
1 2.35532 47.3848 0.0694554 -0.0811583
1 3.46994 47.3886 0.0698291 -0.0751814
1 4.58355 47.389 0.0689428 -0.0719581
1 5.69758 47.3914 0.0649378 -0.0879212
1 6.812 47.3952 0.0632982 -0.0799874
1 7.9272 47.3941 0.0615453 -0.0572948
1 9.04128 47.3886 0.0736755 -0.0470696
1 10.1535 47.3824 0.0752997 -0.0516247
1 11.2655 47.3772 0.0751179 -0.0553631
1 12.3764 47.3724 0.0855804 -0.0560872
1 13.486 47.368 0.0889767 -0.0574522
1 14.5953 47.3636 0.0935452 -0.0564125
1 15.7035 47.3592 0.0986346 -0.0588419
1 16.8124 47.3556 0.0783992 -0.0693069
1 17.9249 47.3535 0.0429803 -0.0814375
1 19.0414 47.3527 0.0164103 -0.088969
1 20.1603 47.3524 0.00505995 -0.0918158
1 21.2801 47.3523 0.00108495 -0.0925279
1 22.4002 47.3524 -0.000192204 -0.0926245
1 23.52 47.3525 -0.00303543 -0.092213
1 24.6393 47.3526 -0.0093969 -0.0906365
1 25.7573 47.3531 -0.0279724 -0.0859698
1 26.8719 47.3545 -0.0614277 -0.075637
1 27.9822 47.3574 -0.0922318 -0.0632545
1 29.0904 47.3615 -0.0975891 -0.0566633
1 30.1992 47.3659 -0.0891345 -0.0570489
1 31.3089 47.3703 -0.0868749 -0.0569281
1 32.4191 47.3749 -0.080538 -0.05527
1 33.5306 47.3799 -0.0749898 -0.0538005
1 34.6426 47.3854 -0.0753151 -0.0494626
1 35.7558 47.3912 -0.065188 -0.052707
1 36.8707 47.3942 -0.0634045 -0.0698472
1 37.9848 47.3926 -0.0709967 -0.0855959
1 39.0984 47.3894 -0.0661148 -0.0792799
1 40.2124 47.3888 -0.0688062 -0.07109
1 41.3264 47.3868 -0.0690758 -0.0792931
1 42.4411 47.3833 -0.0695341 -0.0746552
1 43.5582 47.3776 -0.0709488 -0.0797958
