1 0.813957 0.293274 0.0698239 0.0742807
1 1.93117 0.287183 0.07068 0.0765479
1 3.04563 0.283712 0.0719375 0.0738765
1 4.15922 0.281856 0.0739786 0.0769155
1 5.27224 0.279879 0.0679386 0.0736089
1 6.38541 0.278852 0.0625922 0.0746301
1 7.49696 0.276502 0.0537498 0.0737334
1 8.60646 0.274996 0.0209589 0.0590062
1 9.71185 0.272638 -0.0127051 0.0553609
1 10.8134 0.267072 -0.042379 0.0471874
1 11.9148 0.262725 -0.0324337 0.0328253
1 13.0174 0.260698 -0.0146671 0.0399613
1 14.1208 0.256906 -0.0173596 0.0555391
1 15.2242 0.251249 -0.0216019 0.0520628
1 16.3283 0.24765 -0.0239466 0.0351499
1 17.4333 0.247868 -0.0213035 0.0192966
1 18.5368 0.250194 -0.0148466 0.0127913
1 19.6392 0.252358 -0.0101111 0.0155133
1 20.7422 0.253815 -0.00488923 0.0189795
1 21.8445 0.254509 -0.000992105 0.0196013
1 22.9464 0.254425 0.00134896 0.0193971
1 24.0491 0.253409 0.00835036 0.0174725
1 25.1518 0.251542 0.0119999 0.0129486
1 26.2546 0.24872 0.0168972 0.0123017
1 27.3591 0.246703 0.02461 0.0241271
1 28.4639 0.248188 0.024058 0.0439723
1 29.5676 0.253487 0.0209586 0.0588704
1 30.6712 0.259206 0.0148776 0.0527173
1 31.7742 0.261908 0.0175958 0.0340791
1 32.876 0.264444 0.0424512 0.0376318
1 33.9773 0.270105 0.0326493 0.0542254
1 35.0803 0.274241 -0.00667901 0.0543695
1 36.1883 0.275 -0.0361939 0.0647302
1 37.2992 0.277589 -0.061394 0.0792008
1 38.4115 0.27948 -0.0649125 0.071143
1 39.5245 0.28016 -0.0714333 0.0758295
1 40.638 0.282954 -0.0714174 0.0759564
1 41.7521 0.284998 -0.0715008 0.0741835
1 42.8674 0.289232 -0.0721838 0.0753514
1 43.9883 0.305357 -0.0708064 0.0759014
1 0.259369 1.26532 0.0717902 0.0755185
1 1.37962 1.25656 0.0703803 0.074599
1 2.49266 1.25265 0.0719783 0.0749896
1 3.60517 1.25001 0.0750865 0.0761348
1 4.71777 1.24811 0.0700421 0.0743441
1 5.83033 1.24672 0.0679931 0.0754984
1 6.94257 1.24494 0.058676 0.0758532
1 8.0533 1.24354 0.0403839 0.0663577
1 9.16117 1.24232 0.0106699 0.0659815
1 10.2656 1.23914 -0.0212706 0.0601797
1 11.3674 1.23541 -0.0302146 0.0442274
1 12.4692 1.23245 -0.0192078 0.0364977
1 13.572 1.22889 -0.020381 0.0437458
1 14.6753 1.22392 -0.023209 0.0516265
1 15.7783 1.21947 -0.0150949 0.0424092
1 16.8815 1.21787 -0.0143164 0.0256923
1 17.9848 1.21899 -0.0160573 0.0162396
1 19.0875 1.22127 -0.0115324 0.01303
1 20.1903 1.22337 -0.0077348 0.0140285
1 21.2932 1.22442 -0.00393769 0.0170726
1 22.3954 1.22464 0.00079785 0.0182096
1 23.498 1.22423 0.00576689 0.0160999
1 24.6011 1.22265 0.00806027 0.0126738
1 25.7037 1.22007 0.0143077 0.0118796
1 26.8068 1.21775 0.0188653 0.016277
1 27.9104 1.21743 0.0154373 0.0321303
1 29.0133 1.2207 0.0159485 0.0534936
1 30.1161 1.22643 0.0216668 0.0531282
1 31.2195 1.231 0.020337 0.0369269
1 32.3221 1.23379 0.0249495 0.0391946
1 33.4235 1.23728 0.028517 0.0543722
1 34.5263 1.24091 0.00748545 0.0613403
1 35.6328 1.24256 -0.0299333 0.0661813
1 36.7419 1.24401 -0.0541836 0.0749966
1 37.8535 1.24605 -0.0626221 0.0742202
1 38.966 1.24713 -0.0706444 0.072196
1 40.0783 1.24877 -0.0707751 0.0765129
1 41.191 1.25114 -0.0686831 0.0742806
1 42.3036 1.25428 -0.072211 0.072544
1 43.4166 1.26154 -0.0687665 0.0784357
1 0.826884 2.2225 0.0689882 0.0763431
1 1.94032 2.21741 0.0708919 0.0758153
1 3.05207 2.21425 0.0709062 0.0737019
1 4.16408 2.21217 0.0699326 0.0758862
1 5.2761 2.21025 0.0713471 0.0761239
1 6.38793 2.20867 0.0630196 0.0746668
1 7.49936 2.20729 0.0507973 0.0727103
1 8.60839 2.20597 0.0292575 0.0697497
1 9.71446 2.20412 -0.0028804 0.0667958
1 10.8179 2.20173 -0.0197177 0.0594711
1 11.9204 2.19947 -0.0116912 0.0512452
1 13.0237 2.19648 -0.0129934 0.044776
1 14.127 2.19237 -0.0227718 0.0412442
1 15.2289 2.18779 -0.0172068 0.0426899
1 16.3308 2.18447 -0.0115299 0.0365486
1 17.434 2.18409 -0.0167188 0.0217817
1 18.5367 2.1858 -0.0137509 0.0120974
1 19.6389 2.18797 -0.00631999 0.0132892
1 20.7418 2.18958 -0.00379174 0.0161032
1 21.8444 2.19032 -0.00163517 0.0149927
1 22.9465 2.19016 0.00253121 0.0155742
1 24.0497 2.18903 0.00686986 0.0149449
1 25.1524 2.18696 0.0100005 0.0105643
1 26.2546 2.18462 0.0129675 0.0142118
1 27.3576 2.18348 0.0114864 0.0274531
1 28.4601 2.18504 0.0150601 0.039628
1 29.5619 2.18941 0.0244449 0.0452932
1 30.6645 2.19459 0.0185068 0.0464869
1 31.7682 2.1983 0.0108504 0.0471595
1 32.8713 2.20048 0.01669 0.0540779
1 33.9738 2.20286 0.0116375 0.0651138
1 35.0782 2.205 -0.0124491 0.067407
1 36.1861 2.2063 -0.0417599 0.071711
1 37.2963 2.20799 -0.0611206 0.0758577
1 38.4083 2.20957 -0.0640141 0.0739272
1 39.5204 2.21092 -0.0713498 0.0727801
1 40.6321 2.21296 -0.073265 0.075787
1 41.744 2.21585 -0.07074 0.0765565
1 42.856 2.22002 -0.070813 0.0745347
1 43.9772 2.22402 -0.0700988 0.072928
1 0.265343 3.18403 0.0710943 0.0734097
1 1.38633 3.18173 0.0713021 0.0755999
1 2.49856 3.17833 0.0724396 0.0762605
1 3.61013 3.1759 0.0740391 0.076139
1 4.72188 3.17376 0.069249 0.0754428
1 5.83361 3.17218 0.0684744 0.0758791
1 6.94496 3.17057 0.0576701 0.0745954
1 8.05491 3.16935 0.0427832 0.0719781
1 9.16196 3.1677 0.0137514 0.0722452
1 10.2663 3.16572 -0.00986228 0.0666467
1 11.3691 3.16417 -0.00827134 0.0627716
1 12.473 3.16228 0.000671792 0.0596283
1 13.5775 3.15954 -0.00678526 0.0500276
1 14.6806 3.15608 -0.0230195 0.0426798
1 15.7822 3.15213 -0.0189205 0.0365144
1 16.8839 3.14985 -0.0109224 0.0268146
1 17.9862 3.15037 -0.0117309 0.0192176
1 19.0881 3.15222 -0.0085071 0.0139654
1 20.1905 3.15406 -0.00521358 0.0131479
1 21.2932 3.15531 -0.00254724 0.0157523
1 22.3954 3.15564 0.000143013 0.016616
1 23.4979 3.15492 0.00345229 0.0140089
1 24.6006 3.15331 0.00510789 0.011581
1 25.7027 3.15114 0.0120776 0.0145365
1 26.8052 3.14946 0.0152361 0.0215147
1 27.9075 3.15004 0.015143 0.0312156
1 29.0087 3.15348 0.0190268 0.0414731
1 30.1104 3.15773 0.0103254 0.0478845
1 31.2143 3.16094 -0.00155729 0.0557288
1 32.3191 3.16323 0.00645652 0.0629381
1 33.4226 3.16495 0.0141083 0.063992
1 34.5256 3.16657 0.00251866 0.0677157
1 35.6314 3.16827 -0.0261027 0.0718672
1 36.7401 3.16971 -0.0502251 0.0745373
1 37.851 3.17129 -0.0622416 0.0767967
1 38.9627 3.17301 -0.0678166 0.0750709
1 40.0743 3.1747 -0.0703359 0.0773677
1 41.1857 3.17698 -0.071007 0.073737
1 42.2976 3.18021 -0.0696574 0.0751867
1 43.4118 3.18336 -0.0688901 0.0761955
1 0.829498 4.14444 0.0713761 0.0750148
1 1.94405 4.14209 0.0703051 0.0757485
1 3.05568 4.13961 0.0735639 0.0740249
1 4.16719 4.13755 0.0714111 0.0757565
1 5.27875 4.13555 0.069511 0.0756031
1 6.39003 4.13399 0.0612516 0.0729078
1 7.50068 4.13273 0.0469087 0.0738299
1 8.60898 4.131 0.0220472 0.0730651
1 9.71443 4.1293 -0.00612155 0.0671918
1 10.8173 4.12776 -0.0107798 0.0666237
1 11.9207 4.12619 -0.000568588 0.0656802
1 13.0261 4.12452 0.00856074 0.0605271
1 14.1307 4.12253 0.00382306 0.0523913
1 15.2332 4.12001 -0.00799421 0.043745
1 16.3347 4.11719 -0.0142095 0.0317455
1 17.4366 4.11585 -0.0213835 0.0192267
1 18.5383 4.1167 -0.0133038 0.0130165
1 19.6398 4.11859 -0.000705587 0.0130615
1 20.7422 4.12012 -0.0020297 0.0143574
1 21.8444 4.12078 -0.00140569 0.0144288
1 22.9464 4.12065 0.0036404 0.0143199
1 24.0491 4.11958 0.00266646 0.013183
1 25.1512 4.11759 0.00548447 0.0113406
1 26.2527 4.11581 0.0144195 0.0143266
1 27.3542 4.11588 0.0132135 0.0242322
1 28.4554 4.11798 0.0137496 0.0374121
1 29.5577 4.12082 0.0124578 0.0499547
1 30.6621 4.12341 -0.00591838 0.0603754
1 31.7671 4.12542 -0.00991242 0.0641862
1 32.8716 4.12688 0.00866256 0.0642205
1 33.9746 4.12841 0.0108493 0.0673568
1 35.0781 4.13017 -0.0144514 0.0704803
1 36.1848 4.13163 -0.0416178 0.0708798
1 37.2943 4.13306 -0.0615214 0.0755584
1 38.4054 4.13486 -0.0675588 0.076795
1 39.5169 4.13645 -0.0717794 0.0727239
1 40.6283 4.13855 -0.0727287 0.0742724
1 41.74 4.14096 -0.0726666 0.076758
1 42.8526 4.14339 -0.0717977 0.0755726
1 43.9736 4.14509 -0.0780586 0.0756877
1 0.267942 5.10643 0.0747964 0.0773346
1 1.38869 5.10477 0.0723992 0.0764586
1 2.50132 5.10314 0.0732623 0.0764647
1 3.613 5.10089 0.074105 0.0770966
1 4.72441 5.09916 0.0704859 0.074852
1 5.83574 5.09748 0.0684455 0.0764314
1 6.94653 5.09587 0.0568629 0.0750553
1 8.05571 5.09436 0.0378226 0.0729991
1 9.162 5.09273 0.00678256 0.0706121
1 10.2653 5.09113 -0.00830822 0.0680227
1 11.3676 5.08954 -0.00378797 0.0668787
1 12.4723 5.08821 0.00929744 0.0655749
1 13.5775 5.08684 0.0152708 0.0626234
1 14.682 5.08539 -0.00278105 0.0552216
1 15.7858 5.08378 -0.00717495 0.0458699
1 16.8881 5.08243 -0.00564711 0.0297478
1 17.9893 5.0824 -0.0144824 0.0143456
1 19.0898 5.08339 -0.0112345 0.0101459
1 20.1912 5.0847 -0.00379588 0.0126375
1 21.2936 5.08587 -0.00125038 0.0142614
1 22.3953 5.08621 -0.000129905 0.0146587
1 23.4974 5.08541 0.0011368 0.0140786
1 24.5995 5.08408 0.00450283 0.0107773
1 25.7003 5.08272 0.0175554 0.00887786
1 26.8016 5.0819 0.0178988 0.0191829
1 27.9038 5.08245 0.00362277 0.0399005
1 29.0061 5.08426 -0.00462484 0.0536049
1 30.1095 5.08589 -0.0114562 0.0572475
1 31.2146 5.08714 -0.0130241 0.0647602
1 32.3201 5.08876 -0.000393724 0.0697549
1 33.4237 5.0904 0.0150723 0.0658954
1 34.5264 5.09174 0.00849787 0.0680478
1 35.631 5.09347 -0.0227597 0.0740491
1 36.7389 5.09511 -0.0453494 0.0740373
1 37.8494 5.09646 -0.0613704 0.074226
1 38.9605 5.09817 -0.0689547 0.0758012
1 40.0719 5.10003 -0.0700475 0.0775512
1 41.1834 5.10193 -0.072168 0.0761337
1 42.2952 5.10399 -0.0702771 0.0757704
1 43.41 5.10579 -0.0692835 0.0799999
1 0.831613 6.06745 0.0684781 0.0781505
1 1.94575 6.06603 0.0695699 0.0756687
1 3.05779 6.06423 0.072151 0.0747215
1 4.16926 6.06255 0.0708458 0.0735229
1 5.28076 6.0608 0.0693208 0.0759472
1 6.39171 6.05928 0.0607078 0.0725855
1 7.5019 6.05779 0.0453126 0.0744119
1 8.60925 6.05606 0.0187738 0.0707433
1 9.71346 6.05463 -0.00800682 0.0660482
1 10.8155 6.05296 -0.011795 0.0683073
1 11.919 6.05123 -0.00180081 0.0667812
1 13.0246 6.05023 0.0160699 0.0627598
1 14.1293 6.04922 0.0160007 0.0596089
1 15.2333 6.04828 0.00956755 0.0541177
1 16.3366 6.04763 0.00966097 0.0455137
1 17.4396 6.04784 -0.00812234 0.0288417
1 18.5416 6.04898 -0.015159 0.0130414
1 19.642 6.0502 -0.00552733 0.00659366
1 20.743 6.05101 -0.00468884 0.00983264
1 21.8445 6.05146 -0.00228895 0.0146578
1 22.946 6.05129 0.00573808 0.0125248
1 24.0478 6.05061 0.00716534 0.00716347
1 25.1485 6.04958 0.00799907 0.00858716
1 26.2492 6.04828 0.00694286 0.0190175
1 27.3514 6.04723 -0.0034822 0.0348256
1 28.4545 6.04721 -0.00387851 0.0516086
1 29.5588 6.04834 -0.00301337 0.061336
1 30.6637 6.04963 -0.0170663 0.0621753
1 31.7687 6.0506 -0.0155729 0.0636125
1 32.8731 6.05197 0.00474065 0.0677292
1 33.9756 6.05376 0.0140201 0.0667003
1 35.0782 6.05529 -0.00681522 0.0674939
1 36.184 6.05673 -0.0356188 0.0724107
1 37.2931 6.05836 -0.0542013 0.0738157
1 38.404 6.0598 -0.0659357 0.0750031
1 39.5153 6.06157 -0.0696383 0.0745115
1 40.6266 6.06341 -0.0735684 0.0744846
1 41.7383 6.06536 -0.0716517 0.0767369
1 42.8509 6.0666 -0.0709912 0.0743916
1 43.9715 6.06801 -0.070825 0.075557
1 0.269371 7.02967 0.0693643 0.0755901
1 1.38992 7.02899 0.0723388 0.0729373
1 2.50242 7.02778 0.0728506 0.0774616
1 3.61411 7.02607 0.0752903 0.0779531
1 4.72544 7.02442 0.0714437 0.0749982
1 5.83667 7.02298 0.0652406 0.0759989
1 6.94763 7.02127 0.0515684 0.0769946
1 8.05632 7.01979 0.0347048 0.0710793
1 9.16142 7.01854 0.00281623 0.0710855
1 10.2639 7.01662 -0.0147337 0.0710306
1 11.3662 7.01477 -0.0063451 0.0666954
1 12.4704 7.01376 0.0154877 0.063906
1 13.575 7.01298 0.018928 0.0642554
1 14.6798 7.01197 0.00165112 0.0601348
1 15.7844 7.01153 0.00894077 0.0555385
1 16.8881 7.01192 0.0131509 0.0443706
1 17.9912 7.01371 0.00184123 0.0277708
1 19.0926 7.01595 -0.000488025 0.0171075
1 20.1936 7.01722 -0.00563088 0.0115897
1 21.2948 7.01757 -0.00860731 0.00873751
1 22.3949 7.01763 0.0019501 0.0083163
1 23.4955 7.01746 0.00813072 0.00915227
1 24.5968 7.01664 0.00190303 0.0128539
1 25.6978 7.01475 0.00292778 0.0218648
1 26.8005 7.01252 -0.0013801 0.0356806
1 27.9045 7.01115 -0.0135771 0.0494478
1 29.008 7.01114 -0.0155668 0.0591546
1 30.1118 7.01209 -0.0163152 0.063095
1 31.2167 7.01314 -0.012936 0.0650155
1 32.3222 7.01417 -0.00100714 0.0672773
1 33.4254 7.01573 0.0137394 0.0684193
1 34.5273 7.0175 0.0140944 0.0689701
1 35.6312 7.01902 -0.0198636 0.0719944
1 36.7379 7.02052 -0.0467957 0.0745224
1 37.8479 7.0219 -0.0629468 0.0744262
1 38.9586 7.02349 -0.0684672 0.0762957
1 40.0702 7.02535 -0.0677501 0.078415
1 41.1816 7.02693 -0.0712012 0.0746518
1 42.2935 7.02833 -0.0675618 0.0752383
1 43.4078 7.02939 -0.0672951 0.0771642
1 0.83261 7.99165 0.0709272 0.0740596
1 1.94689 7.99067 0.0700865 0.075352
1 3.05881 7.9893 0.0728017 0.0732079
1 4.17037 7.98774 0.0708448 0.0769366
1 5.28177 7.98605 0.0700525 0.0770066
1 6.39253 7.9846 0.0599068 0.0744463
1 7.50234 7.98321 0.0432986 0.0744119
1 8.60893 7.98178 0.0130815 0.0728719
1 9.71258 7.98001 -0.0169797 0.0701084
1 10.8141 7.97823 -0.0144291 0.0672706
1 11.9172 7.97691 0.00199052 0.0658716
1 13.0221 7.9761 0.0160053 0.0628636
1 14.1267 7.97523 0.013326 0.0630318
1 15.2307 7.97442 0.0164543 0.0605937
1 16.3341 7.9746 0.0199318 0.0515362
1 17.4383 7.97647 0.00429794 0.0384652
1 18.5418 7.97939 0.00382728 0.0307246
1 19.6436 7.98193 0.0117214 0.0229326
1 20.745 7.98367 0.00505833 0.0119234
1 21.8452 7.98459 -0.000126116 0.00519625
1 22.9445 7.9843 -0.0007102 0.00749709
1 24.0457 7.98291 -0.00640345 0.016303
1 25.1476 7.98062 -0.0103843 0.0259973
1 26.2498 7.97768 -0.0110742 0.0348019
1 27.3531 7.97509 -0.0153845 0.0448322
1 28.4571 7.97388 -0.00708578 0.0557546
1 29.5618 7.97428 -0.0040734 0.0634326
1 30.6663 7.97543 -0.0213892 0.0649378
1 31.7706 7.97637 -0.0155308 0.0636662
1 32.875 7.97735 0.00719914 0.0667367
1 33.9769 7.97907 0.0177909 0.0705601
1 35.0789 7.981 0.00122961 0.0715843
1 36.184 7.98248 -0.0353382 0.0723859
1 37.2923 7.98382 -0.0556634 0.0737472
1 38.4028 7.98531 -0.0665201 0.0757374
1 39.5141 7.9867 -0.0692907 0.0751848
1 40.6254 7.98849 -0.0734737 0.0757151
1 41.737 7.99007 -0.0713332 0.0761584
1 42.8494 7.99139 -0.0718494 0.0717538
1 43.9692 7.99191 -0.0717293 0.0732498
1 0.271295 8.95454 0.0717449 0.071182
1 1.39111 8.95366 0.0702408 0.0742672
1 2.50343 8.95254 0.0716662 0.074318
1 3.61517 8.95103 0.0711407 0.075276
1 4.72671 8.94942 0.0700993 0.0708421
1 5.83774 8.94807 0.0665797 0.0712181
1 6.94822 8.94649 0.0536539 0.0721707
1 8.05631 8.94514 0.0307961 0.0682109
1 9.16092 8.9436 -0.00400367 0.0687566
1 10.2627 8.94157 -0.0194244 0.0655971
1 11.3644 8.9402 -0.00622387 0.0586526
1 12.4682 8.93945 0.0162849 0.057645
1 13.5725 8.93851 0.0163968 0.0603913
1 14.677 8.93722 0.00194932 0.0591483
1 15.7813 8.93708 0.00939243 0.0485644
1 16.8854 8.93867 0.0135474 0.0375089
1 17.989 8.94154 0.0123378 0.0311502
1 19.091 8.94488 0.0212342 0.0244106
1 20.1927 8.94815 0.0200409 0.0151804
1 21.2946 8.95061 0.0099082 0.00994692
1 22.395 8.95121 -0.00376496 0.0101564
1 23.496 8.94962 -0.0179865 0.0124682
1 24.598 8.94659 -0.0232489 0.0179506
1 25.6999 8.94301 -0.0103113 0.0265529
1 26.8032 8.93969 -0.00838115 0.0348764
1 27.9071 8.93733 -0.0191966 0.0433855
1 29.0106 8.93656 -0.0132468 0.0536239
1 30.1146 8.93735 -0.0100486 0.0600791
1 31.2192 8.93873 -0.0139321 0.0604005
1 32.324 8.93969 -0.00325989 0.0590294
1 33.4267 8.94076 0.0163215 0.0616255
1 34.5279 8.94246 0.0232022 0.0670612
1 35.6315 8.94435 -0.0106288 0.0697385
1 36.7379 8.94581 -0.0426171 0.0701937
1 37.8477 8.94722 -0.060381 0.0712326
1 38.9585 8.94867 -0.0706117 0.0702286
1 40.0696 8.95019 -0.0726338 0.0742322
1 41.181 8.95191 -0.0745076 0.0737964
1 42.2929 8.9533 -0.0712912 0.0737929
1 43.4072 8.95422 -0.0738648 0.0742549
1 0.833217 9.91684 0.0658112 0.0720876
1 1.9476 9.9154 0.0693045 0.0712643
1 3.05936 9.91396 0.0726785 0.0715422
1 4.1708 9.91246 0.0707837 0.0701143
1 5.28218 9.91097 0.0676158 0.0702642
1 6.39296 9.90939 0.0581763 0.0665683
1 7.50251 9.9081 0.0385586 0.0660957
1 8.60894 9.90634 0.00399299 0.0674248
1 9.71213 9.90435 -0.0252695 0.0609326
1 10.8128 9.90312 -0.0146387 0.0532472
1 11.9151 9.90233 0.0021182 0.0540162
1 13.02 9.90099 0.0114781 0.0561206
1 14.1246 9.8996 0.00867443 0.0544327
1 15.2281 9.89904 0.0122907 0.0450181
1 16.3315 9.90022 0.0175233 0.0338584
1 17.4353 9.90292 0.010656 0.025896
1 18.5379 9.90658 0.0181807 0.0193951
1 19.6393 9.91056 0.0270657 0.0153292
1 20.7417 9.91386 0.0189867 0.0165767
1 21.8444 9.91541 0.00528248 0.0189351
1 22.9467 9.91486 -0.0112762 0.0185653
1 24.0497 9.91242 -0.0250354 0.0158896
1 25.1517 9.90862 -0.0259225 0.0152699
1 26.2532 9.90445 -0.0169221 0.0208534
1 27.3562 9.90104 -0.0168466 0.0299746
1 28.4597 9.89904 -0.00858707 0.0402608
1 29.5639 9.89874 -0.00102891 0.0502756
1 30.6682 9.89992 -0.014824 0.0566992
1 31.7726 9.90152 -0.0120593 0.0550033
1 32.8767 9.90257 0.00807662 0.0527834
1 33.9778 9.90356 0.0220865 0.0573573
1 35.0791 9.9053 0.0102454 0.0647777
1 36.1838 9.90713 -0.0283102 0.0656333
1 37.2921 9.90852 -0.0526108 0.0675934
1 38.4026 9.91024 -0.0639087 0.0703925
1 39.5138 9.91181 -0.0706097 0.0680861
1 40.6248 9.91312 -0.0731374 0.070378
1 41.7366 9.9149 -0.0705041 0.0735462
1 42.8491 9.91618 -0.0728857 0.0708683
1 43.969 9.91695 -0.076279 0.0687657
1 0.271364 10.8796 0.0711117 0.0714934
1 1.39175 10.8782 0.0689056 0.0660967
1 2.50408 10.8768 0.0698458 0.0640438
1 3.61561 10.8751 0.0735435 0.0603321
1 4.72686 10.8734 0.0687654 0.058087
1 5.83799 10.8717 0.063866 0.0563698
1 6.94845 10.87 0.048227 0.0551042
1 8.05674 10.8682 0.0204226 0.0530019
1 9.16104 10.8663 -0.0114092 0.0463748
1 10.2617 10.865 -0.0226677 0.0376274
1 11.3627 10.864 -0.010681 0.035627
1 12.4667 10.8625 0.0103143 0.0385212
1 13.5712 10.8608 0.0123374 0.0358633
1 14.6752 10.8599 -0.00313316 0.0271377
1 15.7791 10.8607 0.00722703 0.0136192
1 16.8823 10.8632 0.0207199 0.00296407
1 17.9845 10.8669 0.0214291 -0.00266677
1 19.0856 10.8709 0.0220574 -0.00283955
1 20.188 10.8742 0.0157924 0.00218631
1 21.2921 10.8761 0.00803072 0.00680705
1 22.3958 10.8764 -0.00209788 0.00750409
1 23.4999 10.8753 -0.0148871 0.00507501
1 24.6033 10.8728 -0.0234591 -0.000408222
1 25.7049 10.869 -0.0158772 -0.00458582
1 26.807 10.8648 -0.0142367 -0.00238603
1 27.9098 10.8613 -0.0214033 0.00741324
1 29.0126 10.8596 -0.0110235 0.0215328
1 30.116 10.8597 -0.0051952 0.0327551
1 31.2206 10.8613 -0.00896078 0.037891
1 32.3257 10.8631 0.000977504 0.0380864
1 33.4281 10.8644 0.0200098 0.0353545
1 34.5284 10.8654 0.0273158 0.0406952
1 35.6309 10.8671 -0.00379568 0.0505429
1 36.7372 10.8691 -0.036331 0.0543911
1 37.8469 10.8707 -0.0550509 0.0541727
1 38.9579 10.8724 -0.0634481 0.0577846
1 40.0694 10.8743 -0.0637974 0.0593529
1 41.1809 10.8759 -0.0670303 0.0607825
1 42.293 10.8775 -0.0645658 0.0648519
1 43.4074 10.8791 -0.0619565 0.0714057
1 0.833876 11.8401 0.0616252 0.0614889
1 1.94783 11.8386 0.0620666 0.0556313
1 3.05967 11.8367 0.064839 0.0493145
1 4.17114 11.8347 0.064172 0.0461783
1 5.2827 11.8325 0.061929 0.0427114
1 6.39364 11.8304 0.0512904 0.0391341
1 7.50348 11.8282 0.0318411 0.0356558
1 8.60942 11.8262 -0.000184303 0.027407
1 9.71141 11.8247 -0.0325681 0.0162403
1 10.8115 11.8235 -0.0232891 0.0127134
1 11.914 11.8217 -0.00428088 0.0133645
1 13.0192 11.8195 0.00543015 0.00964102
1 14.1237 11.8183 0.00233172 -0.00121477
1 15.2266 11.8189 0.0124027 -0.0161732
1 16.3285 11.8213 0.0255628 -0.0289543
1 17.4308 11.8249 0.0140296 -0.0343704
1 18.5331 11.8284 0.00963307 -0.0327625
1 19.6354 11.8314 0.0124662 -0.0267661
1 20.7393 11.8332 0.00697712 -0.0217066
1 21.8438 11.8338 0.00166781 -0.0217914
1 22.9482 11.8336 -0.00266771 -0.0225968
1 24.0531 11.8324 -0.00995712 -0.0242201
1 25.1562 11.8301 -0.0147736 -0.0291798
1 26.2579 11.8267 -0.0156451 -0.0341971
1 27.3599 11.8228 -0.0221816 -0.0345929
1 28.462 11.8195 -0.012451 -0.0252052
1 29.565 11.8178 0.000910439 -0.00877113
1 30.6687 11.8183 -0.00903522 0.00671372
1 31.7734 11.8203 -0.00438969 0.0131152
1 32.8779 11.8225 0.0167937 0.0126563
1 33.9789 11.824 0.029979 0.0136854
1 35.079 11.8253 0.016543 0.021263
1 36.183 11.8271 -0.0201356 0.0309305
1 37.2913 11.8292 -0.0442522 0.0364122
1 38.402 11.8313 -0.0577517 0.0391207
1 39.5133 11.8334 -0.0622531 0.0434521
1 40.6247 11.8356 -0.066545 0.0479848
1 41.7363 11.8376 -0.0640355 0.0534649
1 42.8487 11.8394 -0.0625514 0.055896
1 43.9694 11.8416 -0.0580148 0.0621117
1 0.270154 12.8011 0.0471079 0.0442958
1 1.39081 12.7998 0.0588355 0.0377803
1 2.50315 12.7972 0.0616343 0.0323184
1 3.61486 12.7945 0.0618204 0.0271394
1 4.72673 12.7916 0.0568123 0.0217225
1 5.83832 12.7889 0.0532499 0.0169229
1 6.94919 12.7862 0.0394661 0.0128748
1 8.05733 12.7837 0.013643 0.00309818
1 9.16081 12.7819 -0.0201512 -0.00697092
1 10.2608 12.7802 -0.0342371 -0.0130835
1 11.3619 12.7779 -0.0225996 -0.0142046
1 12.4667 12.7752 -0.00134797 -0.0189349
1 13.5712 12.7735 0.00799013 -0.0325844
1 14.6742 12.7738 0.000831899 -0.0497082
1 15.7764 12.776 0.0116332 -0.0625896
1 16.8786 12.7791 0.0152793 -0.0667673
1 17.9811 12.7821 0.00590238 -0.0650161
1 19.0834 12.7844 0.00549895 -0.0608123
1 20.1869 12.786 0.00293326 -0.0567956
1 21.2916 12.7868 -0.000955818 -0.0571765
1 22.3959 12.787 -0.000691421 -0.0590294
1 23.5007 12.7866 -0.00232792 -0.0578187
1 24.605 12.7853 -0.00598456 -0.0587391
1 25.7078 12.7833 0.000134318 -0.0625814
1 26.8106 12.7806 -0.00529528 -0.0665122
1 27.9131 12.7773 -0.0214533 -0.0667733
1 29.0146 12.7743 -0.0150997 -0.058763
1 30.1165 12.7729 -0.00565053 -0.0427827
1 31.2204 12.7736 -0.00293513 -0.0255683
1 32.3257 12.7761 0.0107073 -0.013842
1 33.4287 12.7789 0.033031 -0.0129322
1 34.5288 12.781 0.0400622 -0.0115571
1 35.6306 12.7826 0.00489241 -0.00272097
1 36.7364 12.7848 -0.0282435 0.00780667
1 37.8462 12.7874 -0.0468287 0.0134015
1 38.9573 12.79 -0.0560297 0.0189264
1 40.0689 12.793 -0.0553194 0.025779
1 41.1805 12.7958 -0.0582324 0.0268832
1 42.2922 12.7983 -0.0535872 0.0338466
1 43.4061 12.8007 -0.0509634 0.0422105
1 0.831768 13.7596 0.0456419 0.0186319
1 1.94626 13.757 0.051227 0.0183382
1 3.05838 13.7537 0.0533122 0.0162743
1 4.17063 13.7498 0.0525327 0.0141985
1 5.28252 13.7463 0.0516596 0.0072192
1 6.39389 13.743 0.0386441 0.00411491
1 7.50398 13.7399 0.0213194 -0.00348571
1 8.60942 13.7377 -0.00960199 -0.0133736
1 9.71099 13.7356 -0.0478426 -0.0172891
1 10.8116 13.7326 -0.0416101 -0.0174941
1 11.9148 13.7293 -0.0161978 -0.0245621
1 13.0197 13.7272 0.00305122 -0.0401703
1 14.1228 13.7271 0.00511927 -0.0568527
1 15.2244 13.7288 0.00940375 -0.0674485
1 16.326 13.7312 0.0118012 -0.0713983
1 17.4291 13.7336 -0.00551484 -0.07157
1 18.5325 13.7354 -0.00687979 -0.0697504
1 19.6356 13.7367 0.00182589 -0.0682138
1 20.7396 13.7376 -0.00120457 -0.0684971
1 21.8439 13.7379 -0.00179785 -0.0706257
1 22.948 13.7379 0.00264812 -0.070236
1 24.0528 13.7373 0.000680335 -0.068816
1 25.1564 13.7361 -4.41982e-05 -0.0689056
1 26.2591 13.7345 0.00205638 -0.0702207
1 27.362 13.7324 -0.00576874 -0.0724396
1 28.4645 13.7298 -0.00359001 -0.0720112
1 29.5667 13.7274 0.000658431 -0.0650259
1 30.6689 13.7264 -0.00966193 -0.0496864
1 31.7726 13.7275 0.00277994 -0.0316791
1 32.8774 13.7305 0.0300424 -0.0199265
1 33.9789 13.7338 0.0455304 -0.0157601
1 35.0791 13.7365 0.0283372 -0.0154721
1 36.1824 13.7386 -0.0122283 -0.00939242
1 37.2904 13.7411 -0.0344813 0.00140962
1 38.4014 13.7446 -0.0450135 0.00608694
1 39.5132 13.7479 -0.0493928 0.0080895
1 40.625 13.7516 -0.0508066 0.0139544
1 41.7371 13.7553 -0.0496994 0.0166564
1 42.8496 13.7584 -0.0464594 0.0187416
1 43.9707 13.7598 -0.029322 0.0162928
1 0.265425 14.7175 0.0162573 -0.0183653
1 1.38805 14.7156 0.0352339 0.00283365
1 2.50146 14.712 0.0424985 0.0128279
1 3.61419 14.7076 0.0471292 0.0163084
1 4.7266 14.7036 0.0453746 0.0156507
1 5.83886 14.6997 0.0424963 0.0166591
1 6.94985 14.6962 0.0338178 0.00992794
1 8.05736 14.6937 0.00659841 0.00355133
1 9.16084 14.6913 -0.0369885 0.0058815
1 10.2616 14.6878 -0.0538802 0.00644043
1 11.3633 14.6842 -0.0331508 -0.00101362
1 12.4673 14.6817 -0.00451214 -0.0145803
1 13.5705 14.6812 0.00490343 -0.0282609
1 14.6725 14.6822 -0.0110178 -0.0376027
1 15.7751 14.684 -0.00930053 -0.041519
1 16.8783 14.6858 -0.00689876 -0.0422397
1 17.9817 14.6872 -0.0106759 -0.0423034
1 19.0844 14.6882 -0.00351206 -0.0431854
1 20.1879 14.689 -0.00274164 -0.0444655
1 21.2922 14.6894 -0.00574857 -0.0456263
1 22.3958 14.6896 0.000286175 -0.0459714
1 23.4998 14.6893 0.00318816 -0.04467
1 24.6039 14.6886 0.00198435 -0.044149
1 25.707 14.6876 0.0138332 -0.0433075
1 26.8105 14.6864 0.0134616 -0.0423037
1 27.9139 14.6848 -0.00159276 -0.0420151
1 29.0161 14.6829 0.000461802 -0.0411767
1 30.1178 14.6813 0.00193657 -0.0359836
1 31.2204 14.6808 0.000587367 -0.0240424
1 32.3246 14.6822 0.0181165 -0.00742278
1 33.4275 14.6854 0.0494067 0.0047896
1 34.5284 14.6892 0.058564 0.00758955
1 35.6305 14.6924 0.0142974 0.00574214
1 36.7358 14.6947 -0.0227595 0.00643405
1 37.8455 14.6977 -0.0369644 0.0135091
1 38.9574 14.7015 -0.044943 0.0162274
1 40.0696 14.7054 -0.0475117 0.0162051
1 41.1819 14.7097 -0.0484217 0.016178
1 42.2946 14.7138 -0.045778 0.00816921
1 43.4095 14.7168 -0.0415431 -0.00516819
1 0.828269 15.6732 0.0287027 -0.022024
1 1.94417 15.6702 0.0382766 -0.000883008
1 3.05753 15.666 0.0433663 0.010524
1 4.17039 15.6616 0.0428705 0.0158985
1 5.28303 15.6575 0.0420246 0.0175576
1 6.39452 15.6539 0.0361 0.0143911
1 7.50409 15.6514 0.0158582 0.0133707
1 8.60978 15.6485 -0.025299 0.0182055
1 9.71223 15.6448 -0.0671104 0.0206761
1 10.8131 15.641 -0.0536515 0.0151122
1 11.9155 15.6383 -0.0230376 0.00277293
1 13.0193 15.6374 -0.0088804 -0.0103272
1 14.122 15.6379 -0.0137441 -0.0184268
1 15.2243 15.6389 -0.0123214 -0.0215302
1 16.3269 15.6401 -0.00673452 -0.0224473
1 17.4304 15.6412 -0.0186399 -0.0240936
1 18.5338 15.642 -0.0153535 -0.0265484
1 19.6368 15.6426 -0.00307605 -0.0290047
1 20.7405 15.643 -0.00461693 -0.0300614
1 21.8442 15.6432 -0.00236334 -0.0303549
1 22.9475 15.6432 0.00548123 -0.0295265
1 24.0516 15.6428 0.00373058 -0.0288399
1 25.1549 15.6422 0.00558878 -0.0278893
1 26.2577 15.6415 0.0136736 -0.0260802
1 27.3611 15.6405 0.011389 -0.0243366
1 28.4644 15.6394 0.0173009 -0.0228851
1 29.5674 15.6382 0.0200656 -0.0204309
1 30.6696 15.6373 0.00426968 -0.0150855
1 31.7725 15.6374 0.0112794 -0.00553203
1 32.8761 15.639 0.0385172 0.00745548
1 33.9773 15.6423 0.0628104 0.0192217
1 35.0783 15.6464 0.0477311 0.0215069
1 36.1825 15.6498 -0.00222804 0.0150636
1 37.2903 15.6524 -0.0350148 0.0141362
1 38.4009 15.6555 -0.0434345 0.0180846
1 39.5131 15.6595 -0.0445589 0.0174136
1 40.6256 15.6636 -0.0463228 0.0140002
1 41.7388 15.668 -0.0400512 0.00733424
1 42.8534 15.6715 -0.0329487 -0.0100429
1 43.9787 15.6721 -0.0126258 -0.037954
1 0.2577 16.6265 0.0131055 -0.0416729
1 1.38547 16.6262 0.0240491 -0.0184172
1 2.50141 16.6233 0.0361334 0.0019316
1 3.61497 16.6195 0.0467712 0.00948211
1 4.72763 16.6156 0.0449686 0.0131114
1 5.83966 16.6122 0.0433675 0.012398
1 6.95012 16.6095 0.0290256 0.0122622
1 8.05817 16.6066 -0.0083503 0.0191165
1 9.16265 16.6026 -0.0552284 0.0247924
1 10.2636 16.5987 -0.0668443 0.0198713
1 11.3646 16.596 -0.0433629 0.00746513
1 12.4679 16.5948 -0.0197205 -0.00432969
1 13.5709 16.5947 -0.0139243 -0.012089
1 14.6732 16.5953 -0.0281344 -0.0164756
1 15.7764 16.596 -0.022663 -0.018826
1 16.8798 16.5966 -0.0166905 -0.0208471
1 17.983 16.5972 -0.0181581 -0.0235904
1 19.0856 16.5977 -0.00804609 -0.0266114
1 20.1888 16.598 -0.00449938 -0.0287189
1 21.2926 16.5981 -0.00622982 -0.0289662
1 22.3957 16.5981 0.00156251 -0.0285415
1 23.4991 16.598 0.00435851 -0.0280568
1 24.6027 16.5977 0.00369065 -0.0274999
1 25.7057 16.5973 0.0192218 -0.0254805
1 26.8091 16.5968 0.0220527 -0.0227491
1 27.9126 16.5962 0.0103835 -0.0202803
1 29.0152 16.5954 0.0173135 -0.0182647
1 30.1175 16.5948 0.0215906 -0.0151072
1 31.2203 16.5944 0.0173324 -0.00884713
1 32.3238 16.5949 0.0289037 0.00115947
1 33.4258 16.5969 0.0596717 0.0131321
1 34.5264 16.6001 0.0742139 0.0222499
1 35.6292 16.6043 0.0321101 0.0238754
1 36.7356 16.608 -0.0127437 0.0164516
1 37.8453 16.6107 -0.03716 0.010518
1 38.9565 16.6136 -0.0447957 0.0131515
1 40.069 16.6174 -0.0417259 0.0129006
1 41.1822 16.6213 -0.0405405 0.0052571
1 42.2964 16.6246 -0.0314579 -0.00840148
1 43.4136 16.6262 -0.0185217 -0.031469
1 0.826086 17.578 0.00798718 -0.0390504
1 1.94461 17.5773 0.0210672 -0.0224679
1 3.05943 17.5751 0.036146 -0.00797367
1 4.17266 17.572 0.0412421 0.00118208
1 5.28488 17.5688 0.04446 0.000847102
1 6.39579 17.5663 0.0330061 0.00363761
1 7.50592 17.5632 0.00288987 0.0136117
1 8.61266 17.559 -0.0395478 0.0200127
1 9.71526 17.555 -0.0780109 0.0158677
1 10.8156 17.5523 -0.0628892 0.00588394
1 11.9173 17.551 -0.0341548 -0.00392976
1 13.0207 17.5508 -0.0228435 -0.0116396
1 14.1233 17.551 -0.0262358 -0.0160091
1 15.2256 17.5514 -0.0211922 -0.0181508
1 16.3282 17.5518 -0.0129954 -0.0193571
1 17.4315 17.5521 -0.0244007 -0.0213694
1 18.5347 17.5523 -0.0202697 -0.0239025
1 19.6376 17.5525 -0.00486276 -0.0257316
1 20.7409 17.5525 -0.00463412 -0.0263829
1 21.8442 17.5524 -0.00176496 -0.0265511
1 22.9472 17.5524 0.00634678 -0.02633
1 24.051 17.5523 0.00368135 -0.0258997
1 25.1541 17.5523 0.00727466 -0.0247682
1 26.2567 17.5521 0.0186507 -0.0229082
1 27.3598 17.5518 0.0180561 -0.0207852
1 28.463 17.5514 0.0259317 -0.0189017
1 29.5662 17.551 0.0316504 -0.0168784
1 30.6684 17.5507 0.0188289 -0.0137397
1 31.7711 17.5506 0.0249103 -0.00827968
1 32.8743 17.5513 0.0475699 0.000624819
1 33.9747 17.5532 0.0717556 0.0113227
1 35.0753 17.5567 0.060544 0.018734
1 36.1802 17.5609 0.0132295 0.016334
1 37.2891 17.5647 -0.0245295 0.00824292
1 38.3999 17.5674 -0.0419603 0.00152844
1 39.5118 17.5701 -0.0441859 0.000192985
1 40.6245 17.5733 -0.0443905 -0.00302862
1 41.7386 17.5759 -0.034267 -0.0135738
1 42.8559 17.5773 -0.0215129 -0.0311673
1 43.9859 17.5772 -0.0209177 -0.0422964
1 0.253527 18.5277 0.0244331 -0.0382573
1 1.38449 18.5281 0.0187703 -0.039835
1 2.50263 18.5283 0.029695 -0.0289481
1 3.61737 18.527 0.0409322 -0.0159773
1 4.73031 18.5247 0.0429014 -0.0108653
1 5.84216 18.5224 0.0384049 -0.00471041
1 6.95342 18.519 0.0177843 0.00538367
1 8.06258 18.5147 -0.0193633 0.0106873
1 9.16719 18.5107 -0.0618319 0.00829108
1 10.2675 18.508 -0.0704913 -0.000265021
1 11.3675 18.5068 -0.0470666 -0.00967598
1 12.4701 18.5066 -0.0253185 -0.0157579
1 13.5725 18.5067 -0.0200718 -0.0190698
1 14.6745 18.5069 -0.0331407 -0.0207541
1 15.7774 18.5071 -0.0266952 -0.0218023
1 16.8806 18.5073 -0.020511 -0.0226796
1 17.9835 18.5073 -0.0217982 -0.0234109
1 19.086 18.5073 -0.00985326 -0.0239367
1 20.189 18.5071 -0.00462535 -0.0242917
1 21.2926 18.507 -0.00640115 -0.0246348
1 22.3956 18.5069 0.00192718 -0.0249039
1 23.4989 18.5069 0.00475972 -0.0245886
1 24.6024 18.507 0.00427487 -0.0243777
1 25.7052 18.5071 0.0216659 -0.0236995
1 26.8084 18.5072 0.0252676 -0.0225855
1 27.9116 18.5071 0.0139008 -0.0217897
1 29.014 18.5069 0.0222935 -0.0211893
1 30.1161 18.5066 0.0285682 -0.0202913
1 31.2184 18.5064 0.0249174 -0.0172869
1 32.3214 18.5064 0.0344396 -0.0121812
1 33.4226 18.5071 0.0637157 -0.00496
1 34.5224 18.5089 0.0787725 0.00424685
1 35.6247 18.5123 0.0405939 0.0112364
1 36.7318 18.5167 -0.000266481 0.00969126
1 37.8427 18.5207 -0.0282095 -0.000962366
1 38.9542 18.5234 -0.0423935 -0.00866904
1 40.0665 18.5257 -0.0394049 -0.0117471
1 41.18 18.5276 -0.0327219 -0.0227024
1 42.2956 18.5279 -0.0150887 -0.0364036
1 43.4152 18.5272 -0.00406692 -0.0414707
1 0.8254 19.4769 0.011644 -0.0341303
1 1.94511 19.4787 0.0173993 -0.0373081
1 3.0614 19.4803 0.0301771 -0.0242481
1 4.17558 19.4798 0.0374948 -0.0106913
1 5.28833 19.478 0.038141 -0.00046786
1 6.40049 19.4747 0.0221212 0.0108062
1 7.5119 19.4702 -0.00575502 0.0163836
1 8.61869 19.4661 -0.0409852 0.0120428
1 9.72026 19.4636 -0.0756465 0.00249584
1 10.8195 19.4626 -0.0599992 -0.00581396
1 11.9201 19.4624 -0.0326834 -0.0109204
1 13.0227 19.4626 -0.0243169 -0.0147391
1 14.1247 19.4629 -0.0294342 -0.0169315
1 15.2264 19.4631 -0.0240638 -0.0175556
1 16.3287 19.4632 -0.0149304 -0.017497
1 17.4316 19.4632 -0.0259951 -0.0174678
1 18.5347 19.4629 -0.02143 -0.0172288
1 19.6375 19.4627 -0.00519332 -0.0164764
1 20.7408 19.4625 -0.00511122 -0.0159871
1 21.8441 19.4623 -0.00219319 -0.0164852
1 22.9472 19.4623 0.00674195 -0.0165923
1 24.0511 19.4625 0.00405826 -0.0165385
1 25.1542 19.4627 0.00815852 -0.0169074
1 26.2567 19.4629 0.0204064 -0.0171913
1 27.3595 19.4631 0.0201909 -0.0172074
1 28.4624 19.463 0.0283108 -0.016977
1 29.5651 19.4629 0.0341725 -0.0166565
1 30.6666 19.4626 0.0214819 -0.0157515
1 31.7686 19.4623 0.0259821 -0.0133161
1 32.8709 19.4622 0.0455855 -0.00837146
1 33.9703 19.4627 0.0692889 -0.000654944
1 35.0698 19.4645 0.0604395 0.00828617
1 36.1741 19.4678 0.0178355 0.0149819
1 37.2836 19.4722 -0.0142043 0.0156124
1 38.3956 19.4764 -0.0332248 0.00709449
1 39.5085 19.479 -0.0376316 -0.00553886
1 40.6218 19.4802 -0.0342969 -0.0171662
1 41.7374 19.4796 -0.0224711 -0.0326271
1 42.8559 19.4773 -0.0169888 -0.0393302
1 43.9863 19.4763 -0.023081 -0.034364
1 0.255692 20.4261 0.0240249 -0.0261378
1 1.38509 20.4275 0.0189578 -0.0318566
1 2.50346 20.4307 0.0213377 -0.0310934
1 3.61962 20.4329 0.031735 -0.0170137
1 4.73398 20.4327 0.0315325 0.00115115
1 5.84781 20.4299 0.0251488 0.0171012
1 6.96058 20.4253 0.0107624 0.0209978
1 8.06961 20.4213 -0.0176983 0.0153083
1 9.17293 20.4188 -0.0557575 0.00679787
1 10.2718 20.4179 -0.0639225 -0.000691508
1 11.3707 20.4178 -0.0428995 -0.00635111
1 12.4724 20.4182 -0.0248968 -0.00967956
1 13.5741 20.4186 -0.0221736 -0.0117473
1 14.6754 20.4188 -0.0355273 -0.0121602
1 15.7777 20.4189 -0.0283713 -0.0117314
1 16.8805 20.4189 -0.0212559 -0.0113804
1 17.9831 20.4187 -0.0215285 -0.0104964
1 19.0855 20.4184 -0.00902375 -0.00908654
1 20.1885 20.4181 -0.00428002 -0.00774057
1 21.2924 20.4179 -0.00704265 -0.00734759
1 22.3956 20.4179 0.0015742 -0.00752765
1 23.4992 20.418 0.00483942 -0.00757432
1 24.6028 20.4181 0.00435175 -0.00854669
1 25.7057 20.4184 0.0218915 -0.00975822
1 26.8088 20.4187 0.0255551 -0.0105128
1 27.9115 20.4188 0.0147913 -0.0111603
1 29.0134 20.4187 0.0243817 -0.0113716
1 30.1148 20.4185 0.0309942 -0.0114706
1 31.2164 20.4182 0.0257527 -0.0100594
1 32.3186 20.4178 0.0319682 -0.00784181
1 33.4189 20.4176 0.0585067 -0.00435472
1 34.5173 20.4179 0.0725432 0.00254047
1 35.6182 20.4195 0.0364879 0.0121387
1 36.7244 20.4229 0.00314889 0.0202019
1 37.836 20.4273 -0.0166026 0.021327
1 38.9495 20.4314 -0.0278336 0.0105273
1 40.0637 20.433 -0.0285497 -0.006215
1 41.1789 20.432 -0.026104 -0.0239407
1 42.2957 20.429 -0.0227171 -0.0328113
1 43.4143 20.4265 -0.0246912 -0.0270315
1 0.826772 21.3779 0.0317425 -0.020078
1 1.94458 21.3803 0.0267089 -0.0277796
1 3.06126 21.3836 0.0225829 -0.0285607
1 4.17772 21.3856 0.0188773 -0.0116378
1 5.29369 21.3842 0.0184608 0.00782192
1 6.40814 21.3805 0.012256 0.0154856
1 7.51928 21.3767 -0.00322264 0.0116514
1 8.62453 21.3742 -0.0333747 0.00294459
1 9.72445 21.3733 -0.0683575 -0.00480581
1 10.8225 21.3733 -0.055634 -0.0093226
1 11.9223 21.3736 -0.0319394 -0.0114201
1 13.0243 21.374 -0.0263254 -0.0127831
1 14.1256 21.3743 -0.0319603 -0.0133773
1 15.2267 21.3744 -0.0252331 -0.0129122
1 16.3285 21.3745 -0.0144787 -0.0121515
1 17.431 21.3743 -0.024422 -0.0114023
1 18.534 21.374 -0.019162 -0.0101796
1 19.6368 21.3737 -0.00309003 -0.00831101
1 20.7403 21.3735 -0.00408683 -0.00686514
1 21.844 21.3734 -0.0022082 -0.00652678
1 22.9475 21.3735 0.00605348 -0.00660381
1 24.0515 21.3736 0.00257124 -0.00742569
1 25.1548 21.3738 0.00633549 -0.00914902
1 26.2573 21.3741 0.0189179 -0.0106237
1 27.3599 21.3744 0.019541 -0.0115758
1 28.4624 21.3744 0.0290328 -0.0119858
1 29.5644 21.3743 0.0360682 -0.0125753
1 30.6653 21.374 0.023368 -0.0127282
1 31.7667 21.3737 0.026017 -0.011763
1 32.8683 21.3732 0.0424554 -0.00992346
1 33.9666 21.373 0.0632485 -0.00645894
1 35.0648 21.3734 0.0526507 -0.00108375
1 36.1673 21.375 0.012048 0.00680835
1 37.2758 21.3781 -0.0110064 0.0148507
1 38.3887 21.3822 -0.0155275 0.0145119
1 39.5043 21.3852 -0.018033 -3.48388e-05
1 40.6203 21.3849 -0.0215793 -0.0208529
1 41.7372 21.3819 -0.0200906 -0.0291801
1 42.8547 21.3791 -0.0259318 -0.0229776
1 43.9819 21.3777 -0.0291379 -0.01293
1 0.260582 22.3308 0.0381224 -0.00304637
1 1.38589 22.3322 0.0306078 -0.0100324
1 2.50255 22.3342 0.0221949 -0.0172426
1 3.61972 22.337 0.0144129 -0.0135937
1 4.73752 22.3374 0.00834454 0.00323965
1 5.85414 22.3353 0.0131789 0.0131207
1 6.96721 22.3324 0.0123791 0.0130806
1 8.07485 22.3304 -0.0106213 0.0065079
1 9.17657 22.3295 -0.0494532 0.00089853
1 10.2743 22.3294 -0.0600569 -0.00305383
1 11.3725 22.3297 -0.0416492 -0.005533
1 12.4737 22.33 -0.0258056 -0.00669223
1 13.575 22.3303 -0.0238571 -0.00743716
1 14.6757 22.3304 -0.0365894 -0.00744262
1 15.7775 22.3304 -0.0280997 -0.00737384
1 16.88 22.3304 -0.0195866 -0.00731716
1 17.9825 22.3302 -0.0186996 -0.00662995
1 19.0849 22.33 -0.00578302 -0.00532561
1 20.1881 22.3298 -0.00162304 -0.00391342
1 21.2922 22.3297 -0.00578401 -0.00306298
1 22.3957 22.3297 0.00112101 -0.00276623
1 23.4995 22.3298 0.0029361 -0.00298736
1 24.6033 22.3299 0.00148898 -0.00434768
1 25.7063 22.3301 0.0191016 -0.00583906
1 26.8093 22.3303 0.0233696 -0.0065852
1 27.9118 22.3304 0.0137543 -0.00684805
1 29.0133 22.3303 0.0249871 -0.00687762
1 30.1142 22.3302 0.0327793 -0.00714254
1 31.2152 22.33 0.0271324 -0.00651013
1 32.317 22.3297 0.0317131 -0.00567838
1 33.4167 22.3294 0.0557393 -0.00457435
1 34.5143 22.3292 0.0668095 -0.00160624
1 35.6137 22.3296 0.0286635 0.00352196
1 36.7183 22.331 -0.00216921 0.0100099
1 37.829 22.3336 -0.0123428 0.0142454
1 38.944 22.3363 -0.0089724 0.00953123
1 40.0617 22.3374 -0.00568788 -0.00439345
1 41.1795 22.3357 -0.0164843 -0.0179789
1 42.296 22.3331 -0.0259412 -0.013083
1 43.4131 22.3314 -0.0314514 -0.00757702
1 0.827276 23.2857 0.0292405 -0.00152869
1 1.94432 23.2865 0.0249892 -0.00295686
1 3.06042 23.2877 0.012963 -0.00472345
1 4.17902 23.2885 -0.00110842 0.00112928
1 5.29772 23.2881 0.00492202 0.00687601
1 6.41291 23.2871 0.0110249 0.0084409
1 7.52323 23.2862 0.0018049 0.00663968
1 8.62722 23.2857 -0.0282432 0.00410273
1 9.72618 23.2856 -0.0657113 0.00213125
1 10.8237 23.2857 -0.0550057 0.00114294
1 11.9232 23.2858 -0.0325346 0.000534564
1 13.025 23.2859 -0.0273541 0.000182031
1 14.1259 23.286 -0.0328898 7.55711e-05
1 15.2268 23.286 -0.0254193 -0.000116902
1 16.3283 23.286 -0.01345 -0.000261663
1 17.4307 23.286 -0.0224588 -0.000227533
1 18.5336 23.2859 -0.0168166 0.00013379
1 19.6365 23.2858 -0.000792094 0.000678492
1 20.7402 23.2858 -0.00231467 0.00118031
1 21.8439 23.2858 -0.00156944 0.00150455
1 22.9476 23.2858 0.00517211 0.00163914
1 24.0518 23.2859 0.000338364 0.00139323
1 25.1551 23.2859 0.00372579 0.000733618
1 26.2576 23.286 0.0169601 0.000332471
1 27.3601 23.286 0.0184634 0.000264282
1 28.4624 23.286 0.0286303 0.000323042
1 29.5642 23.2859 0.036435 0.000283597
1 30.6648 23.2858 0.0244429 0.000318621
1 31.7659 23.2857 0.0268219 0.000635675
1 32.8672 23.2856 0.0422656 0.00121554
1 33.9652 23.2855 0.0614682 0.0019072
1 35.0626 23.2855 0.0484886 0.00311423
1 36.164 23.2857 0.00621752 0.00527123
1 37.2713 23.2864 -0.0137691 0.00765955
1 38.3841 23.2874 -0.00876653 0.0079349
1 39.5015 23.2882 0.000810413 0.00437721
1 40.6205 23.2881 -0.00646347 -0.00122241
1 41.7381 23.2872 -0.0228689 -0.00244597
1 42.854 23.2867 -0.0352281 0.000162204
1 43.9779 23.2862 -0.047732 0.000674633
1 0.262246 24.241 0.0483366 -0.00114327
1 1.38612 24.2406 0.0348864 0.000165193
1 2.50208 24.2401 0.0233435 0.00304239
1 3.61953 24.239 0.00791623 0.00243097
1 4.73853 24.2389 0.000976178 -0.00398144
1 5.85586 24.2398 0.0106806 -0.00748175
1 6.96883 24.2408 0.0139535 -0.00727385
1 8.07598 24.2415 -0.00844913 -0.00471979
1 9.17728 24.2418 -0.0483269 -0.00254616
1 10.2748 24.2418 -0.0599728 -0.00130593
1 11.3728 24.2417 -0.0419857 -0.000558956
1 12.474 24.2415 -0.0262016 1.1484e-05
1 13.5751 24.2414 -0.0240821 0.00029787
1 14.6757 24.2413 -0.0367935 0.000358245
1 15.7775 24.2413 -0.0280268 0.000299588
1 16.8799 24.2413 -0.0190888 0.000421411
1 17.9824 24.2413 -0.0179059 0.000255917
1 19.0848 24.2414 -0.00492781 -0.000180586
1 20.1881 24.2414 -0.000790732 -0.000731779
1 21.2922 24.2415 -0.00509489 -0.000966245
1 22.3957 24.2415 0.00133987 -0.000944687
1 23.4996 24.2415 0.00248818 -0.000634422
1 24.6034 24.2415 0.000526514 -2.11692e-05
1 25.7064 24.2414 0.018224 0.000527881
1 26.8093 24.2413 0.0228853 0.000902442
1 27.9118 24.2412 0.0134351 0.000785337
1 29.0132 24.2412 0.0246578 0.000737886
1 30.114 24.2412 0.0328401 0.000659078
1 31.215 24.2413 0.027611 0.000328651
1 32.3167 24.2414 0.0321709 -5.82285e-05
1 33.4163 24.2415 0.0558977 -0.000471825
1 34.5138 24.2416 0.0663982 -0.00153056
1 35.6129 24.2415 0.0269798 -0.00350164
1 36.717 24.241 -0.0045731 -0.00602636
1 37.8273 24.2401 -0.0133018 -0.00787705
1 38.9424 24.2391 -0.00498836 -0.00650695
1 40.0611 24.2386 0.00166057 -0.000560558
1 41.1796 24.2395 -0.0128801 0.00569555
1 42.2959 24.2408 -0.0248629 0.00304569
1 43.4128 24.2416 -0.0288646 0.000992094
1 0.827115 25.196 0.0312285 0.00699569
1 1.94431 25.1943 0.0259979 0.0125515
1 3.06075 25.1916 0.01618 0.0172896
1 4.17854 25.1899 0.00646547 0.0034177
1 5.29622 25.191 0.00936767 -0.011423
1 6.41122 25.1938 0.0106772 -0.0151548
1 7.52187 25.1963 -0.000349779 -0.0107985
1 8.62631 25.1977 -0.0299071 -0.00474253
1 9.7256 25.1981 -0.0664251 0.000363144
1 10.8233 25.198 -0.0548864 0.00343461
1 11.9229 25.1977 -0.0320694 0.00465945
1 13.0247 25.1974 -0.0268985 0.00543167
1 14.1258 25.1971 -0.0326822 0.00593126
1 15.2267 25.197 -0.0254661 0.00572189
1 16.3283 25.197 -0.0138294 0.00564581
1 17.4307 25.197 -0.0231828 0.00529066
1 18.5337 25.1972 -0.0176547 0.00450624
1 19.6367 25.1974 -0.00155091 0.00306802
1 20.7403 25.1976 -0.00275138 0.00188416
1 21.844 25.1976 -0.00147477 0.00148868
1 22.9476 25.1976 0.00577865 0.00165314
1 24.0517 25.1975 0.00127179 0.00257271
1 25.155 25.1974 0.00465306 0.00420921
1 26.2575 25.1972 0.0176412 0.00552873
1 27.36 25.197 0.01887 0.00597274
1 28.4623 25.1969 0.0287571 0.00594366
1 29.5642 25.1969 0.0363044 0.00631032
1 30.6649 25.1971 0.0240402 0.00639147
1 31.7661 25.1973 0.026391 0.00535702
1 32.8676 25.1977 0.0420598 0.0041927
1 33.9657 25.1979 0.0616499 0.00179979
1 35.0634 25.1978 0.0495878 -0.00194004
1 36.1652 25.1969 0.00818457 -0.00743229
1 37.2729 25.1949 -0.0126227 -0.0136342
1 38.3858 25.1921 -0.0114471 -0.0144984
1 39.5025 25.1899 -0.00714209 -0.00451509
1 40.6202 25.1903 -0.0132303 0.0120866
1 41.7375 25.1931 -0.0212091 0.0164674
1 42.8542 25.1952 -0.0309154 0.00892616
1 43.9794 25.1965 -0.037909 0.00265458
1 0.258428 26.1498 0.0303306 0.0125653
1 1.38556 26.1483 0.0251312 0.0230782
1 2.50313 26.1454 0.0203136 0.0301343
1 3.61987 26.1424 0.022979 0.021673
1 4.73587 26.1422 0.0193768 0.000461679
1 5.85121 26.1451 0.0175175 -0.0139178
1 6.9643 26.1493 0.0105018 -0.0145647
1 8.07267 26.1523 -0.01432 -0.0062554
1 9.17511 26.1539 -0.0521897 0.00155084
1 10.2733 26.1543 -0.0616004 0.00706437
1 11.3717 26.1541 -0.0420711 0.0105979
1 12.4732 26.1537 -0.0254471 0.0126192
1 13.5746 26.1533 -0.0233456 0.0135096
1 14.6755 26.1531 -0.0364566 0.0132921
1 15.7775 26.153 -0.0284998 0.0127052
1 16.8801 26.153 -0.0206356 0.0122654
1 17.9827 26.1532 -0.0201244 0.0112215
1 19.0851 26.1535 -0.00736246 0.00979866
1 20.1883 26.1538 -0.00285767 0.00818864
1 21.2923 26.1539 -0.00615121 0.0073545
1 22.3957 26.154 0.00173661 0.00720887
1 23.4994 26.1538 0.00425117 0.00743997
1 24.6031 26.1537 0.00331321 0.00897233
1 25.706 26.1534 0.0207565 0.0109692
1 26.8089 26.1531 0.0246456 0.0122275
1 27.9115 26.1529 0.0144778 0.0128516
1 29.0132 26.1529 0.0248963 0.0135045
1 30.1143 26.1531 0.0321137 0.0140905
1 31.2156 26.1533 0.0264397 0.0134769
1 32.3176 26.1537 0.0314932 0.011977
1 33.4175 26.154 0.0564268 0.00987391
1 34.5155 26.154 0.0687765 0.00537199
1 35.6155 26.1531 0.0319275 -0.00245475
1 36.7209 26.1507 0.000583177 -0.0111726
1 37.8321 26.1469 -0.0138419 -0.0154275
1 38.9465 26.1431 -0.0184579 -0.00644318
1 40.0623 26.1417 -0.0188156 0.0118481
1 41.1787 26.1436 -0.0225878 0.0290819
1 42.2956 26.147 -0.0261338 0.0284642
1 43.4134 26.1495 -0.0321399 0.0205359
1 0.825981 27.1009 0.0247967 0.0280968
1 1.94469 27.0983 0.0224759 0.0336154
1 3.06133 27.0954 0.0261567 0.0240069
1 4.17655 27.0944 0.0294146 0.00673656
1 5.29073 27.0961 0.0284218 -0.0104869
1 6.40427 27.1 0.0170175 -0.0208088
1 7.51569 27.1045 -0.00554641 -0.0200087
1 8.62182 27.1079 -0.0377749 -0.0117802
1 9.72254 27.1095 -0.0722408 -0.00223125
1 10.8211 27.1098 -0.0577426 0.00460897
1 11.9213 27.1096 -0.0323259 0.00804295
1 13.0236 27.1092 -0.0255865 0.0103508
1 14.1251 27.1088 -0.0309576 0.011665
1 15.2265 27.1087 -0.0248047 0.011489
1 16.3285 27.1086 -0.0149375 0.0111469
1 17.4312 27.1087 -0.0255173 0.0105653
1 18.5343 27.109 -0.0205416 0.00992117
1 19.6371 27.1092 -0.00435262 0.00867606
1 20.7406 27.1094 -0.00470497 0.00758873
1 21.8441 27.1096 -0.0020619 0.00750745
1 22.9474 27.1095 0.00691786 0.00737622
1 24.0513 27.1093 0.00412898 0.00770287
1 25.1544 27.109 0.00816505 0.00909674
1 26.2569 27.1087 0.0204704 0.0106381
1 27.3595 27.1085 0.0204443 0.0115366
1 28.4622 27.1085 0.0290612 0.0119538
1 29.5646 27.1086 0.0352917 0.0122168
1 30.6658 27.1088 0.0221432 0.0118566
1 31.7675 27.1092 0.0253031 0.00989047
1 32.8694 27.1095 0.0432602 0.00667956
1 33.9682 27.1095 0.0656287 0.000981983
1 35.067 27.1085 0.0563 -0.00657724
1 36.1704 27.1061 0.0154997 -0.0149335
1 37.2795 27.1021 -0.0125229 -0.0207329
1 38.3921 27.0976 -0.0246501 -0.0165324
1 39.5061 27.0947 -0.0315594 -0.000993066
1 40.6204 27.0944 -0.0305249 0.0167801
1 41.7366 27.0965 -0.020699 0.031307
1 42.855 27.0998 -0.0196104 0.0335916
1 43.9845 27.1013 -0.0241801 0.0272675
1 0.253825 28.0512 0.0233493 0.0360085
1 1.38439 28.0501 0.0165947 0.0398751
1 2.5029 28.0479 0.0240162 0.0321276
1 3.61838 28.0474 0.0363602 0.0165292
1 4.73179 28.0486 0.0384899 0.00553972
1 5.84445 28.0512 0.032105 -0.00765067
1 6.95661 28.0553 0.0130611 -0.0159192
1 8.06595 28.0598 -0.0196906 -0.0153314
1 9.17005 28.0631 -0.0593987 -0.00834191
1 10.2696 28.0649 -0.0675216 0.000349489
1 11.3691 28.0653 -0.0451266 0.0078214
1 12.4712 28.0652 -0.0253813 0.0125472
1 13.5732 28.0649 -0.0214453 0.0148804
1 14.6748 28.0647 -0.034604 0.0157746
1 15.7774 28.0645 -0.027785 0.0160959
1 16.8805 28.0645 -0.02114 0.0164115
1 17.9833 28.0646 -0.0216555 0.0162383
1 19.0858 28.0648 -0.00932084 0.0159745
1 20.1888 28.065 -0.00446296 0.0155199
1 21.2925 28.0652 -0.00686948 0.0154736
1 22.3956 28.0652 0.00180142 0.0155359
1 23.499 28.0651 0.0052796 0.015109
1 24.6025 28.0648 0.00530137 0.015452
1 25.7053 28.0646 0.023012 0.0161344
1 26.8084 28.0644 0.0264026 0.0165648
1 27.9114 28.0643 0.0149129 0.0168723
1 29.0135 28.0645 0.0234422 0.0168384
1 30.1153 28.0647 0.0294308 0.0160251
1 31.2172 28.0649 0.0247318 0.0139732
1 32.3198 28.0651 0.0326093 0.0104137
1 33.4206 28.0649 0.0608007 0.00519809
1 34.5197 28.0639 0.0759677 -0.00292366
1 35.6214 28.0614 0.0395698 -0.0122788
1 36.7282 28.0573 0.00257184 -0.0164413
1 37.8395 28.0529 -0.0230795 -0.01076
1 38.9518 28.0495 -0.0384317 -0.000389903
1 40.0646 28.0477 -0.0369399 0.00943667
1 41.1787 28.0471 -0.0300664 0.0231577
1 42.295 28.0486 -0.0171016 0.0368953
1 43.4147 28.0505 -0.0106514 0.0350628
1 0.825104 29.0001 0.00347008 0.0419758
1 1.94472 28.9996 0.0157999 0.0365002
1 3.06022 28.9999 0.0331021 0.0228809
1 4.17377 29.0019 0.0403443 0.0120864
1 5.28604 29.0042 0.0427326 0.00909116
1 6.39742 29.0069 0.0273967 0.00076191
1 7.50832 29.0108 -0.00272083 -0.00957518
1 8.61532 29.0152 -0.0419504 -0.0109443
1 9.71753 29.0186 -0.0783379 -0.00408534
1 10.8173 29.0204 -0.0628994 0.00506691
1 11.9185 29.021 -0.0348402 0.012043
1 13.0215 29.0211 -0.0247528 0.0171115
1 14.1238 29.0208 -0.0287125 0.0201888
1 15.2259 29.0206 -0.0229694 0.0211005
1 16.3284 29.0204 -0.0139856 0.0217368
1 17.4315 29.0203 -0.0249671 0.022543
1 18.5347 29.0203 -0.0204251 0.0236849
1 19.6375 29.0204 -0.00455985 0.0241934
1 20.7409 29.0205 -0.00473741 0.0243863
1 21.8441 29.0206 -0.00223702 0.0247656
1 22.9472 29.0205 0.00644262 0.0246288
1 24.0509 29.0203 0.0043006 0.0242491
1 25.154 29.0202 0.00874276 0.0237921
1 26.2565 29.0201 0.0207802 0.023331
1 27.3594 29.0202 0.0200495 0.022596
1 28.4625 29.0204 0.0274489 0.0217755
1 29.5654 29.0206 0.0328114 0.0207153
1 30.6674 29.0208 0.0202261 0.0191271
1 31.7698 29.0209 0.0261786 0.0158019
1 32.8725 29.0206 0.0479049 0.00968945
1 33.9725 29.0194 0.0720488 0.000273833
1 35.0727 29.0167 0.0623462 -0.00828806
1 36.1774 29.0128 0.0170957 -0.0104012
1 37.2867 29.0085 -0.0188862 -0.00493554
1 38.398 29.0051 -0.0389639 0.00487561
1 39.5099 29.0028 -0.0418456 0.0106979
1 40.6226 29.0004 -0.0391557 0.01572
1 41.7374 28.9991 -0.0289433 0.0285073
1 42.8554 28.9992 -0.019133 0.039722
1 43.9865 28.9997 -0.0235578 0.0390667
1 0.254323 29.9499 0.0201034 0.04172
1 1.38431 29.95 0.021341 0.0302065
1 2.50152 29.9516 0.035221 0.0131808
1 3.6156 29.9542 0.0461319 0.00271288
1 4.72842 29.9574 0.0452324 -0.000453955
1 5.84026 29.96 0.0424081 -0.00199468
1 6.95105 29.9628 0.0236291 -0.00871793
1 8.05978 29.9665 -0.0152865 -0.0167402
1 9.16452 29.9707 -0.0599241 -0.0192212
1 10.2652 29.9741 -0.070213 -0.0119947
1 11.3657 29.976 -0.0469538 -0.00121988
1 12.4687 29.9767 -0.024401 0.00761651
1 13.5714 29.9766 -0.0186965 0.0129365
1 14.6737 29.9763 -0.0318103 0.0162584
1 15.7768 29.9759 -0.0252743 0.0184997
1 16.8802 29.9755 -0.0187631 0.0203371
1 17.9833 29.9752 -0.0197269 0.0222672
1 19.0858 29.975 -0.00842764 0.0241669
1 20.1889 29.9749 -0.00411275 0.0253876
1 21.2926 29.9749 -0.00631673 0.0258031
1 22.3955 29.9749 0.00153035 0.0260281
1 23.4988 29.9748 0.00463748 0.0258802
1 24.6024 29.9748 0.00466635 0.0252508
1 25.7053 29.975 0.0215678 0.0233407
1 26.8086 29.9752 0.024759 0.0209106
1 27.9119 29.9756 0.0128964 0.0188265
1 29.0144 29.976 0.0204814 0.0175375
1 30.1166 29.9763 0.026254 0.0153846
1 31.2192 29.9765 0.0232105 0.0112267
1 32.3227 29.9763 0.0340594 0.00350365
1 33.4244 29.975 0.0639203 -0.00655251
1 34.5247 29.9723 0.0783566 -0.0164149
1 35.6274 29.9683 0.0378345 -0.0206287
1 36.7342 29.9641 -0.00603454 -0.0143775
1 37.8442 29.961 -0.0335849 -0.00403222
1 38.9553 29.9585 -0.0438622 -0.00122099
1 40.0675 29.9554 -0.0401698 -0.00152327
1 41.1807 29.9522 -0.0362267 0.00748253
1 42.2954 29.95 -0.0211791 0.0220752
1 43.4138 29.9492 -0.00865852 0.039151
1 0.826594 30.9012 0.0194753 0.0304146
1 1.94376 30.9029 0.0322747 0.00739742
1 3.05796 30.9063 0.0410362 -0.00549004
1 4.17113 30.9101 0.0425946 -0.0128016
1 5.28369 30.9139 0.0450101 -0.0128485
1 6.39476 30.9168 0.0363979 -0.010602
1 7.50445 30.9195 0.00973673 -0.0163207
1 8.61079 30.9231 -0.0336272 -0.0237009
1 9.71345 30.9273 -0.0738029 -0.022135
1 10.8141 30.9306 -0.058689 -0.0130302
1 11.916 30.9324 -0.0293138 -0.00118707
1 13.0196 30.933 -0.0170519 0.00860051
1 14.1223 30.9326 -0.0215483 0.0151235
1 15.2247 30.9319 -0.0179501 0.0182341
1 16.3275 30.9312 -0.0103584 0.0202124
1 17.4309 30.9306 -0.0215079 0.022598
1 18.5343 30.93 -0.0176843 0.0254454
1 19.6372 30.9297 -0.00372204 0.027445
1 20.7407 30.9294 -0.00437919 0.028059
1 21.844 30.9292 -0.00186682 0.0285667
1 22.9471 30.9293 0.0061507 0.0288452
1 24.0511 30.9294 0.00394423 0.028557
1 25.1544 30.9297 0.00689419 0.0266639
1 26.257 30.9302 0.017032 0.0237705
1 27.3602 30.9308 0.0158385 0.0209053
1 28.4635 30.9315 0.0231386 0.0187574
1 29.5667 30.9322 0.0279565 0.016405
1 30.6691 30.9327 0.0139195 0.0119944
1 31.772 30.9326 0.0200655 0.00422047
1 32.8755 30.9314 0.0442069 -0.00733456
1 33.9763 30.9287 0.0683402 -0.0195687
1 35.0772 30.9248 0.0556069 -0.0247046
1 36.1819 30.9209 0.0062885 -0.0191601
1 37.2901 30.9179 -0.0296749 -0.0124874
1 38.4005 30.9153 -0.0426652 -0.0124583
1 39.5126 30.9118 -0.0436429 -0.0130029
1 40.6251 30.9079 -0.0448283 -0.00928424
1 41.7386 30.9041 -0.035653 -0.00215467
1 42.8545 30.9012 -0.0249374 0.0183087
1 43.9821 30.9008 -0.0124938 0.0417172
1 0.261585 31.8553 0.0125665 0.0367143
1 1.38664 31.8561 0.0322755 0.00923348
1 2.50122 31.8596 0.0405963 -0.00760863
1 3.61441 31.864 0.047916 -0.01388
1 4.72703 31.8681 0.0455577 -0.0175036
1 5.83926 31.8721 0.044037 -0.0181841
1 6.94984 31.8751 0.0342381 -0.0142329
1 8.05745 31.8776 -8.00258e-05 -0.0153208
1 9.1615 31.8811 -0.0473378 -0.0214421
1 10.2626 31.8851 -0.0612283 -0.0193021
1 11.3638 31.8884 -0.0375459 -0.00769853
1 12.4673 31.89 -0.0108846 0.00532824
1 13.5702 31.8901 -0.00425658 0.0148967
1 14.6724 31.8892 -0.0201657 0.020149
1 15.7754 31.888 -0.0168857 0.0226713
1 16.8789 31.8869 -0.0124802 0.0240271
1 17.9823 31.8859 -0.0149375 0.0256774
1 19.085 31.8852 -0.00639126 0.0276299
1 20.1883 31.8846 -0.00402037 0.0288138
1 21.2923 31.8842 -0.00558651 0.0293315
1 22.3955 31.8841 0.00189517 0.0300379
1 23.4992 31.8844 0.00443387 0.029831
1 24.6031 31.8848 0.00304286 0.0288312
1 25.7062 31.8854 0.0169062 0.0263957
1 26.8096 31.8862 0.0191229 0.0238873
1 27.9132 31.8873 0.0068855 0.022409
1 29.0157 31.8885 0.0117605 0.0215688
1 30.1179 31.8896 0.0137571 0.0180098
1 31.2207 31.89 0.00924195 0.00986435
1 32.3244 31.8891 0.0225977 -0.00305237
1 33.4269 31.8864 0.054483 -0.0150461
1 34.5277 31.8827 0.0672121 -0.0206529
1 35.6303 31.8789 0.023654 -0.018185
1 36.736 31.8761 -0.0188147 -0.0134389
1 37.8456 31.8735 -0.0368686 -0.0144646
1 38.9572 31.87 -0.0418704 -0.0180058
1 40.0698 31.8658 -0.0419617 -0.0159786
1 41.1826 31.8615 -0.0427034 -0.0104301
1 42.296 31.8573 -0.0379957 0.00082865
1 43.4118 31.8542 -0.0290643 0.0206342
1 0.830529 32.8108 0.0410612 0.00384035
1 1.94549 32.8137 0.0464027 -0.0095124
1 3.05815 32.8178 0.0490447 -0.0169612
1 4.17056 32.822 0.0484136 -0.0171692
1 5.28274 32.8259 0.0453882 -0.0168774
1 6.39441 32.8297 0.0361141 -0.0145055
1 7.50416 32.8326 0.0198104 -0.0074912
1 8.60946 32.835 -0.015921 -0.00668527
1 9.71146 32.8381 -0.0584659 -0.00834249
1 10.8124 32.8418 -0.0483166 -0.00570161
1 11.9153 32.8451 -0.0182972 0.00676719
1 13.0194 32.8465 -0.000298536 0.0235691
1 14.122 32.8459 -0.00226486 0.0355574
1 15.2238 32.8443 -0.00122905 0.0405142
1 16.3261 32.8425 0.00181805 0.0416041
1 17.4295 32.8409 -0.0131449 0.0420673
1 18.533 32.8396 -0.0125795 0.0427894
1 19.6361 32.8387 -0.00212058 0.0436225
1 20.7399 32.838 -0.00338119 0.0442501
1 21.8438 32.8377 -0.000875622 0.0456734
1 22.9476 32.8378 0.00566637 0.0452738
1 24.052 32.8383 0.00263797 0.043942
1 25.1555 32.8391 0.00291459 0.0428251
1 26.2583 32.8401 0.00954348 0.041958
1 27.3617 32.8415 0.0059496 0.0418876
1 28.4647 32.8433 0.0098008 0.0412248
1 29.5674 32.8451 0.0110796 0.0373318
1 30.6695 32.8461 -0.00477625 0.0275852
1 31.7726 32.8456 0.00487785 0.0137838
1 32.8768 32.8432 0.0339965 0.000260693
1 33.9784 32.8396 0.0553687 -0.00723025
1 35.0791 32.8361 0.0375521 -0.00677575
1 36.1827 32.8335 -0.0088069 -0.00432214
1 37.2904 32.8311 -0.0346076 -0.010897
1 38.4014 32.8276 -0.0419396 -0.0175577
1 39.5136 32.8237 -0.0445004 -0.0165227
1 40.6259 32.8197 -0.0458243 -0.0172859
1 41.7386 32.8154 -0.0420417 -0.0136687
1 42.852 32.8118 -0.0361773 -0.00411365
1 43.9745 32.8098 -0.0168297 0.0160863
1 0.269324 33.7678 0.0304954 -0.0183616
1 1.39037 33.7692 0.0462138 -0.0199361
1 2.50286 33.7723 0.0501856 -0.0166636
1 3.61491 33.7759 0.0521066 -0.0139074
1 4.72693 33.7795 0.0504741 -0.00837246
1 5.83869 33.7828 0.0458733 -0.0061403
1 6.94969 33.7862 0.0339341 -0.00155134
1 8.05755 33.7887 0.0100322 0.0092183
1 9.16075 33.7907 -0.0276025 0.0154348
1 10.261 33.7934 -0.0439884 0.0157038
1 11.3625 33.7968 -0.0290997 0.0203201
1 12.4672 33.7998 -0.00232436 0.0322656
1 13.5709 33.8008 0.00960857 0.0503731
1 14.6731 33.7998 -0.0011054 0.0655969
1 15.7753 33.7975 0.00372205 0.0726036
1 16.8779 33.7949 0.00466478 0.0730298
1 17.981 33.7928 -0.0032758 0.0710185
1 19.0836 33.7912 -0.000584738 0.0695863
1 20.1871 33.79 -0.00106242 0.069478
1 21.2917 33.7894 -0.00277568 0.0707834
1 22.3958 33.7894 0.00141918 0.0712534
1 23.5001 33.7897 0.00116783 0.06919
1 24.6043 33.7906 -0.00186546 0.0690365
1 25.7074 33.7919 0.00805093 0.0704351
1 26.8109 33.7937 0.00586311 0.0719068
1 27.914 33.7961 -0.0110323 0.0718775
1 29.0157 33.7985 -0.00966071 0.0680519
1 30.1172 33.8002 -0.00525244 0.057619
1 31.2203 33.8002 -0.00266636 0.0409764
1 32.3252 33.7981 0.0156823 0.0249587
1 33.4285 33.7948 0.042249 0.0177687
1 34.529 33.7918 0.0480871 0.0173244
1 35.6307 33.7896 0.00847899 0.013303
1 36.7362 33.7874 -0.0240868 0.00345418
1 37.8462 33.7843 -0.0396371 -0.00420735
1 38.9578 33.7809 -0.0511979 -0.00761584
1 40.0696 33.7775 -0.0515423 -0.0138997
1 41.1818 33.7736 -0.052546 -0.0163088
1 42.294 33.7704 -0.0503144 -0.0183829
1 43.4085 33.7679 -0.045907 -0.01996
1 0.833856 34.727 0.0514135 -0.0432218
1 1.94783 34.7292 0.054295 -0.0350257
1 3.0595 34.7317 0.0590787 -0.0281185
1 4.17119 34.7345 0.0565901 -0.0268329
1 5.28285 34.7374 0.0565391 -0.0196231
1 6.39378 34.7399 0.0461342 -0.0147532
1 7.50372 34.7425 0.0257363 -0.00912869
1 8.60944 34.7447 -0.00608178 0.00118925
1 9.71112 34.7463 -0.0399166 0.0102857
1 10.8113 34.7483 -0.0321579 0.0119311
1 11.9142 34.7511 -0.0109437 0.0127307
1 13.0195 34.7536 0.00340716 0.0243139
1 14.1234 34.7543 0.00553158 0.041582
1 15.2254 34.7528 0.0151933 0.0577402
1 16.3269 34.7499 0.0224967 0.0658605
1 17.4293 34.7466 0.00530424 0.0655638
1 18.5321 34.7439 0.000570222 0.0614514
1 19.6349 34.7419 0.00585877 0.057777
1 20.7391 34.7407 0.00228429 0.0566442
1 21.8437 34.7402 0.000441885 0.0578659
1 22.9481 34.7404 0.000896781 0.056325
1 24.053 34.7412 -0.00335102 0.0557017
1 25.1565 34.7428 -0.00589861 0.0595822
1 26.259 34.7451 -0.00675299 0.0637243
1 27.3615 34.7481 -0.0162721 0.0655517
1 28.4635 34.7513 -0.0117819 0.0613853
1 29.5657 34.7535 -0.00148273 0.0486893
1 30.6687 34.7538 -0.00786468 0.0314556
1 31.7732 34.7521 0.00164263 0.0180616
1 32.8781 34.7495 0.0230265 0.0131815
1 33.9792 34.7471 0.0354711 0.011931
1 35.0791 34.7454 0.0208919 0.00593042
1 36.1828 34.7436 -0.015786 -0.00432698
1 37.291 34.7411 -0.0398213 -0.0140202
1 38.4019 34.7383 -0.0523868 -0.0179757
1 39.5135 34.7357 -0.0558847 -0.0226184
1 40.6252 34.7327 -0.0607616 -0.0281673
1 41.737 34.7302 -0.0611749 -0.0332081
1 42.8494 34.7277 -0.0594167 -0.0383691
1 43.9701 34.7266 -0.0478456 -0.0449322
1 0.270296 35.6859 0.057952 -0.0626755
1 1.39113 35.6882 0.0621505 -0.0564052
1 2.50357 35.69 0.0647403 -0.0549795
1 3.61513 35.692 0.0674781 -0.0491879
1 4.7267 35.6941 0.0630574 -0.0446818
1 5.8381 35.6961 0.0585504 -0.0404028
1 6.94881 35.6982 0.0440151 -0.03764
1 8.05699 35.7003 0.0178674 -0.0319717
1 9.1608 35.7019 -0.0161161 -0.0227802
1 10.261 35.7033 -0.028332 -0.0152742
1 11.362 35.7048 -0.0157029 -0.0142295
1 12.4664 35.707 0.00461443 -0.0146626
1 13.5711 35.7089 0.00910934 -0.00818663
1 14.6749 35.7094 -0.00156153 0.00716656
1 15.7779 35.7077 0.0119487 0.023489
1 16.8802 35.7044 0.0212271 0.0326509
1 17.9821 35.7006 0.0149811 0.0326475
1 19.0837 35.6972 0.0143128 0.0275931
1 20.1867 35.6949 0.00952177 0.0226201
1 21.2915 35.6937 0.00264369 0.0208762
1 22.3959 35.6935 -0.00199411 0.0201717
1 23.5005 35.6941 -0.00699608 0.0200336
1 24.6045 35.6959 -0.0124468 0.0249894
1 25.7068 35.6988 -0.00896122 0.0309725
1 26.8091 35.7024 -0.0141229 0.0324242
1 27.9115 35.706 -0.024618 0.0269478
1 29.0134 35.7084 -0.0121873 0.014233
1 30.1163 35.709 -0.00224508 -0.00027463
1 31.2208 35.7078 -0.00495113 -0.0109432
1 32.326 35.7057 0.00394757 -0.0149253
1 33.4285 35.7039 0.0242092 -0.0143411
1 34.5286 35.7027 0.0322509 -0.0176983
1 35.6307 35.7012 -0.00149307 -0.0285951
1 36.7368 35.6991 -0.0343886 -0.0364988
1 37.8465 35.6969 -0.0517946 -0.0397521
1 38.9577 35.6948 -0.0609756 -0.0440381
1 40.0691 35.6926 -0.0626008 -0.0473691
1 41.1805 35.6907 -0.0639497 -0.0505387
1 42.2924 35.6888 -0.0613456 -0.0565678
1 43.4064 35.6874 -0.0615092 -0.062019
1 0.832465 36.6484 0.0612573 -0.0709386
1 1.94693 36.6501 0.0654357 -0.0643822
1 3.05891 36.6518 0.0683726 -0.0598831
1 4.1706 36.6534 0.0659822 -0.0584087
1 5.28228 36.6552 0.0646635 -0.0567488
1 6.39314 36.6568 0.0547549 -0.0531949
1 7.50291 36.6585 0.0338812 -0.0531273
1 8.60916 36.6605 0.00204697 -0.0491919
1 9.71162 36.6621 -0.0271482 -0.0400282
1 10.8119 36.6631 -0.0185671 -0.0345171
1 11.9143 36.6644 -0.001143 -0.036993
1 13.0194 36.6662 0.00949319 -0.0369605
1 14.124 36.6677 0.00553413 -0.0318303
1 15.2274 36.6678 0.0113516 -0.0206804
1 16.3301 36.6661 0.0219695 -0.0069114
1 17.433 36.6627 0.0137828 0.0028871
1 18.5351 36.6585 0.0165217 0.00506549
1 19.6366 36.6547 0.0233033 0.000978084
1 20.7399 36.6522 0.0146033 -0.00450898
1 21.8438 36.6511 0.00193221 -0.00696601
1 22.9476 36.6514 -0.00798347 -0.00638032
1 24.0518 36.6533 -0.0162405 -0.00186607
1 25.1543 36.6566 -0.0222036 0.00325313
1 26.2556 36.6606 -0.0217637 0.00303069
1 27.3578 36.6643 -0.0214473 -0.00254574
1 28.4608 36.6668 -0.0076946 -0.0132649
1 29.5647 36.6676 0.00223786 -0.0264646
1 30.6687 36.6668 -0.0124477 -0.0350029
1 31.7731 36.6651 -0.0100123 -0.0375832
1 32.8774 36.6637 0.0117428 -0.0346219
1 33.9783 36.6626 0.0239962 -0.0368034
1 35.0789 36.6613 0.0116094 -0.045491
1 36.1834 36.6594 -0.0233221 -0.0519814
1 37.2918 36.6576 -0.0487956 -0.053627
1 38.4023 36.6559 -0.0633531 -0.0549022
1 39.5134 36.6541 -0.0682928 -0.0566078
1 40.6245 36.6525 -0.0725944 -0.0594316
1 41.7361 36.6507 -0.0690543 -0.0630727
1 42.8485 36.6493 -0.0690743 -0.0659867
1 43.9689 36.6479 -0.0708891 -0.0711544
1 0.270691 37.6105 0.0756413 -0.0687432
1 1.39068 37.6114 0.0723343 -0.0708616
1 2.50325 37.6127 0.0714531 -0.0733404
1 3.6151 37.6145 0.0743484 -0.0703179
1 4.72633 37.6158 0.071193 -0.0684291
1 5.83755 37.6173 0.0641465 -0.0705945
1 6.9481 37.6191 0.05182 -0.0678412
1 8.0562 37.6205 0.025709 -0.0661226
1 9.16077 37.6223 -0.00982119 -0.0651893
1 10.2621 37.624 -0.0207761 -0.0571189
1 11.3633 37.625 -0.0071801 -0.0529588
1 12.4673 37.626 0.0121658 -0.0549749
1 13.5718 37.6276 0.0147277 -0.0565622
1 14.6761 37.6287 5.57436e-05 -0.0507684
1 15.7802 37.6285 0.00806864 -0.0407837
1 16.8839 37.6265 0.0165668 -0.0303357
1 17.9868 37.6231 0.0169048 -0.0214281
1 19.0882 37.619 0.0255064 -0.015825
1 20.1901 37.6151 0.0243645 -0.0163578
1 21.293 37.6127 0.0113736 -0.0191431
1 22.3952 37.6121 -0.00542786 -0.0196343
1 23.498 37.6137 -0.0191183 -0.0172838
1 24.6007 37.617 -0.0269913 -0.016125
1 25.702 37.621 -0.0175194 -0.019953
1 26.8046 37.6246 -0.0112639 -0.02642
1 27.9085 37.6273 -0.0173004 -0.0344695
1 29.0119 37.6285 -0.0120394 -0.045798
1 30.1154 37.628 -0.00833963 -0.0549083
1 31.22 37.6266 -0.0109528 -0.0562447
1 32.3249 37.6253 -0.00202263 -0.0541246
1 33.4272 37.6246 0.0163074 -0.0530924
1 34.5279 37.6233 0.0252788 -0.0610847
1 35.6312 37.6213 -0.00575001 -0.0681494
1 36.7377 37.6195 -0.0411573 -0.0666509
1 37.8472 37.6182 -0.0589707 -0.0667699
1 38.9582 37.6166 -0.0667467 -0.0701351
1 40.0694 37.6151 -0.0689682 -0.0698391
1 41.1808 37.6136 -0.0715701 -0.0709402
1 42.2926 37.6121 -0.0685948 -0.0706944
1 43.407 37.6106 -0.0662546 -0.0718068
1 0.832667 38.5732 0.0739698 -0.0736174
1 1.94702 38.5742 0.0719202 -0.0736385
1 3.05889 38.5756 0.0753307 -0.0738375
1 4.17044 38.5773 0.0738029 -0.0742217
1 5.28167 38.5788 0.0714806 -0.0703891
1 6.39236 38.5802 0.0596503 -0.0712655
1 7.5022 38.5817 0.0403626 -0.0706454
1 8.6086 38.5832 0.00916274 -0.069502
1 9.71202 38.585 -0.0227484 -0.0669556
1 10.8133 38.5867 -0.0152526 -0.0614842
1 11.916 38.5878 0.00307325 -0.058331
1 13.0208 38.5887 0.0147746 -0.060132
1 14.1255 38.5901 0.0101961 -0.0597162
1 15.2294 38.5909 0.0134577 -0.0531031
1 16.3329 38.5901 0.0195963 -0.0432802
1 17.4368 38.5878 0.00779572 -0.0345613
1 18.54 38.5845 0.0108832 -0.0263468
1 19.642 38.5809 0.0233663 -0.0178778
1 20.7438 38.5779 0.0179901 -0.0122031
1 21.8446 38.5763 0.00368982 -0.00987315
1 22.9451 38.5768 -0.00981077 -0.00986789
1 24.0471 38.5793 -0.0207445 -0.0149689
1 25.1489 38.5826 -0.0216185 -0.0243592
1 26.251 38.5859 -0.0124435 -0.0312536
1 27.3547 38.5888 -0.0139095 -0.0375326
1 28.4586 38.5904 -0.00987213 -0.0484034
1 29.5629 38.5903 -0.00288461 -0.0589659
1 30.6673 38.589 -0.0167886 -0.0603303
1 31.7716 38.5881 -0.0161309 -0.0573842
1 32.8756 38.5874 0.00756117 -0.0582506
1 33.9773 38.586 0.020655 -0.065474
1 35.079 38.584 0.00421471 -0.0686564
1 36.1838 38.5824 -0.0333853 -0.068315
1 37.292 38.581 -0.0544775 -0.0724411
1 38.4025 38.5794 -0.0664653 -0.0715572
1 39.5136 38.578 -0.0695948 -0.0706345
1 40.625 38.5764 -0.0698723 -0.075026
1 41.7368 38.5749 -0.0705264 -0.0737468
1 42.8491 38.5737 -0.0707003 -0.073486
1 43.9688 38.5728 -0.0727243 -0.0696467
1 0.270679 39.5357 0.0709839 -0.0721408
1 1.39057 39.5361 0.0717709 -0.0701408
1 2.50305 39.5375 0.0725144 -0.0747047
1 3.6147 39.5391 0.0740392 -0.0735968
1 4.72614 39.5409 0.0696349 -0.0729403
1 5.83741 39.5423 0.0670475 -0.0734246
1 6.94785 39.5438 0.0549655 -0.0713982
1 8.0561 39.5451 0.0329147 -0.0696685
1 9.16094 39.5466 -0.00130353 -0.0687583
1 10.2631 39.5485 -0.0171183 -0.0672014
1 11.3651 39.5502 -0.00658725 -0.064123
1 12.4693 39.5512 0.0152296 -0.0607253
1 13.5737 39.5522 0.0205588 -0.0619891
1 14.6782 39.5534 0.00288513 -0.0606645
1 15.7829 39.5538 0.00686072 -0.0524103
1 16.887 39.5526 0.0151203 -0.0413313
1 17.9902 39.55 0.0105475 -0.0319589
1 19.0923 39.5471 0.00996435 -0.0230518
1 20.1941 39.5448 0.00573137 -0.0133435
1 21.2952 39.5434 0.000708713 -0.0046698
1 22.3945 39.543 6.78504e-05 -0.00230948
1 23.4947 39.5439 -0.0047532 -0.00876779
1 24.5964 39.5457 -0.0115396 -0.0199463
1 25.6982 39.5482 -0.00311919 -0.0279059
1 26.8017 39.5511 -0.00482499 -0.0357988
1 27.9058 39.553 -0.0197311 -0.0485842
1 29.0093 39.5532 -0.0160197 -0.0576073
1 30.1132 39.5525 -0.0126518 -0.0601759
1 31.2179 39.5516 -0.0148674 -0.0601302
1 32.3228 39.5508 -0.00143802 -0.0634927
1 33.4258 39.5494 0.0158971 -0.0643882
1 34.5274 39.5477 0.0177533 -0.066819
1 35.6312 39.5459 -0.0147193 -0.0701619
1 36.7379 39.5445 -0.0457973 -0.0717033
1 37.8476 39.5431 -0.0611644 -0.0719287
1 38.9585 39.5416 -0.0691899 -0.0744678
1 40.0698 39.5398 -0.0698027 -0.07506
1 41.1813 39.5382 -0.07182 -0.0712359
1 42.2933 39.5368 -0.0695572 -0.0738388
1 43.4077 39.5358 -0.0704715 -0.0730194
1 0.832438 40.4982 0.0678709 -0.0761234
1 1.94658 40.4992 0.0681186 -0.074952
1 3.05841 40.5006 0.0719674 -0.0746502
1 4.16997 40.5022 0.0684279 -0.0778227
1 5.28165 40.504 0.0697078 -0.0757632
1 6.39226 40.5057 0.0618741 -0.0735799
1 7.50223 40.5071 0.0444526 -0.0735361
1 8.60898 40.5086 0.0177498 -0.0701541
1 9.71276 40.51 -0.0136291 -0.0679106
1 10.8147 40.5118 -0.013243 -0.0672338
1 11.9179 40.5134 0.00121602 -0.0658276
1 13.0233 40.5144 0.0137096 -0.064199
1 14.1282 40.5155 0.016858 -0.0620755
1 15.232 40.5165 0.0161669 -0.0575966
1 16.3356 40.5166 0.0134164 -0.0481401
1 17.4395 40.5152 0.000392933 -0.034117
1 18.5422 40.513 -0.00224359 -0.0204655
1 19.6432 40.5111 -0.000861864 -0.011671
1 20.7442 40.5102 -0.00744526 -0.00783377
1 21.8447 40.51 -0.00232435 -0.00666182
1 22.9449 40.5101 0.00858595 -0.00711164
1 24.0462 40.5104 0.00467062 -0.0101027
1 25.1472 40.5116 -0.000331572 -0.015636
1 26.2487 40.5138 -0.00234583 -0.0264587
1 27.3519 40.5157 -0.0131165 -0.0435633
1 28.4555 40.5161 -0.00906305 -0.054679
1 29.5602 40.5157 -0.00254682 -0.0589233
1 30.665 40.5147 -0.0193755 -0.0631618
1 31.7694 40.5139 -0.0158219 -0.0629941
1 32.8738 40.5129 0.00771358 -0.0654282
1 33.9761 40.511 0.0161667 -0.0700903
1 35.0784 40.5091 -0.00279447 -0.0697096
1 36.1838 40.5079 -0.0368643 -0.0697608
1 37.2925 40.5064 -0.0530604 -0.0756845
1 38.4035 40.5047 -0.0649608 -0.0748721
1 39.5147 40.5032 -0.0713761 -0.0741169
1 40.626 40.5014 -0.074557 -0.0780068
1 41.7377 40.4997 -0.071472 -0.0774941
1 42.8502 40.4985 -0.0730207 -0.0726339
1 43.9706 40.4979 -0.0707512 -0.0744844
1 0.268751 41.4597 0.0702408 -0.0749783
1 1.38938 41.4609 0.070573 -0.073849
1 2.50192 41.462 0.0731163 -0.0764307
1 3.61357 41.464 0.0748463 -0.0749983
1 4.72494 41.4658 0.0698471 -0.0755106
1 5.83632 41.4676 0.066437 -0.0763841
1 6.94709 41.4691 0.0527967 -0.0748237
1 8.05615 41.4707 0.0338043 -0.0730098
1 9.16174 41.4722 0.00605944 -0.0680988
1 10.2645 41.4736 -0.0128312 -0.0671308
1 11.3669 41.4754 -0.00367322 -0.0686598
1 12.4712 41.4768 0.0151231 -0.0646423
1 13.5763 41.4778 0.0163561 -0.0634445
1 14.6812 41.4792 0.00216621 -0.0625737
1 15.7855 41.4804 0.00339645 -0.0525228
1 16.8886 41.4804 0.00320198 -0.0357017
1 17.9908 41.4794 -0.00752666 -0.0199351
1 19.0914 41.478 -0.00847093 -0.0095514
1 20.192 41.477 -0.00791286 -0.00830094
1 21.2937 41.4763 -0.00575105 -0.013442
1 22.3952 41.4761 0.00193579 -0.0157058
1 23.4968 41.4765 0.00513502 -0.0107553
1 24.5979 41.4773 0.00624412 -0.00737368
1 25.6983 41.4784 0.0161334 -0.0137568
1 26.8003 41.4796 0.00723396 -0.0300043
1 27.9034 41.4798 -0.00964129 -0.0470747
1 29.0067 41.4792 -0.00927804 -0.0558119
1 30.1107 41.4783 -0.0155318 -0.061121
1 31.2154 41.4773 -0.0154292 -0.0637546
1 32.3209 41.4763 0.00243631 -0.0676776
1 33.4245 41.4746 0.0127118 -0.0691772
1 34.5265 41.4729 0.00904539 -0.0664853
1 35.6308 41.4715 -0.0205874 -0.0718212
1 36.7382 41.4698 -0.0474375 -0.0751065
1 37.8483 41.4683 -0.0617856 -0.0734789
1 38.9594 41.4667 -0.0681562 -0.0762809
1 40.0708 41.4649 -0.0705635 -0.07412
1 41.1822 41.4631 -0.0708868 -0.0746255
1 42.2943 41.4613 -0.0690421 -0.0755217
1 43.4086 41.46 -0.0680566 -0.0775614
1 0.830405 42.4218 0.0703897 -0.0797981
1 1.945 42.4235 0.0704322 -0.0761066
1 3.05673 42.4255 0.0735977 -0.0768644
1 4.16825 42.4274 0.0705903 -0.0787163
1 5.27977 42.4292 0.0696308 -0.0773972
1 6.39079 42.431 0.0601723 -0.0748376
1 7.50131 42.4324 0.04319 -0.0743591
1 8.60917 42.434 0.0209037 -0.0738641
1 9.71373 42.4357 -0.00773096 -0.0683167
1 10.8164 42.437 -0.0141053 -0.0661784
1 11.92 42.4386 0.00124008 -0.0700578
1 13.0255 42.4403 0.0136841 -0.0649684
1 14.1306 42.4416 0.0123214 -0.0570176
1 15.2339 42.4433 0.00481072 -0.0534844
1 16.3362 42.4452 -0.00393707 -0.0401644
1 17.4384 42.4458 -0.0182647 -0.0195287
1 18.5397 42.4449 -0.0167913 -0.00920996
1 19.6405 42.4435 -0.00404085 -0.0111118
1 20.7424 42.4422 -0.00033408 -0.014568
1 21.8444 42.4413 -3.10453e-05 -0.0150072
1 22.9462 42.4417 0.00100623 -0.0145659
1 24.0486 42.4428 0.00275937 -0.0130363
1 25.1501 42.4441 0.0112269 -0.0103314
1 26.2507 42.445 0.0142001 -0.0142893
1 27.3519 42.4449 0.00522047 -0.0299791
1 28.4541 42.4437 0.00638024 -0.0465122
1 29.5579 42.4421 0.000904964 -0.0557814
1 30.6624 42.4407 -0.0161131 -0.0632726
1 31.7676 42.4394 -0.00955172 -0.0660038
1 32.8723 42.4381 0.00494748 -0.0669457
1 33.9746 42.4364 0.0095922 -0.068306
1 35.0777 42.4348 -0.00749331 -0.0707719
1 36.1843 42.4332 -0.039089 -0.0729579
1 37.2935 42.4317 -0.058116 -0.075266
1 38.4044 42.4301 -0.067421 -0.0770148
1 39.5157 42.4284 -0.0699539 -0.0757912
1 40.6271 42.4265 -0.072642 -0.077825
1 41.7387 42.4242 -0.071215 -0.0770092
1 42.8514 42.4226 -0.0727135 -0.0766713
1 43.9721 42.421 -0.0757317 -0.0779077
1 0.266652 43.3826 0.0759672 -0.075509
1 1.38768 43.3844 0.0717272 -0.0753218
1 2.50021 43.3868 0.0742828 -0.0763343
1 3.61191 43.3892 0.0738087 -0.0736732
1 4.72332 43.3912 0.0713362 -0.0718152
1 5.83483 43.3928 0.0677937 -0.0756141
1 6.94588 43.3946 0.0595486 -0.0740962
1 8.05534 43.396 0.039486 -0.0694309
1 9.16192 43.3974 0.0133898 -0.0690125
1 10.2655 43.3991 -0.009441 -0.0665093
1 11.3685 43.4006 -0.00751086 -0.0633394
1 12.473 43.4021 0.0095453 -0.0626449
1 13.578 43.4042 0.00475078 -0.0587068
1 14.6823 43.4069 -0.0140671 -0.048736
1 15.7846 43.4099 -0.0141279 -0.0363682
1 16.8859 43.412 -0.0122517 -0.0236783
1 17.9874 43.412 -0.0140682 -0.0137693
1 19.0887 43.4102 -0.00577887 -0.0104142
1 20.1907 43.4082 -0.00355643 -0.0120726
1 21.2934 43.4071 -0.00347829 -0.0133914
1 22.3952 43.4069 0.00122596 -0.0135666
1 23.4976 43.4075 0.00249177 -0.0132535
1 24.6001 43.409 0.00108955 -0.0118035
1 25.7017 43.4109 0.0137629 -0.01215
1 26.8033 43.4117 0.0199268 -0.018094
1 27.9052 43.4103 0.0136077 -0.0305992
1 29.0066 43.4076 0.00799267 -0.0432809
1 30.1092 43.4052 -0.00329459 -0.0520703
1 31.2138 43.4032 -0.00791337 -0.0597973
1 32.3193 43.4016 0.00100895 -0.0647663
1 33.4226 43.4 0.0114667 -0.065512
1 34.5254 43.3984 0.00706053 -0.0655274
1 35.631 43.3967 -0.023145 -0.0716485
1 36.7393 43.395 -0.0479894 -0.0723803
1 37.85 43.3938 -0.0613326 -0.0712124
1 38.9614 43.3922 -0.0674613 -0.0744326
1 40.0729 43.3902 -0.0699682 -0.0750405
1 41.1843 43.388 -0.0720649 -0.0733413
1 42.296 43.3855 -0.0698943 -0.0755599
1 43.4106 43.3831 -0.0699828 -0.0750773
1 0.828502 44.3443 0.0695084 -0.0762605
1 1.9427 44.3475 0.0698965 -0.0758514
1 3.05444 44.3507 0.0722399 -0.0740802
1 4.16583 44.3529 0.0714232 -0.077165
1 5.27749 44.3546 0.0691031 -0.0751067
1 6.38911 44.3563 0.0615652 -0.0767109
1 7.50013 44.3578 0.0481538 -0.073954
1 8.60886 44.3592 0.0246963 -0.0717028
1 9.71455 44.3608 -0.00206241 -0.0678111
1 10.8176 44.3624 -0.0135852 -0.0639479
1 11.9211 44.3642 -0.00637278 -0.0624412
1 13.0258 44.3666 0.00154567 -0.0550437
1 14.1296 44.3699 -0.0101354 -0.0473346
1 15.2313 44.3742 -0.0191823 -0.0414416
1 16.3325 44.3777 -0.0153229 -0.0312177
1 17.4349 44.3783 -0.0158417 -0.0216999
1 18.5373 44.3765 -0.0112127 -0.0147396
1 19.6394 44.3744 -0.00471814 -0.0115802
1 20.7419 44.3727 -0.00294163 -0.0138744
1 21.8442 44.372 -0.000294226 -0.0165994
1 22.9465 44.3722 0.00270658 -0.0156196
1 24.0493 44.3735 0.00421038 -0.0130127
1 25.1517 44.3753 0.00788019 -0.0136509
1 26.2537 44.3771 0.0114825 -0.0190312
1 27.356 44.3776 0.0113043 -0.0265881
1 28.4576 44.3753 0.0190245 -0.0364478
1 29.5592 44.3714 0.0218178 -0.042767
1 30.6623 44.3681 0.00590509 -0.0505411
1 31.7668 44.3654 -0.00109255 -0.0602414
1 32.8708 44.3635 0.009314 -0.0626127
1 33.9736 44.362 0.0114822 -0.0660138
1 35.0778 44.36 -0.0139025 -0.0721449
1 36.1851 44.3583 -0.043666 -0.0717597
1 37.2951 44.3571 -0.0584419 -0.0743322
1 38.4066 44.3555 -0.0677453 -0.0754314
1 39.5183 44.354 -0.0684862 -0.0753653
1 40.63 44.3517 -0.0728323 -0.0763461
1 41.7415 44.3493 -0.0715658 -0.0762493
1 42.8537 44.3458 -0.0715625 -0.0758225
1 43.9746 44.3434 -0.0720868 -0.0736567
1 0.263096 45.3037 0.0695645 -0.0728714
1 1.38435 45.3077 0.0712667 -0.0748841
1 2.49623 45.3118 0.0716907 -0.0768277
1 3.60811 45.3147 0.0738716 -0.0755354
1 4.71989 45.3166 0.0717629 -0.0726823
1 5.83201 45.318 0.0646622 -0.0740236
1 6.94401 45.3195 0.0600013 -0.076243
1 8.05409 45.3211 0.0407107 -0.0717572
1 9.16186 45.3224 0.0120553 -0.0674847
1 10.2663 45.3245 -0.011063 -0.0657296
1 11.3687 45.3269 -0.0166956 -0.0542926
1 12.4717 45.3292 -0.0119187 -0.046936
1 13.5754 45.333 -0.019562 -0.0466004
1 14.6781 45.3383 -0.0252833 -0.0455876
1 15.7799 45.3427 -0.0152923 -0.0397143
1 16.8825 45.3442 -0.0113128 -0.0280664
1 17.9854 45.343 -0.0128458 -0.0151351
1 19.0875 45.3407 -0.00968009 -0.0112431
1 20.1902 45.3386 -0.00764976 -0.015227
1 21.2933 45.3375 -0.0027154 -0.0160524
1 22.3953 45.3372 0.0015684 -0.0155533
1 23.498 45.3379 0.0042669 -0.0165301
1 24.601 45.3395 0.00644771 -0.0135295
1 25.7033 45.3417 0.0136721 -0.0123606
1 26.8059 45.3433 0.0160564 -0.0220067
1 27.9091 45.343 0.0113919 -0.0366748
1 29.011 45.3397 0.0173311 -0.0431832
1 30.1128 45.3351 0.0235697 -0.0418503
1 31.2161 45.3311 0.0135095 -0.0455299
1 32.3195 45.3282 0.0119891 -0.0521359
1 33.4221 45.326 0.0205991 -0.0599584
1 34.5255 45.3236 0.00371604 -0.0671867
1 35.6317 45.3217 -0.0302253 -0.070186
1 36.7408 45.3203 -0.0515564 -0.0733764
1 37.8521 45.3189 -0.0629963 -0.0747571
1 38.964 45.3174 -0.070128 -0.0756803
1 40.076 45.3155 -0.0690984 -0.0748269
1 41.1879 45.3134 -0.0704099 -0.0731598
1 42.2997 45.3102 -0.0710819 -0.0757629
1 43.4131 45.3051 -0.0686832 -0.0765979
1 0.82364 46.2662 0.0695384 -0.0775975
1 1.93666 46.2736 0.0724614 -0.0731922
1 3.04914 46.2766 0.0693606 -0.0742215
1 4.16191 46.2789 0.0713329 -0.0767165
1 5.27428 46.2805 0.0709967 -0.0727591
1 6.38678 46.2815 0.062334 -0.0747441
1 7.49846 46.2835 0.0537153 -0.0751381
1 8.60751 46.2849 0.02911 -0.0665221
1 9.71373 46.2866 -0.0077556 -0.0617604
1 10.8164 46.2902 -0.0279451 -0.0544592
1 11.9179 46.2937 -0.024857 -0.0393644
1 13.0204 46.2966 -0.0205733 -0.0372627
1 14.1238 46.3012 -0.021763 -0.0533441
1 15.2267 46.3071 -0.0160593 -0.0541025
1 16.3295 46.3104 -0.0156296 -0.0331216
1 17.4332 46.31 -0.0198062 -0.0169851
1 18.5364 46.3076 -0.0139612 -0.0125758
1 19.6389 46.3051 -0.00784596 -0.0134327
1 20.7418 46.3035 -0.00567677 -0.0169341
1 21.8443 46.303 -0.00100753 -0.0188775
1 22.9466 46.3032 0.00393271 -0.0178017
1 24.0496 46.3042 0.00721823 -0.015121
1 25.1524 46.3063 0.011241 -0.0134741
1 26.2551 46.3085 0.0159119 -0.0161509
1 27.3584 46.3096 0.0151109 -0.0259104
1 28.4616 46.308 0.0154224 -0.0433112
1 29.5646 46.3036 0.0228962 -0.0528215
1 30.6679 46.2987 0.0205176 -0.0443492
1 31.7706 46.2953 0.0191547 -0.0370984
1 32.8724 46.2923 0.0304757 -0.0447452
1 33.9743 46.2886 0.0213505 -0.0609712
1 35.0787 46.2854 -0.0114375 -0.0673505
1 36.1868 46.2842 -0.0417399 -0.0673951
1 37.2976 46.2827 -0.0591025 -0.0764286
1 38.4098 46.281 -0.0671675 -0.0754932
1 39.5223 46.2797 -0.0696908 -0.073249
1 40.6348 46.2778 -0.074271 -0.0753408
1 41.7473 46.2751 -0.0716151 -0.0746033
1 42.8603 46.2712 -0.0705816 -0.0751403
1 43.9805 46.2624 -0.0724049 -0.0757182
1 0.252102 47.2226 0.0719183 -0.0750321
1 1.37295 47.2386 0.0732975 -0.0760854
1 2.48815 47.2429 0.0723956 -0.0739282
1 3.60228 47.2448 0.07231 -0.0753192
1 4.71578 47.2474 0.0715985 -0.0758651
1 5.82895 47.2481 0.0653899 -0.0710198
1 6.94129 47.2499 0.0602366 -0.0785973
1 8.05207 47.2525 0.0355519 -0.0638988
1 9.15974 47.2533 0.0054042 -0.0532773
1 10.2626 47.2575 -0.0318079 -0.0534279
1 11.3639 47.2631 -0.0421058 -0.0371602
1 12.4657 47.2656 -0.0179156 -0.0335373
1 13.5686 47.2684 -0.0155087 -0.0515239
1 14.6723 47.2742 -0.0212348 -0.0580098
1 15.7759 47.2796 -0.0243947 -0.0436598
1 16.8809 47.2811 -0.0241065 -0.0241939
1 17.9853 47.279 -0.0170684 -0.0120721
1 19.0881 47.2762 -0.0115792 -0.0123518
1 20.1907 47.2743 -0.0089473 -0.017028
1 21.2934 47.2733 -0.00138511 -0.0190075
1 22.3953 47.2731 0.000786277 -0.019426
1 23.4977 47.2738 0.00442161 -0.0186197
1 24.6007 47.2752 0.0105113 -0.015203
1 25.7033 47.2774 0.0148671 -0.0122662
1 26.8067 47.2797 0.02093 -0.0182893
1 27.9116 47.2798 0.0242218 -0.034294
1 29.0157 47.2763 0.0215191 -0.0517208
1 30.1191 47.2707 0.0179606 -0.0553574
1 31.2225 47.267 0.0144102 -0.0396354
1 32.3251 47.265 0.0330735 -0.03245
1 33.4265 47.2606 0.0431042 -0.0468205
1 34.5281 47.2551 0.0122057 -0.0555618
1 35.6337 47.2527 -0.0223348 -0.0591609
1 36.7432 47.2512 -0.055054 -0.0736191
1 37.8547 47.2489 -0.0632209 -0.0737245
1 38.9678 47.2479 -0.0672716 -0.072472
1 40.0808 47.246 -0.0734498 -0.0753273
1 41.1943 47.2441 -0.0716086 -0.0731897
1 42.3088 47.2406 -0.0710455 -0.0766297
1 43.426 47.2344 -0.0699603 -0.0745797
