1 0.572773 0.0172475 0.0583203 0.0832548
1 1.68954 0.0188639 0.0558986 0.0682456
1 2.80433 0.0218759 0.0398498 0.0804614
1 3.92114 0.023113 0.0154571 0.0924032
1 5.04015 0.0233642 0.00328605 0.0963475
1 6.15997 0.0234133 0.000353951 0.0970474
1 7.27993 0.0233749 -0.000660211 0.0969519
1 8.39985 0.02336 -0.000499429 0.0968353
1 9.51983 0.0233942 -6.89865e-05 0.0971015
1 10.6399 0.0233939 -0.00020608 0.0972154
1 11.7601 0.0233939 0.000205855 0.0972154
1 12.8802 0.0233941 6.63901e-05 0.0971011
1 14.0001 0.0233598 0.000482828 0.0968315
1 15.1201 0.0233734 0.000612832 0.0969295
1 16.24 0.0234061 -0.00017077 0.0970042
1 17.36 0.0233642 -0.000339926 0.0967842
1 18.4799 0.0233326 -0.000128163 0.096917
1 19.6 0.0234379 -0.000487014 0.0972292
1 20.72 0.0234172 3.21842e-08 0.0973793
1 21.84 0.0234379 0.00048778 0.0972293
1 22.9601 0.0233326 0.000136309 0.0969186
1 24.08 0.0233648 0.000390476 0.0967953
1 25.2 0.0234101 0.000369208 0.0970532
1 26.32 0.0233877 -0.00013076 0.0970658
1 27.44 0.0233917 -1.23737e-05 0.0970117
1 28.56 0.0234145 -4.29647e-05 0.0970956
1 29.6799 0.0233749 -0.000686358 0.0969528
1 30.7999 0.02336 -0.00049979 0.0968351
1 31.9198 0.0233942 -6.88447e-05 0.0971014
1 33.0399 0.0233939 -0.000206063 0.0972154
1 34.1601 0.0233939 0.000205892 0.0972154
1 35.2802 0.0233942 6.67042e-05 0.0971012
1 36.4001 0.0233598 0.000481421 0.0968321
1 37.5201 0.0233735 0.000542483 0.0969255
1 38.64 0.0234022 -0.00115963 0.0968716
1 39.7596 0.0232965 -0.00769169 0.095284
1 40.8776 0.0227619 -0.028229 0.0882603
1 41.9927 0.0206106 -0.0491763 0.0712872
1 43.108 0.0156613 -0.0522256 0.0631755
1 44.2276 0.0220793 -0.0610971 0.109976
1 0.0178682 0.987476 0.0718565 0.0840587
1 1.13493 0.984011 0.0562897 0.0639856
1 2.24866 0.986461 0.0455822 0.0683332
1 3.36312 0.987874 0.0315472 0.0805447
1 4.48063 0.988219 0.00958919 0.0854463
1 5.60007 0.988268 0.00148872 0.0864558
1 6.72 0.988267 -0.000349344 0.0864352
1 7.83994 0.988251 -0.00063901 0.0863251
1 8.95988 0.98825 -0.000491291 0.0864864
1 10.0799 0.988263 -0.00066627 0.0864364
1 11.2 0.988264 -3.50452e-08 0.0864559
1 12.3201 0.988263 0.000665457 0.0864363
1 13.4401 0.98825 0.000483215 0.0864857
1 14.5601 0.98825 0.000598336 0.0863185
1 15.68 0.988265 0.000311446 0.0864043
1 16.7999 0.988259 -0.00034129 0.0864286
1 17.9199 0.988233 -0.000146683 0.0862234
1 19.0398 0.988252 1.19215e-05 0.086434
1 20.1599 0.98828 -2.83224e-05 0.086714
1 21.2801 0.98828 2.86068e-05 0.086714
1 22.4002 0.988252 -8.57208e-06 0.0864342
1 23.5201 0.988233 0.000169597 0.0862256
1 24.6401 0.98826 0.0004405 0.0864426
1 25.76 0.988269 -2.07965e-05 0.0864523
1 26.88 0.988264 -0.000115645 0.0864231
1 28 0.98827 -1.52434e-05 0.0865385
1 29.12 0.988267 -0.000474747 0.0864372
1 30.2399 0.988251 -0.000642905 0.0863247
1 31.3599 0.98825 -0.000490897 0.0864864
1 32.4799 0.988263 -0.000666216 0.0864363
1 33.6 0.988264 -2.21422e-08 0.0864559
1 34.7201 0.988263 0.000665586 0.0864363
1 35.8401 0.98825 0.000483974 0.0864859
1 36.9601 0.98825 0.000585885 0.0863189
1 38.08 0.988264 -1.62013e-06 0.0863874
1 39.1998 0.988248 -0.00355981 0.0861243
1 40.3187 0.988092 -0.0171523 0.0837069
1 41.435 0.987283 -0.043708 0.0754623
1 42.5486 0.984679 -0.0598242 0.0635686
1 43.6616 0.983516 -0.0715164 0.0638981
1 0.58062 1.94894 0.0810766 0.0550026
1 1.69349 1.94932 0.0683787 0.051939
1 2.80592 1.95042 0.0520207 0.0613029
1 3.92151 1.95076 0.020602 0.0663215
1 5.0402 1.95082 0.00439821 0.0674308
1 6.15998 1.95082 0.000549918 0.0675645
1 7.27993 1.95082 -0.000526489 0.0675364
1 8.39985 1.95081 -0.000243626 0.0674872
1 9.51983 1.95082 6.82996e-05 0.0675324
1 10.6399 1.95082 -7.49069e-05 0.0675609
1 11.7601 1.95082 7.46127e-05 0.0675609
1 12.8802 1.95082 -7.17985e-05 0.0675323
1 14.0001 1.95081 0.000221199 0.0674856
1 15.1201 1.95082 0.000460124 0.0675243
1 16.24 1.95082 -0.000333343 0.0675246
1 17.3599 1.95081 -0.000577857 0.0674364
1 18.4799 1.95081 -0.000425619 0.06752
1 19.5999 1.95082 -0.000688103 0.0675647
1 20.72 1.95083 4.14052e-08 0.0676562
1 21.8401 1.95082 0.000689109 0.0675647
1 22.9601 1.95081 0.000435782 0.0675204
1 24.0801 1.95081 0.000636548 0.0674396
1 25.2 1.95082 0.000547982 0.0675392
1 26.32 1.95083 7.98698e-06 0.0675685
1 27.44 1.95082 0.000139689 0.0675509
1 28.56 1.95082 5.67939e-05 0.0675681
1 29.6799 1.95082 -0.000556112 0.0675358
1 30.7999 1.95081 -0.000243551 0.0674871
1 31.9198 1.95082 6.85363e-05 0.0675324
1 33.0399 1.95082 -7.48814e-05 0.0675609
1 34.1601 1.95082 7.46692e-05 0.0675609
1 35.2802 1.95082 -7.12954e-05 0.0675323
1 36.4001 1.95081 0.000219426 0.0674859
1 37.5201 1.95082 0.000358219 0.0675246
1 38.6399 1.95082 -0.00174359 0.0674931
1 39.7593 1.95079 -0.0105591 0.066951
1 40.8766 1.9506 -0.0350607 0.0639578
1 41.9905 1.94968 -0.0531539 0.055434
1 43.1031 1.94863 -0.0646744 0.0501118
1 44.2202 1.94686 -0.0799163 0.0520054
1 0.0222757 2.91238 0.0926271 0.02947
1 1.1383 2.91387 0.0750952 0.0405288
1 2.25039 2.91418 0.0611438 0.0431138
1 3.36363 2.91438 0.0387683 0.0462869
1 4.48071 2.91442 0.0111788 0.0470308
1 5.60008 2.91442 0.00172299 0.0471223
1 6.71999 2.91442 -0.000444253 0.0471101
1 7.83994 2.91442 -0.000700561 0.0470897
1 8.95987 2.91442 -0.000434565 0.0470981
1 10.0799 2.91442 -0.000739579 0.0470988
1 11.2 2.91442 -4.24352e-08 0.0471147
1 12.3201 2.91442 0.000738542 0.0470988
1 13.4401 2.91442 0.000424112 0.0470978
1 14.5601 2.91442 0.000646374 0.0470866
1 15.68 2.91442 0.000367305 0.0470961
1 16.7999 2.91442 -0.000496912 0.0470784
1 17.9198 2.91441 -0.000237253 0.0470538
1 19.0398 2.91442 6.72525e-05 0.0470708
1 20.1599 2.91442 -9.83468e-05 0.0471095
1 21.2801 2.91442 9.86714e-05 0.0471095
1 22.4002 2.91442 -6.3332e-05 0.0470708
1 23.5202 2.91441 0.000264055 0.0470542
1 24.6401 2.91442 0.000611443 0.0470811
1 25.76 2.91442 -3.85956e-05 0.0471054
1 26.88 2.91442 -0.000123069 0.0471102
1 28 2.91442 3.15723e-05 0.0471199
1 29.12 2.91442 -0.000579783 0.0471088
1 30.2399 2.91442 -0.000704039 0.0470895
1 31.3599 2.91442 -0.000434019 0.0470981
1 32.4799 2.91442 -0.000739511 0.0470988
1 33.6 2.91442 -2.60405e-08 0.0471147
1 34.7201 2.91442 0.000738714 0.0470988
1 35.8401 2.91442 0.000425233 0.0470978
1 36.9601 2.91442 0.000633038 0.047087
1 38.08 2.91442 -4.15739e-06 0.0470982
1 39.1998 2.91442 -0.00442951 0.0470557
1 40.3184 2.91439 -0.0214167 0.0465632
1 41.4338 2.91422 -0.054795 0.0438601
1 42.546 2.91383 -0.0721317 0.0395462
1 43.6596 2.9128 -0.0756083 0.0310209
1 0.581118 3.88048 0.0810728 0.0115281
1 1.69443 3.88082 0.0766089 0.0166265
1 2.80631 3.88088 0.0575877 0.0176182
1 3.92158 3.88089 0.0220386 0.0179247
1 5.04021 3.88089 0.00459541 0.0179107
1 6.15997 3.88089 0.000544787 0.0178971
1 7.27992 3.88089 -0.000630472 0.0178981
1 8.39984 3.88089 -0.00029315 0.0178962
1 9.51981 3.88089 5.75531e-05 0.0178897
1 10.6399 3.88089 -0.00010744 0.0178915
1 11.7601 3.88089 0.000107078 0.0178915
1 12.8802 3.88089 -6.18225e-05 0.0178897
1 14.0002 3.88089 0.000265828 0.0178956
1 15.1201 3.88089 0.000545163 0.0178941
1 16.24 3.88089 -0.00036418 0.0178829
1 17.3599 3.88089 -0.000649432 0.0178688
1 18.4799 3.88089 -0.000406339 0.0178785
1 19.5999 3.88089 -0.000745744 0.0178728
1 20.72 3.88089 4.22264e-08 0.0178837
1 21.8401 3.88089 0.000746824 0.0178728
1 22.9601 3.88089 0.000417364 0.0178785
1 24.0801 3.88089 0.000713076 0.0178691
1 25.2 3.88089 0.000595531 0.0178833
1 26.32 3.88089 -3.89853e-05 0.0178952
1 27.44 3.88089 0.0001291 0.0178942
1 28.56 3.88089 3.61648e-05 0.017894
1 29.6799 3.88089 -0.000660039 0.0178978
1 30.7998 3.88089 -0.000292882 0.0178961
1 31.9198 3.88089 5.78289e-05 0.0178897
1 33.0399 3.88089 -0.000107411 0.0178915
1 34.1601 3.88089 0.000107144 0.0178915
1 35.2802 3.88089 -6.12095e-05 0.0178897
1 36.4002 3.88089 0.000264524 0.0178956
1 37.5201 3.88089 0.000440482 0.017895
1 38.6399 3.88089 -0.00186371 0.0178894
1 39.7593 3.88089 -0.0115334 0.0178715
1 40.8763 3.88087 -0.0395423 0.0175813
1 41.9894 3.88082 -0.0637439 0.0166077
1 43.1014 3.8806 -0.0782279 0.01326
1 44.2165 3.88028 -0.104605 0.00814415
1 0.0238167 4.84975 0.109288 0.00140063
1 1.13879 4.84982 0.0805023 0.00287825
1 2.25064 4.84984 0.0647823 0.00368043
1 3.3637 4.84984 0.0399229 0.00376332
1 4.48072 4.84983 0.0113551 0.00373617
1 5.60008 4.84983 0.0017415 0.00372434
1 6.71999 4.84983 -0.000465299 0.00372309
1 7.83993 4.84983 -0.000720548 0.00372177
1 8.95987 4.84984 -0.000424563 0.00372262
1 10.0799 4.84984 -0.000745758 0.00372352
1 11.2 4.84983 -4.70467e-08 0.00371584
1 12.3201 4.84984 0.000744603 0.00372352
1 13.4401 4.84984 0.000412918 0.00372258
1 14.5601 4.84983 0.000659878 0.00372123
1 15.68 4.84983 0.000367259 0.00372023
1 16.7999 4.84983 -0.000549661 0.00371352
1 17.9198 4.84983 -0.000279432 0.00370785
1 19.0398 4.84983 5.42772e-05 0.00371126
1 20.1599 4.84983 -0.000105076 0.00371112
1 21.2801 4.84983 0.000105412 0.00371112
1 22.4002 4.84983 -5.01995e-05 0.00371125
1 23.5202 4.84983 0.000307271 0.00370786
1 24.6401 4.84983 0.000667996 0.00371323
1 25.76 4.84983 -2.94927e-05 0.00371929
1 26.88 4.84983 -0.000124567 0.00371757
1 28 4.84983 3.86866e-05 0.00372066
1 29.12 4.84983 -0.000600142 0.00372262
1 30.2399 4.84983 -0.000723747 0.00372174
1 31.3599 4.84984 -0.000423967 0.00372262
1 32.4799 4.84984 -0.000745686 0.00372352
1 33.6 4.84983 -2.96212e-08 0.00371584
1 34.7201 4.84984 0.000744788 0.00372352
1 35.8401 4.84984 0.000414186 0.00372259
1 36.9601 4.84983 0.000647319 0.00372134
1 38.08 4.84983 -4.39487e-06 0.00372148
1 39.1997 4.84983 -0.00454695 0.00372082
1 40.3184 4.84983 -0.0221271 0.00371115
1 41.4337 4.84983 -0.0577087 0.0036303
1 42.5455 4.84981 -0.0775854 0.00309266
1 43.6587 4.84976 -0.0843769 0.00189246
1 0.581334 5.81968 0.0846576 0.000272003
1 1.69449 5.81965 0.0779665 0.000249161
1 2.80632 5.81964 0.0580642 0.000300995
1 3.92158 5.81964 0.0220989 0.000289336
1 5.0402 5.81964 0.00458873 0.00027454
1 6.15997 5.81964 0.000535312 0.000272467
1 7.27992 5.81964 -0.000643067 0.000272072
1 8.39984 5.81964 -0.000306694 0.00027982
1 9.51981 5.81964 4.52802e-05 0.000273844
1 10.6399 5.81964 -0.000112767 0.000277202
1 11.7601 5.81964 0.000112403 0.000277204
1 12.8802 5.81964 -4.96373e-05 0.000273865
1 14.0002 5.81964 0.000278537 0.000279934
1 15.1201 5.81964 0.000553688 0.000272551
1 16.24 5.81964 -0.000367529 0.000272453
1 17.3599 5.81964 -0.000661174 0.000272231
1 18.4799 5.81963 -0.00040842 0.000264591
1 19.5999 5.81963 -0.00074787 0.000268296
1 20.72 5.81963 4.05723e-08 0.000266586
1 21.8401 5.81963 0.000748943 0.000268296
1 22.9601 5.81963 0.000419461 0.000264603
1 24.0801 5.81964 0.000725214 0.00027229
1 25.2 5.81964 0.00060075 0.000271801
1 26.32 5.81964 -4.13599e-05 0.000270527
1 27.44 5.81964 0.00012503 0.000272944
1 28.56 5.81964 2.95153e-05 0.000272319
1 29.6799 5.81964 -0.000672119 0.000272064
1 30.7998 5.81964 -0.000306373 0.000279826
1 31.9198 5.81964 4.55603e-05 0.000273848
1 33.0399 5.81964 -0.000112737 0.000277202
1 34.1601 5.81964 0.00011247 0.000277203
1 35.2802 5.81964 -4.90097e-05 0.000273859
1 36.4002 5.81964 0.000277368 0.000279925
1 37.5201 5.81964 0.000449975 0.000272617
1 38.6399 5.81964 -0.0018656 0.000273215
1 39.7593 5.81964 -0.0115942 0.000275514
1 40.8763 5.81964 -0.039974 0.000283435
1 41.9894 5.81964 -0.0650393 0.000250507
1 43.1012 5.81964 -0.081242 0.000125895
1 44.2162 5.81956 -0.110064 -0.00020427
1 0.0238721 6.78972 0.110322 -0.000110117
1 1.13883 6.78963 0.0812622 -0.000342191
1 2.25065 6.78962 0.065002 -0.000388232
1 3.3637 6.78962 0.0399627 -0.000427463
1 4.48072 6.78962 0.0113611 -0.000439516
1 5.60008 6.78961 0.00174508 -0.000442721
1 6.71999 6.78962 -0.00046509 -0.000441295
1 7.83993 6.78962 -0.00072353 -0.000438704
1 8.95987 6.78962 -0.000419187 -0.000434644
1 10.0799 6.78962 -0.000746909 -0.000437889
1 11.2 6.78962 -4.36601e-08 -0.000435949
1 12.3201 6.78962 0.000745792 -0.000437882
1 13.4401 6.78962 0.000407794 -0.000434586
1 14.5601 6.78962 0.000663806 -0.000438342
1 15.68 6.78962 0.000369509 -0.000440315
1 16.7999 6.78962 -0.000549478 -0.000440217
1 17.9198 6.78962 -0.000274504 -0.000440247
1 19.0398 6.78961 5.00461e-05 -0.000437653
1 20.1599 6.78961 -0.0001131 -0.000446488
1 21.2801 6.78961 0.000113437 -0.000446488
1 22.4002 6.78961 -4.59377e-05 -0.000437649
1 23.5202 6.78962 0.000302638 -0.000440216
1 24.6401 6.78962 0.0006692 -0.000440227
1 25.76 6.78962 -2.86244e-05 -0.000441311
1 26.88 6.78962 -0.000123839 -0.000441752
1 28 6.78961 4.25219e-05 -0.00044252
1 29.12 6.78962 -0.00059972 -0.000441263
1 30.2399 6.78962 -0.000726703 -0.000438718
1 31.3599 6.78962 -0.000418593 -0.00043465
1 32.4799 6.78962 -0.000746837 -0.000437889
1 33.6 6.78962 -2.6276e-08 -0.000435949
1 34.7201 6.78962 0.000745978 -0.000437882
1 35.8401 6.78962 0.00040907 -0.000434574
1 36.9601 6.78962 0.000651395 -0.000438303
1 38.08 6.78962 -9.38713e-07 -0.000440237
1 39.1997 6.78962 -0.00454246 -0.000439826
1 40.3184 6.78962 -0.0221291 -0.000433948
1 41.4337 6.78962 -0.0577684 -0.000413902
1 42.5455 6.78961 -0.0778393 -0.000355747
1 43.6587 6.7896 -0.0846662 -0.000460938
1 0.581384 7.75958 0.0852516 -6.12447e-05
1 1.6945 7.75958 0.0781244 -5.32262e-05
1 2.80633 7.75958 0.0580769 -7.72317e-05
1 3.92159 7.75958 0.0221001 -8.48009e-05
1 5.04021 7.75958 0.00459051 -8.82213e-05
1 6.15997 7.75958 0.000533722 -8.90824e-05
1 7.27992 7.75958 -0.000641879 -8.78684e-05
1 8.39984 7.75958 -0.00031079 -8.67614e-05
1 9.51981 7.75958 4.74327e-05 -8.75226e-05
1 10.6399 7.75958 -0.00010573 -8.77119e-05
1 11.7601 7.75958 0.000105384 -8.77118e-05
1 12.8802 7.75958 -5.16431e-05 -8.75224e-05
1 14.0002 7.75958 0.000283389 -8.67634e-05
1 15.1201 7.75958 0.000554993 -8.78808e-05
1 16.24 7.75958 -0.000360002 -8.91686e-05
1 17.3599 7.75958 -0.000652644 -8.90887e-05
1 18.4799 7.75958 -0.000406506 -8.9755e-05
1 19.5999 7.75958 -0.000734619 -9.00513e-05
1 20.72 7.75958 4.14759e-08 -8.97704e-05
1 21.8401 7.75958 0.000735704 -9.00521e-05
1 22.9601 7.75958 0.000417654 -8.97733e-05
1 24.0801 7.75958 0.000717278 -8.92969e-05
1 25.2 7.75958 0.000595491 -8.99616e-05
1 26.32 7.75958 -3.84224e-05 -8.97464e-05
1 27.44 7.75958 0.000124739 -8.9058e-05
1 28.56 7.75958 2.7071e-05 -8.91374e-05
1 29.6799 7.75958 -0.000671053 -8.787e-05
1 30.7998 7.75958 -0.000310478 -8.6761e-05
1 31.9198 7.75958 4.77124e-05 -8.75226e-05
1 33.0399 7.75958 -0.000105701 -8.77119e-05
1 34.1601 7.75958 0.000105452 -8.77118e-05
1 35.2802 7.75958 -5.10122e-05 -8.75224e-05
1 36.4002 7.75958 0.000282238 -8.67634e-05
1 37.5201 7.75958 0.000451414 -8.78768e-05
1 38.6399 7.75958 -0.00185678 -8.91243e-05
1 39.7593 7.75958 -0.0115756 -8.8445e-05
1 40.8763 7.75958 -0.0399248 -8.53831e-05
1 41.9894 7.75958 -0.0649445 -7.87586e-05
1 43.1012 7.75958 -0.0810449 -5.68968e-05
1 44.2162 7.75958 -0.11001 -5.76934e-05
1 0.0238635 8.72944 0.11023 -5.64995e-05
1 1.13882 8.72953 0.0812141 4.49373e-05
1 2.25065 8.72953 0.0649731 5.09816e-05
1 3.3637 8.72953 0.0399468 6.81732e-05
1 4.48072 8.72953 0.011355 6.86738e-05
1 5.60008 8.72953 0.00174387 6.70391e-05
1 6.71999 8.72953 -0.000463703 6.71225e-05
1 7.83993 8.72953 -0.000720996 6.83408e-05
1 8.95987 8.72953 -0.00041861 6.32485e-05
1 10.0799 8.72953 -0.000746174 6.60221e-05
1 11.2 8.72953 -4.35476e-08 6.33987e-05
1 12.3201 8.72953 0.000745056 6.60155e-05
1 13.4401 8.72953 0.000407214 6.31878e-05
1 14.5601 8.72953 0.000661241 6.7932e-05
1 15.68 8.72953 0.00036793 6.59162e-05
1 16.7999 8.72953 -0.000549493 6.35431e-05
1 17.9198 8.72953 -0.000274195 6.35906e-05
1 19.0398 8.72953 5.04324e-05 6.0125e-05
1 20.1599 8.72953 -0.000112562 6.8339e-05
1 21.2801 8.72953 0.000112898 6.83382e-05
1 22.4002 8.72953 -4.6353e-05 6.01075e-05
1 23.5202 8.72953 0.000302105 6.3408e-05
1 24.6401 8.72953 0.000668296 6.25239e-05
1 25.76 8.72953 -2.90082e-05 6.40925e-05
1 26.88 8.72953 -0.000124097 6.55274e-05
1 28 8.72953 4.2423e-05 6.62658e-05
1 29.12 8.72953 -0.000598218 6.70392e-05
1 30.2399 8.72953 -0.000724164 6.83537e-05
1 31.3599 8.72953 -0.000418016 6.32544e-05
1 32.4799 8.72953 -0.000746101 6.60218e-05
1 33.6 8.72953 -2.61702e-08 6.33986e-05
1 34.7201 8.72953 0.000745243 6.60161e-05
1 35.8401 8.72953 0.000408491 6.31759e-05
1 36.9601 8.72953 0.000648838 6.78985e-05
1 38.08 8.72953 -2.39116e-06 6.59112e-05
1 39.1997 8.72953 -0.0045415 6.35149e-05
1 40.3184 8.72953 -0.0221238 6.0702e-05
1 41.4337 8.72953 -0.057754 4.87916e-05
1 42.5455 8.72954 -0.0778123 -5.68849e-06
1 43.6587 8.72956 -0.0846197 0.000233477
1 0.581325 9.69945 0.084692 -0.000264661
1 1.69448 9.69947 0.0779472 -1.57451e-05
1 2.80632 9.69947 0.0580235 -5.21437e-05
1 3.92158 9.69948 0.0220752 -7.4636e-05
1 5.0402 9.69948 0.00458057 -7.6899e-05
1 6.15997 9.69948 0.000533503 -7.78893e-05
1 7.27992 9.69948 -0.000639271 -7.65488e-05
1 8.39984 9.69948 -0.000302537 -7.74792e-05
1 9.51982 9.69948 4.60163e-05 -7.43093e-05
1 10.6399 9.69948 -0.000112831 -8.25356e-05
1 11.7601 9.69948 0.000112468 -8.25366e-05
1 12.8802 9.69948 -5.03748e-05 -7.43291e-05
1 14.0002 9.69948 0.000274321 -7.76445e-05
1 15.1201 9.69948 0.000549486 -7.74595e-05
1 16.24 9.69948 -0.000367718 -7.97651e-05
1 17.3599 9.69948 -0.000660959 -8.14484e-05
1 18.4799 9.69948 -0.000407304 -7.66658e-05
1 19.5999 9.69948 -0.000745062 -7.96904e-05
1 20.72 9.69948 3.90447e-08 -7.7201e-05
1 21.8401 9.69948 0.000746107 -7.96967e-05
1 22.9601 9.69948 0.000418107 -7.6734e-05
1 24.0801 9.69948 0.000723889 -8.18866e-05
1 25.2 9.69948 0.000598019 -8.09388e-05
1 26.32 9.69948 -4.23995e-05 -8.02865e-05
1 27.44 9.69948 0.000123976 -7.96846e-05
1 28.56 9.69948 2.8969e-05 -7.83341e-05
1 29.6799 9.69948 -0.000668201 -7.6587e-05
1 30.7998 9.69948 -0.00030221 -7.7487e-05
1 31.9198 9.69948 4.62966e-05 -7.43124e-05
1 33.0399 9.69948 -0.000112802 -8.25356e-05
1 34.1601 9.69948 0.000112536 -8.25365e-05
1 35.2802 9.69948 -4.97448e-05 -7.43219e-05
1 36.4002 9.69948 0.00027317 -7.76266e-05
1 37.5201 9.69948 0.000445965 -7.7404e-05
1 38.6399 9.69948 -0.00186426 -7.93723e-05
1 39.7593 9.69948 -0.0115875 -7.97655e-05
1 40.8763 9.69948 -0.0399553 -7.69027e-05
1 41.9894 9.69948 -0.0650181 -5.11151e-05
1 43.1012 9.69948 -0.0812485 -5.26336e-05
1 44.2162 9.69957 -0.109989 2.38536e-05
1 0.0238339 10.6694 0.110333 0.000135442
1 1.1388 10.6694 0.0810201 0.000223189
1 2.25063 10.6694 0.0648901 0.000227131
1 3.36369 10.6694 0.0399114 0.000240293
1 4.48071 10.6694 0.011335 0.000242294
1 5.60007 10.6694 0.00173506 0.000242498
1 6.71999 10.6694 -0.000461404 0.000242547
1 7.83993 10.6694 -0.000713888 0.000242515
1 8.95987 10.6694 -0.000418353 0.000242498
1 10.0799 10.6694 -0.000735671 0.000242589
1 11.2 10.6694 -4.61084e-08 0.000242622
1 12.3201 10.6694 0.000734515 0.000242589
1 13.4401 10.6694 0.000406634 0.000242498
1 14.5601 10.6694 0.000652571 0.000242514
1 15.68 10.6694 0.000360403 0.000242545
1 16.7999 10.6694 -0.000553925 0.000242508
1 17.9198 10.6694 -0.000283013 0.000242538
1 19.0398 10.6694 5.16235e-05 0.000242556
1 20.1599 10.6694 -0.000105309 0.000242496
1 21.2801 10.6694 0.000105628 0.000242496
1 22.4002 10.6694 -4.7693e-05 0.000242556
1 23.5202 10.6694 0.000310103 0.000242538
1 24.6401 10.6694 0.000669989 0.000242507
1 25.76 10.6694 -2.74622e-05 0.000242547
1 26.88 10.6694 -0.000124666 0.000242532
1 28 10.6694 3.82657e-05 0.000242513
1 29.12 10.6694 -0.000595354 0.000242549
1 30.2399 10.6694 -0.000717013 0.000242515
1 31.3599 10.6694 -0.000417754 0.000242498
1 32.4799 10.6694 -0.000735598 0.000242589
1 33.6 10.6694 -2.86903e-08 0.000242622
1 34.7201 10.6694 0.000734701 0.000242589
1 35.8401 10.6694 0.000407917 0.000242498
1 36.9601 10.6694 0.000640181 0.000242514
1 38.08 10.6694 -9.81042e-06 0.000242542
1 39.1997 10.6694 -0.0045449 0.000242486
1 40.3184 10.6694 -0.0221318 0.000242513
1 41.4337 10.6694 -0.0577903 0.000243283
1 42.5455 10.6694 -0.0779838 0.00025016
1 43.6586 10.6694 -0.0852296 0.000201779
1 0.581332 11.6394 0.0845599 0.000196601
1 1.69449 11.6394 0.0779766 -0.000196324
1 2.80632 11.6394 0.058048 -0.000124604
1 3.92158 11.6394 0.0220797 -9.39407e-05
1 5.0402 11.6394 0.0045809 -8.9623e-05
1 6.15997 11.6394 0.000533643 -8.81631e-05
1 7.27992 11.6394 -0.000639409 -8.95814e-05
1 8.39984 11.6394 -0.000302618 -8.87695e-05
1 9.51982 11.6394 4.63174e-05 -9.15999e-05
1 10.6399 11.6394 -0.000112908 -8.33893e-05
1 11.7601 11.6394 0.000112545 -8.33884e-05
1 12.8802 11.6394 -5.06761e-05 -9.15803e-05
1 14.0002 11.6394 0.000274401 -8.86063e-05
1 15.1201 11.6394 0.00054962 -8.86803e-05
1 16.24 11.6394 -0.000367849 -8.62984e-05
1 17.3599 11.6394 -0.000660902 -8.48437e-05
1 18.4799 11.6394 -0.000407138 -8.95449e-05
1 19.5999 11.6394 -0.000745238 -8.62187e-05
1 20.72 11.6394 3.90726e-08 -8.8941e-05
1 21.8401 11.6394 0.000746283 -8.62123e-05
1 22.9601 11.6394 0.00041794 -8.9477e-05
1 24.0801 11.6394 0.000723827 -8.44141e-05
1 25.2 11.6394 0.000598149 -8.51418e-05
1 26.32 11.6394 -4.25112e-05 -8.58683e-05
1 27.44 11.6394 0.000123929 -8.65339e-05
1 28.56 11.6394 2.9093e-05 -8.7688e-05
1 29.6799 11.6394 -0.000668339 -8.95412e-05
1 30.7998 11.6394 -0.000302291 -8.87616e-05
1 31.9198 11.6394 4.65977e-05 -9.15968e-05
1 33.0399 11.6394 -0.000112878 -8.33893e-05
1 34.1601 11.6394 0.000112612 -8.33885e-05
1 35.2802 11.6394 -5.00461e-05 -9.15875e-05
1 36.4002 11.6394 0.000273249 -8.86242e-05
1 37.5201 11.6394 0.000446098 -8.87403e-05
1 38.6399 11.6394 -0.00186439 -8.67679e-05
1 39.7593 11.6394 -0.0115872 -8.71863e-05
1 40.8763 11.6394 -0.0399535 -9.24955e-05
1 41.9894 11.6394 -0.0650209 -0.000115111
1 43.1012 11.6394 -0.0813002 -0.000135063
1 44.2162 11.6393 -0.109984 7.09506e-06
1 0.0238614 12.6094 0.110105 -0.00012911
1 1.13883 12.6093 0.0811582 -0.000228531
1 2.25065 12.6093 0.064986 -0.000246945
1 3.3637 12.6093 0.0399551 -0.000282259
1 4.48072 12.6093 0.011356 -0.000291273
1 5.60008 12.6093 0.00174376 -0.00029163
1 6.71999 12.6093 -0.000463555 -0.000292073
1 7.83993 12.6093 -0.000720875 -0.000292527
1 8.95987 12.6093 -0.000418862 -0.000287389
1 10.0799 12.6093 -0.00074621 -0.000291054
1 11.2 12.6093 -4.354e-08 -0.000288141
1 12.3201 12.6093 0.000745093 -0.000291047
1 13.4401 12.6093 0.000407466 -0.000287327
1 14.5601 12.6093 0.00066112 -0.00029211
1 15.68 12.6093 0.000367787 -0.000290843
1 16.7999 12.6093 -0.000549331 -0.000288286
1 17.9198 12.6093 -0.000274134 -0.000288372
1 19.0398 12.6093 5.04215e-05 -0.000285621
1 20.1599 12.6093 -0.000112391 -0.000293541
1 21.2801 12.6093 0.000112727 -0.00029354
1 22.4002 12.6093 -4.63432e-05 -0.000285604
1 23.5202 12.6093 0.000302023 -0.000288216
1 24.6401 12.6093 0.000668047 -0.000287425
1 25.76 12.6093 -2.90286e-05 -0.000289462
1 26.88 12.6093 -0.000124102 -0.000290461
1 28 12.6093 4.22818e-05 -0.000291101
1 29.12 12.6093 -0.000598072 -0.000292001
1 30.2399 12.6093 -0.000724044 -0.00029254
1 31.3599 12.6093 -0.000418268 -0.000287395
1 32.4799 12.6093 -0.000746137 -0.000291053
1 33.6 12.6093 -2.61661e-08 -0.000288141
1 34.7201 12.6093 0.000745279 -0.000291048
1 35.8401 12.6093 0.000408742 -0.000287315
1 36.9601 12.6093 0.000648716 -0.000292075
1 38.08 12.6093 -2.53511e-06 -0.000290798
1 39.1997 12.6093 -0.00454121 -0.000287765
1 40.3184 12.6093 -0.022122 -0.000282375
1 41.4337 12.6093 -0.0577435 -0.00026462
1 42.5455 12.6093 -0.0777933 -0.000168162
1 43.6587 12.6093 -0.0846927 -0.00053125
1 0.581377 13.5793 0.0853484 0.000177746
1 1.6945 13.5793 0.0780949 5.30269e-05
1 2.80632 13.5793 0.0580552 9.99699e-05
1 3.92159 13.5793 0.022094 0.000100271
1 5.04021 13.5793 0.0045893 0.000100767
1 6.15997 13.5793 0.000534034 0.000101286
1 7.27992 13.5793 -0.000640569 0.000100986
1 8.39984 13.5793 -0.000310217 0.00010086
1 9.51981 13.5793 4.74159e-05 0.000101407
1 10.6399 13.5793 -0.00010545 0.000101132
1 11.7601 13.5793 0.000105104 0.000101132
1 12.8802 13.5793 -5.16258e-05 0.000101407
1 14.0002 13.5793 0.000282817 0.000100858
1 15.1201 13.5793 0.000553679 0.000100976
1 16.24 13.5793 -0.000360448 0.000101264
1 17.3599 13.5793 -0.00065271 0.000100883
1 18.4799 13.5793 -0.000406955 0.000100912
1 19.5999 13.5793 -0.000734569 0.000101591
1 20.72 13.5793 4.16423e-08 0.000101141
1 21.8401 13.5793 0.000735653 0.000101591
1 22.9601 13.5793 0.000418076 0.000100912
1 24.0801 13.5793 0.000717151 0.000100887
1 25.2 13.5793 0.000595391 0.000101287
1 26.32 13.5793 -3.80563e-05 0.000101036
1 27.44 13.5793 0.000124785 0.000100985
1 28.56 13.5793 2.75072e-05 0.000101309
1 29.6799 13.5793 -0.00066974 0.000100987
1 30.7998 13.5793 -0.000309906 0.00010086
1 31.9198 13.5793 4.76954e-05 0.000101407
1 33.0399 13.5793 -0.000105421 0.000101132
1 34.1601 13.5793 0.000105172 0.000101132
1 35.2802 13.5793 -5.09951e-05 0.000101407
1 36.4002 13.5793 0.000281666 0.000100858
1 37.5201 13.5793 0.000450102 0.000100974
1 38.6399 13.5793 -0.00185719 0.000101207
1 39.7593 13.5793 -0.0115758 0.000100211
1 40.8763 13.5793 -0.0399284 9.59895e-05
1 41.9894 13.5793 -0.0649447 8.97067e-05
1 43.1012 13.5793 -0.0809761 8.65829e-05
1 44.2162 13.5793 -0.109892 4.84914e-05
1 0.0238768 14.5491 0.110389 5.30215e-05
1 1.13882 14.5492 0.0812993 0.000607163
1 2.25064 14.5492 0.0649716 0.000604905
1 3.3637 14.5492 0.0399398 0.000630389
1 4.48072 14.5492 0.0113535 0.000628022
1 5.60008 14.5492 0.00174382 0.000625632
1 6.71999 14.5492 -0.000463529 0.000625397
1 7.83993 14.5492 -0.000720581 0.000626655
1 8.95987 14.5492 -0.000418396 0.000621274
1 10.0799 14.5492 -0.000746211 0.000623688
1 11.2 14.5492 -4.35294e-08 0.000621557
1 12.3201 14.5492 0.000745094 0.000623681
1 13.4401 14.5492 0.000407001 0.000621215
1 14.5601 14.5492 0.000660827 0.000626255
1 15.68 14.5492 0.000367737 0.000624221
1 16.7999 14.5492 -0.000549707 0.000622137
1 17.9198 14.5492 -0.000274503 0.000622567
1 19.0398 14.5492 5.04857e-05 0.000618602
1 20.1599 14.5492 -0.000112655 0.000626719
1 21.2801 14.5492 0.000112992 0.000626719
1 22.4002 14.5492 -4.64072e-05 0.000618585
1 23.5202 14.5492 0.000302393 0.000622404
1 24.6401 14.5492 0.000668425 0.000621236
1 25.76 14.5492 -2.89863e-05 0.000622691
1 26.88 14.5492 -0.000123863 0.000624313
1 28 14.5492 4.2602e-05 0.000624747
1 29.12 14.5492 -0.000598031 0.0006253
1 30.2399 14.5492 -0.000723749 0.000626667
1 31.3599 14.5492 -0.000417803 0.00062128
1 32.4799 14.5492 -0.000746138 0.000623688
1 33.6 14.5492 -2.61573e-08 0.000621557
1 34.7201 14.5492 0.00074528 0.000623682
1 35.8401 14.5492 0.000408278 0.000621203
1 36.9601 14.5492 0.000648425 0.000626224
1 38.08 14.5492 -2.56298e-06 0.000624265
1 39.1997 14.5492 -0.00454167 0.000622693
1 40.3184 14.5492 -0.022126 0.000623493
1 41.4337 14.5492 -0.0577713 0.000622839
1 42.5455 14.5492 -0.077848 0.000616161
1 43.6587 14.5492 -0.0845401 0.00055609
1 0.581335 15.5192 0.0845887 -0.000595967
1 1.69449 15.5192 0.0779698 -0.000676589
1 2.80632 15.5192 0.0580385 -0.000683381
1 3.92158 15.5192 0.0220777 -0.00069046
1 5.0402 15.5192 0.00458067 -0.00068706
1 6.15997 15.5192 0.000533541 -0.000686706
1 7.27992 15.5192 -0.000639492 -0.000685583
1 8.39984 15.5192 -0.000302701 -0.000686792
1 9.51982 15.5192 4.61511e-05 -0.00068293
1 10.6399 15.5192 -0.000113013 -0.000691036
1 11.7601 15.5192 0.00011265 -0.000691037
1 12.8802 15.5192 -5.05098e-05 -0.000682951
1 14.0002 15.5192 0.000274483 -0.000686964
1 15.1201 15.5192 0.000549703 -0.000686524
1 16.24 15.5192 -0.000367752 -0.0006886
1 17.3599 15.5192 -0.000660844 -0.000690658
1 18.4799 15.5192 -0.000407004 -0.000685584
1 19.5999 15.5192 -0.000745104 -0.000688014
1 20.72 15.5192 3.90703e-08 -0.000685874
1 21.8401 15.5192 0.000746149 -0.00068802
1 22.9601 15.5192 0.000417806 -0.000685649
1 24.0801 15.5192 0.000723767 -0.000691068
1 25.2 15.5192 0.000598047 -0.000689672
1 26.32 15.5192 -4.25974e-05 -0.000689113
1 27.44 15.5192 0.000123876 -0.00068869
1 28.56 15.5192 2.89981e-05 -0.000687056
1 29.6799 15.5192 -0.000668423 -0.000685618
1 30.7998 15.5192 -0.000302374 -0.0006868
1 31.9198 15.5192 4.64314e-05 -0.000682933
1 33.0399 15.5192 -0.000112984 -0.000691036
1 34.1601 15.5192 0.000112718 -0.000691037
1 35.2802 15.5192 -4.98798e-05 -0.000682943
1 36.4002 15.5192 0.000273332 -0.000686945
1 37.5201 15.5192 0.000446186 -0.000686479
1 38.6399 15.5192 -0.00186422 -0.00068844
1 39.7593 15.5192 -0.0115866 -0.00069122
1 40.8763 15.5192 -0.0399517 -0.00069596
1 41.9894 15.5192 -0.0650264 -0.000669642
1 43.1012 15.5192 -0.0813207 -0.000657357
1 44.2162 15.5193 -0.110125 -8.58668e-05
1 0.02382 16.4891 0.110089 -0.000125006
1 1.1388 16.4891 0.0809285 -0.000182898
1 2.25064 16.4891 0.0648724 -0.00019861
1 3.36369 16.4891 0.0399138 -0.000205823
1 4.48071 16.4891 0.0113359 -0.000210174
1 5.60007 16.4891 0.00173498 -0.000210907
1 6.71999 16.4891 -0.000461455 -0.000211248
1 7.83993 16.4891 -0.000714066 -0.000210856
1 8.95987 16.4891 -0.000418721 -0.000210865
1 10.0799 16.4891 -0.000735746 -0.000211563
1 11.2 16.4891 -4.61184e-08 -0.000211118
1 12.3201 16.4891 0.00073459 -0.000211563
1 13.4401 16.4891 0.000407001 -0.000210864
1 14.5601 16.4891 0.000652749 -0.000210852
1 15.68 16.4891 0.000360478 -0.000211233
1 16.7999 16.4891 -0.000553639 -0.000210932
1 17.9198 16.4891 -0.000282766 -0.000210828
1 19.0398 16.4891 5.16641e-05 -0.000211369
1 20.1599 16.4891 -0.000105074 -0.000211072
1 21.2801 16.4891 0.000105393 -0.000211072
1 22.4002 16.4891 -4.77336e-05 -0.000211369
1 23.5202 16.4891 0.000309856 -0.000210829
1 24.6401 16.4891 0.000669703 -0.000210941
1 25.76 16.4891 -2.75309e-05 -0.000211272
1 26.88 16.4891 -0.000124816 -0.000210949
1 28 16.4891 3.80206e-05 -0.00021099
1 29.12 16.4891 -0.000595422 -0.000211255
1 30.2399 16.4891 -0.000717191 -0.000210857
1 31.3599 16.4891 -0.000418122 -0.000210865
1 32.4799 16.4891 -0.000735674 -0.000211563
1 33.6 16.4891 -2.86986e-08 -0.000211118
1 34.7201 16.4891 0.000734777 -0.000211563
1 35.8401 16.4891 0.000408285 -0.000210864
1 36.9601 16.4891 0.000640358 -0.000210851
1 38.08 16.4891 -9.76079e-06 -0.000211212
1 39.1997 16.4891 -0.00454474 -0.000210747
1 40.3184 16.4891 -0.0221311 -0.00021013
1 41.4337 16.4891 -0.0577821 -0.000208505
1 42.5455 16.4891 -0.0779575 -0.00015641
1 43.6587 16.4891 -0.0852648 -0.000262363
1 0.581317 17.4591 0.0847731 0.000539235
1 1.69448 17.4591 0.0779119 0.000248409
1 2.80632 17.4591 0.0580055 0.000344175
1 3.92158 17.4591 0.0220729 0.000366047
1 5.0402 17.4591 0.00458059 0.000367335
1 6.15997 17.4591 0.000533519 0.000368429
1 7.27992 17.4591 -0.000639079 0.000366849
1 8.39984 17.4591 -0.000302337 0.000367734
1 9.51982 17.4591 4.59648e-05 0.000364893
1 10.6399 17.4591 -0.000112707 0.000372814
1 11.7601 17.4591 0.000112344 0.000372815
1 12.8802 17.4591 -5.03233e-05 0.000364913
1 14.0002 17.4591 0.000274122 0.0003679
1 15.1201 17.4591 0.000549295 0.00036776
1 16.24 17.4591 -0.000367736 0.000370289
1 17.3599 17.4591 -0.000661122 0.000371727
1 18.4799 17.4591 -0.000407533 0.000366847
1 19.5999 17.4591 -0.00074504 0.000370362
1 20.72 17.4591 3.90494e-08 0.0003675
1 21.8401 17.4591 0.000746085 0.000370368
1 22.9601 17.4591 0.000418336 0.000366915
1 24.0801 17.4591 0.000724052 0.000372164
1 25.2 17.4591 0.000598034 0.000371463
1 26.32 17.4591 -4.22398e-05 0.000370589
1 27.44 17.4591 0.000124104 0.000369991
1 28.56 17.4591 2.89806e-05 0.000368864
1 29.6799 17.4591 -0.00066801 0.000366887
1 30.7998 17.4591 -0.00030201 0.000367742
1 31.9198 17.4591 4.62452e-05 0.000364897
1 33.0399 17.4591 -0.000112678 0.000372814
1 34.1601 17.4591 0.000112412 0.000372815
1 35.2802 17.4591 -4.96933e-05 0.000364906
1 36.4002 17.4591 0.00027297 0.000367882
1 37.5201 17.4591 0.00044577 0.000367706
1 38.6399 17.4591 -0.00186438 0.000369919
1 39.7593 17.4591 -0.011589 0.000370162
1 40.8763 17.4591 -0.0399636 0.000366454
1 41.9894 17.4591 -0.0650268 0.000343326
1 43.1012 17.4591 -0.08117 0.00031068
1 44.2162 17.459 -0.109852 0.000100627
1 0.0238762 18.4291 0.110379 0.000144576
1 1.13882 18.429 0.0812941 0.000413598
1 2.25064 18.429 0.0649719 0.000398761
1 3.3637 18.429 0.0399409 0.000394259
1 4.48072 18.429 0.011354 0.000391089
1 5.60008 18.429 0.00174394 0.000391615
1 6.71999 18.429 -0.00046372 0.000391355
1 7.83993 18.429 -0.000720842 0.000390347
1 8.95987 18.429 -0.000418327 0.000395281
1 10.0799 18.429 -0.000746197 0.000392243
1 11.2 18.429 -4.35292e-08 0.00039509
1 12.3201 18.429 0.00074508 0.00039225
1 13.4401 18.429 0.000406932 0.000395343
1 14.5601 18.429 0.000661085 0.000390763
1 15.68 18.429 0.000367927 0.000392582
1 16.7999 18.429 -0.000549722 0.000395037
1 17.9198 18.429 -0.000274394 0.000395153
1 19.0398 18.429 5.05229e-05 0.000398244
1 20.1599 18.429 -0.000112716 0.000389914
1 21.2801 18.429 0.000113052 0.000389915
1 22.4002 18.429 -4.64434e-05 0.000398261
1 23.5202 18.429 0.000302304 0.000395332
1 24.6401 18.429 0.000668527 0.000396039
1 25.76 18.429 -2.90089e-05 0.000394346
1 26.88 18.429 -0.000123973 0.000393072
1 28 18.429 4.26111e-05 0.000392225
1 29.12 18.429 -0.000598224 0.000391426
1 30.2399 18.429 -0.000724009 0.000390334
1 31.3599 18.429 -0.000417733 0.000395276
1 32.4799 18.429 -0.000746125 0.000392244
1 33.6 18.429 -2.61529e-08 0.00039509
1 34.7201 18.429 0.000745266 0.000392249
1 35.8401 18.429 0.000408208 0.000395355
1 36.9601 18.429 0.000648685 0.000390799
1 38.08 18.429 -2.37818e-06 0.000392629
1 39.1997 18.429 -0.00454181 0.000395608
1 40.3184 18.429 -0.0221265 0.00040204
1 41.4337 18.429 -0.0577718 0.000426123
1 42.5455 18.429 -0.0778445 0.000512599
1 43.6587 18.429 -0.0845335 5.57456e-05
1 0.581394 19.399 0.085161 -0.000255266
1 1.69451 19.399 0.0781543 -0.000491524
1 2.80633 19.399 0.0580933 -0.000439507
1 3.92159 19.399 0.0221024 -0.000420158
1 5.04021 19.399 0.00459056 -0.00041327
1 6.15997 19.399 0.000533722 -0.000411678
1 7.27992 19.399 -0.000642104 -0.00041296
1 8.39984 19.399 -0.000310978 -0.00041425
1 9.51981 19.399 4.75396e-05 -0.000413117
1 10.6399 19.399 -0.000105881 -0.000412819
1 11.7601 19.399 0.000105535 -0.000412819
1 12.8802 19.399 -5.17498e-05 -0.000413117
1 14.0002 19.399 0.000283574 -0.000414254
1 15.1201 19.399 0.000555209 -0.000412977
1 16.24 19.399 -0.000360015 -0.000411638
1 17.3599 19.399 -0.000652494 -0.000411901
1 18.4799 19.399 -0.000406236 -0.000411064
1 19.5999 19.399 -0.000734648 -0.000410505
1 20.72 19.399 4.14473e-08 -0.000411007
1 21.8401 19.399 0.000735733 -0.000410504
1 22.9601 19.399 0.000417385 -0.000411043
1 24.0801 19.399 0.00071713 -0.000411683
1 25.2 19.399 0.000595515 -0.000410806
1 26.32 19.399 -3.86017e-05 -0.000411019
1 27.44 19.399 0.000124618 -0.000411814
1 28.56 19.399 2.70767e-05 -0.000411584
1 29.6799 19.399 -0.000671274 -0.000412961
1 30.7998 19.399 -0.000310665 -0.00041425
1 31.9198 19.399 4.78193e-05 -0.000413117
1 33.0399 19.399 -0.000105851 -0.000412819
1 34.1601 19.399 0.000105603 -0.000412819
1 35.2802 19.399 -5.11188e-05 -0.000413117
1 36.4002 19.399 0.000282425 -0.000414253
1 37.5201 19.399 0.000451641 -0.000412978
1 38.6399 19.399 -0.00185669 -0.000411778
1 39.7593 19.399 -0.0115744 -0.000413658
1 40.8763 19.399 -0.0399189 -0.000419622
1 41.9894 19.399 -0.0649449 -0.000416501
1 43.1012 19.399 -0.0811216 -0.000440085
1 44.2162 19.399 -0.110148 -5.53048e-05
1 0.0238606 20.3689 0.110199 4.53085e-06
1 1.13883 20.3689 0.0811974 0.000161479
1 2.25065 20.3689 0.065006 0.000208605
1 3.3637 20.3689 0.0399687 0.000244244
1 4.48072 20.3689 0.0113622 0.000252505
1 5.60008 20.3689 0.00174504 0.000255101
1 6.71999 20.3689 -0.000465179 0.000253239
1 7.83993 20.3689 -0.000723638 0.000251103
1 8.95987 20.3689 -0.000419336 0.000246959
1 10.0799 20.3689 -0.000746944 0.000249468
1 11.2 20.3689 -4.35e-08 0.00024794
1 12.3201 20.3689 0.000745827 0.000249462
1 13.4401 20.3689 0.000407939 0.000246899
1 14.5601 20.3689 0.000663879 0.00025069
1 15.68 20.3689 0.000369502 0.000252056
1 16.7999 20.3689 -0.000549471 0.000252072
1 17.9198 20.3689 -0.000274343 0.000252273
1 19.0398 20.3689 5.00084e-05 0.000249014
1 20.1599 20.3689 -0.00011291 0.000258275
1 21.2801 20.3689 0.000113247 0.000258275
1 22.4002 20.3689 -4.58998e-05 0.00024901
1 23.5202 20.3689 0.000302484 0.000252254
1 24.6401 20.3689 0.000669209 0.000252113
1 25.76 20.3689 -2.85904e-05 0.000253101
1 26.88 20.3689 -0.000123919 0.000254058
1 28 20.3689 4.24143e-05 0.00025473
1 29.12 20.3689 -0.000599791 0.000253164
1 30.2399 20.3689 -0.000726806 0.000251113
1 31.3599 20.3689 -0.000418741 0.000246964
1 32.4799 20.3689 -0.000746871 0.000249468
1 33.6 20.3689 -2.6098e-08 0.00024794
1 34.7201 20.3689 0.000746013 0.000249463
1 35.8401 20.3689 0.000409217 0.000246888
1 36.9601 20.3689 0.000651479 0.000250663
1 38.08 20.3689 -8.84123e-07 0.000252093
1 39.1997 20.3689 -0.00454224 0.000252038
1 40.3184 20.3689 -0.0221268 0.000246016
1 41.4337 20.3689 -0.0577537 0.000223981
1 42.5455 20.3689 -0.0778175 0.000199213
1 43.6587 20.3689 -0.0847702 0.000217952
1 0.58133 21.3389 0.0848769 0.000348585
1 1.69449 21.3389 0.078003 0.000497556
1 2.80632 21.339 0.0580592 0.000575102
1 3.92158 21.339 0.022097 0.000591516
1 5.0402 21.339 0.00458905 0.000605426
1 6.15997 21.339 0.000534987 0.000607357
1 7.27992 21.339 -0.000643969 0.000606106
1 8.39984 21.339 -0.000305981 0.000598483
1 9.51981 21.339 4.53092e-05 0.000604986
1 10.6399 21.339 -0.000113218 0.000600375
1 11.7601 21.339 0.000112855 0.000600374
1 12.8802 21.339 -4.96695e-05 0.000604965
1 14.0002 21.339 0.000277745 0.00059829
1 15.1201 21.339 0.000554177 0.000605044
1 16.24 21.339 -0.000368312 0.000605291
1 17.3599 21.339 -0.000662817 0.000603437
1 18.4799 21.339 -0.00040789 0.00061077
1 19.5999 21.339 -0.000747588 0.00060814
1 20.72 21.339 4.03286e-08 0.000610212
1 21.8401 21.339 0.00074866 0.00060814
1 22.9601 21.339 0.000418944 0.000610765
1 24.0801 21.339 0.000726945 0.000603498
1 25.2 21.339 0.000601717 0.0006063
1 26.32 21.339 -4.1615e-05 0.000607828
1 27.44 21.339 0.000125699 0.000605973
1 28.56 21.339 2.94108e-05 0.000607166
1 29.6799 21.339 -0.000672971 0.000606072
1 30.7998 21.339 -0.000305652 0.000598473
1 31.9198 21.339 4.55907e-05 0.000604982
1 33.0399 21.339 -0.000113188 0.000600375
1 34.1601 21.339 0.000112923 0.000600374
1 35.2802 21.339 -4.90373e-05 0.000604975
1 36.4002 21.339 0.000276598 0.000598314
1 37.5201 21.339 0.000450595 0.000605107
1 38.6399 21.339 -0.00186598 0.000605417
1 39.7593 21.339 -0.011598 0.000600914
1 40.8763 21.339 -0.0399906 0.000581575
1 41.9894 21.339 -0.0650859 0.00055788
1 43.1012 21.339 -0.0812699 0.000523089
1 44.2162 21.339 -0.110077 0.000550448
1 0.0238887 22.3089 0.110622 0.000589421
1 1.13882 22.3089 0.0812597 0.00090074
1 2.25065 22.3089 0.0649873 0.000976105
1 3.3637 22.3089 0.0399631 0.00103333
1 4.48072 22.3089 0.0113587 0.00105618
1 5.60008 22.3089 0.00174274 0.00106253
1 6.71999 22.3089 -0.000466108 0.00106086
1 7.83993 22.3089 -0.000721887 0.00105684
1 8.95987 22.3089 -0.000422313 0.00105766
1 10.0799 22.3089 -0.000744934 0.00105587
1 11.2 22.3089 -4.58821e-08 0.00106133
1 12.3201 22.3089 0.000743777 0.00105587
1 13.4401 22.3089 0.000410564 0.00105764
1 14.5601 22.3089 0.000660401 0.00105663
1 15.68 22.3089 0.000365135 0.00106012
1 16.7999 22.3089 -0.000557401 0.00106129
1 17.9198 22.3089 -0.000284275 0.00106106
1 19.0398 22.3089 5.21022e-05 0.00106098
1 20.1599 22.3089 -0.000106698 0.00106192
1 21.2801 22.3089 0.000107033 0.00106192
1 22.4002 22.3089 -4.80103e-05 0.00106098
1 23.5202 22.3089 0.000312261 0.00106113
1 24.6401 22.3089 0.000676314 0.00106213
1 25.76 22.3089 -2.61677e-05 0.00106261
1 26.88 22.3089 -0.000123859 0.00106328
1 28 22.3089 4.07443e-05 0.00106313
1 29.12 22.3089 -0.00060064 0.0010609
1 30.2399 22.3089 -0.000725033 0.00105684
1 31.3599 22.3089 -0.00042171 0.00105766
1 32.4799 22.3089 -0.000744861 0.00105587
1 33.6 22.3089 -2.83183e-08 0.00106133
1 34.7201 22.3089 0.000743964 0.00105587
1 35.8401 22.3089 0.000411855 0.00105765
1 36.9601 22.3089 0.000648006 0.00105665
1 38.08 22.3089 -5.60433e-06 0.00106015
1 39.1997 22.3089 -0.00455393 0.00106092
1 40.3184 22.3089 -0.0221621 0.00105389
1 41.4336 22.3089 -0.0578711 0.0010346
1 42.5455 22.3089 -0.0780919 0.00102744
1 43.6586 22.3089 -0.0851151 0.00081641
1 0.58137 23.2789 0.08471 0.00042856
1 1.69451 23.2789 0.0780493 6.12216e-05
1 2.80633 23.2789 0.0581022 0.000197937
1 3.92159 23.2789 0.0221119 0.00026338
1 5.0402 23.2789 0.004596 0.000281173
1 6.15997 23.2789 0.000537215 0.000283883
1 7.27992 23.2789 -0.00064721 0.000280135
1 8.39983 23.2789 -0.000306038 0.000273714
1 9.51981 23.2789 4.79889e-05 0.000277252
1 10.6399 23.2789 -0.000113442 0.000280295
1 11.7601 23.2789 0.000113078 0.000280295
1 12.8802 23.2789 -5.23799e-05 0.000277257
1 14.0002 23.2789 0.000277586 0.000273738
1 15.1201 23.2789 0.00055673 0.0002801
1 16.24 23.2789 -0.000370544 0.000282993
1 17.3599 23.2789 -0.000664811 0.000280001
1 18.4799 23.2789 -0.000406522 0.000277065
1 19.5999 23.2789 -0.000750038 0.000281147
1 20.72 23.2789 4.17065e-08 0.000276729
1 21.8401 23.2789 0.000751129 0.000281147
1 22.9601 23.2789 0.000417714 0.000277076
1 24.0801 23.2789 0.000729445 0.000280218
1 25.2 23.2789 0.000604973 0.000284519
1 26.32 23.2789 -4.35429e-05 0.000284896
1 27.44 23.2789 0.000124899 0.000283542
1 28.56 23.2789 2.96748e-05 0.000284085
1 29.6799 23.2789 -0.00067645 0.000280144
1 30.7998 23.2789 -0.000305719 0.000273714
1 31.9198 23.2789 4.82725e-05 0.000277253
1 33.0399 23.2789 -0.000113412 0.000280295
1 34.1601 23.2789 0.000113146 0.000280295
1 35.2802 23.2789 -5.17413e-05 0.000277256
1 36.4002 23.2789 0.000276443 0.000273739
1 37.5201 23.2789 0.000452931 0.000280097
1 38.6399 23.2789 -0.00187026 0.000282741
1 39.7593 23.2789 -0.0116075 0.00027692
1 40.8763 23.2789 -0.0399964 0.000250965
1 41.9894 23.2789 -0.0651028 0.000195779
1 43.1012 23.2789 -0.0814198 0.000132746
1 44.2161 23.2789 -0.11025 0.000483242
1 0.02385 24.2489 0.110089 0.00038964
1 1.13882 24.2488 0.0811186 0.000162271
1 2.25065 24.2488 0.0649858 0.000139175
1 3.3637 24.2488 0.0399671 0.000155686
1 4.48072 24.2489 0.0113613 0.000167647
1 5.60008 24.2489 0.00174653 0.000168972
1 6.71999 24.2489 -0.000467904 0.000168999
1 7.83993 24.2489 -0.000726635 0.000165858
1 8.95987 24.2489 -0.000425668 0.000168471
1 10.0799 24.2489 -0.000753686 0.00016724
1 11.2 24.2489 -4.49212e-08 0.000166029
1 12.3201 24.2489 0.000752541 0.000167241
1 13.4401 24.2489 0.000414026 0.000168474
1 14.5601 24.2489 0.000665769 0.000165884
1 15.68 24.2489 0.000369566 0.000168318
1 16.7999 24.2489 -0.000554718 0.000166816
1 17.9198 24.2489 -0.000276676 0.000160993
1 19.0398 24.2488 4.97287e-05 0.000167566
1 20.1599 24.2489 -0.000113751 0.00016159
1 21.2801 24.2489 0.000114089 0.00016159
1 22.4002 24.2488 -4.56223e-05 0.000167562
1 23.5202 24.2489 0.000304746 0.00016098
1 24.6401 24.2489 0.000673913 0.00016702
1 25.76 24.2489 -2.96041e-05 0.000168843
1 26.88 24.2489 -0.000126532 0.000167446
1 28 24.2489 4.26178e-05 0.000168601
1 29.12 24.2489 -0.000602742 0.000168935
1 30.2399 24.2489 -0.000729815 0.000165835
1 31.3599 24.2489 -0.000425071 0.000168463
1 32.4799 24.2489 -0.000753613 0.00016724
1 33.6 24.2489 -2.74038e-08 0.000166029
1 34.7201 24.2489 0.000752729 0.000167241
1 35.8401 24.2489 0.000415308 0.000168491
1 36.9601 24.2489 0.000653343 0.000165929
1 38.08 24.2489 -1.34032e-06 0.000168419
1 39.1997 24.2489 -0.00455142 0.000167154
1 40.3184 24.2489 -0.0221437 0.00016012
1 41.4337 24.2488 -0.0577886 0.000136613
1 42.5455 24.2488 -0.0778802 0.000165207
1 43.6587 24.2488 -0.0848443 -5.35183e-06
1 0.581357 25.2187 0.0850457 0.000366287
1 1.69449 25.2187 0.0779728 8.87669e-05
1 2.80633 25.2187 0.0580329 0.000108796
1 3.92159 25.2187 0.0220897 0.000103075
1 5.04021 25.2187 0.00459269 0.000103258
1 6.15997 25.2187 0.000537065 0.000102313
1 7.27992 25.2187 -0.000643939 0.000103885
1 8.39983 25.2187 -0.000305132 0.000108676
1 9.51981 25.2187 4.78964e-05 0.000107136
1 10.6399 25.2187 -0.000111858 0.000104274
1 11.7601 25.2187 0.000111496 0.000104273
1 12.8802 25.2187 -5.22596e-05 0.000107129
1 14.0002 25.2187 0.000276932 0.000108638
1 15.1201 25.2187 0.000554686 0.000103407
1 16.24 25.2187 -0.000367922 0.000100927
1 17.3599 25.2187 -0.000661248 9.87171e-05
1 18.4799 25.2187 -0.000409557 9.87107e-05
1 19.5999 25.2187 -0.000745975 9.76981e-05
1 20.72 25.2187 4.13719e-08 0.000103347
1 21.8401 25.2187 0.00074706 9.76972e-05
1 22.9601 25.2187 0.000420682 9.86987e-05
1 24.0801 25.2187 0.00072556 9.86578e-05
1 25.2 25.2187 0.000601685 0.000100178
1 26.32 25.2187 -4.26033e-05 0.000100962
1 27.44 25.2187 0.000125539 0.00010233
1 28.56 25.2187 2.98224e-05 0.000102126
1 29.6799 25.2187 -0.000673179 0.000103867
1 30.7998 25.2187 -0.000304816 0.00010867
1 31.9198 25.2187 4.81789e-05 0.000107134
1 33.0399 25.2187 -0.000111828 0.000104274
1 34.1601 25.2187 0.000111564 0.000104273
1 35.2802 25.2187 -5.16234e-05 0.000107134
1 36.4002 25.2187 0.000275783 0.000108651
1 37.5201 25.2187 0.000450905 0.00010342
1 38.6399 25.2187 -0.00186682 0.000100915
1 39.7593 25.2187 -0.0115946 9.80062e-05
1 40.8763 25.2187 -0.0399519 8.58125e-05
1 41.9894 25.2187 -0.0649687 7.2697e-05
1 43.1012 25.2187 -0.0809933 7.9814e-07
1 44.2162 25.2187 -0.109544 0.000199222
1 0.0238396 26.1885 0.110066 3.02112e-05
1 1.13881 26.1886 0.0811172 0.000709709
1 2.25064 26.1885 0.0649065 0.000648839
1 3.36369 26.1885 0.0399297 0.000652431
1 4.48072 26.1885 0.0113521 0.000639584
1 5.60008 26.1885 0.00174477 0.00063426
1 6.71999 26.1885 -0.00046714 0.000634502
1 7.83993 26.1885 -0.000722128 0.000635843
1 8.95987 26.1885 -0.000420731 0.000635609
1 10.0799 26.1885 -0.000747208 0.000636943
1 11.2 26.1885 -4.58789e-08 0.000631161
1 12.3201 26.1885 0.000746051 0.000636942
1 13.4401 26.1885 0.000409005 0.000635599
1 14.5601 26.1885 0.000660967 0.000635787
1 15.68 26.1885 0.000367936 0.00063369
1 16.7999 26.1885 -0.000555138 0.000631041
1 17.9198 26.1885 -0.000277302 0.000625904
1 19.0398 26.1885 5.24634e-05 0.000627464
1 20.1599 26.1885 -0.000111807 0.000629937
1 21.2801 26.1885 0.000112143 0.000629937
1 22.4002 26.1885 -4.83824e-05 0.000627459
1 23.5202 26.1885 0.000305188 0.00062587
1 24.6401 26.1885 0.000673635 0.000630571
1 25.76 26.1885 -2.98369e-05 0.000632467
1 26.88 26.1885 -0.000125306 0.000632164
1 28 26.1885 4.29757e-05 0.000633441
1 29.12 26.1885 -0.000601718 0.000634422
1 30.2399 26.1885 -0.000725281 0.000635842
1 31.3599 26.1885 -0.000420129 0.000635611
1 32.4799 26.1885 -0.000747135 0.000636943
1 33.6 26.1885 -2.83103e-08 0.000631161
1 34.7201 26.1885 0.000746238 0.000636941
1 35.8401 26.1885 0.000410294 0.000635593
1 36.9601 26.1885 0.000648556 0.000635778
1 38.08 26.1885 -2.93001e-06 0.000633771
1 39.1997 26.1885 -0.00455125 0.000632305
1 40.3184 26.1885 -0.0221419 0.000636818
1 41.4337 26.1885 -0.0577939 0.00064708
1 42.5455 26.1885 -0.0778996 0.000648618
1 43.6587 26.1885 -0.0848002 0.000211242
1 0.581353 27.1585 0.0847191 -0.000576124
1 1.6945 27.1584 0.0780663 -0.000894997
1 2.80633 27.1584 0.0580931 -0.0008891
1 3.92158 27.1584 0.0221018 -0.000894518
1 5.0402 27.1584 0.00459115 -0.000902675
1 6.15997 27.1584 0.000535449 -0.000903399
1 7.27992 27.1584 -0.000645339 -0.000901086
1 8.39984 27.1584 -0.000305449 -0.00089513
1 9.51981 27.1584 4.55424e-05 -0.00090176
1 10.6399 27.1584 -0.000114415 -0.00089539
1 11.7601 27.1584 0.000114051 -0.00089539
1 12.8802 27.1584 -4.99306e-05 -0.00090176
1 14.0002 27.1584 0.000277049 -0.000895134
1 15.1201 27.1584 0.00055516 -0.000900851
1 16.24 27.1584 -0.000369575 -0.000902524
1 17.3599 27.1584 -0.00066548 -0.000899979
1 18.4799 27.1584 -0.000413483 -0.000902365
1 19.5999 27.1584 -0.000752604 -0.000901465
1 20.72 27.1584 4.04059e-08 -0.000900127
1 21.8401 27.1584 0.000753676 -0.000901464
1 22.9601 27.1584 0.000424527 -0.000902353
1 24.0801 27.1584 0.000729526 -0.000899926
1 25.2 27.1584 0.000602767 -0.000903123
1 26.32 27.1584 -4.29841e-05 -0.000902588
1 27.44 27.1584 0.000126296 -0.000901531
1 28.56 27.1584 2.96157e-05 -0.000903025
1 29.6799 27.1584 -0.000674361 -0.000901045
1 30.7998 27.1584 -0.00030512 -0.000895119
1 31.9198 27.1584 4.58241e-05 -0.000901755
1 33.0399 27.1584 -0.000114385 -0.00089539
1 34.1601 27.1584 0.000114118 -0.00089539
1 35.2802 27.1584 -4.92981e-05 -0.000901769
1 36.4002 27.1584 0.000275903 -0.00089516
1 37.5201 27.1584 0.000451548 -0.000900933
1 38.6399 27.1584 -0.00186742 -0.000903017
1 39.7593 27.1584 -0.0115984 -0.000900855
1 40.8763 27.1584 -0.0399694 -0.000887797
1 41.9894 27.1584 -0.0650411 -0.000855538
1 43.1012 27.1584 -0.0812962 -0.000867716
1 44.2162 27.1584 -0.110112 -0.000620915
1 0.0238897 28.1285 0.110229 -0.000716765
1 1.13885 28.1284 0.0812412 -0.000843495
1 2.25066 28.1283 0.0650464 -0.000913636
1 3.3637 28.1283 0.0399948 -0.000986288
1 4.48072 28.1283 0.0113733 -0.00101528
1 5.60008 28.1283 0.00174855 -0.00102017
1 6.71999 28.1283 -0.000470054 -0.00101952
1 7.83993 28.1283 -0.000726568 -0.00101499
1 8.95987 28.1283 -0.000418869 -0.00101164
1 10.0799 28.1283 -0.000751132 -0.00101604
1 11.2 28.1283 -4.6268e-08 -0.0010115
1 12.3201 28.1283 0.000749967 -0.00101604
1 13.4401 28.1283 0.000407073 -0.00101163
1 14.5601 28.1283 0.000665099 -0.00101477
1 15.68 28.1283 0.000370532 -0.00101787
1 16.7999 28.1283 -0.000556276 -0.00101481
1 17.9198 28.1283 -0.00027721 -0.00100855
1 19.0398 28.1283 5.2179e-05 -0.00101211
1 20.1599 28.1283 -0.000112773 -0.00101476
1 21.2801 28.1283 0.000113109 -0.00101476
1 22.4002 28.1283 -4.80717e-05 -0.0010121
1 23.5202 28.1283 0.000305341 -0.00100852
1 24.6401 28.1283 0.000675991 -0.00101484
1 25.76 28.1283 -2.96612e-05 -0.00101894
1 26.88 28.1283 -0.000125136 -0.0010183
1 28 28.1283 4.31716e-05 -0.00101956
1 29.12 28.1283 -0.000604941 -0.00101938
1 30.2399 28.1283 -0.00072973 -0.00101499
1 31.3599 28.1283 -0.000418266 -0.00101164
1 32.4799 28.1283 -0.000751058 -0.00101604
1 33.6 28.1283 -2.85853e-08 -0.0010115
1 34.7201 28.1283 0.000750156 -0.00101604
1 35.8401 28.1283 0.000408366 -0.00101163
1 36.9601 28.1283 0.000652688 -0.00101478
1 38.08 28.1283 -5.95096e-07 -0.00101799
1 39.1997 28.1283 -0.00455556 -0.00101493
1 40.3184 28.1283 -0.0221551 -0.00100044
1 41.4336 28.1283 -0.0577961 -0.000951444
1 42.5455 28.1284 -0.0778623 -0.000796252
1 43.6587 28.1284 -0.0848359 -0.00100396
1 0.581388 29.0984 0.0853606 -0.000239728
1 1.69451 29.0984 0.0781595 -0.000291634
1 2.80633 29.0983 0.0581083 -0.000287542
1 3.92159 29.0983 0.022116 -0.00031565
1 5.04021 29.0983 0.00459569 -0.000328574
1 6.15997 29.0983 0.000533739 -0.000329216
1 7.27992 29.0983 -0.000646625 -0.000328899
1 8.39983 29.0983 -0.000312199 -0.00032778
1 9.51981 29.0983 4.75269e-05 -0.000327571
1 10.6399 29.0983 -0.000106758 -0.000328889
1 11.7601 29.0983 0.000106395 -0.000328889
1 12.8802 29.0983 -5.19013e-05 -0.000327562
1 14.0002 29.0983 0.000283896 -0.000327701
1 15.1201 29.0983 0.000556953 -0.00032803
1 16.24 29.0983 -0.000365126 -0.000326685
1 17.3599 29.0983 -0.000660691 -0.000323306
1 18.4799 29.0983 -0.000411106 -0.000324509
1 19.5999 29.0983 -0.000743716 -0.000322404
1 20.72 29.0983 4.13772e-08 -0.000328001
1 21.8401 29.0983 0.000744801 -0.000322404
1 22.9601 29.0983 0.000422253 -0.000324526
1 24.0801 29.0983 0.000725322 -0.000323513
1 25.2 29.0983 0.000600613 -0.00032748
1 26.32 29.0983 -4.03765e-05 -0.000329912
1 27.44 29.0983 0.000124098 -0.00032997
1 28.56 29.0983 2.61557e-05 -0.000329198
1 29.6799 29.0983 -0.000675862 -0.000328879
1 30.7998 29.0983 -0.000311881 -0.000327772
1 31.9198 29.0983 4.78096e-05 -0.000327568
1 33.0399 29.0983 -0.000106728 -0.000328889
1 34.1601 29.0983 0.000106464 -0.000328889
1 35.2802 29.0983 -5.12646e-05 -0.000327567
1 36.4002 29.0983 0.000282751 -0.000327715
1 37.5201 29.0983 0.000453189 -0.000328059
1 38.6399 29.0983 -0.00186438 -0.000326622
1 39.7593 29.0983 -0.0115997 -0.000321111
1 40.8763 29.0983 -0.0399852 -0.000300228
1 41.9894 29.0984 -0.0650496 -0.000258749
1 43.1012 29.0984 -0.0811347 -0.000193405
1 44.2162 29.0984 -0.110099 -0.000352252
1 0.0239022 30.0682 0.110598 -0.000320919
1 1.13883 30.0683 0.0813884 0.000187911
1 2.25065 30.0683 0.065028 0.000161812
1 3.3637 30.0683 0.0399641 0.000155663
1 4.48072 30.0683 0.0113605 0.00013736
1 5.60008 30.0683 0.00174477 0.000128626
1 6.71999 30.0683 -0.000467118 0.000129183
1 7.83993 30.0683 -0.000723494 0.000131793
1 8.95987 30.0683 -0.000419005 0.000124322
1 10.0799 30.0683 -0.00074879 0.000127281
1 11.2 30.0683 -4.48082e-08 0.000125109
1 12.3201 30.0683 0.000747645 0.000127281
1 13.4401 30.0683 0.000407355 0.000124327
1 14.5601 30.0683 0.000662531 0.000131877
1 15.68 30.0683 0.000368321 0.000130117
1 16.7999 30.0683 -0.000554622 0.000130201
1 17.9198 30.0683 -0.000278121 0.000137054
1 19.0398 30.0683 4.98687e-05 0.0001304
1 20.1599 30.0683 -0.000113158 0.000134627
1 21.2801 30.0683 0.000113494 0.000134626
1 22.4002 30.0683 -4.57896e-05 0.000130383
1 23.5202 30.0683 0.00030603 0.000136868
1 24.6401 30.0683 0.000673421 0.000129162
1 25.76 30.0683 -2.942e-05 0.000128217
1 26.88 30.0683 -0.000125462 0.00012933
1 28 30.0683 4.19807e-05 0.000127371
1 29.12 30.0683 -0.000601744 0.00012909
1 30.2399 30.0683 -0.00072666 0.000131811
1 31.3599 30.0683 -0.000418409 0.00012433
1 32.4799 30.0683 -0.000748718 0.000127281
1 33.6 30.0683 -2.73195e-08 0.000125109
1 34.7201 30.0683 0.000747833 0.00012728
1 35.8401 30.0683 0.000408636 0.00012431
1 36.9601 30.0683 0.000650129 0.000131837
1 38.08 30.0683 -2.28075e-06 0.000130195
1 39.1997 30.0683 -0.00455002 0.000131648
1 40.3184 30.0683 -0.022148 0.000147705
1 41.4337 30.0683 -0.057821 0.000182061
1 42.5455 30.0683 -0.0779323 0.000235573
1 43.6587 30.0684 -0.0846305 0.000234241
1 0.581339 31.0383 0.0846417 -0.000797099
1 1.69449 31.0383 0.0780003 -0.000935523
1 2.80632 31.0383 0.0580541 -0.00096649
1 3.92158 31.0383 0.0220836 -0.000986006
1 5.0402 31.0383 0.00458195 -0.000987351
1 6.15997 31.0383 0.000533294 -0.000988418
1 7.27992 31.0383 -0.000640723 -0.000987629
1 8.39984 31.0383 -0.000303188 -0.000987894
1 9.51982 31.0383 4.5819e-05 -0.000984687
1 10.6399 31.0383 -0.000113572 -0.000993589
1 11.7601 31.0383 0.000113208 -0.000993589
1 12.8802 31.0383 -5.02084e-05 -0.000984694
1 14.0002 31.0383 0.000274716 -0.000987922
1 15.1201 31.0383 0.000549911 -0.000987628
1 16.24 31.0383 -0.00036951 -0.000987777
1 17.3599 31.0383 -0.000663592 -0.000986312
1 18.4799 31.0383 -0.000407406 -0.000982306
1 19.5999 31.0383 -0.000745882 -0.000985195
1 20.72 31.0383 3.90195e-08 -0.000983568
1 21.8401 31.0383 0.000746927 -0.000985201
1 22.9601 31.0383 0.000418207 -0.000982371
1 24.0801 31.0383 0.000726519 -0.00098673
1 25.2 31.0383 0.000599816 -0.000988868
1 26.32 31.0383 -4.2778e-05 -0.000990244
1 27.44 31.0383 0.000123681 -0.000989671
1 28.56 31.0383 2.86001e-05 -0.000988798
1 29.6799 31.0383 -0.000669653 -0.000987659
1 30.7998 31.0383 -0.000302859 -0.000987901
1 31.9198 31.0383 4.60997e-05 -0.00098469
1 33.0399 31.0383 -0.000113542 -0.000993589
1 34.1601 31.0383 0.000113276 -0.000993589
1 35.2802 31.0383 -4.95776e-05 -0.000984688
1 36.4002 31.0383 0.000273569 -0.000987906
1 37.5201 31.0383 0.000446387 -0.00098759
1 38.6399 31.0383 -0.00186636 -0.000987538
1 39.7593 31.0383 -0.011593 -0.000985299
1 40.8763 31.0383 -0.0399684 -0.000977894
1 41.9894 31.0383 -0.0650599 -0.00092522
1 43.1012 31.0384 -0.0813749 -0.000866737
1 44.2162 31.0385 -0.110219 -0.000236295
1 0.0238221 32.0083 0.110121 -0.000176503
1 1.1388 32.0083 0.0809444 -0.00026557
1 2.25064 32.0083 0.0648802 -0.000298972
1 3.36369 32.0083 0.0399173 -0.00031269
1 4.48071 32.0083 0.011337 -0.000319489
1 5.60007 32.0083 0.00173533 -0.000321827
1 6.71999 32.0083 -0.000461516 -0.000322377
1 7.83993 32.0083 -0.000714287 -0.000321409
1 8.95987 32.0083 -0.000418528 -0.00032186
1 10.0799 32.0083 -0.000735737 -0.000322725
1 11.2 32.0083 -4.59346e-08 -0.000322087
1 12.3201 32.0083 0.000734579 -0.000322724
1 13.4401 32.0083 0.00040678 -0.000321841
1 14.5601 32.0083 0.000652775 -0.000321194
1 15.68 32.0083 0.000360004 -0.000321564
1 16.7999 32.0083 -0.00055476 -0.000320056
1 17.9198 32.0083 -0.000283199 -0.000318884
1 19.0398 32.0083 5.15492e-05 -0.000320067
1 20.1599 32.0083 -0.000105234 -0.000319988
1 21.2801 32.0083 0.000105553 -0.000319988
1 22.4002 32.0083 -4.76187e-05 -0.000320067
1 23.5202 32.0083 0.000310288 -0.000318885
1 24.6401 32.0083 0.000670821 -0.000320062
1 25.76 32.0083 -2.70654e-05 -0.00032159
1 26.88 32.0083 -0.000124852 -0.000321264
1 28 32.0083 3.82349e-05 -0.000321965
1 29.12 32.0083 -0.000595484 -0.000322378
1 30.2399 32.0083 -0.00071741 -0.000321408
1 31.3599 32.0083 -0.000417929 -0.00032186
1 32.4799 32.0083 -0.000735664 -0.000322725
1 33.6 32.0083 -2.85064e-08 -0.000322087
1 34.7201 32.0083 0.000734766 -0.000322724
1 35.8401 32.0083 0.000408064 -0.000321841
1 36.9601 32.0083 0.000640387 -0.000321196
1 38.08 32.0083 -1.02373e-05 -0.000321553
1 39.1997 32.0083 -0.00454616 -0.000319765
1 40.3184 32.0083 -0.022134 -0.000315586
1 41.4337 32.0083 -0.057789 -0.000307727
1 42.5455 32.0083 -0.0779705 -0.000241757
1 43.6587 32.0083 -0.0852845 -0.000321128
1 0.581317 32.9783 0.0847772 0.000523935
1 1.69448 32.9783 0.0779139 0.000224873
1 2.80632 32.9783 0.0580063 0.000317319
1 3.92158 32.9783 0.0220731 0.000338252
1 5.0402 32.9783 0.00458074 0.000338881
1 6.15997 32.9783 0.000533535 0.000339753
1 7.27992 32.9783 -0.000639148 0.000338305
1 8.39984 32.9783 -0.000302258 0.000339156
1 9.51982 32.9783 4.59643e-05 0.000336284
1 10.6399 32.9783 -0.000112776 0.000344244
1 11.7601 32.9783 0.000112414 0.000344245
1 12.8802 32.9783 -5.03239e-05 0.000336304
1 14.0002 32.9783 0.000274022 0.000339345
1 15.1201 32.9783 0.000549278 0.000339357
1 16.24 32.9783 -0.000367918 0.00034198
1 17.3599 32.9783 -0.000661371 0.000343689
1 18.4799 32.9783 -0.000407476 0.000338901
1 19.5999 32.9783 -0.000745013 0.000342323
1 20.72 32.9783 3.90811e-08 0.000339361
1 21.8401 32.9783 0.000746059 0.000342329
1 22.9601 32.9783 0.000418278 0.000338969
1 24.0801 32.9783 0.000724294 0.000344114
1 25.2 32.9783 0.000598197 0.000343119
1 26.32 32.9783 -4.22464e-05 0.000342122
1 27.44 32.9783 0.000124207 0.000341371
1 28.56 32.9783 2.89967e-05 0.000340191
1 29.6799 32.9783 -0.000668078 0.000338345
1 30.7998 32.9783 -0.000301931 0.000339164
1 31.9198 32.9783 4.62447e-05 0.000336287
1 33.0399 32.9783 -0.000112747 0.000344244
1 34.1601 32.9783 0.000112481 0.000344245
1 35.2802 32.9783 -4.96938e-05 0.000336297
1 36.4002 32.9783 0.000272872 0.000339327
1 37.5201 32.9783 0.000445756 0.000339299
1 38.6399 32.9783 -0.00186457 0.000341598
1 39.7593 32.9783 -0.0115894 0.000342416
1 40.8763 32.9783 -0.0399645 0.000339908
1 41.9894 32.9783 -0.0650286 0.000318986
1 43.1012 32.9783 -0.0811733 0.000292418
1 44.2162 32.9781 -0.109857 9.09055e-05
1 0.023876 33.9483 0.110374 0.000134595
1 1.13882 33.9482 0.0812909 0.000395228
1 2.25064 33.9482 0.0649701 0.000374297
1 3.3637 33.9482 0.03994 0.000367487
1 4.48072 33.9482 0.0113536 0.000363262
1 5.60008 33.9482 0.00174385 0.000363218
1 6.71999 33.9482 -0.000463558 0.000363015
1 7.83993 33.9482 -0.0007206 0.000362304
1 8.95987 33.9482 -0.000418385 0.000367342
1 10.0799 33.9482 -0.000746223 0.000364212
1 11.2 33.9482 -4.34958e-08 0.000366959
1 12.3201 33.9482 0.000745106 0.000364218
1 13.4401 33.9482 0.000406989 0.000367405
1 14.5601 33.9482 0.000660836 0.000362733
1 15.68 33.9482 0.000367745 0.00036428
1 16.7999 33.9482 -0.000549739 0.000366641
1 17.9198 33.9482 -0.000274493 0.000366605
1 19.0398 33.9482 5.05221e-05 0.000369641
1 20.1599 33.9482 -0.000112646 0.000361351
1 21.2801 33.9482 0.000112982 0.000361352
1 22.4002 33.9482 -4.64436e-05 0.000369658
1 23.5202 33.9482 0.000302384 0.000366761
1 24.6401 33.9482 0.000668458 0.000367504
1 25.76 33.9482 -2.89926e-05 0.000365681
1 26.88 33.9482 -0.00012387 0.000364458
1 28 33.9482 4.26044e-05 0.000363765
1 29.12 33.9482 -0.000598061 0.000363089
1 30.2399 33.9482 -0.000723767 0.000362291
1 31.3599 33.9482 -0.000417792 0.000367336
1 32.4799 33.9482 -0.000746151 0.000364212
1 33.6 33.9482 -2.61225e-08 0.000366959
1 34.7201 33.9482 0.000745292 0.000364217
1 35.8401 33.9482 0.000408266 0.000367416
1 36.9601 33.9482 0.000648434 0.000362767
1 38.08 33.9482 -2.55995e-06 0.000364318
1 39.1997 33.9482 -0.00454177 0.000367241
1 40.3184 33.9482 -0.0221263 0.000374132
1 41.4337 33.9482 -0.057771 0.000399196
1 42.5455 33.9482 -0.0778425 0.000488973
1 43.6587 33.9482 -0.0845294 4.035e-05
1 0.581392 34.9182 0.0851409 -0.000315717
1 1.69451 34.9181 0.0781414 -0.000578095
1 2.80633 34.9181 0.0580864 -0.000540107
1 3.92159 34.9182 0.0220992 -0.000527459
1 5.04021 34.9182 0.00458958 -0.000523607
1 6.15997 34.9182 0.000534093 -0.00052274
1 7.27992 34.9182 -0.000640984 -0.000522862
1 8.39984 34.9182 -0.000310544 -0.000523082
1 9.51981 34.9182 4.76546e-05 -0.000522592
1 10.6399 34.9182 -0.000105721 -0.000522509
1 11.7601 34.9182 0.000105375 -0.000522509
1 12.8802 34.9182 -5.18646e-05 -0.000522592
1 14.0002 34.9182 0.000283141 -0.000523086
1 15.1201 34.9182 0.000554086 -0.000522879
1 16.24 34.9182 -0.000360489 -0.000522748
1 17.3599 34.9182 -0.000652469 -0.000523022
1 18.4799 34.9182 -0.000406458 -0.00052282
1 19.5999 34.9182 -0.000734659 -0.000522445
1 20.72 34.9182 4.16332e-08 -0.000522753
1 21.8401 34.9182 0.000735743 -0.000522445
1 22.9601 34.9182 0.000417579 -0.000522818
1 24.0801 34.9182 0.000716912 -0.000523013
1 25.2 34.9182 0.000595453 -0.000522709
1 26.32 34.9182 -3.8387e-05 -0.000522774
1 27.44 34.9182 0.000124582 -0.000522906
1 28.56 34.9182 2.75424e-05 -0.000522681
1 29.6799 34.9182 -0.000670155 -0.000522859
1 30.7998 34.9182 -0.000310233 -0.000523082
1 31.9198 34.9182 4.7934e-05 -0.000522592
1 33.0399 34.9182 -0.000105691 -0.000522509
1 34.1601 34.9182 0.000105442 -0.000522509
1 35.2802 34.9182 -5.12339e-05 -0.000522592
1 36.4002 34.9182 0.000281991 -0.000523086
1 37.5201 34.9182 0.000450516 -0.000522887
1 38.6399 34.9182 -0.00185708 -0.000522892
1 39.7593 34.9182 -0.0115735 -0.000524301
1 40.8763 34.9181 -0.0399156 -0.00052792
1 41.9894 34.9181 -0.064937 -0.000518364
1 43.1012 34.9182 -0.0811051 -0.000524055
1 44.2162 34.9182 -0.110116 -0.000107178
1 0.0238523 35.888 0.110101 -0.000153044
1 1.13882 35.8881 0.0811409 -5.67556e-05
1 2.25065 35.8881 0.0649707 -5.81495e-05
1 3.3637 35.8881 0.0399514 -4.92962e-05
1 4.48072 35.8881 0.0113556 -5.32009e-05
1 5.60008 35.8881 0.00174371 -5.52499e-05
1 6.71999 35.8881 -0.000463505 -5.56125e-05
1 7.83993 35.8881 -0.000720887 -5.42387e-05
1 8.95987 35.8881 -0.000418931 -5.94367e-05
1 10.0799 35.8881 -0.000746166 -5.73765e-05
1 11.2 35.8881 -4.35403e-08 -5.9412e-05
1 12.3201 35.8881 0.000745049 -5.7383e-05
1 13.4401 35.8881 0.000407536 -5.94965e-05
1 14.5601 35.8881 0.000661134 -5.46419e-05
1 15.68 35.8881 0.000367747 -5.67949e-05
1 16.7999 35.8881 -0.000549265 -5.87079e-05
1 17.9198 35.8881 -0.000274107 -5.83622e-05
1 19.0398 35.8881 5.03153e-05 -6.23967e-05
1 20.1599 35.8881 -0.000112351 -5.39361e-05
1 21.2801 35.8881 0.000112687 -5.3937e-05
1 22.4002 35.8881 -4.6237e-05 -6.24138e-05
1 23.5202 35.8881 0.000301995 -5.85235e-05
1 24.6401 35.8881 0.000667979 -5.96025e-05
1 25.76 35.8881 -2.89908e-05 -5.83114e-05
1 26.88 35.8881 -0.000124115 -5.65941e-05
1 28 35.8881 4.22337e-05 -5.60709e-05
1 29.12 35.8881 -0.000598026 -5.57044e-05
1 30.2399 35.8881 -0.000724056 -5.42267e-05
1 31.3599 35.8881 -0.000418338 -5.94309e-05
1 32.4799 35.8881 -0.000746094 -5.73767e-05
1 33.6 35.8881 -2.61663e-08 -5.9412e-05
1 34.7201 35.8881 0.000745235 -5.73824e-05
1 35.8401 35.8881 0.000408812 -5.95084e-05
1 36.9601 35.8881 0.000648729 -5.46737e-05
1 38.08 35.8881 -2.5789e-06 -5.67693e-05
1 39.1997 35.8881 -0.00454108 -5.84927e-05
1 40.3184 35.8881 -0.0221209 -6.06339e-05
1 41.4337 35.8881 -0.0577377 -7.13807e-05
1 42.5455 35.8881 -0.0777846 -7.06468e-05
1 43.6587 35.8881 -0.0847143 1.06587e-05
1 0.581316 36.858 0.0847725 -1.10394e-05
1 1.69448 36.858 0.0779114 6.82407e-05
1 2.80632 36.8581 0.0580053 7.70233e-05
1 3.92158 36.8581 0.0220728 5.88071e-05
1 5.0402 36.8581 0.00458055 5.87716e-05
1 6.15997 36.8581 0.000533527 5.87201e-05
1 7.27992 36.8581 -0.000639048 5.96573e-05
1 8.39984 36.8581 -0.000302322 5.85497e-05
1 9.51982 36.8581 4.59567e-05 6.2435e-05
1 10.6399 36.8581 -0.000112713 5.39554e-05
1 11.7601 36.8581 0.00011235 5.39544e-05
1 12.8802 36.8581 -5.03152e-05 6.24148e-05
1 14.0002 36.8581 0.000274107 5.83804e-05
1 15.1201 36.8581 0.000549265 5.87262e-05
1 16.24 36.8581 -0.000367747 5.68132e-05
1 17.3599 36.8581 -0.000661134 5.46602e-05
1 18.4799 36.8581 -0.000407536 5.95149e-05
1 19.5999 36.8581 -0.000745049 5.74014e-05
1 20.72 36.8581 3.9085e-08 5.94304e-05
1 21.8401 36.8581 0.000746094 5.73952e-05
1 22.9601 36.8581 0.000418338 5.94492e-05
1 24.0801 36.8581 0.000724056 5.4245e-05
1 25.2 36.8581 0.000598026 5.57228e-05
1 26.32 36.8581 -4.22338e-05 5.60894e-05
1 27.44 36.8581 0.000124115 5.66126e-05
1 28.56 36.8581 2.89907e-05 5.83298e-05
1 29.6799 36.8581 -0.00066798 5.96208e-05
1 30.7998 36.8581 -0.000301995 5.85417e-05
1 31.9198 36.8581 4.6237e-05 6.24319e-05
1 33.0399 36.8581 -0.000112683 5.39554e-05
1 34.1601 36.8581 0.000112417 5.39545e-05
1 35.2802 36.8581 -4.96852e-05 6.24221e-05
1 36.4002 36.8581 0.000272955 5.83986e-05
1 37.5201 36.8581 0.000445739 5.8776e-05
1 38.6399 36.8581 -0.00186439 5.70674e-05
1 39.7593 36.8581 -0.0115889 5.47715e-05
1 40.8763 36.8581 -0.0399636 4.94039e-05
1 41.9894 36.8581 -0.0650266 5.84678e-05
1 43.1012 36.8581 -0.0811696 5.81881e-05
1 44.2162 36.8581 -0.109851 0.000150258
1 0.0238437 37.828 0.110361 0.000107134
1 1.13879 37.828 0.081078 0.000523963
1 2.25063 37.828 0.0648716 0.000518328
1 3.36369 37.828 0.0399024 0.000527758
1 4.48071 37.828 0.0113339 0.000524115
1 5.60007 37.828 0.00173512 0.000522806
1 6.71999 37.828 -0.000461502 0.000522575
1 7.83993 37.828 -0.000713787 0.000522865
1 8.95987 37.828 -0.000418177 0.000522671
1 10.0799 37.828 -0.000735815 0.0005223
1 11.2 37.828 -4.61058e-08 0.000522606
1 12.3201 37.828 0.000734659 0.0005223
1 13.4401 37.828 0.000406457 0.000522673
1 14.5601 37.828 0.000652469 0.000522873
1 15.68 37.828 0.000360488 0.000522601
1 16.7999 37.828 -0.000554088 0.000522728
1 17.9198 37.828 -0.000283142 0.000522932
1 19.0398 37.828 5.18643e-05 0.00052244
1 20.1599 37.828 -0.000105376 0.000522357
1 21.2801 37.828 0.000105696 0.000522357
1 22.4002 37.828 -4.79336e-05 0.00052244
1 23.5202 37.828 0.000310233 0.000522928
1 24.6401 37.828 0.000670156 0.000522706
1 25.76 37.828 -2.75425e-05 0.000522529
1 26.88 37.828 -0.000124581 0.000522753
1 28 37.828 3.83882e-05 0.000522623
1 29.12 37.828 -0.000595451 0.000522562
1 30.2399 37.828 -0.000716912 0.000522865
1 31.3599 37.828 -0.000417578 0.000522671
1 32.4799 37.828 -0.000735743 0.0005223
1 33.6 37.828 -2.86875e-08 0.000522606
1 34.7201 37.828 0.000734845 0.0005223
1 35.8401 37.828 0.000407741 0.000522673
1 36.9601 37.828 0.000640079 0.000522875
1 38.08 37.828 -9.73303e-06 0.000522647
1 39.1997 37.828 -0.0045454 0.000523345
1 40.3184 37.828 -0.0221364 0.00052737
1 41.4337 37.828 -0.0578153 0.000539903
1 42.5455 37.828 -0.0780149 0.000577884
1 43.6586 37.828 -0.0850786 0.000315661
1 0.581335 38.798 0.0845869 -4.11778e-05
1 1.69449 38.7979 0.0779688 -0.000488741
1 2.80632 38.7979 0.0580386 -0.000407522
1 3.92158 38.7979 0.0220778 -0.000374893
1 5.0402 38.7979 0.0045807 -0.000370431
1 6.15997 38.7979 0.000533548 -0.000369007
1 7.27992 38.7979 -0.000639495 -0.000370369
1 8.39984 38.7979 -0.000302702 -0.00036959
1 9.51982 38.7979 4.61565e-05 -0.000372452
1 10.6399 38.7979 -0.000113012 -0.000364165
1 11.7601 38.7979 0.000112649 -0.000364164
1 12.8802 38.7979 -5.05152e-05 -0.000372433
1 14.0002 38.7979 0.000274485 -0.000369427
1 15.1201 38.7979 0.000549708 -0.000369466
1 16.24 38.7979 -0.000367754 -0.000367135
1 17.3599 38.7979 -0.000660846 -0.00036563
1 18.4799 38.7979 -0.000407001 -0.000370305
1 19.5999 38.7979 -0.0007451 -0.000367114
1 20.72 38.7979 3.90765e-08 -0.000369864
1 21.8401 38.7979 0.000746145 -0.000367107
1 22.9601 38.7979 0.000417802 -0.000370237
1 24.0801 38.7979 0.00072377 -0.000365201
1 25.2 38.7979 0.000598053 -0.000365982
1 26.32 38.7979 -4.2594e-05 -0.000366663
1 27.44 38.7979 0.00012388 -0.000367353
1 28.56 38.7979 2.90007e-05 -0.000368534
1 29.6799 38.7979 -0.000668426 -0.000370329
1 30.7998 38.7979 -0.000302375 -0.000369582
1 31.9198 38.7979 4.64368e-05 -0.000372449
1 33.0399 38.7979 -0.000112983 -0.000364165
1 34.1601 38.7979 0.000112717 -0.000364164
1 35.2802 38.7979 -4.98852e-05 -0.00037244
1 36.4002 38.7979 0.000273334 -0.000369445
1 37.5201 38.7979 0.00044619 -0.000369526
1 38.6399 38.7979 -0.00186423 -0.000367592
1 39.7593 38.7979 -0.0115866 -0.000367727
1 40.8763 38.7979 -0.0399518 -0.000370484
1 41.9894 38.7979 -0.0650258 -0.000376966
1 43.1012 38.7979 -0.0813191 -0.000398592
1 44.2162 38.7979 -0.110123 -0.000132756
1 0.0238523 39.768 0.110101 -9.56036e-05
1 1.13882 39.7679 0.081141 -0.000308094
1 2.25065 39.7679 0.0649709 -0.000337954
1 3.3637 39.7679 0.0399515 -0.000361052
1 4.48072 39.7679 0.0113556 -0.000365873
1 5.60008 39.7679 0.00174372 -0.000365256
1 6.71999 39.7679 -0.000463486 -0.000365556
1 7.83993 39.7679 -0.000720888 -0.000366147
1 8.95987 39.7679 -0.000418956 -0.000360925
1 10.0799 39.7679 -0.000746135 -0.000364378
1 11.2 39.7679 -4.35503e-08 -0.000361494
1 12.3201 39.7679 0.000745018 -0.000364371
1 13.4401 39.7679 0.000407561 -0.000360864
1 14.5601 39.7679 0.000661135 -0.000365734
1 15.68 39.7679 0.000367731 -0.000364337
1 16.7999 39.7679 -0.000549262 -0.000361834
1 17.9198 39.7679 -0.000274122 -0.000361979
1 19.0398 39.7679 5.0288e-05 -0.000359032
1 20.1599 39.7679 -0.000112348 -0.000366899
1 21.2801 39.7679 0.000112684 -0.000366898
1 22.4002 39.7679 -4.62096e-05 -0.000359015
1 23.5202 39.7679 0.000302011 -0.000361821
1 24.6401 39.7679 0.000667977 -0.000360961
1 25.76 39.7679 -2.89708e-05 -0.000362908
1 26.88 39.7679 -0.000124108 -0.000363991
1 28 39.7679 4.22264e-05 -0.000364586
1 29.12 39.7679 -0.000598011 -0.000365471
1 30.2399 39.7679 -0.000724058 -0.000366158
1 31.3599 39.7679 -0.000418363 -0.000360931
1 32.4799 39.7679 -0.000746063 -0.000364377
1 33.6 39.7679 -2.61749e-08 -0.000361494
1 34.7201 39.7679 0.000745204 -0.000364372
1 35.8401 39.7679 0.000408837 -0.000360852
1 36.9601 39.7679 0.00064873 -0.000365702
1 38.08 39.7679 -2.59949e-06 -0.000364328
1 39.1997 39.7679 -0.0045411 -0.000361696
1 40.3184 39.7679 -0.022121 -0.000358368
1 41.4337 39.7679 -0.0577379 -0.00034445
1 42.5455 39.7679 -0.0777849 -0.000241286
1 43.6587 39.7678 -0.0847147 -0.000535629
1 0.581374 40.7378 0.0853236 0.000256056
1 1.6945 40.7378 0.0780818 0.000144409
1 2.80632 40.7378 0.0580528 0.000192689
1 3.92159 40.7378 0.0220944 0.000194042
1 5.04021 40.7378 0.00458954 0.000195016
1 6.15997 40.7378 0.000534107 0.000195688
1 7.27992 40.7378 -0.000640529 0.000195369
1 8.39984 40.7378 -0.000310184 0.000195251
1 9.51981 40.7378 4.73963e-05 0.000195861
1 10.6399 40.7378 -0.000105415 0.000195605
1 11.7601 40.7378 0.000105069 0.000195605
1 12.8802 40.7378 -5.16063e-05 0.000195861
1 14.0002 40.7378 0.000282785 0.000195251
1 15.1201 40.7378 0.00055365 0.000195373
1 16.24 40.7378 -0.000360461 0.000195739
1 17.3599 40.7378 -0.000652775 0.00019528
1 18.4799 40.7378 -0.000407017 0.000195308
1 19.5999 40.7378 -0.000734581 0.000196054
1 20.72 40.7378 4.17293e-08 0.000195619
1 21.8401 40.7378 0.000735665 0.000196054
1 22.9601 40.7378 0.000418137 0.000195308
1 24.0801 40.7378 0.000717214 0.000195278
1 25.2 40.7378 0.000595394 0.000195735
1 26.32 40.7378 -3.80122e-05 0.000195435
1 27.44 40.7378 0.00012483 0.000195397
1 28.56 40.7378 2.75154e-05 0.000195782
1 29.6799 40.7378 -0.000669713 0.000195383
1 30.7998 40.7378 -0.000309874 0.000195252
1 31.9198 40.7378 4.76756e-05 0.000195861
1 33.0399 40.7378 -0.000105386 0.000195605
1 34.1601 40.7378 0.000105137 0.000195605
1 35.2802 40.7378 -5.09757e-05 0.000195861
1 36.4002 40.7378 0.000281633 0.00019525
1 37.5201 40.7378 0.000450058 0.000195354
1 38.6399 40.7378 -0.0018573 0.000195568
1 39.7593 40.7378 -0.0115761 0.000194168
1 40.8763 40.7378 -0.0399277 0.000188825
1 41.9894 40.7378 -0.0649362 0.000184342
1 43.1012 40.7378 -0.0809523 0.000173776
1 44.2162 40.7378 -0.109841 0.000122096
1 0.0238732 41.7077 0.110281 -5.65352e-05
1 1.13882 41.7077 0.0812228 0.000373669
1 2.25064 41.7078 0.0649416 0.000280097
1 3.3637 41.7078 0.0399358 0.000272917
1 4.48072 41.7078 0.0113533 0.000269123
1 5.60008 41.7078 0.00174406 0.000267565
1 6.71999 41.7078 -0.000463175 0.000268161
1 7.83993 41.7078 -0.000720777 0.000269111
1 8.95987 41.7078 -0.000418688 0.000264249
1 10.0799 41.7078 -0.000746067 0.00026722
1 11.2 41.7078 -4.36487e-08 0.000265046
1 12.3201 41.7078 0.00074495 0.000267213
1 13.4401 41.7078 0.000407295 0.00026419
1 14.5601 41.7078 0.000661052 0.000268739
1 15.68 41.7078 0.000367533 0.000267179
1 16.7999 41.7078 -0.000549501 0.000264845
1 17.9198 41.7078 -0.000274348 0.000264835
1 19.0398 41.7078 5.05197e-05 0.000261445
1 20.1599 41.7078 -0.000112717 0.000269522
1 21.2801 41.7078 0.000113054 0.000269522
1 22.4002 41.7078 -4.64416e-05 0.000261428
1 23.5202 41.7078 0.000302211 0.000264633
1 24.6401 41.7078 0.000668135 0.000263793
1 25.76 41.7078 -2.89935e-05 0.000265152
1 26.88 41.7078 -0.000123974 0.000266478
1 28 41.7078 4.24631e-05 0.00026735
1 29.12 41.7078 -0.000597792 0.000268213
1 30.2399 41.7078 -0.000723962 0.000269137
1 31.3599 41.7078 -0.000418097 0.000264257
1 32.4799 41.7078 -0.000745995 0.00026722
1 33.6 41.7078 -2.62985e-08 0.000265046
1 34.7201 41.7078 0.000745136 0.000267213
1 35.8401 41.7078 0.000408569 0.000264176
1 36.9601 41.7078 0.000648628 0.000268685
1 38.08 41.7078 -2.95947e-06 0.000266957
1 39.1997 41.7078 -0.00454239 0.000263743
1 40.3184 41.7078 -0.0221277 0.000260273
1 41.4337 41.7078 -0.0577667 0.000258866
1 42.5455 41.7078 -0.0777936 0.000316024
1 43.6587 41.7078 -0.0844449 0.000372512
1 0.581303 42.6776 0.0838615 -0.00265886
1 1.69447 42.6776 0.0775744 -0.00382907
1 2.80632 42.6776 0.057935 -0.00434085
1 3.92158 42.6776 0.0220611 -0.0044296
1 5.0402 42.6776 0.00458053 -0.00443373
1 6.15997 42.6776 0.000536064 -0.0044289
1 7.27992 42.6776 -0.000635677 -0.00442255
1 8.39984 42.6776 -0.000303278 -0.00442442
1 9.51982 42.6776 4.70486e-05 -0.00441966
1 10.6399 42.6776 -0.000111276 -0.0044244
1 11.7601 42.6776 0.000110912 -0.0044244
1 12.8802 42.6776 -5.14046e-05 -0.00441968
1 14.0002 42.6776 0.000275117 -0.00442458
1 15.1201 42.6776 0.000546256 -0.00442321
1 16.24 42.6776 -0.000368913 -0.00442893
1 17.3599 42.6776 -0.000659615 -0.00443091
1 18.4799 42.6776 -0.000408374 -0.00442482
1 19.5999 42.6776 -0.00074624 -0.00442658
1 20.72 42.6776 3.99967e-08 -0.0044254
1 21.8401 42.6776 0.000747286 -0.00442659
1 22.9601 42.6776 0.000419135 -0.00442491
1 24.0801 42.6776 0.000722202 -0.00443173
1 25.2 42.6776 0.000598159 -0.00443154
1 26.32 42.6776 -4.14142e-05 -0.00443038
1 27.44 42.6776 0.000123078 -0.00443002
1 28.56 42.6776 3.05846e-05 -0.00442786
1 29.6799 42.6776 -0.000664799 -0.00442243
1 30.7998 42.6776 -0.000302978 -0.00442442
1 31.9198 42.6776 4.73244e-05 -0.00441966
1 33.0399 42.6776 -0.000111247 -0.0044244
1 34.1601 42.6776 0.000110979 -0.0044244
1 35.2802 42.6776 -5.07813e-05 -0.00441968
1 36.4002 42.6776 0.000273928 -0.00442459
1 37.5201 42.6776 0.000442441 -0.00442349
1 38.6399 42.6776 -0.00186722 -0.00443215
1 39.7593 42.6776 -0.0115888 -0.00444898
1 40.8763 42.6776 -0.0399292 -0.00446753
1 41.9894 42.6776 -0.0648677 -0.00434603
1 43.1012 42.6776 -0.0807058 -0.0034813
1 44.2162 42.6778 -0.109128 -0.00162268
1 0.0235108 43.6472 0.104832 -0.00844851
1 1.13862 43.6468 0.0779979 -0.0137951
1 2.25057 43.6466 0.0636255 -0.0171501
1 3.36367 43.6465 0.0395066 -0.0181531
1 4.48071 43.6465 0.0112752 -0.0184482
1 5.60007 43.6465 0.00172816 -0.0184675
1 6.71999 43.6465 -0.000458967 -0.0184565
1 7.83994 43.6465 -0.000710078 -0.0184361
1 8.95987 43.6465 -0.000426207 -0.018442
1 10.0799 43.6465 -0.00074121 -0.018444
1 11.2 43.6465 -4.73256e-08 -0.0184396
1 12.3201 43.6465 0.000740051 -0.0184441
1 13.4401 43.6465 0.00041455 -0.018442
1 14.5601 43.6465 0.000649387 -0.0184357
1 15.68 43.6465 0.000360776 -0.0184541
1 16.7999 43.6465 -0.000542057 -0.0184576
1 17.9198 43.6465 -0.000269355 -0.0184524
1 19.0398 43.6465 6.1279e-05 -0.0184542
1 20.1599 43.6465 -0.00010112 -0.0184541
1 21.2801 43.6465 0.000101441 -0.0184541
1 22.4002 43.6465 -5.74043e-05 -0.0184542
1 23.5202 43.6465 0.000295853 -0.0184528
1 24.6401 43.6465 0.000655401 -0.0184603
1 25.76 43.6465 -3.54697e-05 -0.018464
1 26.88 43.6465 -0.000132475 -0.0184592
1 28 43.6465 3.12585e-05 -0.0184619
1 29.12 43.6465 -0.000593946 -0.0184554
1 30.2399 43.6465 -0.000713392 -0.0184359
1 31.3599 43.6465 -0.000425633 -0.018442
1 32.4799 43.6465 -0.000741139 -0.018444
1 33.6 43.6465 -3.00958e-08 -0.0184396
1 34.7201 43.6465 0.000740235 -0.0184441
1 35.8401 43.6465 0.000415794 -0.018442
1 36.9601 43.6465 0.000636643 -0.018436
1 38.08 43.6465 -1.21542e-05 -0.0184571
1 39.1997 43.6465 -0.00454284 -0.0184786
1 40.3184 43.6465 -0.0220812 -0.0184918
1 41.4337 43.6465 -0.0573386 -0.0181651
1 42.5456 43.6466 -0.0766107 -0.0170515
1 43.6589 43.6469 -0.0815338 -0.0120867
1 0.580466 44.6147 0.0756527 -0.0306072
1 1.69405 44.6136 0.0721725 -0.0394701
1 2.80614 44.6133 0.0550316 -0.043701
1 3.92155 44.6131 0.0213728 -0.0463876
1 5.0402 44.6131 0.00448874 -0.0468771
1 6.15997 44.6131 0.000538345 -0.0469146
1 7.27992 44.6131 -0.000588238 -0.0468922
1 8.39984 44.6131 -0.000266986 -0.0468638
1 9.51982 44.6131 6.68115e-05 -0.0468835
1 10.6399 44.6131 -9.60885e-05 -0.0469141
1 11.7601 44.6131 9.57267e-05 -0.0469141
1 12.8802 44.6131 -7.10673e-05 -0.0468835
1 14.0002 44.6131 0.00023974 -0.0468632
1 15.1201 44.6131 0.000502889 -0.0468881
1 16.24 44.6131 -0.00036532 -0.0469031
1 17.3599 44.6131 -0.000639023 -0.0468924
1 18.4799 44.6131 -0.000411813 -0.0469083
1 19.5999 44.6131 -0.000735849 -0.0469053
1 20.72 44.6131 3.96077e-08 -0.0469249
1 21.8401 44.6131 0.000736837 -0.0469053
1 22.9601 44.6131 0.000421879 -0.0469086
1 24.0801 44.6131 0.000697353 -0.046895
1 25.2 44.6131 0.000578969 -0.0469147
1 26.32 44.6131 -3.71457e-05 -0.0469268
1 27.44 44.6131 0.000117261 -0.0469176
1 28.56 44.6131 3.6543e-05 -0.0469138
1 29.6799 44.6131 -0.000617928 -0.0468917
1 30.7998 44.6131 -0.000266821 -0.0468637
1 31.9198 44.6131 6.70686e-05 -0.0468835
1 33.0399 44.6131 -9.60608e-05 -0.0469141
1 34.1601 44.6131 9.57913e-05 -0.0469141
1 35.2802 44.6131 -7.04761e-05 -0.0468835
1 36.4002 44.6131 0.000238312 -0.0468633
1 37.5201 44.6131 0.000397796 -0.0468895
1 38.6399 44.6131 -0.00185957 -0.0469093
1 39.7593 44.6131 -0.0114223 -0.0468492
1 40.8764 44.6131 -0.0388074 -0.0461124
1 41.9896 44.6133 -0.0612473 -0.0429602
1 43.1017 44.6136 -0.0751272 -0.0403907
1 44.2177 44.615 -0.092343 -0.0294127
1 0.0198429 45.5806 0.0803172 -0.0518937
1 1.13694 45.5788 0.0647826 -0.0493968
1 2.24954 45.5778 0.053082 -0.0547517
1 3.36337 45.5769 0.0350109 -0.0632644
1 4.48066 45.5767 0.0103087 -0.0662614
1 5.60007 45.5767 0.0015772 -0.0668198
1 6.71999 45.5767 -0.000419531 -0.0668348
1 7.83994 45.5767 -0.000639813 -0.0667427
1 8.95988 45.5767 -0.000444209 -0.0668222
1 10.0799 45.5767 -0.000694308 -0.0668623
1 11.2 45.5767 -4.33751e-08 -0.0669658
1 12.3201 45.5767 0.000693273 -0.0668622
1 13.4401 45.5767 0.000433836 -0.0668217
1 14.5601 45.5767 0.000585879 -0.0667388
1 15.68 45.5767 0.000337103 -0.0668212
1 16.7999 45.5767 -0.000453962 -0.0668267
1 17.9199 45.5767 -0.000217142 -0.0667951
1 19.0398 45.5767 6.99532e-05 -0.0668312
1 20.1599 45.5767 -7.66469e-05 -0.0668707
1 21.2801 45.5767 7.69198e-05 -0.0668708
1 22.4002 45.5767 -6.66633e-05 -0.0668314
1 23.5201 45.5767 0.000239726 -0.0667967
1 24.6401 45.5767 0.000551026 -0.0668382
1 25.76 45.5767 -5.7546e-05 -0.0668646
1 26.88 45.5767 -0.000142167 -0.0668535
1 28 45.5767 -1.09762e-05 -0.0668701
1 29.12 45.5767 -0.000549251 -0.066836
1 30.2399 45.5767 -0.000643501 -0.0667424
1 31.3599 45.5767 -0.000443748 -0.0668221
1 32.4799 45.5767 -0.000694248 -0.0668623
1 33.6 45.5767 -2.79667e-08 -0.0669658
1 34.7201 45.5767 0.000693435 -0.0668622
1 35.8401 45.5767 0.00043484 -0.0668218
1 36.9601 45.5767 0.00057203 -0.0667394
1 38.08 45.5767 -3.07859e-05 -0.0668195
1 39.1998 45.5767 -0.00429361 -0.0667266
1 40.3185 45.5767 -0.0206105 -0.0656366
1 41.4341 45.5771 -0.0517647 -0.0606177
1 42.5465 45.5782 -0.0682279 -0.0512592
1 43.6594 45.5785 -0.0807435 -0.0547427
1 0.578395 46.544 0.0716738 -0.0638402
1 1.69144 46.5428 0.0599549 -0.0635318
1 2.80495 46.5403 0.0438761 -0.0755482
1 3.92126 46.5394 0.0171345 -0.0838068
1 5.04016 46.5393 0.00365923 -0.0860903
1 6.15997 46.5393 0.000434313 -0.0864787
1 7.27994 46.5393 -0.00041396 -0.0864926
1 8.39988 46.5393 -0.000174088 -0.0862705
1 9.51985 46.5393 6.93095e-06 -0.0864835
1 10.6399 46.5393 -2.71073e-05 -0.086766
1 11.7601 46.5393 2.68199e-05 -0.086766
1 12.8802 46.5393 -1.03218e-05 -0.0864832
1 14.0001 46.5393 0.000151997 -0.0862681
1 15.1201 46.5393 0.000342594 -0.0864794
1 16.24 46.5393 -0.00030601 -0.0864597
1 17.3599 46.5393 -0.000589198 -0.0863761
1 18.4799 46.5393 -0.00047755 -0.0865454
1 19.5999 46.5393 -0.000655685 -0.0864983
1 20.72 46.5393 3.15844e-08 -0.0865093
1 21.8401 46.5393 0.000656447 -0.0864983
1 22.9601 46.5393 0.000485265 -0.0865461
1 24.0801 46.5393 0.000634015 -0.0863824
1 25.2 46.5393 0.000470395 -0.0864934
1 26.32 46.5393 1.6532e-05 -0.086592
1 27.44 46.5393 0.000114191 -0.086474
1 28.56 46.5393 2.04405e-05 -0.0865057
1 29.6799 46.5393 -0.000439429 -0.0864929
1 30.7999 46.5393 -0.000174141 -0.0862704
1 31.9198 46.5393 7.11584e-06 -0.0864834
1 33.0399 46.5393 -2.70867e-05 -0.086766
1 34.1601 46.5393 2.68695e-05 -0.086766
1 35.2802 46.5393 -9.89887e-06 -0.0864833
1 36.4001 46.5393 0.000149938 -0.0862686
1 37.52 46.5393 0.000244738 -0.0864785
1 38.64 46.5393 -0.00162862 -0.0863901
1 39.7594 46.5393 -0.00978708 -0.0854645
1 40.8769 46.5396 -0.0315467 -0.0807063
1 41.9914 46.541 -0.0455454 -0.0684293
1 43.1051 46.5435 -0.056239 -0.0640947
1 44.2222 46.54 -0.0718831 -0.0838943
1 0.0123545 47.5054 0.0611716 -0.109529
1 1.13198 47.5119 0.0521575 -0.0626484
1 2.24727 47.507 0.0490872 -0.070739
1 3.36246 47.5048 0.0282567 -0.0877195
1 4.48047 47.5043 0.00765858 -0.0947331
1 5.60005 47.5042 0.00122612 -0.0963211
1 6.72001 47.5042 -0.00027945 -0.096485
1 7.83997 47.5042 -0.000386297 -0.0962366
1 8.95993 47.5042 -0.000135086 -0.0963587
1 10.08 47.5041 -0.000483691 -0.0966692
1 11.2 47.5042 -3.29912e-08 -0.0968208
1 12.32 47.5041 0.00048292 -0.0966691
1 13.4401 47.5042 0.000126948 -0.0963571
1 14.56 47.5042 0.000339643 -0.0962257
1 15.68 47.5042 0.00017083 -0.0964486
1 16.7999 47.5042 -0.000606414 -0.09638
1 17.9199 47.5042 -0.000476548 -0.0962923
1 19.0398 47.5042 -6.54991e-05 -0.0965575
1 20.1599 47.5042 -0.000205656 -0.0966661
1 21.2801 47.5042 0.000205865 -0.0966661
1 22.4002 47.5042 6.79558e-05 -0.0965578
1 23.5201 47.5042 0.000493544 -0.0962959
1 24.6401 47.5042 0.000680188 -0.0964036
1 25.76 47.5042 4.35451e-05 -0.0965412
1 26.88 47.5042 1.37898e-05 -0.0964563
1 28 47.5042 0.000132 -0.0965087
1 29.12 47.5042 -0.000365069 -0.096495
1 30.24 47.5042 -0.000388688 -0.0962364
1 31.3599 47.5042 -0.000134798 -0.0963586
1 32.48 47.5041 -0.000483653 -0.0966692
1 33.6 47.5042 -2.30082e-08 -0.0968208
1 34.72 47.5041 0.000483021 -0.0966692
1 35.8401 47.5042 0.000127455 -0.0963574
1 36.96 47.5042 0.000327899 -0.0962254
1 38.08 47.5042 -0.000105197 -0.0964094
1 39.1998 47.5042 -0.00343781 -0.0957855
1 40.3188 47.5045 -0.0155601 -0.0918536
1 41.4357 47.5057 -0.0396168 -0.0800433
1 42.5505 47.5087 -0.0557708 -0.067887
1 43.6673 47.5103 -0.0581472 -0.0828045
