1 0.796959 0.374367 -0.138669 -0.0254297
1 1.91425 0.357609 -0.150971 -0.0462208
1 3.02967 0.344891 -0.149326 -0.0500628
1 4.14414 0.333298 -0.128749 -0.0587749
1 5.25521 0.322173 -0.104629 -0.0757595
1 6.36305 0.312878 -0.0793377 -0.0912303
1 7.46955 0.303918 -0.0578974 -0.100472
1 8.57441 0.295954 -0.0480205 -0.113437
1 9.67859 0.287959 -0.0486164 -0.120381
1 10.7826 0.279841 -0.0367269 -0.131906
1 11.8865 0.273116 -0.0366953 -0.138415
1 12.9904 0.265168 -0.0351543 -0.14041
1 14.0948 0.257258 -0.0309367 -0.154093
1 15.2 0.251228 -0.0278899 -0.163872
1 16.3044 0.243775 -0.0255004 -0.165317
1 17.4097 0.234432 -0.0197736 -0.174819
1 18.517 0.227093 -0.0068698 -0.188338
1 19.6248 0.222227 -0.00419006 -0.186113
1 20.7337 0.218255 0.00479858 -0.165868
1 21.843 0.216189 0.00497632 -0.146378
1 22.952 0.217596 -0.00684461 -0.150248
1 24.0608 0.221286 -0.000328989 -0.17377
1 25.1689 0.22532 0.00483008 -0.190263
1 26.2764 0.230346 0.0126696 -0.183964
1 27.383 0.238834 0.0225578 -0.167703
1 28.4875 0.247664 0.0261748 -0.165652
1 29.5926 0.253669 0.0317525 -0.161662
1 30.6978 0.260755 0.0323848 -0.144081
1 31.8016 0.269534 0.0366909 -0.139704
1 32.9058 0.275942 0.0370424 -0.140749
1 34.0097 0.283135 0.0387756 -0.122769
1 35.1135 0.292382 0.0491289 -0.115558
1 36.218 0.29965 0.0496088 -0.110286
1 37.3233 0.308121 0.0639424 -0.0935627
1 38.4299 0.317479 0.0878943 -0.085376
1 39.5383 0.32721 0.112036 -0.0660092
1 40.6504 0.339337 0.13869 -0.0518952
1 41.7657 0.351781 0.166534 -0.0482195
1 42.8826 0.363466 0.164477 -0.054352
1 44.006 0.387347 0.136847 -0.00635353
1 0.237853 1.34403 -0.144154 -0.0404079
1 1.36416 1.32741 -0.140746 -0.0252404
1 2.47956 1.31603 -0.138335 -0.0369003
1 3.59377 1.30588 -0.12648 -0.0420693
1 4.7055 1.2959 -0.103691 -0.0468687
1 5.81404 1.28708 -0.0781752 -0.0591598
1 6.9209 1.27895 -0.0537327 -0.0663212
1 8.02607 1.27106 -0.0424341 -0.0755313
1 9.1303 1.26372 -0.0384397 -0.0824961
1 10.2341 1.2561 -0.0289419 -0.0866337
1 11.3378 1.24883 -0.0286711 -0.096573
1 12.4418 1.24178 -0.0302392 -0.100074
1 13.546 1.23417 -0.0253054 -0.10464
1 14.6508 1.22729 -0.0239357 -0.115505
1 15.7559 1.22061 -0.0238328 -0.120528
1 16.8612 1.21251 -0.0138089 -0.122161
1 17.9673 1.20392 -0.0059863 -0.132951
1 19.0739 1.19742 -0.00658599 -0.142221
1 20.1812 1.19296 -0.00577009 -0.125234
1 21.2892 1.18968 -0.00225363 -0.102708
1 22.3966 1.1891 0.000543947 -0.0983649
1 23.5046 1.19197 0.00447353 -0.11056
1 24.6127 1.19607 0.00688422 -0.133587
1 25.7195 1.20088 0.00665654 -0.139873
1 26.8258 1.20787 0.0113258 -0.127523
1 27.9316 1.21641 0.0178884 -0.118938
1 29.0368 1.2239 0.0212255 -0.119136
1 30.1417 1.23034 0.0214974 -0.112415
1 31.2459 1.23782 0.0249565 -0.0991288
1 32.35 1.24548 0.0307629 -0.100208
1 33.4541 1.25194 0.0312474 -0.0959178
1 34.5578 1.25962 0.035458 -0.0818435
1 35.662 1.26749 0.0418876 -0.0799212
1 36.7667 1.27472 0.0466444 -0.0708274
1 37.8724 1.28302 0.0628244 -0.0597365
1 38.9794 1.29153 0.0828823 -0.052829
1 40.0884 1.30133 0.109564 -0.042417
1 41.2006 1.31188 0.129362 -0.0382473
1 42.3139 1.32172 0.138798 -0.0446355
1 43.4288 1.33389 0.143313 -0.0327824
1 0.815566 2.28836 -0.160842 -0.0513428
1 1.92945 2.27922 -0.138124 -0.0409043
1 3.04193 2.2716 -0.119654 -0.0341001
1 4.15387 2.26366 -0.107446 -0.0349457
1 5.26312 2.25545 -0.0877553 -0.0391724
1 6.3701 2.24753 -0.0617744 -0.0424451
1 7.47613 2.24033 -0.0447327 -0.0509685
1 8.58093 2.23355 -0.0416407 -0.0550849
1 9.68475 2.22617 -0.0320658 -0.0572011
1 10.7884 2.21908 -0.0256999 -0.0618732
1 11.8925 2.21209 -0.0279841 -0.0661539
1 12.9964 2.20493 -0.0223402 -0.0694966
1 14.1007 2.19787 -0.0197271 -0.0749542
1 15.206 2.19112 -0.0215565 -0.0816756
1 16.3112 2.18377 -0.0164532 -0.0833837
1 17.4168 2.17535 -0.00687308 -0.0864329
1 18.5231 2.16802 -0.00564373 -0.0962691
1 19.6294 2.16242 -0.00970155 -0.0900832
1 20.7364 2.15807 -0.00731788 -0.0702736
1 21.8434 2.15639 -0.00307249 -0.0593054
1 22.95 2.15767 0.00445419 -0.0618854
1 24.057 2.16097 0.0122046 -0.0787339
1 25.1637 2.1656 0.00740962 -0.0931534
1 26.2698 2.17163 0.00238824 -0.0908718
1 27.376 2.1794 0.0139907 -0.0852998
1 28.4816 2.18723 0.0213158 -0.082633
1 29.5866 2.19431 0.0187211 -0.076019
1 30.6914 2.20134 0.0226879 -0.0721581
1 31.7958 2.20847 0.0287294 -0.0688182
1 32.8999 2.21545 0.0257206 -0.0649179
1 34.0038 2.22236 0.0305089 -0.0626508
1 35.1077 2.22963 0.0379119 -0.0565864
1 36.2118 2.23683 0.0354197 -0.0508878
1 37.3167 2.24393 0.0470768 -0.0454304
1 38.4232 2.25156 0.0707709 -0.0398115
1 39.5308 2.25988 0.0944024 -0.0342724
1 40.6414 2.26864 0.107431 -0.0303885
1 41.7547 2.27666 0.124705 -0.0393407
1 42.8689 2.28358 0.136413 -0.0503696
1 43.9954 2.29012 0.12604 -0.0534756
1 0.246604 3.23988 -0.104664 -0.0528635
1 1.37422 3.23817 -0.138662 -0.0708461
1 2.48747 3.23349 -0.129669 -0.0613239
1 3.59997 3.22727 -0.113654 -0.0428859
1 4.71098 3.22042 -0.0953886 -0.0377145
1 5.81914 3.21308 -0.0737208 -0.04221
1 6.92546 3.20585 -0.0483786 -0.0457228
1 8.03048 3.19917 -0.0394908 -0.0475905
1 9.13472 3.1924 -0.0362321 -0.0491927
1 10.2383 3.1853 -0.0298949 -0.053044
1 11.3423 3.1783 -0.0264787 -0.0546177
1 12.4462 3.17136 -0.0221885 -0.0556221
1 13.5504 3.16446 -0.0205194 -0.0590266
1 14.6554 3.15749 -0.0203576 -0.0608834
1 15.7606 3.15029 -0.0192629 -0.0639576
1 16.8661 3.14259 -0.0108067 -0.0670289
1 17.972 3.13469 -0.00590029 -0.0689136
1 19.078 3.12831 -0.00689661 -0.0676471
1 20.1841 3.12364 -0.00905462 -0.0551581
1 21.2901 3.12067 -0.00928123 -0.0441684
1 22.3959 3.12032 0.00231151 -0.0404232
1 23.5024 3.12259 0.00988798 -0.0452859
1 24.6092 3.12646 0.00959413 -0.0606281
1 25.7153 3.13172 0.00860889 -0.0690585
1 26.8211 3.13866 0.00883259 -0.0673786
1 27.9267 3.14632 0.0146137 -0.0659094
1 29.032 3.1537 0.0178454 -0.0622409
1 30.1371 3.16084 0.017968 -0.0598121
1 31.2418 3.16778 0.0205496 -0.0570226
1 32.3458 3.17466 0.0236671 -0.0556429
1 33.4498 3.18168 0.0269495 -0.0546515
1 34.5535 3.18869 0.0323766 -0.0516563
1 35.6574 3.19565 0.037838 -0.0484698
1 36.7622 3.20242 0.0421782 -0.0444732
1 37.8677 3.20945 0.0609794 -0.0432371
1 38.9745 3.2169 0.0820132 -0.0395319
1 40.0837 3.22432 0.101237 -0.0360395
1 41.1955 3.23139 0.121557 -0.0467507
1 42.3075 3.23637 0.143666 -0.0703828
1 43.422 3.23897 0.152392 -0.068838
1 0.817345 4.18933 -0.137339 -0.0770697
1 1.93369 4.19055 -0.144654 -0.0836961
1 3.04623 4.18771 -0.129727 -0.0678728
1 4.15778 4.1818 -0.108948 -0.052109
1 5.26718 4.17513 -0.0872722 -0.0440009
1 6.37459 4.16832 -0.0580753 -0.0454496
1 7.48046 4.16169 -0.0439872 -0.0487725
1 8.58505 4.155 -0.036359 -0.0478747
1 9.68858 4.14816 -0.0260667 -0.0475395
1 10.7923 4.14131 -0.0229967 -0.0520868
1 11.8961 4.13445 -0.0209879 -0.0512106
1 12.9999 4.12738 -0.0199873 -0.0491866
1 14.1048 4.12064 -0.0174911 -0.050924
1 15.21 4.11367 -0.015818 -0.052756
1 16.315 4.10623 -0.0139238 -0.0528102
1 17.4206 4.09859 -0.00740183 -0.0518056
1 18.5261 4.09169 -0.00744507 -0.0535776
1 19.6314 4.08636 -0.00865454 -0.0437971
1 20.7378 4.08269 -0.00827661 -0.0309509
1 21.8439 4.08128 -0.00367649 -0.029429
1 22.9491 4.08216 0.00555634 -0.0281628
1 24.0548 4.08487 0.00905237 -0.0337593
1 25.1608 4.08928 0.00960655 -0.0479957
1 26.2665 4.09531 0.00618545 -0.0521982
1 27.3723 4.10243 0.0106186 -0.052863
1 28.4778 4.10978 0.0187653 -0.0539744
1 29.5828 4.117 0.0156965 -0.0498196
1 30.6877 4.12396 0.0163854 -0.0491544
1 31.792 4.1307 0.0211909 -0.0515865
1 32.8957 4.13774 0.0209964 -0.049857
1 33.9996 4.14477 0.0276879 -0.0508048
1 35.1034 4.15144 0.0356409 -0.0496349
1 36.2074 4.15808 0.0418924 -0.0470527
1 37.3126 4.16488 0.0497029 -0.0462718
1 38.4193 4.17181 0.0699909 -0.0423067
1 39.5276 4.17859 0.0991987 -0.0440955
1 40.6383 4.18526 0.120369 -0.056649
1 41.7513 4.18999 0.137015 -0.0776779
1 42.8664 4.19038 0.128526 -0.0809523
1 43.9952 4.18767 0.0774366 -0.0628136
1 0.242188 5.13577 -0.0629134 -0.0708634
1 1.37163 5.14097 -0.115092 -0.0792198
1 2.4888 5.14401 -0.133673 -0.0769692
1 3.60328 5.14164 -0.125201 -0.0584693
1 4.71423 5.13585 -0.107162 -0.0457447
1 5.82229 5.129 -0.0768773 -0.0398814
1 6.92928 5.1225 -0.0459112 -0.0364745
1 8.03482 5.11604 -0.0375069 -0.0360264
1 9.13876 5.10949 -0.035188 -0.041042
1 10.2424 5.10278 -0.026311 -0.0408811
1 11.3464 5.09598 -0.0169648 -0.039914
1 12.4499 5.08908 -0.0187179 -0.0382716
1 13.5543 5.08224 -0.016753 -0.0393928
1 14.6591 5.07561 -0.0122496 -0.0365929
1 15.7639 5.06847 -0.0164508 -0.0378852
1 16.8692 5.06118 -0.00825874 -0.0397814
1 17.9747 5.05419 -0.00258067 -0.0346988
1 19.0801 5.04825 -0.00754839 -0.0303198
1 20.1855 5.04415 -0.00732391 -0.0212676
1 21.2905 5.04185 -0.00459477 -0.0134709
1 22.3955 5.04145 0.00478157 -0.0128879
1 23.5015 5.04307 0.00486802 -0.0145327
1 24.6076 5.04651 0.00467855 -0.0239763
1 25.7131 5.0515 0.0102726 -0.0329607
1 26.8183 5.05778 0.00638242 -0.0360294
1 27.9234 5.06483 0.00905214 -0.0379305
1 29.0285 5.07204 0.014476 -0.0380673
1 30.1335 5.07878 0.0107438 -0.0383489
1 31.2378 5.08554 0.0141965 -0.0376499
1 32.3417 5.09241 0.0209918 -0.0405741
1 33.4459 5.09919 0.0215038 -0.0400603
1 34.5496 5.10611 0.0262677 -0.0396627
1 35.6529 5.11275 0.0352859 -0.0404847
1 36.7577 5.11918 0.0370203 -0.035002
1 37.8637 5.12562 0.0579484 -0.0340779
1 38.9709 5.13235 0.09433 -0.0432082
1 40.0801 5.13901 0.116213 -0.0519814
1 41.193 5.14338 0.131836 -0.0637335
1 42.3086 5.14284 0.13859 -0.0787859
1 43.427 5.13821 0.122846 -0.0753119
1 0.808571 6.08785 -0.105799 -0.0716542
1 1.92782 6.09409 -0.127627 -0.0711691
1 3.04577 6.09766 -0.126466 -0.0577117
1 4.16093 6.09596 -0.116942 -0.0476453
1 5.27117 6.09038 -0.100657 -0.0409033
1 6.37812 6.0837 -0.0666653 -0.0335152
1 7.48393 6.07688 -0.0414465 -0.0278513
1 8.58899 6.07061 -0.0350605 -0.0286563
1 9.69285 6.06434 -0.0276518 -0.0302573
1 10.7966 6.05749 -0.0223674 -0.0342839
1 11.9003 6.0507 -0.017419 -0.0304996
1 13.0042 6.044 -0.0155624 -0.0294201
1 14.1086 6.03744 -0.00981982 -0.0299488
1 15.213 6.03061 -0.0116379 -0.0294644
1 16.3178 6.0236 -0.00962082 -0.0285852
1 17.4229 6.01683 -0.00250163 -0.0271477
1 18.5277 6.01059 -0.00535874 -0.0254181
1 19.6328 6.00582 -0.002698 -0.0156839
1 20.7387 6.00282 -0.00577621 -0.00442539
1 21.8441 6.00157 -0.00620876 -0.00600072
1 22.9488 6.00225 0.00467206 -0.00775243
1 24.0539 6.00454 0.00461467 -0.0082021
1 25.1589 6.00838 0.00550962 -0.017983
1 26.2641 6.01388 0.00518816 -0.0255777
1 27.3696 6.02026 0.00467187 -0.0282701
1 28.4746 6.02706 0.0145795 -0.0285089
1 29.5793 6.03402 0.0163003 -0.0301671
1 30.684 6.04055 0.0134439 -0.0301744
1 31.7881 6.04717 0.0153579 -0.0283516
1 32.8918 6.05392 0.0186761 -0.0310627
1 33.9957 6.06097 0.0244764 -0.032051
1 35.0992 6.06775 0.0281234 -0.0279456
1 36.2034 6.07389 0.0338745 -0.0264776
1 37.3089 6.08026 0.0519057 -0.0322479
1 38.4152 6.08701 0.0820449 -0.0389642
1 39.5235 6.09327 0.109151 -0.0393458
1 40.6364 6.09721 0.11841 -0.0515423
1 41.7538 6.09623 0.125415 -0.0667959
1 42.873 6.09086 0.104244 -0.0711109
1 44.0019 6.08441 0.0497216 -0.0708516
1 0.234556 7.03482 -0.0453443 -0.0594541
1 1.36285 7.04149 -0.0987159 -0.061733
1 2.48243 7.04793 -0.122026 -0.0636166
1 3.60178 7.05137 -0.116679 -0.0484576
1 4.71739 7.05001 -0.10239 -0.0397317
1 5.82714 7.04542 -0.0819668 -0.0385312
1 6.93367 7.03893 -0.0550847 -0.0358434
1 8.03849 7.03219 -0.0393296 -0.0302601
1 9.14219 7.02566 -0.0287537 -0.0266822
1 10.2461 7.01946 -0.0219066 -0.027376
1 11.3501 7.01287 -0.0186666 -0.0279528
1 12.4534 7.00597 -0.0185499 -0.0288989
1 13.5576 6.99953 -0.0131602 -0.0276476
1 14.6621 6.99307 -0.0130442 -0.0250418
1 15.7667 6.98612 -0.0187897 -0.0286511
1 16.8716 6.97944 -0.00204225 -0.030052
1 17.9765 6.97336 -0.00204898 -0.024424
1 19.0816 6.96783 -0.00858196 -0.0179939
1 20.1866 6.964 -0.00138664 -0.0107203
1 21.2909 6.96239 -0.000789671 -0.00677903
1 22.3952 6.9623 0.00491965 -0.00844645
1 23.5007 6.96336 0.0044678 -0.00802198
1 24.6066 6.96611 0.00120353 -0.0129906
1 25.7115 6.97078 0.00456938 -0.0213617
1 26.8162 6.97648 0.00176321 -0.0270939
1 27.9209 6.98276 0.00690908 -0.0284447
1 29.0253 6.98965 0.0124269 -0.0271335
1 30.1298 6.99614 0.00819539 -0.0275709
1 31.2342 7.0025 0.0142772 -0.0260702
1 32.3379 7.00944 0.0216965 -0.0287567
1 33.4416 7.01619 0.0217216 -0.0282863
1 34.5456 7.02264 0.0265565 -0.023438
1 35.6497 7.02909 0.0408591 -0.028216
1 36.7542 7.03571 0.0484204 -0.0336703
1 37.8596 7.04233 0.0704453 -0.0351024
1 38.9674 7.04789 0.0946695 -0.0391196
1 40.0798 7.05091 0.11086 -0.0436937
1 41.1976 7.04993 0.12258 -0.0539877
1 42.3172 7.04461 0.120525 -0.0654368
1 43.4365 7.03831 0.100254 -0.0627587
1 0.799591 7.98957 -0.0996724 -0.0557937
1 1.91853 7.99613 -0.117186 -0.0571569
1 3.03814 8.00199 -0.121186 -0.0505641
1 4.15757 8.00457 -0.108568 -0.044403
1 5.27233 8.00387 -0.0906352 -0.0391437
1 6.38191 8.00009 -0.0658699 -0.0342081
1 7.48827 7.99439 -0.0516269 -0.0353091
1 8.59251 7.98766 -0.046647 -0.0321785
1 9.69569 7.98091 -0.0301785 -0.0275657
1 10.7994 7.97453 -0.0195203 -0.0230631
1 11.9034 7.96806 -0.0185449 -0.0238508
1 13.007 7.96154 -0.0165009 -0.0264744
1 14.1112 7.95498 -0.00937342 -0.0248425
1 15.2158 7.94837 -0.0134103 -0.0269287
1 16.3202 7.942 -0.00627496 -0.0293198
1 17.4244 7.9356 -0.000710043 -0.0271743
1 18.5291 7.92969 -0.00471601 -0.0230195
1 19.6337 7.92517 0.00616596 -0.0168611
1 20.739 7.92272 -0.0025538 -0.0114896
1 21.8443 7.92203 -0.0118959 -0.00955185
1 22.9486 7.92256 -8.70722e-05 -0.0107311
1 24.053 7.92409 0.00376147 -0.0139899
1 25.1578 7.92739 0.00695043 -0.0184303
1 26.2627 7.93282 0.00415213 -0.0238275
1 27.3676 7.93889 0.00333048 -0.0303635
1 28.4722 7.94502 0.0135685 -0.0274281
1 29.5765 7.95161 0.0129436 -0.0228303
1 30.6811 7.95822 0.0153666 -0.0265477
1 31.7851 7.96479 0.0167058 -0.0250713
1 32.8886 7.97145 0.0157155 -0.0215327
1 33.9929 7.97777 0.0242967 -0.0256633
1 35.0963 7.9843 0.0370086 -0.0302094
1 36.1997 7.99125 0.0445265 -0.0308676
1 37.3047 7.99754 0.0539021 -0.0353246
1 38.4125 8.00227 0.0729622 -0.0366493
1 39.5245 8.00438 0.0972898 -0.040707
1 40.6421 8.00327 0.117174 -0.0475654
1 41.7628 7.9989 0.120601 -0.0557815
1 42.8822 7.99277 0.0934234 -0.0501937
1 44.0096 7.98716 0.0348585 -0.0434325
1 0.227537 8.93991 -0.0304696 -0.0342151
1 1.35336 8.94563 -0.089883 -0.0430356
1 2.4721 8.95138 -0.117159 -0.0448546
1 3.59307 8.95578 -0.119538 -0.0389825
1 4.71208 8.95825 -0.0998068 -0.0351079
1 5.8262 8.95793 -0.0715065 -0.0309299
1 6.93581 8.95509 -0.0455495 -0.027668
1 8.04213 8.9501 -0.0412021 -0.0253011
1 9.14554 8.94356 -0.0402238 -0.0275899
1 10.2486 8.93683 -0.0306259 -0.0244418
1 11.3523 8.93015 -0.0170913 -0.0180076
1 12.4559 8.92385 -0.0137345 -0.0177748
1 13.5602 8.91762 -0.0108962 -0.0202321
1 14.6645 8.91099 -0.0125047 -0.0212915
1 15.7687 8.90452 -0.015375 -0.0231374
1 16.8731 8.8982 -0.000243135 -0.0235192
1 17.9779 8.89203 -0.00615607 -0.0228132
1 19.0826 8.88663 -0.00761747 -0.0170506
1 20.1868 8.88308 -0.000243315 -0.0129453
1 21.2912 8.88193 0.000226694 -0.0110032
1 22.3955 8.88187 0.0100689 -0.0076607
1 23.5004 8.88265 0.00209576 -0.00792647
1 24.6059 8.885 -0.00487098 -0.016974
1 25.7104 8.88938 0.00419413 -0.0219727
1 26.8145 8.89518 0.000788352 -0.0215831
1 27.9189 8.90139 0.00716529 -0.0240704
1 29.0231 8.90759 0.0126755 -0.0239759
1 30.1271 8.9141 0.00866741 -0.020354
1 31.2318 8.9207 0.0153351 -0.0166463
1 32.336 8.92704 0.0181673 -0.0171839
1 33.4398 8.93355 0.0233312 -0.0208101
1 34.5429 8.94041 0.0339949 -0.0244229
1 35.6458 8.9471 0.0430297 -0.0273039
1 36.7508 8.95293 0.0418008 -0.0262496
1 37.8586 8.95674 0.057537 -0.0258301
1 38.9704 8.9583 0.089214 -0.0345444
1 40.0868 8.95705 0.112968 -0.0381333
1 41.2069 8.9535 0.124783 -0.0389999
1 42.3263 8.94835 0.119727 -0.0461259
1 43.4446 8.9424 0.105871 -0.0420721
1 0.790781 9.89634 -0.102171 -0.0370463
1 1.90874 9.90207 -0.119848 -0.0422761
1 3.02787 9.90643 -0.124785 -0.0360556
1 4.14815 9.90992 -0.117102 -0.0380225
1 5.26585 9.91201 -0.0947992 -0.0333785
1 6.37927 9.91227 -0.0553116 -0.0258202
1 7.48887 9.91021 -0.0331941 -0.0207155
1 8.59526 9.90593 -0.0340742 -0.0195627
1 9.69906 9.90005 -0.0307419 -0.0199094
1 10.8021 9.89321 -0.0229872 -0.021135
1 11.9052 9.88657 -0.0193598 -0.0196841
1 13.0088 9.88024 -0.0132233 -0.0151361
1 14.1134 9.87386 -0.0053862 -0.0152443
1 15.2179 9.86745 -0.0126279 -0.0200712
1 16.3217 9.86119 -0.00857302 -0.0221446
1 17.4258 9.85469 -0.00347522 -0.0210978
1 18.5304 9.8488 -0.00357407 -0.0205069
1 19.6343 9.84429 0.00677274 -0.0181957
1 20.7391 9.84199 -0.00584189 -0.0130583
1 21.8442 9.84137 -0.0102598 -0.00516303
1 22.9485 9.84157 -0.000432221 -0.00719226
1 24.0527 9.84315 0.00113966 -0.0155462
1 25.157 9.84662 0.0121783 -0.0186121
1 26.2617 9.85183 0.00653709 -0.0192326
1 27.3661 9.858 0.000229021 -0.0233671
1 28.4702 9.86424 0.0173265 -0.0226128
1 29.5744 9.87061 0.0103485 -0.0163684
1 30.6789 9.87696 0.00605519 -0.0156234
1 31.783 9.88322 0.0147863 -0.0165009
1 32.886 9.89007 0.0209902 -0.0171992
1 33.9896 9.89704 0.0304626 -0.0224459
1 35.0929 9.90321 0.0330818 -0.021204
1 36.1978 9.90834 0.0333879 -0.0164536
1 37.3061 9.9115 0.0438983 -0.0228483
1 38.4176 9.91228 0.0718509 -0.0313891
1 39.5331 9.91099 0.105496 -0.0338153
1 40.6526 9.90814 0.11989 -0.0368848
1 41.7731 9.9045 0.114468 -0.0394658
1 42.8911 9.89927 0.0867289 -0.0413508
1 44.0154 9.89379 0.0315755 -0.0308435
1 0.221944 10.8489 -0.0439248 -0.0316671
1 1.34475 10.8536 -0.0872581 -0.0387861
1 2.46204 10.8583 -0.114509 -0.0379098
1 3.58203 10.8614 -0.120671 -0.0329574
1 4.70178 10.8639 -0.109565 -0.0355467
1 5.81821 10.8661 -0.0778552 -0.0369395
1 6.93132 10.867 -0.0428296 -0.0267773
1 8.04111 10.8654 -0.0256704 -0.0168094
1 9.14722 10.8618 -0.0229817 -0.0138909
1 10.2518 10.8566 -0.0213922 -0.0156739
1 11.3555 10.8503 -0.0172879 -0.0198564
1 12.4582 10.8437 -0.0200725 -0.0202477
1 13.5619 10.8368 -0.0138321 -0.0182373
1 14.6662 10.8303 -0.00941063 -0.0174142
1 15.7704 10.8243 -0.0147318 -0.0198146
1 16.8745 10.8179 -0.00538036 -0.0222333
1 17.9789 10.8115 -0.00699007 -0.0233666
1 19.083 10.8062 -0.0074945 -0.0222254
1 20.1871 10.8026 -0.00613385 -0.0175926
1 21.2915 10.801 -0.00131248 -0.00935912
1 22.3955 10.8006 0.0148443 -0.00670259
1 23.5005 10.8018 0.00239489 -0.0126667
1 24.6054 10.8046 -0.00781606 -0.0202183
1 25.7091 10.8087 0.00823103 -0.0237598
1 26.8133 10.8146 0.00678059 -0.0215112
1 27.9175 10.8213 0.00923518 -0.0213076
1 29.0214 10.8273 0.0126382 -0.0209252
1 30.1257 10.8333 0.00720518 -0.017196
1 31.2299 10.8403 0.0183845 -0.0182041
1 32.333 10.8471 0.0208415 -0.0213191
1 33.4361 10.8536 0.0195008 -0.017675
1 34.5404 10.8596 0.022421 -0.0122445
1 35.6457 10.8639 0.0256612 -0.0159529
1 36.7537 10.8663 0.0303321 -0.0206909
1 37.8649 10.8668 0.0548861 -0.0302532
1 38.9794 10.865 0.0956791 -0.0385663
1 40.0975 10.8626 0.120025 -0.0348389
1 41.2176 10.8598 0.123269 -0.0308172
1 42.3363 10.8562 0.120158 -0.0386422
1 43.4536 10.8513 0.10034 -0.0363528
1 0.782364 11.8066 -0.100939 -0.0333893
1 1.89896 11.8107 -0.118019 -0.0340423
1 3.01734 11.8139 -0.123893 -0.0256341
1 4.13716 11.8155 -0.119192 -0.0270247
1 5.25515 11.8179 -0.0990637 -0.0344253
1 6.37038 11.8203 -0.0629372 -0.0300237
1 7.483 11.8214 -0.0326844 -0.0217962
1 8.5924 11.8205 -0.0244608 -0.0110684
1 9.6992 11.8175 -0.0163688 -0.00355291
1 10.8045 11.813 -0.0108546 -0.00708765
1 11.9087 11.8074 -0.0170885 -0.0118153
1 13.012 11.8007 -0.0204396 -0.014121
1 14.1154 11.7937 -0.0118379 -0.0192368
1 15.2189 11.7872 -0.0134834 -0.0183199
1 16.3228 11.7809 -0.00962471 -0.014427
1 17.427 11.7744 -0.00517895 -0.0161726
1 18.531 11.7686 -0.0061913 -0.0222817
1 19.6346 11.7641 0.00468667 -0.019653
1 20.7393 11.7611 -0.00462505 -0.00891032
1 21.8439 11.7598 -0.0115018 -0.00194475
1 22.9484 11.7603 -0.000631288 -0.00625879
1 24.053 11.7625 0.0055325 -0.0126505
1 25.1567 11.7663 0.0125779 -0.0184686
1 26.2605 11.7715 0.00490973 -0.0215602
1 27.3648 11.7776 0.00137985 -0.0165239
1 28.4691 11.784 0.0206286 -0.0138637
1 29.5729 11.7904 0.0162055 -0.0185853
1 30.6765 11.7971 0.015923 -0.019831
1 31.78 11.804 0.0207427 -0.0125762
1 32.8834 11.8105 0.0100024 -0.00730506
1 33.9884 11.8155 0.0105413 -0.00571691
1 35.0943 11.8193 0.0173183 -0.00538524
1 36.2021 11.8214 0.0240682 -0.0148575
1 37.313 11.8211 0.0434498 -0.027818
1 38.427 11.8191 0.0801985 -0.0347682
1 39.5436 11.8164 0.110893 -0.0295256
1 40.663 11.8146 0.121879 -0.0247306
1 41.7827 11.8125 0.116197 -0.0305282
1 42.8996 11.8087 0.0899615 -0.0302887
1 44.0216 11.8045 0.0489959 -0.0344999
1 0.214395 12.7603 -0.0525186 -0.0298506
1 1.33646 12.7644 -0.0912975 -0.0259915
1 2.45264 12.7675 -0.115791 -0.0265391
1 3.57231 12.7692 -0.124015 -0.0206018
1 4.69142 12.7702 -0.111666 -0.0260624
1 5.80779 12.7725 -0.0829817 -0.0338616
1 6.92243 12.7752 -0.0492804 -0.0310948
1 8.03457 12.7766 -0.026915 -0.0184131
1 9.14322 12.776 -0.0139808 -0.00752385
1 10.2501 12.7737 -0.00594705 -0.00238781
1 11.3563 12.7697 -0.00326318 0.00129381
1 12.4609 12.7642 -0.00996484 -0.00558424
1 13.5649 12.7582 -0.0142391 -0.0163879
1 14.6682 12.7517 -0.0209955 -0.0190345
1 15.7715 12.7445 -0.0257006 -0.0174266
1 16.8753 12.7376 -0.00706163 -0.0171384
1 17.9793 12.7316 -0.0051395 -0.0182231
1 19.0832 12.7267 -0.00881811 -0.0201925
1 20.1871 12.7225 -0.00584874 -0.0138143
1 21.2914 12.7197 -0.00328379 -0.00415394
1 22.3957 12.7191 0.0108782 -0.00158766
1 23.5006 12.7211 0.0069993 -0.00830591
1 24.605 12.7246 -0.00335695 -0.0164854
1 25.7087 12.7292 0.0049644 -0.0197115
1 26.8131 12.7346 0.00522772 -0.0165488
1 27.9167 12.7411 0.0150787 -0.0170539
1 29.0197 12.748 0.0229148 -0.0201357
1 30.123 12.7548 0.0133895 -0.0180939
1 31.2267 12.7614 0.0144305 -0.0106174
1 32.331 12.7671 0.00919461 -0.00299198
1 33.4366 12.7718 0.005961 0.000530957
1 34.5432 12.7752 0.0141524 -0.00108724
1 35.6512 12.7768 0.0266873 -0.0130679
1 36.7618 12.7761 0.0372923 -0.0275266
1 37.8751 12.7737 0.0644116 -0.0323387
1 38.9907 12.7711 0.0991669 -0.0303531
1 40.1081 12.7695 0.118206 -0.0216284
1 41.2273 12.7686 0.123843 -0.0207288
1 42.3454 12.7662 0.121519 -0.0285266
1 43.4619 12.7629 0.112551 -0.0322248
1 0.773783 13.7184 -0.113851 -0.0318409
1 1.8903 13.7219 -0.120648 -0.0256319
1 3.00793 13.7237 -0.124678 -0.0161833
1 4.12721 13.7243 -0.11768 -0.0164356
1 5.24425 13.7254 -0.101671 -0.0225415
1 6.35967 13.7274 -0.0697813 -0.0287626
1 7.47356 13.7303 -0.0413673 -0.029088
1 8.58511 13.7321 -0.0301383 -0.0176261
1 9.69399 13.7319 -0.0143395 -0.00323165
1 10.8014 13.7297 -0.00309952 0.00333036
1 11.9077 13.7259 -0.000716427 0.00203047
1 13.013 13.7212 -0.00551544 -0.00300668
1 14.1177 13.7157 -0.00999076 -0.00980928
1 15.2215 13.7092 -0.0223882 -0.0159644
1 16.3244 13.7019 -0.0202295 -0.0193967
1 17.4274 13.6951 -0.0108868 -0.0214439
1 18.5308 13.6896 -0.00659078 -0.019927
1 19.6346 13.6849 0.0066026 -0.0134202
1 20.7394 13.6808 -0.00503088 -0.00743006
1 21.8441 13.6786 -0.01269 -0.00375558
1 22.9483 13.6795 0.00376889 -0.00292405
1 24.0527 13.6827 0.00655357 -0.00781387
1 25.1569 13.6872 0.00585985 -0.0164377
1 26.2606 13.6924 0.00617113 -0.0214978
1 27.3639 13.6984 0.0148991 -0.0196663
1 28.467 13.7055 0.0306532 -0.0163766
1 29.5705 13.7126 0.0160547 -0.0138874
1 30.6747 13.7186 0.00550861 -0.0087243
1 31.7796 13.7236 0.00398386 0.00111698
1 32.8853 13.7281 -0.000875092 0.00367733
1 33.9924 13.731 0.00896304 -0.00209735
1 35.1006 13.732 0.0228808 -0.00991706
1 36.2106 13.7314 0.0331395 -0.0218761
1 37.3234 13.7288 0.0511267 -0.0302453
1 38.4381 13.7262 0.0828303 -0.0257844
1 39.554 13.7248 0.108427 -0.0178515
1 40.6723 13.7242 0.123172 -0.0154348
1 41.7918 13.7232 0.11792 -0.0213554
1 42.9082 13.7204 0.0933464 -0.0293764
1 44.0311 13.7165 0.0460199 -0.0311108
1 0.203412 14.6713 -0.0497884 -0.0401426
1 1.32655 14.6758 -0.094116 -0.0332715
1 2.44316 14.6786 -0.116398 -0.0218271
1 3.56258 14.6794 -0.122334 -0.0169966
1 4.68103 14.6797 -0.109626 -0.0121244
1 5.79676 14.6802 -0.0818242 -0.0189555
1 6.91105 14.6825 -0.0537466 -0.0278802
1 8.02427 14.6853 -0.0399207 -0.0244414
1 9.13511 14.6871 -0.0263743 -0.0166198
1 10.2441 14.6873 -0.0114803 -0.00722631
1 11.3519 14.6853 0.000271268 0.00269144
1 12.4581 14.6818 0.00239976 0.00139563
1 13.5642 14.6776 0.00136933 -0.00192506
1 14.6696 14.6722 -0.0100038 -0.0026651
1 15.7739 14.6658 -0.0250071 -0.0123392
1 16.8772 14.6593 -0.0130467 -0.0250621
1 17.98 14.6532 -0.0125427 -0.0260659
1 19.0829 14.6474 -0.0150975 -0.0179546
1 20.187 14.6422 -0.00778526 -0.0101681
1 21.2915 14.6388 -0.00151695 -0.00754386
1 22.3956 14.638 0.0122635 -0.00574368
1 23.5003 14.6402 0.00576156 -0.00664541
1 24.6053 14.6447 -0.00125093 -0.013123
1 25.709 14.6504 0.0137904 -0.0224307
1 26.8118 14.6563 0.0146197 -0.0244148
1 27.9141 14.6625 0.0168949 -0.0191126
1 29.0177 14.6691 0.0159129 -0.00868901
1 30.1229 14.6751 0.00145078 -0.000999418
1 31.2287 14.6799 -0.00127619 6.47846e-05
1 32.3348 14.6836 -0.00144996 0.000571203
1 33.442 14.6864 0.00452244 -0.00148253
1 34.5502 14.6874 0.0191575 -0.0124603
1 35.6599 14.6862 0.0353918 -0.0225038
1 36.7723 14.6837 0.0457924 -0.0268583
1 37.8861 14.6813 0.0654482 -0.0228594
1 39.0008 14.6799 0.0979633 -0.0164089
1 40.1175 14.6797 0.118397 -0.0162919
1 41.2363 14.6792 0.126498 -0.0175998
1 42.354 14.6776 0.128176 -0.0289427
1 43.4707 14.6736 0.123921 -0.0354821
1 0.763394 15.6286 -0.125811 -0.0401718
1 1.88068 15.6329 -0.134903 -0.0286515
1 2.9989 15.6349 -0.130317 -0.0143381
1 4.11809 15.6355 -0.119793 -0.0116681
1 5.23478 15.6356 -0.0975531 -0.00989427
1 6.34904 15.6362 -0.0667738 -0.0120885
1 7.46253 15.638 -0.0450356 -0.0206989
1 8.5747 15.6409 -0.0376481 -0.0243503
1 9.68517 15.643 -0.0246153 -0.0136922
1 10.7944 15.6429 -0.0104134 -0.00423091
1 11.902 15.6412 0.000771309 -0.00105249
1 13.0086 15.6382 0.00283579 0.00507416
1 14.1157 15.6336 0.0021693 0.00803462
1 15.2218 15.6284 -0.00631951 -0.000401124
1 16.3259 15.6234 -0.00753925 -0.0116389
1 17.429 15.6179 -0.0099781 -0.0193373
1 18.5321 15.6117 -0.0180929 -0.0203744
1 19.6353 15.6054 -0.00661768 -0.016003
1 20.7395 15.6003 -0.00951247 -0.00969293
1 21.8439 15.5978 -0.0122386 -0.00585418
1 22.9481 15.5986 0.00401363 -0.00754253
1 24.0524 15.6025 0.0127176 -0.0127691
1 25.156 15.6085 0.0218753 -0.0165148
1 26.259 15.615 0.0162242 -0.0183608
1 27.3621 15.6207 0.00754185 -0.0165963
1 28.466 15.6259 0.01271 -0.00617956
1 29.5713 15.6311 0.00254208 0.00519274
1 30.678 15.636 -0.00225967 0.00731069
1 31.7849 15.6398 -0.00117121 0.0027586
1 32.8918 15.6423 0.00112198 -0.00261976
1 34.0004 15.6432 0.0169751 -0.0111823
1 35.1102 15.642 0.0308205 -0.021094
1 36.2214 15.6393 0.0404484 -0.0242595
1 37.3346 15.6368 0.0526628 -0.0182884
1 38.4485 15.6357 0.0783342 -0.0109327
1 39.5637 15.6356 0.106569 -0.00766801
1 40.6822 15.6355 0.120347 -0.0124794
1 41.8016 15.6345 0.114595 -0.0217803
1 42.9188 15.6308 0.0931831 -0.0358565
1 44.0427 15.6249 0.049316 -0.045395
1 0.193136 16.5801 -0.0587663 -0.0437671
1 1.31671 16.5858 -0.0987657 -0.0356243
1 2.43399 16.5897 -0.119307 -0.0232965
1 3.55346 16.5913 -0.1226 -0.0123214
1 4.67211 16.5916 -0.108918 -0.00713383
1 5.78753 16.5917 -0.0789747 -0.0043616
1 6.90091 16.5921 -0.0498463 -0.010872
1 8.01313 16.5941 -0.0392526 -0.0196197
1 9.12435 16.5967 -0.0345416 -0.0206739
1 10.235 16.5985 -0.0208459 -0.0153925
1 11.3441 16.5989 -0.00686417 -0.00499094
1 12.4516 16.5972 -0.00452748 0.0056392
1 13.5595 16.5936 0.00138492 0.0100392
1 14.6666 16.5894 0.00393449 0.00829068
1 15.7723 16.5854 -0.00580947 0.00144138
1 16.8772 16.5812 -0.000281482 -0.00412016
1 17.9815 16.5761 -0.0101431 -0.0086145
1 19.0853 16.5697 -0.0233532 -0.0117064
1 20.1888 16.5634 -0.0209965 -0.0130466
1 21.2922 16.559 -0.010452 -0.0134838
1 22.3953 16.5579 0.0143316 -0.0142648
1 23.499 16.5608 0.017287 -0.0140328
1 24.603 16.5664 0.0131379 -0.0122154
1 25.7068 16.5728 0.0185397 -0.00926963
1 26.8109 16.5788 0.00358986 -0.00509549
1 27.915 16.5835 -0.00254832 -0.0021417
1 29.02 16.5874 -0.000422082 0.00379165
1 30.1265 16.5915 -0.00449331 0.0114978
1 31.2342 16.5955 0.00153186 0.0082211
1 32.3419 16.5982 0.0067006 -0.00179665
1 33.4504 16.5987 0.0168876 -0.00986966
1 34.5605 16.5976 0.0318803 -0.0178122
1 35.6715 16.5952 0.0394527 -0.0233924
1 36.7833 16.5926 0.0390941 -0.0162377
1 37.8957 16.5916 0.058629 -0.00480995
1 39.0097 16.5917 0.0947277 -0.00427501
1 40.1265 16.5915 0.119123 -0.00818306
1 41.2459 16.5908 0.129216 -0.0157769
1 42.365 16.5879 0.135068 -0.0291616
1 43.4827 16.5828 0.126125 -0.0435277
1 0.753511 17.538 -0.125597 -0.0393702
1 1.87084 17.5433 -0.134762 -0.0289385
1 2.98959 17.5465 -0.133813 -0.0177204
1 4.10944 17.5472 -0.121485 -0.0116989
1 5.22635 17.5476 -0.0958336 -0.0100412
1 6.3402 17.5476 -0.0599324 -0.00506363
1 7.45222 17.5479 -0.039818 -0.011922
1 8.56335 17.5496 -0.0391582 -0.023116
1 9.67424 17.552 -0.0328787 -0.0249779
1 10.7849 17.5538 -0.0245096 -0.0193932
1 11.8943 17.5541 -0.0162513 -0.00829204
1 13.0026 17.5521 -0.00661889 0.00239518
1 14.1106 17.5489 0.00459903 0.00432598
1 15.2174 17.5456 0.00445066 0.000414933
1 16.3228 17.5424 0.00509973 7.73049e-05
1 17.4279 17.5382 0.00107323 0.00125975
1 18.5335 17.5329 -0.012246 -0.00228604
1 19.6384 17.5269 -0.00753633 -0.0120016
1 20.7423 17.5219 -0.0145073 -0.0249081
1 21.8446 17.5193 -0.0156111 -0.0329517
1 22.9463 17.5201 0.00681601 -0.0297047
1 24.0491 17.524 0.0181008 -0.0178748
1 25.1533 17.5296 0.0219974 -0.00556667
1 26.2587 17.5355 0.00664247 0.000393659
1 27.3644 17.5404 -0.00539716 0.000384214
1 28.47 17.5441 0.0014452 0.000798568
1 29.576 17.5473 -0.0048398 0.0024975
1 30.6833 17.5505 -0.000232993 0.00312397
1 31.7918 17.5532 0.0114558 -0.00198164
1 32.9004 17.5541 0.0173416 -0.0144185
1 34.0106 17.5527 0.0282509 -0.0237837
1 35.1215 17.5505 0.0366103 -0.0233068
1 36.2325 17.5485 0.035718 -0.0171044
1 37.3437 17.5475 0.0433559 -0.00848359
1 38.4564 17.5475 0.0763565 -0.00515916
1 39.5717 17.5474 0.110057 -0.00868125
1 40.6907 17.5471 0.128633 -0.0144751
1 41.8112 17.545 0.126489 -0.0259573
1 42.929 17.5407 0.104887 -0.0324695
1 44.0521 17.535 0.0543437 -0.042624
1 0.184594 18.4907 -0.0491968 -0.0338948
1 1.30684 18.4966 -0.103128 -0.0261322
1 2.42439 18.5009 -0.129437 -0.0156866
1 3.54535 18.5031 -0.133026 -0.00632293
1 4.66459 18.5037 -0.112125 -0.00179167
1 5.78024 18.504 -0.0759764 -0.00101656
1 6.89281 18.5042 -0.0410385 -0.00105064
1 8.00331 18.5044 -0.0316151 -0.00464776
1 9.11338 18.5053 -0.034459 -0.0146369
1 10.2243 18.5073 -0.0295508 -0.0221889
1 11.3349 18.5092 -0.0220794 -0.0152427
1 12.4443 18.5092 -0.018972 -0.00273858
1 13.5533 18.5075 -0.00537068 0.00229719
1 14.6607 18.5053 0.00541113 0.00256293
1 15.767 18.5028 -0.000697621 0.00539595
1 16.8735 18.4992 0.0035751 0.012721
1 17.9804 18.4944 -0.00526301 0.0143322
1 19.0866 18.4893 -0.0125718 0.00435328
1 20.1913 18.4852 -0.00714839 -0.014589
1 21.2938 18.4828 -0.00204059 -0.0307492
1 22.3949 18.4822 0.0119005 -0.0340505
1 23.4968 18.4835 0.00469663 -0.0224449
1 24.6006 18.4869 -0.00196548 -0.00460025
1 25.7064 18.4916 0.00907995 0.00939426
1 26.8133 18.4968 0.000153506 0.0144496
1 27.9196 18.5011 -0.00438627 0.0100824
1 29.0256 18.5041 -0.00230233 0.00307151
1 30.1326 18.5064 -0.00315421 0.00263048
1 31.241 18.5084 0.0110988 0.000127148
1 32.3501 18.5093 0.0224171 -0.00841931
1 33.4603 18.5082 0.0286862 -0.0182881
1 34.5712 18.506 0.0346409 -0.0186537
1 35.6816 18.5045 0.0364383 -0.0100998
1 36.792 18.5041 0.0350116 -0.000917943
1 37.9032 18.5041 0.0587278 0.000912619
1 39.0173 18.5038 0.0982687 -0.00149232
1 40.1346 18.5034 0.123038 -0.00366512
1 41.2548 18.5021 0.137288 -0.00929289
1 42.3743 18.4988 0.138358 -0.0206751
1 43.4919 18.494 0.132993 -0.0336414
1 0.743224 19.4507 -0.126078 -0.0237397
1 1.86089 19.4555 -0.137122 -0.0162697
1 2.98043 19.4585 -0.140099 -0.00901569
1 4.10132 19.46 -0.128158 -0.00470283
1 5.21905 19.4604 -0.100625 -0.00277429
1 6.3332 19.461 -0.0603762 -0.00149177
1 7.44479 19.461 -0.0363616 0.00397206
1 8.55462 19.4603 -0.0329431 -0.0015188
1 9.66416 19.4609 -0.0307407 -0.0141886
1 10.7748 19.4626 -0.031335 -0.019377
1 11.8856 19.464 -0.0282663 -0.0136499
1 12.9951 19.4643 -0.0156856 -0.00846765
1 14.1036 19.4638 -0.0010708 -0.00464159
1 15.211 19.4623 -0.00192447 0.00336619
1 16.318 19.4591 -0.00182597 0.0145995
1 17.4252 19.4546 -0.00035543 0.0185545
1 18.5324 19.4502 -0.00202657 0.00994007
1 19.6379 19.4471 0.0130214 -0.00526194
1 20.742 19.4454 0.00458179 -0.0197272
1 21.8446 19.4448 -0.00990533 -0.0272125
1 22.9464 19.4449 -0.00511252 -0.0248734
1 24.0495 19.4458 -0.00477066 -0.0128599
1 25.1542 19.4482 0.00211047 0.00321924
1 26.2606 19.4521 0.00165097 0.015423
1 27.368 19.4567 0.00123577 0.0176019
1 28.4754 19.4607 0.00850266 0.00960055
1 29.5825 19.4631 -6.77673e-06 -0.00123296
1 30.6904 19.4641 0.00838733 -0.00702065
1 31.7997 19.4642 0.0249957 -0.00889576
1 32.9098 19.4634 0.0283811 -0.0158
1 34.0207 19.4615 0.02936 -0.0185155
1 35.1308 19.4602 0.0299915 -0.00720432
1 36.2402 19.4606 0.0302432 0.00311796
1 37.3505 19.4611 0.0426884 0.000257049
1 38.4632 19.4605 0.0775069 -0.00348751
1 39.5788 19.46 0.114779 -0.00186432
1 40.6985 19.4592 0.136574 -0.00771234
1 41.82 19.4571 0.131625 -0.0124142
1 42.9377 19.4533 0.103057 -0.0209115
1 44.0594 19.4485 0.0417523 -0.0214215
1 0.175932 20.406 -0.0444227 -0.0193493
1 1.29693 20.4107 -0.0993842 -0.0149428
1 2.41483 20.414 -0.129646 -0.00926615
1 3.53639 20.4158 -0.13517 -0.00932104
1 4.65666 20.4168 -0.116356 -0.00737393
1 5.77284 20.4175 -0.0814592 -0.00832158
1 6.88629 20.4179 -0.0484174 -0.00403627
1 7.99714 20.4173 -0.0301595 0.0010784
1 9.10577 20.4164 -0.0260862 -0.00321448
1 10.2153 20.4163 -0.0276133 -0.0133997
1 11.3259 20.4176 -0.026879 -0.020213
1 12.4359 20.4191 -0.0243724 -0.0228835
1 13.5453 20.4205 -0.0134814 -0.0187832
1 14.6539 20.4204 -0.00873766 -0.00606166
1 15.762 20.418 -0.0149266 0.00673334
1 16.8703 20.4141 -0.00185259 0.0106717
1 17.9776 20.4103 0.00122219 0.00507321
1 19.0836 20.4077 0.000720834 -0.0050257
1 20.1883 20.4065 0.0057624 -0.0141148
1 21.2922 20.4062 0.00540795 -0.0190632
1 22.3954 20.4061 0.00982952 -0.0204834
1 23.4993 20.4062 -0.00625004 -0.0186087
1 24.6039 20.4068 -0.0167422 -0.0111907
1 25.7094 20.4086 -0.00193112 0.000655154
1 26.8161 20.4119 -0.000723731 0.0103768
1 27.9234 20.416 0.00566099 0.0109359
1 29.0314 20.4193 0.0120951 0.000586883
1 30.1399 20.4207 0.0089542 -0.0126099
1 31.2491 20.42 0.0193051 -0.0210175
1 32.3586 20.4183 0.0289667 -0.0215688
1 33.4693 20.4168 0.0298744 -0.0165782
1 34.5795 20.4162 0.0267615 -0.00890355
1 35.6882 20.4167 0.0289441 -0.00103848
1 36.7978 20.4177 0.0378443 0.00019944
1 37.9096 20.4178 0.0626379 -0.00703802
1 39.0239 20.4171 0.10086 -0.0100861
1 40.1417 20.4163 0.132352 -0.0111783
1 41.2628 20.4148 0.145264 -0.00984192
1 42.3828 20.4125 0.143816 -0.0131264
1 43.5003 20.4086 0.133363 -0.011807
1 0.734061 21.3668 -0.134701 -0.00966323
1 1.85191 21.3694 -0.147679 -0.00411118
1 2.97228 21.3712 -0.14764 -0.00111565
1 4.09385 21.3724 -0.135065 -0.00310105
1 5.21221 21.3735 -0.105239 -0.00259674
1 6.32717 21.3741 -0.0659467 0.00234217
1 7.43981 21.374 -0.0411418 0.0057257
1 8.54981 21.3734 -0.0301423 0.0102322
1 9.65838 21.3721 -0.0242737 0.0090412
1 10.7677 21.3716 -0.0238028 -0.00305205
1 11.8773 21.3731 -0.0226404 -0.0141182
1 12.9866 21.3754 -0.0198366 -0.0147301
1 14.0964 21.3765 -0.0157452 -0.00358867
1 15.206 21.3755 -0.0178093 0.00864947
1 16.3145 21.3727 -0.0087022 0.0136217
1 17.4218 21.3697 0.00174391 0.0107758
1 18.5284 21.3675 0.00219174 0.00450541
1 19.6339 21.3665 0.014669 -2.36892e-05
1 20.7391 21.3661 0.00314993 -0.0021888
1 21.8439 21.3661 -0.0114291 -0.0029791
1 22.9483 21.3661 -0.00490814 -0.00380641
1 24.0532 21.3662 -0.00382938 -0.00287503
1 25.1584 21.3667 0.000154837 0.00128062
1 26.2642 21.3682 -0.00212208 0.00821524
1 27.3712 21.3709 0.0022214 0.0143591
1 28.4795 21.374 0.0196294 0.0135249
1 29.5886 21.3763 0.0175717 0.00379712
1 30.6984 21.3763 0.0195103 -0.0103237
1 31.8082 21.3743 0.0233072 -0.0168623
1 32.9174 21.3721 0.0196181 -0.0100191
1 34.027 21.3716 0.0215479 0.00316759
1 35.1358 21.3728 0.0250975 0.0122681
1 36.2448 21.3738 0.0331123 0.00737249
1 37.3559 21.374 0.0519073 0.00259291
1 38.4698 21.3737 0.085376 -0.000316381
1 39.5862 21.3729 0.119739 -0.0026708
1 40.7067 21.3719 0.136669 -0.00328126
1 41.8282 21.3705 0.128445 -0.00430612
1 42.9462 21.3681 0.0996922 -0.0068008
1 44.0677 21.3648 0.04966 -0.0106935
1 0.168221 22.3244 -0.0650672 -0.00545468
1 1.28972 22.3264 -0.105576 -0.00112473
1 2.40778 22.3276 -0.131574 -0.00148649
1 3.52963 22.3285 -0.1395 -0.00183836
1 4.65052 22.3294 -0.1227 -0.0053052
1 5.76765 22.3301 -0.0882953 -0.00206376
1 6.88208 22.3302 -0.0535537 0.000671336
1 7.99392 22.3302 -0.0352679 0.00283143
1 9.10312 22.3292 -0.0250061 0.00946437
1 10.2116 22.3279 -0.0144035 0.00381232
1 11.3198 22.3281 -0.0100112 -0.00856032
1 12.4282 22.33 -0.0186706 -0.0143695
1 13.5384 22.3316 -0.0213086 -0.00840717
1 14.6488 22.3316 -0.0213027 0.0012451
1 15.7583 22.3302 -0.0236026 0.00582535
1 16.8668 22.3283 -0.00572523 0.00497723
1 17.9739 22.3267 -0.00153126 0.00249463
1 19.0799 22.3258 -0.00477113 0.000251458
1 20.1855 22.3254 -0.00152287 -0.000792793
1 21.291 22.3253 0.000962364 -0.000918809
1 22.396 22.3253 0.0106499 -0.00080896
1 23.5015 22.3254 -0.000167766 -0.000868682
1 24.6072 22.3255 -0.00867402 -0.000622424
1 25.7131 22.3261 0.00335394 0.00091735
1 26.8197 22.3272 0.00108485 0.00392561
1 27.9268 22.329 0.00984527 0.00620931
1 29.0356 22.3308 0.0229001 0.00460478
1 30.146 22.3316 0.0218879 -0.00298414
1 31.2566 22.3308 0.0215167 -0.0123813
1 32.3658 22.3289 0.0155585 -0.0137307
1 33.4742 22.3278 0.0133345 -0.00265067
1 34.5824 22.3286 0.0199004 0.00853939
1 35.691 22.3299 0.0339856 0.00590394
1 36.8016 22.3301 0.0443852 0.000454184
1 37.9145 22.33 0.0696297 0.00016116
1 39.03 22.3298 0.108097 -0.00317213
1 40.1486 22.3289 0.133424 -0.00249621
1 41.27 22.3283 0.141776 -0.00122938
1 42.3903 22.3271 0.142847 -0.00141
1 43.5083 22.3253 0.137897 -0.00298178
1 0.729523 23.2843 -0.139954 0.000439454
1 1.84758 23.2848 -0.142272 -0.00214124
1 2.96759 23.2853 -0.143006 -0.00296786
1 4.08911 23.2854 -0.133609 -0.00433671
1 5.20806 23.2858 -0.111875 -0.0047688
1 6.32412 23.2859 -0.0733311 -0.00362988
1 7.43763 23.2858 -0.0472225 -0.00404294
1 8.54868 23.2858 -0.0349648 -0.00147089
1 9.65749 23.2852 -0.0172998 -0.000353985
1 10.765 23.2848 -0.00673643 -0.0041213
1 11.8724 23.2853 -0.0096064 -0.0088246
1 12.9813 23.2862 -0.0191152 -0.00841219
1 14.0922 23.2865 -0.0229051 -0.00472557
1 15.2029 23.2862 -0.0257862 -0.00208587
1 16.3118 23.2855 -0.0150815 -0.00127033
1 17.4192 23.2849 -0.0042436 -0.00216303
1 18.5259 23.2844 -0.00492623 -0.00335199
1 19.6321 23.2843 0.0073516 -0.00421249
1 20.7381 23.2842 -0.00180905 -0.00440286
1 21.8437 23.2842 -0.0122865 -0.00379635
1 22.949 23.2841 -0.00138716 -0.00324563
1 24.0547 23.2842 0.00327485 -0.00296278
1 25.1606 23.2843 0.00829419 -0.00305355
1 26.2669 23.2846 0.00466423 -0.00344898
1 27.374 23.2851 0.00793841 -0.00307954
1 28.4825 23.2857 0.0258006 -0.00261315
1 29.5923 23.2861 0.0249481 -0.00336547
1 30.7034 23.2861 0.0231467 -0.00617798
1 31.8137 23.2856 0.0162892 -0.0087506
1 32.9215 23.2851 0.00296461 -0.00661546
1 34.0288 23.2851 0.00881687 -0.00259058
1 35.1368 23.2856 0.0252724 -0.000371164
1 36.2467 23.2858 0.0378966 -0.00234927
1 37.3586 23.2858 0.0545401 -0.00300046
1 38.4732 23.2859 0.0901273 -0.00383555
1 39.5905 23.2856 0.123715 -0.00605415
1 40.7112 23.2853 0.140503 -0.00342751
1 41.8332 23.285 0.134143 -0.00113389
1 42.9515 23.2844 0.110904 0.000900709
1 44.0736 23.2833 0.0684912 -0.00220416
1 0.166747 24.2434 -0.0697255 0.00284231
1 1.2886 24.2424 -0.111128 -0.000683357
1 2.40665 24.242 -0.133667 0.000492335
1 3.52864 24.2417 -0.140237 0.00286537
1 4.64931 24.2415 -0.123987 0.005845
1 5.76677 24.2412 -0.0906939 0.00410779
1 6.88147 24.2413 -0.0547046 0.00318854
1 7.99351 24.2412 -0.03714 0.00263353
1 9.10314 24.2415 -0.0246907 0.000496179
1 10.2113 24.242 -0.00882126 0.00277728
1 11.3186 24.242 -0.00331508 0.00753356
1 12.4264 24.2415 -0.0156238 0.00953727
1 13.5366 24.241 -0.0222387 0.00719199
1 14.6475 24.241 -0.0241444 0.00468406
1 15.7573 24.2414 -0.0263842 0.00397379
1 16.8659 24.2419 -0.00862195 0.00437855
1 17.9731 24.2424 -0.00520452 0.00475532
1 19.0793 24.2427 -0.00851005 0.00422545
1 20.1851 24.2428 -0.00397392 0.00394663
1 21.2908 24.2428 0.000569091 0.00419179
1 22.396 24.2428 0.0121755 0.0047372
1 23.5018 24.2428 0.00250841 0.00533164
1 24.6078 24.2427 -0.00573996 0.00522693
1 25.714 24.2425 0.00657145 0.00444852
1 26.8208 24.2421 0.00453596 0.00336627
1 27.928 24.2415 0.0134735 0.00255315
1 29.0369 24.2409 0.0260093 0.00351913
1 30.1477 24.2406 0.0227935 0.00597129
1 31.2586 24.2409 0.0192905 0.00925332
1 32.3676 24.2418 0.0101669 0.00965783
1 33.4752 24.2423 0.0074804 0.00491487
1 34.5827 24.2419 0.0173414 0.000456665
1 35.6915 24.2413 0.0355718 0.00161471
1 36.8025 24.2412 0.0458567 0.0041059
1 37.9158 24.2412 0.0717221 0.00375783
1 39.0319 24.2413 0.110443 0.00461399
1 40.1507 24.2416 0.132822 0.00421875
1 41.2722 24.2417 0.14238 0.00242051
1 42.3924 24.2421 0.142962 0.00152173
1 43.5103 24.2425 0.14404 -0.000556494
1 0.731636 25.2016 -0.134932 0.00329266
1 1.84967 25.1999 -0.14233 0.00123588
1 2.96989 25.1988 -0.143172 0.00137054
1 4.09133 25.1983 -0.13458 0.00295305
1 5.21004 25.1974 -0.109952 0.00405662
1 6.32551 25.1971 -0.0711666 0.000647573
1 7.43866 25.1971 -0.0456767 0.000553119
1 8.54923 25.1972 -0.0335875 -0.00499919
1 9.65788 25.1986 -0.0194457 -0.00768965
1 10.766 25.1993 -0.0122709 0.00317219
1 11.8743 25.1982 -0.0152172 0.014219
1 12.9833 25.1964 -0.0209249 0.0130432
1 14.0939 25.1956 -0.0220052 0.00379702
1 15.2042 25.1964 -0.0229333 -0.00375805
1 16.313 25.1981 -0.0116129 -0.00505907
1 17.4203 25.1999 -0.00110039 -0.00282874
1 18.5268 25.2011 -0.00209708 0.000198928
1 19.6326 25.2016 0.00993365 0.00156748
1 20.7383 25.2017 0.000480304 0.00170718
1 21.8437 25.2018 -0.0108378 0.00168759
1 22.9488 25.2018 -0.00150359 0.00185948
1 24.0543 25.2017 0.00117683 0.00156427
1 25.16 25.2013 0.0048947 0.000528243
1 26.2661 25.2004 0.00138304 -0.00172315
1 27.3731 25.1988 0.00543808 -0.00413266
1 28.4814 25.1969 0.0234638 -0.00467074
1 29.591 25.1956 0.0221855 -7.51394e-05
1 30.7016 25.1956 0.0215685 0.00910829
1 31.8118 25.1972 0.0192424 0.0149787
1 32.9202 25.199 0.00995078 0.00934715
1 34.0285 25.1993 0.0139676 -0.00291197
1 35.1368 25.198 0.0256804 -0.0087111
1 36.2462 25.1971 0.0356123 -0.00212432
1 37.3579 25.1971 0.0533714 0.000321307
1 38.4723 25.1971 0.0876814 0.00229817
1 39.5893 25.1978 0.122656 0.00591855
1 40.7101 25.1986 0.14015 0.00252638
1 41.832 25.1994 0.132072 0.00171393
1 42.9502 25.2006 0.105067 0.000436933
1 44.0718 25.2025 0.0630142 0.00525097
1 0.172701 26.1623 -0.0514019 0.0104062
1 1.29386 26.1589 -0.0989643 0.00651391
1 2.41172 26.1566 -0.127784 0.00400549
1 3.53319 26.1553 -0.135931 0.00310047
1 4.65376 26.1543 -0.119878 0.00357663
1 5.77033 26.1534 -0.0857152 0.00134936
1 6.88434 26.1531 -0.0525472 -0.00145687
1 7.99557 26.1532 -0.0321532 -0.00631821
1 9.1042 26.1544 -0.0240629 -0.0113627
1 10.2131 26.1556 -0.0208003 -0.00255714
1 11.3226 26.155 -0.0188134 0.0106942
1 12.4318 26.1529 -0.0223836 0.0174666
1 13.5415 26.151 -0.0194996 0.0106289
1 14.6512 26.151 -0.0171702 -0.00377248
1 15.7603 26.1532 -0.0197866 -0.0129289
1 16.8687 26.1563 -0.00235489 -0.0134245
1 17.9758 26.159 0.00179464 -0.00729896
1 19.0815 26.1605 -0.000440392 -0.000554819
1 20.1866 26.161 0.00319969 0.0036349
1 21.2914 26.1611 0.00412007 0.00453528
1 22.3958 26.1611 0.0112786 0.00370803
1 23.5008 26.1611 -0.00247295 0.00283813
1 24.606 26.1607 -0.0130769 0.000569999
1 25.7116 26.1596 -0.000673897 -0.00402474
1 26.8181 26.1574 -0.0015686 -0.0102268
1 27.9253 26.1544 0.00695227 -0.0130206
1 29.0338 26.1517 0.0180264 -0.00791124
1 30.1434 26.1506 0.0158373 0.00384725
1 31.2533 26.1517 0.0202434 0.0151618
1 32.3628 26.1541 0.0228161 0.015154
1 33.4725 26.1556 0.0238288 0.00387929
1 34.5818 26.1552 0.0242623 -0.00813575
1 35.6903 26.1539 0.0295083 -0.0094758
1 36.8003 26.1532 0.0393524 -0.00490623
1 37.9128 26.1532 0.0642091 -0.00138651
1 39.0277 26.1538 0.103301 0.0030462
1 40.146 26.1548 0.134419 0.00317028
1 41.2675 26.156 0.146317 0.00130172
1 42.388 26.1576 0.147787 0.00428211
1 43.5056 26.1603 0.136973 0.00906144
1 0.739713 27.1185 -0.129137 0.0129532
1 1.85714 27.1147 -0.142747 0.0128145
1 2.97702 27.1124 -0.146278 0.0101414
1 4.09828 27.111 -0.13287 0.0116545
1 5.21623 27.1101 -0.102846 0.0109224
1 6.3305 27.1093 -0.0641488 0.00744305
1 7.44251 27.1095 -0.0391027 -0.000155973
1 8.55206 27.1105 -0.0284354 0.00109869
1 9.66074 27.1111 -0.0263568 0.00929521
1 10.7709 27.1104 -0.0298578 0.0172463
1 11.8815 27.1089 -0.0286915 0.0216964
1 12.991 27.1073 -0.0185613 0.020816
1 14.1 27.1066 -0.00889608 0.0125068
1 15.2085 27.108 -0.0117742 -0.000555953
1 16.3165 27.1114 -0.00696297 -0.0106616
1 17.4239 27.1154 0.00116939 -0.00981294
1 18.5306 27.1187 0.00341949 -0.000151018
1 19.6359 27.1205 0.0180354 0.0114518
1 20.7405 27.1211 0.00673497 0.0190532
1 21.8443 27.1211 -0.00987743 0.0210285
1 22.9475 27.1211 -0.00600917 0.0193606
1 24.0515 27.1207 -0.00625315 0.0142512
1 25.1563 27.1195 -0.000976701 0.00508815
1 26.2623 27.1169 -0.00171781 -0.00506217
1 27.3696 27.1131 0.00144453 -0.010514
1 28.4777 27.1092 0.0147263 -0.00677903
1 29.5859 27.1068 0.00899694 0.00620297
1 30.6946 27.1067 0.0131118 0.0187872
1 31.804 27.108 0.0252056 0.0230811
1 32.914 27.1097 0.0278144 0.0206552
1 34.0248 27.1109 0.0285622 0.014488
1 35.1343 27.1109 0.0266804 0.00355927
1 36.2431 27.11 0.0300512 -0.00106731
1 37.3538 27.1094 0.0472757 0.00418481
1 38.4672 27.1098 0.0808394 0.00829394
1 39.5832 27.1104 0.115831 0.00698916
1 40.7035 27.1113 0.136075 0.0103451
1 41.8251 27.1131 0.13015 0.00972806
1 42.943 27.1165 0.100243 0.0156312
1 44.064 27.1211 0.0419921 0.019142
1 0.181046 28.0788 -0.0439886 0.0235727
1 1.30247 28.0739 -0.101144 0.021199
1 2.42004 28.0702 -0.13091 0.011961
1 3.54146 28.0682 -0.136519 0.00637545
1 4.66129 28.0672 -0.115544 0.00164091
1 5.77707 28.0667 -0.0784969 0.00285043
1 6.88975 28.0661 -0.0431179 -0.00211874
1 8.00012 28.0667 -0.0298042 -0.00466787
1 9.10933 28.0671 -0.0291647 0.00621412
1 10.2195 28.0658 -0.0285113 0.0172138
1 11.3303 28.0639 -0.0271662 0.0144699
1 12.4403 28.0631 -0.023709 0.00747573
1 13.5496 28.0633 -0.00870264 0.0056448
1 14.6574 28.0643 0.000341577 -0.000348253
1 15.7644 28.0667 -0.00818728 -0.0107467
1 16.8719 28.0706 -0.00112566 -0.0189338
1 17.9795 28.0752 -0.00170231 -0.0167669
1 19.0858 28.0792 -0.00203928 -0.00435987
1 20.1904 28.0816 0.00425801 0.0115796
1 21.2934 28.0825 0.00439247 0.0232506
1 22.3952 28.0825 0.00997905 0.0255733
1 23.4978 28.0819 -0.00391926 0.0183486
1 24.6019 28.0802 -0.0120744 0.00377748
1 25.7075 28.0771 0.00300634 -0.011621
1 26.8147 28.0727 0.00038811 -0.020253
1 27.9218 28.0682 0.000206606 -0.0161984
1 29.0287 28.065 0.00205288 -0.00484141
1 30.1362 28.0635 0.000910652 0.00317208
1 31.2448 28.063 0.0160974 0.00723043
1 32.3544 28.0633 0.0280269 0.0126303
1 33.4653 28.0647 0.0308483 0.0178973
1 34.576 28.0665 0.0314296 0.0134353
1 35.6855 28.0671 0.0330982 0.00109998
1 36.7954 28.0665 0.0349827 -0.00575675
1 37.9068 28.0664 0.0580792 -0.000329149
1 39.021 28.067 0.0989106 0.00141845
1 40.1386 28.0673 0.12714 0.00371354
1 41.2594 28.0688 0.139339 0.00893419
1 42.379 28.0719 0.137414 0.0172966
1 43.4966 28.0768 0.129357 0.022708
1 0.748217 29.0334 -0.129002 0.034353
1 1.86574 29.0285 -0.137012 0.0201229
1 2.98503 29.0252 -0.137372 0.00824999
1 4.10547 29.024 -0.124659 0.00319987
1 5.22283 29.0235 -0.0999992 0.000820122
1 6.33689 29.0231 -0.0603752 -0.00151385
1 7.44835 29.0231 -0.0360961 0.000247564
1 8.5587 29.0228 -0.036375 0.00901427
1 9.66918 29.0213 -0.0339874 0.0177574
1 10.78 29.0191 -0.0288132 0.0172756
1 11.8901 29.018 -0.0225455 0.00752333
1 12.9991 29.019 -0.010928 -0.000750558
1 14.1074 29.021 0.00324491 -0.00334811
1 15.2143 29.0233 0.00311508 -0.00382234
1 16.3203 29.0263 0.00349954 -0.0107083
1 17.4266 29.0306 0.000458979 -0.0150478
1 18.5336 29.0357 -0.00768211 -0.0101662
1 19.6393 29.0405 0.00335553 0.00346354
1 20.7431 29.0437 -0.00366182 0.0210473
1 21.8449 29.0451 -0.0119664 0.0325972
1 22.9459 29.0445 0.000881011 0.0293426
1 24.0486 29.0421 0.00626249 0.0133066
1 25.1532 29.038 0.0122938 -0.00572214
1 26.2596 29.0328 0.00485552 -0.015408
1 27.3664 29.0281 -0.00397507 -0.0136321
1 28.4728 29.0245 0.000804765 -0.00660194
1 29.5791 29.0219 -0.00508466 -0.00325792
1 30.6866 29.0198 0.00472612 -0.00289331
1 31.7955 29.0181 0.0197164 0.00203139
1 32.905 29.018 0.0230207 0.0142614
1 34.0158 29.02 0.0301463 0.0215645
1 35.1266 29.0221 0.0355547 0.0142225
1 36.2369 29.0231 0.0321355 0.00436864
1 37.3473 29.0233 0.0402369 0.000705325
1 38.4598 29.0234 0.0751283 -0.000680789
1 39.5753 29.0236 0.111463 0.000324467
1 40.6945 29.0242 0.13288 0.00619858
1 41.8155 29.0266 0.129859 0.0161428
1 42.9331 29.0311 0.104568 0.0261431
1 44.0554 29.0371 0.0466959 0.0323096
1 0.18817 29.9923 -0.0559595 0.0430747
1 1.31109 29.9867 -0.103267 0.0332065
1 2.42881 29.9824 -0.125895 0.0269793
1 3.54926 29.9803 -0.128569 0.0159524
1 4.66833 29.9799 -0.110824 0.0106022
1 5.7838 29.9798 -0.0768976 0.00703577
1 6.89661 29.9798 -0.0442504 0.00969756
1 8.00789 29.9787 -0.035497 0.0190224
1 9.11874 29.9768 -0.0360627 0.0253044
1 10.2297 29.9746 -0.0276676 0.0254531
1 11.3397 29.9733 -0.016261 0.0161547
1 12.4482 29.9742 -0.0103821 0.00400817
1 13.5567 29.9769 -0.000281614 -0.0012327
1 14.6639 29.9802 0.00541209 -0.000676708
1 15.7699 29.9833 -0.00103206 0.00125564
1 16.8755 29.987 0.00492866 0.00161584
1 17.9813 29.9919 -0.00679532 0.00173018
1 19.0866 29.9977 -0.0219729 0.00764849
1 20.1908 30.0033 -0.0192847 0.0194246
1 21.2935 30.0071 -0.00810703 0.0310709
1 22.3951 30.0079 0.0157442 0.0343036
1 23.4976 30.0054 0.0156715 0.0264369
1 24.6014 30.0003 0.00894759 0.013745
1 25.7063 29.9944 0.013393 0.00408912
1 26.8119 29.9891 -0.000876141 0.000298279
1 27.917 29.9849 -0.00608576 0.00144926
1 29.0224 29.9817 -0.00335236 0.00149202
1 30.1293 29.9784 -0.004544 -0.00231599
1 31.2373 29.9751 0.00643523 -0.000402995
1 32.3457 29.9732 0.0158871 0.0100066
1 33.4552 29.9735 0.0240254 0.0211988
1 34.5658 29.9754 0.0336761 0.0271828
1 35.6768 29.9778 0.0396528 0.0254777
1 36.788 29.9796 0.0387531 0.0141554
1 37.8998 29.9799 0.0581646 0.00619648
1 39.0137 29.9798 0.0941699 0.0108282
1 40.1305 29.9801 0.119846 0.0126356
1 41.2501 29.9809 0.132943 0.0198077
1 42.369 29.9843 0.135263 0.0305053
1 43.4863 29.9897 0.129812 0.0403187
1 0.757243 30.9446 -0.121864 0.0436002
1 1.87506 30.9395 -0.134122 0.0296565
1 2.99394 30.9367 -0.129902 0.0154998
1 4.11351 30.9359 -0.120565 0.00850794
1 5.23044 30.9357 -0.0961752 0.00392636
1 6.34442 30.9357 -0.0607329 0.00422883
1 7.45707 30.9348 -0.0406671 0.0160227
1 8.56891 30.9322 -0.0398321 0.0229538
1 9.6799 30.9298 -0.0308143 0.0175878
1 10.7899 30.9288 -0.0168257 0.00993329
1 11.8983 30.9294 -0.00668402 0.00164286
1 13.0059 30.932 -0.00160559 -0.00800708
1 14.1135 30.9361 0.00438731 -0.0114022
1 15.22 30.9401 0.00140779 -0.00420338
1 16.3249 30.9441 0.00165768 0.00246163
1 17.4291 30.9487 -0.00324275 0.00555442
1 18.5332 30.9546 -0.0172891 0.00962691
1 19.6369 30.961 -0.0116737 0.0129252
1 20.7409 30.9666 -0.0161924 0.0145397
1 21.8445 30.9694 -0.0143654 0.0145629
1 22.9476 30.9684 0.00899001 0.0139377
1 24.051 30.964 0.0198626 0.0135889
1 25.1546 30.9577 0.0234967 0.0118793
1 26.2584 30.9513 0.010167 0.00863867
1 27.3626 30.9462 -0.000118704 0.00414047
1 28.4674 30.942 0.00619513 -0.00145567
1 29.5732 30.938 -0.00335937 -0.00828218
1 30.6804 30.9338 -0.00210169 -0.0102505
1 31.7882 30.9302 0.00527789 -0.00567481
1 32.8958 30.9285 0.00772227 0.00500169
1 34.0051 30.9289 0.0211645 0.0153775
1 35.1156 30.9308 0.0354531 0.0205581
1 36.2271 30.9334 0.0402915 0.0194769
1 37.3393 30.9354 0.0494486 0.0106629
1 38.4526 30.9358 0.0779493 0.00368869
1 39.5678 30.9359 0.108126 0.00598392
1 40.6863 30.9361 0.121875 0.0122227
1 41.8058 30.9379 0.118613 0.0239416
1 42.9232 30.9419 0.0995002 0.0359787
1 44.0469 30.9477 0.0555554 0.0439491
1 0.197633 31.9027 -0.0527022 0.0460215
1 1.32133 31.8967 -0.0922481 0.0358726
1 2.43835 31.893 -0.114465 0.0203854
1 3.55773 31.892 -0.120516 0.0112621
1 4.67624 31.8917 -0.106882 0.0062671
1 5.79163 31.8916 -0.0795477 0.00880681
1 6.90575 31.8905 -0.0537973 0.0159635
1 8.01896 31.888 -0.0399884 0.0220099
1 9.13 31.8854 -0.0299808 0.0185385
1 10.2398 31.8843 -0.0159446 0.00884936
1 11.3483 31.8852 -0.000330824 0.000229201
1 12.4551 31.8877 0.00225803 -0.00477414
1 13.5621 31.8915 0.0017554 -0.0092045
1 14.6686 31.8964 -0.0020913 -0.00702584
1 15.7738 31.9016 -0.0123093 0.00375858
1 16.8778 31.9068 -0.00763417 0.0142028
1 17.9809 31.9125 -0.0161672 0.0164648
1 19.0839 31.919 -0.0220524 0.0144726
1 20.1875 31.925 -0.0140466 0.010514
1 21.2918 31.9288 -0.00535833 0.00573386
1 22.3958 31.9296 0.0123444 0.00377557
1 23.5004 31.9271 0.0105722 0.00746366
1 24.6046 31.922 0.00789418 0.0138086
1 25.7078 31.9157 0.0193194 0.0180926
1 26.8109 31.9095 0.0105385 0.0167356
1 27.9139 31.904 0.0068697 0.00941253
1 29.0181 31.899 0.00725059 -0.00143838
1 30.1242 31.8938 -0.00260517 -0.010488
1 31.2313 31.8892 -0.0031772 -0.00739738
1 32.338 31.8862 -0.000910025 -0.00117436
1 33.4456 31.8846 0.0102078 0.00190373
1 34.555 31.8845 0.0255849 0.0109935
1 35.6655 31.8865 0.0372363 0.0218358
1 36.7777 31.8894 0.0441971 0.0187323
1 37.891 31.8912 0.0646575 0.0104678
1 39.0053 31.8918 0.095886 0.00747508
1 40.1219 31.892 0.117952 0.00975026
1 41.2408 31.8926 0.129438 0.0136767
1 42.3591 31.8947 0.135951 0.0276469
1 43.4764 31.8992 0.129567 0.0398732
1 0.769428 32.8538 -0.120785 0.0358629
1 1.88607 32.8498 -0.126303 0.0295238
1 3.00364 32.8483 -0.126564 0.0181917
1 4.12258 32.8478 -0.119386 0.017447
1 5.23929 32.8474 -0.0997847 0.0181238
1 6.35411 32.846 -0.0684998 0.0240065
1 7.46818 32.8435 -0.046997 0.0276298
1 8.58055 32.8411 -0.0353108 0.0230413
1 9.69015 32.84 -0.0173835 0.0124105
1 10.7983 32.8411 -0.00443621 0.00178925
1 11.9054 32.8439 0.00165731 -0.000218498
1 13.0113 32.8476 0.00130892 0.00080906
1 14.1171 32.8524 -0.00213048 0.00192364
1 15.2222 32.8584 -0.0150696 0.00874834
1 16.3257 32.8649 -0.017437 0.0193336
1 17.4281 32.8711 -0.0141758 0.0246139
1 18.5309 32.877 -0.0130441 0.0224796
1 19.6346 32.8827 0.00211049 0.0135146
1 20.7395 32.8872 -0.00486677 0.00701569
1 21.8442 32.8893 -0.012144 0.00587156
1 22.9484 32.8885 0.00022607 0.00775614
1 24.053 32.8851 0.00669939 0.0105352
1 25.157 32.88 0.0151501 0.0180491
1 26.26 32.8741 0.0129829 0.0260166
1 27.3626 32.8681 0.0135016 0.0252797
1 28.4659 32.8616 0.0254731 0.0127955
1 29.5703 32.8551 0.0101765 0.0030054
1 30.6757 32.8498 -0.0024224 0.00197264
1 31.7817 32.8457 -0.00142689 -0.00122518
1 32.8881 32.8421 0.000154766 -0.00233648
1 33.996 32.8402 0.0117541 0.00725573
1 35.1049 32.8403 0.0266765 0.0169679
1 36.2159 32.842 0.0399084 0.024919
1 37.3291 32.8448 0.0536611 0.0290516
1 38.4433 32.8472 0.0808711 0.0205713
1 39.5589 32.8479 0.108911 0.0135216
1 40.6773 32.848 0.121872 0.017802
1 41.7967 32.8489 0.116511 0.0230993
1 42.9134 32.8518 0.0950408 0.0332404
1 44.0368 32.8563 0.0471008 0.0401663
1 0.2094 33.8111 -0.0503051 0.0300119
1 1.33213 33.8071 -0.0925682 0.0288342
1 2.44834 33.8044 -0.117577 0.0212879
1 3.56773 33.8034 -0.123344 0.0164482
1 4.68606 33.8027 -0.109463 0.0186527
1 5.8021 33.8012 -0.0842663 0.0268524
1 6.91689 33.7985 -0.0516105 0.0312453
1 8.02975 33.796 -0.0328375 0.0220352
1 9.13963 33.7955 -0.0216307 0.00974254
1 10.2478 33.7967 -0.00767363 0.00205603
1 11.3548 33.7996 0.00157085 -0.00305441
1 12.4603 33.804 -0.00330409 -0.000123086
1 13.5653 33.809 -0.00659142 0.0092084
1 14.6694 33.8149 -0.0159461 0.0143651
1 15.7728 33.8221 -0.0305231 0.0166948
1 16.8759 33.8291 -0.0148056 0.0197585
1 17.9793 33.8351 -0.00617882 0.0216362
1 19.083 33.8402 -0.00599951 0.0166326
1 20.1872 33.8447 -0.00701509 0.00817384
1 21.2917 33.848 -0.00462212 0.00385382
1 22.3957 33.8489 0.0123912 0.00481925
1 23.5005 33.8466 0.00556337 0.0078752
1 24.6053 33.8425 -0.00580989 0.013736
1 25.7091 33.8378 0.00737347 0.0203169
1 26.8126 33.8324 0.011793 0.0216104
1 27.9155 33.8256 0.0200789 0.0197955
1 29.0185 33.8184 0.0232728 0.0165472
1 30.1222 33.8118 0.00928521 0.00998065
1 31.2269 33.8063 0.00535391 0.00297349
1 32.3323 33.8016 0.000672128 -0.00185494
1 33.4387 33.7978 0.00242865 -0.00302697
1 34.5462 33.7957 0.015504 0.00350144
1 35.6551 33.7953 0.0298455 0.0177901
1 36.7666 33.7971 0.0406262 0.029538
1 37.8803 33.8 0.067711 0.0295308
1 38.9958 33.8022 0.100424 0.0235354
1 40.1128 33.8033 0.117205 0.0171681
1 41.2318 33.8039 0.124793 0.0163921
1 42.3494 33.8057 0.12186 0.0260575
1 43.466 33.8092 0.117197 0.032098
1 0.778434 34.7646 -0.107882 0.0308875
1 1.8948 34.7614 -0.120202 0.0272303
1 3.01266 34.7589 -0.12397 0.0200846
1 4.13209 34.758 -0.118127 0.0216252
1 5.24959 34.7563 -0.100261 0.0304085
1 6.36511 34.7537 -0.0657055 0.0317534
1 7.47858 34.7513 -0.0367204 0.026578
1 8.58916 34.7508 -0.025933 0.0119769
1 9.69707 34.7525 -0.012845 0.000184582
1 10.8036 34.7559 -0.00617533 -0.00129403
1 11.9091 34.7606 -0.00903913 0.00275497
1 13.0132 34.7663 -0.0145521 0.0102245
1 14.1169 34.7728 -0.0138713 0.0171315
1 15.2201 34.7796 -0.021493 0.0189633
1 16.3231 34.7864 -0.0154368 0.0161477
1 17.4268 34.7929 -0.00471444 0.0157867
1 18.5312 34.7984 -0.00406438 0.0186587
1 19.6349 34.8029 0.00420491 0.0157579
1 20.7392 34.8064 -0.00645014 0.0078209
1 21.8441 34.8084 -0.0110287 0.000717838
1 22.9485 34.8078 0.00240006 0.00350053
1 24.0528 34.805 0.00540762 0.0134774
1 25.1567 34.8008 0.00874779 0.0197996
1 26.2606 34.7958 0.0048124 0.0176162
1 27.3647 34.7899 0.00677076 0.0162823
1 28.4684 34.783 0.0257543 0.0163566
1 29.5717 34.7759 0.021037 0.0182003
1 30.675 34.7694 0.0130817 0.0157596
1 31.7788 34.7634 0.0104274 0.00451608
1 32.8836 34.7578 0.00310989 -0.00272257
1 33.9899 34.7538 0.00686989 0.00119412
1 35.0968 34.7515 0.0150879 0.00664221
1 36.2057 34.7508 0.0264267 0.0175025
1 37.3177 34.7523 0.0480589 0.0302619
1 38.4322 34.755 0.081353 0.0334212
1 39.5484 34.7574 0.110628 0.0258809
1 40.6674 34.7585 0.123772 0.0191431
1 41.7871 34.7601 0.116156 0.0258868
1 42.9034 34.7632 0.0918164 0.0263967
1 44.0256 34.7674 0.0493976 0.0302099
1 0.219005 35.7227 -0.0512736 0.0339158
1 1.34072 35.7187 -0.0894007 0.0301701
1 2.45746 35.7151 -0.116156 0.0312816
1 3.57706 35.7128 -0.122668 0.025935
1 4.69661 35.711 -0.112171 0.0298337
1 5.81335 35.7083 -0.0812173 0.0348996
1 6.92743 35.7063 -0.0432436 0.028023
1 8.03833 35.7061 -0.023457 0.0147626
1 9.14583 35.7083 -0.0164052 0.00564651
1 10.2517 35.7121 -0.0103232 0.00621906
1 11.3565 35.7172 -0.0104733 0.00766373
1 12.4599 35.7236 -0.0208964 0.0126671
1 13.5635 35.7304 -0.0172718 0.0194233
1 14.667 35.737 -0.0157655 0.0179746
1 15.7707 35.7434 -0.020223 0.0136802
1 16.875 35.7498 -0.00144566 0.0162481
1 17.9794 35.7559 -0.00459557 0.0213664
1 19.0832 35.7611 -0.011697 0.0182597
1 20.187 35.7649 -0.00508877 0.0123966
1 21.2916 35.7671 0.000225762 0.00612404
1 22.3958 35.7676 0.0111976 0.00221267
1 23.5005 35.7663 0.0042593 0.00895831
1 24.6052 35.7633 -0.00465322 0.0197635
1 25.709 35.7588 0.00652499 0.022613
1 26.8129 35.753 0.00525273 0.0161625
1 27.9171 35.7465 0.00880833 0.0140307
1 29.021 35.7402 0.0147077 0.0182593
1 30.1245 35.7338 0.0116073 0.0193465
1 31.2279 35.7268 0.020844 0.0137663
1 32.3313 35.72 0.0176171 0.0111491
1 33.4356 35.7144 0.0108208 0.00690471
1 34.541 35.71 0.0174861 0.00322194
1 35.6478 35.7069 0.0242787 0.0107547
1 36.7572 35.706 0.0317683 0.0219673
1 37.8695 35.707 0.0605412 0.0305158
1 38.9847 35.7096 0.0978871 0.0349249
1 40.1025 35.712 0.118912 0.0275958
1 41.2222 35.7138 0.123728 0.0261654
1 42.3406 35.7169 0.119605 0.0347598
1 43.4572 35.721 0.105028 0.0342176
1 0.786406 36.6763 -0.0977481 0.0356197
1 1.90372 36.6714 -0.119869 0.0390149
1 3.02241 36.6676 -0.12409 0.0315116
1 4.14262 36.6648 -0.120893 0.0347468
1 5.26089 36.6625 -0.0969095 0.0386438
1 6.3754 36.6607 -0.0556667 0.0302909
1 7.48664 36.6613 -0.0307582 0.0208891
1 8.59458 36.6638 -0.0265259 0.016549
1 9.69978 36.6681 -0.0220462 0.0126424
1 10.8039 36.6741 -0.0203754 0.0176385
1 11.907 36.6806 -0.020814 0.0217575
1 13.01 36.6873 -0.0183693 0.0183167
1 14.1142 36.6941 -0.0075654 0.0170833
1 15.2184 36.7002 -0.0114356 0.0203875
1 16.3224 36.7061 -0.00951237 0.0208327
1 17.4267 36.7129 -0.00587768 0.0214649
1 18.5309 36.7188 -0.00710365 0.0235953
1 19.6346 36.7229 0.00820175 0.0203111
1 20.7393 36.7256 -0.00290144 0.0130067
1 21.8443 36.7268 -0.0153468 0.00684141
1 22.9484 36.7264 0.00104924 0.00964336
1 24.0528 36.7248 0.00658072 0.0178921
1 25.1568 36.7213 0.00788585 0.0224061
1 26.261 36.7159 0.00657805 0.0235494
1 27.3653 36.7094 0.00452975 0.0226911
1 28.4695 36.7032 0.0148236 0.0199512
1 29.5738 36.6972 0.00978928 0.0174511
1 30.6782 36.6907 0.0128698 0.0182864
1 31.7817 36.6838 0.0209179 0.019916
1 32.8844 36.677 0.0180709 0.0194063
1 33.9882 36.6708 0.0226239 0.0155865
1 35.0929 36.6657 0.0239443 0.0133785
1 36.1992 36.6621 0.0258136 0.0163997
1 37.3089 36.6606 0.042142 0.0261658
1 38.4218 36.6614 0.0761375 0.0376715
1 39.538 36.6636 0.108792 0.0365605
1 40.6576 36.6662 0.11995 0.0334088
1 41.7777 36.6694 0.115196 0.0374856
1 42.895 36.6741 0.0874393 0.0387289
1 44.018 36.6787 0.0406333 0.0322956
1 0.225008 37.6338 -0.0324313 0.0301262
1 1.349 37.6283 -0.0869934 0.041002
1 2.46692 37.623 -0.114155 0.0399719
1 3.58741 37.6193 -0.120651 0.0362164
1 4.70713 37.6165 -0.105383 0.0330321
1 5.82278 37.6154 -0.0727052 0.0303346
1 6.93428 37.6162 -0.0428623 0.0228786
1 8.04243 37.6194 -0.0331147 0.0168374
1 9.147 37.6246 -0.0321389 0.0214792
1 10.2503 37.6308 -0.0303129 0.0222984
1 11.3537 37.6377 -0.0211752 0.0171328
1 12.4567 37.6444 -0.0144444 0.0163751
1 13.5609 37.6505 -0.00709089 0.0150658
1 14.6655 37.6569 -0.0102582 0.0153246
1 15.7696 37.6632 -0.0174784 0.0220937
1 16.8738 37.6695 -0.00100747 0.0229343
1 17.9784 37.6757 -0.00671993 0.018754
1 19.0829 37.6809 -0.0117437 0.0183077
1 20.1873 37.6844 -0.000695975 0.0154536
1 21.2914 37.686 -6.83311e-05 0.00762439
1 22.3955 37.6861 0.00991252 0.00562051
1 23.5008 37.6855 0.00560341 0.012741
1 24.6056 37.6832 -0.00617074 0.0177722
1 25.7095 37.6787 0.00460677 0.0202172
1 26.8141 37.6728 0.0040059 0.0213026
1 27.9181 37.6663 0.00790834 0.0226103
1 29.022 37.6601 0.0137562 0.0202844
1 30.1265 37.6537 0.00499938 0.0143159
1 31.2313 37.6474 0.0135206 0.0140568
1 32.335 37.6409 0.0207323 0.0187732
1 33.4381 37.6342 0.0242898 0.0210044
1 34.5412 37.6274 0.0322813 0.0197109
1 35.645 37.6216 0.0336702 0.019012
1 36.7515 37.6174 0.0313926 0.0193532
1 37.8608 37.6154 0.0530525 0.0248372
1 38.9742 37.6157 0.092641 0.0333308
1 40.0916 37.6178 0.116996 0.0383118
1 41.2118 37.6213 0.125643 0.03541
1 42.331 37.6257 0.121201 0.0416273
1 43.449 37.6313 0.104521 0.0372524
1 0.795415 38.5853 -0.103432 0.0420744
1 1.91377 38.5791 -0.11876 0.0465275
1 3.03307 38.5738 -0.123935 0.0396051
1 4.15331 38.5703 -0.111996 0.0385259
1 5.26983 38.5692 -0.0895687 0.0339481
1 6.38152 38.5709 -0.0587327 0.0267545
1 7.48947 38.5749 -0.0435578 0.0276606
1 8.59435 38.5807 -0.0433362 0.0289399
1 9.69718 38.5874 -0.0330856 0.025729
1 10.8002 38.5941 -0.022737 0.0222066
1 11.9039 38.6005 -0.0165536 0.0188477
1 13.008 38.6067 -0.0141231 0.0174859
1 14.1127 38.6132 -0.00889279 0.0214063
1 15.2168 38.6198 -0.0125059 0.0248175
1 16.321 38.6261 -0.00802716 0.0251789
1 17.4255 38.6323 -0.00032931 0.0228635
1 18.5296 38.6381 -0.00339006 0.0230159
1 19.634 38.6424 0.00509601 0.0182355
1 20.7394 38.6448 -0.00271621 0.00976817
1 21.8442 38.6456 -0.0106252 0.00917295
1 22.9486 38.6455 -0.000324404 0.0122737
1 24.0532 38.6443 0.00113407 0.014207
1 25.1574 38.6407 0.00852033 0.0181893
1 26.2621 38.6353 0.00660527 0.0244621
1 27.3669 38.6292 -0.000417514 0.0254421
1 28.4712 38.6229 0.0150665 0.0248548
1 29.5755 38.6164 0.0126377 0.022718
1 30.6799 38.6098 0.00952872 0.0206722
1 31.7842 38.6036 0.0136549 0.017662
1 32.8879 38.5972 0.0172839 0.0184991
1 33.9917 38.5905 0.0319594 0.0255258
1 35.0945 38.5838 0.0411069 0.028815
1 36.1981 38.5773 0.0410429 0.0263032
1 37.3044 38.5724 0.0453066 0.0278778
1 38.414 38.5697 0.0694754 0.0307183
1 39.5279 38.5695 0.0989713 0.0353404
1 40.6467 38.572 0.11844 0.0400112
1 41.7678 38.5764 0.118031 0.0447229
1 42.8867 38.582 0.0893785 0.043314
1 44.0128 38.5875 0.0290956 0.0352163
1 0.23068 39.5407 -0.0372248 0.0438202
1 1.35794 39.5349 -0.0940531 0.050882
1 2.47731 39.5285 -0.11926 0.0561029
1 3.59795 39.5241 -0.116955 0.0470352
1 4.71571 39.5231 -0.0974387 0.0402801
1 5.82771 39.5255 -0.074424 0.0369352
1 6.93551 39.5304 -0.0535328 0.0349716
1 8.04048 39.5367 -0.0442911 0.0307224
1 9.14369 39.5437 -0.0363923 0.0300615
1 10.2471 39.5501 -0.0235796 0.0255505
1 11.3512 39.5563 -0.0147357 0.0217125
1 12.4548 39.5627 -0.015338 0.0251337
1 13.5589 39.5692 -0.0158994 0.0264402
1 14.6635 39.5759 -0.0127722 0.0227471
1 15.7677 39.5826 -0.0137153 0.0276477
1 16.8723 39.5887 -0.00406976 0.0299452
1 17.9772 39.5948 -0.00434983 0.0237224
1 19.0821 39.6002 -0.00613254 0.0190106
1 20.1869 39.6035 -0.00268723 0.014274
1 21.2912 39.605 -0.000385465 0.0110481
1 22.3954 39.6055 0.0111164 0.00963584
1 23.5008 39.6048 0.00194512 0.0115756
1 24.6062 39.6024 -0.00559827 0.0175678
1 25.7109 39.5979 0.00636007 0.0236403
1 26.8157 39.592 0.00194384 0.0271641
1 27.9198 39.5856 0.00521862 0.029762
1 29.0241 39.5792 0.0133804 0.0275002
1 30.1287 39.5726 0.00807919 0.0248798
1 31.2329 39.566 0.016176 0.026061
1 32.3368 39.5595 0.0187794 0.0228619
1 33.4409 39.553 0.0200712 0.0215935
1 34.5446 39.5465 0.0318265 0.0266699
1 35.6477 39.5398 0.0467116 0.032049
1 36.7519 39.5331 0.0496924 0.0352538
1 37.8581 39.5276 0.0638805 0.0339738
1 38.9678 39.5238 0.0883888 0.037963
1 40.0824 39.5233 0.10838 0.043581
1 41.2017 39.5259 0.121819 0.0511272
1 42.3215 39.5316 0.118273 0.0578574
1 43.4405 39.5379 0.101814 0.0565781
1 0.803675 40.4894 -0.0975237 0.0641078
1 1.92298 40.4828 -0.119604 0.0650604
1 3.04236 40.4774 -0.122044 0.0534101
1 4.16008 40.4765 -0.110684 0.0436406
1 5.27258 40.4798 -0.0960059 0.0390163
1 6.38032 40.4855 -0.0716469 0.034215
1 7.48587 40.4921 -0.0490046 0.0327669
1 8.59045 40.4988 -0.0420075 0.0271925
1 9.69455 40.5053 -0.0260546 0.0233148
1 10.7985 40.5115 -0.0203186 0.02738
1 11.9022 40.518 -0.0191712 0.0271445
1 13.0057 40.5249 -0.0137687 0.0255774
1 14.1101 40.5313 -0.009445 0.0273267
1 15.2146 40.538 -0.0118941 0.0262927
1 16.319 40.5449 -0.00722443 0.0278763
1 17.4237 40.5512 -0.000734093 0.0268718
1 18.5284 40.5569 -0.00336899 0.0211718
1 19.6332 40.5615 -0.000868359 0.0128463
1 20.739 40.5642 -0.00558637 0.00794276
1 21.8445 40.5652 -0.00555301 0.00725401
1 22.9489 40.5651 0.00100018 0.00622751
1 24.0534 40.5635 0.00276783 0.0108612
1 25.1583 40.5597 0.00934637 0.0179766
1 26.2636 40.5542 0.0019499 0.0242708
1 27.3685 40.5481 0.00126054 0.0296261
1 28.4733 40.5414 0.0183258 0.0280753
1 29.5779 40.5344 0.0129522 0.0252417
1 30.6824 40.5279 0.0120259 0.027574
1 31.7865 40.5214 0.0188001 0.0272209
1 32.89 40.5145 0.0169169 0.0261104
1 33.9941 40.508 0.0211895 0.0256874
1 35.0978 40.5018 0.0289337 0.0254358
1 36.2015 40.4952 0.039824 0.0295188
1 37.3063 40.4885 0.0572438 0.0352811
1 38.4129 40.4822 0.0813963 0.0379269
1 39.5225 40.4778 0.102275 0.0382145
1 40.638 40.4765 0.115475 0.0478364
1 41.7576 40.4798 0.122057 0.0641092
1 42.8773 40.486 0.0982253 0.0622384
1 44.0058 40.4926 0.0447327 0.0593182
1 0.238404 41.4433 -0.0512243 0.0705948
1 1.3674 41.4366 -0.105392 0.0708416
1 2.48632 41.4312 -0.12595 0.0677891
1 3.6033 41.4303 -0.119796 0.0522046
1 4.71631 41.4344 -0.10915 0.0409997
1 5.82473 41.4408 -0.0821647 0.0393893
1 6.93111 41.4475 -0.0500035 0.0333346
1 8.03654 41.4539 -0.0337426 0.0269888
1 9.1407 41.4601 -0.0286625 0.0293873
1 10.2444 41.4668 -0.024237 0.032015
1 11.3483 41.4734 -0.0190313 0.0309375
1 12.4519 41.4801 -0.0144977 0.0299771
1 13.5561 41.4868 -0.0140229 0.031264
1 14.6608 41.4936 -0.0157531 0.0304738
1 15.7654 41.5006 -0.0138374 0.0293056
1 16.8704 41.5074 -0.00459212 0.0288639
1 17.9758 41.5138 -0.00471231 0.0267056
1 19.0808 41.5192 -0.00399157 0.0189937
1 20.1859 41.5231 -0.00366414 0.0092808
1 21.291 41.5253 -0.00497845 0.00816826
1 22.3957 41.5259 0.00546011 0.00640776
1 23.5011 41.5247 0.00505516 0.00563708
1 24.6071 41.5217 0.00281327 0.0166439
1 25.7124 41.5169 0.00629794 0.0265439
1 26.8171 41.5107 0.00312673 0.0280449
1 27.9222 41.504 0.00877538 0.0293929
1 29.027 41.4969 0.0112219 0.0301847
1 30.1314 41.49 0.0079665 0.0310812
1 31.2358 41.4834 0.0151997 0.0302447
1 32.3397 41.4766 0.0183735 0.0312377
1 33.4436 41.4699 0.02197 0.0324355
1 34.5473 41.4632 0.0279002 0.0308888
1 35.6511 41.4568 0.0335159 0.0293778
1 36.756 41.4506 0.0399547 0.0288156
1 37.8617 41.4438 0.0667427 0.0341269
1 38.9686 41.4372 0.0994611 0.042222
1 40.0788 41.4317 0.116623 0.0476501
1 41.1941 41.4299 0.125606 0.0579706
1 42.3123 41.4334 0.128502 0.0716443
1 43.4316 41.4395 0.108517 0.071254
1 0.813417 42.3893 -0.121123 0.0760703
1 1.93159 42.3848 -0.138133 0.0791961
1 3.0468 42.3844 -0.131875 0.06471
1 4.15953 42.3888 -0.115808 0.052657
1 5.26889 42.3954 -0.0954796 0.0428914
1 6.37622 42.4022 -0.0584799 0.0356683
1 7.4824 42.4086 -0.0388972 0.0366529
1 8.58725 42.4151 -0.03571 0.0417973
1 9.69066 42.4217 -0.0254363 0.0405554
1 10.7944 42.4284 -0.0204463 0.0397521
1 11.8984 42.435 -0.0198204 0.0400586
1 13.0022 42.4421 -0.0150872 0.0386775
1 14.1065 42.449 -0.0118849 0.0385328
1 15.2116 42.4559 -0.0145335 0.0378855
1 16.3166 42.4631 -0.00913113 0.0382929
1 17.4216 42.4701 -0.00489673 0.0367841
1 18.5269 42.4763 -0.008926 0.0337363
1 19.6323 42.4813 -0.00488549 0.024493
1 20.7383 42.4847 -0.00597811 0.0151987
1 21.8441 42.4863 -0.00545457 0.0126329
1 22.9493 42.4859 0.00428108 0.0137944
1 24.0544 42.4836 0.0086857 0.0217025
1 25.1598 42.4795 0.00873316 0.0307501
1 26.2654 42.4736 0.0030928 0.0352786
1 27.3709 42.4665 0.00820947 0.0402985
1 28.4762 42.4592 0.0162814 0.0376012
1 29.581 42.452 0.0115147 0.0373207
1 30.6857 42.4454 0.0159109 0.0403172
1 31.7901 42.4384 0.0194085 0.0398887
1 32.8936 42.4315 0.0166337 0.0392255
1 33.9976 42.4249 0.0251453 0.0417417
1 35.1011 42.4182 0.0346281 0.0418741
1 36.205 42.4116 0.0381304 0.0372857
1 37.3107 42.4051 0.04786 0.0362965
1 38.4176 42.3986 0.0774216 0.0409245
1 39.5256 42.3918 0.107769 0.0467507
1 40.6365 42.386 0.124704 0.0588338
1 41.7513 42.3835 0.132396 0.0762418
1 42.8687 42.3865 0.114143 0.0788772
1 43.9982 42.3914 0.0612673 0.0708562
1 0.245364 43.3398 -0.0793522 0.0630171
1 1.37392 43.3373 -0.129082 0.0817854
1 2.48875 43.3379 -0.1354 0.0786022
1 3.60158 43.3427 -0.120396 0.0577236
1 4.71234 43.3492 -0.0994412 0.0438745
1 5.82078 43.356 -0.0711904 0.0443605
1 6.92749 43.363 -0.0498426 0.0478908
1 8.03267 43.3698 -0.0417513 0.0491366
1 9.13668 43.3764 -0.0354625 0.0512024
1 10.2406 43.383 -0.0276098 0.0514696
1 11.3444 43.39 -0.0223047 0.0513103
1 12.4479 43.3969 -0.0212289 0.0532727
1 13.5523 43.4038 -0.0168502 0.0507596
1 14.6573 43.4109 -0.0162105 0.0507747
1 15.7623 43.4182 -0.0180479 0.0549231
1 16.8678 43.4256 -0.0100563 0.0544115
1 17.9735 43.4326 -0.00490425 0.0535578
1 19.0791 43.4386 -0.00873991 0.0494494
1 20.185 43.443 -0.00846163 0.0351864
1 21.2906 43.4457 -0.00508465 0.028701
1 22.3958 43.4465 0.00282667 0.0296789
1 23.502 43.4451 0.00712191 0.0319686
1 24.6085 43.4414 0.00910905 0.0448445
1 25.7139 43.4361 0.00856319 0.0545217
1 26.8195 43.4292 0.00840876 0.0528304
1 27.9252 43.4215 0.012903 0.0537514
1 29.0301 43.414 0.0148055 0.0538844
1 30.1352 43.407 0.0161861 0.0526595
1 31.2401 43.4002 0.0186569 0.0511387
1 32.3439 43.3931 0.0230597 0.0529509
1 33.4477 43.3864 0.0246489 0.0538842
1 34.5515 43.3797 0.0272224 0.0498671
1 35.6551 43.3728 0.0370589 0.0485423
1 36.7597 43.366 0.042897 0.0481647
1 37.8654 43.3593 0.0582631 0.0455464
1 38.9729 43.3525 0.0861726 0.0465649
1 40.0822 43.3458 0.111008 0.0542043
1 41.1936 43.3398 0.130399 0.0680098
1 42.3063 43.3368 0.145033 0.083758
1 43.4228 43.3381 0.138683 0.0763318
1 0.818048 44.2886 -0.15224 0.068095
1 1.9325 44.2916 -0.14179 0.0673617
1 3.04452 44.2966 -0.120456 0.0455798
1 4.15635 44.3035 -0.100669 0.0344308
1 5.26563 44.3109 -0.0832271 0.0380556
1 6.37247 44.3184 -0.0621004 0.0411171
1 7.47814 44.3253 -0.0432833 0.0441786
1 8.58294 44.3321 -0.0368896 0.0472783
1 9.68678 44.3391 -0.030804 0.0500957
1 10.7904 44.346 -0.0258407 0.0529757
1 11.8942 44.353 -0.0240403 0.0541965
1 12.9981 44.3599 -0.0220703 0.0548993
1 14.1028 44.3669 -0.019257 0.0583276
1 15.208 44.3742 -0.0187197 0.0607703
1 16.3133 44.3815 -0.0158196 0.0646742
1 17.419 44.3891 -0.00836316 0.0658681
1 18.5248 44.3961 -0.00765435 0.0677157
1 19.6308 44.4013 -0.00885681 0.059168
1 20.7375 44.4051 -0.010056 0.0435243
1 21.8438 44.4074 -0.00275438 0.037519
1 22.9496 44.407 0.00889038 0.0416633
1 24.0557 44.404 0.00976236 0.05337
1 25.1618 44.3993 0.00772632 0.0657325
1 26.268 44.3929 0.00665478 0.0667457
1 27.374 44.385 0.0113752 0.0648711
1 28.4794 44.3773 0.0197901 0.0622729
1 29.5847 44.3701 0.020391 0.0597897
1 30.6897 44.3631 0.0203775 0.0576924
1 31.7938 44.3562 0.0236977 0.0552099
1 32.8977 44.3493 0.0267361 0.0543151
1 34.0017 44.3424 0.0299682 0.0526857
1 35.1053 44.3354 0.0363166 0.0476776
1 36.2097 44.3284 0.039643 0.0444181
1 37.3148 44.3217 0.0483081 0.0436933
1 38.421 44.3144 0.072988 0.0393538
1 39.5291 44.3072 0.0946861 0.037411
1 40.6401 44.3003 0.113529 0.0412434
1 41.7527 44.2941 0.130934 0.0601417
1 42.8659 44.2893 0.137346 0.0695086
1 43.9934 44.2879 0.101017 0.052604
1 0.24489 45.2375 -0.129482 0.0529907
1 1.37131 45.2443 -0.136252 0.0488087
1 2.48548 45.2514 -0.1242 0.03885
1 3.59872 45.2594 -0.109457 0.0307179
1 4.7094 45.2681 -0.0951834 0.0332623
1 5.81704 45.2762 -0.0725455 0.0395579
1 6.92354 45.2838 -0.0471225 0.0445305
1 8.02854 45.2909 -0.0362292 0.0492456
1 9.1325 45.2981 -0.0368378 0.0542922
1 10.2364 45.3054 -0.0290226 0.0599587
1 11.3402 45.3124 -0.0246206 0.0630697
1 12.4441 45.3194 -0.0286726 0.0672174
1 13.5484 45.3265 -0.0235568 0.0705748
1 14.6532 45.3335 -0.0193735 0.074924
1 15.7583 45.3405 -0.0211756 0.081593
1 16.864 45.3484 -0.0146097 0.0837658
1 17.9702 45.3561 -0.00248741 0.089247
1 19.0762 45.3621 -0.0068477 0.0918499
1 20.183 45.3668 -0.0119501 0.0768651
1 21.2899 45.3701 -0.00431469 0.0598097
1 22.3963 45.3713 0.00293075 0.0570419
1 23.5034 45.3695 0.00755716 0.0681245
1 24.6105 45.3651 0.0100241 0.0885117
1 25.7169 45.3594 0.00666488 0.094434
1 26.8232 45.3522 0.00785654 0.0841203
1 27.9289 45.3437 0.0163451 0.0814727
1 29.0342 45.3364 0.0216373 0.0801659
1 30.1396 45.3297 0.0194762 0.0735024
1 31.2437 45.3227 0.0221491 0.0688092
1 32.3475 45.3156 0.0282516 0.0655584
1 33.4517 45.3086 0.0264295 0.0612077
1 34.5554 45.3015 0.0323323 0.0554757
1 35.6593 45.294 0.0417889 0.0527809
1 36.7642 45.2871 0.0440826 0.0481063
1 37.87 45.2799 0.0608564 0.0410263
1 38.977 45.2721 0.0876255 0.0383725
1 40.0862 45.264 0.107558 0.0351078
1 41.1981 45.2561 0.120212 0.0334085
1 42.3105 45.2485 0.138595 0.0413748
1 43.4242 45.2395 0.160818 0.0516584
1 0.810963 46.1939 -0.142559 0.031907
1 1.92584 46.2064 -0.140484 0.0444782
1 3.03935 46.2162 -0.130516 0.0382162
1 4.15168 46.2267 -0.110173 0.0426504
1 5.26086 46.2365 -0.0841549 0.0536336
1 6.36793 46.2448 -0.0639128 0.0617978
1 7.47372 46.253 -0.0466587 0.0721341
1 8.57822 46.2603 -0.0408905 0.0805013
1 9.68238 46.2681 -0.0344886 0.0820592
1 10.7861 46.2758 -0.0295372 0.0951693
1 11.89 46.2823 -0.0301779 0.10013
1 12.9941 46.29 -0.0252407 0.0988372
1 14.0983 46.2975 -0.0220726 0.112821
1 15.2031 46.3038 -0.0212747 0.118854
1 16.3083 46.3112 -0.0181219 0.119146
1 17.4141 46.3197 -0.0113104 0.127656
1 18.5205 46.3267 -0.00620657 0.139829
1 19.6272 46.3316 -0.00621962 0.132998
1 20.7352 46.3357 -0.00436774 0.11002
1 21.8432 46.3386 -0.000233797 0.0984393
1 22.9507 46.3379 0.00243561 0.102784
1 24.0587 46.3345 0.00619293 0.124973
1 25.166 46.33 0.00646239 0.141771
1 26.2727 46.3235 0.00636221 0.133022
1 27.3789 46.3149 0.0139323 0.121799
1 28.4842 46.3068 0.0244291 0.119879
1 29.5894 46.3002 0.0240316 0.11531
1 30.6941 46.2934 0.0244936 0.103913
1 31.7982 46.2858 0.0305626 0.0999515
1 32.9023 46.2788 0.0282893 0.0969954
1 34.006 46.2715 0.0289744 0.0875227
1 35.1098 46.2638 0.0396961 0.0830116
1 36.2142 46.2564 0.0428502 0.0755711
1 37.3194 46.2485 0.0536467 0.0669755
1 38.4262 46.2405 0.0772949 0.0599219
1 39.5346 46.2318 0.103316 0.0476387
1 40.6462 46.222 0.126167 0.042651
1 41.7604 46.2119 0.139626 0.0374212
1 42.8758 46.2007 0.140736 0.024313
1 44.0018 46.184 0.144279 0.037694
1 0.234001 47.1406 -0.13658 0.0071577
1 1.35724 47.1646 -0.162851 0.0534232
1 2.47415 47.1761 -0.166261 0.0488649
1 3.58953 47.1883 -0.140383 0.0507813
1 4.70181 47.2005 -0.113498 0.0647964
1 5.81047 47.2102 -0.0887919 0.0860082
1 6.91699 47.2195 -0.0642581 0.0941057
1 8.02226 47.228 -0.0493251 0.110566
1 9.12655 47.2352 -0.0483426 0.115647
1 10.2304 47.2445 -0.0384592 0.122166
1 11.3343 47.2517 -0.0367172 0.140008
1 12.4384 47.2582 -0.0373503 0.13982
1 13.5424 47.267 -0.0314845 0.145212
1 14.6474 47.274 -0.0312801 0.162566
1 15.7524 47.2798 -0.0250516 0.166548
1 16.8569 47.2886 -0.0226619 0.168365
1 17.9634 47.2971 -0.0109002 0.184094
1 19.0709 47.3023 -0.00390174 0.190694
1 20.179 47.3063 0.00104853 0.174711
1 21.2879 47.31 0.00768494 0.151487
1 22.3969 47.3112 -0.00524784 0.147578
1 23.5064 47.3091 -0.00513692 0.167373
1 24.6152 47.3051 0.00366845 0.187272
1 25.723 47.3002 0.00690425 0.189089
1 26.8303 47.2928 0.0198973 0.175228
1 27.9357 47.2835 0.025074 0.165931
1 29.0401 47.2761 0.0280137 0.164054
1 30.1453 47.2701 0.0297011 0.154181
1 31.2496 47.2623 0.0342803 0.141125
1 32.3535 47.2544 0.0356288 0.13872
1 33.4575 47.2477 0.0374567 0.132212
1 34.5617 47.2395 0.0502065 0.120173
1 35.666 47.2313 0.0492296 0.112597
1 36.7708 47.2233 0.0579767 0.099983
1 37.877 47.2145 0.0783027 0.0910628
1 38.9849 47.2053 0.103353 0.0759648
1 40.0958 47.1944 0.12737 0.0584781
1 41.2102 47.1829 0.148518 0.0497538
1 42.3257 47.1704 0.150686 0.046002
1 43.4428 47.1539 0.137049 0.0245967
