1 0.605662 0.171268 -0.0778431 -0.0930695
1 1.72405 0.164367 -0.0683388 -0.0771198
1 2.83911 0.160398 -0.0586923 -0.0950956
1 3.95391 0.159399 -0.0647849 -0.0844214
1 5.07014 0.156011 -0.0832128 -0.0828504
1 6.18665 0.15498 -0.0781001 -0.100207
1 7.30257 0.157231 -0.0659694 -0.111188
1 8.41767 0.160702 -0.0624708 -0.117587
1 9.53285 0.163912 -0.0622183 -0.108088
1 10.6494 0.163292 -0.0579907 -0.0758979
1 11.7663 0.159266 -0.055198 -0.0476751
1 12.8832 0.154816 -0.0497012 -0.0177813
1 14.0007 0.151672 -0.0550143 0.000178899
1 15.1177 0.150462 -0.0718846 -0.000175561
1 16.2358 0.146685 -0.0878144 -0.000403889
1 17.3565 0.139352 -0.0966894 -0.00615896
1 18.4781 0.133437 -0.0842602 -0.00292271
1 19.6003 0.130713 -0.0665392 0.0115002
1 20.7205 0.128612 -0.0438573 0.0041394
1 21.8399 0.126746 -0.00930178 -0.0142196
1 22.9596 0.127386 0.0239914 -0.00602867
1 24.0789 0.130052 0.0537122 0.0116516
1 25.1999 0.132084 0.0747687 0.00298581
1 26.3219 0.135224 0.0929476 -0.00592447
1 27.4435 0.142707 0.0958342 0.00114017
1 28.5633 0.149631 0.0823704 -0.00222416
1 29.6805 0.151666 0.0627125 -0.00481999
1 30.7976 0.154036 0.0517498 -0.00498131
1 31.9147 0.158526 0.0553607 -0.0326811
1 33.0318 0.162453 0.061783 -0.0596238
1 34.1487 0.16528 0.0597383 -0.0913672
1 35.2647 0.16227 0.0624212 -0.125573
1 36.3801 0.156676 0.0651385 -0.119761
1 37.4964 0.154315 0.0691259 -0.102633
1 38.6125 0.155012 0.0787178 -0.0869574
1 39.7285 0.158588 0.0717938 -0.0750544
1 40.8437 0.16301 0.0564943 -0.0860525
1 41.9575 0.163453 0.0606121 -0.107394
1 43.0732 0.16537 0.0736508 -0.0908384
1 44.1954 0.181081 0.0830088 -0.0725595
1 0.0488833 1.14271 -0.0696365 -0.0820113
1 1.17103 1.13226 -0.0810623 -0.091925
1 2.28561 1.12883 -0.0644454 -0.0890938
1 3.39949 1.12673 -0.0618573 -0.0842528
1 4.51408 1.12379 -0.06592 -0.074199
1 5.62865 1.12169 -0.0660219 -0.0900041
1 6.74329 1.12305 -0.059452 -0.103745
1 7.85823 1.1252 -0.0651729 -0.110664
1 8.97418 1.1281 -0.0700788 -0.109737
1 10.092 1.12949 -0.0721258 -0.089124
1 11.2102 1.12724 -0.0729593 -0.0607296
1 12.3278 1.12317 -0.0670694 -0.0287099
1 13.4453 1.11965 -0.0646584 -0.00491258
1 14.5623 1.11696 -0.0731896 0.00784602
1 15.6808 1.11423 -0.0849673 0.0064945
1 16.8015 1.1084 -0.0912496 -0.000993338
1 17.9218 1.10167 -0.0892643 -0.00397546
1 19.0421 1.09796 -0.0766147 -0.000194218
1 20.1623 1.09575 -0.0520562 0.00425307
1 21.281 1.09402 -0.0229827 -0.0074069
1 22.3992 1.09383 0.00610115 -0.0151443
1 23.5179 1.095 0.0349723 -0.00200035
1 24.6371 1.09709 0.0641507 0.00330373
1 25.7574 1.09925 0.0861136 -0.00260044
1 26.878 1.10415 0.0952825 -0.00162913
1 27.9987 1.11143 0.0897857 0.00460028
1 29.1183 1.11619 0.0726556 0.00735932
1 30.2355 1.11922 0.0629531 0.000368411
1 31.3525 1.12288 0.0631782 -0.0158177
1 32.4699 1.12664 0.0749684 -0.0438563
1 33.5881 1.1295 0.0822829 -0.0769383
1 34.7072 1.12918 0.0750242 -0.102661
1 35.8244 1.12543 0.0658975 -0.116785
1 36.9396 1.12219 0.059583 -0.10544
1 38.0541 1.12161 0.0601359 -0.0900948
1 39.1686 1.12335 0.0670148 -0.077604
1 40.2831 1.12699 0.0708361 -0.0792657
1 41.398 1.12967 0.0700406 -0.0888988
1 42.5115 1.13129 0.0666486 -0.0946909
1 43.6247 1.13637 0.0634011 -0.0814044
1 0.619681 2.09816 -0.061398 -0.0797027
1 1.73314 2.09203 -0.0744119 -0.0915485
1 2.84604 2.08981 -0.0670923 -0.0939926
1 3.95955 2.08758 -0.0657383 -0.0861172
1 5.07307 2.08498 -0.0682111 -0.0891394
1 6.18638 2.0852 -0.0606292 -0.100942
1 7.30069 2.08645 -0.0607425 -0.103863
1 8.41583 2.08777 -0.0674731 -0.107566
1 9.53292 2.08869 -0.0785086 -0.0980161
1 10.6528 2.08859 -0.087947 -0.0816219
1 11.772 2.08659 -0.0866284 -0.0507585
1 12.8901 2.08303 -0.0759986 -0.0186419
1 14.008 2.08 -0.0740394 -6.09501e-05
1 15.1261 2.07666 -0.0777301 0.004408
1 16.2454 2.07232 -0.0829948 -0.000620766
1 17.3655 2.06678 -0.0866983 -0.00885151
1 18.485 2.06211 -0.0809276 -0.00943978
1 19.6042 2.05947 -0.0623177 -0.00604818
1 20.7226 2.05787 -0.0351021 -0.0121506
1 21.8404 2.05714 -0.00730056 -0.01768
1 22.9579 2.0576 0.0175886 -0.0139949
1 24.0758 2.05894 0.0482135 -0.0105434
1 25.195 2.0607 0.0716154 -0.00952902
1 26.3143 2.06376 0.0820764 -0.00671868
1 27.4337 2.0691 0.0878998 -0.00445269
1 28.5539 2.07453 0.0855725 0.000325739
1 29.6723 2.07906 0.0741439 0.00505084
1 30.7897 2.08291 0.076599 -0.00681413
1 31.9083 2.08635 0.0847359 -0.0349803
1 33.0271 2.08893 0.0888218 -0.0687674
1 34.147 2.08908 0.0865874 -0.0946764
1 35.2662 2.0876 0.0783829 -0.106254
1 36.3822 2.08558 0.0682146 -0.105459
1 37.4972 2.08446 0.0607549 -0.0968787
1 38.6116 2.08534 0.0633698 -0.0892286
1 39.7249 2.08755 0.0609541 -0.0856441
1 40.8385 2.09011 0.0522083 -0.0879895
1 41.952 2.09242 0.0594258 -0.0944447
1 43.0653 2.09616 0.0611505 -0.083362
1 44.1863 2.09836 0.056172 -0.0866958
1 0.0590048 3.06054 -0.0724277 -0.0809366
1 1.17984 3.05747 -0.066428 -0.0775302
1 2.29234 3.05313 -0.0597665 -0.102885
1 3.4047 3.05138 -0.0578093 -0.0927728
1 4.51747 3.04875 -0.0650922 -0.0884158
1 5.63014 3.04809 -0.0701704 -0.101097
1 6.74383 3.04886 -0.0667504 -0.102766
1 7.8582 3.04857 -0.0679669 -0.0931193
1 8.97437 3.04775 -0.0790569 -0.0945481
1 10.0933 3.04728 -0.0927584 -0.0919211
1 11.2135 3.04695 -0.0998231 -0.0721286
1 12.3337 3.04509 -0.095055 -0.0404708
1 13.4532 3.04237 -0.0876838 -0.0177628
1 14.5713 3.03925 -0.0765277 -0.00316727
1 15.6894 3.03563 -0.0752585 -0.00676392
1 16.8082 3.03132 -0.077804 -0.0137243
1 17.927 3.02697 -0.074414 -0.0143494
1 19.0459 3.02391 -0.0652844 -0.016316
1 20.1643 3.02197 -0.0461851 -0.0175942
1 21.2818 3.02116 -0.0202223 -0.0210123
1 22.3991 3.02119 0.0058324 -0.0223168
1 23.5165 3.02161 0.0291156 -0.0174842
1 24.6344 3.02321 0.0540283 -0.0179282
1 25.7531 3.02526 0.0720555 -0.0151833
1 26.8718 3.02852 0.0780735 -0.0141663
1 27.9904 3.0334 0.0778427 -0.0131971
1 29.1089 3.0377 0.0734221 -0.00507003
1 30.2267 3.04144 0.0772801 -0.00766691
1 31.3452 3.04502 0.0932111 -0.0254006
1 32.4655 3.04777 0.107196 -0.0556304
1 33.5865 3.04808 0.102081 -0.0867192
1 34.7063 3.04724 0.0823467 -0.0949655
1 35.8236 3.04742 0.0714279 -0.0973065
1 36.9386 3.04734 0.0636224 -0.10022
1 38.0522 3.04771 0.0656413 -0.0924322
1 39.1654 3.04927 0.0742313 -0.0900876
1 40.2789 3.05111 0.0735949 -0.0929506
1 41.3922 3.05355 0.0744853 -0.0989743
1 42.5058 3.05613 0.0787122 -0.0930335
1 43.6211 3.06081 0.0835158 -0.102767
1 0.624275 4.02332 -0.0916696 -0.0951891
1 1.73928 4.01836 -0.082668 -0.0915124
1 2.85182 4.01527 -0.0819599 -0.0897185
1 3.96541 4.01291 -0.0848296 -0.0899032
1 5.07759 4.01188 -0.0777889 -0.0933417
1 6.18976 4.0122 -0.0724167 -0.0939173
1 7.30317 4.01161 -0.0732315 -0.0855866
1 8.41783 4.00879 -0.0788195 -0.0791371
1 9.53465 4.00625 -0.0884837 -0.0762703
1 10.6547 4.00545 -0.115997 -0.0745818
1 11.7761 4.00499 -0.12221 -0.0568891
1 12.8968 4.00353 -0.10468 -0.0318982
1 14.0159 4.00146 -0.0830778 -0.0173876
1 15.1334 3.99885 -0.0667869 -0.00954109
1 16.2508 3.99568 -0.0672321 -0.0127945
1 17.3686 3.99226 -0.0715179 -0.0156706
1 18.4868 3.9889 -0.067405 -0.0147402
1 19.6052 3.98669 -0.0523385 -0.0167216
1 20.723 3.98573 -0.032248 -0.0198594
1 21.8402 3.98543 -0.00678969 -0.0195123
1 22.9576 3.98549 0.0173357 -0.017186
1 24.0752 3.98632 0.0399039 -0.0173618
1 25.1935 3.98798 0.0617861 -0.0153173
1 26.3121 3.99036 0.0716418 -0.015412
1 27.4302 3.99382 0.073035 -0.0156963
1 28.5479 3.99753 0.0703404 -0.0122661
1 29.6646 4.0006 0.0710938 -0.0119545
1 30.7818 4.00334 0.0870437 -0.0216104
1 31.9019 4.00572 0.110288 -0.0417049
1 33.0238 4.00651 0.123417 -0.0689311
1 34.1452 4.00621 0.106946 -0.0800105
1 35.2635 4.00721 0.0860437 -0.0808845
1 36.3789 4.00926 0.0862048 -0.0856972
1 37.4935 4.01064 0.0806301 -0.0880608
1 38.607 4.01173 0.0780693 -0.0885088
1 39.7198 4.01294 0.0760166 -0.0853034
1 40.8321 4.01529 0.067568 -0.0888847
1 41.9453 4.01733 0.0754284 -0.0978601
1 43.0583 4.02223 0.0849062 -0.0959277
1 44.1794 4.02807 0.0737314 -0.111095
1 0.0670607 4.99165 -0.075443 -0.107855
1 1.18769 4.9842 -0.0886088 -0.0937084
1 2.30073 4.97956 -0.0818814 -0.0901289
1 3.41334 4.97633 -0.0716516 -0.0906294
1 4.52469 4.97617 -0.0697905 -0.0977509
1 5.63584 4.97628 -0.0790869 -0.0972169
1 6.74919 4.97537 -0.0866643 -0.0856081
1 7.86385 4.9722 -0.0921036 -0.0729371
1 8.9793 4.96764 -0.0990468 -0.0665379
1 10.0974 4.96413 -0.114368 -0.0695639
1 11.2181 4.96349 -0.124706 -0.0660601
1 12.3397 4.96367 -0.117899 -0.0530357
1 13.4597 4.96301 -0.0979632 -0.0371747
1 14.5764 4.96186 -0.0738546 -0.0237257
1 15.6925 4.95991 -0.0691829 -0.0215867
1 16.8094 4.9573 -0.0693075 -0.0210882
1 17.9271 4.95458 -0.0695257 -0.0180462
1 19.0455 4.9523 -0.0645298 -0.0238668
1 20.1639 4.9508 -0.044551 -0.0235305
1 21.2816 4.9502 -0.0208324 -0.0202546
1 22.3993 4.95007 0.00420106 -0.0231463
1 23.5172 4.95046 0.0297865 -0.0222102
1 24.6348 4.95158 0.0521702 -0.0219423
1 25.7529 4.95354 0.0697382 -0.020617
1 26.8713 4.956 0.0750433 -0.0198415
1 27.9883 4.95897 0.0698557 -0.0209727
1 29.1046 4.96138 0.0643504 -0.0226561
1 30.221 4.9629 0.0793413 -0.0306556
1 31.3392 4.96441 0.108767 -0.0438204
1 32.4601 4.96503 0.132388 -0.0628072
1 33.582 4.96424 0.130142 -0.071596
1 34.7019 4.96585 0.0996653 -0.0653549
1 35.8177 4.97007 0.0832398 -0.0749052
1 36.9315 4.97308 0.0850178 -0.086895
1 38.0448 4.97484 0.08906 -0.0905504
1 39.1576 4.97553 0.095316 -0.092757
1 40.2699 4.9766 0.0962814 -0.0899571
1 41.3829 4.97862 0.0997556 -0.087664
1 42.4953 4.98312 0.101126 -0.0890962
1 43.6101 4.98938 0.107605 -0.0933799
1 0.637306 5.95181 -0.104379 -0.0903601
1 1.75093 5.94495 -0.102535 -0.086385
1 2.86287 5.94098 -0.0945297 -0.0970648
1 3.9739 5.94022 -0.0924092 -0.111279
1 5.08518 5.94078 -0.0969725 -0.105428
1 6.19779 5.93989 -0.0983143 -0.093045
1 7.3121 5.93663 -0.101803 -0.0825814
1 8.42699 5.93147 -0.100903 -0.0698287
1 9.54315 5.92554 -0.109184 -0.0630184
1 10.6613 5.92264 -0.129547 -0.0766663
1 11.7813 5.92339 -0.13558 -0.074214
1 12.902 5.92431 -0.116095 -0.0600002
1 14.0199 5.92437 -0.0881721 -0.0476852
1 15.1358 5.92399 -0.071276 -0.0353231
1 16.2515 5.92269 -0.0743936 -0.0299592
1 17.368 5.92049 -0.0817709 -0.0293265
1 18.4862 5.91838 -0.0808347 -0.0283886
1 19.6045 5.917 -0.0620573 -0.0306086
1 20.7224 5.91592 -0.0381344 -0.0304992
1 21.8402 5.91518 -0.00907523 -0.0295193
1 22.958 5.91561 0.0248834 -0.0290012
1 24.076 5.91652 0.0505584 -0.0294974
1 25.1941 5.91782 0.0680544 -0.0281265
1 26.3126 5.91976 0.0793387 -0.0275092
1 27.4302 5.92183 0.0823757 -0.0301778
1 28.5465 5.92368 0.076595 -0.0337304
1 29.6618 5.92486 0.080989 -0.0433508
1 30.7778 5.92515 0.10106 -0.0547979
1 31.8971 5.92478 0.118692 -0.065261
1 33.0181 5.92369 0.130675 -0.0771467
1 34.1375 5.92414 0.123121 -0.0726473
1 35.2548 5.9289 0.106469 -0.063549
1 36.37 5.93428 0.10076 -0.0758306
1 37.4843 5.93835 0.0930986 -0.0917951
1 38.5973 5.93966 0.0842963 -0.107839
1 39.7083 5.93999 0.0787202 -0.103144
1 40.8184 5.94081 0.079841 -0.0994708
1 41.9294 5.94405 0.0937619 -0.0903875
1 43.0414 5.94947 0.106457 -0.0882273
1 44.1607 5.95958 0.0992981 -0.084007
1 0.0863844 6.91988 -0.0967477 -0.0742823
1 1.20549 6.91259 -0.102996 -0.0821388
1 2.3162 6.90726 -0.0868962 -0.0935619
1 3.42571 6.90606 -0.0729118 -0.102283
1 4.53493 6.90584 -0.0861627 -0.103391
1 5.64664 6.90481 -0.103857 -0.0951324
1 6.7615 6.90145 -0.114207 -0.0789706
1 7.87701 6.89617 -0.115297 -0.068306
1 8.99218 6.88986 -0.113507 -0.0612836
1 10.1081 6.88473 -0.118394 -0.0708403
1 11.225 6.88393 -0.127703 -0.0787485
1 12.3442 6.88515 -0.127296 -0.0719591
1 13.4634 6.88648 -0.11276 -0.0602025
1 14.5794 6.88727 -0.0918553 -0.0495447
1 15.6943 6.88737 -0.0880921 -0.0406498
1 16.8103 6.88627 -0.0898432 -0.0346701
1 17.928 6.88466 -0.0900984 -0.0331663
1 19.0463 6.88333 -0.080891 -0.0341078
1 20.1642 6.88222 -0.0565022 -0.0303252
1 21.2821 6.88134 -0.0294415 -0.0315863
1 22.3992 6.88123 0.00566972 -0.0350092
1 23.5165 6.88196 0.0416715 -0.0319674
1 24.6344 6.88284 0.0681882 -0.0311285
1 25.7525 6.88423 0.0887992 -0.0329313
1 26.8706 6.88585 0.0970417 -0.0336699
1 27.987 6.88709 0.0896607 -0.0384115
1 29.1026 6.88772 0.0800128 -0.0450188
1 30.2184 6.88742 0.093208 -0.0541197
1 31.3356 6.88659 0.116988 -0.0661852
1 32.4544 6.88555 0.132144 -0.0775081
1 33.5724 6.88485 0.129115 -0.0759117
1 34.6888 6.88759 0.114357 -0.0625984
1 35.8044 6.89344 0.113961 -0.0667302
1 36.9194 6.89904 0.118689 -0.0735969
1 38.0346 6.90361 0.117251 -0.0877853
1 39.1478 6.90536 0.10325 -0.105414
1 40.2577 6.9058 0.0921362 -0.108147
1 41.3674 6.90689 0.0937826 -0.0946652
1 42.4778 6.9107 0.10598 -0.0870765
1 43.5902 6.91755 0.109584 -0.0812152
1 0.653969 7.87935 -0.100179 -0.0785414
1 1.76653 7.87509 -0.0970815 -0.0859992
1 2.87581 7.87275 -0.0860864 -0.0975383
1 3.98544 7.87193 -0.0937066 -0.0904898
1 5.09719 7.86981 -0.118087 -0.0825647
1 6.21227 7.86615 -0.129495 -0.0703448
1 7.32842 7.86077 -0.124524 -0.0670393
1 8.44337 7.85517 -0.106302 -0.0652141
1 9.55757 7.84975 -0.102329 -0.0647808
1 10.672 7.84706 -0.115312 -0.073929
1 11.7878 7.84743 -0.123707 -0.0730629
1 12.9057 7.84862 -0.11876 -0.0659269
1 14.0227 7.84966 -0.095497 -0.0588374
1 15.1384 7.85095 -0.0805935 -0.0478238
1 16.2536 7.85167 -0.0932425 -0.0380811
1 17.37 7.8511 -0.101898 -0.0365387
1 18.4885 7.85008 -0.0947647 -0.0329893
1 19.6063 7.84907 -0.0720415 -0.0294625
1 20.7235 7.84832 -0.0433419 -0.0316109
1 21.8406 7.84807 -0.0085815 -0.031149
1 22.9571 7.84837 0.0270353 -0.0287948
1 24.0744 7.8489 0.057176 -0.031277
1 25.1924 7.84973 0.0839932 -0.0331264
1 26.3106 7.85077 0.0951846 -0.0340549
1 27.4283 7.85158 0.0965109 -0.0377815
1 28.5445 7.85155 0.0898645 -0.0435605
1 29.6596 7.85075 0.0930424 -0.0533135
1 30.7747 7.84977 0.111235 -0.0622908
1 31.8923 7.8488 0.115609 -0.0675563
1 33.0099 7.84805 0.112864 -0.0719415
1 34.1249 7.84906 0.107877 -0.0702039
1 35.2392 7.85307 0.104977 -0.0664192
1 36.3535 7.85824 0.111985 -0.0646622
1 37.4687 7.86383 0.122775 -0.0687162
1 38.5848 7.86842 0.116651 -0.0788225
1 39.6978 7.87126 0.090248 -0.0867349
1 40.807 7.87273 0.0655605 -0.095253
1 41.9155 7.87431 0.0756823 -0.0935807
1 43.0252 7.87866 0.0834393 -0.077781
1 44.1444 7.88299 0.0686994 -0.0714671
1 0.097177 8.84495 -0.0587521 -0.0795318
1 1.21575 8.84193 -0.0722543 -0.0877829
1 2.32606 8.83992 -0.0675725 -0.0940683
1 3.43548 8.83794 -0.0723882 -0.0876962
1 4.54668 8.83418 -0.0958236 -0.074157
1 5.66118 8.82969 -0.112704 -0.0751876
1 6.77752 8.82498 -0.109966 -0.0782796
1 7.89214 8.82014 -0.098407 -0.0783306
1 9.00521 8.8157 -0.086198 -0.0812551
1 10.1185 8.81246 -0.0900206 -0.0819253
1 11.2322 8.8113 -0.0937748 -0.078883
1 12.3481 8.81152 -0.101855 -0.071664
1 13.4652 8.81236 -0.104427 -0.067338
1 14.5799 8.81329 -0.0862744 -0.0642627
1 15.6945 8.81463 -0.0846742 -0.053502
1 16.811 8.81563 -0.0962327 -0.0413016
1 17.9294 8.81585 -0.0970957 -0.0383056
1 19.0479 8.81534 -0.0837055 -0.0356835
1 20.1654 8.81481 -0.0600152 -0.0291126
1 21.2829 8.81462 -0.0305739 -0.0290636
1 22.3992 8.81462 0.00686556 -0.0302025
1 23.5157 8.8149 0.0375895 -0.029929
1 24.6332 8.81537 0.0694719 -0.0326729
1 25.751 8.8157 0.096086 -0.0378752
1 26.8695 8.81596 0.103483 -0.0406551
1 27.9865 8.81549 0.0957222 -0.0463303
1 29.1019 8.81417 0.0800882 -0.0599166
1 30.2173 8.81295 0.0874152 -0.0665777
1 31.3336 8.81247 0.101347 -0.0673857
1 32.4501 8.81236 0.103182 -0.073936
1 33.5642 8.81279 0.0952095 -0.0769576
1 34.6772 8.815 0.0811986 -0.0787608
1 35.7903 8.81861 0.0847513 -0.0835379
1 36.9035 8.82284 0.104586 -0.0795513
1 38.0191 8.82755 0.117989 -0.0737487
1 39.1353 8.8324 0.115391 -0.0734002
1 40.2481 8.83674 0.0938515 -0.0828743
1 41.3584 8.83974 0.0754521 -0.0926383
1 42.468 8.84176 0.0758165 -0.0872968
1 43.5807 8.8438 0.0781664 -0.0817794
1 0.659229 9.8078 -0.0705159 -0.090422
1 1.77161 9.80685 -0.0750999 -0.0934739
1 2.88275 9.80471 -0.0741887 -0.0817398
1 3.99479 9.80014 -0.0900404 -0.0796808
1 5.10818 9.79457 -0.104703 -0.0824799
1 6.22329 9.78992 -0.0972683 -0.0917759
1 7.33808 9.78633 -0.0847996 -0.101474
1 8.45083 9.78304 -0.0668278 -0.104916
1 9.56289 9.78009 -0.0652066 -0.098299
1 10.6756 9.77828 -0.0801656 -0.093605
1 11.789 9.77768 -0.0867094 -0.0844079
1 12.9049 9.77694 -0.0896369 -0.0753752
1 14.0207 9.77677 -0.0788726 -0.0758469
1 15.1357 9.77772 -0.0737681 -0.0753044
1 16.2512 9.77904 -0.092278 -0.0667538
1 17.3685 9.78043 -0.101307 -0.0587019
1 18.4878 9.78141 -0.0924986 -0.0518305
1 19.6063 9.78126 -0.0725153 -0.0457116
1 20.7238 9.78114 -0.0438897 -0.0427941
1 21.8407 9.78155 -0.00576582 -0.0416305
1 22.9571 9.78139 0.027162 -0.039958
1 24.0747 9.78136 0.0564754 -0.0438298
1 25.1926 9.78162 0.0880535 -0.0498453
1 26.3117 9.7811 0.0951478 -0.0554853
1 27.4307 9.78003 0.0936012 -0.0616368
1 28.5474 9.77856 0.0816907 -0.0712141
1 29.6622 9.77734 0.0769458 -0.0787836
1 30.7764 9.77719 0.0905518 -0.0745584
1 31.8924 9.77803 0.082855 -0.0747322
1 33.0072 9.77894 0.0725143 -0.085376
1 34.1201 9.78013 0.0711504 -0.0967891
1 35.233 9.78235 0.0684436 -0.10219
1 36.3452 9.7852 0.0778621 -0.102999
1 37.459 9.78841 0.0878924 -0.098199
1 38.5742 9.79221 0.0902376 -0.0864283
1 39.6882 9.79782 0.0862428 -0.0756219
1 40.8004 9.80321 0.0646063 -0.0788927
1 41.9117 9.80635 0.0610206 -0.0887899
1 43.0232 9.80789 0.064415 -0.090004
1 44.1425 9.80746 0.0472284 -0.0798499
1 0.0962117 10.7706 -0.0486409 -0.0826729
1 1.21641 10.7731 -0.0664193 -0.0830544
1 2.32874 10.7716 -0.0657543 -0.0828932
1 3.44077 10.7676 -0.0578579 -0.0741755
1 4.55287 10.7622 -0.0706462 -0.0776081
1 5.66589 10.7571 -0.0761849 -0.0953899
1 6.77979 10.7537 -0.0747471 -0.106882
1 7.89311 10.7515 -0.0673445 -0.110504
1 9.00531 10.7493 -0.0582257 -0.10891
1 10.1181 10.7476 -0.0628409 -0.104496
1 11.231 10.7467 -0.0645533 -0.0910025
1 12.3454 10.7454 -0.071363 -0.0750396
1 13.4606 10.7436 -0.0800054 -0.0731418
1 14.5742 10.7428 -0.0710402 -0.0765367
1 15.6887 10.7437 -0.0743378 -0.0780826
1 16.806 10.7455 -0.0921203 -0.0732957
1 17.9256 10.7475 -0.100243 -0.0653051
1 19.0456 10.7486 -0.0879189 -0.0607029
1 20.1645 10.7492 -0.0620494 -0.0555126
1 21.2825 10.7496 -0.0329715 -0.0478979
1 22.3991 10.7498 0.00556634 -0.0480542
1 23.5167 10.7495 0.0396333 -0.0519825
1 24.6347 10.7492 0.07331 -0.053806
1 25.7539 10.7482 0.0983214 -0.061065
1 26.8744 10.7467 0.105835 -0.0708625
1 27.9921 10.7448 0.0928829 -0.0758365
1 29.1073 10.7433 0.0676516 -0.0806898
1 30.222 10.7435 0.0696828 -0.0750924
1 31.3372 10.745 0.0775538 -0.0702718
1 32.4524 10.7469 0.0750964 -0.0816749
1 33.5658 10.7479 0.0716527 -0.0971761
1 34.6784 10.7492 0.0543681 -0.104084
1 35.7905 10.7511 0.0518134 -0.111848
1 36.9027 10.7529 0.0691043 -0.109356
1 38.0165 10.7556 0.0788745 -0.100256
1 39.1303 10.7597 0.0842802 -0.0865364
1 40.2433 10.7652 0.0754942 -0.0734932
1 41.3559 10.7703 0.070352 -0.0752247
1 42.4685 10.7727 0.0756424 -0.0833931
1 43.5828 10.7722 0.0628453 -0.0851186
1 0.654587 11.7362 -0.0603175 -0.0800584
1 1.77005 11.7373 -0.069449 -0.0722593
1 2.88351 11.735 -0.0672429 -0.0722249
1 3.99582 11.7301 -0.0694057 -0.07332
1 5.10792 11.7251 -0.074109 -0.0843436
1 6.22084 11.7214 -0.069312 -0.0911862
1 7.33413 11.7187 -0.0629884 -0.105144
1 8.44626 11.7173 -0.0498798 -0.106223
1 9.55855 11.7156 -0.0482405 -0.0962103
1 10.6715 11.7148 -0.0658019 -0.0904452
1 11.785 11.7141 -0.0695253 -0.0715804
1 12.9 11.7118 -0.0644195 -0.0526674
1 14.0147 11.7093 -0.0585611 -0.0531338
1 15.1286 11.7083 -0.0620937 -0.0593641
1 16.2434 11.7092 -0.0880664 -0.0608451
1 17.3618 11.7114 -0.104694 -0.057164
1 18.4832 11.7138 -0.101185 -0.0502106
1 19.6035 11.7153 -0.0778228 -0.0452293
1 20.7227 11.7163 -0.043288 -0.0392429
1 21.8406 11.7169 -0.00739131 -0.0356603
1 22.958 11.7168 0.0292986 -0.0354664
1 24.0769 11.716 0.0635079 -0.039567
1 25.1962 11.7148 0.091474 -0.0480388
1 26.3171 11.7129 0.100061 -0.0538185
1 27.4375 11.7106 0.0922951 -0.0572381
1 28.5547 11.7087 0.0665969 -0.0618482
1 29.6689 11.709 0.0599005 -0.0578304
1 30.7817 11.711 0.0728924 -0.0527153
1 31.8964 11.7136 0.0670059 -0.059778
1 33.0113 11.7153 0.0632171 -0.0808478
1 34.1249 11.7157 0.0580594 -0.0944646
1 35.238 11.7168 0.0502278 -0.0973726
1 36.3501 11.7184 0.0595712 -0.103993
1 37.4631 11.7204 0.0620311 -0.0994032
1 38.5763 11.7236 0.0558367 -0.0918137
1 39.688 11.7275 0.0530906 -0.0768836
1 40.799 11.7328 0.0469608 -0.0728823
1 41.9111 11.7362 0.0589145 -0.0752461
1 43.0246 11.737 0.0618863 -0.0720777
1 44.145 11.7347 0.0489061 -0.0849526
1 0.0935943 12.6999 -0.0422517 -0.0808007
1 1.21299 12.7007 -0.0576963 -0.0646188
1 2.32657 12.6998 -0.047655 -0.0612418
1 3.43913 12.6969 -0.0370269 -0.063438
1 4.54981 12.6921 -0.0430848 -0.0665965
1 5.66056 12.6882 -0.0486852 -0.0769545
1 6.77296 12.6848 -0.0488757 -0.0805461
1 7.8857 12.683 -0.051043 -0.0868189
1 8.99799 12.6813 -0.0459641 -0.0829529
1 10.1112 12.6799 -0.0518606 -0.0793919
1 11.2252 12.6795 -0.0591887 -0.0635533
1 12.3403 12.6783 -0.0631754 -0.0416421
1 13.4552 12.6754 -0.0628603 -0.0275887
1 14.568 12.6724 -0.0489667 -0.0269111
1 15.6816 12.6712 -0.0594145 -0.0365945
1 16.7984 12.6724 -0.0902293 -0.0398436
1 17.9194 12.6748 -0.104368 -0.0358547
1 19.0411 12.6773 -0.0958696 -0.0331877
1 20.1615 12.6792 -0.0655438 -0.0314451
1 21.2811 12.6802 -0.0323024 -0.0212924
1 22.3995 12.6805 0.00548091 -0.0202647
1 23.5186 12.6799 0.0485439 -0.0272154
1 24.6382 12.6785 0.0809995 -0.0304784
1 25.7597 12.6763 0.099491 -0.0328521
1 26.882 12.6736 0.105316 -0.0369715
1 28 12.6717 0.0816906 -0.0388984
1 29.1145 12.672 0.0512277 -0.0321523
1 30.2277 12.6744 0.049631 -0.024383
1 31.3416 12.6775 0.0571524 -0.0340582
1 32.4572 12.6798 0.0668693 -0.0538924
1 33.5719 12.6803 0.0650881 -0.0719652
1 34.6851 12.6808 0.0444556 -0.080468
1 35.7975 12.6824 0.0450367 -0.0873918
1 36.9098 12.6838 0.0571312 -0.0826011
1 38.0231 12.6865 0.0628375 -0.0713808
1 39.1357 12.6904 0.0676847 -0.0708414
1 40.2466 12.6951 0.0558505 -0.0628185
1 41.3586 12.6987 0.0516211 -0.061624
1 42.4722 12.7003 0.0638351 -0.0621656
1 43.5875 12.7 0.066949 -0.0755532
1 0.650179 13.6652 -0.0681274 -0.0664423
1 1.76466 13.6642 -0.065025 -0.0604896
1 2.87767 13.6623 -0.0446106 -0.0559625
1 3.98993 13.6594 -0.0431516 -0.0604302
1 5.10089 13.6553 -0.0574053 -0.0684115
1 6.21308 13.6514 -0.061126 -0.0746181
1 7.32603 13.6482 -0.0556646 -0.0820688
1 8.43863 13.6465 -0.0435394 -0.0875949
1 9.55115 13.6451 -0.0417307 -0.0852073
1 10.6644 13.6439 -0.0619614 -0.0800592
1 11.7793 13.6433 -0.0648044 -0.0641729
1 12.8954 13.6417 -0.0562922 -0.043909
1 14.0101 13.6387 -0.0459136 -0.0360923
1 15.1232 13.6357 -0.0438946 -0.0435346
1 16.237 13.6349 -0.0769724 -0.0529794
1 17.3551 13.6361 -0.0994511 -0.058834
1 18.4775 13.6388 -0.0979525 -0.0584927
1 19.5993 13.6418 -0.0841114 -0.0566295
1 20.7202 13.6435 -0.0511526 -0.0558001
1 21.8401 13.6439 -0.0089289 -0.0534762
1 22.9593 13.6439 0.0345197 -0.052589
1 24.08 13.6428 0.068645 -0.0567587
1 25.2016 13.6403 0.0922366 -0.0611945
1 26.3238 13.6374 0.104437 -0.0574618
1 27.4443 13.6354 0.086335 -0.0547419
1 28.5608 13.6353 0.0482159 -0.0462959
1 29.6738 13.6376 0.0445924 -0.0351135
1 30.7863 13.6409 0.0585405 -0.0396988
1 31.9017 13.6434 0.0607338 -0.0544522
1 33.0179 13.6442 0.064012 -0.073998
1 34.1323 13.6447 0.0554256 -0.0859092
1 35.2459 13.6459 0.0442804 -0.0855786
1 36.3585 13.6473 0.0480884 -0.0825957
1 37.4709 13.6498 0.0455692 -0.0776443
1 38.5831 13.6536 0.0454263 -0.0725329
1 39.6938 13.6576 0.0335826 -0.0622119
1 40.8049 13.6612 0.0276191 -0.0588506
1 41.917 13.6633 0.0422103 -0.0586977
1 43.0295 13.6648 0.0547419 -0.062972
1 44.1479 13.665 0.0316677 -0.0660189
1 0.0891768 14.6305 -0.019711 -0.0416467
1 1.20795 14.6301 -0.0495624 -0.057248
1 2.31956 14.6281 -0.0441038 -0.0659543
1 3.43082 14.6254 -0.0270977 -0.0670247
1 4.54192 14.6227 -0.0318666 -0.0666847
1 5.65348 14.619 -0.0436729 -0.0766628
1 6.76593 14.6157 -0.0473589 -0.0879945
1 7.87835 14.6125 -0.0503104 -0.0963786
1 8.99091 14.6108 -0.0457442 -0.102665
1 10.1046 14.61 -0.0523073 -0.103951
1 11.2192 14.6093 -0.0619913 -0.0966604
1 12.3354 14.6084 -0.0643506 -0.0821295
1 13.4516 14.6069 -0.0597708 -0.0685746
1 14.565 14.6047 -0.0392022 -0.0652991
1 15.6781 14.6024 -0.0465313 -0.0744779
1 16.794 14.6018 -0.0811649 -0.0846646
1 17.9139 14.6034 -0.0983736 -0.0933627
1 19.0362 14.6063 -0.0943089 -0.0965492
1 20.1584 14.609 -0.0690727 -0.0954667
1 21.2799 14.6106 -0.0338434 -0.0955984
1 22.3998 14.6107 0.00574166 -0.097602
1 23.5206 14.6098 0.0505093 -0.0973106
1 24.6425 14.6078 0.0845664 -0.0959283
1 25.7651 14.6049 0.0979747 -0.0932794
1 26.8869 14.6023 0.0939512 -0.0899309
1 28.0043 14.6021 0.0689851 -0.0797802
1 29.1177 14.6038 0.0440318 -0.0667468
1 30.2306 14.6063 0.0436879 -0.0644493
1 31.3463 14.6084 0.0590608 -0.0750965
1 32.4635 14.6096 0.0724997 -0.0915369
1 33.5785 14.61 0.0642574 -0.101583
1 34.6923 14.6106 0.0404531 -0.103494
1 35.8049 14.6116 0.0413714 -0.101539
1 36.917 14.6141 0.0545698 -0.0909542
1 38.03 14.6175 0.0576616 -0.0812701
1 39.1428 14.6211 0.0541907 -0.0696282
1 40.254 14.6241 0.0434041 -0.0673324
1 41.3657 14.6269 0.0496368 -0.0626285
1 42.4775 14.6293 0.0676853 -0.0630085
1 43.5913 14.6306 0.0619675 -0.0523127
1 0.646224 15.5956 -0.0500953 -0.0349529
1 1.76 15.5946 -0.0588142 -0.0549547
1 2.8717 15.5923 -0.052227 -0.0635594
1 3.98282 15.5892 -0.0485377 -0.0712507
1 5.09427 15.5862 -0.0549367 -0.0703122
1 6.20715 15.5833 -0.0553935 -0.078872
1 7.3206 15.5805 -0.0516936 -0.0880697
1 8.43267 15.5779 -0.0437098 -0.102605
1 9.54506 15.5768 -0.0442549 -0.108574
1 10.6589 15.5765 -0.0645644 -0.105983
1 11.7744 15.5761 -0.0713711 -0.0983572
1 12.8919 15.5752 -0.0650814 -0.0885665
1 14.008 15.5743 -0.0487134 -0.0783165
1 15.122 15.5733 -0.0399077 -0.0751588
1 16.2359 15.5718 -0.0675358 -0.0829942
1 17.3529 15.5715 -0.0897501 -0.0946887
1 18.4744 15.5733 -0.0923116 -0.101902
1 19.5966 15.5762 -0.0821279 -0.10587
1 20.7185 15.5785 -0.049823 -0.110094
1 21.8397 15.5796 -0.00599962 -0.112296
1 22.9603 15.5794 0.0340984 -0.110601
1 24.0823 15.5775 0.0663003 -0.107417
1 25.205 15.5746 0.0901663 -0.103802
1 26.327 15.5723 0.0966173 -0.0985679
1 27.4464 15.5717 0.0760611 -0.0902743
1 28.5617 15.5727 0.0425228 -0.0773454
1 29.6752 15.5742 0.0388007 -0.0747512
1 30.7894 15.5754 0.060937 -0.0827825
1 31.9062 15.5763 0.0707564 -0.0926061
1 33.0228 15.5766 0.0648662 -0.101877
1 34.1379 15.5768 0.0558594 -0.109098
1 35.2517 15.5776 0.0489818 -0.106688
1 36.3637 15.5792 0.0519507 -0.0953135
1 37.4766 15.5822 0.0487752 -0.0845051
1 38.5901 15.5848 0.0448505 -0.0748489
1 39.7015 15.588 0.0369561 -0.0705299
1 40.8118 15.5908 0.0311246 -0.0705366
1 41.9223 15.5937 0.0445672 -0.0630604
1 43.0339 15.5952 0.0438222 -0.0442308
1 44.1535 15.5951 0.0136356 -0.0253822
1 0.0826217 16.5587 -0.00882441 -0.0114018
1 1.20333 16.5595 -0.0309588 -0.0268808
1 2.31598 16.5585 -0.0368851 -0.0461608
1 3.42709 16.5566 -0.02882 -0.0590622
1 4.53708 16.5538 -0.0420411 -0.0656592
1 5.64821 16.5507 -0.0518543 -0.070954
1 6.76145 16.548 -0.0507869 -0.0762187
1 7.87462 16.5461 -0.0477361 -0.0853455
1 8.98712 16.5446 -0.0479954 -0.0955575
1 10.1008 16.5437 -0.0577883 -0.102831
1 11.2153 16.5436 -0.0663962 -0.0979783
1 12.3321 16.5431 -0.0711012 -0.0883854
1 13.4496 16.5429 -0.0685199 -0.0815876
1 14.5644 16.543 -0.0449932 -0.0736984
1 15.6788 16.5426 -0.0436668 -0.0692155
1 16.7948 16.542 -0.0724591 -0.07814
1 17.9134 16.5422 -0.0905669 -0.0886073
1 19.0348 16.5436 -0.0858476 -0.0949485
1 20.1574 16.5461 -0.0635841 -0.0985873
1 21.2794 16.5483 -0.0339179 -0.106523
1 22.4 16.5488 0.00388408 -0.109358
1 23.5216 16.5473 0.0468991 -0.103068
1 24.6441 16.5449 0.0799815 -0.0955298
1 25.766 16.5427 0.0898864 -0.0911274
1 26.8866 16.5419 0.0865318 -0.0835605
1 28.0036 16.5424 0.0679265 -0.0719409
1 29.1179 16.5432 0.044656 -0.0721164
1 30.2323 16.5433 0.0498037 -0.0796604
1 31.349 16.5434 0.0669429 -0.081757
1 32.4669 16.5438 0.0725683 -0.0913945
1 33.5825 16.544 0.0673961 -0.102699
1 34.6964 16.5444 0.0476202 -0.100621
1 35.8087 16.5455 0.039634 -0.0922259
1 36.9209 16.5472 0.0506387 -0.081264
1 38.035 16.5496 0.0629891 -0.0739403
1 39.1478 16.5524 0.067937 -0.0706379
1 40.2587 16.5553 0.0537638 -0.0631328
1 41.3697 16.5581 0.0482517 -0.0508024
1 42.4817 16.5595 0.0506217 -0.0377332
1 43.5962 16.5593 0.0424045 -0.0198071
1 0.640672 17.5219 -0.0362254 -0.0106795
1 1.75634 17.5223 -0.0401767 -0.0230899
1 2.8694 17.5217 -0.0383722 -0.0379949
1 3.98115 17.52 -0.0479087 -0.0495998
1 5.09212 17.5175 -0.0691178 -0.0626919
1 6.2045 17.5145 -0.0725848 -0.0673092
1 7.31787 17.5121 -0.0597728 -0.0744207
1 8.4304 17.5109 -0.0426067 -0.0781672
1 9.54338 17.51 -0.0452874 -0.0852389
1 10.6572 17.5098 -0.0688775 -0.0891812
1 11.7724 17.5094 -0.0762874 -0.0814136
1 12.8899 17.5088 -0.0663058 -0.0731564
1 14.0072 17.5092 -0.0515803 -0.0655627
1 15.1226 17.5101 -0.0466956 -0.0590067
1 16.2375 17.5105 -0.0685279 -0.0594504
1 17.3545 17.5106 -0.0855092 -0.0644145
1 18.4746 17.5108 -0.0903612 -0.070148
1 19.5959 17.5118 -0.0808012 -0.0784413
1 20.718 17.514 -0.0472367 -0.0869537
1 21.8401 17.5157 -0.0052889 -0.0921918
1 22.9612 17.5152 0.0319212 -0.0903177
1 24.083 17.513 0.0639577 -0.0829769
1 25.2048 17.5111 0.0873608 -0.0740424
1 26.3258 17.5107 0.0902056 -0.0666818
1 27.4443 17.5106 0.0743175 -0.0614525
1 28.5603 17.5104 0.0487013 -0.0589778
1 29.6757 17.51 0.0454782 -0.0626183
1 30.7911 17.5093 0.0661612 -0.0686135
1 31.9081 17.5093 0.0743629 -0.0761945
1 33.025 17.5099 0.0709764 -0.0849268
1 34.1401 17.5102 0.0575738 -0.0877531
1 35.2539 17.5107 0.0449468 -0.0807175
1 36.3666 17.5118 0.0479349 -0.0753508
1 37.4795 17.5137 0.0547113 -0.0721295
1 38.5919 17.5164 0.0574159 -0.0674504
1 39.7029 17.5189 0.0415801 -0.0580979
1 40.8136 17.5212 0.0224401 -0.0464063
1 41.9255 17.5224 0.0270274 -0.0301012
1 43.0391 17.5225 0.0268205 -0.0178455
1 44.1606 17.5209 0.00469318 -0.00651791
1 0.0772689 18.4831 -0.004129 -0.00567931
1 1.1995 18.4834 -0.0236601 -0.0110157
1 2.3138 18.4839 -0.0193465 -0.0170998
1 3.42655 18.4836 -0.015695 -0.0269208
1 4.53799 18.4825 -0.0346133 -0.0407639
1 5.64947 18.4807 -0.0544202 -0.0524431
1 6.76186 18.4782 -0.0567423 -0.0579299
1 7.87396 18.4761 -0.0538055 -0.0628888
1 8.98609 18.4751 -0.0467954 -0.0648904
1 10.1003 18.4746 -0.0547534 -0.0658537
1 11.2155 18.4745 -0.0682796 -0.0650607
1 12.3318 18.474 -0.0740378 -0.0577837
1 13.4486 18.4734 -0.0696428 -0.0480193
1 14.5642 18.474 -0.0465034 -0.042477
1 15.6798 18.4758 -0.0487675 -0.0380968
1 16.7963 18.4774 -0.078589 -0.036634
1 17.9149 18.4776 -0.0952542 -0.0382421
1 19.0352 18.4775 -0.0892084 -0.0478911
1 20.1564 18.4785 -0.0665456 -0.0593725
1 21.2784 18.4801 -0.0353806 -0.0660501
1 22.4004 18.4805 0.00762107 -0.0663723
1 23.523 18.4793 0.0485033 -0.0620996
1 24.6447 18.478 0.0794049 -0.0534625
1 25.765 18.4776 0.0927116 -0.0423821
1 26.8848 18.4777 0.0936455 -0.037629
1 28.0021 18.4768 0.0730369 -0.0389696
1 29.1176 18.475 0.0465307 -0.0399508
1 30.2329 18.4737 0.0542554 -0.0436989
1 31.3496 18.4739 0.0692074 -0.0511573
1 32.4668 18.4746 0.072864 -0.0633038
1 33.5824 18.4747 0.0661442 -0.0644557
1 34.6966 18.4749 0.0446358 -0.061778
1 35.8094 18.4759 0.0463312 -0.0644295
1 36.9216 18.4774 0.0672091 -0.0619488
1 38.0347 18.4799 0.075064 -0.0551783
1 39.1475 18.4819 0.0662178 -0.0472553
1 40.2595 18.4834 0.0381885 -0.0341473
1 41.3722 18.4842 0.0296723 -0.021926
1 42.4858 18.4842 0.0393094 -0.0143062
1 43.6023 18.4835 0.0346057 -0.00584243
1 0.638282 19.4435 -0.0366847 -0.00376674
1 1.75441 19.4444 -0.0362729 -0.00466398
1 2.86801 19.4451 -0.0234155 -0.00803413
1 3.98094 19.4452 -0.0302821 -0.0188515
1 5.0935 19.4448 -0.0546132 -0.0284569
1 6.20692 19.4435 -0.0663865 -0.0399989
1 7.32035 19.4414 -0.0667116 -0.0474461
1 8.43218 19.4396 -0.053711 -0.0556071
1 9.54409 19.4385 -0.0507157 -0.0543198
1 10.658 19.4377 -0.0648995 -0.0519888
1 11.7737 19.4375 -0.0735378 -0.0453906
1 12.8913 19.4369 -0.0697605 -0.0359871
1 14.0076 19.4364 -0.0534712 -0.0304342
1 15.1222 19.4378 -0.0503688 -0.0252479
1 16.2377 19.4406 -0.0811067 -0.019845
1 17.3556 19.4427 -0.0998947 -0.0180464
1 18.4754 19.4431 -0.0959351 -0.0246741
1 19.595 19.4426 -0.0782685 -0.0370333
1 20.7164 19.4426 -0.0455075 -0.0461346
1 21.8396 19.4429 -0.00641159 -0.0492634
1 22.9623 19.4428 0.0297201 -0.0479212
1 24.0846 19.4426 0.0622843 -0.0408955
1 25.2051 19.4429 0.0911568 -0.0301865
1 26.3247 19.4433 0.10151 -0.0212941
1 27.4436 19.442 0.0874525 -0.0197203
1 28.5606 19.4392 0.055861 -0.0223437
1 29.6758 19.437 0.0474275 -0.0262202
1 30.7902 19.4368 0.0663468 -0.0315975
1 31.9067 19.4376 0.0728393 -0.042394
1 33.0237 19.4377 0.0679496 -0.0480563
1 34.1389 19.4381 0.0584503 -0.0505912
1 35.2526 19.4393 0.05369 -0.0556387
1 36.3645 19.4406 0.057669 -0.0535653
1 37.4768 19.4426 0.056875 -0.0440524
1 38.5899 19.4443 0.047636 -0.0329003
1 39.7025 19.4453 0.0242628 -0.0221539
1 40.8149 19.4453 0.00783268 -0.0137006
1 41.9281 19.445 0.0173831 -0.00510575
1 43.0431 19.4441 0.0226652 -0.00200815
1 44.1659 19.4441 0.00148046 -0.00168096
1 0.0735347 20.4024 -0.00224324 0.000395672
1 1.19682 20.4039 -0.0258004 0.00124724
1 2.31142 20.4049 -0.0172155 -0.00509875
1 3.4246 20.4054 -0.00451386 -0.010497
1 4.53725 20.4057 -0.0211081 -0.0131612
1 5.65066 20.4054 -0.0383745 -0.0169936
1 6.76487 20.4044 -0.0484049 -0.0243747
1 7.87821 20.4026 -0.056928 -0.0385407
1 8.99015 20.4016 -0.059457 -0.0474182
1 10.1032 20.4002 -0.0646432 -0.0434055
1 11.2175 20.3988 -0.0731486 -0.0377387
1 12.3339 20.3982 -0.0758767 -0.0287267
1 13.4506 20.3978 -0.0681714 -0.0168527
1 14.5645 20.3983 -0.0487035 -0.00867149
1 15.6787 20.4005 -0.0598082 -0.00497446
1 16.7952 20.4037 -0.0946685 -0.00391831
1 17.9148 20.406 -0.105217 -0.0086037
1 19.0351 20.406 -0.0886404 -0.018913
1 20.1557 20.4045 -0.0564189 -0.0275498
1 21.2778 20.4028 -0.0259799 -0.028722
1 22.4007 20.4025 0.00449985 -0.0292522
1 23.5236 20.4035 0.0371344 -0.0295493
1 24.6449 20.4054 0.0715538 -0.0250615
1 25.7649 20.4063 0.0970096 -0.0132883
1 26.8856 20.4052 0.108109 -0.00570646
1 28.0037 20.4022 0.0913753 -0.00544049
1 29.1181 20.3994 0.0574602 -0.00618187
1 30.2316 20.3981 0.0550515 -0.0107383
1 31.3476 20.3983 0.0686655 -0.0210673
1 32.4652 20.3986 0.0756338 -0.0340034
1 33.5801 20.3994 0.0732612 -0.0411348
1 34.6935 20.401 0.0547765 -0.0453589
1 35.8055 20.4024 0.0474463 -0.0436761
1 36.9174 20.4037 0.0553298 -0.0294265
1 38.0319 20.4052 0.055025 -0.0199611
1 39.1464 20.4056 0.0454163 -0.0163518
1 40.2599 20.4055 0.0264694 -0.0115988
1 41.3729 20.4052 0.0244168 -0.00427958
1 42.4868 20.4043 0.0394193 -0.00195553
1 43.603 20.4039 0.0393063 0.00222929
1 0.636144 21.363 -0.0383895 0.00190142
1 1.75195 21.3642 -0.0378137 0.00140698
1 2.86585 21.365 -0.0252236 -0.00234734
1 3.97936 21.3656 -0.0228578 -0.00288917
1 5.09341 21.3658 -0.0415135 -0.00448888
1 6.20858 21.3656 -0.048804 -0.0077596
1 7.32382 21.3648 -0.0430709 -0.017543
1 8.43672 21.3639 -0.0411599 -0.027357
1 9.54939 21.3628 -0.0573256 -0.0344399
1 10.6626 21.3615 -0.0778277 -0.0352188
1 11.7764 21.3597 -0.0870005 -0.0264902
1 12.893 21.3585 -0.080128 -0.0128973
1 14.0084 21.359 -0.0602488 8.45309e-05
1 15.1213 21.3608 -0.0568503 0.0096294
1 16.2349 21.3635 -0.0925124 0.00856658
1 17.3529 21.3662 -0.107948 -0.000847706
1 18.4747 21.3677 -0.0934446 -0.0113472
1 19.5964 21.3668 -0.069734 -0.0177664
1 20.7182 21.364 -0.0399222 -0.0154118
1 21.84 21.3619 -0.0056146 -0.0114904
1 22.9611 21.3628 0.0248815 -0.0122274
1 24.0827 21.3656 0.0529198 -0.0175033
1 25.2046 21.3677 0.0832382 -0.0166387
1 26.3265 21.3673 0.104075 -0.00720753
1 27.4465 21.365 0.0998738 0.00433119
1 28.5623 21.3621 0.0667659 0.0103243
1 29.6756 21.3599 0.0542864 0.00568641
1 30.7888 21.3588 0.075527 -0.00454276
1 31.9047 21.3591 0.087522 -0.0178806
1 33.0202 21.3606 0.0810059 -0.0303177
1 34.1338 21.3624 0.066955 -0.0377187
1 35.2474 21.3636 0.0537577 -0.0327825
1 36.3601 21.3644 0.0435911 -0.0202692
1 37.4742 21.3652 0.0379861 -0.00976595
1 38.5896 21.366 0.0321401 -0.00611667
1 39.7036 21.3658 0.0152184 -0.00511914
1 40.8162 21.3653 0.000983919 -0.00257219
1 41.9293 21.3646 0.0176292 -0.000187722
1 43.0437 21.3638 0.0247236 0.00292043
1 44.1667 21.3631 0.00281133 0.00725262
1 0.0718901 22.3224 -0.00661035 0.00600485
1 1.19461 22.3238 -0.0266037 0.00354839
1 2.30917 22.3242 -0.02021 0.00207879
1 3.42269 22.3249 -0.00475866 -0.00033785
1 4.53608 22.3251 -0.0139693 -9.18827e-05
1 5.65075 22.3255 -0.0294113 -7.4047e-05
1 6.76639 22.3251 -0.0309193 -0.00218325
1 7.88111 22.3247 -0.0332784 -0.00902006
1 8.99471 22.3241 -0.0431218 -0.0179229
1 10.1089 22.3235 -0.0651972 -0.0255984
1 11.2229 22.3221 -0.0915789 -0.021014
1 12.3372 22.3201 -0.0994566 -0.0135539
1 13.451 22.3197 -0.0887883 -0.00299202
1 14.5629 22.321 -0.0624795 0.0118219
1 15.6758 22.323 -0.0644154 0.0159694
1 16.7919 22.3251 -0.089475 0.00693111
1 17.9126 22.3268 -0.0955002 -0.0065361
1 19.0362 22.3268 -0.0838061 -0.012154
1 20.1593 22.3251 -0.0605941 -0.00791422
1 21.2805 22.323 -0.0315459 -0.00166915
1 22.3994 22.3224 0.00389123 -0.000603426
1 23.5199 22.324 0.0424123 -0.00561988
1 24.6423 22.3263 0.0734035 -0.0124207
1 25.7657 22.3273 0.0906306 -0.0115101
1 26.8886 22.3264 0.0985453 -0.000152941
1 28.0069 22.3243 0.0870095 0.0124527
1 29.1204 22.3221 0.0645242 0.0155605
1 30.2321 22.3204 0.0733877 0.00562456
1 31.3454 22.3198 0.0928476 -0.00744209
1 32.4604 22.3211 0.0979281 -0.0169609
1 33.5744 22.3231 0.0830683 -0.0246197
1 34.6884 22.3239 0.0492333 -0.022606
1 35.8016 22.3245 0.0317319 -0.0120559
1 36.9152 22.3249 0.037015 -0.00684234
1 38.0313 22.3253 0.0432916 0.00129146
1 39.1473 22.3254 0.0405223 0.000795202
1 40.2615 22.3253 0.0240038 0.00241873
1 41.3748 22.3247 0.0231272 -0.00177683
1 42.4881 22.324 0.0347534 0.00306093
1 43.6036 22.3232 0.0344896 0.00301905
1 0.634292 23.2836 -0.0342027 0.00254774
1 1.7502 23.2837 -0.0368251 -0.00099588
1 2.86388 23.2839 -0.0242965 -0.00307729
1 3.97784 23.2839 -0.0216453 -0.00245462
1 5.09226 23.2841 -0.0417102 -0.00376415
1 6.20865 23.284 -0.0472061 0.000426495
1 7.32498 23.2838 -0.0346893 -0.00155756
1 8.43928 23.2838 -0.0258629 -0.00487391
1 9.55312 23.2836 -0.0442375 -0.00952874
1 10.6676 23.2834 -0.0808349 -0.00996868
1 11.7814 23.2825 -0.102716 -0.00748245
1 12.8952 23.2819 -0.103269 -0.00372062
1 14.0073 23.2821 -0.0854336 0.00190755
1 15.1183 23.2828 -0.0641625 0.00562696
1 16.2315 23.2836 -0.0768181 0.00458108
1 17.3507 23.2845 -0.0889484 -0.000937888
1 18.475 23.2848 -0.088279 -0.00461657
1 19.5989 23.2844 -0.0794376 -0.00475659
1 20.7208 23.2836 -0.0513494 -0.00136752
1 21.8406 23.2831 -0.00760776 0.00103004
1 22.9592 23.2833 0.0336145 -0.000292448
1 24.0798 23.284 0.0665605 -0.00395774
1 25.2031 23.2848 0.0875153 -0.00557773
1 26.3276 23.285 0.0904542 -0.00426697
1 27.4496 23.2845 0.07779 0.00151842
1 28.566 23.2835 0.0597081 0.00711637
1 29.6781 23.2826 0.0709883 0.00564439
1 30.7883 23.282 0.101294 -0.00186941
1 31.9005 23.2821 0.107332 -0.00738399
1 33.0148 23.283 0.0936607 -0.00834755
1 34.1297 23.2836 0.0632507 -0.00741907
1 35.2445 23.2838 0.0379943 -0.00548171
1 36.3585 23.284 0.0267541 -0.00402234
1 37.4735 23.284 0.0237141 -0.00143893
1 38.5894 23.2843 0.0265293 -0.000833082
1 39.7041 23.2841 0.0126761 -0.00207373
1 40.8176 23.2842 0.00580821 -0.003431
1 41.9308 23.284 0.0178205 -0.00126916
1 43.0448 23.2839 0.024319 0.00141879
1 44.167 23.2825 0.00559855 0.000374065
1 0.0730399 24.245 -0.00598928 -0.000601804
1 1.19521 24.2436 -0.0248181 -0.00130945
1 2.30934 24.2433 -0.0173653 0.00123103
1 3.42264 24.2431 -0.00640585 0.00302392
1 4.53613 24.2432 -0.0130091 0.00149648
1 5.65094 24.2431 -0.0258447 0.000583486
1 6.76667 24.2433 -0.0233979 0.00133156
1 7.88157 24.2433 -0.0273255 0.00427533
1 8.99556 24.2434 -0.0392579 0.00629071
1 10.1104 24.2436 -0.06287 0.00729101
1 11.2251 24.2442 -0.0943615 0.00769591
1 12.3392 24.2451 -0.107848 0.00659015
1 13.4516 24.2453 -0.101222 0.00113384
1 14.5619 24.2447 -0.0692992 -0.00581732
1 15.674 24.2439 -0.0583456 -0.00718697
1 16.7905 24.2429 -0.0777742 -0.00162326
1 17.9124 24.2424 -0.0903559 0.00442847
1 19.0369 24.2427 -0.0863444 0.00587371
1 20.1602 24.2435 -0.0668874 0.00412068
1 21.281 24.2442 -0.0354909 0.000218485
1 22.3994 24.2443 0.00616214 -0.00126088
1 23.5192 24.2439 0.0496809 0.00150503
1 24.6411 24.2431 0.0780413 0.00506909
1 25.7651 24.2427 0.0879159 0.0047822
1 26.8894 24.243 0.08912 0.00113398
1 28.0086 24.2438 0.078052 -0.00438486
1 29.122 24.2446 0.0665423 -0.00611117
1 30.2328 24.2452 0.085872 -0.00250653
1 31.3446 24.2453 0.103511 0.00316577
1 32.4584 24.2447 0.101929 0.00714802
1 33.5722 24.2438 0.0816588 0.00953685
1 34.6868 24.2436 0.0434618 0.00969251
1 35.8006 24.2435 0.0248473 0.00514622
1 36.9148 24.2435 0.0343201 0.00192869
1 38.0312 24.2433 0.0471305 -0.000434953
1 39.1479 24.2432 0.0423497 0.00362045
1 40.2624 24.2433 0.0216304 0.00212135
1 41.3761 24.2434 0.0243548 0.00294971
1 42.4898 24.2437 0.0379608 0.000586625
1 43.6057 24.2439 0.035278 -0.00265208
1 0.636413 25.2044 -0.0339055 -0.00235557
1 1.75192 25.2035 -0.0335169 -0.00210023
1 2.86531 25.2028 -0.0224219 0.00233375
1 3.97881 25.2023 -0.0235611 -0.00198509
1 5.09297 25.2022 -0.0400932 -0.000368899
1 6.20875 25.2023 -0.0430506 -0.000412301
1 7.32475 25.2027 -0.0373393 0.00769866
1 8.43851 25.203 -0.0320881 0.013641
1 9.55162 25.2034 -0.049437 0.0245488
1 10.6655 25.2042 -0.081694 0.0258877
1 11.7793 25.2062 -0.0984197 0.0165154
1 12.8944 25.2077 -0.0927962 0.00783489
1 14.0079 25.2071 -0.072908 -0.00503039
1 15.1198 25.2053 -0.0617501 -0.0148161
1 16.2331 25.2032 -0.0855797 -0.0114903
1 17.3514 25.2011 -0.0979446 0.00109437
1 18.4744 25.2002 -0.0901143 0.0125708
1 19.5977 25.2013 -0.0744266 0.0140762
1 20.7201 25.2035 -0.0439839 0.00680679
1 21.8405 25.2052 -0.00499871 0.00150846
1 22.9596 25.2046 0.0296121 0.00279956
1 24.0807 25.2024 0.0594285 0.00934827
1 25.2038 25.2008 0.084142 0.0132711
1 26.3274 25.2007 0.095067 0.00782973
1 27.4481 25.2023 0.0890922 -0.0054443
1 28.5642 25.2045 0.0660414 -0.0151068
1 29.6771 25.2064 0.0638141 -0.0114779
1 30.7889 25.2076 0.0879152 0.00339474
1 31.9026 25.2072 0.098964 0.014434
1 33.0171 25.2052 0.0907362 0.0218278
1 34.131 25.2038 0.0656218 0.0270675
1 35.2452 25.2033 0.0415343 0.018901
1 36.3588 25.2027 0.0327005 0.0098443
1 37.4737 25.2024 0.0315002 0.00335363
1 38.5895 25.202 0.0300709 0.0010805
1 39.7041 25.2025 0.012948 0.00124679
1 40.8174 25.2026 0.00412867 0.000777013
1 41.9309 25.2033 0.0203141 -0.00160938
1 43.0453 25.2037 0.0262457 -0.00364186
1 44.168 25.2052 0.00653852 -0.00624761
1 0.0733091 26.1646 -0.00294102 -0.00677877
1 1.19636 26.1639 -0.0245466 -0.00281631
1 2.31088 26.1631 -0.0165701 0.000742057
1 3.42396 26.1623 -0.0012813 0.00367724
1 4.53666 26.1618 -0.0157312 0.00566728
1 5.65084 26.1617 -0.0320421 0.00725056
1 6.76611 26.1624 -0.0373985 0.0109226
1 7.88012 26.1631 -0.0443282 0.022427
1 8.99281 26.1639 -0.0551223 0.0350459
1 10.1063 26.165 -0.0659227 0.0388361
1 11.2198 26.1666 -0.0807146 0.0313473
1 12.3351 26.1683 -0.0877958 0.0183447
1 13.4511 26.1686 -0.0763115 0.00569683
1 14.5644 26.1675 -0.0530853 -0.00484723
1 15.6777 26.1653 -0.0650976 -0.00975682
1 16.7935 26.1624 -0.0995658 -0.00383054
1 17.9135 26.1601 -0.103684 0.00799958
1 19.0354 26.1599 -0.0826787 0.0172479
1 20.1574 26.1619 -0.0535569 0.0178233
1 21.279 26.1647 -0.0263212 0.0131122
1 22.3999 26.1656 0.00438856 0.0118746
1 23.5217 26.1636 0.038001 0.0157907
1 24.6436 26.1608 0.0681035 0.018133
1 25.7653 26.1599 0.0933908 0.0122526
1 26.8871 26.1613 0.108445 0.00166015
1 28.0052 26.164 0.0932457 -0.00735448
1 29.1189 26.1667 0.0592645 -0.00899821
1 30.2316 26.1684 0.0605037 0.00057169
1 31.3469 26.1688 0.0794342 0.0138358
1 32.4633 26.1677 0.0863144 0.0284368
1 33.5772 26.1659 0.078932 0.0361238
1 34.6904 26.1646 0.0569132 0.0353694
1 35.803 26.1634 0.0404436 0.0290673
1 36.9159 26.1627 0.0425388 0.0191893
1 38.0312 26.1619 0.0477233 0.00857403
1 39.1466 26.1617 0.0417329 0.00565971
1 40.2607 26.162 0.0237343 0.00385632
1 41.374 26.1626 0.025726 0.00276537
1 42.4879 26.1634 0.0390254 -0.00160483
1 43.6036 26.1646 0.0385307 -0.00215872
1 0.637141 27.1239 -0.0385345 -0.00246662
1 1.75325 27.1234 -0.0376976 0.00203797
1 2.86716 27.1226 -0.0232584 0.00417436
1 3.9804 27.1222 -0.0249798 0.01153
1 5.09381 27.122 -0.0451929 0.0161789
1 6.20814 27.1225 -0.0560742 0.0208185
1 7.32249 27.124 -0.0566187 0.0294013
1 8.43452 27.1253 -0.0486327 0.0433547
1 9.54647 27.1265 -0.0552038 0.0457048
1 10.6598 27.128 -0.0720424 0.0415673
1 11.7746 27.1288 -0.0760408 0.0332023
1 12.8921 27.1292 -0.068984 0.0211906
1 14.0084 27.1294 -0.0552593 0.0108342
1 15.1222 27.1281 -0.0550812 0.0061216
1 16.2365 27.1252 -0.0908327 0.00451318
1 17.3545 27.1223 -0.107812 0.00533645
1 18.4752 27.1212 -0.096816 0.0126715
1 19.5952 27.1221 -0.0729643 0.0241689
1 20.7164 27.124 -0.0383786 0.0288626
1 21.8394 27.125 -0.00388644 0.0284184
1 22.9622 27.1247 0.0249301 0.0275662
1 24.0842 27.1231 0.0554262 0.0268622
1 25.2047 27.1216 0.0884371 0.0185385
1 26.3252 27.1215 0.105458 0.00808611
1 27.4447 27.1238 0.0955465 0.00374243
1 28.5613 27.127 0.0618593 0.00524507
1 29.6754 27.1291 0.0500128 0.00831236
1 30.7893 27.1295 0.0672678 0.0161903
1 31.9059 27.1292 0.0754737 0.0290201
1 33.0225 27.1287 0.0731635 0.0379241
1 34.1368 27.1273 0.0653689 0.0435249
1 35.2499 27.1259 0.059125 0.0466042
1 36.3618 27.1248 0.0565168 0.0385729
1 37.4752 27.1231 0.0491363 0.0248146
1 38.5895 27.1221 0.0378137 0.0166007
1 39.7027 27.1219 0.020324 0.0129528
1 40.8154 27.1223 0.00352529 0.0101579
1 41.9285 27.1227 0.0174854 0.00466365
1 43.043 27.1237 0.0257336 -0.00146143
1 44.1663 27.1251 0.00218095 -0.000606821
1 0.074283 28.0839 -0.00220131 0.00205403
1 1.19711 28.0839 -0.0226074 0.00255225
1 2.31204 28.083 -0.0172315 0.00526019
1 3.42536 28.0827 -0.00927554 0.0134822
1 4.53771 28.0826 -0.0254537 0.0219401
1 5.6504 28.0837 -0.0489094 0.0325451
1 6.7634 28.0853 -0.0568538 0.0430621
1 7.87569 28.0873 -0.0581694 0.0522494
1 8.98768 28.0886 -0.0535743 0.0549456
1 10.1013 28.0897 -0.0572328 0.0503764
1 11.2163 28.09 -0.066771 0.047666
1 12.333 28.0902 -0.0725003 0.0419427
1 13.4497 28.0909 -0.0675569 0.032322
1 14.5641 28.0906 -0.0472628 0.0265152
1 15.6793 28.0884 -0.0548436 0.0216004
1 16.7964 28.0857 -0.0867786 0.0188019
1 17.9152 28.0845 -0.101351 0.0209948
1 19.0348 28.0849 -0.0920091 0.0297148
1 20.1554 28.0851 -0.0631515 0.0401908
1 21.2777 28.0849 -0.0307315 0.04757
1 22.4004 28.0849 0.00671727 0.0493699
1 23.5234 28.0851 0.0438103 0.0453695
1 24.645 28.0851 0.077625 0.0363863
1 25.7647 28.0846 0.0962624 0.024433
1 26.8844 28.085 0.100924 0.01787
1 28.0025 28.0871 0.0822957 0.0200202
1 29.1181 28.0899 0.0528233 0.0252364
1 30.2325 28.0912 0.0539897 0.0299608
1 31.3486 28.0906 0.0692651 0.0353617
1 32.4661 28.0902 0.0722904 0.0462299
1 33.5819 28.0902 0.065194 0.0512883
1 34.6958 28.0894 0.0498066 0.0532428
1 35.8076 28.0881 0.0527647 0.0547829
1 36.9193 28.0864 0.0661264 0.0467613
1 38.0328 28.0842 0.0661482 0.0386837
1 39.1464 28.083 0.0561236 0.0274182
1 40.2591 28.0826 0.0314794 0.0182383
1 41.3718 28.0827 0.0239698 0.00782295
1 42.4853 28.0834 0.0374128 0.0048023
1 43.6015 28.0841 0.0372888 0.00365515
1 0.637832 29.0445 -0.0345557 0.00628848
1 1.75422 29.0438 -0.0381975 0.0138079
1 2.86791 29.0437 -0.030101 0.0227131
1 3.98076 29.0444 -0.0383686 0.0341291
1 5.09263 29.0459 -0.0654436 0.0478706
1 6.20528 29.048 -0.0754046 0.0547921
1 7.31833 29.0504 -0.0679267 0.0611978
1 8.4306 29.0518 -0.0473316 0.0638779
1 9.54338 29.0527 -0.0451434 0.0612069
1 10.6576 29.0529 -0.0651498 0.0641772
1 11.7731 29.0531 -0.0727939 0.0624151
1 12.8903 29.0538 -0.0691819 0.0516538
1 14.0071 29.0539 -0.0542947 0.0445531
1 15.1226 29.0525 -0.0452891 0.0402158
1 16.238 29.0507 -0.0735747 0.0379739
1 17.3553 29.0499 -0.0939678 0.0371219
1 18.475 29.05 -0.0936132 0.0419181
1 19.5952 29.0496 -0.080557 0.0527814
1 20.7169 29.0483 -0.049623 0.0618518
1 21.8395 29.0471 -0.00754981 0.0659171
1 22.9615 29.0475 0.0337365 0.0658953
1 24.0835 29.049 0.0661256 0.0589562
1 25.2047 29.05 0.0894301 0.0473914
1 26.3251 29.0499 0.0965186 0.0379151
1 27.4437 29.0502 0.0810189 0.0370264
1 28.5602 29.0517 0.0507295 0.0383173
1 29.6759 29.0535 0.0467945 0.0421943
1 30.7914 29.054 0.0687169 0.0476183
1 31.908 29.0535 0.0738657 0.0580318
1 33.0244 29.0532 0.0688907 0.065304
1 34.1398 29.0532 0.0553182 0.0649872
1 35.254 29.0525 0.0461056 0.0637975
1 36.3661 29.0515 0.0534984 0.0627536
1 37.4781 29.0494 0.0577535 0.0578789
1 38.5905 29.0469 0.053972 0.0521548
1 39.702 29.0451 0.0335525 0.0403855
1 40.8135 29.044 0.0147001 0.0269112
1 41.9262 29.0438 0.0197277 0.0169361
1 43.0404 29.0442 0.0243446 0.0106136
1 44.1625 29.0445 0.00322221 0.00560741
1 0.0794155 30.0069 -0.00516252 0.00662818
1 1.20094 30.0053 -0.0271473 0.0176719
1 2.31453 30.0054 -0.0276521 0.030064
1 3.42652 30.0065 -0.0242212 0.0464438
1 4.53724 30.0088 -0.0434621 0.0583141
1 5.64827 30.011 -0.0577406 0.0664694
1 6.76067 30.0137 -0.0536613 0.0707957
1 7.8736 30.0156 -0.0473362 0.0739651
1 8.98638 30.0167 -0.0446672 0.0787619
1 10.1002 30.0172 -0.0552026 0.0860235
1 11.2151 30.0174 -0.0693405 0.0824847
1 12.3317 30.0181 -0.0734741 0.0747747
1 13.4488 30.0181 -0.0677183 0.0677973
1 14.5644 30.0173 -0.0462235 0.0614605
1 15.6796 30.0169 -0.0481596 0.0571687
1 16.7956 30.0167 -0.0730413 0.0589626
1 17.914 30.0166 -0.0895269 0.0645017
1 19.035 30.0162 -0.0877685 0.0722353
1 20.1568 30.0143 -0.0648549 0.0808824
1 21.2787 30.012 -0.0338136 0.0879105
1 22.3997 30.0115 0.00316305 0.0900426
1 23.5219 30.0132 0.0459905 0.0848786
1 24.6441 30.0154 0.0807816 0.076745
1 25.7656 30.0165 0.0912925 0.0682724
1 26.8858 30.0167 0.0865518 0.0626495
1 28.0027 30.0168 0.0692248 0.0580944
1 29.1176 30.0172 0.0485096 0.0571289
1 30.2329 30.018 0.0517066 0.0635815
1 31.3499 30.0183 0.0662093 0.0712297
1 32.4674 30.0179 0.0759865 0.0808361
1 33.5826 30.0176 0.068737 0.087691
1 34.6965 30.0174 0.0432683 0.0834756
1 35.8094 30.0164 0.0398288 0.0762645
1 36.9219 30.0152 0.0584586 0.0732742
1 38.0353 30.0128 0.0726654 0.0670608
1 39.1478 30.0099 0.0711318 0.0619401
1 40.2588 30.0074 0.0483709 0.0495542
1 41.3704 30.0057 0.0387975 0.0365467
1 42.4836 30.0053 0.0420033 0.0229379
1 43.5993 30.0057 0.0374121 0.0106057
1 0.643693 30.9686 -0.0417652 0.0201812
1 1.75815 30.9684 -0.0503153 0.0380611
1 2.87017 30.9697 -0.0488445 0.0516862
1 3.98131 30.9725 -0.0541049 0.0631538
1 5.09238 30.9752 -0.0665553 0.0706282
1 6.20502 30.978 -0.0632114 0.0731864
1 7.31901 30.9803 -0.0513534 0.0805442
1 8.43132 30.982 -0.0413591 0.0912398
1 9.54374 30.9831 -0.0484697 0.0991503
1 10.6576 30.9834 -0.0670423 0.101345
1 11.7732 30.9838 -0.0728002 0.090178
1 12.8909 30.9842 -0.0666298 0.0817542
1 14.0077 30.9841 -0.0491642 0.0794544
1 15.1223 30.9842 -0.042611 0.0712748
1 16.2365 30.985 -0.0674635 0.0705182
1 17.3535 30.9855 -0.0856589 0.082321
1 18.4741 30.9847 -0.0892949 0.0902447
1 19.5959 30.9825 -0.0804056 0.0946421
1 20.7183 30.9801 -0.0483429 0.102202
1 21.8398 30.9787 -0.00590815 0.108302
1 22.9604 30.9791 0.0322172 0.105861
1 24.0825 30.9813 0.062879 0.0979446
1 25.2051 30.9837 0.0859441 0.0941026
1 26.3266 30.9852 0.0921819 0.0878164
1 27.4454 30.9854 0.0742929 0.0776236
1 28.5613 30.9848 0.0435873 0.0680162
1 29.6757 30.9843 0.0435757 0.0722833
1 30.7903 30.9844 0.0662916 0.0807758
1 31.9076 30.9842 0.0712184 0.0878662
1 33.0245 30.9839 0.0676503 0.098079
1 34.1392 30.9838 0.0596825 0.101761
1 35.2528 30.9829 0.0474002 0.0945793
1 36.3654 30.9814 0.0473977 0.0842284
1 37.4785 30.9794 0.0509281 0.0755947
1 38.5918 30.9768 0.0517398 0.0709643
1 39.7029 30.9737 0.0418556 0.065798
1 40.8129 30.9709 0.0285479 0.0590418
1 41.9239 30.9689 0.0370796 0.0454268
1 43.0366 30.9681 0.0309195 0.0266035
1 44.1573 30.9691 0.00857828 0.0115007
1 0.0862792 31.9329 -0.0152348 0.0246498
1 1.20586 31.9328 -0.0446586 0.0443536
1 2.31748 31.9343 -0.0446723 0.0637821
1 3.42811 31.937 -0.0316647 0.0703477
1 4.5385 31.9397 -0.0378931 0.0703818
1 5.65005 31.9428 -0.0454129 0.0751676
1 6.76348 31.9454 -0.0478495 0.0841756
1 7.87643 31.9483 -0.0507666 0.0947137
1 8.98855 31.9499 -0.0491549 0.106817
1 10.1023 31.9507 -0.0538394 0.109716
1 11.2171 31.951 -0.064352 0.102114
1 12.3337 31.9513 -0.0707453 0.093196
1 13.4506 31.9522 -0.0630573 0.0834573
1 14.565 31.9534 -0.0398793 0.0754335
1 15.6784 31.9548 -0.0420565 0.0774853
1 16.7937 31.9558 -0.0742948 0.0902165
1 17.9129 31.9552 -0.0948506 0.0989046
1 19.0349 31.9529 -0.089608 0.104376
1 20.1576 31.95 -0.0670473 0.108186
1 21.2795 31.9481 -0.036138 0.111479
1 22.4 31.9478 0.00412079 0.113691
1 23.5213 31.9489 0.0488865 0.111191
1 24.6434 31.9512 0.0816141 0.106857
1 25.7659 31.9541 0.0927839 0.102515
1 26.8873 31.9558 0.0906961 0.0950628
1 28.0043 31.9556 0.0676538 0.0834905
1 29.1181 31.9541 0.0413633 0.0754145
1 30.232 31.953 0.048464 0.0783139
1 31.3479 31.9522 0.0645958 0.0891103
1 32.4654 31.9514 0.0716363 0.0997335
1 33.581 31.9511 0.0651074 0.106916
1 34.6947 31.9507 0.0434878 0.108985
1 35.807 31.9495 0.0408581 0.10226
1 36.9191 31.947 0.0500135 0.0872393
1 38.0327 31.9442 0.0548254 0.078795
1 39.1458 31.9413 0.0573512 0.0705211
1 40.2572 31.9383 0.0492072 0.0717741
1 41.3682 31.9351 0.0534027 0.0632549
1 42.4799 31.9328 0.0604164 0.0541225
1 43.5937 31.932 0.0504196 0.0342211
1 0.648512 32.8973 -0.0625607 0.0517714
1 1.76219 32.8986 -0.0656757 0.0636192
1 2.87422 32.9009 -0.0481695 0.0631599
1 3.98607 32.9035 -0.0428737 0.0683963
1 5.09735 32.9065 -0.0522801 0.0699321
1 6.21002 32.9099 -0.0572766 0.080734
1 7.32307 32.9133 -0.0547779 0.0908635
1 8.43516 32.9158 -0.0442758 0.102263
1 9.54776 32.9169 -0.0415089 0.104507
1 10.6615 32.9175 -0.0636191 0.102645
1 11.7765 32.9179 -0.0726022 0.09257
1 12.8937 32.919 -0.0601035 0.0764052
1 14.0095 32.9211 -0.0450776 0.0651731
1 15.1226 32.9236 -0.042935 0.0669231
1 16.2359 32.9253 -0.067816 0.0804616
1 17.3533 32.925 -0.0920806 0.0906728
1 18.4752 32.9224 -0.0966824 0.0939964
1 19.5975 32.9195 -0.0844702 0.0966842
1 20.7192 32.9176 -0.0513296 0.0985513
1 21.8399 32.9166 -0.00755362 0.098943
1 22.9598 32.9167 0.0320809 0.0970855
1 24.0814 32.9182 0.0682592 0.0965768
1 25.2037 32.9209 0.0940638 0.0973732
1 26.3261 32.9238 0.099094 0.0941309
1 27.4461 32.9254 0.0817466 0.085916
1 28.562 32.9249 0.0462195 0.0753262
1 29.6751 32.9226 0.0384007 0.0660743
1 30.7883 32.9205 0.0580307 0.0694947
1 31.9042 32.919 0.0653863 0.0831022
1 33.0206 32.9181 0.063079 0.0984467
1 34.1353 32.9174 0.0544212 0.104711
1 35.249 32.9165 0.0458549 0.103543
1 36.3615 32.9148 0.0507405 0.0967295
1 37.4739 32.9116 0.0473157 0.087457
1 38.5865 32.9083 0.0428394 0.076068
1 39.6981 32.9047 0.031192 0.0671469
1 40.8093 32.902 0.026597 0.0676797
1 41.9204 32.8991 0.0446385 0.0667331
1 43.032 32.8971 0.04983 0.0574037
1 44.1508 32.8968 0.0194087 0.040732
1 0.0917258 33.8628 -0.0340336 0.0661008
1 1.21037 33.8631 -0.0546804 0.0628719
1 2.32299 33.8645 -0.0416046 0.0596374
1 3.43538 33.8667 -0.0286983 0.0606887
1 4.54644 33.8701 -0.0340478 0.0636345
1 5.65724 33.8739 -0.0453063 0.0739683
1 6.76937 33.8777 -0.0445149 0.0789613
1 7.88172 33.8802 -0.0474233 0.0840794
1 8.99433 33.8817 -0.0442217 0.0869345
1 10.1078 33.8829 -0.053388 0.0872822
1 11.2221 33.8834 -0.0632141 0.075011
1 12.338 33.8841 -0.0606322 0.0563474
1 13.4537 33.8866 -0.0606555 0.0407368
1 14.5663 33.89 -0.0453905 0.0363847
1 15.6794 33.8922 -0.0483891 0.0475077
1 16.7959 33.892 -0.0853702 0.0557273
1 17.9163 33.89 -0.103585 0.0584761
1 19.0384 33.8872 -0.0922526 0.0618572
1 20.1599 33.8848 -0.0688389 0.0574182
1 21.2805 33.8836 -0.0357923 0.0530161
1 22.3996 33.8835 0.00714701 0.0541927
1 23.5196 33.8838 0.0499796 0.0564927
1 24.6407 33.8855 0.0837365 0.0574772
1 25.7626 33.8885 0.0988576 0.0595025
1 26.8851 33.8912 0.101165 0.0603782
1 28.0031 33.8925 0.0778376 0.0549664
1 29.117 33.8918 0.0446993 0.0458408
1 30.2299 33.8889 0.0443163 0.037274
1 31.3443 33.8859 0.0557771 0.0447221
1 32.4604 33.8842 0.0655816 0.064607
1 33.5754 33.8835 0.0630213 0.0810472
1 34.6887 33.8823 0.041743 0.0868658
1 35.8011 33.8809 0.04107 0.0886895
1 36.9136 33.8791 0.0555995 0.0834495
1 38.0267 33.8759 0.0612161 0.0756339
1 39.1392 33.8719 0.0591885 0.0691575
1 40.2502 33.8679 0.0433859 0.0614689
1 41.3623 33.8651 0.0443724 0.0581212
1 42.4752 33.8632 0.0662528 0.0624404
1 43.5897 33.862 0.0687632 0.0664463
1 0.652296 34.8276 -0.0659502 0.0756873
1 1.76773 34.8275 -0.0632318 0.0610314
1 2.88153 34.8291 -0.0523812 0.0599421
1 3.99369 34.8327 -0.055504 0.0622178
1 5.10468 34.8372 -0.0650404 0.0696482
1 6.21715 34.841 -0.0625192 0.0711265
1 7.33036 34.8437 -0.0576 0.0825358
1 8.44269 34.8452 -0.0480907 0.0872532
1 9.55504 34.8469 -0.044628 0.0797417
1 10.6683 34.8473 -0.0641025 0.0713304
1 11.7827 34.8478 -0.0654584 0.0537992
1 12.8982 34.8501 -0.0578 0.0331075
1 14.0123 34.8532 -0.051681 0.0237779
1 15.1257 34.8555 -0.0514631 0.0312506
1 16.2402 34.8558 -0.0810909 0.0380113
1 17.3582 34.8539 -0.103337 0.0360844
1 18.4805 34.8513 -0.098516 0.0320517
1 19.6018 34.8491 -0.0815164 0.0289801
1 20.7213 34.8477 -0.0497155 0.0253009
1 21.8403 34.8471 -0.0071889 0.0183328
1 22.9587 34.8472 0.0310154 0.0193994
1 24.0784 34.8481 0.0652309 0.0299795
1 25.1988 34.8501 0.0958643 0.0324882
1 26.3206 34.8526 0.105307 0.0351322
1 27.4416 34.855 0.0912183 0.0398925
1 28.5585 34.8564 0.0594532 0.0367645
1 29.6721 34.8553 0.0489192 0.026796
1 30.7847 34.8524 0.0614347 0.026759
1 31.8992 34.8494 0.0637152 0.0398486
1 33.0145 34.8479 0.0604152 0.0621195
1 34.1287 34.8475 0.0544127 0.0786695
1 35.2421 34.8461 0.0468937 0.0829651
1 36.3542 34.8443 0.0521532 0.0869117
1 37.467 34.8425 0.0496704 0.0801782
1 38.5796 34.8391 0.0479474 0.0759478
1 39.6903 34.8352 0.0416359 0.0658882
1 40.8009 34.8304 0.0353416 0.0628853
1 41.9134 34.8277 0.0477324 0.0613796
1 43.0271 34.8268 0.0576318 0.065291
1 44.1465 34.8272 0.0412639 0.080201
1 0.0947425 35.7928 -0.0481857 0.0853498
1 1.21522 35.7904 -0.0626034 0.0713764
1 2.32886 35.7913 -0.0594498 0.0734813
1 3.4412 35.7948 -0.0482471 0.0705161
1 4.55238 35.8 -0.0530375 0.0751493
1 5.66417 35.8039 -0.0569764 0.0913406
1 6.77722 35.8071 -0.0623609 0.0995477
1 7.89 35.8092 -0.0603423 0.104596
1 9.00215 35.8108 -0.049714 0.0975736
1 10.1152 35.8119 -0.0565968 0.0941957
1 11.2287 35.8123 -0.0625548 0.0815279
1 12.3433 35.8139 -0.0667765 0.0601238
1 13.4582 35.8165 -0.0743394 0.0522894
1 14.5712 35.8184 -0.0604202 0.0576754
1 15.6854 35.8187 -0.067451 0.0615775
1 16.8026 35.8169 -0.0917437 0.0566751
1 17.9228 35.8146 -0.0999592 0.0534389
1 19.0437 35.8127 -0.0925779 0.0469788
1 20.163 35.8116 -0.0650074 0.0386625
1 21.2819 35.8107 -0.030939 0.0347189
1 22.3993 35.8105 0.0058489 0.0348482
1 23.5172 35.811 0.0425669 0.0383397
1 24.6365 35.812 0.0779678 0.0446419
1 25.7568 35.8135 0.103271 0.0499438
1 26.8783 35.8159 0.107762 0.0570831
1 27.9967 35.8182 0.0898779 0.0611113
1 29.1116 35.8193 0.062652 0.0597144
1 30.2253 35.8183 0.0573989 0.0528638
1 31.3398 35.8157 0.0645059 0.0520106
1 32.4549 35.8133 0.0711873 0.0697166
1 33.5685 35.8125 0.0679305 0.0904228
1 34.6815 35.8116 0.0480457 0.0964693
1 35.7939 35.8101 0.0479619 0.107104
1 36.9058 35.8087 0.0636785 0.105904
1 38.0191 35.8059 0.0693589 0.0907813
1 39.1321 35.8021 0.073791 0.0834922
1 40.2442 35.7971 0.0683312 0.0719896
1 41.3563 35.7922 0.067271 0.0721155
1 42.4698 35.7899 0.0707909 0.0719719
1 43.5856 35.7909 0.0621659 0.0796722
1 0.657106 36.7552 -0.0618019 0.0862137
1 1.77127 36.7546 -0.0747034 0.0829893
1 2.88405 36.7571 -0.0704518 0.0733785
1 3.99692 36.7621 -0.0759222 0.072605
1 5.11009 36.7677 -0.0843999 0.0864372
1 6.22361 36.7719 -0.0796718 0.100272
1 7.33739 36.7747 -0.0695291 0.109256
1 8.44966 36.7766 -0.0533278 0.110334
1 9.56175 36.7785 -0.0538897 0.103267
1 10.6743 36.7798 -0.0698353 0.0970777
1 11.7875 36.7807 -0.0738512 0.0821982
1 12.9027 36.7825 -0.078755 0.0707556
1 14.0181 36.7839 -0.0714948 0.0750978
1 15.1329 36.7841 -0.0673907 0.0798542
1 16.2481 36.7826 -0.0911343 0.0749566
1 17.3656 36.7808 -0.102735 0.0701947
1 18.4862 36.7793 -0.0968727 0.0599584
1 19.6052 36.7784 -0.0743479 0.052926
1 20.7232 36.7781 -0.0415928 0.0516976
1 21.8408 36.7778 -0.00780068 0.0478326
1 22.9575 36.7778 0.0315246 0.0476259
1 24.0755 36.7782 0.0619749 0.0553232
1 25.1944 36.7788 0.088028 0.0608698
1 26.3144 36.78 0.100912 0.0649441
1 27.434 36.782 0.0931952 0.073105
1 28.5513 36.7838 0.0743086 0.0774901
1 29.6658 36.7847 0.0712398 0.076213
1 30.7793 36.784 0.0798652 0.072748
1 31.8945 36.7821 0.071426 0.0738655
1 33.0091 36.7806 0.0648215 0.0889759
1 34.122 36.7797 0.0641682 0.104302
1 35.2348 36.7779 0.0584253 0.108316
1 36.347 36.7759 0.066916 0.109653
1 37.4604 36.7736 0.075133 0.107067
1 38.5742 36.7701 0.0756159 0.0959764
1 39.687 36.765 0.0695158 0.078082
1 40.799 36.7595 0.0553067 0.073907
1 41.9111 36.7555 0.0671086 0.0821921
1 43.0235 36.7539 0.0660021 0.0829099
1 44.1437 36.7565 0.0484552 0.0849882
1 0.0973528 37.72 -0.0476893 0.0809494
1 1.21671 37.7196 -0.0638511 0.0907538
1 2.32828 37.7209 -0.0596306 0.0890646
1 3.4397 37.7241 -0.0657058 0.0787783
1 4.55198 37.7295 -0.0877104 0.0763746
1 5.66593 37.7352 -0.0921693 0.0878208
1 6.78112 37.7391 -0.0888885 0.0988661
1 7.89497 37.7423 -0.0792521 0.102743
1 9.00727 37.7453 -0.0689302 0.102703
1 10.12 37.7476 -0.0705304 0.096385
1 11.2328 37.7487 -0.0710835 0.0867717
1 12.3475 37.7495 -0.0832723 0.0757705
1 13.4636 37.7503 -0.091409 0.0755065
1 14.578 37.7501 -0.0768854 0.0792645
1 15.6927 37.7488 -0.0818606 0.0718468
1 16.8094 37.7475 -0.0925664 0.0618016
1 17.9283 37.7465 -0.095129 0.0558201
1 19.0473 37.746 -0.0884964 0.0500462
1 20.1652 37.7462 -0.0572075 0.0449534
1 21.2828 37.7462 -0.0285763 0.0412997
1 22.3992 37.7459 0.00353118 0.0426132
1 23.5162 37.7463 0.0426727 0.043948
1 24.6338 37.7462 0.0719416 0.0470559
1 25.7524 37.7461 0.0943573 0.0533438
1 26.8716 37.7471 0.104634 0.0598985
1 27.9889 37.7485 0.0945062 0.0678617
1 29.1044 37.7498 0.0743592 0.0758543
1 30.2193 37.7507 0.0778005 0.0762134
1 31.3351 37.7506 0.0887748 0.075498
1 32.4508 37.7498 0.0867424 0.0838836
1 33.5644 37.7489 0.0819572 0.092294
1 34.6771 37.747 0.0657941 0.0982145
1 35.7893 37.7442 0.0658446 0.106404
1 36.9019 37.741 0.0845416 0.101955
1 38.0166 37.7375 0.0977024 0.0937361
1 39.1317 37.7328 0.105922 0.0846649
1 40.245 37.7271 0.0905261 0.0801306
1 41.357 37.7224 0.0742581 0.0810796
1 42.4682 37.7201 0.0761503 0.0934397
1 43.5807 37.7192 0.0702939 0.0912872
1 0.659406 38.6837 -0.0773058 0.0827535
1 1.77205 38.6855 -0.0747006 0.0874024
1 2.88166 38.6875 -0.0743584 0.0930748
1 3.99196 38.6905 -0.0936069 0.0828235
1 5.10478 38.695 -0.115114 0.0750388
1 6.22075 38.6999 -0.11831 0.0744325
1 7.33638 38.7046 -0.105277 0.0801683
1 8.44989 38.7089 -0.0863699 0.0826568
1 9.56295 38.7127 -0.0807433 0.079006
1 10.6759 38.715 -0.0927571 0.0789586
1 11.7899 38.7152 -0.102558 0.0757674
1 12.9065 38.7149 -0.102862 0.0683077
1 14.023 38.7144 -0.0887802 0.067477
1 15.1385 38.7132 -0.0790874 0.0605774
1 16.2538 38.712 -0.0929727 0.046838
1 17.3707 38.7115 -0.0988918 0.041358
1 18.4892 38.7118 -0.0936002 0.0387352
1 19.6068 38.7122 -0.0695314 0.0346169
1 20.7241 38.7126 -0.0384087 0.0317078
1 21.8407 38.7129 -0.0086507 0.032136
1 22.957 38.7128 0.029088 0.0302161
1 24.0745 38.7126 0.0589761 0.0301908
1 25.1921 38.7121 0.0820496 0.0375529
1 26.3107 38.7117 0.096272 0.0402602
1 27.4291 38.7119 0.0970041 0.0429531
1 28.5455 38.7129 0.0841351 0.0538874
1 29.66 38.7141 0.0856701 0.0648029
1 30.7746 38.715 0.103507 0.0677094
1 31.8915 38.7159 0.101726 0.0717706
1 33.0077 38.716 0.0948194 0.0787992
1 34.1216 38.7146 0.0900621 0.082398
1 35.2349 38.7115 0.085667 0.0820087
1 36.3479 38.7071 0.0968301 0.0800414
1 37.4625 38.7024 0.110145 0.0792155
1 38.5788 38.6978 0.112304 0.0766318
1 39.6933 38.6931 0.0969143 0.0740999
1 40.8043 38.6892 0.0718601 0.0871057
1 41.9138 38.6869 0.0683942 0.0932621
1 43.0241 38.685 0.0718083 0.0883171
1 44.1426 38.6821 0.0579249 0.0805149
1 0.0956324 39.6448 -0.0698759 0.0720734
1 1.21487 39.6488 -0.0839262 0.0772647
1 2.32469 39.6529 -0.0747228 0.0926358
1 3.43318 39.6545 -0.0672063 0.0945107
1 4.54243 39.6562 -0.0903035 0.0859569
1 5.65536 39.6591 -0.116675 0.0782752
1 6.77148 39.6636 -0.122268 0.0676004
1 7.88674 39.6692 -0.11248 0.062598
1 9.00096 39.6746 -0.105324 0.0639416
1 10.1154 39.6787 -0.107364 0.0696297
1 11.2302 39.6796 -0.112319 0.071849
1 12.3476 39.6787 -0.116375 0.0677987
1 13.4654 39.6776 -0.112048 0.0611858
1 14.5807 39.6766 -0.093335 0.0522634
1 15.6958 39.6759 -0.0902233 0.0424864
1 16.8121 39.6759 -0.0951548 0.0365798
1 17.9297 39.6768 -0.094438 0.0330669
1 19.0478 39.6779 -0.0840057 0.0331306
1 20.1656 39.6787 -0.0571086 0.0319137
1 21.2829 39.6792 -0.0277164 0.0292299
1 22.3992 39.6794 0.00695168 0.0305207
1 23.5164 39.6791 0.0419582 0.031155
1 24.6337 39.6784 0.0707085 0.0293494
1 25.7515 39.6775 0.0953479 0.0330885
1 26.87 39.6765 0.104229 0.0361037
1 27.9864 39.6759 0.0947713 0.0368152
1 29.1017 39.6765 0.0813559 0.0464702
1 30.2172 39.6776 0.0951351 0.0580223
1 31.3341 39.6787 0.118107 0.0654169
1 32.4519 39.6799 0.124092 0.0723972
1 33.5678 39.6802 0.116426 0.0724406
1 34.6823 39.6775 0.102227 0.0639067
1 35.7965 39.6721 0.104973 0.0650753
1 36.9113 39.6666 0.123499 0.0655515
1 38.0275 39.6614 0.129711 0.0686683
1 39.1428 39.6576 0.119304 0.0810928
1 40.2545 39.6552 0.0948336 0.0886436
1 41.364 39.6541 0.0856636 0.0966075
1 42.4732 39.6518 0.0970086 0.0854622
1 43.5858 39.6477 0.100096 0.0781978
1 0.649987 40.6101 -0.109007 0.0815374
1 1.7623 40.6167 -0.105337 0.0865586
1 2.87268 40.6204 -0.0950986 0.0951722
1 3.98251 40.6216 -0.0923142 0.10795
1 5.09256 40.6222 -0.103787 0.105239
1 6.20563 40.624 -0.116224 0.0883792
1 7.32069 40.6284 -0.118998 0.0744915
1 8.43569 40.6341 -0.113179 0.066193
1 9.55126 40.6402 -0.114154 0.0631094
1 10.6677 40.6428 -0.128712 0.0775605
1 11.7857 40.642 -0.133596 0.0787126
1 12.9047 40.6408 -0.117862 0.0666844
1 14.0219 40.64 -0.0933735 0.0548231
1 15.1378 40.6397 -0.0789939 0.0462032
1 16.2533 40.6403 -0.0889381 0.0396119
1 17.3696 40.6417 -0.0954077 0.0345525
1 18.4877 40.6434 -0.0884766 0.0335
1 19.6057 40.6448 -0.0688747 0.0321608
1 20.7235 40.6456 -0.0423555 0.0334824
1 21.8408 40.6463 -0.00690177 0.0368736
1 22.9579 40.6461 0.0283616 0.0325711
1 24.0758 40.6452 0.055865 0.0311939
1 25.1937 40.6442 0.0808462 0.0352482
1 26.3121 40.6429 0.0908771 0.0346971
1 27.4299 40.6413 0.0910089 0.0356367
1 28.5458 40.6401 0.0880225 0.0410284
1 29.6606 40.64 0.0914429 0.0505729
1 30.7764 40.6408 0.111746 0.0619324
1 31.8953 40.6422 0.126552 0.0725558
1 33.0146 40.6434 0.128988 0.0793602
1 34.1318 40.6426 0.119825 0.0712773
1 35.2477 40.6375 0.113249 0.0616776
1 36.3629 40.6312 0.114553 0.069146
1 37.4783 40.626 0.11453 0.0794537
1 38.5933 40.6226 0.104021 0.0942709
1 39.705 40.6215 0.0866274 0.102525
1 40.8141 40.621 0.0731859 0.103144
1 41.9236 40.6197 0.0877919 0.0939208
1 43.0341 40.6146 0.10216 0.0817029
1 44.1531 40.6073 0.0954108 0.0735967
1 0.0795168 41.5681 -0.0998082 0.0830594
1 1.19875 41.5781 -0.106467 0.0872742
1 2.31077 41.5833 -0.092731 0.0912337
1 3.4218 41.5865 -0.0806156 0.102242
1 4.53201 41.5874 -0.0800475 0.104793
1 5.64305 41.5878 -0.0847633 0.108436
1 6.75604 41.5893 -0.093388 0.0942919
1 7.87023 41.5933 -0.101289 0.0779916
1 8.98534 41.5987 -0.106259 0.0660619
1 10.1027 41.6033 -0.122246 0.0753382
1 11.222 41.6038 -0.130905 0.0791954
1 12.343 41.6026 -0.119766 0.0675247
1 13.4624 41.6022 -0.101546 0.0559487
1 14.5784 41.6025 -0.0812541 0.0447324
1 15.6938 41.6038 -0.0763907 0.0359442
1 16.81 41.6056 -0.081435 0.0318397
1 17.9275 41.6077 -0.0795549 0.0285931
1 19.046 41.6096 -0.0683538 0.0289899
1 20.1642 41.6109 -0.0507501 0.0309099
1 21.2821 41.6118 -0.0255388 0.0311528
1 22.3999 41.6122 0.00761571 0.0310161
1 23.5177 41.6114 0.0366343 0.0319022
1 24.6355 41.6104 0.0610792 0.0320578
1 25.7539 41.609 0.081475 0.0302523
1 26.872 41.6069 0.0838348 0.0305456
1 27.9886 41.6047 0.0758703 0.0310035
1 29.1044 41.6033 0.0720889 0.0374529
1 30.2201 41.6028 0.0870506 0.0499285
1 31.3378 41.603 0.114847 0.0615237
1 32.4583 41.6038 0.135292 0.0762018
1 33.5783 41.6046 0.131429 0.0790598
1 34.6966 41.6018 0.109622 0.064531
1 35.8129 41.5959 0.100707 0.0720917
1 36.9276 41.5908 0.101578 0.0845388
1 38.042 41.5875 0.0990666 0.0944519
1 39.1548 41.5865 0.0977201 0.10628
1 40.266 41.5869 0.0924615 0.113175
1 41.3769 41.586 0.0942815 0.099321
1 42.4887 41.5821 0.103931 0.0855293
1 43.6024 41.5754 0.105084 0.0903382
1 0.630179 42.5383 -0.106343 0.0921076
1 1.74496 42.5443 -0.100877 0.0889183
1 2.85731 42.5486 -0.0993509 0.0881934
1 3.97036 42.5508 -0.095935 0.0910654
1 5.08268 42.5519 -0.0940727 0.0909649
1 6.19522 42.5527 -0.0886641 0.0891614
1 7.30851 42.5545 -0.0853233 0.0855184
1 8.42252 42.5576 -0.0845453 0.0747847
1 9.53823 42.5617 -0.0998421 0.0658592
1 10.6581 42.5632 -0.129415 0.0708185
1 11.78 42.5625 -0.13253 0.0622127
1 12.9009 42.563 -0.109682 0.0429391
1 14.0191 42.5646 -0.0796037 0.0301408
1 15.1355 42.5662 -0.0634562 0.0220177
1 16.2518 42.5686 -0.0692684 0.0202441
1 17.3688 42.5716 -0.0730978 0.0189146
1 18.4872 42.574 -0.0683102 0.0194392
1 19.6054 42.5759 -0.0530747 0.0207066
1 20.723 42.577 -0.031431 0.021247
1 21.8408 42.5774 -0.00580092 0.0227464
1 22.9585 42.5772 0.0192278 0.019265
1 24.0762 42.5766 0.0439164 0.0225522
1 25.1945 42.5752 0.0648322 0.0231094
1 26.3131 42.5729 0.0702482 0.0170243
1 27.4308 42.5701 0.0704986 0.0200893
1 28.5476 42.5675 0.0684827 0.0212673
1 29.6635 42.5655 0.0725243 0.023568
1 30.78 42.5644 0.0965916 0.0366944
1 31.8999 42.5637 0.117635 0.0523949
1 33.0216 42.5638 0.125541 0.0664577
1 34.1423 42.5632 0.116182 0.0685756
1 35.2605 42.5597 0.100536 0.0658879
1 36.376 42.5553 0.0916667 0.0722239
1 37.4908 42.5521 0.0863238 0.0850113
1 38.6043 42.551 0.0798343 0.0955209
1 39.7154 42.5511 0.0685486 0.0972662
1 40.8264 42.5508 0.0700683 0.0917544
1 41.9389 42.5476 0.0828372 0.0893583
1 43.0519 42.5429 0.0893074 0.0921795
1 44.1725 42.5356 0.0748402 0.107336
1 0.0607795 43.4995 -0.0736362 0.110456
1 1.18182 43.5053 -0.085948 0.0951333
1 2.29494 43.51 -0.0748432 0.0965303
1 3.40804 43.5122 -0.0684743 0.0887221
1 4.52042 43.5145 -0.0749038 0.0847372
1 5.63315 43.5159 -0.0778835 0.0872401
1 6.74664 43.5169 -0.0802106 0.0867919
1 7.86116 43.5184 -0.0860766 0.0844418
1 8.97663 43.5203 -0.0862358 0.0812671
1 10.0949 43.5212 -0.10582 0.0809533
1 11.2162 43.521 -0.12335 0.0678075
1 12.3379 43.5218 -0.110942 0.0407114
1 13.4581 43.5242 -0.088836 0.0203499
1 14.5753 43.527 -0.0720283 0.0114187
1 15.6921 43.5301 -0.0698935 0.0113295
1 16.81 43.5338 -0.0717078 0.0147819
1 17.9282 43.5371 -0.0716448 0.0142307
1 19.0467 43.5395 -0.061469 0.0142888
1 20.165 43.5411 -0.0409384 0.0167234
1 21.2825 43.542 -0.0186925 0.01689
1 22.3998 43.542 0.00513418 0.0188834
1 23.5171 43.5417 0.0315731 0.019061
1 24.6349 43.5408 0.0520845 0.015455
1 25.7534 43.5385 0.0676707 0.0135651
1 26.8715 43.5352 0.0727544 0.0146808
1 27.9892 43.5318 0.067864 0.0123128
1 29.1066 43.5286 0.0670299 0.0099753
1 30.224 43.5259 0.0827371 0.0168766
1 31.343 43.5239 0.104398 0.0306398
1 32.4637 43.5224 0.122754 0.0558778
1 33.585 43.5219 0.116643 0.0743499
1 34.7051 43.5211 0.0890395 0.0766312
1 35.822 43.5187 0.0775465 0.0783307
1 36.9365 43.5159 0.0728393 0.0844808
1 38.05 43.5152 0.0731271 0.0931853
1 39.1623 43.5155 0.0786159 0.092763
1 40.2744 43.5144 0.0844956 0.0894342
1 41.3879 43.5119 0.0824301 0.0897486
1 42.5003 43.5089 0.0830487 0.089651
1 43.6152 43.504 0.0930012 0.0944604
1 0.618814 44.4667 -0.0824273 0.103138
1 1.7342 44.4712 -0.0785792 0.0934563
1 2.84768 44.4739 -0.0747085 0.0997407
1 3.96124 44.4764 -0.0719786 0.0946467
1 5.07463 44.4783 -0.0716282 0.0906226
1 6.18774 44.4798 -0.065085 0.0921136
1 7.30148 44.4802 -0.064318 0.0995749
1 8.4166 44.4802 -0.0719841 0.0985343
1 9.53391 44.4802 -0.0829695 0.0954787
1 10.6537 44.4795 -0.10133 0.0877868
1 11.7745 44.4798 -0.106346 0.0565758
1 12.8947 44.4826 -0.0928682 0.02607
1 14.0131 44.4862 -0.0768354 0.00880879
1 15.131 44.4899 -0.0725821 0.00502884
1 16.2497 44.4942 -0.0774738 0.0138592
1 17.3683 44.4989 -0.0777203 0.014251
1 18.4872 44.5022 -0.0726154 0.0148866
1 19.6059 44.5043 -0.0556912 0.0189506
1 20.7236 44.5059 -0.0300361 0.0186276
1 21.8408 44.5063 -0.00608387 0.0235002
1 22.9582 44.5062 0.0195323 0.0220411
1 24.0759 44.5054 0.0461694 0.0184398
1 25.1943 44.5035 0.0653286 0.0167931
1 26.3132 44.5005 0.0743271 0.0143344
1 27.4319 44.4961 0.0787381 0.0145264
1 28.5506 44.4918 0.0752248 0.00778693
1 29.6685 44.4881 0.0758506 0.00420673
1 30.7866 44.485 0.0870073 0.0187536
1 31.9061 44.4824 0.0936415 0.0408923
1 33.0263 44.4805 0.0992617 0.0720716
1 34.1466 44.4801 0.0941807 0.0935462
1 35.2654 44.4798 0.0799694 0.0952415
1 36.3816 44.479 0.0680412 0.0941238
1 37.496 44.4787 0.0666757 0.101999
1 38.6098 44.4794 0.0701952 0.102201
1 39.7225 44.4787 0.0645928 0.089065
1 40.8352 44.4759 0.0566949 0.0948927
1 41.9474 44.4742 0.0597554 0.103883
1 43.0598 44.4699 0.0660293 0.0776368
1 44.1806 44.4668 0.0715494 0.0823255
1 0.0536933 45.4291 -0.0566864 0.0877164
1 1.17456 45.4313 -0.0613795 0.0838302
1 2.28791 45.435 -0.059646 0.0935786
1 3.40154 45.4374 -0.0520319 0.0865837
1 4.51521 45.44 -0.0599576 0.0849291
1 5.62855 45.4422 -0.0619496 0.0893901
1 6.74296 45.4428 -0.0609292 0.0955838
1 7.85793 45.4417 -0.067798 0.10367
1 8.9741 45.4398 -0.0776211 0.106407
1 10.0932 45.4384 -0.0850209 0.0920772
1 11.2129 45.4386 -0.0879051 0.0670902
1 12.3317 45.4413 -0.0847209 0.0340838
1 13.4501 45.4448 -0.0760494 0.00604388
1 14.5676 45.4486 -0.0745879 -0.00665156
1 15.6859 45.453 -0.0844576 -0.0014129
1 16.8063 45.4584 -0.0873242 0.00339139
1 17.9259 45.4636 -0.0822938 0.005259
1 19.0451 45.4669 -0.0726068 0.00842786
1 20.1644 45.4688 -0.049676 0.00923949
1 21.2822 45.4701 -0.0178515 0.0127708
1 22.3997 45.4704 0.00775171 0.0166473
1 23.5176 45.4696 0.0348652 0.0117192
1 24.6361 45.468 0.0619503 0.00514704
1 25.7553 45.4654 0.0806483 0.00867963
1 26.8745 45.4608 0.0867455 0.00755267
1 27.9946 45.4551 0.0823932 -0.000986377
1 29.1139 45.4507 0.0777421 -0.00566682
1 30.232 45.4474 0.0745749 -0.00047105
1 31.3499 45.4444 0.075686 0.017842
1 32.4679 45.4409 0.0852399 0.050188
1 33.5871 45.4389 0.0873757 0.0798408
1 34.7067 45.4388 0.0775157 0.097271
1 35.824 45.4397 0.0677785 0.108161
1 36.9391 45.441 0.0596168 0.102022
1 38.0534 45.4422 0.0615272 0.099494
1 39.1668 45.4425 0.0682355 0.0892846
1 40.2804 45.4399 0.0661451 0.0851628
1 41.3937 45.4375 0.066051 0.0932624
1 42.5065 45.4354 0.0751383 0.0918121
1 43.62 45.4293 0.0603555 0.0794916
1 0.615095 46.3911 -0.0630686 0.0808894
1 1.72823 46.3963 -0.0658822 0.0944327
1 2.8418 46.3977 -0.0694729 0.0881471
1 3.95686 46.4005 -0.069528 0.0788243
1 5.07156 46.4041 -0.0655463 0.0779731
1 6.18602 46.4058 -0.0607382 0.0917174
1 7.30059 46.405 -0.0619314 0.105715
1 8.41577 46.4019 -0.0662593 0.115513
1 9.53282 46.3983 -0.0757515 0.103213
1 10.652 46.398 -0.0815672 0.0766161
1 11.7702 46.401 -0.075617 0.0444074
1 12.8877 46.4049 -0.0638852 0.0160041
1 14.0045 46.4084 -0.0623891 0.000138251
1 15.1216 46.4115 -0.0725872 -0.00657794
1 16.2412 46.4161 -0.0893416 -0.00349632
1 17.362 46.4233 -0.0948987 0.00207496
1 18.4826 46.4282 -0.0860023 0.00238013
1 19.603 46.4306 -0.0649557 -0.00352615
1 20.7223 46.4326 -0.0362982 0.00161666
1 21.841 46.4338 -0.00674744 0.0152252
1 22.9593 46.4335 0.0224761 0.00818726
1 24.0779 46.4318 0.0517468 -0.00346189
1 25.1981 46.4296 0.0776291 0.00143429
1 26.3183 46.4259 0.0895483 0.00467546
1 27.4385 46.4191 0.0908159 0.000819439
1 28.5591 46.4131 0.0844861 -0.00671754
1 29.6776 46.4103 0.0722844 -0.00747982
1 30.7946 46.4078 0.0650262 0.00470298
1 31.9122 46.4044 0.0677589 0.0301832
1 33.0297 46.4003 0.073151 0.0609617
1 34.1479 46.3981 0.0740508 0.0909774
1 35.2658 46.3994 0.0707356 0.109665
1 36.3817 46.4024 0.0655238 0.110131
1 37.4966 46.4045 0.0599469 0.103897
1 38.6112 46.4058 0.0644267 0.0905414
1 39.7257 46.4038 0.06585 0.0746566
1 40.8403 46.4007 0.0608057 0.0835054
1 41.9541 46.3985 0.0654373 0.0892448
1 43.0686 46.3951 0.0798036 0.0916532
1 44.1908 46.3847 0.0710222 0.080224
1 0.0444216 47.3465 -0.082478 0.0727723
1 1.16661 47.3622 -0.0726486 0.0905192
1 2.28231 47.364 -0.0601214 0.105808
1 3.39626 47.3644 -0.0548166 0.0850453
1 4.51152 47.3688 -0.0715257 0.0740165
1 5.62762 47.3723 -0.0786181 0.0876023
1 6.74381 47.3728 -0.0703596 0.102705
1 7.86009 47.3706 -0.0656285 0.118411
1 8.97562 47.3652 -0.0621076 0.123918
1 10.0915 47.3622 -0.0590155 0.0893767
1 11.2083 47.3651 -0.0602899 0.0573348
1 12.3253 47.3691 -0.0557013 0.0307847
1 13.4425 47.3738 -0.0521447 0.00452874
1 14.5595 47.3761 -0.0638626 0.00465509
1 15.6766 47.378 -0.0809419 0.00225145
1 16.7963 47.3848 -0.0954212 -0.00160681
1 17.918 47.3922 -0.0917037 0.00453876
1 19.0401 47.3955 -0.0746508 -0.00488062
1 20.1613 47.3975 -0.0549781 -0.012933
1 21.2807 47.4002 -0.0249431 0.00471053
1 22.4004 47.4008 0.00888635 0.0130623
1 23.5198 47.3989 0.0424806 -0.00474033
1 24.6401 47.3969 0.0668907 -0.0111902
1 25.7621 47.3942 0.0850491 0.00277001
1 26.8835 47.3882 0.0967684 0.0053981
1 28.0041 47.3807 0.0879809 -0.00123199
1 29.1222 47.3767 0.0709855 -0.00223432
1 30.2393 47.3757 0.0547897 -0.000783802
1 31.3569 47.3728 0.0501447 0.0177183
1 32.4739 47.3684 0.0552334 0.0475103
1 33.5905 47.3643 0.0587407 0.0754247
1 34.707 47.3636 0.0624892 0.105761
1 35.8223 47.3668 0.0611823 0.117035
1 36.9373 47.3703 0.0636404 0.111093
1 38.0532 47.3725 0.0767079 0.0998596
1 39.1697 47.3715 0.0834195 0.082691
1 40.2859 47.3682 0.0648705 0.0828428
1 41.4008 47.3671 0.0581154 0.0939356
1 42.5157 47.3629 0.0669075 0.0757636
1 43.634 47.356 0.0781432 0.0911321
