1 0.815351 0.294764 0.0695421 0.0747077
1 1.93258 0.288713 0.0705659 0.0763829
1 3.04706 0.285192 0.0715932 0.0741868
1 4.16069 0.28339 0.0735083 0.0764607
1 5.27361 0.281353 0.0684937 0.0738343
1 6.38664 0.280334 0.0598679 0.0735912
1 7.49801 0.277973 0.0503908 0.073235
1 8.60682 0.276161 0.0147583 0.057516
1 9.71153 0.273715 -0.0192996 0.0523397
1 10.8125 0.268013 -0.0418945 0.0468443
1 11.9142 0.263397 -0.030004 0.0344176
1 13.0171 0.261495 -0.0134717 0.0396602
1 14.1204 0.258007 -0.0183532 0.0544961
1 15.2238 0.252296 -0.021237 0.0526344
1 16.3279 0.248371 -0.0225294 0.0369131
1 17.4328 0.248264 -0.0229679 0.0203187
1 18.5365 0.250445 -0.0156681 0.0123521
1 19.6391 0.252665 -0.00845253 0.0151665
1 20.7421 0.254194 -0.00547525 0.0189127
1 21.8445 0.254895 -0.00186785 0.0190309
1 22.9464 0.25481 0.00288516 0.0190444
1 24.0493 0.253758 0.00758004 0.0173774
1 25.1521 0.251794 0.0109779 0.0122565
1 26.255 0.248968 0.0189156 0.0125359
1 27.3596 0.247203 0.0245149 0.025876
1 28.4644 0.249081 0.0227367 0.0452728
1 29.568 0.254662 0.0220916 0.0586663
1 30.6715 0.260251 0.0143392 0.0517344
1 31.7745 0.262596 0.0155303 0.0347269
1 32.8768 0.265208 0.0409853 0.0388445
1 33.9779 0.271168 0.0353734 0.0520579
1 35.0802 0.275297 0.00133221 0.051283
1 36.1876 0.276293 -0.0317708 0.0645336
1 37.298 0.279168 -0.0591633 0.078647
1 38.4102 0.280896 -0.0642085 0.0705075
1 39.5231 0.281682 -0.0713816 0.0763186
1 40.6365 0.284466 -0.0713894 0.0752231
1 41.7507 0.286485 -0.0716476 0.0745098
1 42.866 0.290738 -0.0720549 0.0752982
1 43.9869 0.306879 -0.0711875 0.0762918
1 0.260813 1.26683 0.0726289 0.0754474
1 1.38103 1.25806 0.0705504 0.0752445
1 2.4941 1.25414 0.0718138 0.0743655
1 3.60668 1.25153 0.0751899 0.0761341
1 4.71917 1.2496 0.0703248 0.0745694
1 5.83169 1.24822 0.0671674 0.0744701
1 6.94373 1.24646 0.0569883 0.0761792
1 8.05407 1.24486 0.0357639 0.0657516
1 9.16132 1.24362 0.00453637 0.0634723
1 10.2651 1.24033 -0.0244747 0.0589381
1 11.3668 1.23628 -0.0298762 0.0431763
1 12.4688 1.23317 -0.0186039 0.0356175
1 13.5716 1.22977 -0.0193819 0.0435094
1 14.6749 1.22496 -0.0231124 0.0521756
1 15.778 1.22033 -0.0151818 0.0432674
1 16.8813 1.21839 -0.0144761 0.0262129
1 17.9845 1.21932 -0.0168707 0.0166312
1 19.0872 1.22153 -0.0107229 0.0129751
1 20.1901 1.22364 -0.00706787 0.0132484
1 21.2931 1.22476 -0.00513171 0.0166081
1 22.3954 1.22501 0.00125091 0.0180256
1 23.4981 1.22455 0.00628092 0.0153277
1 24.6012 1.2229 0.00688693 0.011974
1 25.704 1.22031 0.0150039 0.011945
1 26.8071 1.21808 0.0197055 0.0168936
1 27.9107 1.21809 0.014012 0.0334383
1 29.0136 1.22178 0.0157551 0.0543937
1 30.1166 1.22748 0.0224206 0.0523998
1 31.2199 1.23173 0.0198977 0.0365586
1 32.3226 1.23457 0.0234168 0.0388214
1 33.4241 1.23835 0.0297329 0.0525402
1 34.5266 1.24212 0.0128097 0.0594933
1 35.6322 1.24387 -0.0248882 0.0652589
1 36.7409 1.24551 -0.0503758 0.0742729
1 37.8523 1.24753 -0.0613659 0.0735443
1 38.9646 1.24858 -0.070215 0.072276
1 40.0769 1.2503 -0.0700931 0.0763626
1 41.1896 1.25263 -0.0680421 0.0742726
1 42.3021 1.25573 -0.0725828 0.0724801
1 43.4153 1.26311 -0.0684456 0.0779068
1 0.828261 2.22401 0.0687573 0.0750187
1 1.94173 2.21893 0.0705738 0.0757424
1 3.05349 2.21572 0.0710125 0.0739721
1 4.16547 2.21368 0.0694907 0.0753672
1 5.27752 2.21177 0.0705567 0.0763294
1 6.38918 2.21016 0.0621952 0.0748566
1 7.50034 2.20874 0.0470516 0.0724716
1 8.60893 2.20736 0.0237958 0.0692417
1 9.71437 2.20545 -0.00662832 0.0660747
1 10.8175 2.20291 -0.0202886 0.0584658
1 11.9202 2.20048 -0.0109401 0.0497776
1 13.0235 2.19737 -0.0137669 0.0440179
1 14.1265 2.1932 -0.0247855 0.0411691
1 15.2285 2.18865 -0.0165014 0.0432902
1 16.3306 2.18521 -0.00920564 0.0379081
1 17.4336 2.18454 -0.0174403 0.0228225
1 18.5364 2.18604 -0.0147159 0.0124537
1 19.6388 2.18823 -0.00509564 0.0130172
1 20.7417 2.1899 -0.00433484 0.0157407
1 21.8443 2.19061 -0.00223833 0.0147771
1 22.9466 2.19047 0.00414738 0.0152905
1 24.0498 2.18933 0.00591583 0.0145921
1 25.1526 2.18717 0.00874048 0.0106254
1 26.2549 2.18491 0.0145878 0.0147918
1 27.3578 2.18403 0.0113253 0.0283011
1 28.4604 2.18584 0.0138092 0.0410533
1 29.5624 2.19033 0.0248785 0.0464033
1 30.6649 2.19551 0.0200484 0.0454797
1 31.7684 2.19922 0.0105502 0.0452386
1 32.8717 2.20155 0.0150167 0.0535709
1 33.974 2.20416 0.0142098 0.0643364
1 35.078 2.20634 -0.00640531 0.0662495
1 36.1853 2.20773 -0.0380879 0.071791
1 37.2951 2.20951 -0.058172 0.0754457
1 38.407 2.21104 -0.0633584 0.0736238
1 39.519 2.21238 -0.0717933 0.0733614
1 40.6306 2.21447 -0.072889 0.0756014
1 41.7426 2.21737 -0.0706571 0.0760717
1 42.8545 2.22152 -0.070657 0.0753181
1 43.9758 2.22548 -0.0701728 0.073038
1 0.266765 3.18551 0.0711197 0.0739069
1 1.38776 3.18325 0.0714433 0.07594
1 2.50001 3.17986 0.0720631 0.0763401
1 3.61161 3.17742 0.0738 0.0759604
1 4.72326 3.17527 0.0687961 0.0758486
1 5.83497 3.17369 0.0671471 0.0754322
1 6.94609 3.17207 0.0553378 0.0746517
1 8.05571 3.17078 0.0374671 0.0713057
1 9.16219 3.16914 0.00913268 0.0715356
1 10.266 3.16705 -0.0114363 0.0665409
1 11.3689 3.16542 -0.00610765 0.0618322
1 12.473 3.16346 0.00158654 0.0584565
1 13.5773 3.16052 -0.00861125 0.0487598
1 14.6802 3.15692 -0.0247461 0.0416284
1 15.7819 3.15287 -0.0189536 0.0373518
1 16.8837 3.1504 -0.0106588 0.0284227
1 17.9859 3.15076 -0.0123582 0.0196884
1 19.088 3.1525 -0.00783345 0.0138873
1 20.1904 3.15432 -0.00426751 0.0130586
1 21.2932 3.15562 -0.00359246 0.0153301
1 22.3955 3.15597 0.000295609 0.0159692
1 23.498 3.1552 0.00370769 0.013711
1 24.6007 3.15354 0.00438474 0.011381
1 25.703 3.15143 0.0132152 0.0146392
1 26.8055 3.1499 0.0151409 0.0227519
1 27.9078 3.15068 0.0126885 0.0327923
1 29.0091 3.1543 0.019194 0.0412911
1 30.1107 3.15867 0.0135445 0.0463877
1 31.2142 3.16204 0.00100357 0.0546418
1 32.3192 3.16448 0.0046867 0.0619098
1 33.4228 3.16623 0.0128951 0.0633086
1 34.5257 3.16792 0.00675467 0.0674797
1 35.6309 3.16971 -0.0210521 0.0712881
1 36.7391 3.1712 -0.0468225 0.0744648
1 37.8498 3.17282 -0.0611573 0.0766981
1 38.9613 3.17451 -0.0674403 0.0746557
1 40.0729 3.17624 -0.0706629 0.077317
1 41.1843 3.17846 -0.0703789 0.0743
1 42.2962 3.18171 -0.0697438 0.0751671
1 43.4105 3.18487 -0.0690176 0.0751284
1 0.830928 4.14593 0.0716255 0.0741018
1 1.94545 4.14361 0.070208 0.0756471
1 3.05716 4.14109 0.0737277 0.074045
1 4.16862 4.13906 0.0719871 0.0751119
1 5.28014 4.13707 0.0691671 0.0757647
1 6.39125 4.13545 0.0602727 0.07287
1 7.50158 4.1342 0.0432468 0.0726011
1 8.60937 4.13246 0.0174409 0.072761
1 9.71427 4.13064 -0.00980675 0.0668509
1 10.8171 4.12908 -0.00992464 0.0658853
1 11.9207 4.12751 0.00254323 0.0655121
1 13.0262 4.12572 0.00673429 0.0597878
1 14.1307 4.12356 -0.000163899 0.0509005
1 15.233 4.12087 -0.00901708 0.0423749
1 16.3344 4.11782 -0.0125772 0.0316363
1 17.4362 4.11625 -0.0212197 0.0203603
1 18.538 4.11696 -0.0140194 0.0138476
1 19.6398 4.11885 0.000330196 0.0125669
1 20.7421 4.1204 -0.00227413 0.0136452
1 21.8444 4.12106 -0.00192591 0.0141508
1 22.9465 4.12093 0.00497989 0.0137409
1 24.0492 4.11983 0.00157048 0.0122803
1 25.1513 4.11782 0.00419552 0.0115478
1 26.2529 4.11611 0.0148625 0.0156918
1 27.3545 4.11637 0.013122 0.0245822
1 28.4557 4.11871 0.0159166 0.0365169
1 29.558 4.12181 0.0149141 0.0490453
1 30.6619 4.1246 -0.0054964 0.0591024
1 31.7669 4.1267 -0.0109389 0.062967
1 32.8718 4.12816 0.00570911 0.0642915
1 33.9749 4.12976 0.0107685 0.0671879
1 35.0779 4.13157 -0.00908586 0.069161
1 36.184 4.13304 -0.0367128 0.0705982
1 37.2931 4.13457 -0.0586131 0.0755903
1 38.4041 4.13639 -0.0659711 0.075936
1 39.5155 4.1379 -0.0711004 0.0729191
1 40.6268 4.14003 -0.0718522 0.0738465
1 41.7385 4.14249 -0.0722402 0.075994
1 42.8512 4.1449 -0.0718322 0.0757467
1 43.9721 4.14661 -0.0782092 0.0757383
1 0.26944 5.10798 0.0750124 0.0775221
1 1.39014 5.1063 0.0724968 0.0771104
1 2.50278 5.10466 0.0725577 0.0760111
1 3.61448 5.10244 0.0733014 0.0773138
1 4.72582 5.10065 0.0700182 0.0746355
1 5.8371 5.099 0.0668847 0.0758268
1 6.94764 5.09737 0.0539305 0.0750193
1 8.05641 5.09582 0.0328075 0.0725316
1 9.16209 5.09414 0.0019396 0.0698483
1 10.2651 5.09249 -0.00968169 0.0675796
1 11.3676 5.09088 0.000368132 0.066935
1 12.4725 5.08951 0.0107728 0.0649501
1 13.5778 5.08808 0.0145563 0.0616704
1 14.682 5.08649 -0.00321046 0.0544698
1 15.7856 5.08468 -0.00970438 0.0447944
1 16.888 5.08302 -0.00837992 0.0291276
1 17.989 5.08268 -0.0157456 0.014322
1 19.0896 5.08359 -0.00932997 0.0104318
1 20.1911 5.08495 -0.00196376 0.0128695
1 21.2935 5.08615 -0.00257864 0.0136812
1 22.3953 5.08649 0.000175761 0.013714
1 23.4975 5.0857 0.00124778 0.0139113
1 24.5996 5.0843 0.00276823 0.0109288
1 25.7006 5.0829 0.0188389 0.00893366
1 26.8019 5.08228 0.0188865 0.0192261
1 27.9039 5.08325 0.00271394 0.0392902
1 29.0061 5.08531 -0.00302273 0.0518601
1 30.1093 5.08703 -0.00816502 0.0562325
1 31.2143 5.08844 -0.0116722 0.0651222
1 32.3201 5.09015 -0.00307887 0.0692843
1 33.424 5.09171 0.0133493 0.0650008
1 34.5266 5.0931 0.0111588 0.0682422
1 35.6306 5.09494 -0.0174691 0.0732469
1 36.7381 5.09658 -0.0414586 0.0731138
1 37.8482 5.09794 -0.0609597 0.0743405
1 38.9591 5.09969 -0.0682811 0.0756183
1 40.0705 5.10158 -0.0705154 0.0771491
1 41.1819 5.10346 -0.0722645 0.0766034
1 42.2938 5.10551 -0.0698671 0.0761149
1 43.4087 5.10739 -0.0701345 0.0794915
1 0.83298 6.06901 0.0681941 0.078127
1 1.94715 6.06755 0.0699582 0.0763218
1 3.05923 6.06574 0.0717985 0.0759788
1 4.17068 6.06403 0.0709755 0.0739965
1 5.28214 6.06233 0.0683146 0.0765081
1 6.39291 6.06074 0.0591789 0.0731459
1 7.50276 6.05928 0.0407691 0.0740852
1 8.60958 6.05748 0.0138417 0.0711088
1 9.71327 6.05595 -0.011304 0.0660302
1 10.8153 6.05432 -0.00884432 0.0684072
1 11.919 6.05258 0.00164416 0.0678001
1 13.0249 6.05149 0.0140509 0.0631024
1 14.1296 6.05041 0.0141184 0.0599761
1 15.2335 6.04936 0.00859298 0.0541091
1 16.3368 6.04854 0.00999271 0.0452064
1 17.4394 6.04842 -0.00893476 0.0288229
1 18.5413 6.04924 -0.017787 0.013072
1 19.6419 6.05033 -0.00505032 0.00682869
1 20.7429 6.05121 -0.00382703 0.0103809
1 21.8445 6.05175 -0.0023167 0.0149787
1 22.9461 6.05155 0.00622127 0.0130525
1 24.0479 6.05076 0.00507372 0.00784746
1 25.1486 6.04975 0.00770913 0.0085986
1 26.2493 6.04865 0.00981705 0.0185095
1 27.3514 6.04792 -0.00155447 0.0347825
1 28.4545 6.04825 -0.0019072 0.0523293
1 29.5588 6.04957 -0.00265847 0.0613459
1 30.6634 6.05087 -0.0176403 0.0617364
1 31.7684 6.05188 -0.0169711 0.0643744
1 32.8732 6.05333 0.0013039 0.0685456
1 33.9758 6.05509 0.0140988 0.0665312
1 35.0781 6.05664 -0.00144967 0.0675528
1 36.1833 6.05818 -0.0296717 0.0728511
1 37.2921 6.05984 -0.0513019 0.0739078
1 38.4027 6.06131 -0.0648699 0.0754505
1 39.5139 6.06307 -0.0696358 0.0753758
1 40.6251 6.0649 -0.0731032 0.0753759
1 41.7368 6.06689 -0.0712301 0.0766293
1 42.8495 6.0681 -0.0714403 0.0753695
1 43.9701 6.06953 -0.071174 0.0761725
1 0.270766 7.03119 0.0701711 0.0759301
1 1.39137 7.03045 0.0725085 0.0729774
1 2.50388 7.02932 0.0727193 0.0763981
1 3.61561 7.02763 0.0748379 0.0774344
1 4.72687 7.02592 0.0714195 0.0744798
1 5.83797 7.02449 0.0647552 0.0746626
1 6.94862 7.0228 0.0479241 0.0764796
1 8.05695 7.02121 0.0284561 0.0703773
1 9.16143 7.01994 -0.00185824 0.0689669
1 10.2636 7.01803 -0.014375 0.0700401
1 11.3661 7.0161 -0.00256227 0.0667425
1 12.4707 7.01503 0.0159052 0.0629693
1 13.5754 7.01425 0.0200711 0.0629863
1 14.6798 7.01317 0.00226252 0.0593978
1 15.7846 7.01263 0.00694131 0.0543458
1 16.8884 7.0128 0.0116109 0.0437916
1 17.9912 7.01425 -0.000864441 0.0265735
1 19.0926 7.01627 -0.00112729 0.0146305
1 20.1935 7.01743 -0.00474632 0.00984311
1 21.2946 7.01775 -0.0104358 0.00845196
1 22.395 7.0178 0.0024703 0.00823014
1 23.4957 7.01764 0.00925348 0.00818825
1 24.5968 7.01688 0.00171965 0.0107732
1 25.6979 7.01517 0.00590731 0.0199229
1 26.8005 7.01322 -9.93115e-05 0.0344331
1 27.9042 7.01213 -0.0152524 0.0486923
1 29.0077 7.01232 -0.0153413 0.0585169
1 30.1115 7.01334 -0.0133953 0.0621189
1 31.2165 7.01444 -0.0113494 0.0640872
1 32.3221 7.01551 -0.00498622 0.0668225
1 33.4256 7.01709 0.0112052 0.0673175
1 34.5276 7.01887 0.0167729 0.0677696
1 35.6308 7.02045 -0.0151156 0.070893
1 36.7371 7.022 -0.0418358 0.0733253
1 37.8466 7.02338 -0.0614839 0.073958
1 38.9573 7.025 -0.0668031 0.0756519
1 40.0688 7.0269 -0.0677971 0.077081
1 41.1802 7.02842 -0.0708598 0.0743298
1 42.2922 7.02983 -0.0671101 0.0752123
1 43.4064 7.03093 -0.0673195 0.0769459
1 0.834027 7.99313 0.0707346 0.073813
1 1.94829 7.99218 0.069892 0.075501
1 3.06026 7.99076 0.0725526 0.0735677
1 4.17178 7.98928 0.0707346 0.0769223
1 5.28316 7.9876 0.0688582 0.0774073
1 6.39371 7.98609 0.0583793 0.0745681
1 7.50316 7.98469 0.0383822 0.0737614
1 8.60915 7.98323 0.00824961 0.0723945
1 9.71221 7.98141 -0.0198546 0.0699706
1 10.8139 7.97958 -0.0113399 0.0670847
1 11.9173 7.97823 0.00511443 0.0659808
1 13.0224 7.97736 0.0146883 0.062916
1 14.127 7.97649 0.0113276 0.0624378
1 15.231 7.97563 0.0155213 0.0602876
1 16.3346 7.97564 0.0222974 0.0523241
1 17.4384 7.97725 0.00466176 0.0385948
1 18.5418 7.97999 0.000768952 0.0293343
1 19.6438 7.98237 0.010743 0.0216567
1 20.7451 7.9839 0.00278212 0.0111715
1 21.8451 7.98468 -0.0016802 0.00409214
1 22.9445 7.98444 0.00271598 0.00641991
1 24.0456 7.98323 -0.00550803 0.0152728
1 25.1474 7.98113 -0.0102223 0.0248128
1 26.2496 7.97838 -0.00900172 0.034193
1 27.3528 7.97598 -0.0138141 0.0449872
1 28.4569 7.975 -0.00601691 0.0562087
1 29.5617 7.97555 -0.00565279 0.0634205
1 30.6658 7.97673 -0.0218232 0.0641921
1 31.7703 7.97765 -0.0154856 0.0634936
1 32.8751 7.97869 0.00251062 0.067321
1 33.9773 7.98048 0.017254 0.0702074
1 35.079 7.98242 0.00625293 0.0705428
1 36.1833 7.98393 -0.0293835 0.0718827
1 37.2913 7.98529 -0.0518816 0.0737577
1 38.4015 7.98682 -0.0648267 0.0756664
1 39.5127 7.98821 -0.069103 0.0757345
1 40.6239 7.99001 -0.0726969 0.076098
1 41.7356 7.9916 -0.0707438 0.0761749
1 42.848 7.99282 -0.0722056 0.0715975
1 43.9678 7.99337 -0.0713716 0.0734074
1 0.272727 8.95596 0.071457 0.0708649
1 1.39252 8.95515 0.0701093 0.074077
1 2.50486 8.95402 0.0713585 0.0731681
1 3.61659 8.95253 0.0705487 0.0742859
1 4.7281 8.95083 0.068926 0.0703242
1 5.83905 8.94948 0.0650024 0.0698166
1 6.94925 8.94793 0.0495072 0.0710835
1 8.05686 8.94649 0.0244389 0.0668544
1 9.16079 8.94495 -0.00877819 0.0662924
1 10.2623 8.94287 -0.0183513 0.0642215
1 11.3644 8.94136 -0.00204581 0.0579307
1 12.4686 8.94058 0.0166052 0.05605
1 13.5729 8.93969 0.0171648 0.0579813
1 14.677 8.9384 0.00297601 0.0579905
1 15.7815 8.93805 0.00929508 0.0483022
1 16.8857 8.93941 0.0125372 0.0367773
1 17.9893 8.94214 0.0092783 0.0296152
1 19.0914 8.94535 0.0209744 0.0228247
1 20.1931 8.94843 0.0208963 0.0130591
1 21.2948 8.95077 0.00701695 0.00640402
1 22.3949 8.95137 -0.00308834 0.00606802
1 23.4956 8.94984 -0.0158274 0.0094081
1 24.5975 8.94693 -0.022963 0.0161077
1 25.6998 8.94353 -0.00807364 0.0253216
1 26.8031 8.94038 -0.0084167 0.0338731
1 27.9067 8.93819 -0.0209415 0.0426443
1 29.0103 8.93763 -0.01262 0.0527886
1 30.1144 8.93854 -0.00841582 0.0586954
1 31.2189 8.93992 -0.0128635 0.0585135
1 32.3239 8.94086 -0.00669376 0.0577826
1 33.427 8.94199 0.0134521 0.0604658
1 34.5284 8.94379 0.0260442 0.0654468
1 35.6313 8.94573 -0.00581106 0.0678264
1 36.7371 8.9472 -0.0375969 0.0685824
1 37.8465 8.94864 -0.0591684 0.0701125
1 38.9571 8.95007 -0.07022 0.0695057
1 40.0682 8.95167 -0.0725715 0.0731991
1 41.1796 8.95338 -0.0742065 0.0726829
1 42.2914 8.95477 -0.0707531 0.0730115
1 43.4058 8.95569 -0.0739947 0.0735847
1 0.834535 9.91828 0.066046 0.0709672
1 1.94898 9.91683 0.0687393 0.0708145
1 3.06081 9.91539 0.0724729 0.0709893
1 4.17222 9.91385 0.0711228 0.0689718
1 5.28352 9.91236 0.0665899 0.0689237
1 6.3941 9.91071 0.0562074 0.0653117
1 7.50323 9.9094 0.0335162 0.0635274
1 8.60896 9.90767 -0.00129236 0.0647322
1 9.71159 9.90555 -0.0285505 0.059069
1 10.8125 9.90417 -0.0115254 0.0508886
1 11.9152 9.90338 0.00607347 0.0507278
1 13.0202 9.90208 0.0100158 0.0531672
1 14.1247 9.90066 0.00657294 0.051844
1 15.2283 9.89992 0.0125429 0.0432399
1 16.3318 9.90088 0.0195121 0.0318983
1 17.4355 9.90341 0.00962334 0.023458
1 18.5383 9.90694 0.0159538 0.0166416
1 19.6398 9.91083 0.0287687 0.0115115
1 20.7421 9.91414 0.0190163 0.0111936
1 21.8445 9.91573 0.00436053 0.0130853
1 22.9465 9.91518 -0.00974025 0.0130904
1 24.0492 9.91269 -0.0268197 0.0110653
1 25.1511 9.90889 -0.0268164 0.0117577
1 26.2529 9.90485 -0.0146124 0.0186425
1 27.3558 9.90162 -0.0155929 0.0280903
1 28.4595 9.89982 -0.00795187 0.0382356
1 29.5639 9.89973 -0.00222142 0.0480005
1 30.6679 9.90103 -0.0148731 0.0537254
1 31.7724 9.90259 -0.0121167 0.0516604
1 32.8768 9.9036 0.00265041 0.0502671
1 33.9783 9.90469 0.0212814 0.0553656
1 35.0793 9.90657 0.015782 0.0620245
1 36.1833 9.90841 -0.0219141 0.0632021
1 37.291 9.90986 -0.0485332 0.066197
1 38.4013 9.91163 -0.0623316 0.0683764
1 39.5124 9.91316 -0.0702593 0.0666698
1 40.6234 9.91453 -0.0716879 0.0702204
1 41.7352 9.91636 -0.0698468 0.0724821
1 42.8477 9.91759 -0.0727235 0.0703587
1 43.9675 9.91832 -0.0759111 0.0681286
1 0.272782 10.881 0.0706738 0.0696685
1 1.39313 10.8795 0.0681896 0.0640484
1 2.50546 10.8781 0.0686701 0.0613872
1 3.61707 10.8762 0.0723178 0.0578413
1 4.72823 10.8746 0.0678993 0.055038
1 5.83925 10.8728 0.0621564 0.052891
1 6.94938 10.8711 0.0441247 0.0509958
1 8.05708 10.8692 0.0133177 0.0485578
1 9.16075 10.8671 -0.0174893 0.0417553
1 10.2612 10.8657 -0.0212919 0.0326585
1 11.3625 10.8646 -0.00541164 0.0300403
1 12.4669 10.8632 0.0101406 0.032614
1 13.5714 10.8614 0.0124369 0.0305449
1 14.6752 10.8604 -0.00153995 0.0225324
1 15.7793 10.8609 0.00641571 0.00898261
1 16.8827 10.8632 0.0183904 -0.00202631
1 17.9849 10.8668 0.019404 -0.00831929
1 19.0861 10.8708 0.024388 -0.0097105
1 20.1883 10.8742 0.0189208 -0.00578817
1 21.2922 10.8761 0.00703872 -0.00114521
1 22.3958 10.8765 -0.00174243 -0.000113077
1 23.4996 10.8753 -0.0155633 -0.00267735
1 24.6028 10.8727 -0.0260958 -0.00810844
1 25.7046 10.8689 -0.0146545 -0.0113329
1 26.8067 10.8647 -0.0137347 -0.00752138
1 27.9094 10.8614 -0.0227651 0.00326914
1 29.0124 10.86 -0.0105275 0.0169481
1 30.116 10.8603 -0.00346978 0.0275576
1 31.2204 10.862 -0.00739438 0.0322882
1 32.3256 10.8638 -0.00264238 0.0322422
1 33.4285 10.8651 0.016164 0.0297333
1 34.5289 10.8662 0.0304597 0.0361333
1 35.6309 10.868 0.00254129 0.0462135
1 36.7366 10.8701 -0.0304542 0.0497188
1 37.8458 10.8718 -0.0528891 0.050435
1 38.9566 10.8735 -0.0620722 0.0549189
1 40.0681 10.8755 -0.0635779 0.0559736
1 41.1796 10.8771 -0.0669704 0.0582702
1 42.2917 10.8788 -0.0644566 0.0628103
1 43.4062 10.8805 -0.0619628 0.0694472
1 0.835094 11.8413 0.060229 0.05959
1 1.94906 11.8397 0.0610811 0.052743
1 3.06095 11.8376 0.0635918 0.0458518
1 4.17242 11.8356 0.0632615 0.0416778
1 5.28392 11.8333 0.0600077 0.0378382
1 6.39464 11.8312 0.048451 0.0338253
1 7.50405 11.8289 0.024857 0.0298972
1 8.60935 11.8267 -0.00689008 0.0212588
1 9.71073 11.825 -0.0352579 0.00928284
1 10.8111 11.8237 -0.019849 0.00465603
1 11.9139 11.8219 -0.000495135 0.00532544
1 13.0193 11.8196 0.0039245 0.00240807
1 14.1237 11.8182 -0.00015013 -0.00841413
1 15.2268 11.8185 0.0111517 -0.0233597
1 16.329 11.8206 0.0270456 -0.0368672
1 17.4311 11.8241 0.0149415 -0.0434749
1 18.5333 11.8277 0.0095339 -0.0428162
1 19.6357 11.8307 0.0147093 -0.0375678
1 20.7394 11.8326 0.00769054 -0.0325323
1 21.8438 11.8333 0.00162693 -0.0319384
1 22.9482 11.833 -0.001773 -0.032743
1 24.0529 11.8318 -0.0132118 -0.0349621
1 25.1559 11.8294 -0.0174766 -0.0398814
1 26.2576 11.8259 -0.0146434 -0.0442392
1 27.3594 11.8221 -0.0211725 -0.0432101
1 28.4618 11.8189 -0.0112809 -0.0323141
1 29.565 11.8176 0.000315444 -0.0153504
1 30.6686 11.8184 -0.00832746 -0.000616871
1 31.7733 11.8205 -0.00410306 0.00493623
1 32.8782 11.8227 0.0108883 0.00435746
1 33.9794 11.8242 0.0284665 0.00622971
1 35.0794 11.8257 0.0228476 0.0143728
1 36.1827 11.8276 -0.0122456 0.0249355
1 37.2904 11.8299 -0.0395434 0.0308895
1 38.4008 11.832 -0.0556349 0.0339728
1 39.5121 11.8342 -0.061392 0.0391167
1 40.6234 11.8365 -0.0651928 0.0441447
1 41.735 11.8386 -0.062632 0.0500058
1 42.8475 11.8405 -0.0612661 0.0533216
1 43.9683 11.8428 -0.0572439 0.0592435
1 0.271077 12.8019 0.0451747 0.0406707
1 1.39197 12.8005 0.0573757 0.0342242
1 2.50438 12.7978 0.0605158 0.0297638
1 3.61609 12.7951 0.06093 0.0245544
1 4.72785 12.792 0.0556328 0.0192391
1 5.83936 12.7892 0.0509689 0.0138487
1 6.94993 12.7864 0.0343282 0.00986204
1 8.05752 12.7837 0.00539964 0.000189085
1 9.16034 12.7817 -0.0267061 -0.0106614
1 10.2602 12.7799 -0.0323175 -0.0172027
1 11.3616 12.7775 -0.0164135 -0.0181383
1 12.4667 12.7748 -0.00175514 -0.0221967
1 13.5714 12.7728 0.00617482 -0.0348963
1 14.6742 12.7728 0.0010853 -0.0521794
1 15.7766 12.7747 0.0114002 -0.0662477
1 16.8789 12.7777 0.0150194 -0.07165
1 17.9812 12.7807 0.00500412 -0.0704819
1 19.0836 12.7832 0.00706901 -0.0663946
1 20.187 12.7848 0.00526 -0.0623459
1 21.2916 12.7856 -0.00175668 -0.0623283
1 22.3959 12.7858 -0.000171663 -0.064162
1 23.5006 12.7853 -0.00270504 -0.0632958
1 24.6049 12.7841 -0.00817552 -0.064291
1 25.7078 12.782 0.000793188 -0.0681626
1 26.8105 12.7792 -0.0060414 -0.0719255
1 27.9127 12.7759 -0.0239057 -0.0710794
1 29.0143 12.7731 -0.014388 -0.0618619
1 30.1165 12.772 -0.00267089 -0.0449533
1 31.2204 12.7731 -0.00032791 -0.0276699
1 32.3259 12.7758 0.00743687 -0.0174408
1 33.4293 12.7786 0.0289567 -0.0175574
1 34.5297 12.7807 0.0428673 -0.0156688
1 35.6308 12.7825 0.0118202 -0.00570439
1 36.7359 12.7849 -0.0213158 0.0046949
1 37.8453 12.7876 -0.0440979 0.0104746
1 38.9562 12.7903 -0.0541097 0.016545
1 40.0678 12.7934 -0.054151 0.02271
1 41.1793 12.7963 -0.0567763 0.0241433
1 42.2911 12.799 -0.0517426 0.0312662
1 43.4051 12.8015 -0.0491291 0.0389869
1 0.832664 13.76 0.0440406 0.0151051
1 1.94727 13.7574 0.0499262 0.0153572
1 3.05944 13.754 0.0526663 0.0132702
1 4.17167 13.7501 0.0513971 0.0126976
1 5.28354 13.7465 0.0501127 0.00647762
1 6.39464 13.743 0.0363295 0.00371266
1 7.50433 13.7398 0.0138252 -0.00311302
1 8.60916 13.7375 -0.0166052 -0.0131751
1 9.71001 13.7352 -0.0492888 -0.0174683
1 10.8108 13.7323 -0.0375449 -0.0170881
1 11.9145 13.7288 -0.0135209 -0.0222513
1 13.0197 13.7264 -0.000241175 -0.0368591
1 14.1228 13.726 0.00233034 -0.0540626
1 15.2245 13.7275 0.00933518 -0.0653304
1 16.3263 13.7298 0.014402 -0.0698854
1 17.429 13.7322 -0.00449401 -0.0704187
1 18.5324 13.7341 -0.00798325 -0.068302
1 19.6356 13.7354 0.00263847 -0.0664273
1 20.7396 13.7362 -0.00109011 -0.0666573
1 21.8438 13.7365 -0.00198927 -0.0688451
1 22.9481 13.7365 0.00372058 -0.0686609
1 24.0528 13.7359 -0.00134572 -0.067202
1 25.1564 13.7347 -0.00144511 -0.0670859
1 26.2591 13.7331 0.00350173 -0.0689201
1 27.3619 13.7309 -0.00516773 -0.0713803
1 28.4645 13.7284 -0.00366386 -0.0703751
1 29.5667 13.7262 -0.000562684 -0.062261
1 30.6687 13.7255 -0.00774886 -0.0463446
1 31.7727 13.7269 0.00406029 -0.0287351
1 32.878 13.7301 0.0238473 -0.0183007
1 33.9798 13.7335 0.0432683 -0.015552
1 35.0797 13.7362 0.0345085 -0.0158458
1 36.1822 13.7384 -0.00358713 -0.00900291
1 37.2897 13.7412 -0.0290378 0.00170024
1 38.4005 13.7447 -0.0425902 0.00486644
1 39.5122 13.7481 -0.0483893 0.00691643
1 40.624 13.7518 -0.0494566 0.0120614
1 41.7361 13.7556 -0.0487461 0.0137478
1 42.8487 13.7588 -0.0449671 0.0149978
1 43.9701 13.7601 -0.0260225 0.0120681
1 0.265732 14.7171 0.0144855 -0.022534
1 1.38875 14.7157 0.0341945 0.0010988
1 2.5023 14.7122 0.042124 0.0124323
1 3.61513 14.708 0.0466407 0.0171219
1 4.7275 14.7039 0.0449259 0.016777
1 5.83968 14.7 0.0400143 0.018491
1 6.95047 14.6964 0.0281677 0.0131646
1 8.05742 14.6938 -0.000883003 0.00640807
1 9.16005 14.6914 -0.0423087 0.00797473
1 10.2606 14.6879 -0.0518135 0.00969187
1 11.3627 14.6842 -0.0280547 0.00348216
1 12.4672 14.6815 -0.00562264 -0.00965705
1 13.5705 14.6807 0.00388406 -0.0234073
1 14.6723 14.6815 -0.00883362 -0.03318
1 15.7749 14.6832 -0.00883768 -0.0376217
1 16.8782 14.685 -0.00804237 -0.0387759
1 17.9815 14.6864 -0.0125904 -0.0387057
1 19.0844 14.6874 -0.00286804 -0.0390212
1 20.1878 14.6881 -0.0011772 -0.0402858
1 21.2921 14.6886 -0.00704201 -0.041663
1 22.3958 14.6887 0.000613821 -0.0422321
1 23.4999 14.6885 0.00356192 -0.0409783
1 24.6039 14.6878 0.00131345 -0.0400372
1 25.7072 14.6868 0.0152255 -0.0391169
1 26.8107 14.6856 0.0131896 -0.0386423
1 27.9139 14.684 -0.00376869 -0.0384626
1 29.0161 14.6821 0.000275874 -0.0374352
1 30.1179 14.6807 0.00380505 -0.0316055
1 31.2205 14.6803 0.00318044 -0.0185385
1 32.3249 14.6821 0.0157969 -0.00207217
1 33.4285 14.6856 0.0455358 0.00880256
1 34.5296 14.6894 0.0601274 0.0102791
1 35.6308 14.6925 0.0205618 0.00814809
1 36.7355 14.6949 -0.0155578 0.00937825
1 37.8448 14.698 -0.0340786 0.0160962
1 38.9565 14.7018 -0.0445021 0.0178976
1 40.0686 14.7057 -0.0475753 0.0173235
1 41.1809 14.71 -0.04827 0.0162523
1 42.2937 14.714 -0.0455361 0.00703501
1 43.4087 14.7166 -0.0405226 -0.0082087
1 0.828843 15.6727 0.0286639 -0.0260919
1 1.94494 15.6702 0.038415 -0.00313586
1 3.0584 15.6662 0.0438982 0.00978369
1 4.17125 15.662 0.0434575 0.0159601
1 5.28386 15.6579 0.0409789 0.0187415
1 6.39522 15.6543 0.0338084 0.016079
1 7.50434 15.6517 0.00949601 0.0141756
1 8.60921 15.6489 -0.0312419 0.0188412
1 9.71086 15.6452 -0.0685126 0.0221517
1 10.8121 15.6413 -0.0501759 0.0173922
1 11.9151 15.6384 -0.0199396 0.00591903
1 13.0191 15.6372 -0.0106156 -0.00727116
1 14.1217 15.6375 -0.0150388 -0.0160158
1 15.224 15.6385 -0.012405 -0.0193462
1 16.3268 15.6397 -0.00562194 -0.0202709
1 17.43 15.6407 -0.0184307 -0.0218033
1 18.5335 15.6415 -0.0165363 -0.0239707
1 19.6368 15.642 -0.00269632 -0.0263558
1 20.7404 15.6424 -0.00515466 -0.0277069
1 21.8441 15.6427 -0.00298965 -0.0281576
1 22.9476 15.6426 0.00676009 -0.0273258
1 24.0517 15.6423 0.00263047 -0.0264619
1 25.155 15.6417 0.0049495 -0.0252775
1 26.258 15.641 0.015557 -0.023642
1 27.3613 15.64 0.0128795 -0.0220127
1 28.4647 15.6389 0.0174756 -0.020554
1 29.5678 15.6378 0.0178851 -0.0180907
1 30.6697 15.637 0.00491242 -0.0127102
1 31.7727 15.6373 0.0119359 -0.00279412
1 32.8768 15.6392 0.0327233 0.010595
1 33.9785 15.6428 0.0610868 0.0216112
1 35.0793 15.6468 0.0530835 0.0224497
1 36.1825 15.6502 0.00457741 0.0158126
1 37.2896 15.6527 -0.030562 0.0158864
1 38.4 15.6558 -0.0410277 0.0193991
1 39.5122 15.6598 -0.044266 0.0178076
1 40.6246 15.6639 -0.0454863 0.013918
1 41.738 15.6681 -0.0395537 0.00568273
1 42.8528 15.6712 -0.0321224 -0.0131008
1 43.9784 15.6713 -0.0129664 -0.0412721
1 0.257978 16.6256 0.0147195 -0.0446371
1 1.38594 16.6258 0.0235766 -0.023538
1 2.50212 16.6233 0.0353021 -0.00260383
1 3.6159 16.6197 0.0462987 0.00585012
1 4.72853 16.6158 0.0448687 0.0098848
1 5.84051 16.6124 0.0414766 0.00945156
1 6.95066 16.6097 0.0250168 0.00899104
1 8.05794 16.6069 -0.0147746 0.0149984
1 9.16149 16.6031 -0.0607401 0.0209418
1 10.2623 16.599 -0.0649409 0.0174429
1 11.3638 16.5961 -0.0374517 0.00558388
1 12.4675 16.5947 -0.0197092 -0.0064529
1 13.5706 16.5945 -0.0145994 -0.0144421
1 14.6727 16.5949 -0.0261417 -0.0186747
1 15.7759 16.5956 -0.0229281 -0.0208096
1 16.8794 16.5962 -0.0184022 -0.0226997
1 17.9826 16.5968 -0.0198658 -0.02531
1 19.0854 16.5971 -0.00751174 -0.0282012
1 20.1887 16.5974 -0.00347688 -0.0304371
1 21.2925 16.5975 -0.00784566 -0.0307451
1 22.3957 16.5975 0.00187863 -0.0302855
1 23.4992 16.5974 0.00519024 -0.0297838
1 24.6028 16.5972 0.00364571 -0.0290919
1 25.7061 16.5968 0.0205237 -0.0270833
1 26.8095 16.5963 0.0218904 -0.0245525
1 27.9128 16.5957 0.0091864 -0.0221894
1 29.0156 16.5951 0.0175974 -0.020355
1 30.118 16.5945 0.0229169 -0.01743
1 31.2206 16.5942 0.0188237 -0.0110043
1 32.3244 16.5949 0.0257751 -0.000974469
1 33.427 16.5971 0.0558213 0.0106995
1 34.5279 16.6006 0.0760349 0.0195549
1 35.6299 16.6048 0.0381908 0.0200967
1 36.7354 16.6083 -0.00722048 0.0123569
1 37.8445 16.6108 -0.0354363 0.00747022
1 38.9556 16.6138 -0.0438517 0.010573
1 40.0682 16.6176 -0.0420593 0.00929231
1 41.1813 16.6213 -0.0409732 0.000846227
1 42.2958 16.6244 -0.0316993 -0.0131946
1 43.4132 16.6255 -0.0182511 -0.0357251
1 0.826244 17.5772 0.00791527 -0.0410133
1 1.94502 17.5769 0.0201158 -0.0248925
1 3.06015 17.5749 0.0354822 -0.00991744
1 4.17348 17.572 0.040957 9.08455e-05
1 5.28575 17.5688 0.0433069 0.000286173
1 6.39644 17.5664 0.0318246 0.00168659
1 7.50592 17.5635 -0.00268015 0.0107133
1 8.6118 17.5594 -0.0458766 0.0181308
1 9.71368 17.5553 -0.07944 0.0151092
1 10.8144 17.5524 -0.0590041 0.00515358
1 11.9166 17.551 -0.0306726 -0.00476444
1 13.0202 17.5505 -0.0245481 -0.0125856
1 14.1228 17.5507 -0.0276482 -0.0169981
1 15.2252 17.551 -0.0214322 -0.0188619
1 16.328 17.5514 -0.0121699 -0.0198373
1 17.431 17.5517 -0.023992 -0.0216816
1 18.5343 17.5519 -0.0213193 -0.0240469
1 19.6375 17.5519 -0.0048149 -0.0258188
1 20.7408 17.552 -0.00526215 -0.0264303
1 21.8441 17.5519 -0.00227492 -0.0263205
1 22.9474 17.5519 0.0076215 -0.0260508
1 24.051 17.5518 0.00270923 -0.0258089
1 25.1542 17.5518 0.00671179 -0.0248175
1 26.2571 17.5516 0.0204075 -0.0231662
1 27.3602 17.5514 0.0197856 -0.0211455
1 28.4636 17.551 0.0262498 -0.0193736
1 29.5668 17.5507 0.0294732 -0.0177025
1 30.6688 17.5504 0.0195393 -0.0148283
1 31.7716 17.5505 0.0251388 -0.00934696
1 32.8751 17.5513 0.0411661 -9.14282e-05
1 33.9761 17.5535 0.0699243 0.010496
1 35.0766 17.557 0.0664702 0.0169993
1 36.1806 17.5612 0.019898 0.0140526
1 37.2887 17.5648 -0.0213069 0.00605937
1 38.3991 17.5674 -0.0410253 0.000327264
1 39.5109 17.5701 -0.0443839 -0.000319627
1 40.6236 17.5732 -0.0438432 -0.0040633
1 41.7379 17.5756 -0.033098 -0.0151337
1 42.8554 17.5767 -0.0209802 -0.0335063
1 43.9854 17.5764 -0.0235917 -0.0445022
1 0.254044 18.5269 0.0271831 -0.0389636
1 1.38486 18.5273 0.0189401 -0.040196
1 2.50322 18.5277 0.0289015 -0.0294868
1 3.61818 18.5267 0.0402522 -0.0158938
1 4.73116 18.5245 0.0424085 -0.0103949
1 5.84292 18.5223 0.0370726 -0.00521319
1 6.95374 18.5191 0.0139988 0.00480551
1 8.06213 18.5149 -0.0265209 0.0107883
1 9.16589 18.5109 -0.0679286 0.00906534
1 10.2661 18.508 -0.0688316 0.00106185
1 11.3666 18.5066 -0.0413462 -0.00865906
1 12.4696 18.5063 -0.0255396 -0.0152035
1 13.5721 18.5063 -0.0206926 -0.0185745
1 14.6738 18.5065 -0.0305747 -0.0198077
1 15.7768 18.5067 -0.0265897 -0.0205041
1 16.8801 18.5068 -0.0220637 -0.0212453
1 17.9831 18.5069 -0.0232884 -0.02177
1 19.0858 18.5068 -0.00937067 -0.0220371
1 20.1889 18.5067 -0.00353114 -0.0221442
1 21.2925 18.5065 -0.00765849 -0.0221652
1 22.3956 18.5064 0.00231379 -0.0222855
1 23.499 18.5065 0.00543702 -0.0221423
1 24.6024 18.5066 0.00414813 -0.0221345
1 25.7057 18.5067 0.022623 -0.0217763
1 26.8089 18.5067 0.0248383 -0.0210783
1 27.9119 18.5067 0.0126574 -0.0205497
1 29.0145 18.5064 0.0222379 -0.0201756
1 30.1167 18.5062 0.0295969 -0.0195354
1 31.2189 18.5061 0.0264661 -0.0166024
1 32.322 18.5062 0.0313844 -0.0114688
1 33.4239 18.507 0.0599005 -0.00405454
1 34.524 18.509 0.0807771 0.00556649
1 35.6256 18.5125 0.0475795 0.0117813
1 36.7318 18.5169 0.00564258 0.00888178
1 37.8421 18.5206 -0.0272093 -0.00182822
1 38.9534 18.5232 -0.0417109 -0.00819721
1 40.0657 18.5255 -0.0389275 -0.0112283
1 41.1793 18.5272 -0.0316209 -0.0231534
1 42.2953 18.5271 -0.0140317 -0.0366237
1 43.4151 18.5263 -0.00553658 -0.0413831
1 0.825648 19.4762 0.0132451 -0.0328085
1 1.94545 19.478 0.0166914 -0.0373778
1 3.06199 19.4798 0.0290185 -0.0259609
1 4.17632 19.4796 0.0367161 -0.0118692
1 5.28909 19.478 0.0371669 -0.00169592
1 6.40092 19.4749 0.0212331 0.00931781
1 7.51171 19.4705 -0.0125778 0.0155764
1 8.61779 19.4664 -0.0488113 0.0123571
1 9.71873 19.4636 -0.0777664 0.00288108
1 10.8183 19.4624 -0.0566133 -0.00621212
1 11.9195 19.4622 -0.0295362 -0.0118664
1 13.0222 19.4623 -0.0259191 -0.0157768
1 14.1241 19.4625 -0.0302437 -0.0179934
1 15.2259 19.4627 -0.0237241 -0.0185034
1 16.3284 19.4628 -0.0138541 -0.0183232
1 17.4311 19.4628 -0.0251523 -0.0180292
1 18.5343 19.4626 -0.022064 -0.0173647
1 19.6374 19.4624 -0.00491994 -0.0163412
1 20.7407 19.4622 -0.00527715 -0.0156341
1 21.844 19.462 -0.00240407 -0.0158666
1 22.9474 19.462 0.00775485 -0.0159961
1 24.0511 19.4621 0.0027555 -0.0161901
1 25.1543 19.4623 0.00720512 -0.0167781
1 26.2571 19.4626 0.0216049 -0.0175059
1 27.3599 19.4627 0.0215003 -0.0179112
1 28.463 19.4627 0.0280278 -0.017808
1 29.5657 19.4625 0.0313769 -0.0177725
1 30.6671 19.4623 0.0221529 -0.016947
1 31.7692 19.4621 0.026356 -0.0143024
1 32.8718 19.462 0.0394993 -0.00879458
1 33.9717 19.4627 0.0680146 -0.000570168
1 35.0711 19.4646 0.0672652 0.00832433
1 36.1745 19.4681 0.0260186 0.0148664
1 37.2833 19.4725 -0.0100034 0.0145957
1 38.395 19.4765 -0.0314198 0.00522696
1 39.5077 19.4789 -0.037377 -0.0070039
1 40.6211 19.4798 -0.0327191 -0.0186578
1 41.7369 19.4789 -0.0215289 -0.0339387
1 42.8555 19.4766 -0.0173244 -0.0386009
1 43.9858 19.4756 -0.0252801 -0.0325027
1 0.256187 20.4256 0.0254957 -0.0226157
1 1.38547 20.4269 0.0188583 -0.0290053
1 2.50387 20.4301 0.0200882 -0.0306941
1 3.62024 20.4326 0.0302125 -0.0182493
1 4.73461 20.4327 0.0308735 -0.000525181
1 5.84829 20.4302 0.0230361 0.0159772
1 6.96074 20.4257 0.0050517 0.0215587
1 8.06917 20.4216 -0.0267172 0.016545
1 9.17174 20.419 -0.0629025 0.00769446
1 10.2705 20.4179 -0.062814 -0.000293429
1 11.3699 20.4177 -0.0373922 -0.00646136
1 12.4719 20.418 -0.0252808 -0.0102847
1 13.5737 20.4183 -0.0228754 -0.0127931
1 14.6747 20.4185 -0.032631 -0.0133265
1 15.7771 20.4187 -0.0278325 -0.012858
1 16.88 20.4187 -0.0223196 -0.0124065
1 17.9827 20.4185 -0.0223588 -0.0111712
1 19.0853 20.4182 -0.00797998 -0.00937298
1 20.1885 20.4179 -0.00265683 -0.00782774
1 21.2922 20.4178 -0.00787127 -0.00725661
1 22.3956 20.4177 0.00189458 -0.0073814
1 23.4993 20.4178 0.0051003 -0.00758342
1 24.6029 20.418 0.00373638 -0.0086411
1 25.7062 20.4182 0.0219954 -0.0101044
1 26.8093 20.4185 0.0243446 -0.0113949
1 27.9118 20.4186 0.0131747 -0.0123007
1 29.0139 20.4185 0.0239893 -0.0125188
1 30.1154 20.4183 0.0318688 -0.0125932
1 31.2169 20.418 0.0274994 -0.0109848
1 32.3192 20.4177 0.0292132 -0.00840673
1 33.42 20.4175 0.0550921 -0.00426882
1 34.5188 20.418 0.0752087 0.00356268
1 35.619 20.4198 0.0450334 0.0136035
1 36.7246 20.4233 0.0110294 0.0209722
1 37.8357 20.4278 -0.0141061 0.0211247
1 38.949 20.4316 -0.0269323 0.00888432
1 40.0632 20.4329 -0.0283188 -0.00789215
1 41.1784 20.4315 -0.0257495 -0.0247777
1 42.2953 20.4284 -0.022984 -0.0314015
1 43.4138 20.426 -0.0247864 -0.0241429
1 0.827404 21.3775 0.0314197 -0.0167359
1 1.94511 21.3798 0.0269332 -0.0247177
1 3.06171 21.3831 0.0227709 -0.027131
1 4.1781 21.3854 0.0188368 -0.0117737
1 5.29404 21.3844 0.016444 0.00819274
1 6.40835 21.3808 0.00828946 0.0170931
1 7.51913 21.3769 -0.0121704 0.014151
1 8.62377 21.3743 -0.0423359 0.00583748
1 9.72305 21.3732 -0.0706577 -0.00225591
1 10.8214 21.3731 -0.0523248 -0.0074328
1 11.9217 21.3734 -0.028963 -0.01008
1 13.0238 21.3738 -0.0282708 -0.0116751
1 14.125 21.374 -0.0329268 -0.0124384
1 15.2262 21.3742 -0.0246603 -0.0119909
1 16.3282 21.3743 -0.0128865 -0.0111965
1 17.4306 21.3741 -0.022747 -0.0101753
1 18.5336 21.3738 -0.0189802 -0.00846046
1 19.6368 21.3736 -0.00229643 -0.00637588
1 20.7403 21.3734 -0.00388231 -0.00486873
1 21.8439 21.3733 -0.00233134 -0.0044292
1 22.9476 21.3734 0.00680408 -0.00457048
1 24.0516 21.3735 0.000877983 -0.00555325
1 25.1549 21.3737 0.00473869 -0.00738399
1 26.2577 21.3739 0.019266 -0.00919342
1 27.3603 21.3741 0.0201965 -0.0105086
1 28.4629 21.3741 0.0282755 -0.0109518
1 29.5651 21.374 0.0330546 -0.011645
1 30.6658 21.3738 0.0243087 -0.011705
1 31.7672 21.3734 0.0267442 -0.0104702
1 32.8691 21.3731 0.0366088 -0.00821496
1 33.9679 21.3729 0.0621892 -0.00434035
1 35.0659 21.3734 0.060036 0.00133683
1 36.1677 21.3752 0.021823 0.00967851
1 37.2756 21.3784 -0.00420548 0.0173705
1 38.3884 21.3825 -0.0120944 0.0154751
1 39.5039 21.3852 -0.0169891 -0.000254911
1 40.6199 21.3845 -0.0201904 -0.0204063
1 41.7368 21.3814 -0.0191 -0.0265605
1 42.8542 21.3786 -0.025261 -0.0195087
1 43.9813 21.3775 -0.0293011 -0.00962951
1 0.261331 22.3308 0.0368585 -0.000969165
1 1.3865 22.332 0.0302381 -0.00896975
1 2.503 22.3339 0.0222643 -0.0161213
1 3.62001 22.3367 0.014218 -0.0148142
1 4.73767 22.3375 0.0070055 0.00140447
1 5.85436 22.3355 0.00882396 0.0121774
1 6.96739 22.3327 0.0047202 0.0133424
1 8.07455 22.3305 -0.0204453 0.00705215
1 9.17551 22.3296 -0.0565559 0.00111471
1 10.2731 22.3294 -0.0588165 -0.00315674
1 11.3717 22.3295 -0.0361885 -0.00590946
1 12.4732 22.3299 -0.026475 -0.00742622
1 13.5745 22.3301 -0.0248176 -0.00845994
1 14.675 22.3302 -0.0335297 -0.00846083
1 15.777 22.3303 -0.0271124 -0.00832151
1 16.8796 22.3302 -0.0200956 -0.00820605
1 17.9822 22.3301 -0.0189297 -0.00728032
1 19.0848 22.3298 -0.00431868 -0.00569997
1 20.1881 22.3297 0.000203515 -0.00420896
1 21.2921 22.3296 -0.00652602 -0.00331934
1 22.3957 22.3296 0.00135703 -0.00304326
1 23.4995 22.3297 0.00300392 -0.00337242
1 24.6033 22.3298 0.000611889 -0.00477642
1 25.7067 22.33 0.0186548 -0.00637086
1 26.8097 22.3302 0.0215424 -0.00740107
1 27.912 22.3302 0.0117307 -0.00782426
1 29.0138 22.3302 0.0243945 -0.00787384
1 30.1148 22.33 0.0336915 -0.00812835
1 31.2158 22.3298 0.0291413 -0.00740187
1 32.3176 22.3296 0.0291151 -0.00635151
1 33.4178 22.3293 0.0521469 -0.00488882
1 34.5157 22.3292 0.0692211 -0.00145968
1 35.6144 22.3297 0.037646 0.00404661
1 36.7183 22.3312 0.00719683 0.0104378
1 37.8288 22.3338 -0.00732991 0.0139004
1 38.9439 22.3365 -0.00607282 0.00831704
1 40.0616 22.3373 -0.0056721 -0.00620239
1 41.1791 22.3353 -0.0175188 -0.0180389
1 42.2954 22.3328 -0.0265065 -0.0112904
1 43.4125 22.3313 -0.0313904 -0.00528424
1 0.827861 23.2857 0.0293386 -0.000424543
1 1.94482 23.2865 0.0249255 -0.00247847
1 3.0607 23.2876 0.0142962 -0.00531431
1 4.179 23.2885 -0.00138752 -0.000108632
1 5.29778 23.2882 0.000857588 0.00600307
1 6.41308 23.2873 0.00536411 0.00803607
1 7.52317 23.2863 -0.00797883 0.00647062
1 8.62656 23.2858 -0.0372004 0.00392093
1 9.72484 23.2857 -0.0676342 0.0017978
1 10.8226 23.2857 -0.0515531 0.000556607
1 11.9226 23.2858 -0.029698 -0.000303828
1 13.0244 23.2859 -0.0295215 -0.000793189
1 14.1253 23.286 -0.0338699 -0.000997372
1 15.2263 23.286 -0.0247463 -0.0011958
1 16.328 23.286 -0.0116664 -0.00136841
1 17.4302 23.286 -0.0204256 -0.00129398
1 18.5333 23.2859 -0.0163024 -0.000821928
1 19.6365 23.2858 0.00013694 -0.000230978
1 20.7401 23.2858 -0.00208928 0.000265335
1 21.8439 23.2858 -0.00173439 0.000582849
1 22.9477 23.2858 0.00580279 0.000675311
1 24.0518 23.2859 -0.00148929 0.000352676
1 25.1552 23.2859 0.00196736 -0.000328493
1 26.258 23.286 0.017089 -0.000759181
1 27.3605 23.286 0.0188431 -0.000880816
1 28.463 23.286 0.0276837 -0.000808661
1 29.5649 23.2859 0.0334163 -0.00083373
1 30.6653 23.2858 0.0255353 -0.000666511
1 31.7664 23.2857 0.0277007 -0.000226568
1 32.868 23.2856 0.0363965 0.00051022
1 33.9664 23.2855 0.0601258 0.00142526
1 35.0637 23.2855 0.0556114 0.00277819
1 36.1642 23.2858 0.0164221 0.00507905
1 37.2711 23.2865 -0.00573256 0.00738086
1 38.384 23.2875 -0.00352935 0.00721914
1 39.5015 23.2883 0.00269544 0.00323073
1 40.6204 23.2881 -0.00664808 -0.00228269
1 41.7376 23.2872 -0.0233157 -0.00266075
1 42.8533 23.2867 -0.0344843 1.72803e-06
1 43.977 23.2862 -0.0451373 0.00124577
1 0.263189 24.241 0.0458551 -0.00166155
1 1.38681 24.2406 0.0342168 0.000370825
1 2.50255 24.2401 0.0238365 0.00316599
1 3.6197 24.2391 0.0083196 0.00351999
1 4.73853 24.2389 -0.000767319 -0.00277975
1 5.85603 24.2397 0.00554997 -0.00672662
1 6.96903 24.2407 0.00574228 -0.00692955
1 8.07572 24.2414 -0.0183669 -0.00446676
1 9.17624 24.2417 -0.0553197 -0.00219563
1 10.2736 24.2418 -0.0586678 -0.000795123
1 11.372 24.2417 -0.0365707 0.000147509
1 12.4735 24.2415 -0.0270264 0.000872501
1 13.5746 24.2414 -0.025104 0.00129111
1 14.675 24.2413 -0.033674 0.00142022
1 15.7769 24.2413 -0.0269954 0.00135286
1 16.8795 24.2413 -0.0195187 0.00151543
1 17.982 24.2413 -0.0179853 0.00129259
1 19.0847 24.2414 -0.00333977 0.000796483
1 20.1881 24.2414 0.00106452 0.000226588
1 21.2921 24.2415 -0.00588026 -6.89517e-05
1 22.3958 24.2415 0.00151136 -7.78579e-05
1 23.4996 24.2415 0.00246332 0.00023278
1 24.6034 24.2415 -0.000433667 0.000830672
1 25.7068 24.2414 0.017724 0.00141037
1 26.8098 24.2413 0.0209926 0.00187419
1 27.912 24.2413 0.011315 0.00183679
1 29.0137 24.2412 0.0240647 0.00177107
1 30.1147 24.2413 0.0338767 0.00169043
1 31.2155 24.2413 0.0297504 0.00128622
1 32.3173 24.2414 0.0296497 0.000814063
1 33.4174 24.2415 0.0522967 0.000141764
1 34.5151 24.2416 0.0686778 -0.00117584
1 35.6135 24.2414 0.0358563 -0.0032891
1 36.717 24.2409 0.00493314 -0.0058149
1 37.8271 24.24 -0.00765259 -0.0074397
1 38.9424 24.239 -0.00120947 -0.00566336
1 40.0611 24.2386 0.00184202 0.000737744
1 41.1794 24.2396 -0.0143064 0.00626627
1 42.2954 24.2408 -0.024998 0.00254591
1 43.4123 24.2416 -0.0289107 -1.22106e-05
1 0.827739 25.1961 0.0312152 0.00455425
1 1.94483 25.1945 0.0263354 0.0106462
1 3.06108 25.192 0.0171186 0.0172841
1 4.17867 25.1899 0.00631094 0.00516359
1 5.29637 25.1908 0.00615561 -0.0102527
1 6.41138 25.1935 0.00559104 -0.0150743
1 7.52177 25.1961 -0.00992992 -0.0113405
1 8.62563 25.1976 -0.0389386 -0.00540719
1 9.72424 25.1981 -0.0684442 3.25037e-05
1 10.8222 25.1981 -0.0514883 0.0036094
1 11.9223 25.1978 -0.0291451 0.00522618
1 13.0242 25.1975 -0.0289728 0.00628569
1 14.1251 25.1973 -0.0336106 0.00691219
1 15.2262 25.1971 -0.0247783 0.00670925
1 16.328 25.1971 -0.0120509 0.00665932
1 17.4303 25.1971 -0.021213 0.00620086
1 18.5333 25.1973 -0.0172335 0.00509001
1 19.6366 25.1975 -0.000718861 0.00353902
1 20.7402 25.1976 -0.00261178 0.00230252
1 21.844 25.1977 -0.00169356 0.00179485
1 22.9477 25.1977 0.00638851 0.00196256
1 24.0517 25.1976 -0.000541313 0.00297379
1 25.1551 25.1975 0.00296838 0.00466508
1 26.2578 25.1973 0.0178863 0.00618556
1 27.3603 25.1971 0.0193789 0.00685396
1 28.4629 25.197 0.0278848 0.00693012
1 29.5649 25.1971 0.0333078 0.00734647
1 30.6654 25.1972 0.0250923 0.00733389
1 31.7667 25.1975 0.027178 0.00600389
1 32.8683 25.1978 0.0361094 0.00450938
1 33.9669 25.1979 0.0603548 0.00182946
1 35.0644 25.1977 0.056771 -0.00226083
1 36.1654 25.1968 0.0182382 -0.00815373
1 37.2727 25.1947 -0.00508796 -0.0140744
1 38.3856 25.1918 -0.00695614 -0.0137693
1 39.5023 25.1898 -0.00567983 -0.00272781
1 40.6199 25.1905 -0.0127152 0.0132638
1 41.7371 25.1934 -0.0211757 0.0152943
1 42.8536 25.1953 -0.0304398 0.00766993
1 43.9787 25.1965 -0.0365677 0.000585135
1 0.259036 26.15 0.0304082 0.00918777
1 1.38605 26.1488 0.0246121 0.0197398
1 2.50352 26.146 0.0193454 0.0276135
1 3.62032 26.1428 0.0217283 0.021432
1 4.73625 26.1422 0.0183977 0.000805485
1 5.85153 26.1448 0.0143281 -0.0145803
1 6.96445 26.1489 0.00367659 -0.0170127
1 8.07228 26.1522 -0.023947 -0.00886854
1 9.17399 26.1539 -0.0595234 -0.000683493
1 10.2721 26.1545 -0.0605328 0.00513655
1 11.371 26.1543 -0.0366481 0.0090298
1 12.4727 26.1539 -0.0260272 0.0114202
1 13.5741 26.1536 -0.0242076 0.0126161
1 14.6748 26.1534 -0.0334441 0.0124619
1 15.7769 26.1532 -0.0276376 0.0117702
1 16.8797 26.1532 -0.0212635 0.0112977
1 17.9823 26.1534 -0.0205078 0.00987704
1 19.085 26.1537 -0.0060078 0.00807004
1 20.1883 26.1539 -0.00112456 0.0063323
1 21.2922 26.154 -0.00701888 0.00537901
1 22.3957 26.1541 0.00188751 0.00517661
1 23.4995 26.154 0.00428608 0.00551532
1 24.6031 26.1538 0.00246021 0.00710521
1 25.7064 26.1536 0.0205234 0.00931633
1 26.8094 26.1533 0.0231099 0.0110253
1 27.9118 26.1531 0.0126712 0.0119531
1 29.0137 26.1532 0.0244459 0.0126915
1 30.115 26.1533 0.033049 0.0132954
1 31.2162 26.1536 0.0283294 0.0124751
1 32.3182 26.1539 0.0288245 0.0107644
1 33.4186 26.1542 0.0529299 0.00815178
1 34.5169 26.1541 0.0714108 0.00301323
1 35.6163 26.153 0.0408814 -0.00512519
1 36.721 26.1504 0.00938903 -0.0135267
1 37.8318 26.1466 -0.0100537 -0.0168436
1 38.9461 26.143 -0.0167933 -0.00660818
1 40.062 26.1419 -0.0188581 0.0121792
1 41.1783 26.1442 -0.0228105 0.0278053
1 42.2951 26.1475 -0.0266808 0.025457
1 43.4128 26.1499 -0.0318456 0.0171263
1 0.826479 27.1015 0.0250136 0.0252164
1 1.94513 27.099 0.0224222 0.0323168
1 3.06185 27.0959 0.025747 0.0249227
1 4.17714 27.0946 0.0290501 0.00837794
1 5.29128 27.0959 0.0273667 -0.0090883
1 6.40458 27.0996 0.0142607 -0.0203896
1 7.5155 27.1041 -0.0133459 -0.0207105
1 8.62098 27.1076 -0.0463457 -0.0132229
1 9.72106 27.1094 -0.0744837 -0.00321935
1 10.82 27.1099 -0.0545181 0.00455285
1 11.9207 27.1097 -0.0292733 0.00862173
1 13.023 27.1094 -0.0273992 0.0113064
1 14.1245 27.1091 -0.0318708 0.0127983
1 15.226 27.1089 -0.0243238 0.0126628
1 16.3282 27.1088 -0.0135366 0.0123039
1 17.4307 27.1089 -0.0241726 0.0114364
1 18.5339 27.1092 -0.0206968 0.0102851
1 19.637 27.1094 -0.00379689 0.00880825
1 20.7405 27.1096 -0.00474112 0.00758237
1 21.844 27.1097 -0.00235929 0.00735175
1 22.9476 27.1096 0.00764306 0.00726152
1 24.0514 27.1095 0.0025439 0.00778376
1 25.1546 27.1092 0.006878 0.00937383
1 26.2573 27.1089 0.0212794 0.0113451
1 27.3599 27.1087 0.0215349 0.012582
1 28.4628 27.1087 0.0286579 0.0130881
1 29.5652 27.1089 0.0324107 0.0133861
1 30.6662 27.1091 0.0228934 0.012927
1 31.768 27.1094 0.0258268 0.0105724
1 32.8702 27.1097 0.0373281 0.00679406
1 33.9695 27.1095 0.0645556 0.000597598
1 35.0682 27.1084 0.0635285 -0.00738415
1 36.1708 27.1058 0.0245493 -0.016157
1 37.2793 27.1017 -0.00702947 -0.0212196
1 38.3916 27.0973 -0.0221226 -0.0153975
1 39.5054 27.0947 -0.0310061 0.000772845
1 40.6198 27.0947 -0.0287845 0.0180107
1 41.7362 27.0972 -0.0193893 0.0310543
1 42.8546 27.1004 -0.0193648 0.0307081
1 43.984 27.1018 -0.0256788 0.0236376
1 0.254316 28.0519 0.0256836 0.0341
1 1.38473 28.0509 0.0171284 0.0390884
1 2.50337 28.0485 0.0231968 0.0333802
1 3.61909 28.0477 0.0351069 0.0178812
1 4.73256 28.0487 0.0378831 0.00675761
1 5.84508 28.051 0.030578 -0.00609322
1 6.95683 28.055 0.00841993 -0.0151153
1 8.06548 28.0595 -0.0277996 -0.0155303
1 9.16879 28.0629 -0.0661159 -0.00870388
1 10.2683 28.0649 -0.0661507 -1.81161e-05
1 11.3682 28.0655 -0.039511 0.00804814
1 12.4707 28.0654 -0.0256198 0.0133025
1 13.5728 28.0652 -0.0220136 0.0158814
1 14.6742 28.065 -0.0317697 0.01669
1 15.7769 28.0649 -0.0273915 0.0167315
1 16.88 28.0648 -0.022454 0.0169041
1 17.9829 28.0649 -0.0228563 0.0163454
1 19.0856 28.0652 -0.00859058 0.0157058
1 20.1887 28.0653 -0.00314941 0.0150147
1 21.2924 28.0655 -0.00797946 0.0147409
1 22.3956 28.0655 0.00202632 0.0147674
1 23.4991 28.0653 0.00567805 0.0145624
1 24.6026 28.0651 0.00497091 0.0150862
1 25.7058 28.0649 0.0236284 0.016094
1 26.8089 28.0647 0.0256825 0.0170038
1 27.9116 28.0647 0.0135653 0.0175507
1 29.014 28.0648 0.0231984 0.0175538
1 30.1159 28.065 0.0302737 0.0168631
1 31.2177 28.0652 0.0263061 0.0147824
1 32.3204 28.0653 0.0297333 0.0111383
1 33.4217 28.065 0.0572468 0.00537001
1 34.5212 28.0638 0.0783888 -0.00354682
1 35.6222 28.0611 0.0473315 -0.0128496
1 36.7283 28.057 0.00931164 -0.0159196
1 37.8391 28.0527 -0.0216196 -0.0096492
1 38.9511 28.0495 -0.0377895 0.000713974
1 40.0638 28.0479 -0.0363021 0.0103927
1 41.1781 28.0476 -0.0290977 0.0247576
1 42.2947 28.0493 -0.0166867 0.0369635
1 43.4144 28.0512 -0.0122328 0.0337105
1 0.825187 29.001 0.00494385 0.0419198
1 1.94502 29.0003 0.0144715 0.0367471
1 3.06087 29.0004 0.0319524 0.0232665
1 4.17458 29.0021 0.0397174 0.0115252
1 5.28689 29.0043 0.0416823 0.00863965
1 6.39795 29.0069 0.0263721 0.00148399
1 7.50821 29.0106 -0.00872487 -0.00884606
1 8.61441 29.015 -0.0489701 -0.01157
1 9.71594 29.0185 -0.0799679 -0.00539398
1 10.8161 29.0205 -0.0592312 0.00411841
1 11.9178 29.0213 -0.031492 0.0112664
1 13.021 29.0214 -0.0263356 0.0164028
1 14.1232 29.0212 -0.0297173 0.0193773
1 15.2254 29.021 -0.0228777 0.0200169
1 16.3281 29.0208 -0.0130474 0.0203991
1 17.431 29.0207 -0.0244027 0.0209032
1 18.5343 29.0208 -0.0213532 0.021661
1 19.6375 29.0209 -0.00448421 0.0219059
1 20.7408 29.021 -0.00518483 0.0218734
1 21.844 29.021 -0.00262322 0.0220372
1 22.9473 29.021 0.00756619 0.0220633
1 24.051 29.0208 0.00318546 0.0220127
1 25.1541 29.0207 0.0080625 0.021808
1 26.2569 29.0206 0.0223448 0.0216367
1 27.3598 29.0206 0.0216039 0.0210726
1 28.4631 29.0208 0.027417 0.0204225
1 29.5661 29.021 0.0302747 0.0197203
1 30.6678 29.0212 0.0209501 0.0185521
1 31.7703 29.0212 0.0265552 0.0151878
1 32.8734 29.0208 0.0417047 0.00858694
1 33.9739 29.0194 0.0704356 -0.00105402
1 35.074 29.0166 0.068612 -0.0090755
1 36.1779 29.0125 0.0243618 -0.0105383
1 37.2864 29.0084 -0.0154505 -0.0043957
1 38.3972 29.0053 -0.037857 0.00527892
1 39.509 29.003 -0.0415892 0.0100369
1 40.6219 29.0008 -0.0381309 0.0154852
1 41.7368 28.9996 -0.027917 0.0290197
1 42.8551 29 -0.0190469 0.0402649
1 43.986 29.0005 -0.026329 0.0399155
1 0.254753 29.9507 0.0228206 0.0440798
1 1.38473 29.9506 0.0209837 0.0327133
1 2.50222 29.9518 0.0343449 0.014885
1 3.61652 29.9543 0.0459489 0.00391
1 4.72933 29.9573 0.0452178 0.000289397
1 5.84109 29.96 0.0411436 -0.000549189
1 6.95149 29.9626 0.0200578 -0.00638489
1 8.05941 29.9662 -0.0218587 -0.0141978
1 9.16326 29.9703 -0.065673 -0.017216
1 10.2638 29.9739 -0.0683052 -0.0110147
1 11.3648 29.976 -0.0409981 -0.000285557
1 12.4682 29.9768 -0.0244594 0.00893098
1 13.5711 29.9769 -0.0193075 0.0142538
1 14.6731 29.9766 -0.0295857 0.0172997
1 15.7763 29.9763 -0.0254493 0.0192008
1 16.8798 29.9759 -0.0204886 0.0209917
1 17.9829 29.9756 -0.0214255 0.0227876
1 19.0857 29.9755 -0.00805891 0.0244643
1 20.1888 29.9755 -0.00313629 0.0255354
1 21.2924 29.9754 -0.00769565 0.0257969
1 22.3955 29.9754 0.00202745 0.0260544
1 23.4989 29.9753 0.00546746 0.0261681
1 24.6025 29.9754 0.00455707 0.0255975
1 25.7057 29.9754 0.02264 0.0237369
1 26.8091 29.9756 0.0244604 0.0214709
1 27.9121 29.9759 0.0117591 0.0195213
1 29.0148 29.9763 0.0207791 0.0184593
1 30.1172 29.9767 0.0276635 0.0166405
1 31.2197 29.9768 0.024857 0.0124038
1 32.3233 29.9763 0.0309091 0.00458314
1 33.4257 29.9748 0.0598911 -0.00556332
1 34.5263 29.972 0.0800916 -0.0154217
1 35.6282 29.9679 0.0441009 -0.0185084
1 36.7341 29.9639 -0.000512075 -0.0112
1 37.8436 29.961 -0.0323245 -0.00177883
1 38.9545 29.9585 -0.0429961 -0.000445761
1 40.0667 29.9554 -0.0399864 -0.000287619
1 41.1799 29.9524 -0.0356849 0.00954634
1 42.295 29.9504 -0.0203568 0.0245922
1 43.4136 29.95 -0.00840796 0.0413034
1 0.82698 30.9018 0.0191609 0.0347472
1 1.9444 30.9031 0.0323482 0.0121954
1 3.05878 30.9062 0.0413486 -0.00111687
1 4.17198 30.9099 0.0428334 -0.00918705
1 5.28457 30.9137 0.0437477 -0.0102912
1 6.39548 30.9166 0.0347498 -0.00750789
1 7.50459 30.9192 0.00412262 -0.0122189
1 8.61006 30.9227 -0.0397321 -0.0199253
1 9.71195 30.9269 -0.075254 -0.0194184
1 10.8129 30.9303 -0.0549516 -0.0106284
1 11.9155 30.9324 -0.025827 0.000917638
1 13.0192 30.9331 -0.0185845 0.0107489
1 14.1219 30.9329 -0.0228596 0.0173868
1 15.2244 30.9323 -0.018168 0.0202915
1 16.3273 30.9316 -0.009498 0.0221032
1 17.4305 30.931 -0.0212605 0.0243751
1 18.5339 30.9306 -0.0189187 0.0270176
1 19.6371 30.9302 -0.00372647 0.0290001
1 20.7406 30.93 -0.00500118 0.0297596
1 21.8439 30.9298 -0.00220253 0.0302671
1 22.9473 30.9299 0.00766456 0.0305841
1 24.0512 30.93 0.00293316 0.0302898
1 25.1545 30.9303 0.00614185 0.0282542
1 26.2574 30.9306 0.0187248 0.0254595
1 27.3605 30.9312 0.0175373 0.0226663
1 28.464 30.9318 0.0236243 0.0206903
1 29.5672 30.9325 0.0259963 0.0185545
1 30.6694 30.9329 0.0146014 0.0143394
1 31.7724 30.9327 0.0202506 0.00635117
1 32.8763 30.9313 0.0379037 -0.00541947
1 33.9777 30.9284 0.066471 -0.017113
1 35.0784 30.9244 0.0612398 -0.0209356
1 36.1821 30.9205 0.0128601 -0.0150935
1 37.2895 30.9177 -0.0260024 -0.00916501
1 38.3997 30.915 -0.0407127 -0.00950041
1 39.5117 30.9116 -0.0437077 -0.00978409
1 40.6242 30.9078 -0.0440027 -0.00560259
1 41.7379 30.9041 -0.0346493 0.00233459
1 42.854 30.9016 -0.0242788 0.0233568
1 43.9818 30.9017 -0.0140019 0.0446959
1 0.261838 31.8561 0.0127478 0.0400699
1 1.38728 31.8563 0.0315683 0.0121774
1 2.50203 31.8595 0.0402921 -0.00619952
1 3.61537 31.8637 0.0474912 -0.0141187
1 4.72794 31.8677 0.0451361 -0.0180644
1 5.84011 31.8717 0.0416668 -0.0197115
1 6.95048 31.8748 0.0294827 -0.0161873
1 8.05738 31.8773 -0.00671234 -0.0162997
1 9.1605 31.8806 -0.0525814 -0.0226098
1 10.2614 31.8847 -0.0594863 -0.0218401
1 11.3631 31.8882 -0.0321319 -0.0109489
1 12.4671 31.8901 -0.0113719 0.00248682
1 13.5702 31.8904 -0.00494224 0.0123563
1 14.6721 31.8896 -0.0179546 0.0176716
1 15.7751 31.8885 -0.0167739 0.0202086
1 16.8786 31.8873 -0.0139919 0.0216563
1 17.982 31.8864 -0.0169094 0.0231332
1 19.0849 31.8857 -0.00604415 0.024884
1 20.1882 31.8851 -0.00291158 0.0263033
1 21.2921 31.8848 -0.00697617 0.0270479
1 22.3955 31.8847 0.00250669 0.027748
1 23.4993 31.8849 0.005224 0.027375
1 24.6031 31.8854 0.00263813 0.0260662
1 25.7065 31.8859 0.0181746 0.0236813
1 26.81 31.8867 0.0190412 0.021537
1 27.9133 31.8877 0.00546255 0.0201663
1 29.016 31.8889 0.0119286 0.0192644
1 30.1182 31.8899 0.0151166 0.0154052
1 31.2209 31.8902 0.0109197 0.00666441
1 32.3249 31.889 0.0197678 -0.00622815
1 33.4279 31.8861 0.0508365 -0.0174588
1 34.5291 31.8822 0.0689562 -0.0223161
1 35.6308 31.8785 0.0295952 -0.0190003
1 36.7357 31.8758 -0.0125418 -0.0145087
1 37.8448 31.8732 -0.0344737 -0.0164316
1 38.9564 31.8696 -0.0411526 -0.0193779
1 40.069 31.8655 -0.0426285 -0.0163061
1 41.1818 31.8613 -0.0433662 -0.00989275
1 42.2952 31.8573 -0.0384072 0.00294549
1 43.4112 31.8546 -0.029019 0.0246785
1 0.83134 32.8109 0.0401075 0.00671998
1 1.94642 32.8135 0.0459053 -0.00852512
1 3.05913 32.8174 0.0487383 -0.0170179
1 4.17152 32.8217 0.0482957 -0.018209
1 5.28364 32.8256 0.0445598 -0.0185606
1 6.39511 32.8293 0.0333892 -0.0170703
1 7.50449 32.8324 0.0125572 -0.0104394
1 8.60908 32.8348 -0.022181 -0.00913992
1 9.71028 32.8379 -0.0596617 -0.0110283
1 10.8115 32.8417 -0.0446396 -0.00966277
1 11.915 32.8452 -0.0157787 0.00140758
1 13.0194 32.8469 -0.00289036 0.01807
1 14.122 32.8466 -0.00406181 0.031227
1 15.2238 32.8451 -0.00104144 0.0367878
1 16.3261 32.8433 0.0036854 0.0380165
1 17.4292 32.8417 -0.0126815 0.0383932
1 18.5327 32.8404 -0.0138569 0.0386626
1 19.636 32.8395 -0.00155849 0.0395039
1 20.7398 32.8388 -0.00357234 0.0405525
1 21.8438 32.8386 -0.00122903 0.0419412
1 22.9477 32.8387 0.00691154 0.0412865
1 24.052 32.8391 0.00114234 0.0397717
1 25.1556 32.8399 0.00201172 0.038662
1 26.2585 32.8409 0.0113701 0.0383612
1 27.3618 32.8423 0.0070426 0.0384397
1 28.4649 32.8441 0.00959077 0.037373
1 29.5676 32.8458 0.00893528 0.0328885
1 30.6694 32.8466 -0.00368814 0.0227741
1 31.7727 32.8458 0.00618014 0.00885215
1 32.8774 32.8431 0.0284449 -0.00426657
1 33.9795 32.8394 0.0532779 -0.0104654
1 35.0799 32.8359 0.0429354 -0.00880264
1 36.1826 32.8334 -0.00121636 -0.00712277
1 37.2897 32.8309 -0.0292697 -0.0141562
1 38.4006 32.8272 -0.0394251 -0.0193969
1 39.5127 32.8234 -0.0441513 -0.0176963
1 40.625 32.8193 -0.0448687 -0.0179972
1 41.7378 32.8152 -0.041498 -0.0133478
1 42.8513 32.8118 -0.0349767 -0.00247084
1 43.9742 32.8102 -0.0148831 0.0202295
1 0.269901 33.7675 0.0272007 -0.0141504
1 1.39128 33.7688 0.0447894 -0.0161713
1 2.50386 33.772 0.0492942 -0.013676
1 3.61594 33.7757 0.0511539 -0.0119717
1 4.72793 33.7793 0.0493358 -0.00703266
1 5.83958 33.7826 0.0435409 -0.00484092
1 6.95031 33.7861 0.0283089 -0.00166513
1 8.05766 33.7889 0.00152518 0.00888185
1 9.16014 33.7911 -0.0336415 0.015848
1 10.2602 33.7937 -0.041667 0.0155417
1 11.362 33.7972 -0.0233648 0.0186948
1 12.4671 33.8004 -0.00338718 0.0292076
1 13.5711 33.8018 0.00783745 0.0469123
1 14.6731 33.8011 0.000224912 0.0627764
1 15.7754 33.7989 0.00409535 0.070812
1 16.878 33.7964 0.00396181 0.0717867
1 17.9809 33.7942 -0.00485018 0.0695166
1 19.0836 33.7926 0.000568984 0.067643
1 20.1871 33.7914 0.00104312 0.0677072
1 21.2916 33.7908 -0.00389019 0.0690361
1 22.3958 33.7908 0.00157857 0.0693293
1 23.5001 33.7911 0.00122223 0.0672399
1 24.6043 33.7919 -0.00282999 0.0671056
1 25.7076 33.7933 0.00932679 0.0688156
1 26.811 33.7951 0.00511233 0.0706182
1 27.9138 33.7975 -0.013905 0.0702166
1 29.0155 33.7999 -0.00975427 0.0658693
1 30.1172 33.8013 -0.00250207 0.054728
1 31.2202 33.801 0.000681666 0.0375369
1 32.3255 33.7986 0.0131751 0.0225751
1 33.4293 33.7951 0.0379735 0.0172531
1 34.53 33.7921 0.0498767 0.0174608
1 35.6309 33.7898 0.0153547 0.0131991
1 36.7358 33.7875 -0.0167869 0.00321386
1 37.8454 33.7842 -0.0371828 -0.00365499
1 38.9568 33.7808 -0.0500547 -0.00668535
1 40.0686 33.7772 -0.0505634 -0.0122937
1 41.1807 33.7733 -0.0519008 -0.0132607
1 42.293 33.7701 -0.0491766 -0.0153011
1 43.4076 33.7676 -0.0442761 -0.0164735
1 0.834866 34.7261 0.0495513 -0.0399579
1 1.9489 34.7286 0.0523355 -0.0322989
1 3.06066 34.7312 0.0576425 -0.0250641
1 4.17231 34.734 0.0553143 -0.023448
1 5.28396 34.737 0.0542102 -0.0167961
1 6.39468 34.7397 0.0434708 -0.0113668
1 7.50416 34.7424 0.0185877 -0.00555045
1 8.60925 34.7447 -0.0131728 0.00462392
1 9.7103 34.7465 -0.0424632 0.0148887
1 10.8107 34.7486 -0.0282403 0.0169984
1 11.914 34.7514 -0.00756231 0.0167344
1 13.0195 34.7541 0.000806424 0.0269529
1 14.1235 34.7552 0.00251975 0.044234
1 15.2257 34.754 0.0142733 0.0612612
1 16.3273 34.7513 0.0247204 0.0707011
1 17.4295 34.748 0.00644097 0.0714947
1 18.5321 34.7452 0.000115898 0.067552
1 19.635 34.7431 0.0078698 0.0638395
1 20.7391 34.7419 0.00286696 0.0626295
1 21.8437 34.7415 -0.000144176 0.0635321
1 22.9481 34.7416 0.00164799 0.0620243
1 24.0529 34.7424 -0.00557608 0.0617939
1 25.1564 34.744 -0.00771594 0.0656773
1 26.2588 34.7465 -0.00602871 0.06974
1 27.3611 34.7495 -0.0161975 0.070935
1 28.4632 34.7525 -0.0112666 0.0655185
1 29.5657 34.7545 -0.00160684 0.0516289
1 30.6685 34.7545 -0.00594854 0.0342698
1 31.7732 34.7525 0.00224205 0.0217782
1 32.8785 34.7498 0.0164952 0.0175062
1 33.9798 34.7474 0.0336993 0.0165022
1 35.0796 34.7456 0.027607 0.00998716
1 36.1825 34.7435 -0.00740874 -0.00100561
1 37.2903 34.7408 -0.0348547 -0.0105802
1 38.4009 34.738 -0.0499524 -0.0143766
1 39.5124 34.7353 -0.0548007 -0.0196956
1 40.624 34.7322 -0.059495 -0.0251368
1 41.7358 34.7295 -0.0599436 -0.0303997
1 42.8482 34.7269 -0.0578392 -0.0347258
1 43.9691 34.7258 -0.0459536 -0.0415071
1 0.271451 35.6846 0.0574487 -0.0599304
1 1.39236 35.6871 0.0610453 -0.0540225
1 2.50486 35.6889 0.063454 -0.0515584
1 3.61647 35.691 0.0665671 -0.0454907
1 4.72795 35.6933 0.0621765 -0.0404225
1 5.83925 35.6954 0.0566053 -0.0352788
1 6.94964 35.6975 0.0391533 -0.0321375
1 8.05727 35.6997 0.0100599 -0.0258972
1 9.16042 35.7016 -0.0222874 -0.0157712
1 10.2605 35.7031 -0.0266784 -0.00792039
1 11.3618 35.7046 -0.0101583 -0.00584063
1 12.4665 35.7068 0.00457263 -0.00636199
1 13.5713 35.7088 0.0084957 -0.00076378
1 14.6748 35.7096 -0.000879969 0.0138887
1 15.7781 35.7083 0.0109942 0.0307395
1 16.8806 35.7052 0.0199247 0.0413715
1 17.9824 35.7013 0.0138244 0.0428138
1 19.084 35.6979 0.01684 0.0383911
1 20.1869 35.6954 0.0128625 0.0334497
1 21.2915 35.6942 0.00173632 0.0311598
1 22.3958 35.694 -0.00200604 0.0304316
1 23.5003 35.6946 -0.00752771 0.0309427
1 24.6042 35.6965 -0.0148965 0.0359091
1 25.7067 35.6996 -0.00866524 0.0411343
1 26.8088 35.7032 -0.0147133 0.0416074
1 27.911 35.7066 -0.0262178 0.0349014
1 29.0132 35.7088 -0.0110145 0.0215372
1 30.1163 35.709 0.00017482 0.00705937
1 31.2207 35.7077 -0.00349005 -0.00364107
1 32.326 35.7055 0.000333781 -0.00682744
1 33.429 35.7037 0.0206082 -0.0061885
1 34.5293 35.7024 0.035182 -0.0106926
1 35.6308 35.7007 0.00511773 -0.0224321
1 36.7361 35.6985 -0.0276003 -0.0307321
1 37.8455 35.6962 -0.0489228 -0.0345251
1 38.9564 35.694 -0.0595286 -0.0393129
1 40.0679 35.6917 -0.0618136 -0.0428159
1 41.1792 35.6897 -0.0627269 -0.0471463
1 42.2912 35.6877 -0.0605365 -0.0537242
1 43.4052 35.6862 -0.0602709 -0.0602911
1 0.833689 36.647 0.0611354 -0.0689871
1 1.94823 36.6489 0.0652846 -0.0624644
1 3.06028 36.6506 0.0684403 -0.0575813
1 4.17192 36.6522 0.0658099 -0.0553978
1 5.28356 36.6541 0.0629059 -0.0541112
1 6.39421 36.6558 0.0526552 -0.049776
1 7.50353 36.6575 0.0277844 -0.0487422
1 8.60914 36.6595 -0.00433701 -0.045209
1 9.71105 36.6613 -0.030106 -0.0356592
1 10.8115 36.6625 -0.0149053 -0.0291179
1 11.9143 36.6637 0.0026762 -0.0314644
1 13.0196 36.6655 0.00786395 -0.0315529
1 14.1241 36.6671 0.00364468 -0.0268903
1 15.2276 36.6675 0.0108339 -0.0164002
1 16.3306 36.666 0.0233356 -0.00292084
1 17.4332 36.6628 0.0136251 0.00774162
1 18.5354 36.6587 0.0154599 0.0114375
1 19.6371 36.6548 0.0256896 0.00837807
1 20.7402 36.6522 0.0154629 0.00292025
1 21.8439 36.651 0.00153177 0.000285376
1 22.9475 36.6514 -0.00698104 0.00123948
1 24.0515 36.6533 -0.0192728 0.0057703
1 25.1539 36.6567 -0.0246705 0.00977517
1 26.2551 36.6607 -0.0199058 0.00839947
1 27.3574 36.6643 -0.0195291 0.00218884
1 28.4606 36.6666 -0.00671885 -0.00890205
1 29.5647 36.6672 0.000782586 -0.0221343
1 30.6685 36.6661 -0.0124185 -0.0299561
1 31.7729 36.6644 -0.00959749 -0.0319553
1 32.8775 36.663 0.0061675 -0.0293364
1 33.9788 36.6619 0.0227047 -0.0320016
1 35.0792 36.6605 0.0178389 -0.0410809
1 36.183 36.6584 -0.0160793 -0.0478339
1 37.2909 36.6565 -0.0448747 -0.0498266
1 38.401 36.6548 -0.0616158 -0.0517387
1 39.5121 36.653 -0.0675371 -0.0539276
1 40.6231 36.6513 -0.0710897 -0.0571536
1 41.7348 36.6494 -0.0679526 -0.060535
1 42.8471 36.648 -0.0683439 -0.0639336
1 43.9675 36.6465 -0.070473 -0.0692614
1 0.272203 37.6091 0.0754611 -0.0679944
1 1.39213 37.61 0.0722727 -0.0703575
1 2.50467 37.6113 0.0707803 -0.0724149
1 3.61657 37.6131 0.0730954 -0.0702766
1 4.72775 37.6144 0.0707951 -0.0670961
1 5.83882 37.616 0.0626529 -0.0686737
1 6.9491 37.6177 0.0475741 -0.0665141
1 8.05665 37.6192 0.0193813 -0.0637579
1 9.16052 37.621 -0.0151159 -0.0625325
1 10.2617 37.6229 -0.0198494 -0.0553437
1 11.3632 37.6239 -0.00210759 -0.0504812
1 12.4675 37.6249 0.0124663 -0.0517239
1 13.5721 37.6265 0.0148643 -0.0536797
1 14.6761 37.6278 0.00130678 -0.0484474
1 15.7804 37.6277 0.00757038 -0.0388118
1 16.8842 37.6259 0.014916 -0.0286131
1 17.9871 37.6227 0.0144475 -0.0192429
1 19.0887 37.6187 0.0263185 -0.0123689
1 20.1906 37.6149 0.0263066 -0.0115848
1 21.2932 37.6124 0.00987029 -0.0136915
1 22.3951 37.6118 -0.00458483 -0.0138121
1 23.4976 37.6134 -0.018957 -0.011929
1 24.6001 37.6167 -0.029011 -0.0123415
1 25.7017 37.6206 -0.0151736 -0.0172779
1 26.8044 37.6241 -0.00994049 -0.0240771
1 27.9082 37.6267 -0.0192926 -0.0326128
1 29.0116 37.6276 -0.0122425 -0.0440427
1 30.1153 37.6269 -0.00630865 -0.0523673
1 31.2198 37.6255 -0.00959869 -0.0533518
1 32.3248 37.6243 -0.00577028 -0.050937
1 33.4275 37.6235 0.0131021 -0.0509195
1 34.5285 37.6221 0.0286534 -0.0594246
1 35.6311 37.62 -0.000544947 -0.065465
1 36.7369 37.6182 -0.0362816 -0.0641133
1 37.846 37.6169 -0.0570062 -0.0655492
1 38.9568 37.6152 -0.0661773 -0.0689508
1 40.068 37.6137 -0.0692376 -0.0687156
1 41.1794 37.6121 -0.0712738 -0.0705289
1 42.2913 37.6107 -0.0680548 -0.0702747
1 43.4057 37.6091 -0.0665958 -0.0706314
1 0.834146 38.5718 0.0739348 -0.0727996
1 1.94846 38.5727 0.0715402 -0.0727825
1 3.06039 38.5741 0.075115 -0.072461
1 4.17192 38.5758 0.073813 -0.0729228
1 5.2831 38.5774 0.0706837 -0.0692212
1 6.39354 38.5788 0.0584843 -0.0698354
1 7.50296 38.5803 0.0351404 -0.0687056
1 8.60874 38.5818 0.00428857 -0.0674604
1 9.71154 38.5837 -0.0253982 -0.0651269
1 10.8131 38.5855 -0.0124109 -0.0601624
1 11.9161 38.5866 0.00665164 -0.0569011
1 13.0211 38.5875 0.0136103 -0.0580217
1 14.1257 38.5889 0.00844531 -0.0581747
1 15.2297 38.5899 0.012852 -0.0520903
1 16.3333 38.5893 0.0213511 -0.042275
1 17.4369 38.5871 0.00803824 -0.033364
1 18.5402 38.584 0.00874194 -0.0249166
1 19.6424 38.5806 0.0227826 -0.0158083
1 20.7441 38.5777 0.0159905 -0.0089507
1 21.8447 38.5761 0.00292151 -0.00561413
1 22.9449 38.5767 -0.00682576 -0.00608825
1 24.0467 38.579 -0.0214859 -0.0126061
1 25.1485 38.5821 -0.0214162 -0.0225747
1 26.2507 38.5853 -0.00944423 -0.0295727
1 27.3544 38.5881 -0.0132916 -0.0365723
1 28.4584 38.5894 -0.00968707 -0.0478772
1 29.5628 38.5891 -0.00380061 -0.0576625
1 30.667 38.5878 -0.0173776 -0.057748
1 31.7713 38.587 -0.0162327 -0.0555324
1 32.8757 38.5862 0.00299685 -0.0574387
1 33.9777 38.5847 0.0197125 -0.0639448
1 35.0791 38.5826 0.00923639 -0.0659926
1 36.1832 38.5811 -0.0270494 -0.0667761
1 37.291 38.5796 -0.050434 -0.0710673
1 38.4012 38.578 -0.0648682 -0.0697288
1 39.5122 38.5766 -0.0685455 -0.06973
1 40.6236 38.5749 -0.0691708 -0.0737644
1 41.7354 38.5734 -0.0703173 -0.0724163
1 42.8477 38.5723 -0.0705886 -0.0732366
1 43.9674 38.5714 -0.0722384 -0.069362
1 0.272097 39.5342 0.0708554 -0.0721676
1 1.39201 39.5347 0.0722296 -0.0699718
1 2.50449 39.536 0.0718523 -0.0748408
1 3.61617 39.5376 0.0733557 -0.0742539
1 4.72753 39.5394 0.0693897 -0.073729
1 5.83873 39.5408 0.0652517 -0.0736175
1 6.94891 39.5424 0.0511274 -0.0716863
1 8.0567 39.5437 0.0269022 -0.0693682
1 9.16087 39.5452 -0.0060384 -0.068026
1 10.2627 39.5472 -0.0165394 -0.0671303
1 11.365 39.5489 -0.00219823 -0.0649247
1 12.4696 39.55 0.0153614 -0.0609083
1 13.5741 39.5509 0.0210983 -0.0615755
1 14.6783 39.5522 0.0045957 -0.0609437
1 15.783 39.5527 0.00582718 -0.0532472
1 16.8873 39.5518 0.0131602 -0.0418085
1 17.9904 39.5494 0.00847293 -0.0315939
1 19.0925 39.5466 0.00980765 -0.0221522
1 20.1942 39.5445 0.00501035 -0.0126414
1 21.2952 39.5433 -0.00267322 -0.00389915
1 22.3945 39.543 0.00151333 -0.00144249
1 23.4947 39.5438 -0.00228969 -0.00832355
1 24.5962 39.5453 -0.010947 -0.018991
1 25.6981 39.5476 -3.93953e-05 -0.0267607
1 26.8016 39.5504 -0.00491503 -0.0362202
1 27.9054 39.552 -0.022018 -0.0497061
1 29.009 39.5521 -0.0151492 -0.0575718
1 30.113 39.5513 -0.010731 -0.0598877
1 31.2176 39.5504 -0.01352 -0.0605869
1 32.3227 39.5495 -0.00459341 -0.0638892
1 33.4261 39.5482 0.0128245 -0.0644029
1 34.5278 39.5464 0.0208061 -0.0670391
1 35.631 39.5445 -0.00998332 -0.0698914
1 36.737 39.5431 -0.0410911 -0.0713764
1 37.8464 39.5416 -0.0595345 -0.0723207
1 38.9571 39.5401 -0.0683124 -0.0752591
1 40.0684 39.5383 -0.0696575 -0.0752001
1 41.1799 39.5368 -0.0715067 -0.0718624
1 42.2919 39.5353 -0.0692561 -0.0740293
1 43.4063 39.5343 -0.0706627 -0.0726976
1 0.833792 40.4967 0.0675201 -0.0759352
1 1.94794 40.4977 0.0676458 -0.0750893
1 3.05984 40.4991 0.0717906 -0.0744853
1 4.17134 40.5007 0.068641 -0.0766961
1 5.28303 40.5025 0.0677157 -0.0751543
1 6.39348 40.5042 0.0604254 -0.0732429
1 7.50307 40.5056 0.0393926 -0.0725384
1 8.60928 40.5072 0.0128759 -0.0692248
1 9.71246 40.5087 -0.0161597 -0.0667781
1 10.8144 40.5105 -0.0106332 -0.0662982
1 11.9179 40.512 0.00518061 -0.0654881
1 13.0236 40.5132 0.0121398 -0.0635001
1 14.1285 40.5143 0.0139035 -0.0613654
1 15.2323 40.5154 0.0159427 -0.0572224
1 16.3359 40.5156 0.0151461 -0.0476403
1 17.4395 40.5145 -0.000633638 -0.0330574
1 18.5421 40.5126 -0.00520181 -0.0186946
1 19.6432 40.5108 -0.00107644 -0.00980157
1 20.7441 40.5101 -0.00836075 -0.00702735
1 21.8447 40.5099 -0.00294295 -0.00675612
1 22.9451 40.5099 0.010421 -0.00705763
1 24.0463 40.5102 0.00391935 -0.00855043
1 25.1472 40.5113 0.000340895 -0.0132917
1 26.2487 40.5133 0.000338815 -0.0254489
1 27.3516 40.5148 -0.0118759 -0.043217
1 28.4553 40.515 -0.00697413 -0.0537144
1 29.5601 40.5145 -0.00321803 -0.0584549
1 30.6646 40.5135 -0.020476 -0.06217
1 31.7691 40.5127 -0.0159905 -0.062195
1 32.8739 40.5116 0.00360139 -0.0656297
1 33.9764 40.5096 0.0158108 -0.0692165
1 35.0784 40.5078 0.00221336 -0.0677193
1 36.1831 40.5065 -0.030839 -0.0693
1 37.2915 40.5049 -0.0493907 -0.0752598
1 38.4022 40.5032 -0.0645557 -0.0737839
1 39.5133 40.5017 -0.0713441 -0.0737617
1 40.6245 40.4999 -0.0740792 -0.0775936
1 41.7363 40.4982 -0.0712977 -0.0765987
1 42.8487 40.497 -0.0731051 -0.0727938
1 43.9692 40.4964 -0.0712649 -0.0748662
1 0.27016 41.4582 0.0706867 -0.0755871
1 1.39079 41.4594 0.0708833 -0.0745809
1 2.50338 41.4605 0.0727359 -0.0758613
1 3.61506 41.4625 0.074344 -0.0753397
1 4.72634 41.4643 0.0698602 -0.0762038
1 5.83764 41.4661 0.0651672 -0.0766986
1 6.94811 41.4676 0.0499494 -0.0748234
1 8.05677 41.4693 0.0277466 -0.0732536
1 9.16181 41.4708 0.00107462 -0.0680496
1 10.2642 41.4723 -0.0129744 -0.0667653
1 11.3669 41.474 -0.000357008 -0.0693528
1 12.4716 41.4755 0.0166662 -0.0652709
1 13.5766 41.4765 0.0169759 -0.0627474
1 14.6813 41.4779 0.00176408 -0.0623838
1 15.7855 41.4793 0.00142448 -0.053127
1 16.8887 41.4797 0.0010259 -0.0354566
1 17.9906 41.479 -0.0103046 -0.0193435
1 19.0912 41.4778 -0.00827015 -0.00941829
1 20.1919 41.4768 -0.00575468 -0.00881636
1 21.2936 41.476 -0.00618447 -0.0138857
1 22.3952 41.4758 0.00185089 -0.0159413
1 23.4969 41.4763 0.00441433 -0.0112536
1 24.598 41.4771 0.00554749 -0.0074897
1 25.6987 41.4781 0.0188392 -0.0135805
1 26.8005 41.479 0.0082062 -0.0297628
1 27.9032 41.4789 -0.00990917 -0.0466286
1 29.0065 41.4781 -0.00828312 -0.0556688
1 30.1105 41.4771 -0.0139111 -0.0612618
1 31.2151 41.4761 -0.0132577 -0.063932
1 32.3209 41.475 -0.000951326 -0.068597
1 33.4247 41.4732 0.00976625 -0.0690905
1 34.5267 41.4716 0.0125467 -0.0663336
1 35.6305 41.4701 -0.0158465 -0.0720136
1 36.7373 41.4683 -0.0430013 -0.0745726
1 37.8471 41.4668 -0.0603423 -0.0738497
1 38.958 41.4652 -0.067332 -0.076793
1 40.0693 41.4634 -0.0705228 -0.0741839
1 41.1807 41.4616 -0.0703251 -0.0753294
1 42.2929 41.4598 -0.0692095 -0.0757355
1 43.4072 41.4585 -0.0681214 -0.0774755
1 0.831817 42.4202 0.0708677 -0.079033
1 1.94641 42.422 0.0702429 -0.0762397
1 3.0582 42.4239 0.0739485 -0.0769282
1 4.16967 42.4258 0.0710336 -0.0780304
1 5.28115 42.4277 0.0687974 -0.0769123
1 6.39199 42.4295 0.0595978 -0.07469
1 7.50213 42.4309 0.0391517 -0.0734523
1 8.60954 42.4325 0.0154028 -0.0729376
1 9.71355 42.4343 -0.0101865 -0.0681787
1 10.8161 42.4357 -0.0123735 -0.0649298
1 11.9201 42.4372 0.00391831 -0.0691142
1 13.0258 42.439 0.0124 -0.0648661
1 14.1308 42.4405 0.00883523 -0.0555425
1 15.234 42.4423 0.00327495 -0.0512679
1 16.3361 42.4444 -0.00282206 -0.0391756
1 17.438 42.4454 -0.0189838 -0.0192825
1 18.5394 42.4448 -0.0179719 -0.00893216
1 19.6404 42.4433 -0.00257341 -0.0108413
1 20.7423 42.4419 -0.000293754 -0.0139334
1 21.8444 42.4411 -0.000455157 -0.0136699
1 22.9462 42.4414 0.00231873 -0.013567
1 24.0486 42.4425 0.00111655 -0.0128666
1 25.1503 42.4439 0.00924297 -0.0102325
1 26.251 42.4447 0.0153979 -0.0138991
1 27.352 42.4444 0.00753891 -0.0288583
1 28.4543 42.4427 0.00890899 -0.0450057
1 29.5579 42.441 0.00139865 -0.0546861
1 30.6621 42.4395 -0.0153697 -0.061887
1 31.7674 42.4381 -0.0109337 -0.0649456
1 32.8723 42.4367 0.000604144 -0.0666525
1 33.9748 42.4351 0.0109562 -0.0674389
1 35.0776 42.4334 -0.00221112 -0.0695794
1 36.1835 42.4318 -0.0341327 -0.0725061
1 37.2924 42.4302 -0.0550628 -0.0751039
1 38.4031 42.4286 -0.0660477 -0.0761325
1 39.5143 42.4269 -0.0693127 -0.0752711
1 40.6256 42.425 -0.0719035 -0.0777256
1 41.7373 42.4227 -0.0705637 -0.0762269
1 42.8499 42.421 -0.0729658 -0.0769511
1 43.9706 42.4195 -0.0757876 -0.0780957
1 0.268175 43.3811 0.0763416 -0.0756848
1 1.38911 43.3829 0.0716258 -0.0759926
1 2.5017 43.3853 0.0740258 -0.0761729
1 3.61338 43.3877 0.0728722 -0.0740028
1 4.72474 43.3897 0.0707038 -0.0725907
1 5.83617 43.3913 0.0661884 -0.0754647
1 6.94704 43.3931 0.0566925 -0.0747107
1 8.05608 43.3946 0.0344836 -0.0696105
1 9.16213 43.396 0.00828719 -0.0681979
1 10.2653 43.3978 -0.00945514 -0.0667952
1 11.3684 43.3993 -0.00471355 -0.0638127
1 12.4732 43.4009 0.0105804 -0.0618614
1 13.5781 43.4031 0.00433081 -0.0579365
1 14.682 43.406 -0.0165881 -0.0483687
1 15.7843 43.4091 -0.0162262 -0.036035
1 16.8857 43.4115 -0.0126464 -0.0245221
1 17.9871 43.4117 -0.0144802 -0.0157069
1 19.0885 43.41 -0.00445803 -0.0111412
1 20.1907 43.4079 -0.00240539 -0.0116398
1 21.2933 43.4068 -0.00496013 -0.0133641
1 22.3953 43.4066 0.00169781 -0.0138098
1 23.4976 43.4073 0.00297008 -0.0130494
1 24.6001 43.4088 -0.000134644 -0.0118069
1 25.702 43.4106 0.0144261 -0.0135275
1 26.8037 43.4113 0.0200548 -0.0197237
1 27.9054 43.4097 0.0120958 -0.0309206
1 29.0068 43.4067 0.00925006 -0.0424327
1 30.1092 43.4041 0.000665093 -0.0511522
1 31.2137 43.402 -0.00602573 -0.0595962
1 32.3193 43.4003 -0.00222452 -0.0651011
1 33.4228 43.3987 0.0106253 -0.0651941
1 34.5256 43.3971 0.011061 -0.0655521
1 35.6306 43.3953 -0.0186433 -0.0717861
1 36.7384 43.3936 -0.0442946 -0.0717146
1 37.8488 43.3924 -0.0604891 -0.071962
1 38.96 43.3907 -0.0672712 -0.0752534
1 40.0715 43.3887 -0.0705219 -0.0751574
1 41.1829 43.3866 -0.0720408 -0.0739667
1 42.2946 43.384 -0.0697328 -0.075934
1 43.4092 43.3816 -0.0705888 -0.0745021
1 0.82989 44.3428 0.0693738 -0.0750773
1 1.9441 44.346 0.0699899 -0.0758039
1 3.05588 44.3492 0.0717477 -0.0746309
1 4.16726 44.3513 0.0717711 -0.076936
1 5.27887 44.3531 0.0688187 -0.0745766
1 6.39033 44.3547 0.0603278 -0.0764615
1 7.50106 44.3563 0.0447046 -0.0738822
1 8.6093 44.3577 0.0194819 -0.0709566
1 9.71447 44.3595 -0.00616008 -0.0673909
1 10.8173 44.3612 -0.0124423 -0.0630203
1 11.9209 44.363 -0.00478465 -0.061279
1 13.0258 44.3655 -0.000916219 -0.0538597
1 14.1293 44.369 -0.0132798 -0.0456687
1 15.2309 44.3734 -0.0191346 -0.0410561
1 16.3322 44.3771 -0.0128575 -0.0326225
1 17.4346 44.3778 -0.0157357 -0.0227505
1 18.5371 44.3763 -0.0122234 -0.0146198
1 19.6393 44.3741 -0.00415386 -0.0112222
1 20.7418 44.3725 -0.00312173 -0.0134392
1 21.8442 44.3716 -0.000502713 -0.0157523
1 22.9466 44.3719 0.0036928 -0.014978
1 24.0494 44.3732 0.00339199 -0.0127664
1 25.1519 44.375 0.00709706 -0.0134006
1 26.254 44.3767 0.0122263 -0.0193277
1 27.3562 44.377 0.0108341 -0.0280155
1 28.458 44.3746 0.018906 -0.0369995
1 29.5597 44.3706 0.0235633 -0.0414281
1 30.6625 44.3671 0.00782407 -0.0491142
1 31.7668 44.3642 -0.00191308 -0.0590423
1 32.871 44.3623 0.00707074 -0.0615586
1 33.9739 44.3607 0.0130718 -0.0657351
1 35.0776 44.3585 -0.00905381 -0.0712591
1 36.1843 44.3569 -0.0385121 -0.0709274
1 37.294 44.3556 -0.0559799 -0.0743709
1 38.4052 44.354 -0.066506 -0.0748818
1 39.5169 44.3524 -0.068089 -0.0757409
1 40.6285 44.3502 -0.072685 -0.0759704
1 41.74 44.3478 -0.071109 -0.0762434
1 42.8522 44.3443 -0.0717021 -0.0760661
1 43.9731 44.342 -0.0719247 -0.0739079
1 0.26449 45.3023 0.0698353 -0.0731273
1 1.38577 45.3062 0.0708878 -0.0756309
1 2.49766 45.3103 0.0717471 -0.0762236
1 3.60958 45.3132 0.0734566 -0.0752383
1 4.72133 45.3152 0.0720964 -0.0730291
1 5.83329 45.3165 0.0639306 -0.0736014
1 6.94518 45.3179 0.0570351 -0.0756235
1 8.05487 45.3197 0.0369679 -0.0715395
1 9.16204 45.321 0.00616144 -0.0661725
1 10.266 45.3232 -0.0135509 -0.0648027
1 11.3684 45.3259 -0.0150637 -0.0536182
1 12.4715 45.3283 -0.011554 -0.0448181
1 13.575 45.3321 -0.0210044 -0.0454664
1 14.6776 45.3374 -0.0258347 -0.046631
1 15.7796 45.3419 -0.0140237 -0.0411293
1 16.8823 45.3437 -0.0114926 -0.0287973
1 17.9851 45.3427 -0.014354 -0.0154972
1 19.0873 45.3405 -0.0084738 -0.011178
1 20.1901 45.3383 -0.0066643 -0.0147996
1 21.2932 45.3371 -0.00440093 -0.0156803
1 22.3954 45.3369 0.00215525 -0.0151717
1 23.498 45.3376 0.00497523 -0.0160542
1 24.6011 45.3393 0.00507675 -0.0131864
1 25.7036 45.3414 0.0145362 -0.0125692
1 26.8062 45.3429 0.0169923 -0.0228889
1 27.9093 45.3422 0.00912839 -0.037928
1 29.0113 45.3388 0.0167296 -0.0437194
1 30.1133 45.3343 0.0256155 -0.0416405
1 31.2164 45.3302 0.0145147 -0.0445115
1 32.3197 45.3271 0.0112119 -0.050484
1 33.4225 45.3248 0.0211106 -0.0589542
1 34.5256 45.3223 0.00762011 -0.0664522
1 35.6312 45.3203 -0.0250514 -0.0695093
1 36.7398 45.3188 -0.0479934 -0.0727955
1 37.8509 45.3174 -0.0621744 -0.074787
1 38.9626 45.3159 -0.0693635 -0.0756752
1 40.0746 45.314 -0.0686629 -0.0741676
1 41.1864 45.3119 -0.0702661 -0.0733431
1 42.2982 45.3087 -0.0706924 -0.0757393
1 43.4117 45.3036 -0.068568 -0.0752488
1 0.825026 46.2647 0.0691399 -0.0770267
1 1.93811 46.2721 0.072957 -0.0731829
1 3.05052 46.2751 0.0689773 -0.0742022
1 4.16333 46.2773 0.0707355 -0.0765299
1 5.2757 46.279 0.0705372 -0.0728949
1 6.38801 46.28 0.060912 -0.0739261
1 7.4995 46.282 0.0497565 -0.0744377
1 8.60804 46.2836 0.0238529 -0.0656521
1 9.71352 46.2854 -0.0128914 -0.0599148
1 10.8158 46.2892 -0.0290591 -0.0526362
1 11.9174 46.293 -0.0233346 -0.0390979
1 13.02 46.2958 -0.0198983 -0.0369724
1 14.1234 46.3002 -0.0225926 -0.0525931
1 15.2264 46.306 -0.0158906 -0.0551486
1 16.3292 46.3097 -0.0140537 -0.0345525
1 17.4328 46.3097 -0.0205092 -0.0176325
1 18.5361 46.3074 -0.0147479 -0.0126091
1 19.6388 46.3048 -0.00693667 -0.0127704
1 20.7417 46.3032 -0.00603864 -0.0162254
1 21.8443 46.3026 -0.00141749 -0.0186809
1 22.9467 46.3028 0.00502308 -0.0174223
1 24.0497 46.3039 0.00659144 -0.014345
1 25.1526 46.306 0.0104396 -0.0134679
1 26.2554 46.3082 0.016803 -0.016556
1 27.3587 46.3091 0.0151187 -0.0265127
1 28.4619 46.3071 0.0154617 -0.0442316
1 29.565 46.3026 0.0227996 -0.0533453
1 30.6683 46.2978 0.0194782 -0.0441877
1 31.771 46.2945 0.0186407 -0.0363266
1 32.873 46.2914 0.0300982 -0.043692
1 33.9748 46.2874 0.0245959 -0.0598298
1 35.0786 46.2841 -0.00510901 -0.0649732
1 36.186 46.2828 -0.0372648 -0.0668681
1 37.2965 46.2812 -0.0576073 -0.0766295
1 38.4085 46.2795 -0.0663741 -0.0743097
1 39.5209 46.2782 -0.0699044 -0.0735226
1 40.6334 46.2763 -0.074437 -0.0753915
1 41.7459 46.2736 -0.0714893 -0.0740425
1 42.8589 46.2697 -0.0707347 -0.075947
1 43.9791 46.2609 -0.0731415 -0.0757088
1 0.253544 47.2211 0.0722408 -0.0754418
1 1.37441 47.2371 0.0729964 -0.0760133
1 2.4896 47.2414 0.0727401 -0.0743771
1 3.60373 47.2433 0.0723335 -0.0746365
1 4.71721 47.2459 0.0716178 -0.0762999
1 5.83025 47.2467 0.0647092 -0.0703568
1 6.94247 47.2483 0.0576703 -0.0779695
1 8.05274 47.2512 0.0308423 -0.0636906
1 9.15977 47.2523 -0.0024041 -0.0502155
1 10.2619 47.2565 -0.0342899 -0.0514039
1 11.363 47.2623 -0.0406309 -0.0383677
1 12.4653 47.265 -0.0158746 -0.0341158
1 13.5683 47.2674 -0.0148099 -0.0505903
1 14.6718 47.2731 -0.0225306 -0.0578226
1 15.7755 47.2788 -0.0229007 -0.044986
1 16.8804 47.2806 -0.0242282 -0.0260047
1 17.985 47.2788 -0.0189619 -0.0123581
1 19.0878 47.276 -0.010613 -0.0117014
1 20.1906 47.274 -0.00815552 -0.0168699
1 21.2934 47.2729 -0.00283897 -0.0186882
1 22.3953 47.2727 0.00147014 -0.0188613
1 23.4978 47.2734 0.00526296 -0.0185961
1 24.6009 47.2749 0.00867207 -0.0148887
1 25.7036 47.2771 0.0156803 -0.0118746
1 26.8072 47.2793 0.0225821 -0.0193582
1 27.9121 47.2791 0.0226921 -0.0360025
1 29.0161 47.2752 0.0213164 -0.0522823
1 30.1194 47.2696 0.0188677 -0.054346
1 31.2227 47.2662 0.0133278 -0.0394099
1 32.3257 47.2644 0.0305774 -0.0341547
1 33.4274 47.2597 0.0426893 -0.0464287
1 34.5284 47.254 0.0191372 -0.0524709
1 35.6333 47.2515 -0.0163718 -0.0576477
1 36.7422 47.2497 -0.0518807 -0.0731519
1 37.8534 47.2474 -0.0606024 -0.0727875
1 38.9664 47.2465 -0.0678862 -0.0727556
1 40.0793 47.2445 -0.072946 -0.0749358
1 41.1928 47.2426 -0.0710722 -0.073529
1 42.3074 47.239 -0.0709504 -0.0764002
1 43.4246 47.2329 -0.0696693 -0.0748368
