1 0.860679 0.359875 -0.0602742 0.051336
1 1.96845 0.349749 -0.0632109 0.038678
1 3.07168 0.342016 -0.0388539 0.0376448
1 4.17564 0.336057 -0.0160086 0.0397812
1 5.28005 0.33097 -0.0149002 0.0439727
1 6.38308 0.326277 -0.0171134 0.0393747
1 7.48559 0.321775 -0.020516 0.0411439
1 8.58904 0.317011 -0.0175788 0.0395465
1 9.69206 0.313462 -0.018799 0.0370678
1 10.795 0.308545 -0.0217084 0.0389406
1 11.8981 0.303755 -0.010434 0.0312736
1 13.0015 0.300515 -0.0115534 0.0316189
1 14.1049 0.29555 -0.0137932 0.0384999
1 15.2088 0.28962 -0.0148205 0.032772
1 16.3136 0.286132 -0.0114662 0.0216358
1 17.4175 0.28335 -0.00928722 0.0236298
1 18.5218 0.277675 -0.0114958 0.0324677
1 19.628 0.270337 -0.00755087 0.0287644
1 20.7348 0.264345 -0.0110283 0.0101131
1 21.8424 0.261193 -0.00399428 -0.00403771
1 22.9509 0.261758 0.0112212 0.000710188
1 24.0585 0.266017 0.00986033 0.0209755
1 25.1654 0.273342 0.00864004 0.0363867
1 26.2708 0.281033 0.00991294 0.0323531
1 27.3745 0.285494 0.00930263 0.0197727
1 28.4789 0.287701 0.014115 0.0242051
1 29.5834 0.292386 0.0132514 0.0378256
1 30.6868 0.298404 0.014484 0.0337136
1 31.7906 0.30191 0.012553 0.0276144
1 32.8938 0.305828 0.0131596 0.0388711
1 33.9965 0.3118 0.0214748 0.0405443
1 35.0994 0.315177 0.014939 0.0346146
1 36.2026 0.318795 0.0181447 0.0441641
1 37.3058 0.324358 0.0225529 0.0392818
1 38.4084 0.328312 0.0164896 0.0383103
1 39.5125 0.333421 0.0130822 0.0457051
1 40.6168 0.338892 0.0247731 0.0375434
1 41.7199 0.345652 0.0488607 0.0382061
1 42.8232 0.354074 0.053635 0.0475029
1 43.9353 0.372675 0.0270972 0.0567234
1 0.312987 1.33294 -0.0330196 0.0596226
1 1.4257 1.32303 -0.0433351 0.0497296
1 2.52835 1.31555 -0.0418534 0.0408946
1 3.63044 1.30895 -0.0256519 0.0302575
1 4.73339 1.30296 -0.0180799 0.0309692
1 5.83584 1.29777 -0.0180687 0.0338013
1 6.9384 1.29312 -0.0216368 0.0320666
1 8.04142 1.28875 -0.0153335 0.0307269
1 9.14413 1.28421 -0.0176631 0.0278789
1 10.2472 1.28001 -0.0198297 0.0257977
1 11.35 1.27522 -0.0119536 0.0259802
1 12.453 1.27089 -0.0118481 0.019907
1 13.5567 1.26666 -0.0165314 0.0223747
1 14.6603 1.26115 -0.0129722 0.0239556
1 15.7643 1.25639 -0.0111445 0.0143836
1 16.8686 1.25306 -0.0130903 0.0096038
1 17.9731 1.24877 -0.00996032 0.0147794
1 19.0785 1.2422 -0.00491138 0.0180634
1 20.1842 1.23503 -0.00468064 0.00522999
1 21.2898 1.23041 -0.00472098 -0.0107855
1 22.3965 1.2293 -3.17389e-05 -0.0144007
1 23.5027 1.23159 0.00435117 -0.0037532
1 24.6083 1.23758 0.00784609 0.0142702
1 25.7144 1.2453 0.0106124 0.021053
1 26.8195 1.25141 0.0100819 0.0140451
1 27.9238 1.25511 0.0114604 0.00986109
1 29.028 1.25855 0.0107163 0.017466
1 30.1316 1.26395 0.0119216 0.0255515
1 31.2351 1.26901 0.0135044 0.0185543
1 32.3386 1.2728 0.0119686 0.0202002
1 33.4414 1.27776 0.0159217 0.030203
1 34.5444 1.28252 0.022965 0.0252587
1 35.6475 1.28608 0.0182982 0.0267936
1 36.7502 1.29069 0.0181818 0.0337139
1 37.853 1.29541 0.0218915 0.0335927
1 38.9554 1.30006 0.0212891 0.0319741
1 40.0585 1.30597 0.020936 0.0298408
1 41.1612 1.31231 0.0308789 0.0348666
1 42.2633 1.31922 0.0509206 0.0483527
1 43.3684 1.32859 0.0424683 0.0552398
1 0.874919 2.28913 -0.0452514 0.0538659
1 1.98118 2.28292 -0.0401729 0.0463977
1 3.08413 2.27689 -0.0236739 0.0343524
1 4.18736 2.27086 -0.0151268 0.0226943
1 5.28973 2.26508 -0.0250445 0.0139424
1 6.39119 2.25941 -0.0305471 0.0146355
1 7.49334 2.25425 -0.0192901 0.0132476
1 8.59617 2.2499 -0.0171533 0.0100561
1 9.6993 2.24536 -0.0248228 0.00482656
1 10.802 2.24052 -0.0177363 0.00350597
1 11.9048 2.23574 -0.0103583 -0.000201992
1 13.0083 2.23143 -0.015512 -0.00502543
1 14.1116 2.22638 -0.0145851 -0.00300164
1 15.215 2.22094 -0.0114675 -0.00771214
1 16.3192 2.21698 -0.0121017 -0.016005
1 17.4234 2.21277 -0.0118819 -0.0136972
1 18.5282 2.20692 -0.00881872 -0.0112494
1 19.6338 2.20049 -0.00608913 -0.0197258
1 20.7385 2.19479 -0.00420204 -0.0325789
1 21.8433 2.1916 0.00175981 -0.0387653
1 22.949 2.19224 0.0051658 -0.0358192
1 24.0537 2.19661 0.00205546 -0.0237065
1 25.1587 2.20326 0.0033061 -0.0118959
1 26.2642 2.20996 0.0111339 -0.0122505
1 27.3688 2.21509 0.0127873 -0.0152019
1 28.4729 2.21902 0.010814 -0.0110972
1 29.5768 2.22369 0.0153682 -0.00560902
1 30.6803 2.22896 0.0169576 -0.00554182
1 31.7837 2.23357 0.0112079 -0.00291595
1 32.8869 2.23823 0.0167239 0.00109953
1 33.9899 2.24303 0.0236761 0.00333844
1 35.0925 2.2476 0.0156719 0.00787458
1 36.1952 2.25197 0.0150898 0.0124794
1 37.2978 2.25654 0.0240616 0.0139524
1 38.399 2.26206 0.0294723 0.0128723
1 39.5011 2.268 0.0214111 0.0168064
1 40.6045 2.2739 0.0186855 0.0294469
1 41.7077 2.2797 0.0316295 0.040065
1 42.8108 2.28632 0.0420104 0.047035
1 43.9252 2.29126 0.0372844 0.0538357
1 0.315783 3.25017 -0.049748 0.0408574
1 1.43035 3.24671 -0.047509 0.037438
1 2.53453 3.24111 -0.0303091 0.0314928
1 3.63854 3.23581 -0.0117543 0.0208321
1 4.74285 3.23057 -0.0141337 0.00465005
1 5.84517 3.22485 -0.0306145 -0.00603254
1 6.94618 3.21874 -0.0346854 -0.0136184
1 8.04769 3.21305 -0.0231056 -0.0162522
1 9.15046 3.20793 -0.0248066 -0.0178848
1 10.2535 3.203 -0.024782 -0.0234514
1 11.3562 3.19788 -0.0184419 -0.0302263
1 12.4593 3.19297 -0.0161241 -0.0360859
1 13.5626 3.18805 -0.0184029 -0.0370858
1 14.6658 3.18253 -0.0167241 -0.0420517
1 15.7694 3.17758 -0.0139408 -0.0500509
1 16.8736 3.17304 -0.0138471 -0.0503664
1 17.9778 3.16766 -0.00788724 -0.0531875
1 19.0825 3.16178 -0.003593 -0.0594125
1 20.1872 3.15587 -0.00451467 -0.0650854
1 21.2914 3.1514 -0.00316971 -0.0738082
1 22.396 3.15022 -0.00288359 -0.0776202
1 23.5004 3.1527 0.00262887 -0.0702363
1 24.6046 3.15813 0.00827972 -0.059237
1 25.7098 3.16454 0.00934944 -0.0535108
1 26.8145 3.17041 0.0121669 -0.051668
1 27.9187 3.17542 0.0136429 -0.0507919
1 29.0226 3.18004 0.0133656 -0.0474578
1 30.126 3.18518 0.0170183 -0.040305
1 31.2292 3.19042 0.0146444 -0.0361974
1 32.3325 3.19546 0.0159051 -0.0333387
1 33.4354 3.20057 0.0212124 -0.0273098
1 34.5381 3.20548 0.022884 -0.0202185
1 35.6411 3.21038 0.0212102 -0.016197
1 36.7431 3.21577 0.028636 -0.0176145
1 37.8441 3.22169 0.0372421 -0.0120566
1 38.9456 3.22757 0.0224606 0.000523366
1 40.0494 3.23292 0.00890423 0.0131825
1 41.1541 3.23849 0.017335 0.0248158
1 42.2581 3.24392 0.0431362 0.0342513
1 43.3654 3.24871 0.0499407 0.0419767
1 0.873902 4.20724 -0.0635924 0.0259101
1 1.98178 4.20278 -0.0473546 0.0187594
1 3.08629 4.19737 -0.0206609 0.0123079
1 4.19176 4.19202 -0.00666177 0.00191234
1 5.29658 4.18707 -0.0170679 -0.0112556
1 6.39934 4.18154 -0.0341877 -0.0235996
1 7.50055 4.17532 -0.0334549 -0.0352734
1 8.60213 4.16891 -0.0322633 -0.0430957
1 9.70437 4.16291 -0.0306322 -0.0423721
1 10.8068 4.15724 -0.0225951 -0.0456933
1 11.91 4.15204 -0.018321 -0.0553362
1 13.0132 4.1467 -0.0199188 -0.0598476
1 14.1161 4.14089 -0.0209943 -0.0623916
1 15.2195 4.13535 -0.0172321 -0.0700184
1 16.3232 4.13033 -0.0148436 -0.0767915
1 17.4269 4.12482 -0.0137556 -0.0778496
1 18.5313 4.11891 -0.0117444 -0.0823316
1 19.6362 4.11327 -0.0107251 -0.0920645
1 20.7399 4.10824 -0.00146132 -0.0985344
1 21.8436 4.10536 0.00570388 -0.100072
1 22.9481 4.10604 0.0032151 -0.099695
1 24.052 4.11001 0.00336369 -0.0936722
1 25.1562 4.11575 0.00228571 -0.0842287
1 26.2608 4.1218 0.00819662 -0.08032
1 27.3648 4.12751 0.0179967 -0.0787085
1 28.4686 4.13285 0.0162353 -0.0725989
1 29.5723 4.13808 0.0196749 -0.067826
1 30.6755 4.14351 0.0244755 -0.0630564
1 31.7785 4.14928 0.018728 -0.0553044
1 32.8818 4.15486 0.0220842 -0.0498512
1 33.9848 4.16 0.0310552 -0.0458228
1 35.0871 4.16556 0.0322912 -0.0426641
1 36.1892 4.17206 0.0354304 -0.0398256
1 37.2907 4.17826 0.0362896 -0.0304599
1 38.3923 4.18408 0.0259955 -0.016231
1 39.4963 4.18949 0.00707177 -0.0054117
1 40.6017 4.1945 0.0104212 0.00879587
1 41.7068 4.19988 0.0337368 0.0158318
1 42.8114 4.20515 0.0556368 0.0213267
1 43.9262 4.20839 0.0634305 0.0223696
1 0.311046 5.16506 -0.0879005 -0.00323369
1 1.42698 5.16216 -0.0685316 0.0051474
1 2.5322 5.15702 -0.0387725 0.00591756
1 3.63752 5.1517 -0.011808 0.000733944
1 4.74336 5.14667 -0.00640947 -0.00328853
1 5.84789 5.14154 -0.0162854 -0.0102786
1 6.95085 5.13635 -0.0292855 -0.0224603
1 8.05333 5.13029 -0.0318342 -0.032954
1 9.15561 5.12352 -0.0385344 -0.0408627
1 10.2573 5.11673 -0.0383754 -0.0426007
1 11.3596 5.11067 -0.0277555 -0.04461
1 12.4631 5.10505 -0.0186758 -0.0458007
1 13.5662 5.09901 -0.025633 -0.0519146
1 14.6693 5.09301 -0.0241762 -0.0603411
1 15.7727 5.08737 -0.0162401 -0.0619532
1 16.8766 5.08164 -0.0203375 -0.0652292
1 17.9805 5.07562 -0.0098094 -0.0735349
1 19.0844 5.0699 0.000632665 -0.0798265
1 20.1881 5.06471 -0.00293599 -0.0828287
1 21.2917 5.06053 -0.00470792 -0.0865088
1 22.3958 5.05938 -0.00715552 -0.088892
1 23.4996 5.06195 0.00322708 -0.0861295
1 24.6033 5.06667 0.0127024 -0.0804103
1 25.7078 5.07233 0.00910535 -0.0732199
1 26.8118 5.07866 0.0134232 -0.0673809
1 27.9156 5.08458 0.0174303 -0.0654704
1 29.0193 5.09 0.0156026 -0.0626887
1 30.1222 5.09591 0.023096 -0.0567324
1 31.2252 5.10198 0.0226939 -0.0502329
1 32.3288 5.1077 0.0193413 -0.0444747
1 33.4317 5.11354 0.0312997 -0.0418897
1 34.5337 5.11999 0.0416833 -0.0436676
1 35.6357 5.12664 0.0318168 -0.0375564
1 36.7377 5.13306 0.0279779 -0.0259889
1 37.8403 5.13883 0.0275467 -0.0160694
1 38.9441 5.14387 0.012614 -0.00612023
1 40.0498 5.1489 0.00650988 -0.00048396
1 41.1557 5.15413 0.0242393 0.00248819
1 42.2608 5.15958 0.0562463 0.00564226
1 43.3688 5.16401 0.0788686 0.00495044
1 0.868418 6.11929 -0.088718 -0.012893
1 1.97687 6.11579 -0.060286 -0.00259132
1 3.08232 6.11077 -0.0241109 0.00160677
1 4.18857 6.10577 -0.00675505 0.00540117
1 5.29444 6.10086 -0.00705858 0.00430613
1 6.39885 6.09626 -0.0203045 0.000728067
1 7.50243 6.09126 -0.0181556 -0.00260421
1 8.60583 6.08553 -0.026865 -0.0131789
1 9.70878 6.079 -0.038119 -0.0214201
1 10.8104 6.07213 -0.0375697 -0.0263411
1 11.9129 6.06558 -0.0261752 -0.0254569
1 13.016 6.05917 -0.0187638 -0.0248842
1 14.1189 6.05309 -0.0217123 -0.0315828
1 15.222 6.04719 -0.0177521 -0.0347619
1 16.3254 6.04094 -0.0177258 -0.0376883
1 17.4291 6.03502 -0.014026 -0.0436283
1 18.5328 6.02915 -0.00891963 -0.0469888
1 19.6369 6.02341 -0.0149336 -0.0527927
1 20.7404 6.01865 -0.00382826 -0.0575447
1 21.8439 6.01602 0.00805255 -0.0585507
1 22.9479 6.01674 0.00317472 -0.0562755
1 24.0513 6.02056 0.00492966 -0.0535748
1 25.1549 6.02586 0.00208178 -0.0516399
1 26.2587 6.03165 0.00446191 -0.0450504
1 27.3623 6.0378 0.0202543 -0.0385359
1 28.4661 6.04402 0.0230152 -0.0363125
1 29.5697 6.0501 0.0228728 -0.034978
1 30.6727 6.05598 0.0237437 -0.0277135
1 31.776 6.06219 0.0240767 -0.0237613
1 32.8791 6.0687 0.0322894 -0.026366
1 33.9808 6.07544 0.0372681 -0.0232526
1 35.0828 6.08225 0.0291616 -0.0165369
1 36.1859 6.08827 0.0186569 -0.00937601
1 37.2894 6.0934 0.0187841 0.000902163
1 38.3933 6.09827 0.0159494 0.00283685
1 39.4987 6.10319 0.00661539 0.00460549
1 40.6051 6.10811 0.012583 0.0042193
1 41.711 6.11301 0.0423274 0.00148162
1 42.8169 6.11752 0.0801539 -0.00818923
1 43.9343 6.11913 0.107602 -0.0258495
1 0.300054 7.07156 -0.117868 -0.0415763
1 1.41966 7.0724 -0.0849466 -0.0197058
1 2.52668 7.06909 -0.0433986 -0.00178872
1 3.63293 7.06489 -0.0127965 0.00526953
1 4.73952 7.06047 -0.00560414 0.00816346
1 5.84482 7.05598 -0.00955954 0.0089795
1 6.94924 7.05161 -0.0105575 0.008558
1 8.05353 7.04699 -0.0095219 0.00574488
1 9.15803 7.04156 -0.018583 0.000659794
1 10.261 7.03556 -0.0274424 -0.0109619
1 11.3632 7.02908 -0.030158 -0.0174348
1 12.4658 7.02195 -0.0244047 -0.0185841
1 13.5681 7.01526 -0.0282114 -0.0204101
1 14.6713 7.00925 -0.0215814 -0.0216878
1 15.7747 7.00295 -0.0182509 -0.0220337
1 16.8785 6.99659 -0.0252924 -0.0287806
1 17.9821 6.99069 -0.00768326 -0.033409
1 19.0854 6.98491 0.00132816 -0.0368123
1 20.1887 6.97977 -0.00804417 -0.0421576
1 21.2918 6.97579 -0.00612313 -0.0434086
1 22.3956 6.97459 -0.00625906 -0.0438555
1 23.4991 6.97708 0.00567222 -0.0419509
1 24.6026 6.98184 0.0170272 -0.0374817
1 25.7068 6.98738 0.0102493 -0.0333318
1 26.8103 6.99348 0.0117525 -0.029893
1 27.9134 6.99974 0.0157255 -0.0267629
1 29.017 7.00594 0.0163824 -0.0224319
1 30.1203 7.01218 0.0213828 -0.0195354
1 31.2227 7.01854 0.023328 -0.0215238
1 32.3251 7.02526 0.0285872 -0.0200271
1 33.4276 7.03214 0.0320963 -0.0116347
1 34.5304 7.03855 0.0276683 -0.00483689
1 35.6345 7.04407 0.014307 0.00333744
1 36.7387 7.0489 0.011956 0.0083474
1 37.8431 7.05356 0.0172248 0.00828256
1 38.9479 7.05802 0.00665894 0.00946217
1 40.0539 7.0625 0.0052765 0.00826467
1 41.1607 7.06708 0.0231873 0.000887656
1 42.2667 7.07075 0.0624448 -0.0106437
1 43.3755 7.07225 0.0966344 -0.0310102
1 0.859992 8.02453 -0.105898 -0.0461666
1 1.97028 8.02496 -0.0654342 -0.0283111
1 3.07709 8.02261 -0.0237037 -0.0131357
1 4.18417 8.0187 -0.00466142 -0.00297502
1 5.2901 8.01488 -0.00686002 -0.00109747
1 6.39495 8.0107 -0.0136375 -0.000434978
1 7.49978 8.00647 -0.00762884 0.000487628
1 8.60479 8.00194 -0.00825586 -0.00205148
1 9.70967 7.99708 -0.0157656 -0.0066147
1 10.8132 7.99163 -0.019319 -0.0123803
1 11.9166 7.98518 -0.0207291 -0.0206066
1 13.0192 7.97838 -0.0267237 -0.0284057
1 14.1211 7.97167 -0.0293103 -0.0288676
1 15.2237 7.965 -0.017436 -0.0262745
1 16.3272 7.9586 -0.0179233 -0.0290029
1 17.4305 7.95277 -0.0114002 -0.0354428
1 18.5334 7.94693 -0.00765739 -0.0363179
1 19.6373 7.94116 -0.0210719 -0.0396143
1 20.7409 7.93652 -0.00810017 -0.0435308
1 21.844 7.93393 0.00869545 -0.0474911
1 22.9476 7.93458 0.00511027 -0.0461357
1 24.0508 7.93833 0.00644146 -0.0396356
1 25.154 7.94368 0.00336882 -0.0387505
1 26.2574 7.94939 0.00939182 -0.0372663
1 27.3609 7.95538 0.0223653 -0.0284521
1 28.4646 7.96182 0.0187547 -0.0248362
1 29.5679 7.96828 0.0274209 -0.0299978
1 30.6702 7.97493 0.0319466 -0.0282432
1 31.7723 7.98191 0.0218974 -0.023953
1 32.8755 7.98841 0.0201361 -0.020319
1 33.9789 7.99402 0.0146312 -0.00993026
1 35.0829 7.99917 0.00992953 -0.00252893
1 36.1879 8.00399 0.00419867 -0.000642725
1 37.2925 8.00831 0.00721311 0.000897315
1 38.397 8.01247 0.00903126 0.000640294
1 39.5026 8.01671 0.00480455 -0.00392195
1 40.6098 8.02059 0.0115529 -0.00641868
1 41.7171 8.02381 0.0430777 -0.0200434
1 42.825 8.02526 0.0878781 -0.0373871
1 43.9455 8.02214 0.112817 -0.0520394
1 0.289756 8.9734 -0.113478 -0.0615633
1 1.41113 8.97684 -0.0945349 -0.0559506
1 2.52026 8.97725 -0.0489787 -0.0368367
1 3.62822 8.97522 -0.0129446 -0.0244624
1 4.73513 8.97221 -0.00365487 -0.0194588
1 5.84054 8.96828 -0.00753251 -0.0149777
1 6.94515 8.96418 -0.0048781 -0.015955
1 8.05016 8.96003 -0.00359655 -0.0146885
1 9.15567 8.95569 -0.00750408 -0.0146751
1 10.2603 8.95111 -0.0115719 -0.0184968
1 11.3648 8.94597 -0.0127029 -0.0232511
1 12.469 8.94014 -0.0133885 -0.0302177
1 13.5716 8.93404 -0.0297686 -0.037031
1 14.6737 8.92724 -0.0305331 -0.0392672
1 15.7762 8.9203 -0.0261722 -0.0393862
1 16.8794 8.91405 -0.0245298 -0.0388099
1 17.9825 8.90836 -0.00681931 -0.0403946
1 19.086 8.90266 -0.00534998 -0.0443304
1 20.1893 8.89739 -0.00909383 -0.0479851
1 21.2918 8.89369 -0.00379222 -0.0494741
1 22.3953 8.89273 -0.0081423 -0.052583
1 23.4989 8.89484 0.00843444 -0.0501066
1 24.6023 8.89949 0.0224828 -0.0424124
1 25.7063 8.90535 0.00795034 -0.0391912
1 26.8095 8.91108 0.00908427 -0.0415485
1 27.9122 8.91679 0.0196853 -0.0394017
1 29.0149 8.9236 0.0261378 -0.0368424
1 30.1174 8.93078 0.032694 -0.0382602
1 31.2195 8.93712 0.0191749 -0.0350063
1 32.3229 8.94294 0.0123918 -0.0254225
1 33.4276 8.94845 0.0113717 -0.019439
1 34.532 8.95311 0.00854822 -0.0191044
1 35.637 8.95751 0.00360959 -0.013243
1 36.7421 8.96203 0.00418064 -0.0129179
1 37.8468 8.96611 0.0127618 -0.0175561
1 38.9518 8.96995 0.00893153 -0.0169655
1 40.0582 8.97344 0.00683221 -0.0217967
1 41.1661 8.97638 0.0283809 -0.0304833
1 42.2741 8.97724 0.0740455 -0.0466038
1 43.3855 8.97504 0.116045 -0.0621493
1 0.850302 9.92538 -0.121532 -0.0627274
1 1.9623 9.92834 -0.0797549 -0.0562094
1 3.0714 9.92901 -0.0327345 -0.0378476
1 4.1798 9.92758 -0.0106898 -0.0232251
1 5.28622 9.92456 -0.00951587 -0.0175072
1 6.39104 9.92098 -0.0120422 -0.015701
1 7.49598 9.91681 -0.00444534 -0.012253
1 8.60117 9.91258 -0.00196813 -0.015023
1 9.70629 9.90863 -0.00916395 -0.0154397
1 10.8111 9.90412 -0.00873858 -0.0147592
1 11.9163 9.89935 -0.00219477 -0.0199393
1 13.0205 9.89461 -0.00896846 -0.0257969
1 14.1236 9.88895 -0.0253187 -0.027419
1 15.2262 9.88229 -0.0261132 -0.0344122
1 16.3287 9.87587 -0.0253672 -0.0394884
1 17.4307 9.86974 -0.013533 -0.0371248
1 18.5333 9.86407 -0.00830802 -0.0339936
1 19.6376 9.85864 -0.0188844 -0.03525
1 20.741 9.8541 -0.00878595 -0.0404196
1 21.8441 9.85186 0.00373778 -0.0464163
1 22.9475 9.85262 0.00571777 -0.0452744
1 24.0503 9.8559 0.0113635 -0.0380918
1 25.1537 9.8608 0.00300705 -0.0328417
1 26.2575 9.86657 0.0100101 -0.0330345
1 27.3604 9.87269 0.0299886 -0.037201
1 28.4627 9.87907 0.0237395 -0.0375061
1 29.565 9.88561 0.0268209 -0.0321694
1 30.668 9.89181 0.0231661 -0.024772
1 31.7717 9.89704 0.00199072 -0.0215982
1 32.8765 9.90153 0.00480299 -0.0193703
1 33.9815 9.90607 0.00877239 -0.0143256
1 35.0863 9.91039 0.00812445 -0.0129517
1 36.1918 9.91463 0.00558643 -0.0147408
1 37.2971 9.91878 0.00721173 -0.0148154
1 38.4017 9.9225 0.0094288 -0.0156955
1 39.5073 9.92597 0.00671746 -0.0194714
1 40.6149 9.92821 0.0142148 -0.0299638
1 41.7239 9.9287 0.0516221 -0.0456976
1 42.8339 9.92698 0.0967298 -0.0619689
1 43.955 9.92379 0.105025 -0.0662485
1 0.28114 10.8737 -0.108523 -0.0616908
1 1.40217 10.8774 -0.0974153 -0.0600162
1 2.51271 10.8804 -0.0544798 -0.0496039
1 3.62229 10.8817 -0.0171669 -0.0343295
1 4.73056 10.8805 -0.00985434 -0.0196196
1 5.83636 10.8776 -0.0122258 -0.013742
1 6.941 10.8739 -0.00674399 -0.0129417
1 8.04604 10.8699 -0.00345654 -0.0116955
1 9.15149 10.8659 -0.00836023 -0.00934222
1 10.2563 10.8616 -0.00847704 -0.0116308
1 11.3612 10.8575 -0.00103755 -0.0153991
1 12.4664 10.8535 0.00183769 -0.0139171
1 13.571 10.8488 -0.0140684 -0.0152586
1 14.6752 10.8436 -0.0173596 -0.0230663
1 15.7783 10.8382 -0.01831 -0.0321153
1 16.8808 10.8324 -0.0271919 -0.0352849
1 17.983 10.8263 -0.0171982 -0.0344056
1 19.0862 10.8204 -0.00808862 -0.030415
1 20.1894 10.8155 -0.00528493 -0.0333067
1 21.2921 10.8126 -0.00339795 -0.041269
1 22.3952 10.8121 -0.00822824 -0.0426387
1 23.4984 10.8136 0.00906307 -0.0348511
1 24.6021 10.8174 0.0216008 -0.0300496
1 25.7062 10.823 0.00968815 -0.0313756
1 26.8084 10.8292 0.0165399 -0.0359469
1 27.9103 10.8352 0.0230356 -0.0341801
1 29.0133 10.8409 0.0143492 -0.0251539
1 30.1169 10.8464 0.0136879 -0.0181688
1 31.221 10.8511 0.00194883 -0.0160852
1 32.3258 10.8553 -0.00197675 -0.0140139
1 33.4311 10.8594 0.00591282 -0.0125509
1 34.5359 10.8635 0.0112825 -0.0117011
1 35.6412 10.8676 0.00611576 -0.00959519
1 36.7463 10.8717 0.0053774 -0.00934743
1 37.8513 10.8757 0.0152738 -0.0125822
1 38.9563 10.879 0.0122876 -0.0159022
1 40.0632 10.8811 0.0129409 -0.0256353
1 41.1725 10.8811 0.0370577 -0.04316
1 42.2824 10.8788 0.0836299 -0.0553056
1 43.3941 10.8753 0.118424 -0.0549754
1 0.841907 11.8264 -0.111228 -0.0469534
1 1.95358 11.8299 -0.0786969 -0.0508313
1 3.0638 11.8336 -0.036118 -0.0451279
1 4.17383 11.8351 -0.0171497 -0.0256178
1 5.28131 11.834 -0.0143802 -0.0154905
1 6.3862 11.8314 -0.0148289 -0.00954715
1 7.4912 11.8276 -0.00743407 -0.00567685
1 8.59646 11.8235 -0.00713703 -0.00596057
1 9.7017 11.8195 -0.0124436 -0.00837825
1 10.8063 11.8155 -0.00517263 -0.00795304
1 11.9116 11.8115 0.00259198 -0.00844948
1 13.0169 11.8075 0.00133917 -0.0104033
1 14.1217 11.8032 -0.00617575 -0.0118058
1 15.2261 11.7989 -0.00341452 -0.017862
1 16.33 11.7947 -0.0087341 -0.0276629
1 17.4327 11.7895 -0.0117526 -0.0301515
1 18.5351 11.7835 -0.0148057 -0.0301208
1 19.6382 11.7778 -0.0238366 -0.0337258
1 20.741 11.7741 -0.0100595 -0.0388324
1 21.8442 11.7727 0.00535067 -0.0396862
1 22.9474 11.773 0.00503643 -0.0371816
1 24.0496 11.7754 0.0123513 -0.0354524
1 25.1525 11.7801 0.012733 -0.0328112
1 26.2558 11.7863 0.0158257 -0.0287315
1 27.3586 11.7922 0.0183763 -0.0271975
1 28.4619 11.7969 0.00315733 -0.0237476
1 29.566 11.801 0.00701041 -0.0146618
1 30.671 11.8054 0.00870169 -0.00814464
1 31.7761 11.8096 -0.00725032 -0.00889721
1 32.8814 11.8134 -0.00176185 -0.0108529
1 33.9863 11.8172 0.00605855 -0.00757353
1 35.0907 11.8214 0.00730594 -0.00449224
1 36.1959 11.8254 0.00480689 -0.00640962
1 37.301 11.8294 0.011315 -0.00594508
1 38.406 11.8328 0.0180936 -0.0113614
1 39.5123 11.8348 0.017125 -0.021959
1 40.6215 11.8345 0.0243106 -0.035979
1 41.7318 11.8316 0.0567967 -0.0504987
1 42.8418 11.8279 0.0972162 -0.0491075
1 43.962 11.8239 0.106951 -0.0405195
1 0.275263 12.7762 -0.114379 -0.030567
1 1.39443 12.78 -0.0998918 -0.0362118
1 2.50429 12.7834 -0.0598133 -0.045458
1 3.61505 12.7869 -0.0294922 -0.0400258
1 4.72483 12.7887 -0.0221698 -0.0281596
1 5.83152 12.7879 -0.0232135 -0.012579
1 6.93654 12.7848 -0.0111049 -0.00770959
1 8.04147 12.7814 -0.00289379 -0.00652638
1 9.14668 12.7773 -0.00828167 -0.00323473
1 10.2512 12.7731 -0.00708984 -0.00622835
1 11.3559 12.7694 0.000625273 -0.00819271
1 12.4615 12.7655 0.00424377 -0.00441189
1 13.567 12.7612 -0.00429873 -0.00507559
1 14.6722 12.7577 0.0010503 -0.0125073
1 15.7766 12.7546 0.00486455 -0.0164486
1 16.8811 12.7508 -0.00807327 -0.0171044
1 17.9852 12.7457 -0.00728276 -0.0220426
1 19.0888 12.7405 -0.0109843 -0.0321784
1 20.1912 12.7363 -0.0175665 -0.0414377
1 21.2927 12.7336 -0.00860839 -0.0445366
1 22.395 12.7329 -0.00237245 -0.0440332
1 23.4973 12.7344 0.0155753 -0.0425935
1 24.5998 12.7379 0.0248372 -0.037682
1 25.7034 12.7429 0.00962402 -0.0263892
1 26.8068 12.7482 0.00495818 -0.0184261
1 27.911 12.7528 0.000574777 -0.0161114
1 29.0158 12.7562 -0.00758888 -0.0131904
1 30.1204 12.7595 -0.000462762 -0.00886764
1 31.2255 12.7632 -0.00230359 -0.00551168
1 32.3312 12.7673 -0.0035293 -0.00419405
1 33.4365 12.7712 0.00408041 -0.00599639
1 34.541 12.7751 0.0110099 -0.00527017
1 35.646 12.7792 0.00696194 -0.0046515
1 36.751 12.783 0.00665152 -0.00639512
1 37.8562 12.7864 0.0213029 -0.00976337
1 38.9619 12.7884 0.0219886 -0.0204348
1 40.0701 12.7879 0.0221018 -0.0328188
1 41.181 12.7854 0.0387555 -0.0450567
1 42.2907 12.7815 0.0750833 -0.0437299
1 43.401 12.7776 0.110849 -0.0336751
1 0.835682 13.7313 -0.12102 -0.0237584
1 1.94597 13.7345 -0.0797153 -0.0317863
1 3.05538 13.7378 -0.0421263 -0.0377801
1 4.16618 13.741 -0.0290265 -0.0357288
1 5.27509 13.7427 -0.0301931 -0.0249168
1 6.38124 13.7418 -0.025129 -0.0152166
1 7.48648 13.7391 -0.0102955 -0.00721211
1 8.59178 13.7353 -0.00841364 -0.00263808
1 9.69681 13.7314 -0.01123 -0.00612525
1 10.8011 13.7277 -0.00549406 -0.00286783
1 11.9066 13.7234 -0.00120481 0.00104734
1 13.0124 13.7193 0.00363828 -0.00456354
1 14.1173 13.7161 0.005543 -0.00903321
1 15.222 13.7134 0.00921672 -0.00821056
1 16.3274 13.7103 0.004135 -0.00816835
1 17.4325 13.7064 0.00547132 -0.0112665
1 18.537 13.7022 0.000268551 -0.0212387
1 19.6414 13.6986 -0.0210853 -0.0345581
1 20.7437 13.6958 -0.0138282 -0.0468286
1 21.8447 13.6944 0.00568065 -0.0551038
1 22.9457 13.6947 0.00810157 -0.053815
1 24.0468 13.6968 0.0116051 -0.0424535
1 25.1498 13.7001 0.00366537 -0.0271419
1 26.2546 13.7041 -0.000584727 -0.013853
1 27.3599 13.7083 0.00134321 -0.00771369
1 28.4653 13.712 -0.00867842 -0.00887197
1 29.5703 13.7147 -0.00368962 -0.00880031
1 30.6754 13.7176 0.000934407 -0.0051934
1 31.7806 13.7213 -0.0053647 -0.000801357
1 32.8866 13.7254 0.00358113 -0.00195009
1 33.9915 13.7294 0.00856578 -0.00354397
1 35.0958 13.7333 0.0102134 -0.00185507
1 36.2012 13.7373 0.00704438 -0.00487506
1 37.3064 13.7404 0.012485 -0.0120116
1 38.4117 13.7423 0.0255268 -0.018297
1 39.5192 13.7421 0.0294258 -0.0306882
1 40.6298 13.7394 0.032486 -0.0369115
1 41.7405 13.7361 0.0572704 -0.033822
1 42.8491 13.7332 0.0965186 -0.0251816
1 43.9661 13.7293 0.106047 -0.0219465
1 0.272888 14.6851 -0.113898 -0.0153652
1 1.38882 14.6875 -0.0973965 -0.0238243
1 2.49669 14.6898 -0.0578444 -0.026893
1 3.6066 14.6923 -0.0338989 -0.0332176
1 4.71697 14.6955 -0.0333421 -0.0332153
1 5.82486 14.697 -0.0326851 -0.0229107
1 6.93075 14.6961 -0.0197559 -0.0111507
1 8.0364 14.6934 -0.00979597 -0.00457149
1 9.14174 14.6899 -0.0107339 -0.000493012
1 10.2463 14.686 -0.0124259 0.00353249
1 11.3515 14.6818 -0.00645565 0.00502582
1 12.4573 14.6778 0.00423713 0.00218842
1 13.5622 14.6747 0.00131943 -0.00174581
1 14.6674 14.672 0.004351 -0.00285068
1 15.7727 14.6691 0.00805006 0.000724753
1 16.8784 14.6656 -0.000828222 0.00104028
1 17.9844 14.662 0.00551826 -0.0064667
1 19.0901 14.6593 0.00740585 -0.020479
1 20.1935 14.6576 0.00214142 -0.0369821
1 21.2941 14.6569 0.0015306 -0.051174
1 22.3944 14.6567 -0.00775513 -0.0559981
1 23.4953 14.6571 0.000132428 -0.0470074
1 24.598 14.6581 0.00779711 -0.0291894
1 25.703 14.6602 -0.00628294 -0.0113617
1 26.8085 14.6635 -0.00716606 -0.00122554
1 27.9143 14.6673 -0.00452075 0.00168205
1 29.0202 14.6707 -0.00977172 0.000193469
1 30.1252 14.6734 -0.00566206 -0.00335951
1 31.2299 14.6761 -0.00609452 -0.00124556
1 32.3354 14.6796 1.96228e-05 0.00559583
1 33.4411 14.6839 0.00979259 0.00559477
1 34.5457 14.6879 0.0143439 0.000502037
1 35.6508 14.6916 0.0114772 -0.000160835
1 36.7564 14.695 0.0151632 -0.00618959
1 37.8622 14.6968 0.0312341 -0.0183055
1 38.969 14.6963 0.0389479 -0.0288447
1 40.0787 14.6937 0.0363968 -0.0335474
1 41.1897 14.6908 0.0460782 -0.0302289
1 42.2986 14.6886 0.0852071 -0.0242049
1 43.4083 14.6862 0.125757 -0.017885
1 0.830222 15.6417 -0.126669 -0.0132595
1 1.93923 15.6435 -0.0859175 -0.0218621
1 3.04759 15.6449 -0.0451278 -0.0295222
1 4.15771 15.6472 -0.0379494 -0.0370158
1 5.26727 15.65 -0.0432166 -0.0369244
1 6.37443 15.6516 -0.0383783 -0.0279176
1 7.48082 15.6507 -0.0212475 -0.013177
1 8.58676 15.648 -0.0155236 -0.00408865
1 9.69224 15.6444 -0.0180013 -0.000321804
1 10.7971 15.6404 -0.0101317 0.00462677
1 11.9027 15.6364 -0.00237525 0.0039683
1 13.0079 15.6333 0.00351126 -0.00277294
1 14.1125 15.6307 0.00520948 -0.00260709
1 15.2178 15.6277 0.00725574 0.00223832
1 16.324 15.6241 0.000805751 0.0043748
1 17.4301 15.6207 0.00637036 -0.00161414
1 18.5354 15.6184 0.0164302 -0.0152845
1 19.6402 15.6176 0.00804448 -0.031018
1 20.743 15.6179 0.0104134 -0.042982
1 21.8446 15.6184 0.00862868 -0.0493917
1 22.9463 15.6183 -0.00903143 -0.0476125
1 24.0477 15.6177 -0.0149035 -0.0381234
1 25.1511 15.6175 -0.0185759 -0.0242627
1 26.2565 15.619 -0.0100861 -0.00873065
1 27.3628 15.6221 0.00275824 0.00347617
1 28.469 15.6259 -0.00376007 0.00509144
1 29.5748 15.6292 -0.000733878 0.000737857
1 30.6801 15.632 -0.000142209 -0.00208395
1 31.7848 15.6348 -0.00601649 -9.47646e-05
1 32.8904 15.6382 0.00600981 0.0042418
1 33.9956 15.6424 0.0144357 0.00356762
1 35.1004 15.6463 0.0164011 -0.00174399
1 36.2062 15.6493 0.0179622 -0.00919615
1 37.3127 15.6512 0.0303086 -0.0196623
1 38.4196 15.6509 0.0433674 -0.0320659
1 39.528 15.6485 0.040347 -0.0387716
1 40.6383 15.6456 0.0327722 -0.0341383
1 41.7474 15.644 0.0583379 -0.0244434
1 42.8545 15.6428 0.101001 -0.0197426
1 43.969 15.6419 0.11559 -0.0160249
1 0.26859 16.5963 -0.127194 -0.0100273
1 1.38327 16.5979 -0.103935 -0.0108297
1 2.48998 16.5988 -0.0572889 -0.0189305
1 3.59826 16.5998 -0.0314601 -0.0246004
1 4.7078 16.6019 -0.0398562 -0.034461
1 5.81614 16.6046 -0.0478167 -0.0343622
1 6.92364 16.6058 -0.0383318 -0.0230057
1 8.03087 16.605 -0.0242098 -0.0110012
1 9.13712 16.6026 -0.0195226 0.000558727
1 10.2423 16.5989 -0.0161994 0.00824301
1 11.3478 16.5951 -0.00719929 0.00671459
1 12.453 16.5922 0.00389078 0.00290742
1 13.5575 16.5897 -0.00148543 0.00400315
1 14.6632 16.5864 -0.00324508 0.00880018
1 15.7696 16.5826 -0.000592952 0.0109717
1 16.8759 16.579 -0.00279205 0.00450274
1 17.9814 16.577 0.015391 -0.00906183
1 19.086 16.5766 0.0250183 -0.0225729
1 20.1895 16.5774 0.0183499 -0.0310983
1 21.2921 16.5783 0.00904095 -0.0335472
1 22.3953 16.5786 -0.00978497 -0.0332203
1 23.4986 16.5779 -0.0116348 -0.0316528
1 24.6021 16.5768 -0.0109518 -0.0275518
1 25.7066 16.5764 -0.0230158 -0.017684
1 26.8112 16.5775 -0.0109794 -0.00338469
1 27.917 16.5804 0.00222573 0.00898533
1 29.0235 16.5843 -0.00192104 0.012327
1 30.1294 16.5881 -0.000136834 0.00648553
1 31.2344 16.5909 -0.00273585 0.00252895
1 32.3394 16.5936 0.00152809 0.00636775
1 33.4448 16.597 0.012817 0.00863338
1 34.55 16.6008 0.0220347 0.00398375
1 35.6559 16.6038 0.0221098 -0.00449638
1 36.7626 16.6054 0.0300826 -0.0161057
1 37.8701 16.6053 0.0475591 -0.0298762
1 38.9779 16.6031 0.0471047 -0.0366828
1 40.0869 16.6004 0.0377255 -0.0280877
1 41.1963 16.5991 0.0469936 -0.0208104
1 42.3038 16.5984 0.0912006 -0.0147621
1 43.412 16.5981 0.132883 -0.0100721
1 0.824731 17.5532 -0.132835 -0.00876054
1 1.93323 17.5538 -0.0868512 -0.0109675
1 3.04051 17.5542 -0.0423806 -0.0161994
1 4.14889 17.5548 -0.0329321 -0.0203748
1 5.25717 17.5566 -0.0487093 -0.0285122
1 6.3653 17.5587 -0.0540879 -0.0290624
1 7.47351 17.5598 -0.0376778 -0.0200315
1 8.58102 17.5594 -0.0305006 -0.00479337
1 9.68785 17.5569 -0.0287713 0.00672305
1 10.7934 17.5537 -0.0115104 0.0100301
1 11.8986 17.551 -0.00127319 0.00892951
1 13.0036 17.5485 -0.00201091 0.0105578
1 14.109 17.5452 -0.00636564 0.0164853
1 15.2155 17.541 -0.000989348 0.0169119
1 16.3218 17.5374 0.00248489 0.00955077
1 17.4267 17.5355 0.0146403 -0.00258779
1 18.5305 17.5352 0.0225582 -0.0129167
1 19.635 17.536 0.00706936 -0.0184854
1 20.7393 17.5369 0.00705331 -0.0189528
1 21.8439 17.5373 0.00856378 -0.0175365
1 22.9487 17.5371 -0.00562264 -0.0175155
1 24.0524 17.5363 -0.0136043 -0.0185616
1 25.1564 17.5354 -0.0229633 -0.0168413
1 26.2608 17.535 -0.0177004 -0.0094116
1 27.3655 17.536 -0.00132752 0.00289496
1 28.471 17.5388 -0.000413204 0.0140828
1 29.5775 17.5429 0.00874537 0.0182807
1 30.684 17.5469 0.00794461 0.015223
1 31.789 17.5499 -0.00305298 0.00880152
1 32.8941 17.5523 0.00610725 0.00908383
1 33.9995 17.5553 0.0200645 0.0104833
1 35.1053 17.5584 0.0290784 0.00223377
1 36.2126 17.5597 0.031658 -0.0140154
1 37.3206 17.5592 0.046122 -0.0253441
1 38.4288 17.5576 0.0536567 -0.0293515
1 39.5368 17.5554 0.0424536 -0.0262945
1 40.6453 17.5542 0.0347743 -0.0171055
1 41.753 17.5538 0.0636606 -0.0131517
1 42.8592 17.5539 0.112465 -0.00615642
1 43.9743 17.5526 0.138286 -0.00579827
1 0.261391 18.508 -0.151471 -0.0113161
1 1.37691 18.5096 -0.121916 -0.00667878
1 2.48351 18.5098 -0.068315 -0.0124116
1 3.59121 18.5099 -0.0362545 -0.0172976
1 4.69914 18.5102 -0.041819 -0.0213689
1 5.80683 18.5111 -0.0549973 -0.0290105
1 6.915 18.5129 -0.0493865 -0.0327154
1 8.02375 18.5144 -0.0403405 -0.0233557
1 9.13194 18.514 -0.0344589 -0.00730522
1 10.2382 18.5121 -0.0199693 -0.000438308
1 11.3436 18.5101 -0.00701399 0.00145355
1 12.4492 18.5078 -0.00369458 0.00783385
1 13.5549 18.5042 -0.0137577 0.0143656
1 14.6616 18.4999 -0.00956153 0.0132544
1 15.7676 18.4964 0.00311995 0.00441028
1 16.8725 18.4943 0.00244002 -0.00650026
1 17.9769 18.4939 0.012193 -0.0145133
1 19.0815 18.4944 0.0127065 -0.0176506
1 20.1861 18.495 0.00495635 -0.0179526
1 21.2905 18.4954 0.00291073 -0.0170483
1 22.3958 18.4954 -0.00623054 -0.0168922
1 23.5012 18.4951 -0.000822534 -0.017743
1 24.6064 18.4946 0.00112051 -0.0180759
1 25.7114 18.494 -0.0167495 -0.016162
1 26.8152 18.4938 -0.0129701 -0.010729
1 27.9195 18.4949 -0.00284117 -0.00182577
1 29.0251 18.4977 -0.000635649 0.00846359
1 30.1316 18.5019 0.0102649 0.0142925
1 31.2377 18.506 0.00841486 0.0118437
1 32.3434 18.5091 0.00382426 0.00593602
1 33.4486 18.5112 0.0122115 0.000433403
1 34.5543 18.5131 0.0315595 -0.00307451
1 35.6619 18.5144 0.0399687 -0.0142107
1 36.7705 18.5138 0.0455983 -0.0297397
1 37.8792 18.5119 0.0579643 -0.0336696
1 38.9871 18.5104 0.0517334 -0.0248333
1 40.0948 18.5101 0.035056 -0.0176731
1 41.2027 18.51 0.04323 -0.0153635
1 42.309 18.5098 0.0892147 -0.00938899
1 43.4171 18.509 0.141471 -0.00733082
1 0.819173 19.4642 -0.154143 -0.0141306
1 1.92774 19.4651 -0.0988787 -0.0102515
1 3.03451 19.4652 -0.0519461 -0.00877944
1 4.14217 19.4651 -0.0401411 -0.00703263
1 5.24938 19.4646 -0.0520705 -0.0109017
1 6.35663 19.4651 -0.060485 -0.0225254
1 7.46553 19.4669 -0.0514228 -0.0237243
1 8.57488 19.4684 -0.0449469 -0.0159549
1 9.68288 19.4686 -0.0346459 -0.00841394
1 10.7888 19.4681 -0.0149484 0.000464053
1 11.8949 19.4662 -0.0105891 0.011685
1 13.0015 19.4627 -0.0135342 0.0192176
1 14.1077 19.4586 -0.0114588 0.0189765
1 15.2137 19.455 -0.00024888 0.0104546
1 16.3189 19.4529 0.00100753 -5.2076e-05
1 17.4233 19.4522 0.00609261 -0.00690557
1 18.5275 19.4523 0.00838998 -0.00902309
1 19.6328 19.4527 -0.00724668 -0.00918236
1 20.7381 19.453 -0.00182852 -0.00903244
1 21.8436 19.4531 0.00671257 -0.0089942
1 22.9493 19.453 -0.000477438 -0.00960231
1 24.0542 19.4528 -0.000695411 -0.00966944
1 25.1592 19.4524 -0.00627312 -0.00904103
1 26.2644 19.4521 -0.00609429 -0.00755659
1 27.3688 19.4522 0.000402111 -0.00382222
1 28.4732 19.4535 -0.00326766 0.00436422
1 29.5789 19.4564 0.0108775 0.0142881
1 30.6856 19.4605 0.0181952 0.0202571
1 31.7918 19.4646 0.00969863 0.0164455
1 32.8983 19.4674 0.0124038 0.00617211
1 34.0042 19.4685 0.022531 -0.00363544
1 35.1107 19.4686 0.0389118 -0.0129371
1 36.2197 19.4677 0.0466572 -0.0222435
1 37.3292 19.4658 0.0534866 -0.0255533
1 38.437 19.4646 0.0539461 -0.0162191
1 39.5439 19.4649 0.0441359 -0.00677068
1 40.6516 19.4654 0.0387704 -0.0094529
1 41.759 19.4653 0.0707911 -0.0090873
1 42.8652 19.4647 0.125632 -0.0131533
1 43.9809 19.4627 0.153165 -0.0198147
1 0.257018 20.4186 -0.165989 -0.0258686
1 1.37256 20.4199 -0.130754 -0.0204112
1 2.47898 20.4208 -0.0746786 -0.010589
1 3.58619 20.4207 -0.0439567 -0.00605324
1 4.69372 20.4199 -0.0462706 -0.000908408
1 5.80016 20.4189 -0.0534514 -0.00525091
1 6.90736 20.4192 -0.052284 -0.016639
1 8.01654 20.421 -0.0481422 -0.0216914
1 9.12558 20.4232 -0.0419041 -0.0178544
1 10.2327 20.4244 -0.0298417 -0.00698629
1 11.3398 20.4238 -0.0211416 0.00787189
1 12.4473 20.4209 -0.0166016 0.019127
1 13.5539 20.4169 -0.0204862 0.0213854
1 14.6604 20.4134 -0.0141723 0.0147942
1 15.7658 20.4112 -0.00375281 0.00492671
1 16.8705 20.4103 -0.00770502 -0.00184113
1 17.9753 20.4101 0.000613102 -0.0043336
1 19.0806 20.4103 0.00246448 -0.00436204
1 20.1857 20.4105 -0.00199902 -0.00431354
1 21.2903 20.4106 -0.000255292 -0.00418358
1 22.3958 20.4107 -0.00557643 -0.00407704
1 23.5015 20.4106 0.00473277 -0.00426678
1 24.6071 20.4104 0.0115011 -0.00423182
1 25.7127 20.4101 -0.0041043 -0.00434166
1 26.8172 20.41 -0.0021407 -0.00318285
1 27.9217 20.4105 0.00318249 0.00108006
1 29.0268 20.412 0.00227355 0.0093846
1 30.1326 20.4149 0.014812 0.0183629
1 31.239 20.4188 0.0193508 0.0212147
1 32.3462 20.4225 0.0191216 0.0152765
1 33.4535 20.4244 0.024149 -0.000115815
1 34.5603 20.424 0.0379391 -0.0153925
1 35.6686 20.4221 0.0450679 -0.0211016
1 36.7779 20.4199 0.0499779 -0.0211582
1 37.8863 20.4189 0.0567235 -0.0122964
1 38.9929 20.4194 0.0523248 -0.00261859
1 40.0998 20.4204 0.0452569 -0.00363564
1 41.2077 20.4207 0.0577241 -0.00944466
1 42.3146 20.4204 0.10926 -0.0153094
1 43.4232 20.4189 0.16066 -0.0239846
1 0.815718 21.3745 -0.16598 -0.0235953
1 1.92428 21.3758 -0.116092 -0.0174916
1 3.03145 21.3765 -0.0664522 -0.010383
1 4.13926 21.376 -0.0529428 -0.00321881
1 5.24584 21.375 -0.0535847 -0.00199752
1 6.3516 21.374 -0.0534772 -0.00618595
1 7.45892 21.3742 -0.045739 -0.0182944
1 8.56759 21.3767 -0.0472192 -0.0254801
1 9.67624 21.3793 -0.0470375 -0.0188796
1 10.7843 21.3802 -0.035403 -0.00229474
1 11.8929 21.3785 -0.0293778 0.0115477
1 13.0009 21.3752 -0.026048 0.0157153
1 14.1074 21.372 -0.0206645 0.0120077
1 15.2132 21.3699 -0.0100435 0.0044584
1 16.3184 21.3688 -0.00894281 -0.00233653
1 17.423 21.3685 -0.0016985 -0.00592863
1 18.5274 21.3685 0.00342632 -0.00721375
1 19.6329 21.3686 -0.0105627 -0.00716322
1 20.7383 21.3687 -0.00384304 -0.00653293
1 21.8437 21.3688 0.006108 -0.00588784
1 22.9492 21.3688 0.000557831 -0.00605274
1 24.054 21.3687 0.00229261 -0.00642845
1 25.1591 21.3685 -0.00125848 -0.00738101
1 26.2645 21.3683 0.00134493 -0.00747348
1 27.3695 21.3684 0.00986451 -0.00527548
1 28.4741 21.3691 0.00673017 0.000629934
1 29.5797 21.3706 0.0195839 0.00895049
1 30.6861 21.3734 0.0270582 0.0151074
1 31.793 21.3768 0.0240637 0.015018
1 32.9015 21.3795 0.0318505 0.0054408
1 34.0099 21.3801 0.0394034 -0.0113684
1 35.118 21.3782 0.0455341 -0.0253997
1 36.2268 21.3753 0.0434865 -0.0253766
1 37.3351 21.3738 0.0462915 -0.0117944
1 38.4415 21.3745 0.0505425 -0.00295982
1 39.5475 21.3755 0.0495199 -0.00315619
1 40.6552 21.3762 0.0469496 -0.00596758
1 41.7626 21.3761 0.0788971 -0.0123312
1 42.8691 21.375 0.131897 -0.0207586
1 43.9841 21.3735 0.158482 -0.0304315
1 0.256021 22.3293 -0.159355 -0.0208944
1 1.37067 22.3303 -0.139738 -0.0144266
1 2.47716 22.331 -0.0884089 -0.0106383
1 3.58472 22.3311 -0.0551019 -0.00397114
1 4.69209 22.3305 -0.0523853 -0.00300201
1 5.79788 22.3298 -0.0514895 -0.000966049
1 6.90339 22.3289 -0.0403861 -0.00522268
1 8.01029 22.3298 -0.0390108 -0.0183502
1 9.11864 22.3324 -0.0484188 -0.0185567
1 10.2275 22.3341 -0.051626 -0.00689177
1 11.3374 22.3338 -0.0444038 0.00611199
1 12.4469 22.3319 -0.0335565 0.011998
1 13.5542 22.3296 -0.0316097 0.0111068
1 14.6608 22.3278 -0.023096 0.00671756
1 15.7663 22.3268 -0.0107378 0.00173659
1 16.8709 22.3264 -0.0125271 -0.00172678
1 17.9758 22.3263 -0.00186824 -0.00361828
1 19.081 22.3264 0.0019286 -0.00389688
1 20.186 22.3265 -0.00151593 -0.00324414
1 21.2905 22.3265 0.000493568 -0.00231977
1 22.3957 22.3266 -0.00553214 -0.00203014
1 23.5012 22.3265 0.00419017 -0.00272218
1 24.6067 22.3264 0.0108549 -0.00371282
1 25.7122 22.3263 -0.00336529 -0.00442514
1 26.8168 22.3263 0.00214583 -0.0036326
1 27.9214 22.3265 0.0110147 -0.000674473
1 29.0266 22.3271 0.0115422 0.00421927
1 30.1324 22.3284 0.0245174 0.00966436
1 31.239 22.3304 0.0317046 0.0124877
1 32.3475 22.3327 0.0376564 0.0100698
1 33.4573 22.334 0.0468135 -0.000127428
1 34.5667 22.3334 0.0539982 -0.0141729
1 35.6757 22.3311 0.0444158 -0.0194691
1 36.7833 22.3291 0.037082 -0.0119554
1 37.8895 22.3294 0.0484194 -0.0012302
1 38.9949 22.3302 0.0536489 -0.00122918
1 40.1015 22.3306 0.0536842 -0.00106416
1 41.2097 22.3311 0.0700476 -0.00557676
1 42.3169 22.3305 0.119172 -0.0128598
1 43.4251 22.3295 0.167106 -0.0217715
1 0.814909 23.2855 -0.167837 -0.00966022
1 1.92339 23.2858 -0.118497 -0.00526083
1 3.03062 23.286 -0.0708082 -0.000933206
1 4.1385 23.2856 -0.0542297 0.00061031
1 5.24486 23.2854 -0.0560021 0.000372987
1 6.3502 23.285 -0.0481934 0.00121339
1 7.45565 23.2849 -0.0327731 -0.00351842
1 8.56255 23.2858 -0.0426191 -0.00662084
1 9.67159 23.2868 -0.0589989 -0.004077
1 10.7817 23.2871 -0.0552309 0.00186905
1 11.8923 23.2867 -0.0459631 0.00616324
1 13.0014 23.2858 -0.036666 0.0068199
1 14.1081 23.285 -0.0265249 0.00569586
1 15.2139 23.2845 -0.0133833 0.0040696
1 16.3189 23.2843 -0.0111769 0.0024695
1 17.4235 23.2842 -0.00307546 0.00166651
1 18.5279 23.2842 0.00360491 0.00145276
1 19.6332 23.2843 -0.0091737 0.00175678
1 20.7385 23.2843 -0.00226587 0.00218024
1 21.8438 23.2843 0.00654482 0.00233011
1 22.9491 23.2843 -0.000609764 0.00180475
1 24.0537 23.2842 0.000346613 0.00129563
1 25.1586 23.2842 -0.00266227 0.000908232
1 26.264 23.2842 0.00161488 0.00106299
1 27.3689 23.2842 0.0122805 0.00161351
1 28.4734 23.2843 0.0109994 0.00293355
1 29.5789 23.2845 0.0251966 0.00458751
1 30.6855 23.2851 0.0353205 0.00586117
1 31.793 23.2859 0.0375024 0.00668355
1 32.9031 23.2866 0.050069 0.00508928
1 34.0136 23.2868 0.0569588 0.000460531
1 35.1231 23.2863 0.0503737 -0.00382356
1 36.2312 23.2854 0.0342227 -0.00408918
1 37.3373 23.2851 0.0353011 0.000915116
1 38.4423 23.2855 0.0500156 0.00187601
1 39.548 23.2856 0.0561407 -0.000232046
1 40.6554 23.2857 0.0605695 0.000191676
1 41.7635 23.2856 0.0935568 -0.00396668
1 42.87 23.2854 0.141201 -0.00548965
1 43.9843 23.2855 0.152298 -0.00761468
1 0.255602 24.2417 -0.15702 0.00692157
1 1.37013 24.2417 -0.142226 0.00469259
1 2.47671 24.2415 -0.0952299 0.0030703
1 3.58473 24.2414 -0.0612196 -0.000611874
1 4.69205 24.2415 -0.0545473 -0.000583342
1 5.79775 24.2415 -0.0494498 -0.00288432
1 6.9027 24.2419 -0.0333826 -0.00238777
1 8.00862 24.2416 -0.0338722 0.00295291
1 9.11673 24.2407 -0.0502809 0.00314903
1 10.2263 24.2402 -0.0585316 -0.00152008
1 11.337 24.2404 -0.0506662 -0.00581151
1 12.447 24.2411 -0.037826 -0.00700657
1 13.5545 24.2418 -0.0338624 -0.00637943
1 14.6611 24.2424 -0.0242828 -0.00523317
1 15.7665 24.2426 -0.011451 -0.00363272
1 16.8711 24.2427 -0.0131164 -0.00240347
1 17.976 24.2427 -0.00199578 -0.0016908
1 19.0812 24.2427 0.00248747 -0.00141328
1 20.1861 24.2427 -0.000729196 -0.00189654
1 21.2905 24.2427 0.000763692 -0.00242975
1 22.3957 24.2426 -0.00616185 -0.00290231
1 23.5011 24.2426 0.00307775 -0.00273439
1 24.6066 24.2427 0.0100175 -0.00228408
1 25.7121 24.2427 -0.00357614 -0.00196445
1 26.8165 24.2428 0.00257165 -0.0022707
1 27.9211 24.2427 0.0118133 -0.00311129
1 29.0261 24.2424 0.0125643 -0.00476721
1 30.1319 24.2419 0.0266514 -0.00643869
1 31.2387 24.2411 0.0361858 -0.00737137
1 32.3477 24.2403 0.0448203 -0.00672724
1 33.4582 24.2399 0.0554863 -0.00280632
1 34.5684 24.2402 0.0598521 0.00323395
1 35.6776 24.2412 0.0434069 0.00592801
1 36.7845 24.2421 0.0323247 0.00235521
1 37.8899 24.242 0.0474999 -0.00251013
1 38.9953 24.2416 0.0557928 -0.0013681
1 40.1018 24.2414 0.0538431 -0.00143518
1 41.2097 24.2411 0.0711928 0.000222398
1 42.3167 24.2413 0.119879 0.00438353
1 43.4249 24.2417 0.168209 0.0089204
1 0.81487 25.1977 -0.167465 0.020769
1 1.92331 25.1968 -0.118225 0.0128508
1 3.03069 25.196 -0.0703589 0.00518146
1 4.13871 25.1965 -0.0543315 0.00079404
1 5.24518 25.1968 -0.0534984 0.000848259
1 6.35056 25.1977 -0.0482899 0.000624443
1 7.45669 25.1979 -0.0375205 0.011423
1 8.56439 25.1959 -0.0441749 0.0190184
1 9.67333 25.1937 -0.0542077 0.0134568
1 10.7827 25.193 -0.046527 -0.000495254
1 11.8925 25.1943 -0.0384326 -0.0102361
1 13.0011 25.1966 -0.0320443 -0.0126038
1 14.1077 25.1986 -0.0243179 -0.00988946
1 15.2134 25.1999 -0.0123797 -0.0046263
1 16.3186 25.2005 -0.0102817 1.09173e-05
1 17.4233 25.2007 -0.00233634 0.0029821
1 18.5277 25.2007 0.00364163 0.00397117
1 19.6331 25.2006 -0.00989019 0.00339545
1 20.7384 25.2005 -0.00321574 0.0022601
1 21.8437 25.2004 0.00603056 0.00158971
1 22.9491 25.2005 -0.000468883 0.001908
1 24.0538 25.2005 0.000867626 0.00282508
1 25.1588 25.2006 -0.00229451 0.00342201
1 26.2642 25.2007 0.00145119 0.00314871
1 27.3691 25.2006 0.0116269 0.0013186
1 28.4736 25.2002 0.0100632 -0.00223654
1 29.5792 25.1992 0.0238659 -0.00730349
1 30.6858 25.1975 0.0326624 -0.0116325
1 31.7931 25.1952 0.0327291 -0.0124129
1 32.9026 25.1932 0.0433685 -0.00669877
1 34.0124 25.1929 0.0508391 0.00626259
1 35.1212 25.1946 0.0495589 0.0184373
1 36.2296 25.1972 0.0398436 0.0183827
1 37.3367 25.1982 0.0419462 0.00532307
1 38.4423 25.1973 0.051142 -7.42165e-05
1 39.548 25.1966 0.0539512 0.00283512
1 40.6554 25.1961 0.0549946 0.00284889
1 41.763 25.1962 0.0877247 0.0103628
1 42.8694 25.197 0.13903 0.0141466
1 43.9839 25.198 0.155307 0.0198657
1 0.255842 26.1538 -0.163176 0.028424
1 1.371 26.1522 -0.132461 0.0199782
1 2.47764 26.151 -0.0788907 0.013139
1 3.585 26.1509 -0.0470235 0.00738536
1 4.6926 26.1516 -0.0475754 0.00345537
1 5.79859 26.1526 -0.0503755 0.00373184
1 6.90489 26.1533 -0.0451975 0.0126267
1 8.01312 26.1518 -0.0432156 0.0258725
1 9.12191 26.1489 -0.0441496 0.0252919
1 10.23 26.147 -0.0399521 0.0118596
1 11.3385 26.1476 -0.0324603 -0.00474013
1 12.447 26.1502 -0.0248509 -0.0144251
1 13.5539 26.1536 -0.0259101 -0.0146672
1 14.6604 26.1563 -0.0185993 -0.00869865
1 15.7658 26.1579 -0.00715498 -0.000447977
1 16.8705 26.1586 -0.0102396 0.0053271
1 17.9755 26.1587 -0.00117541 0.00763387
1 19.0808 26.1585 0.00122291 0.00762477
1 20.1858 26.1583 -0.00271363 0.00682729
1 21.2904 26.1583 -0.000481664 0.00646622
1 22.3957 26.1582 -0.00569112 0.00624626
1 23.5013 26.1583 0.00449639 0.00686657
1 24.6069 26.1584 0.011237 0.00734816
1 25.7125 26.1586 -0.0034378 0.00745816
1 26.817 26.1586 0.00118814 0.00611906
1 27.9217 26.1582 0.00918592 0.00259832
1 29.0268 26.1572 0.0088757 -0.00433154
1 30.1326 26.155 0.0207263 -0.011936
1 31.2392 26.1518 0.025532 -0.0156885
1 32.3472 26.1486 0.0281747 -0.0115626
1 33.4557 26.1468 0.0355488 0.00269109
1 34.5637 26.1477 0.046766 0.0195588
1 35.6724 26.1504 0.0471414 0.0260486
1 36.7811 26.1529 0.046377 0.0199483
1 37.8885 26.1532 0.0535327 0.00720309
1 38.9943 26.1522 0.0537331 0.00259849
1 40.1009 26.1512 0.0521778 0.00372784
1 41.2089 26.1508 0.0664691 0.0110129
1 42.3159 26.1514 0.11746 0.0169106
1 43.4242 26.1528 0.166115 0.023675
1 0.816686 27.1084 -0.160058 0.0225627
1 1.92558 27.1068 -0.107865 0.0157536
1 3.0327 27.1065 -0.0576939 0.00877964
1 4.14046 27.1068 -0.0451544 0.00257156
1 5.24723 27.1079 -0.0515783 0.00203643
1 6.35371 27.1084 -0.0566834 0.0116839
1 7.46206 27.1073 -0.049888 0.0200672
1 8.5714 27.1051 -0.0452056 0.0206162
1 9.67969 27.1032 -0.0385387 0.0141059
1 10.7865 27.1028 -0.0240626 -0.000715115
1 11.8939 27.1047 -0.0199698 -0.0156668
1 13.0011 27.1084 -0.0196189 -0.0217889
1 14.1074 27.1122 -0.0144802 -0.0192593
1 15.2132 27.1151 -0.00322037 -0.0103544
1 16.3183 27.1166 -0.00273352 -0.00223891
1 17.4228 27.1171 0.00188648 0.00214681
1 18.5272 27.117 0.00424052 0.00315641
1 19.6327 27.1167 -0.0106882 0.00316061
1 20.7381 27.1165 -0.00393757 0.00330491
1 21.8436 27.1164 0.00605981 0.00313042
1 22.9493 27.1165 0.000357369 0.00307163
1 24.0541 27.1166 0.00142046 0.00328008
1 25.1592 27.1168 -0.00278806 0.00339049
1 26.2646 27.117 -0.000707352 0.00332364
1 27.3695 27.1168 0.00705017 0.000711205
1 28.4741 27.1159 0.00303325 -0.00613013
1 29.5797 27.1138 0.015178 -0.0157831
1 30.6861 27.1103 0.0214776 -0.0223827
1 31.7927 27.1063 0.0153054 -0.0203129
1 32.9002 27.1034 0.0204045 -0.00914527
1 34.0071 27.1027 0.0297249 0.00599166
1 35.1143 27.104 0.0431732 0.0174832
1 36.2234 27.1062 0.0493352 0.0215636
1 37.3327 27.108 0.0537249 0.0162461
1 38.4399 27.1084 0.0542018 0.00551903
1 39.5464 27.1074 0.0475886 7.99585e-05
1 40.654 27.1066 0.0434947 0.00497893
1 41.7613 27.1066 0.0745403 0.00932268
1 42.8675 27.1073 0.129975 0.0201961
1 43.9831 27.1085 0.161404 0.0273187
1 0.258849 28.0645 -0.158196 0.0189103
1 1.37474 28.0625 -0.126466 0.0133777
1 2.48127 28.0619 -0.0708169 0.0098456
1 3.58861 28.062 -0.0388162 0.00938538
1 4.69618 28.0625 -0.0423441 0.00674254
1 5.80313 28.0629 -0.053361 0.0163295
1 6.91091 28.0616 -0.0520076 0.0259666
1 8.02031 28.0597 -0.0458644 0.0222552
1 9.12917 28.0587 -0.0375161 0.0130309
1 10.2357 28.0589 -0.0225626 0.00411019
1 11.3417 28.06 -0.0130942 -0.00537515
1 12.4481 28.0628 -0.0110251 -0.0157305
1 13.5544 28.0668 -0.0173168 -0.0194915
1 14.6611 28.0709 -0.010017 -0.0135861
1 15.7667 28.0737 0.00247538 -0.00380265
1 16.8712 28.0751 -0.00118893 0.00431401
1 17.9756 28.0752 0.00601779 0.00795636
1 19.0806 28.0749 0.0060933 0.00921999
1 20.1856 28.0745 0.000107136 0.00985763
1 21.2903 28.0743 0.000432799 0.00995564
1 22.3958 28.0742 -0.00620862 0.00920292
1 23.5014 28.0744 0.00273712 0.00928115
1 24.607 28.0746 0.00829883 0.00947636
1 25.7125 28.075 -0.00822375 0.00943014
1 26.8167 28.0751 -0.00664322 0.00719814
1 27.9211 28.0744 -0.000583714 0.000423634
1 29.0263 28.0724 -0.000685998 -0.010071
1 30.1323 28.0688 0.0116204 -0.0182525
1 31.2386 28.0647 0.013234 -0.0189422
1 32.3451 28.0611 0.00991974 -0.0116643
1 33.4512 28.0593 0.0153901 -0.0001976
1 34.5571 28.0587 0.0337002 0.00905909
1 35.6651 28.059 0.0448768 0.0160561
1 36.7744 28.0605 0.051902 0.0244592
1 37.8833 28.0623 0.0607179 0.0237236
1 38.9907 28.0629 0.0528828 0.0110521
1 40.098 28.0624 0.0397266 0.00759149
1 41.2058 28.0623 0.0511359 0.00840755
1 42.3124 28.0623 0.0998746 0.00923113
1 43.4207 28.0631 0.15477 0.0153478
1 0.822885 29.0182 -0.142116 0.00666088
1 1.93115 29.0174 -0.0886558 0.0102462
1 3.0377 29.0173 -0.0435686 0.0163139
1 4.14539 29.0173 -0.0346445 0.0180525
1 5.253 29.0169 -0.0509001 0.0259098
1 6.36088 29.0155 -0.0577099 0.0344224
1 7.46954 29.0136 -0.0451409 0.0301265
1 8.57816 29.013 -0.0395704 0.0147073
1 9.68575 29.0144 -0.0321882 0.00395215
1 10.7913 29.0163 -0.0118581 0.000660857
1 11.8966 29.0184 -0.00478987 -0.00468368
1 13.0024 29.0214 -0.00902128 -0.0104206
1 14.1085 29.0255 -0.0102404 -0.0130053
1 15.2149 29.0296 -8.31008e-05 -0.0070857
1 16.3205 29.0324 0.00349471 0.00315326
1 17.4248 29.0335 0.012433 0.012024
1 18.5285 29.0334 0.0168355 0.0172487
1 19.6333 29.0328 5.30817e-05 0.019071
1 20.7384 29.0322 0.00176299 0.0186457
1 21.8437 29.0319 0.00666776 0.0177942
1 22.9491 29.032 -0.00292705 0.0179598
1 24.0536 29.0323 -0.00551971 0.0189324
1 25.1584 29.0329 -0.0128655 0.01863
1 26.2631 29.0334 -0.0123379 0.0156078
1 27.3676 29.033 -0.00320129 0.00764589
1 28.4723 29.031 -0.00400613 -0.00308819
1 29.5784 29.0275 0.0101614 -0.0120673
1 30.6851 29.0232 0.0146303 -0.0135327
1 31.7907 29.0197 0.0024753 -0.00691974
1 32.8963 29.0173 0.00663634 -0.000537525
1 34.0017 29.0153 0.0202173 0.00115261
1 35.1079 29.0134 0.0354973 0.0082691
1 36.2162 29.013 0.0409251 0.0238315
1 37.325 29.0144 0.0509725 0.0337411
1 38.4332 29.0163 0.0557744 0.0305924
1 39.541 29.0172 0.0439652 0.0229236
1 40.649 29.0176 0.0363061 0.017719
1 41.7567 29.0177 0.0685737 0.0124384
1 42.8631 29.0177 0.120838 0.00664048
1 43.9786 29.0193 0.145905 0.0127475
1 0.265644 29.9745 -0.143555 0.00477524
1 1.38084 29.9733 -0.113673 0.00549769
1 2.48722 29.9733 -0.0631562 0.0123114
1 3.59493 29.973 -0.0344868 0.0165928
1 4.70337 29.9719 -0.041086 0.0257514
1 5.81148 29.9697 -0.0533908 0.0284984
1 6.91959 29.9681 -0.0445336 0.0243347
1 8.02749 29.9676 -0.0307497 0.0129681
1 9.1346 29.9691 -0.0273463 -0.00310185
1 10.2404 29.9722 -0.0194233 -0.0111413
1 11.3458 29.9751 -0.00610371 -0.00977101
1 12.4509 29.9775 0.00189137 -0.00931621
1 13.5559 29.9804 -0.0070747 -0.0154499
1 14.6624 29.9845 -0.00815222 -0.0186152
1 15.769 29.9886 -0.000330208 -0.0145063
1 16.8745 29.9913 0.000846532 -0.00309074
1 17.9791 29.9923 0.0174476 0.00909999
1 19.0834 29.9919 0.0225135 0.0162607
1 20.1874 29.991 0.013206 0.0179474
1 21.2909 29.9902 0.00577643 0.0171553
1 22.3955 29.99 -0.00805472 0.0170736
1 23.5002 29.9904 -0.00614695 0.018432
1 24.6048 29.9913 -0.00581001 0.0178901
1 25.7095 29.9921 -0.022457 0.0122669
1 26.8134 29.9918 -0.0151888 0.00222159
1 27.9183 29.9899 -0.00202916 -0.00966317
1 29.0245 29.9864 -0.000148557 -0.0173343
1 30.131 29.9822 0.00607964 -0.0170333
1 31.2365 29.9789 0.00142312 -0.0114352
1 32.3415 29.9764 0.000388013 -0.00991775
1 33.4466 29.9737 0.0118761 -0.0109027
1 34.5522 29.9704 0.0276797 -0.0075243
1 35.659 29.968 0.0302471 0.0038397
1 36.7664 29.9675 0.0372445 0.0195007
1 37.8746 29.9686 0.0546195 0.0284008
1 38.9829 29.9708 0.0501183 0.0285186
1 40.0913 29.9726 0.0341208 0.0202013
1 41.1999 29.9732 0.0425888 0.0151513
1 42.307 29.9736 0.0874815 0.0100819
1 43.4153 29.974 0.132009 0.00929266
1 0.827908 30.9292 -0.132255 0.0101265
1 1.93636 30.9288 -0.0906479 0.0147647
1 3.04411 30.9281 -0.0467982 0.0209508
1 4.15341 30.9269 -0.0370054 0.0290542
1 5.2624 30.9242 -0.0463572 0.0371555
1 6.37009 30.9221 -0.0470732 0.0305045
1 7.47754 30.9221 -0.0297485 0.0164988
1 8.58417 30.9237 -0.0214282 0.00520102
1 9.69005 30.9268 -0.0221842 -0.00315509
1 10.7952 30.9305 -0.0119116 -0.00772104
1 11.9006 30.934 -0.00221098 -0.00527333
1 13.0057 30.9366 0.00229846 -0.00167229
1 14.1106 30.9394 -0.000269251 -0.00544365
1 15.2166 30.9432 0.000779545 -0.0110744
1 16.3231 30.9471 -0.00156354 -0.00790884
1 17.4288 30.95 0.010798 0.00442621
1 18.5333 30.9511 0.0234149 0.019006
1 19.6376 30.9507 0.0120334 0.0288834
1 20.7409 30.9496 0.012085 0.0329458
1 21.8441 30.9489 0.0102438 0.0344458
1 22.9476 30.9491 -0.00850137 0.0346
1 24.0503 30.95 -0.0185662 0.0321405
1 25.1539 30.9508 -0.0255177 0.0237842
1 26.2586 30.9505 -0.0156778 0.0102374
1 27.3642 30.9485 0.00243375 -0.00335666
1 28.4703 30.9449 -0.00035814 -0.00964744
1 29.5768 30.9411 0.00331884 -0.00773937
1 30.6825 30.9379 0.0022092 -0.00341526
1 31.7869 30.9353 -0.0051428 -0.00242464
1 32.8922 30.9324 0.00660395 -0.00616478
1 33.9976 30.9286 0.0162332 -0.00731315
1 35.1027 30.9249 0.0207183 0.000226878
1 36.209 30.9225 0.0245432 0.0117517
1 37.3163 30.9217 0.039079 0.0233597
1 38.4239 30.9228 0.0483148 0.0351177
1 39.5323 30.9255 0.042023 0.035303
1 40.6419 30.9277 0.0331651 0.0253352
1 41.7502 30.9287 0.0578873 0.0191241
1 42.8567 30.9294 0.102038 0.0112468
1 43.9711 30.931 0.121815 0.0111741
1 0.271112 31.8856 -0.119883 0.0161544
1 1.38565 31.8845 -0.10209 0.0204791
1 2.49298 31.8833 -0.0583201 0.0249042
1 3.6021 31.8816 -0.0322702 0.0348581
1 4.71228 31.8788 -0.0384869 0.0395083
1 5.82069 31.8765 -0.0416997 0.0324193
1 6.92742 31.8763 -0.0286817 0.0199217
1 8.0338 31.8783 -0.0166587 0.0099332
1 9.13954 31.8813 -0.0152597 0.00239427
1 10.2443 31.8852 -0.0140893 -0.00264471
1 11.3496 31.8893 -0.00589674 -0.00341625
1 12.4551 31.8927 0.00479012 0.000818592
1 13.5599 31.8955 0.000773252 0.00289269
1 14.6652 31.8983 0.00107042 -0.000269773
1 15.771 31.9017 0.00298328 -0.0044222
1 16.8773 31.9055 -0.00275906 -0.0025691
1 17.9834 31.9086 0.00986822 0.00932476
1 19.0887 31.9101 0.0179628 0.0252333
1 20.192 31.9099 0.014853 0.0394105
1 21.2933 31.9093 0.00966983 0.0486486
1 22.3948 31.9091 -0.00818362 0.0503909
1 23.4966 31.9096 -0.00990877 0.0439749
1 24.5996 31.9099 -0.00703831 0.0316798
1 25.7046 31.9092 -0.0161216 0.0159506
1 26.81 31.9068 -0.00663684 0.00262991
1 27.9161 31.9035 -0.000484283 -0.00352015
1 29.0222 31.8998 -0.00858665 -0.00174676
1 30.1275 31.8969 -0.00565619 0.00306602
1 31.2322 31.8943 -0.00415828 0.00325823
1 32.3373 31.8912 0.00137576 -0.00355379
1 33.4429 31.8872 0.0107588 -0.00401418
1 34.5478 31.8831 0.0172183 0.00129266
1 35.6532 31.8796 0.0157147 0.00511335
1 36.7591 31.8769 0.0209788 0.013874
1 37.8655 31.8759 0.0378445 0.0278234
1 38.9727 31.8775 0.0443005 0.0371948
1 40.0824 31.8803 0.0392296 0.0375137
1 41.1927 31.8826 0.0456997 0.0308165
1 42.3009 31.884 0.0867793 0.0228217
1 43.4096 31.8857 0.127177 0.0137719
1 0.83178 32.8413 -0.12517 0.0180958
1 1.94179 32.8387 -0.0836985 0.0238092
1 3.0509 32.8364 -0.0457832 0.0294408
1 4.16176 32.8334 -0.0357413 0.0326353
1 5.27129 32.831 -0.0373001 0.0272864
1 6.37797 32.8307 -0.0303009 0.016956
1 7.48374 32.8326 -0.0147805 0.00434399
1 8.58926 32.836 -0.011195 -0.001098
1 9.69436 32.8396 -0.0150134 -0.00163568
1 10.799 32.8436 -0.00859392 -0.00654239
1 11.9046 32.8478 -0.00084832 -0.0065754
1 13.0102 32.8514 0.00538347 -0.000554709
1 14.1149 32.8541 0.00560771 0.0016427
1 15.2199 32.8569 0.00911307 -0.00150009
1 16.3257 32.8602 0.00532613 -0.00337864
1 17.4316 32.864 0.00759969 -0.000302522
1 18.5369 32.8673 0.00727698 0.010196
1 19.6417 32.8694 -0.00675367 0.027734
1 20.7442 32.8704 -1.85808e-05 0.0456157
1 21.845 32.8707 0.00800897 0.0547645
1 22.9455 32.8706 -0.00084915 0.049836
1 24.0463 32.8698 -0.00191658 0.0354119
1 25.1498 32.8682 -0.00779556 0.0190232
1 26.2556 32.8654 -0.00627636 0.00504509
1 27.3616 32.8618 -0.000101799 -0.0025779
1 28.4673 32.8583 -0.00927753 -0.00226372
1 29.5726 32.8555 -0.0042293 0.0012963
1 30.6778 32.8528 -0.00119866 -3.39063e-05
1 31.7827 32.8496 -0.0057982 -0.003873
1 32.8884 32.8457 0.00637186 -0.00655056
1 33.9936 32.8415 0.012525 -0.00455964
1 35.0981 32.8376 0.0111987 -0.000794296
1 36.2035 32.8341 0.0101899 0.00334012
1 37.3091 32.8314 0.0204423 0.00989531
1 38.415 32.8305 0.0336876 0.0206436
1 39.523 32.8319 0.0343933 0.0313451
1 40.6335 32.8351 0.0341069 0.0324459
1 41.7435 32.8376 0.0578007 0.026914
1 42.8512 32.8399 0.0959528 0.0244963
1 43.9668 32.8422 0.108231 0.0160933
1 0.273804 33.7983 -0.110878 0.0228362
1 1.39115 33.7943 -0.0976403 0.0255216
1 2.49994 33.7912 -0.0572026 0.0344024
1 3.61059 33.7878 -0.0324396 0.0370907
1 4.72104 33.7852 -0.0284042 0.0305316
1 5.82847 33.7851 -0.0246024 0.0181323
1 6.93364 33.787 -0.0118286 0.0117237
1 8.03878 33.7902 -0.00640694 0.00514542
1 9.1441 33.7941 -0.00941063 0.00234504
1 10.2485 33.7981 -0.00865164 0.00388879
1 11.3534 33.802 -0.00378017 0.00190607
1 12.4594 33.8061 0.00374587 0.000603773
1 13.5647 33.8099 -0.000748792 0.00541043
1 14.6698 33.8128 0.00424706 0.0086957
1 15.7748 33.8155 0.0079779 0.00899044
1 16.8802 33.8192 -0.00185352 0.00794655
1 17.9854 33.8234 0.000405014 0.0135367
1 19.09 33.8274 -0.00328547 0.0268062
1 20.193 33.8307 -0.0109796 0.0422522
1 21.2939 33.8327 -0.00716669 0.0531957
1 22.3947 33.833 -0.00548789 0.0547259
1 23.4959 33.8316 0.013523 0.0466978
1 24.5983 33.8288 0.0215739 0.0343401
1 25.7029 33.8252 0.000229481 0.0207226
1 26.8075 33.821 -0.00566992 0.0109222
1 27.9126 33.8171 -0.0039657 0.00802471
1 29.018 33.814 -0.0100728 0.00801598
1 30.1228 33.8113 -0.00563774 0.00920739
1 31.2277 33.8081 -0.00431518 0.00474131
1 32.3334 33.8041 0.000547478 -0.00115607
1 33.4389 33.7998 0.00674017 0.00259796
1 34.5433 33.7961 0.0104582 0.00608473
1 35.6482 33.7921 0.00852263 0.00296164
1 36.7535 33.7884 0.0104285 0.00744108
1 37.8587 33.7857 0.0253814 0.014997
1 38.965 33.7848 0.0310803 0.0251604
1 40.0739 33.7864 0.029579 0.0354337
1 41.1849 33.7896 0.0426129 0.0386258
1 42.2942 33.793 0.0809256 0.0332911
1 43.4041 33.7962 0.120536 0.0250103
1 0.839027 34.7499 -0.110494 0.0355982
1 1.94973 34.7459 -0.0728977 0.0452862
1 3.05951 34.7419 -0.0371226 0.0463879
1 4.17014 34.7394 -0.0206412 0.0339329
1 5.27823 34.739 -0.0205467 0.0209418
1 6.38385 34.7412 -0.0204984 0.0116441
1 7.48898 34.7445 -0.00683141 0.00823472
1 8.594 34.7483 -0.00673991 0.00642928
1 9.6991 34.7523 -0.0120906 0.00724288
1 10.8035 34.7562 -0.00327445 0.00747639
1 11.9089 34.7602 0.00283198 0.00539957
1 13.0146 34.7643 0.00190167 0.00682427
1 14.1197 34.7681 0.000574664 0.0105285
1 15.2243 34.7713 0.006723 0.0152182
1 16.3291 34.7748 -0.00021453 0.0176547
1 17.4332 34.7793 -0.00506255 0.0202191
1 18.5365 34.7845 -0.00947193 0.0279822
1 19.64 34.7895 -0.0244341 0.0385638
1 20.7423 34.7931 -0.0157837 0.0434789
1 21.8444 34.7945 0.002627 0.0451772
1 22.9469 34.7938 0.00965554 0.0456896
1 24.0486 34.7911 0.0182842 0.0425807
1 25.1511 34.7869 0.0112913 0.0337221
1 26.2548 34.7817 0.00702815 0.023481
1 27.3589 34.7766 0.00738969 0.0183051
1 28.4634 34.7728 -0.00582779 0.0177596
1 29.5679 34.7697 -0.000480701 0.0140472
1 30.6731 34.7662 0.00462717 0.00670572
1 31.7785 34.762 -0.00576423 0.00637285
1 32.8841 34.7582 -0.000432226 0.00999981
1 33.9887 34.7544 0.00728665 0.00743403
1 35.0932 34.7503 0.00907179 0.00415075
1 36.1985 34.7461 0.00411359 0.00809099
1 37.3035 34.7427 0.0115602 0.00988088
1 38.4086 34.7397 0.0234513 0.0144663
1 39.5153 34.7388 0.022595 0.0294207
1 40.6251 34.7405 0.028934 0.0417263
1 41.7359 34.744 0.0591996 0.047576
1 42.8456 34.7475 0.0980522 0.0381335
1 43.9645 34.7514 0.108146 0.0319707
1 0.277963 35.7036 -0.112687 0.0432729
1 1.39849 35.6995 -0.0981193 0.0502916
1 2.50865 35.6958 -0.0559647 0.0499749
1 3.61883 35.6929 -0.0232703 0.034504
1 4.72787 35.6927 -0.0156121 0.0206805
1 5.83399 35.6947 -0.017187 0.0101811
1 6.93895 35.6982 -0.0111233 0.00515724
1 8.044 35.7022 -0.00439269 0.00622485
1 9.14916 35.7061 -0.00675469 0.00474095
1 10.2537 35.7102 -0.00662914 0.00725824
1 11.3585 35.7141 0.00124467 0.0100279
1 12.4639 35.718 0.00603336 0.00833414
1 13.569 35.7222 -0.00816913 0.00817294
1 14.6741 35.7266 -0.00668724 0.014599
1 15.7781 35.7307 -0.00421265 0.0235664
1 16.8815 35.7354 -0.0190971 0.0268287
1 17.9842 35.7412 -0.0162942 0.0283863
1 19.0873 35.7474 -0.0124133 0.0323885
1 20.1901 35.7521 -0.0115925 0.0353781
1 21.2921 35.7545 -0.00396856 0.0368011
1 22.3952 35.7548 -0.00501775 0.0390474
1 23.4986 35.7533 0.00977169 0.038434
1 24.6016 35.7496 0.0240888 0.0337544
1 25.7049 35.744 0.0151409 0.0299383
1 26.8073 35.738 0.0119433 0.0297934
1 27.91 35.7328 0.00936984 0.0272521
1 29.0139 35.7285 0.00258507 0.0170779
1 30.1183 35.7242 0.00594686 0.0113502
1 31.2232 35.72 -0.00182044 0.0106308
1 32.3285 35.716 -0.00320617 0.00878835
1 33.4338 35.7121 0.00642757 0.00772801
1 34.5384 35.7081 0.011542 0.00748835
1 35.6435 35.7041 0.00741696 0.0051798
1 36.7488 35.7 0.00763956 0.00498269
1 37.8538 35.6962 0.0161738 0.00823781
1 38.9589 35.6935 0.0153915 0.0149301
1 40.0664 35.6924 0.0178603 0.0243308
1 41.1765 35.6938 0.0364684 0.044777
1 42.2865 35.6974 0.0794599 0.0513264
1 43.398 35.7011 0.110326 0.0475082
1 0.846012 36.6521 -0.11984 0.0555525
1 1.95798 36.6487 -0.0820807 0.0549788
1 3.06793 36.6463 -0.0355655 0.0425749
1 4.17697 36.6463 -0.0115439 0.0254292
1 5.28373 36.6485 -0.0104088 0.0154766
1 6.3886 36.6518 -0.0146429 0.0120272
1 7.49355 36.6559 -0.00550459 0.00847727
1 8.5988 36.66 -0.00650331 0.00930272
1 9.70416 36.664 -0.011838 0.0114617
1 10.8089 36.6681 -0.00432263 0.0119301
1 11.9142 36.6723 0.00186351 0.0135768
1 13.0191 36.6765 -0.00205397 0.0160915
1 14.1231 36.6813 -0.0134706 0.0181576
1 15.2267 36.6868 -0.0151206 0.0250566
1 16.3297 36.6924 -0.0224542 0.0338434
1 17.4316 36.6984 -0.0165925 0.0354702
1 18.5337 36.7045 -0.0100881 0.0310416
1 19.6377 36.7101 -0.0217569 0.0297309
1 20.7412 36.7139 -0.00942422 0.0341536
1 21.8442 36.7154 0.00844966 0.0419439
1 22.9475 36.7149 0.00446232 0.0404868
1 24.0503 36.712 0.00643655 0.03232
1 25.1538 36.7071 0.00875225 0.0300478
1 26.2571 36.7012 0.0171093 0.0343252
1 27.3593 36.6951 0.0269142 0.0350935
1 28.4617 36.6893 0.0170792 0.0316782
1 29.5649 36.6839 0.0173646 0.0226056
1 30.669 36.6787 0.014299 0.0147664
1 31.7737 36.6741 -0.00368051 0.0140397
1 32.8789 36.6701 -0.000115608 0.0158248
1 33.9837 36.6661 0.007446 0.0112538
1 35.0884 36.6618 0.00881111 0.00849806
1 36.1939 36.6576 0.00436844 0.0106504
1 37.299 36.6536 0.00731835 0.0114402
1 38.4037 36.65 0.0137227 0.0135414
1 39.5096 36.647 0.0105505 0.0194258
1 40.618 36.6458 0.0171751 0.0343321
1 41.7275 36.6469 0.0536948 0.0496436
1 42.8378 36.6499 0.0962188 0.059842
1 43.9587 36.6538 0.103427 0.0603858
1 0.285136 37.6036 -0.110827 0.0662434
1 1.4065 37.6005 -0.0977036 0.0617123
1 2.51656 37.5989 -0.0520711 0.0455566
1 3.62538 37.5993 -0.0134122 0.0298058
1 4.7328 37.6015 -0.00533962 0.0200184
1 5.83828 37.605 -0.0077752 0.0156883
1 6.94284 37.6087 -0.00579413 0.01527
1 8.04802 37.6129 -0.00434302 0.01492
1 9.15357 37.617 -0.0077419 0.013113
1 10.2585 37.6213 -0.00950814 0.0140692
1 11.3636 37.626 -0.00521503 0.0189988
1 12.4684 37.6306 -0.00323254 0.0216706
1 13.572 37.6359 -0.0224489 0.0251441
1 14.675 37.6421 -0.026099 0.0324041
1 15.7772 37.6486 -0.0245815 0.0373715
1 16.8796 37.6549 -0.0305637 0.0368197
1 17.9825 37.661 -0.0104483 0.0326929
1 19.0862 37.6667 -0.00260267 0.0325803
1 20.1894 37.6715 -0.0107875 0.0380389
1 21.292 37.6748 -0.00517848 0.0448634
1 22.3954 37.6755 -0.00363609 0.0457039
1 23.4986 37.6733 0.00906886 0.0398626
1 24.6023 37.6688 0.0194373 0.0349819
1 25.7067 37.6634 0.00806257 0.0337508
1 26.8094 37.6577 0.0133204 0.036919
1 27.9113 37.6516 0.0258724 0.039516
1 29.0138 37.6452 0.0252423 0.0344634
1 30.1165 37.6385 0.0253305 0.0274693
1 31.2196 37.6328 0.00860941 0.0258119
1 32.3238 37.6282 0.00112352 0.0199886
1 33.4289 37.6235 0.00926696 0.0150592
1 34.5338 37.6191 0.00859262 0.0151962
1 35.6388 37.615 0.00161075 0.0145279
1 36.7439 37.6107 0.00392522 0.0120981
1 37.8488 37.6065 0.0129705 0.0158681
1 38.9538 37.603 0.0109277 0.0175245
1 40.0604 37.6 0.0113866 0.0243812
1 41.1689 37.5985 0.0334953 0.0379736
1 42.2778 37.599 0.0808833 0.0562159
1 43.3895 37.602 0.120955 0.0624227
1 0.854788 38.5524 -0.116324 0.0617633
1 1.96631 38.5504 -0.0730668 0.0465123
1 3.07431 38.5513 -0.027775 0.0304922
1 4.18196 38.5542 -0.00655274 0.0219052
1 5.28816 38.5575 -0.00809303 0.0179508
1 6.393 38.5614 -0.0118377 0.0186687
1 7.49776 38.5655 -0.00500428 0.0141107
1 8.60297 38.57 -0.00456033 0.014305
1 9.70821 38.5743 -0.00948513 0.0196116
1 10.8125 38.5791 -0.010584 0.0200347
1 11.9172 38.5847 -0.0128838 0.026316
1 13.0206 38.5906 -0.0191768 0.0361002
1 14.1225 38.5969 -0.0323318 0.0392816
1 15.225 38.6041 -0.0268079 0.0377042
1 16.3277 38.6108 -0.0195174 0.0400245
1 17.4305 38.6164 -0.00924042 0.0420892
1 18.5337 38.6221 -0.00785224 0.039938
1 19.6375 38.6279 -0.0220154 0.043091
1 20.7408 38.6326 -0.00838499 0.0509383
1 21.8442 38.6346 0.00827575 0.0538715
1 22.9478 38.6337 0.00422752 0.050522
1 24.0505 38.63 0.00965521 0.0487293
1 25.1538 38.6247 0.00575424 0.0451021
1 26.2575 38.619 0.00599273 0.0411244
1 27.3608 38.6134 0.0239998 0.039217
1 28.4639 38.6072 0.0257261 0.0400669
1 29.5664 38.6002 0.0315914 0.040418
1 30.6684 38.5934 0.0305041 0.0380174
1 31.771 38.5873 0.0121333 0.0313161
1 32.8753 38.5816 0.0118358 0.0246067
1 33.9798 38.5766 0.0101383 0.0191786
1 35.0843 38.572 0.00757805 0.0148099
1 36.1896 38.5676 0.00449189 0.0147328
1 37.2946 38.5634 0.00644492 0.0162124
1 38.3991 38.5593 0.0101813 0.0158742
1 39.5049 38.5554 0.00464936 0.0209142
1 40.612 38.5524 0.0128985 0.0256933
1 41.7201 38.5502 0.0475635 0.0367737
1 42.8289 38.5506 0.0938909 0.0553604
1 43.9499 38.554 0.109855 0.0601622
1 0.294659 39.5053 -0.11676 0.0517668
1 1.4154 39.5023 -0.0891774 0.0361616
1 2.52337 39.504 -0.044631 0.0189043
1 3.63054 39.5072 -0.0120007 0.0059331
1 4.7374 39.511 -0.00380778 0.00277963
1 5.84268 39.5152 -0.00713251 -0.000660274
1 6.94718 39.5192 -0.0065202 -0.000833006
1 8.05188 39.5235 -0.00394719 0.000509828
1 9.15702 39.5283 -0.0108937 0.00242379
1 10.2612 39.5335 -0.016479 0.00993217
1 11.3646 39.5393 -0.0209985 0.0195095
1 12.4677 39.5459 -0.0229911 0.0232155
1 13.5698 39.5528 -0.0310625 0.0276995
1 14.6721 39.5594 -0.0268327 0.0293617
1 15.7754 39.5658 -0.0200341 0.0243025
1 16.8792 39.5721 -0.0226225 0.0280646
1 17.9827 39.5781 -0.00956482 0.0370764
1 19.0859 39.5838 -0.00278335 0.0382808
1 20.1889 39.5891 -0.0059724 0.0392252
1 21.292 39.5929 -0.00451139 0.0459931
1 22.3955 39.5935 -0.00882188 0.0474325
1 23.4988 39.5909 0.00779459 0.0436564
1 24.6025 39.5862 0.0214108 0.0391631
1 25.7065 39.5805 0.00767045 0.0357157
1 26.8094 39.5746 0.0110021 0.0347788
1 27.9128 39.5688 0.0182806 0.028406
1 29.0164 39.5625 0.0171248 0.0254054
1 30.1189 39.5558 0.0299746 0.0284048
1 31.2208 39.5491 0.0271978 0.0281493
1 32.3234 39.5423 0.0210833 0.0202426
1 33.4269 39.536 0.0203912 0.0125879
1 34.5306 39.5307 0.0151908 0.00661215
1 35.6354 39.5258 0.00766772 0.000831632
1 36.7402 39.5212 0.00709545 -0.00166081
1 37.8449 39.5169 0.0144709 -0.000330123
1 38.9498 39.5128 0.0071399 0.00149525
1 40.056 39.5089 0.00451235 0.00316773
1 41.1632 39.505 0.0241339 0.0122854
1 42.2699 39.5027 0.0665617 0.0267518
1 43.3798 39.5031 0.105369 0.0450242
1 0.864562 40.4554 -0.097185 0.0293466
1 1.9736 40.4571 -0.0608708 0.0100777
1 3.07956 40.4608 -0.0230554 -0.000893097
1 4.18628 40.4653 -0.00564099 -0.00925384
1 5.29217 40.4697 -0.00566582 -0.0104898
1 6.3968 40.4741 -0.0161357 -0.00844399
1 7.50127 40.4786 -0.0121895 -0.00807906
1 8.60553 40.4835 -0.0153127 -0.002936
1 9.70974 40.4891 -0.0281844 0.00446176
1 10.8124 40.4956 -0.0316192 0.0110415
1 11.9148 40.5025 -0.0282988 0.0190694
1 13.0173 40.5092 -0.0232349 0.0202894
1 14.1195 40.5155 -0.0221519 0.0176655
1 15.2229 40.5216 -0.0170718 0.0208299
1 16.3266 40.5277 -0.0159398 0.0259228
1 17.4297 40.534 -0.0126127 0.0294516
1 18.5332 40.5401 -0.0109697 0.0325557
1 19.6373 40.5457 -0.0164549 0.036435
1 20.7406 40.5504 -0.0052101 0.0412896
1 21.8439 40.5529 0.00652039 0.04338
1 22.9477 40.5517 0.00610586 0.0429666
1 24.051 40.5477 0.00777576 0.0414975
1 25.1544 40.5425 -0.000405784 0.0357841
1 26.2579 40.5367 0.00803235 0.0326482
1 27.3616 40.5308 0.0254466 0.0283687
1 28.4653 40.5245 0.0171549 0.0208733
1 29.5688 40.5182 0.0229903 0.0197379
1 30.6719 40.5123 0.0301217 0.0190423
1 31.7743 40.5055 0.0241568 0.0179453
1 32.8769 40.4984 0.0308622 0.0171572
1 33.9792 40.492 0.0265377 0.0101705
1 35.082 40.4862 0.0172245 -0.000906392
1 36.1864 40.4808 0.00954249 -0.00649574
1 37.2907 40.4762 0.0106891 -0.00833496
1 38.395 40.4717 0.0114112 -0.00982653
1 39.5005 40.4672 0.00630799 -0.00846299
1 40.6073 40.4628 0.0128521 -0.00646061
1 41.7137 40.4587 0.0425395 0.00121542
1 42.8206 40.4554 0.0847503 0.0186575
1 43.9397 40.4561 0.114897 0.0413092
1 0.30585 41.4086 -0.109904 0.0254395
1 1.42344 41.4103 -0.0797364 0.00882736
1 2.52942 41.4148 -0.043121 -0.000492469
1 3.63524 41.4197 -0.0124688 -0.00260401
1 4.74146 41.4246 -0.00550925 -0.00349674
1 5.84662 41.4294 -0.013989 -0.00251073
1 6.95057 41.4342 -0.0188241 0.000773219
1 8.05398 41.4393 -0.0184246 0.0108223
1 9.15717 41.4454 -0.0304383 0.0172678
1 10.2593 41.4523 -0.0376537 0.0238366
1 11.361 41.4591 -0.0316976 0.0264976
1 12.464 41.4657 -0.0245796 0.0245782
1 13.5672 41.4717 -0.0229524 0.0273225
1 14.6702 41.4774 -0.0226298 0.0344007
1 15.7738 41.4834 -0.0241238 0.0362139
1 16.8778 41.4897 -0.0200467 0.0389453
1 17.9814 41.4958 -0.00527126 0.0458656
1 19.085 41.5017 -0.00170809 0.0515453
1 20.1884 41.507 -0.00475113 0.0540612
1 21.2917 41.5108 -0.00283045 0.0566861
1 22.3956 41.5116 -0.00787767 0.0586537
1 23.4993 41.5089 0.00386845 0.0581314
1 24.603 41.5041 0.0151644 0.0530474
1 25.7072 41.4983 0.00928658 0.0476644
1 26.8109 41.4924 0.0134892 0.044346
1 27.9146 41.4864 0.01769 0.0376405
1 29.018 41.4802 0.0173088 0.0351056
1 30.1212 41.4744 0.0227077 0.0313356
1 31.2241 41.4684 0.0193759 0.024384
1 32.3272 41.462 0.0270116 0.0258509
1 33.4297 41.4554 0.0384591 0.0265762
1 34.5314 41.4486 0.0379588 0.0217528
1 35.6343 41.4422 0.0250037 0.0132239
1 36.7377 41.4365 0.0184207 0.00350014
1 37.8413 41.4315 0.0193149 0.00015555
1 38.9457 41.4269 0.00914713 -0.00283444
1 40.0516 41.422 0.00629661 -0.0046817
1 41.1579 41.417 0.0247763 -0.000852584
1 42.2634 41.4121 0.0614072 0.00350068
1 43.3716 41.4086 0.0879581 0.0129869
1 0.871122 42.3639 -0.0787849 -0.00527419
1 1.97944 42.3681 -0.0544513 -0.00606486
1 3.08458 42.3735 -0.0234678 -0.00297557
1 4.19058 42.3786 -0.00647128 0.000921364
1 5.29606 42.3836 -0.0118315 0.00723529
1 6.39993 42.3886 -0.0276526 0.0170037
1 7.5024 42.3944 -0.028844 0.0269756
1 8.60444 42.4008 -0.0330363 0.0390045
1 9.70651 42.4075 -0.0409485 0.0445197
1 10.8084 42.414 -0.030154 0.0429703
1 11.9112 42.4199 -0.0185017 0.0454481
1 13.0147 42.4256 -0.022697 0.0508762
1 14.1177 42.4315 -0.0229799 0.0563066
1 15.2206 42.4373 -0.0169967 0.063116
1 16.3244 42.4427 -0.0184116 0.0673899
1 17.4283 42.4487 -0.01502 0.0686237
1 18.5322 42.455 -0.00966831 0.0735841
1 19.6365 42.4608 -0.0119376 0.0813548
1 20.7401 42.4655 -0.00283129 0.0875501
1 21.8437 42.4681 0.0070762 0.0899246
1 22.9478 42.4669 0.00497821 0.0875691
1 24.0516 42.4628 0.00285322 0.0838657
1 25.1555 42.4574 7.45502e-05 0.0802909
1 26.2596 42.4517 0.0103377 0.074343
1 27.3635 42.4456 0.0209815 0.067184
1 28.4673 42.4398 0.0161689 0.0635948
1 29.5707 42.4343 0.024981 0.0604392
1 30.6738 42.4283 0.0273275 0.0520688
1 31.777 42.4223 0.0182983 0.0460454
1 32.8805 42.4166 0.0281803 0.0450794
1 33.9829 42.4106 0.0385881 0.0431521
1 35.0844 42.4038 0.037054 0.0416416
1 36.1866 42.3972 0.0313827 0.0338213
1 37.2891 42.3912 0.0285519 0.0224323
1 38.392 42.3861 0.0182026 0.0117268
1 39.4968 42.3809 0.00687367 0.00304865
1 40.6029 42.3759 0.0118623 -0.00127852
1 41.7083 42.3707 0.038201 -0.00592289
1 42.8134 42.3657 0.0682104 -0.00502175
1 43.929 42.3628 0.0838281 0.00200536
1 0.313902 43.3197 -0.065897 -0.0223902
1 1.42895 43.3226 -0.0549069 -0.0217596
1 2.53376 43.3278 -0.0337387 -0.0172442
1 3.63877 43.3331 -0.00957427 -0.00851739
1 4.74395 43.338 -0.00672987 0.0058978
1 5.84754 43.3435 -0.0249271 0.016718
1 6.94916 43.3493 -0.0367537 0.0296366
1 8.05073 43.3556 -0.0354349 0.0390232
1 9.15294 43.3621 -0.0332578 0.0421614
1 10.2554 43.3677 -0.0305027 0.0456726
1 11.3583 43.3729 -0.021389 0.0497151
1 12.4614 43.3785 -0.0188971 0.0554285
1 13.5645 43.3841 -0.0234839 0.0636411
1 14.6677 43.3894 -0.0187559 0.0681216
1 15.7714 43.3946 -0.0168452 0.0724546
1 16.8753 43.3999 -0.0180119 0.0793577
1 17.9793 43.4057 -0.00743158 0.0809789
1 19.0836 43.4118 -0.00103521 0.0841124
1 20.1876 43.4176 -0.00354701 0.0939284
1 21.2914 43.4215 -0.00372646 0.100187
1 22.3959 43.4222 -0.00533126 0.10042
1 23.4998 43.4193 0.00269638 0.098647
1 24.6037 43.4142 0.0109349 0.0918192
1 25.7088 43.4085 0.0103172 0.0827222
1 26.8132 43.4025 0.0128831 0.0787309
1 27.9168 43.397 0.0145134 0.0768673
1 29.0204 43.392 0.0160751 0.0703753
1 30.1239 43.3866 0.0209419 0.063011
1 31.2269 43.3808 0.0204003 0.0596647
1 32.3302 43.3754 0.0190401 0.0550207
1 33.4334 43.3702 0.0226021 0.0447064
1 34.5358 43.3645 0.0306505 0.041639
1 35.638 43.3586 0.0314871 0.0426545
1 36.7395 43.3522 0.033002 0.0352368
1 37.8407 43.3461 0.0334629 0.0228836
1 38.9435 43.3407 0.0166088 0.00937672
1 40.0485 43.3357 0.0057214 -0.00321515
1 41.154 43.3303 0.0211177 -0.0124004
1 42.2586 43.3251 0.0488188 -0.0178521
1 43.3663 43.3207 0.0626425 -0.0263252
1 0.874941 44.2793 -0.0513479 -0.0421212
1 1.98244 44.2837 -0.0421121 -0.0362993
1 3.08631 44.2892 -0.0176599 -0.0257766
1 4.19086 44.2948 -0.00945524 -0.0140602
1 5.29435 44.3001 -0.0225018 -0.000820296
1 6.39571 44.306 -0.0354393 0.0104488
1 7.49682 44.312 -0.0280378 0.0162656
1 8.59901 44.3174 -0.0211064 0.0155443
1 9.70202 44.3223 -0.0227033 0.0198587
1 10.8047 44.3273 -0.0210019 0.0268775
1 11.9076 44.3324 -0.0155125 0.0328362
1 13.0108 44.3374 -0.0146797 0.0361629
1 14.114 44.3425 -0.016334 0.0398287
1 15.2174 44.3476 -0.0139255 0.0470671
1 16.3213 44.3522 -0.0141576 0.0504998
1 17.4254 44.3572 -0.0124963 0.0510049
1 18.5301 44.3631 -0.00934724 0.0531576
1 19.6351 44.3696 -0.00800166 0.058263
1 20.7393 44.375 -0.00208356 0.0694363
1 21.8435 44.3774 0.00294977 0.0769622
1 22.9482 44.3762 0.0033789 0.0734352
1 24.0526 44.3718 0.00437057 0.0642319
1 25.1574 44.3658 0.00399446 0.0583726
1 26.2623 44.3599 0.00761991 0.0522277
1 27.3665 44.3545 0.0139487 0.0499501
1 28.4705 44.35 0.0137347 0.0496774
1 29.5741 44.3451 0.0167424 0.0413595
1 30.6775 44.3395 0.0191444 0.0367233
1 31.7809 44.3346 0.0161099 0.0358294
1 32.884 44.3296 0.0188241 0.0295157
1 33.9867 44.3245 0.0245902 0.0223798
1 35.0896 44.3197 0.022967 0.0169269
1 36.1922 44.3146 0.0222906 0.0160177
1 37.2936 44.3091 0.0340407 0.0132984
1 38.3945 44.3029 0.0317344 0.00375032
1 39.4972 44.2972 0.014293 -0.00736994
1 40.6018 44.2919 0.0113261 -0.0229966
1 41.706 44.2867 0.0300121 -0.0325225
1 42.81 44.2812 0.0482466 -0.0374973
1 43.9244 44.2778 0.0464602 -0.0414888
1 0.315166 45.2367 -0.0407375 -0.0528068
1 1.42974 45.2414 -0.04255 -0.0470812
1 2.53298 45.248 -0.0323443 -0.0398842
1 3.63584 45.2538 -0.0192301 -0.0285661
1 4.73903 45.2598 -0.0217578 -0.0169499
1 5.84079 45.2656 -0.0286638 -0.0143541
1 6.94216 45.2711 -0.023993 -0.0152676
1 8.04471 45.2757 -0.0157801 -0.0141863
1 9.14753 45.2802 -0.0158346 -0.00894827
1 10.2502 45.2849 -0.0229525 -0.00432627
1 11.3531 45.2897 -0.0165107 -0.00240715
1 12.4563 45.2943 -0.0111618 0.00106468
1 13.5597 45.2988 -0.0162078 0.00425413
1 14.6632 45.3041 -0.0142036 0.00505668
1 15.767 45.3087 -0.0103143 0.0102267
1 16.8711 45.3127 -0.0114938 0.0139574
1 17.9756 45.3178 -0.0109487 0.0110444
1 19.081 45.3245 -0.00338141 0.0103669
1 20.1859 45.3312 -0.00245164 0.0219629
1 21.2906 45.3356 -0.00558612 0.0344679
1 22.3962 45.3362 -0.0017028 0.037656
1 23.5013 45.3329 0.00478678 0.0311527
1 24.6061 45.3272 0.00695238 0.0179618
1 25.7119 45.3208 0.00910673 0.00954347
1 26.8168 45.3149 0.011102 0.0120374
1 27.9209 45.3107 0.0107888 0.0144809
1 29.0251 45.3067 0.010335 0.00685091
1 30.1285 45.3013 0.0142535 0.00231182
1 31.2318 45.2961 0.0152232 0.0039917
1 32.3354 45.2918 0.0104707 -0.00111483
1 33.4381 45.287 0.0175702 -0.0055605
1 34.5408 45.2822 0.0242279 -0.00681304
1 35.6438 45.2778 0.0169295 -0.0115586
1 36.7465 45.2735 0.0190439 -0.0145656
1 37.8485 45.2684 0.0324861 -0.0150846
1 38.9501 45.2625 0.0265291 -0.0150855
1 40.0527 45.2567 0.016214 -0.023386
1 41.1561 45.2507 0.0231596 -0.0350078
1 42.2592 45.2449 0.041216 -0.0459269
1 43.3653 45.2389 0.0449334 -0.0543292
1 0.872169 46.1991 -0.0454438 -0.0542287
1 1.97714 46.2086 -0.0499911 -0.0476016
1 3.07914 46.2156 -0.0306494 -0.0332917
1 4.18167 46.2218 -0.0212778 -0.0294119
1 5.28472 46.2277 -0.0204333 -0.0330845
1 6.38706 46.2323 -0.020947 -0.0348149
1 7.48983 46.237 -0.0183253 -0.034456
1 8.59254 46.2417 -0.0178542 -0.0275879
1 9.69561 46.2454 -0.0222292 -0.02536
1 10.7986 46.2502 -0.016105 -0.0301052
1 11.9014 46.2551 -0.012059 -0.0204057
1 13.0049 46.2589 -0.0139283 -0.0187645
1 14.1084 46.2639 -0.0118896 -0.0260563
1 15.212 46.2693 -0.011125 -0.0177596
1 16.3162 46.2728 -0.0115576 -0.0102858
1 17.4205 46.2765 -0.00999957 -0.0145235
1 18.5255 46.2826 -0.0110253 -0.0216254
1 19.6315 46.2904 -0.00793288 -0.0146604
1 20.7369 46.2964 -0.00402527 0.00346516
1 21.843 46.2986 0.000209663 0.0135986
1 22.9498 46.2974 0.00473278 0.0102345
1 24.0556 46.2928 0.00435321 -0.00566676
1 25.1614 46.2856 0.00562526 -0.0186173
1 26.267 46.2791 0.0106474 -0.0159229
1 27.3715 46.2748 0.0135091 -0.0104556
1 28.4758 46.2714 0.0105398 -0.0149992
1 29.5798 46.2666 0.0129128 -0.0242292
1 30.6834 46.261 0.0170354 -0.0217272
1 31.787 46.2568 0.011929 -0.0194441
1 32.8901 46.2524 0.0124731 -0.026531
1 33.993 46.2477 0.0201401 -0.026877
1 35.0958 46.2436 0.0167577 -0.0289891
1 36.1984 46.2392 0.0146386 -0.0315519
1 37.3015 46.2347 0.0228139 -0.0335208
1 38.4041 46.23 0.0196475 -0.0345055
1 39.5066 46.2246 0.0205471 -0.0307193
1 40.6097 46.2185 0.0263145 -0.0299935
1 41.712 46.212 0.0418759 -0.0408099
1 42.8146 46.2048 0.0429536 -0.0498662
1 43.9274 46.1951 0.0304048 -0.0587039
1 0.305278 47.155 -0.0333028 -0.0552229
1 1.41712 47.1739 -0.0553036 -0.0456445
1 2.52061 47.1825 -0.0474718 -0.0373182
1 3.62368 47.1891 -0.0235051 -0.0356197
1 4.72787 47.1944 -0.0119931 -0.0437623
1 5.83173 47.1996 -0.0161615 -0.0367393
1 6.9343 47.2035 -0.0216866 -0.0372835
1 8.03731 47.2091 -0.0180585 -0.0416628
1 9.14041 47.2128 -0.0140765 -0.0314529
1 10.2433 47.2163 -0.0209959 -0.0377041
1 11.3461 47.2222 -0.0139407 -0.0365047
1 12.4493 47.226 -0.0126872 -0.0266108
1 13.5531 47.2295 -0.0156699 -0.0331773
1 14.6565 47.2356 -0.0134554 -0.0371171
1 15.7611 47.2404 -0.0156823 -0.023213
1 16.8655 47.2427 -0.00940759 -0.0185147
1 17.9691 47.2471 -0.0103539 -0.0308251
1 19.0744 47.2548 -0.00823729 -0.0347851
1 20.1812 47.2622 -0.00950165 -0.0192155
1 21.2887 47.2664 -0.0120053 0.000937868
1 22.3971 47.2668 0.00401447 0.00588352
1 23.5049 47.2637 0.0112853 -0.00889424
1 24.6118 47.2576 0.00842039 -0.0274741
1 25.7183 47.2503 0.0120568 -0.0314838
1 26.8227 47.2446 0.0100542 -0.0225456
1 27.9266 47.2419 0.0119659 -0.0206536
1 29.0314 47.2383 0.0145562 -0.0316866
1 30.1352 47.2323 0.0145349 -0.0370693
1 31.2387 47.2272 0.0119695 -0.030475
1 32.342 47.2238 0.0109041 -0.0298787
1 33.4451 47.2191 0.0218925 -0.0369684
1 34.5481 47.2144 0.0191418 -0.0349672
1 35.651 47.211 0.0177202 -0.0370542
1 36.7544 47.2064 0.0204429 -0.0389534
1 37.8568 47.2017 0.0178177 -0.0382635
1 38.9599 47.1969 0.0158666 -0.0423794
1 40.0644 47.1916 0.0168747 -0.0380708
1 41.1684 47.1856 0.0401053 -0.0361043
1 42.2715 47.1779 0.0636827 -0.0377545
1 43.3793 47.168 0.0571714 -0.0510857
