1 0.770235 0.247151 0.0694176 0.0754385
1 1.88767 0.241131 0.0710227 0.0759607
1 3.00214 0.23735 0.0701992 0.0763326
1 4.11606 0.23557 0.0686393 0.0765948
1 5.22947 0.233364 0.0720689 0.0773874
1 6.34269 0.232724 0.0677163 0.0723497
1 7.45609 0.231524 0.0731697 0.0807985
1 8.56904 0.229265 0.0711679 0.0766049
1 9.68288 0.229707 0.0673284 0.0664784
1 10.7959 0.230191 0.0707681 0.0769931
1 11.909 0.227765 0.0626343 0.0841247
1 13.0222 0.22609 0.0515228 0.0678467
1 14.1336 0.227959 0.0263083 0.0466562
1 15.2412 0.231814 -0.00819176 0.0291553
1 16.3435 0.235293 -0.0279351 0.0184825
1 17.443 0.237316 -0.0243922 0.0180821
1 18.5434 0.238593 -0.0100054 0.0225037
1 19.6442 0.239754 -0.00136324 0.025098
1 20.7442 0.240381 -0.00282248 0.0255017
1 21.8448 0.24043 -0.00080378 0.0262048
1 22.9456 0.240597 0.00384221 0.0256692
1 24.0457 0.240428 0.000920353 0.0250327
1 25.146 0.239586 0.0031812 0.0241063
1 26.2469 0.238294 0.0175195 0.0209819
1 27.3467 0.236693 0.0279505 0.0176764
1 28.4468 0.233672 0.020589 0.0216692
1 29.5519 0.229227 -0.00983992 0.035686
1 30.6619 0.225506 -0.0431601 0.0553283
1 31.7746 0.225355 -0.0558246 0.0784708
1 32.8883 0.228702 -0.0635967 0.0867412
1 34.001 0.230457 -0.0724072 0.0711334
1 35.114 0.22922 -0.0679843 0.0685088
1 36.2276 0.230241 -0.0720289 0.081301
1 37.3405 0.232507 -0.0697197 0.0745223
1 38.4541 0.232333 -0.0695605 0.0712087
1 39.5675 0.234329 -0.0686776 0.0833611
1 40.6812 0.236944 -0.0707035 0.0742899
1 41.7952 0.238631 -0.0726424 0.0766974
1 42.9105 0.243135 -0.0698449 0.0777956
1 44.0315 0.259618 -0.0738238 0.077855
1 0.215992 1.21917 0.074252 0.0770755
1 1.33611 1.21035 0.0729649 0.0783624
1 2.4492 1.20627 0.0719619 0.0745993
1 3.56186 1.20377 0.0734366 0.0764362
1 4.67448 1.20161 0.0720406 0.0781619
1 5.78731 1.20035 0.0698913 0.0714011
1 6.90037 1.19947 0.0693694 0.0793176
1 8.01353 1.19749 0.070043 0.0773864
1 9.12636 1.1969 0.0701837 0.0700071
1 10.2395 1.19706 0.0693014 0.0743749
1 11.3527 1.19617 0.0655368 0.0793977
1 12.4656 1.1943 0.0588091 0.0774329
1 13.577 1.19444 0.0505429 0.0603942
1 14.6856 1.19802 0.0220354 0.043425
1 15.7908 1.20279 -0.0105625 0.0332222
1 16.8923 1.2067 -0.0205044 0.0240077
1 17.9928 1.20906 -0.0150115 0.018722
1 19.0937 1.21014 -0.0081975 0.0204788
1 20.194 1.21073 -0.00387632 0.0239257
1 21.2943 1.21118 -0.0016696 0.0249987
1 22.3951 1.21133 0.000943195 0.025088
1 23.4958 1.21114 0.00349069 0.0247735
1 24.596 1.21075 0.00479211 0.0221734
1 25.6969 1.21007 0.0112133 0.0191546
1 26.7976 1.20838 0.017651 0.0215476
1 27.898 1.20502 0.0176618 0.0285838
1 29.0013 1.2001 -0.00248465 0.0354051
1 30.1087 1.19494 -0.037046 0.047958
1 31.2189 1.19266 -0.0580897 0.0716751
1 32.331 1.19453 -0.0648415 0.0840329
1 33.444 1.19678 -0.0667398 0.0760629
1 34.5574 1.19694 -0.0677152 0.0721791
1 35.6701 1.1971 -0.0742562 0.0752815
1 36.7828 1.1987 -0.0700443 0.0768125
1 37.8961 1.19977 -0.0707374 0.0722013
1 39.0087 1.20057 -0.0706827 0.0775347
1 40.1216 1.20298 -0.0681625 0.0764821
1 41.2345 1.2048 -0.0710827 0.0751561
1 42.3466 1.20794 -0.0713149 0.076093
1 43.4599 1.21545 -0.0687848 0.0749933
1 0.783352 2.17627 0.0693659 0.0742101
1 1.89689 2.17119 0.0689531 0.077363
1 3.00871 2.16802 0.0715368 0.0765214
1 4.12054 2.1658 0.069775 0.0756513
1 5.23285 2.16416 0.0698677 0.0762124
1 6.34513 2.16266 0.0706464 0.0782068
1 7.45805 2.1612 0.0695191 0.0756136
1 8.57074 2.16039 0.071489 0.0748005
1 9.68338 2.15965 0.0705338 0.0754876
1 10.7964 2.15922 0.0672258 0.0733424
1 11.9091 2.15842 0.0669766 0.0783874
1 13.0203 2.15754 0.0618623 0.0725675
1 14.1295 2.15941 0.0391604 0.0553028
1 15.2363 2.16393 0.00619017 0.0428363
1 16.3399 2.16914 -0.00880749 0.0348042
1 17.4413 2.17344 -0.00645712 0.0308043
1 18.5432 2.17595 -0.00436483 0.0257036
1 19.6444 2.17709 -0.0059572 0.0205413
1 20.7442 2.17744 -0.00695925 0.021714
1 21.8446 2.17746 -0.00175112 0.0249154
1 22.9456 2.17754 0.00574326 0.0234153
1 24.0455 2.17753 0.00627532 0.0203315
1 25.1459 2.17694 0.00456652 0.0229255
1 26.2479 2.1752 0.00569539 0.0292138
1 27.3497 2.17161 0.00822443 0.0327472
1 28.4518 2.16638 0.00310356 0.0378862
1 29.5569 2.16097 -0.0257599 0.0473939
1 30.6647 2.15717 -0.0542965 0.0604504
1 31.7751 2.15662 -0.0604072 0.0769021
1 32.8875 2.15839 -0.0648636 0.0818863
1 34.0005 2.15957 -0.0682988 0.0750664
1 35.1133 2.15994 -0.0702256 0.0735157
1 36.2257 2.16079 -0.074492 0.0773908
1 37.3384 2.16214 -0.0672356 0.0762461
1 38.4516 2.16323 -0.0702447 0.0735386
1 39.5636 2.16467 -0.0731897 0.0772825
1 40.676 2.16695 -0.070895 0.0770508
1 41.7878 2.16971 -0.0739196 0.0741316
1 42.8998 2.17375 -0.0732283 0.0784357
1 44.0214 2.17726 -0.0722365 0.0773612
1 0.221326 3.13791 0.0712175 0.0766428
1 1.34265 3.13559 0.0727811 0.0792679
1 2.45483 3.13196 0.0711767 0.0757842
1 3.56651 3.12961 0.0726727 0.0769381
1 4.67813 3.1275 0.0715887 0.0782105
1 5.79042 3.12593 0.0716173 0.0769825
1 6.90263 3.12433 0.0732025 0.078247
1 8.01503 3.12326 0.0726933 0.0742009
1 9.12723 3.12262 0.0743561 0.0767657
1 10.2397 3.12159 0.0696238 0.0773021
1 11.3523 3.12119 0.0655771 0.0750975
1 12.4643 3.12069 0.0597621 0.0767299
1 13.5744 3.12112 0.0521894 0.0649356
1 14.6815 3.12449 0.0286935 0.0495341
1 15.7858 3.12959 -0.000122736 0.0422662
1 16.8881 3.1347 -0.00394295 0.0393906
1 17.9906 3.13888 0.00552002 0.0363637
1 19.0936 3.1418 0.00664174 0.0316199
1 20.195 3.14326 -0.00174615 0.0259806
1 21.2949 3.14357 -0.00518534 0.019519
1 22.3949 3.1436 0.00214977 0.0176338
1 23.4949 3.14364 0.0055953 0.0225254
1 24.5954 3.14291 -0.0043804 0.0289455
1 25.698 3.14074 -0.00782136 0.0347024
1 26.8009 3.13712 -0.00160137 0.0382805
1 27.903 3.13218 0.00627338 0.0394223
1 29.0062 3.12652 -0.00820842 0.0439502
1 30.1123 3.12177 -0.0416422 0.0565335
1 31.2209 3.11982 -0.0617261 0.0719942
1 32.3318 3.12027 -0.0701519 0.0770828
1 33.4436 3.12108 -0.070365 0.0768056
1 34.5563 3.12203 -0.0668494 0.0780876
1 35.6688 3.12291 -0.0714604 0.0750687
1 36.781 3.12374 -0.0697149 0.0762599
1 37.8936 3.12511 -0.0668031 0.0770736
1 39.006 3.12649 -0.0676754 0.0762703
1 40.118 3.12837 -0.0715311 0.0785865
1 41.2296 3.13083 -0.0700368 0.0789561
1 42.3413 3.13375 -0.0694617 0.0768859
1 43.4556 3.13682 -0.0701477 0.0721688
1 0.785868 4.09792 0.0709778 0.0732232
1 1.90036 4.09592 0.0715083 0.0752794
1 3.01205 4.09328 0.0712044 0.0762727
1 4.12339 4.09103 0.0723089 0.0739809
1 5.23513 4.08926 0.0679028 0.0768846
1 6.34713 4.08742 0.0694757 0.0763896
1 7.45946 4.08635 0.0697285 0.0714698
1 8.57173 4.08546 0.0716631 0.0766868
1 9.68418 4.0842 0.067595 0.0763217
1 10.7966 4.08375 0.0702254 0.0707728
1 11.908 4.08366 0.0728179 0.0742625
1 13.0183 4.08353 0.0606338 0.0695857
1 14.1265 4.0856 0.0391572 0.0542839
1 15.232 4.08992 0.0068277 0.0450818
1 16.3349 4.09501 -0.00460615 0.0395289
1 17.4368 4.09994 0.00715447 0.0382426
1 18.54 4.10399 0.015003 0.0386813
1 19.6434 4.10701 0.0156358 0.0340935
1 20.7446 4.10916 0.00998967 0.024645
1 21.8448 4.11022 0.0023533 0.0176671
1 22.9452 4.10992 -0.00488633 0.0201079
1 24.0456 4.10836 -0.0144048 0.0296378
1 25.148 4.10581 -0.0163264 0.0373462
1 26.2519 4.10225 -0.0111626 0.0388353
1 27.3546 4.09759 0.000118045 0.03792
1 28.4567 4.09219 0.0022567 0.0410925
1 29.5605 4.08708 -0.0289404 0.0489529
1 30.6668 4.08357 -0.0549265 0.0611547
1 31.7766 4.08266 -0.0559174 0.0727328
1 32.8886 4.08321 -0.0657173 0.0751867
1 34.0003 4.08389 -0.0743813 0.0748799
1 35.1123 4.0848 -0.0725148 0.074635
1 36.2246 4.0858 -0.0750253 0.0744576
1 37.3364 4.08693 -0.0763726 0.0753109
1 38.4485 4.0884 -0.0721711 0.0730742
1 39.5603 4.08987 -0.072905 0.0754847
1 40.6718 4.09206 -0.0701373 0.0767128
1 41.7836 4.0947 -0.0705106 0.0729911
1 42.8958 4.09696 -0.0709541 0.0775978
1 44.0164 4.09908 -0.073458 0.0759972
1 0.224453 5.06009 0.0729365 0.0756617
1 1.34504 5.0587 0.0729575 0.0755743
1 2.45744 5.05701 0.0706468 0.0763248
1 3.56916 5.05481 0.0724017 0.078149
1 4.68049 5.05272 0.0733604 0.0782673
1 5.79224 5.05105 0.0734298 0.0749584
1 6.90392 5.04978 0.0720091 0.0773273
1 8.01614 5.04832 0.0732821 0.0792935
1 9.12804 5.04722 0.0751295 0.0756038
1 10.24 5.04678 0.0734437 0.0749943
1 11.3514 5.04639 0.0703483 0.0763164
1 12.4627 5.04635 0.0545325 0.0722108
1 13.5727 5.04755 0.0474481 0.0627671
1 14.6785 5.05085 0.0283997 0.0522406
1 15.7814 5.0556 -0.000731684 0.0440172
1 16.8832 5.06063 -0.000817758 0.0410391
1 17.9857 5.06516 0.0141506 0.0414523
1 19.0894 5.0692 0.024547 0.0387111
1 20.1918 5.07276 0.0251893 0.0351077
1 21.2933 5.0752 0.0125696 0.0344648
1 22.3954 5.0758 -0.00362672 0.0347773
1 23.4974 5.0743 -0.0194548 0.0345598
1 24.5992 5.07122 -0.028539 0.0367709
1 25.7026 5.06736 -0.0211597 0.0407041
1 26.8059 5.06307 -0.0087685 0.0412755
1 27.9075 5.05809 0.00643562 0.040723
1 29.0099 5.05272 -0.00300861 0.0457854
1 30.1149 5.04826 -0.0395312 0.057479
1 31.2226 5.04607 -0.0637098 0.0700976
1 32.3326 5.04584 -0.0714605 0.0746651
1 33.4439 5.04615 -0.0689163 0.0748822
1 34.5559 5.0468 -0.0688998 0.0781183
1 35.6678 5.0479 -0.0707277 0.0779503
1 36.7801 5.04903 -0.0682947 0.0760571
1 37.892 5.05042 -0.0722656 0.0769131
1 39.0039 5.05195 -0.0682469 0.0765919
1 40.1156 5.05387 -0.0729223 0.0748455
1 41.2268 5.05568 -0.0713623 0.0776481
1 42.3386 5.05793 -0.0684506 0.0773411
1 43.4528 5.05982 -0.0680805 0.0745833
1 0.787608 6.02151 0.0691434 0.0756294
1 1.90196 6.02003 0.0697188 0.0754047
1 3.01406 6.01799 0.0696156 0.0766668
1 4.12541 6.01619 0.0715305 0.0740857
1 5.23698 6.01455 0.0699108 0.0757263
1 6.34848 6.01293 0.0700526 0.0778746
1 7.46071 6.01143 0.0697563 0.0772078
1 8.57256 6.01015 0.0745658 0.0769352
1 9.68439 6.00945 0.068594 0.0745329
1 10.7962 6.00915 0.0728091 0.0746893
1 11.9071 6.00897 0.0699742 0.0725491
1 13.0173 6.00963 0.0572525 0.0673631
1 14.1246 6.01202 0.0389689 0.0568051
1 15.2287 6.01627 0.00187908 0.0469189
1 16.3308 6.0212 -0.00781785 0.0411342
1 17.4319 6.02603 0.0131405 0.0386707
1 18.5344 6.03066 0.0255387 0.0376992
1 19.6374 6.03478 0.0265127 0.0398666
1 20.74 6.03766 0.0172527 0.0456157
1 21.8437 6.03891 0.00369443 0.0500367
1 22.9482 6.03852 -0.00921375 0.048703
1 24.0512 6.03652 -0.0241847 0.0429439
1 25.154 6.03297 -0.0271664 0.0381658
1 26.2573 6.02845 -0.0190567 0.0378462
1 27.3592 6.02365 -0.00313495 0.0399324
1 28.4602 6.01859 0.00346238 0.0427936
1 29.5627 6.01356 -0.0244839 0.0489444
1 30.6683 6.0098 -0.0475461 0.0613266
1 31.7779 6.00844 -0.0540089 0.0736278
1 32.8891 6.00872 -0.0687662 0.0756586
1 34.0003 6.00909 -0.0748298 0.0738757
1 35.1116 6.00963 -0.0745629 0.0759242
1 36.2234 6.01074 -0.0723082 0.0772526
1 37.3356 6.0122 -0.0719334 0.0779092
1 38.4476 6.01374 -0.0714213 0.075566
1 39.5593 6.01548 -0.0741138 0.0765075
1 40.6706 6.01728 -0.0764136 0.0744673
1 41.782 6.01925 -0.0747366 0.0732312
1 42.8943 6.02073 -0.0770408 0.0747654
1 44.015 6.02168 -0.0784473 0.0788073
1 0.225551 6.98422 0.0759248 0.0773364
1 1.3463 6.98284 0.0747267 0.0768241
1 2.45865 6.98139 0.0746376 0.0748474
1 3.57005 6.97992 0.0748693 0.075793
1 4.68152 6.97798 0.0726666 0.076228
1 5.79325 6.97643 0.072848 0.0742957
1 6.90502 6.97483 0.0703522 0.0784118
1 8.01711 6.9732 0.072673 0.0774216
1 9.12853 6.97251 0.0767093 0.0720782
1 10.2398 6.97237 0.0760293 0.073228
1 11.3509 6.97175 0.0662015 0.0756445
1 12.4625 6.97197 0.0491655 0.0685454
1 13.5718 6.97381 0.0473624 0.0607259
1 14.6765 6.97744 0.0234241 0.0499484
1 15.7783 6.98231 -0.00467818 0.0401521
1 16.8787 6.98743 0.00576612 0.035578
1 17.9799 6.99231 0.0193725 0.0370626
1 19.0833 6.99646 0.0186695 0.0427832
1 20.1868 6.99919 0.0138311 0.0500673
1 21.2908 7.0005 0.00512022 0.0558097
1 22.3963 7.00075 -0.00109983 0.057027
1 23.5013 7.00003 -0.00910064 0.0536284
1 24.6049 6.9981 -0.0194481 0.0470005
1 25.7088 6.99464 -0.0205899 0.0393508
1 26.8112 6.98995 -0.0142697 0.0350769
1 27.9114 6.9848 0.0042626 0.0372988
1 29.0124 6.97963 -0.000544444 0.0441001
1 30.116 6.97498 -0.0367298 0.0525056
1 31.223 6.97189 -0.0594136 0.0641187
1 32.3329 6.97112 -0.068321 0.0751617
1 33.4441 6.97169 -0.0668321 0.0761098
1 34.5559 6.97222 -0.0690313 0.0737677
1 35.6671 6.9728 -0.075397 0.0753035
1 36.7788 6.97392 -0.067413 0.0765462
1 37.8909 6.97556 -0.0697509 0.0773376
1 39.0027 6.9773 -0.0678047 0.0772811
1 40.1146 6.97923 -0.0717004 0.0742851
1 41.2259 6.9808 -0.0732029 0.0752793
1 42.3379 6.9823 -0.069696 0.077542
1 43.4521 6.98346 -0.0722201 0.0750348
1 0.789252 7.94555 0.0685434 0.0758439
1 1.90352 7.94446 0.0699206 0.0747409
1 3.01512 7.94315 0.07193 0.0746314
1 4.12633 7.94146 0.071554 0.0765043
1 5.23787 7.93979 0.069087 0.0777935
1 6.34958 7.93787 0.0680494 0.0802957
1 7.4619 7.93624 0.0689711 0.075692
1 8.57318 7.93561 0.0778164 0.0730323
1 9.68438 7.93514 0.0675116 0.076107
1 10.7965 7.93443 0.0654595 0.077416
1 11.9078 7.93414 0.0663013 0.07292
1 13.0174 7.93548 0.0604174 0.0657202
1 14.1235 7.93865 0.0374147 0.0536221
1 15.2264 7.94355 -0.000360525 0.042241
1 16.3267 7.9489 -0.0048416 0.0384659
1 17.4266 7.95368 0.0100086 0.0419359
1 18.5296 7.9575 0.0101506 0.0492991
1 19.6341 7.96007 0.00785404 0.056365
1 20.7382 7.96134 0.00482116 0.0606105
1 21.8434 7.96174 0.00103408 0.0623934
1 22.9493 7.9616 -0.00133157 0.0618633
1 24.0539 7.96085 -0.00756772 0.0590904
1 25.1581 7.95905 -0.00989562 0.0536239
1 26.2625 7.95583 -0.00942244 0.0451543
1 27.3641 7.95137 -0.00265835 0.038366
1 28.4635 7.9461 0.00186397 0.0394556
1 29.5642 7.94077 -0.0246193 0.0478125
1 30.6685 7.93646 -0.0461329 0.0575978
1 31.7775 7.93393 -0.0513088 0.0680626
1 32.8887 7.93354 -0.0661106 0.0772838
1 33.9999 7.93444 -0.0713466 0.0792242
1 35.1114 7.93518 -0.0750889 0.0748036
1 36.2224 7.93575 -0.0762692 0.0752628
1 37.3341 7.93708 -0.0703328 0.079575
1 38.4462 7.93894 -0.0699419 0.0777825
1 39.558 7.9405 -0.0696724 0.07647
1 40.6698 7.94236 -0.0695537 0.0785362
1 41.7817 7.94399 -0.0718584 0.0734817
1 42.8939 7.94514 -0.0740455 0.0759006
1 44.0143 7.94593 -0.0718546 0.0748484
1 0.227269 8.9079 0.0699266 0.0761247
1 1.34737 8.90765 0.0710703 0.0749069
1 2.45951 8.90679 0.0712451 0.0726838
1 3.57122 8.90526 0.0716604 0.0740813
1 4.68277 8.90339 0.0700108 0.0756682
1 5.79473 8.90145 0.069551 0.0771579
1 6.90647 8.89976 0.0741377 0.0748444
1 8.01769 8.89892 0.0771512 0.072457
1 9.12892 8.89837 0.0730987 0.0747434
1 10.2408 8.89739 0.0694723 0.076556
1 11.3522 8.89669 0.0658755 0.0752397
1 12.4631 8.89747 0.0524612 0.0654814
1 13.5714 8.90051 0.0480586 0.0527959
1 14.6748 8.90537 0.0227759 0.0427701
1 15.7751 8.91067 -0.00725565 0.0408082
1 16.8747 8.91516 -0.00645016 0.0448487
1 17.977 8.91859 -0.000525137 0.0507999
1 19.082 8.92097 0.00108495 0.0565265
1 20.1863 8.92228 0.00293047 0.0601535
1 21.2906 8.92282 0.000515045 0.0611934
1 22.3963 8.92291 0.000124623 0.060781
1 23.5016 8.9226 -0.000722879 0.0604697
1 24.6059 8.92175 -0.00459716 0.0592402
1 25.7109 8.91999 -0.00274331 0.0545324
1 26.8147 8.9171 0.00233171 0.0472041
1 27.9153 8.91302 0.0138303 0.0410324
1 29.0151 8.9079 0.000265739 0.0405131
1 30.117 8.90255 -0.0412323 0.046879
1 31.2225 8.89833 -0.061452 0.0581976
1 32.3318 8.89633 -0.0656695 0.0698977
1 33.4429 8.89635 -0.0625506 0.0766744
1 34.5552 8.89746 -0.0640289 0.0776835
1 35.6665 8.89853 -0.0755932 0.0748792
1 36.7777 8.89921 -0.0690571 0.0728248
1 37.8895 8.90045 -0.0677751 0.0772702
1 39.0015 8.90241 -0.0667984 0.0771266
1 40.1134 8.90411 -0.0702342 0.0744824
1 41.2248 8.90592 -0.0706336 0.0753217
1 42.3367 8.90729 -0.0693455 0.0742379
1 43.4509 8.90833 -0.0655204 0.0737352
1 0.789941 9.87083 0.0735191 0.0721351
1 1.90387 9.87015 0.0722001 0.0741629
1 3.01568 9.86854 0.0710529 0.0779352
1 4.12727 9.86678 0.0704577 0.0773806
1 5.23917 9.86489 0.0666926 0.079185
1 6.35092 9.86308 0.0689429 0.0773837
1 7.46269 9.86217 0.0691926 0.0745662
1 8.57403 9.86146 0.0740561 0.0777927
1 9.6858 9.86015 0.0625953 0.0827058
1 10.7983 9.85906 0.0638108 0.0795704
1 11.9091 9.85947 0.0693822 0.0690489
1 13.0175 9.8624 0.0636562 0.0555286
1 14.1223 9.86714 0.0364555 0.0487786
1 15.2243 9.87215 -0.00980618 0.0500753
1 16.3247 9.87631 -0.0246077 0.0535702
1 17.4259 9.87945 -0.0111442 0.0569719
1 18.5301 9.88171 -0.00284492 0.0611908
1 19.635 9.88312 0.000722797 0.064111
1 20.7387 9.88383 0.00080408 0.0646164
1 21.8434 9.8841 -0.000226962 0.0644905
1 22.949 9.88401 0.000729053 0.0642372
1 24.0533 9.88353 -0.00086793 0.0639335
1 25.1575 9.88251 0.000505855 0.0633046
1 26.2626 9.88075 0.00597009 0.0598828
1 27.3654 9.87807 0.0185764 0.0547605
1 28.4657 9.87432 0.0204751 0.0506072
1 29.5662 9.86955 -0.0191314 0.0489137
1 30.6692 9.86444 -0.0524968 0.0510803
1 31.7766 9.86033 -0.0575503 0.0607939
1 32.8868 9.8585 -0.0665487 0.0738146
1 33.998 9.85906 -0.0648452 0.0816093
1 35.1101 9.86048 -0.0672251 0.0802111
1 36.2215 9.86162 -0.0735609 0.0764022
1 37.3329 9.86242 -0.0731019 0.0768205
1 38.4445 9.86386 -0.0700222 0.0785824
1 39.5564 9.86567 -0.0693423 0.0793992
1 40.668 9.86755 -0.0698016 0.0794766
1 41.7797 9.86939 -0.069712 0.0757104
1 42.8914 9.8705 -0.0688594 0.0722911
1 44.0109 9.87205 -0.0668323 0.0734213
1 0.229301 10.8347 0.0722183 0.0674262
1 1.34849 10.8339 0.0741223 0.0695406
1 2.46069 10.8322 0.0705313 0.0751715
1 3.57256 10.8301 0.0719834 0.075416
1 4.68417 10.8281 0.0699652 0.0756623
1 5.79612 10.8263 0.0692401 0.0736613
1 6.90758 10.8253 0.072082 0.0706787
1 8.01889 10.8244 0.0715358 0.0750173
1 9.1309 10.8228 0.065236 0.0808781
1 10.2433 10.8212 0.0667479 0.0776447
1 11.3541 10.8216 0.0710892 0.0644645
1 12.4636 10.8244 0.0576256 0.0523135
1 13.5709 10.8288 0.0444774 0.0496624
1 14.6744 10.8333 0.00756962 0.0527963
1 15.7753 10.837 -0.0298723 0.0551119
1 16.8759 10.84 -0.0258572 0.056437
1 17.9789 10.8423 -0.00898513 0.0588158
1 19.0838 10.8438 -0.00142987 0.0608383
1 20.1876 10.8447 0.000695055 0.0614104
1 21.2912 10.8452 -0.00146684 0.0613761
1 22.3961 10.8453 -0.000157475 0.0611199
1 23.5007 10.845 0.00156509 0.0608185
1 24.6044 10.8443 -0.000612382 0.0608091
1 25.7091 10.8431 0.0024144 0.0602513
1 26.8131 10.8413 0.0142055 0.0583688
1 27.9144 10.8387 0.0350125 0.0557064
1 29.0152 10.8352 0.0221785 0.0529117
1 30.1177 10.8309 -0.0301247 0.0498512
1 31.2228 10.8262 -0.0642375 0.0505726
1 32.3307 10.8224 -0.0736513 0.058118
1 33.4405 10.8208 -0.0662535 0.0705552
1 34.5525 10.8216 -0.0603012 0.0792122
1 35.6645 10.8235 -0.069006 0.0784918
1 36.7762 10.8248 -0.0665961 0.0712801
1 37.8877 10.8256 -0.0678971 0.0718002
1 38.9995 10.8271 -0.0637291 0.0763069
1 40.1115 10.8291 -0.0655692 0.0739003
1 41.223 10.8309 -0.0686485 0.0732093
1 42.3348 10.833 -0.0682719 0.0732364
1 43.4486 10.8345 -0.0697397 0.0713936
1 0.790765 11.798 0.0659129 0.0743341
1 1.90526 11.7959 0.0636499 0.0788769
1 3.01754 11.7937 0.065381 0.0783638
1 4.12944 11.7916 0.0645475 0.079584
1 5.24148 11.7897 0.0653458 0.0765506
1 6.35277 11.7887 0.0694702 0.0735836
1 7.46462 11.7876 0.0633078 0.0797894
1 8.5769 11.7856 0.0667888 0.0853843
1 9.68896 11.7838 0.0628828 0.079361
1 10.8005 11.7841 0.0685805 0.0665466
1 11.9101 11.7866 0.0701777 0.0588563
1 13.0182 11.7904 0.0548891 0.057044
1 14.1238 11.7944 0.0194107 0.0588279
1 15.2267 11.798 -0.0300421 0.0608042
1 16.3276 11.8009 -0.0403598 0.0609736
1 17.4288 11.8032 -0.0164396 0.0619286
1 18.5325 11.8049 -0.00260331 0.0630106
1 19.6367 11.806 -0.000377892 0.0631927
1 20.7397 11.8067 -0.000829094 0.0631204
1 21.8437 11.807 -0.0010297 0.0632077
1 22.9484 11.8069 0.000836983 0.062941
1 24.0518 11.8064 0.000965822 0.0625516
1 25.1555 11.8055 0.00245795 0.0626671
1 26.26 11.8041 0.00872308 0.0626676
1 27.3626 11.8021 0.0279343 0.0621863
1 28.463 11.7995 0.0379006 0.0615553
1 29.5642 11.7963 0.000881506 0.0600149
1 30.6683 11.7923 -0.0382636 0.0566694
1 31.776 11.7882 -0.0540348 0.0556156
1 32.8852 11.7848 -0.0717687 0.0616452
1 33.9951 11.7834 -0.0684506 0.0741616
1 35.1069 11.7844 -0.0635406 0.0835317
1 36.2191 11.7866 -0.0663053 0.0821971
1 37.331 11.7882 -0.0704869 0.0754422
1 38.4425 11.7891 -0.069292 0.0725449
1 39.5543 11.7905 -0.0674556 0.0773483
1 40.6661 11.7927 -0.0710597 0.0789447
1 41.7778 11.7948 -0.0728324 0.0781962
1 42.8899 11.797 -0.0740669 0.0772599
1 44.0094 11.7981 -0.0787377 0.0718705
1 0.23061 12.7627 0.073688 0.0738862
1 1.35058 12.7596 0.0680828 0.0783504
1 2.46309 12.757 0.0665526 0.0791032
1 3.57518 12.7547 0.0656176 0.0808559
1 4.68692 12.7528 0.0668809 0.0761621
1 5.79844 12.7518 0.0671613 0.0754783
1 6.91015 12.7504 0.0646666 0.0835214
1 8.0225 12.748 0.0641521 0.0870992
1 9.13472 12.7462 0.0641499 0.0807404
1 10.2463 12.7462 0.0672437 0.0707219
1 11.3563 12.7483 0.0658231 0.0627962
1 12.466 12.7517 0.0458204 0.0614063
1 13.5742 12.7552 0.0292697 0.0633249
1 14.6785 12.7585 -0.00743486 0.0652174
1 15.7795 12.7615 -0.0409649 0.0658731
1 16.8797 12.7639 -0.0296602 0.0660218
1 17.9818 12.7657 -0.00823976 0.0667145
1 19.0858 12.767 -0.002112 0.0663041
1 20.189 12.7679 -0.000513485 0.0655246
1 21.2919 12.7684 -0.00137508 0.0660246
1 22.396 12.7685 -0.000567059 0.0664136
1 23.4997 12.7683 0.00122041 0.0656157
1 24.6026 12.7676 0.000749569 0.0653871
1 25.7067 12.7664 0.00353916 0.0661752
1 26.8099 12.7648 0.0163253 0.0665553
1 27.9105 12.7627 0.0421742 0.0665066
1 29.0109 12.76 0.0346971 0.0660749
1 30.114 12.7569 -0.0138933 0.0639758
1 31.2202 12.7533 -0.049203 0.062375
1 32.3287 12.7498 -0.0655972 0.0614899
1 33.4382 12.7469 -0.0664883 0.0649795
1 34.5492 12.7457 -0.0636221 0.0756117
1 35.6606 12.7468 -0.0652871 0.0860645
1 36.7732 12.7493 -0.0583825 0.0863981
1 37.8857 12.7513 -0.0651588 0.0779914
1 38.9971 12.7524 -0.0669137 0.0751953
1 40.1088 12.7538 -0.0652849 0.0783548
1 41.2205 12.756 -0.0658659 0.0790436
1 42.3327 12.7583 -0.0643548 0.0788621
1 43.4475 12.7608 -0.0646338 0.0754485
1 0.795366 13.7242 0.0558081 0.0782695
1 1.90987 13.7208 0.0594746 0.0755606
1 3.02172 13.7183 0.0634391 0.0743194
1 4.13311 13.7163 0.0649305 0.0714208
1 5.24454 13.715 0.0626294 0.072594
1 6.3563 13.7133 0.0594 0.0788884
1 7.46918 13.7108 0.053069 0.0820492
1 8.58178 13.7087 0.0622242 0.0767273
1 9.69321 13.7086 0.0600834 0.0664147
1 10.8044 13.7103 0.0616411 0.0597278
1 11.9142 13.7131 0.0603611 0.0587567
1 13.023 13.7162 0.0450113 0.0592232
1 14.1291 13.7194 0.0117739 0.0597208
1 15.2318 13.7223 -0.0351716 0.0614391
1 16.3319 13.7248 -0.0424733 0.0621461
1 17.4321 13.7268 -0.016258 0.0622192
1 18.5349 13.7282 -0.00355617 0.0612681
1 19.6384 13.7293 -0.00199139 0.0600436
1 20.7408 13.7301 -0.000442365 0.0601441
1 21.844 13.7304 -0.00050626 0.0609102
1 22.9478 13.7303 -7.56761e-05 0.0607368
1 24.0504 13.7298 0.000937275 0.060043
1 25.1534 13.7289 0.00391168 0.0603682
1 26.2571 13.7276 0.0101346 0.0613441
1 27.3588 13.7258 0.0300144 0.0620906
1 28.4583 13.7235 0.0414165 0.062533
1 29.559 13.7209 0.00645531 0.0617425
1 30.6632 13.7179 -0.0292331 0.0597447
1 31.7717 13.7147 -0.0428032 0.0578005
1 32.8816 13.7115 -0.0620436 0.0579466
1 33.9916 13.7091 -0.0639579 0.0625722
1 35.1026 13.7082 -0.0629057 0.0712539
1 36.2144 13.7093 -0.0615207 0.0810223
1 37.3271 13.7121 -0.0595738 0.0838783
1 38.4396 13.7145 -0.0623775 0.0762693
1 39.5513 13.7158 -0.0665297 0.0693031
1 40.6628 13.7173 -0.0652127 0.073175
1 41.775 13.7196 -0.064249 0.0743216
1 42.8876 13.7221 -0.0634049 0.0758352
1 44.0081 13.7253 -0.0659044 0.0760609
1 0.235369 14.6883 0.0564441 0.081055
1 1.35619 14.6846 0.0570404 0.0796694
1 2.46858 14.6819 0.0585914 0.0792438
1 3.58022 14.6796 0.0628917 0.0769845
1 4.69128 14.6781 0.0620113 0.0769953
1 5.80329 14.6761 0.0554261 0.0846916
1 6.91614 14.6731 0.0540121 0.0880513
1 8.02876 14.6709 0.0586443 0.0805914
1 9.14045 14.6706 0.0605767 0.0711133
1 10.2516 14.6719 0.0621648 0.0654194
1 11.3618 14.6744 0.0603574 0.0618684
1 12.4717 14.6774 0.0420176 0.061906
1 13.58 14.6803 0.0276784 0.0637491
1 14.6839 14.6831 -0.00755224 0.0659519
1 15.7842 14.6855 -0.0412588 0.0672207
1 16.8834 14.6876 -0.0302981 0.0665328
1 17.9846 14.6894 -0.00982378 0.0656373
1 19.0878 14.6907 -0.00466293 0.0642385
1 20.1903 14.6916 -0.00125443 0.0633855
1 21.2925 14.6922 -0.000396786 0.0639958
1 22.3958 14.6923 -0.00065754 0.0644775
1 23.4988 14.692 0.00076342 0.0639585
1 24.6009 14.6913 0.00212167 0.0639862
1 25.7041 14.6901 0.00530454 0.0650415
1 26.8065 14.6886 0.0176383 0.0659888
1 27.9062 14.6866 0.0434805 0.0666734
1 29.0058 14.6843 0.0353846 0.0666195
1 30.1083 14.6816 -0.013168 0.064875
1 31.2145 14.6787 -0.046422 0.0636689
1 32.3233 14.6758 -0.0601284 0.0626377
1 33.4331 14.6731 -0.0594344 0.0625293
1 34.544 14.6709 -0.0587152 0.0671048
1 35.655 14.6703 -0.0616155 0.0761056
1 36.7672 14.6717 -0.0509694 0.0852683
1 37.8804 14.6745 -0.0525552 0.0878168
1 38.9931 14.6773 -0.0555603 0.0826811
1 40.105 14.679 -0.0610819 0.0769212
1 41.2162 14.6807 -0.0621824 0.0784818
1 42.3279 14.6831 -0.0596966 0.0795359
1 43.442 14.6863 -0.0549958 0.0818957
1 0.802111 15.6482 0.0569827 0.0789466
1 1.91595 15.6452 0.0577865 0.0750082
1 3.02742 15.6426 0.0594947 0.0719684
1 4.13854 15.6408 0.0564916 0.0727581
1 5.25084 15.6382 0.0480946 0.0809725
1 6.36381 15.6349 0.0480293 0.0817284
1 7.47685 15.6325 0.0498108 0.0750627
1 8.58879 15.6318 0.062447 0.0657041
1 9.69958 15.633 0.0598451 0.0577315
1 10.8105 15.6353 0.0610382 0.0548066
1 11.9202 15.638 0.0609546 0.0559141
1 13.0289 15.6407 0.0463331 0.0577109
1 14.1346 15.6433 0.0139091 0.0590775
1 15.2367 15.6457 -0.0336862 0.0611037
1 16.336 15.6478 -0.0427502 0.0616434
1 17.4353 15.6497 -0.0179918 0.0608427
1 18.5373 15.6512 -0.00637667 0.0597627
1 19.6401 15.6524 -0.00428733 0.0585721
1 20.7417 15.6532 -0.000510028 0.0582429
1 21.8442 15.6535 -4.49517e-05 0.0586322
1 22.9473 15.6534 -0.000152092 0.058655
1 24.0492 15.6528 0.00208184 0.0587408
1 25.1513 15.6519 0.00622774 0.0597052
1 26.2542 15.6505 0.0120953 0.0605218
1 27.355 15.6488 0.0313986 0.0610686
1 28.4538 15.6467 0.0414844 0.0615104
1 29.5538 15.6444 0.00448524 0.0605012
1 30.6575 15.6419 -0.0316013 0.0583964
1 31.7657 15.6392 -0.0439238 0.0560422
1 32.8755 15.6365 -0.0614276 0.0551682
1 33.9854 15.634 -0.0619602 0.056837
1 35.0962 15.6322 -0.0606135 0.0604816
1 36.2074 15.6317 -0.0585061 0.0694852
1 37.3197 15.6333 -0.0520804 0.0801241
1 38.4329 15.6365 -0.0483707 0.0835419
1 39.5458 15.6396 -0.0552581 0.0774275
1 40.6573 15.6417 -0.0610514 0.0729071
1 41.7686 15.644 -0.0603819 0.0743425
1 42.8804 15.6467 -0.0557178 0.0743792
1 44.0007 15.6506 -0.0490708 0.0787217
1 0.243861 16.6122 0.0481612 0.0739737
1 1.36354 16.6088 0.057562 0.0664606
1 2.47519 16.606 0.0586525 0.0627563
1 3.58652 16.6035 0.0568251 0.0627326
1 4.6985 16.6003 0.0490136 0.0682808
1 5.81178 16.5965 0.0459539 0.0692743
1 6.92472 16.5936 0.053334 0.0611748
1 8.03644 16.5928 0.062401 0.0490349
1 9.14722 16.5938 0.0644222 0.0412602
1 10.2579 16.5958 0.0654648 0.0389018
1 11.3677 16.5982 0.0643256 0.0382071
1 12.4774 16.6007 0.046453 0.0396896
1 13.5853 16.6031 0.0321853 0.04191
1 14.6887 16.6054 -0.00400952 0.0435044
1 15.7884 16.6074 -0.0403369 0.0438888
1 16.887 16.6093 -0.0313765 0.0429088
1 17.9875 16.611 -0.0118777 0.0423477
1 19.09 16.6124 -0.00723591 0.0415368
1 20.1916 16.6134 -0.00276747 0.0404142
1 21.2931 16.6141 -0.000508259 0.0401424
1 22.3957 16.6142 -0.000266761 0.0403615
1 23.4979 16.6138 0.00185899 0.0405584
1 24.5992 16.6129 0.00435487 0.0414885
1 25.7016 16.6117 0.00708361 0.0426649
1 26.8032 16.6102 0.0185343 0.0430817
1 27.9022 16.6084 0.0435727 0.0433629
1 29.0012 16.6063 0.033631 0.0432013
1 30.1032 16.6041 -0.0169412 0.0420811
1 31.2089 16.6018 -0.0508409 0.0411352
1 32.3174 16.5993 -0.0644496 0.0396638
1 33.427 16.5969 -0.0632559 0.0378932
1 34.5375 16.5946 -0.062457 0.0394165
1 35.6478 16.593 -0.064945 0.0453282
1 36.7591 16.5929 -0.0522819 0.0542034
1 37.8716 16.5947 -0.0478128 0.0644255
1 38.9849 16.5982 -0.0417948 0.0704628
1 40.0981 16.602 -0.0472242 0.0653974
1 41.2097 16.6047 -0.0543064 0.0601217
1 42.3211 16.6073 -0.0537223 0.0636494
1 43.4348 16.6105 -0.0529166 0.0684649
1 0.80869 17.572 0.0491873 0.0570015
1 1.92251 17.5685 0.0502149 0.0541045
1 3.03412 17.5653 0.049485 0.0539502
1 4.14641 17.5613 0.0432606 0.0596011
1 5.25989 17.5567 0.0411102 0.0574021
1 6.37267 17.5533 0.0509174 0.0448008
1 7.48456 17.5522 0.0561052 0.0321398
1 8.59544 17.5528 0.0680038 0.0236411
1 9.70554 17.5544 0.0645758 0.0186332
1 10.8161 17.5565 0.0656709 0.0176228
1 11.9255 17.5587 0.0660412 0.0187131
1 13.0339 17.5608 0.0507957 0.0195489
1 14.1393 17.5629 0.0175301 0.0195665
1 15.241 17.565 -0.0318724 0.019687
1 16.3398 17.5668 -0.0427328 0.0190875
1 17.4386 17.5685 -0.0189469 0.0182626
1 18.54 17.5701 -0.00852009 0.0177908
1 19.6419 17.5713 -0.00702548 0.0168513
1 20.7427 17.5722 -0.00195139 0.0159681
1 21.8444 17.5727 -6.31877e-05 0.0157313
1 22.9467 17.5725 0.00102422 0.0159281
1 24.0478 17.5718 0.00475715 0.0167538
1 25.149 17.5707 0.0089444 0.0180205
1 26.2512 17.5693 0.0132611 0.0185784
1 27.3514 17.5676 0.0313664 0.0188794
1 28.4496 17.5658 0.0401919 0.019631
1 29.5492 17.5639 0.00137215 0.0198063
1 30.6525 17.5618 -0.0357201 0.0192173
1 31.7605 17.5597 -0.0484646 0.0180472
1 32.87 17.5574 -0.0662033 0.0174525
1 33.9796 17.5553 -0.0666349 0.0183576
1 35.0898 17.5533 -0.0660022 0.0197425
1 36.2001 17.5521 -0.0645757 0.0263067
1 37.3113 17.5523 -0.0568715 0.0386774
1 38.4237 17.5546 -0.0451719 0.0513034
1 39.5372 17.5588 -0.042896 0.0583879
1 40.6502 17.5633 -0.0485328 0.0566062
1 41.7621 17.567 -0.054901 0.0534384
1 42.8737 17.5704 -0.0548343 0.0559896
1 43.9929 17.574 -0.0496783 0.0583417
1 0.24869 18.5346 0.0464681 0.0375756
1 1.3687 18.5302 0.0501881 0.0392017
1 2.48089 18.5257 0.0465671 0.0401667
1 3.59371 18.5205 0.0408577 0.043844
1 4.70703 18.515 0.040926 0.0379935
1 5.8201 18.511 0.0481224 0.023745
1 6.9318 18.5091 0.0591758 0.00878991
1 8.04242 18.5092 0.066804 -0.00277889
1 9.15256 18.5104 0.0674406 -0.00823443
1 10.2629 18.5119 0.068058 -0.0102188
1 11.3726 18.5136 0.0670865 -0.0123169
1 12.4821 18.5154 0.0491425 -0.0138485
1 13.5899 18.5173 0.0347128 -0.0145936
1 14.693 18.5191 -0.0021261 -0.0152644
1 15.7924 18.5208 -0.0398334 -0.0165766
1 16.8906 18.5224 -0.031582 -0.0179681
1 17.9906 18.524 -0.0129723 -0.0182336
1 19.0923 18.5254 -0.00970134 -0.0185397
1 20.1932 18.5265 -0.0050253 -0.0196166
1 21.2937 18.5272 -0.00123939 -0.0201762
1 22.3954 18.5274 0.000288015 -0.0200728
1 23.4968 18.5269 0.0038185 -0.019648
1 24.5972 18.5259 0.00718581 -0.0186682
1 25.6988 18.5246 0.00872687 -0.0178195
1 26.7998 18.5231 0.0185541 -0.0176676
1 27.8984 18.5216 0.0429337 -0.0172289
1 28.997 18.5199 0.0322047 -0.0162933
1 30.0987 18.5181 -0.0192109 -0.0153045
1 31.2043 18.5162 -0.0534797 -0.0139239
1 32.3126 18.5144 -0.0674213 -0.0130227
1 33.422 18.5125 -0.0660624 -0.012842
1 34.5323 18.5108 -0.0656251 -0.0104397
1 35.6421 18.5094 -0.0692964 -0.00553955
1 36.7525 18.5088 -0.0581423 0.00177483
1 37.8638 18.5095 -0.0534804 0.0144584
1 38.9761 18.5124 -0.0410571 0.0317132
1 40.0898 18.5175 -0.0369126 0.0427831
1 41.2028 18.5232 -0.0417837 0.0427231
1 42.3151 18.5282 -0.0457569 0.0389038
1 43.4293 18.5329 -0.0458425 0.0386385
1 0.812127 19.4913 0.0412361 0.0225446
1 1.92685 19.4854 0.0403473 0.0263553
1 3.04009 19.4788 0.0369817 0.0305793
1 4.15366 19.4721 0.0372986 0.0243962
1 5.26684 19.4673 0.0432333 0.00969189
1 6.37843 19.4648 0.0553217 -0.00598106
1 7.48929 19.4642 0.0581425 -0.0158623
1 8.59968 19.4646 0.068088 -0.0215969
1 9.70958 19.4654 0.0640406 -0.0263072
1 10.8201 19.4666 0.0642398 -0.0296964
1 11.9296 19.4679 0.0646746 -0.0319755
1 13.038 19.4693 0.0499315 -0.0345771
1 14.1433 19.4708 0.0170479 -0.0377966
1 15.2449 19.4724 -0.0325675 -0.0402924
1 16.3435 19.4738 -0.0434969 -0.0422152
1 17.4419 19.4752 -0.0194083 -0.0431719
1 18.5427 19.4765 -0.00984884 -0.0432811
1 19.6439 19.4778 -0.00911835 -0.0437226
1 20.7439 19.4787 -0.0030321 -0.0442605
1 21.8446 19.4791 -1.45459e-05 -0.0444602
1 22.946 19.4789 0.00186322 -0.0444233
1 24.0461 19.4782 0.00675416 -0.0438778
1 25.1466 19.4771 0.011062 -0.0432275
1 26.2481 19.4757 0.0140425 -0.0430738
1 27.3479 19.4743 0.0314041 -0.0426292
1 28.4458 19.4729 0.0402187 -0.0409598
1 29.5451 19.4715 0.00165345 -0.0388406
1 30.6484 19.4699 -0.0347259 -0.0368694
1 31.7563 19.4684 -0.0476788 -0.0343729
1 32.8659 19.467 -0.0655167 -0.0311702
1 33.9755 19.4657 -0.0654013 -0.0275803
1 35.0857 19.4647 -0.0655099 -0.0251313
1 36.1956 19.464 -0.0657872 -0.0202662
1 37.306 19.464 -0.0608659 -0.0110827
1 38.4172 19.4655 -0.0499084 0.00150284
1 39.5297 19.4691 -0.0418981 0.0170599
1 40.6432 19.475 -0.0364257 0.0292992
1 41.7571 19.482 -0.0388995 0.0292505
1 42.8705 19.4882 -0.0413315 0.0233766
1 43.9926 19.4933 -0.0336753 0.0170554
1 0.244899 20.4482 0.021458 0.00365304
1 1.36997 20.4435 0.0338815 0.0228096
1 2.48508 20.4364 0.0338163 0.0351706
1 3.59943 20.429 0.0381803 0.0324314
1 4.71233 20.4236 0.0464581 0.019447
1 5.82414 20.4207 0.0536244 0.00725333
1 6.93491 20.4194 0.0608923 -0.000454528
1 8.04514 20.4192 0.0649363 -0.00573942
1 9.15529 20.4195 0.0635248 -0.00862467
1 10.2658 20.4199 0.0631421 -0.0112446
1 11.3756 20.4206 0.0618672 -0.0146521
1 12.4853 20.4216 0.0436477 -0.0183519
1 13.5932 20.4227 0.0292249 -0.0217035
1 14.6965 20.4239 -0.00633432 -0.0245729
1 15.7958 20.4251 -0.042644 -0.0273001
1 16.8938 20.4263 -0.0332541 -0.029183
1 17.9935 20.4274 -0.0143504 -0.0295643
1 19.0946 20.4286 -0.0115697 -0.0293193
1 20.1947 20.4296 -0.00622749 -0.0293683
1 21.2944 20.4302 -0.00134976 -0.0295333
1 22.3952 20.4303 0.00035737 -0.0295348
1 23.4956 20.4299 0.00453188 -0.0293922
1 24.5952 20.429 0.00893781 -0.0293304
1 25.6962 20.4279 0.0104119 -0.0294946
1 26.7967 20.4267 0.020156 -0.0294652
1 27.8951 20.4255 0.0453296 -0.0284079
1 28.9936 20.4242 0.0352673 -0.0260929
1 30.0952 20.423 -0.0153235 -0.0231809
1 31.2009 20.4218 -0.0485456 -0.0198763
1 32.3094 20.4208 -0.0618241 -0.0164737
1 33.419 20.42 -0.0604647 -0.0138465
1 34.5295 20.4193 -0.0608955 -0.0102651
1 35.6394 20.4189 -0.0657427 -0.00658323
1 36.7497 20.4189 -0.0574441 -0.00336505
1 37.8603 20.4195 -0.0571503 0.00246225
1 38.9715 20.4215 -0.0470062 0.0132757
1 40.0841 20.4256 -0.0391701 0.0265998
1 41.1978 20.4321 -0.0347246 0.0360199
1 42.3122 20.4397 -0.0351658 0.0319956
1 43.4282 20.4463 -0.0351834 0.017511
1 0.8114 21.3981 0.0287413 0.0133445
1 1.92917 21.3921 0.0310234 0.0341007
1 3.04419 21.3851 0.0385959 0.0365621
1 4.15734 21.3799 0.0473118 0.0273895
1 5.26924 21.3768 0.0525177 0.0185033
1 6.37993 21.3754 0.0596366 0.0129876
1 7.49051 21.3749 0.057848 0.010714
1 8.60102 21.3747 0.0647855 0.00926147
1 9.71119 21.3747 0.0591392 0.0069917
1 10.822 21.375 0.0582465 0.0042479
1 11.9318 21.3755 0.0582681 0.00167575
1 13.0405 21.3761 0.0433853 -0.0011501
1 14.146 21.3769 0.0108968 -0.00425244
1 15.2476 21.3778 -0.0374628 -0.00693269
1 16.3463 21.3787 -0.0470054 -0.00896598
1 17.4446 21.3797 -0.021418 -0.00980559
1 18.5451 21.3806 -0.0111326 -0.00937911
1 19.6457 21.3815 -0.00990548 -0.00859191
1 20.7449 21.3821 -0.00279706 -0.00818146
1 21.8448 21.3824 0.000208528 -0.0081708
1 22.9453 21.3822 0.00145192 -0.00833051
1 24.0446 21.3817 0.00692089 -0.00858147
1 25.1445 21.3809 0.0121951 -0.00920437
1 26.2455 21.3799 0.015701 -0.00993305
1 27.3451 21.379 0.034169 -0.0097658
1 28.443 21.378 0.0443671 -0.00809053
1 29.5424 21.3771 0.00713214 -0.00559281
1 30.6458 21.3762 -0.0281125 -0.00314533
1 31.754 21.3754 -0.0411357 -1.36962e-05
1 32.8638 21.3748 -0.0593111 0.00353772
1 33.9737 21.3745 -0.0598504 0.0065476
1 35.0842 21.3743 -0.0610543 0.00814648
1 36.1944 21.3743 -0.0633786 0.00977888
1 37.3047 21.3747 -0.0625283 0.0124676
1 38.4154 21.3756 -0.0568814 0.0156194
1 39.5267 21.3777 -0.0531933 0.022342
1 40.6391 21.3817 -0.045282 0.0329707
1 41.7534 21.3881 -0.0369874 0.0389091
1 42.8701 21.3949 -0.0277999 0.0266264
1 43.9994 21.3987 -0.0126086 0.00162694
1 0.236992 22.3465 0.0136248 0.00252843
1 1.37004 22.3444 0.02506 0.0199581
1 2.48803 22.3395 0.0400599 0.0270135
1 3.60205 22.3353 0.0525754 0.0214365
1 4.71367 22.3329 0.059431 0.0149492
1 5.82459 22.3317 0.0611834 0.0119175
1 6.93511 22.3311 0.0637056 0.0106169
1 8.04546 22.3308 0.0648877 0.00957543
1 9.1559 22.3307 0.0615748 0.0088844
1 10.2667 22.3307 0.0600267 0.00762284
1 11.3769 22.3308 0.058132 0.0056351
1 12.4869 22.3311 0.0393404 0.00295966
1 13.5951 22.3315 0.0242017 0.000519456
1 14.6985 22.332 -0.0109271 -0.00136495
1 15.798 22.3326 -0.0461885 -0.00318359
1 16.896 22.3332 -0.0357093 -0.00445698
1 17.9955 22.3338 -0.015637 -0.0045034
1 19.0963 22.3344 -0.0120236 -0.0036943
1 20.1959 22.3349 -0.00588495 -0.0029804
1 21.2949 22.3352 -0.000815331 -0.0028201
1 22.3949 22.3352 1.90591e-05 -0.00282574
1 23.4946 22.335 0.00381231 -0.00305959
1 24.5937 22.3345 0.00886267 -0.00368696
1 25.6942 22.3339 0.0112028 -0.00458031
1 26.7945 22.3333 0.0220842 -0.0051219
1 27.8928 22.3326 0.0487225 -0.00450341
1 28.9914 22.332 0.0394632 -0.00258956
1 30.0932 22.3314 -0.0106335 -0.000164776
1 31.1991 22.3309 -0.0438686 0.00214429
1 32.3079 22.3306 -0.0573106 0.00450168
1 33.4179 22.3303 -0.0567006 0.00628827
1 34.5287 22.3302 -0.0584811 0.0084287
1 35.6389 22.3303 -0.0644984 0.0100154
1 36.7494 22.3305 -0.0585264 0.0104978
1 37.86 22.3309 -0.0620398 0.0112308
1 38.9706 22.3317 -0.057158 0.0136399
1 40.0821 22.3335 -0.0533184 0.0183587
1 41.1945 22.3367 -0.0442807 0.0248715
1 42.3095 22.3415 -0.0281914 0.0251947
1 43.429 22.3456 -0.014691 0.0090395
1 0.811085 23.2918 0.0031564 0.00308559
1 1.93161 23.2903 0.0258864 0.00898615
1 3.0465 23.2886 0.0495528 0.00828784
1 4.1584 23.2875 0.05998 0.00571158
1 5.2694 23.2869 0.0607117 0.00414962
1 6.3798 23.2865 0.0637865 0.00378558
1 7.49042 23.2864 0.059537 0.00347406
1 8.60113 23.2863 0.0649821 0.00301941
1 9.71153 23.2862 0.0583032 0.00249417
1 10.8226 23.2863 0.0565515 0.00187153
1 11.9327 23.2863 0.0558473 0.000995369
1 13.0416 23.2864 0.0406806 -3.30358e-05
1 14.1473 23.2866 0.00823489 -0.000851691
1 15.249 23.2868 -0.0400482 -0.0014759
1 16.3477 23.287 -0.0495406 -0.00215116
1 17.4461 23.2871 -0.0233324 -0.00246057
1 18.5463 23.2873 -0.0123141 -0.00227553
1 19.6466 23.2875 -0.0104866 -0.00191521
1 20.7455 23.2876 -0.00279804 -0.0017219
1 21.8449 23.2877 0.00010809 -0.00180832
1 22.9448 23.2876 0.00112934 -0.00200479
1 24.0438 23.2875 0.00698038 -0.00221767
1 25.1433 23.2873 0.012946 -0.00263677
1 26.2441 23.287 0.0170001 -0.00294785
1 27.3435 23.2868 0.03633 -0.00293498
1 28.4415 23.2865 0.0473033 -0.00232729
1 29.5409 23.2863 0.0104692 -0.00122321
1 30.6446 23.2861 -0.0249601 -0.000217012
1 31.753 23.286 -0.0386996 0.000787529
1 32.8631 23.2859 -0.0572372 0.00177695
1 33.9732 23.2859 -0.058578 0.00261556
1 35.0839 23.2859 -0.0607629 0.00304686
1 36.1944 23.2859 -0.0642546 0.00338286
1 37.3049 23.286 -0.0652879 0.00375419
1 38.4154 23.2862 -0.0627408 0.00384315
1 39.5262 23.2866 -0.0634439 0.00473795
1 40.6376 23.2874 -0.0582979 0.0067335
1 41.7513 23.2887 -0.0448479 0.00898706
1 42.8699 23.2903 -0.0222456 0.00786677
1 44.0055 23.2909 -0.0133624 0.0029712
1 0.23459 24.2362 0.0141386 -0.00157804
1 1.37018 24.2367 0.0227301 -0.00728246
1 2.48877 24.2385 0.0436183 -0.00898183
1 3.60249 24.2399 0.0577648 -0.00602108
1 4.71374 24.2406 0.063404 -0.00395017
1 5.8245 24.241 0.0633503 -0.00322538
1 6.935 24.2412 0.06465 -0.00307312
1 8.04542 24.2413 0.0650301 -0.00269273
1 9.15596 24.2414 0.0613276 -0.00238824
1 10.2669 24.2414 0.0596396 -0.00210468
1 11.3772 24.2413 0.0573946 -0.00125036
1 12.4872 24.2413 0.03836 -0.000177495
1 13.5955 24.2411 0.0233251 0.000917781
1 14.699 24.2409 -0.0116735 0.00190267
1 15.7985 24.2407 -0.0470723 0.00286855
1 16.8965 24.2405 -0.0366972 0.0035169
1 17.996 24.2403 -0.016454 0.00358637
1 19.0967 24.24 -0.0126528 0.00318386
1 20.1961 24.2398 -0.0062969 0.00285123
1 21.295 24.2397 -0.00101609 0.00266427
1 22.3948 24.2396 -0.000191001 0.00241863
1 23.4943 24.2396 0.00376593 0.002376
1 24.5933 24.2398 0.00920356 0.00250143
1 25.6937 24.24 0.0118327 0.00276789
1 26.7939 24.2401 0.0229375 0.00309905
1 27.8922 24.2403 0.0499057 0.00286415
1 28.9909 24.2405 0.0408924 0.00216141
1 30.0928 24.2407 -0.0091873 0.00142378
1 31.1987 24.2408 -0.0428472 0.000444545
1 32.3076 24.2409 -0.0567284 -0.000351312
1 33.4177 24.241 -0.0562487 -0.00110124
1 34.5286 24.241 -0.0582218 -0.00196681
1 35.6388 24.2409 -0.0646789 -0.00248396
1 36.7494 24.2408 -0.059224 -0.00273977
1 37.8601 24.2407 -0.0635443 -0.00294893
1 38.9706 24.2403 -0.0604269 -0.00340574
1 40.0817 24.2397 -0.0585866 -0.0048768
1 41.1936 24.2386 -0.0492333 -0.00745768
1 42.3085 24.2368 -0.0268096 -0.00851592
1 43.4289 24.2353 -0.00358761 -0.00206435
1 0.811165 25.1816 0.0151791 -0.00905916
1 1.93055 25.1858 0.0280469 -0.0260802
1 3.04561 25.1906 0.0445957 -0.0258508
1 4.15804 25.1938 0.0547699 -0.0192221
1 5.26936 25.1955 0.057517 -0.0146664
1 6.37984 25.1964 0.0621559 -0.0123289
1 7.49044 25.1968 0.0585876 -0.0115128
1 8.60109 25.197 0.0646373 -0.0110176
1 9.71141 25.1971 0.0583393 -0.00943211
1 10.8224 25.197 0.0571431 -0.00748233
1 11.9324 25.1967 0.056797 -0.0056055
1 13.0412 25.1964 0.041873 -0.0030881
1 14.1468 25.1959 0.00949018 -0.000747251
1 15.2485 25.1953 -0.0387875 0.00148406
1 16.3472 25.1947 -0.0482843 0.00325906
1 17.4455 25.1941 -0.0222935 0.00399218
1 18.5458 25.1935 -0.011532 0.00356456
1 19.6462 25.1929 -0.0100246 0.00260095
1 20.7452 25.1924 -0.00284888 0.00200076
1 21.8448 25.1922 -0.000155707 0.00176783
1 22.9449 25.1922 0.00080505 0.00175333
1 24.044 25.1925 0.0064791 0.0019334
1 25.1436 25.193 0.0122796 0.00258051
1 26.2445 25.1936 0.0163012 0.00341634
1 27.344 25.1941 0.035409 0.00349332
1 28.442 25.1947 0.0462178 0.00224323
1 29.5414 25.1953 0.00944855 0.000294747
1 30.645 25.1958 -0.0258649 -0.00181146
1 31.7533 25.1962 -0.0394509 -0.00420941
1 32.8633 25.1965 -0.0579313 -0.00665156
1 33.9734 25.1966 -0.0590202 -0.00859901
1 35.084 25.1966 -0.0608173 -0.00995262
1 36.1943 25.1965 -0.06385 -0.0106737
1 37.3048 25.1962 -0.0640417 -0.0116773
1 38.4153 25.1956 -0.0602946 -0.0126859
1 39.5263 25.1944 -0.0593004 -0.0159697
1 40.6381 25.1919 -0.0529742 -0.0221596
1 41.752 25.1877 -0.0412904 -0.0274423
1 42.8698 25.1828 -0.0247456 -0.0205776
1 44.0027 25.1808 -0.0115223 -0.00249909
1 0.240815 26.1287 0.0124913 -0.00193082
1 1.36997 26.1325 0.0283272 -0.0267023
1 2.4867 26.1393 0.0356109 -0.0384207
1 3.60104 26.1457 0.045026 -0.0324932
1 4.71327 26.1497 0.0532052 -0.0219116
1 5.82454 26.1518 0.0575674 -0.0153288
1 6.93512 26.1527 0.0620806 -0.0120312
1 8.0454 26.1531 0.0643657 -0.00928928
1 9.15571 26.1531 0.0619108 -0.00761906
1 10.2664 26.1529 0.0609101 -0.00589882
1 11.3764 26.1526 0.0593992 -0.00295789
1 12.4862 26.152 0.0410227 0.000572224
1 13.5943 26.1512 0.0263271 0.00376879
1 14.6976 26.1504 -0.00874923 0.00623749
1 15.797 26.1494 -0.0442528 0.0087009
1 16.895 26.1485 -0.0343265 0.0103038
1 17.9945 26.1475 -0.0148781 0.0105187
1 19.0955 26.1466 -0.0118306 0.00975125
1 20.1953 26.1457 -0.00632144 0.00914177
1 21.2946 26.1452 -0.00151024 0.00891355
1 22.3949 26.1451 -0.000337459 0.00878022
1 23.4949 26.1453 0.00365754 0.00878093
1 24.5942 26.146 0.00865909 0.00921041
1 25.695 26.1469 0.0107114 0.00995828
1 26.7953 26.1478 0.0213021 0.010401
1 27.8937 26.1487 0.0474881 0.00964069
1 28.9923 26.1496 0.0379698 0.00750665
1 30.0941 26.1505 -0.0122261 0.00476774
1 31.1998 26.1513 -0.0453956 0.00154311
1 32.3085 26.1519 -0.0587754 -0.00132184
1 33.4183 26.1524 -0.057806 -0.00364864
1 34.5289 26.1527 -0.0589396 -0.00635666
1 35.639 26.1527 -0.0645709 -0.00870921
1 36.7494 26.1525 -0.0576117 -0.0102458
1 37.86 26.152 -0.0593703 -0.0125727
1 38.9708 26.1505 -0.051939 -0.0181149
1 40.0828 26.1475 -0.0456164 -0.0268812
1 41.1959 26.1422 -0.0380278 -0.0360917
1 42.3108 26.1352 -0.0314538 -0.0340568
1 43.4284 26.1292 -0.0289385 -0.0139038
1 0.811837 27.0813 0.0361232 -0.0186132
1 1.92793 27.0878 0.034976 -0.03188
1 3.04231 27.0953 0.0354191 -0.0360272
1 4.15592 27.1018 0.0407226 -0.0266257
1 5.26848 27.1059 0.0471889 -0.0133556
1 6.37954 27.1079 0.057141 -0.00252323
1 7.49018 27.1085 0.057674 0.00321424
1 8.60058 27.1085 0.0660747 0.0064239
1 9.71058 27.1081 0.0610544 0.0101874
1 10.8213 27.1074 0.0608644 0.013779
1 11.9309 27.1066 0.0613535 0.0165311
1 13.0394 27.1056 0.0467282 0.0198974
1 14.1448 27.1044 0.0141459 0.0232595
1 15.2463 27.1032 -0.0347357 0.0262644
1 16.3449 27.1019 -0.0448871 0.0284975
1 17.4433 27.1008 -0.0202317 0.0295354
1 18.5438 27.0996 -0.0106725 0.0295311
1 19.6447 27.0984 -0.0100169 0.0294088
1 20.7442 27.0976 -0.00353588 0.0294062
1 21.8445 27.0972 -0.000493581 0.0295037
1 22.9454 27.0973 0.00128593 0.0295884
1 24.0452 27.0978 0.00676033 0.0293939
1 25.1453 27.0988 0.0117702 0.0294331
1 26.2466 27.1 0.0150859 0.0296284
1 27.3462 27.1012 0.0329876 0.0291071
1 28.4442 27.1023 0.0425073 0.0271054
1 29.5435 27.1036 0.00468433 0.0245192
1 30.6469 27.1048 -0.0310199 0.0218351
1 31.7549 27.1059 -0.0438812 0.0185145
1 32.8646 27.1068 -0.0618316 0.0145402
1 33.9743 27.1075 -0.0619767 0.0110279
1 35.0846 27.108 -0.0625113 0.0087131
1 36.1947 27.1082 -0.063818 0.00571231
1 37.305 27.108 -0.0612015 0.000309343
1 38.4158 27.1067 -0.0529028 -0.00733239
1 39.5277 27.1038 -0.0464791 -0.0193421
1 40.6407 27.0984 -0.0384947 -0.0324096
1 41.755 27.0911 -0.0353624 -0.0354438
1 42.8699 27.084 -0.0339864 -0.0230689
1 43.9947 27.079 -0.0211977 -0.00446222
1 0.24751 28.0344 0.03592 -0.0189634
1 1.36952 28.0394 0.0422747 -0.0244104
1 2.48305 28.0455 0.0380038 -0.0299852
1 3.5969 28.0525 0.0365064 -0.029954
1 4.71023 28.0584 0.0421501 -0.0177175
1 5.82266 28.062 0.0507976 -0.00202575
1 6.93379 28.0634 0.0605692 0.0104104
1 8.04411 28.0635 0.0666147 0.0195323
1 9.15418 28.0627 0.0664104 0.0243331
1 10.2646 28.0617 0.0666681 0.0269935
1 11.3743 28.0605 0.0656412 0.0306078
1 12.4838 28.0591 0.0475022 0.0338168
1 13.5917 28.0575 0.033037 0.0363592
1 14.6948 28.056 -0.00313641 0.0384191
1 15.7941 28.0545 -0.0401723 0.0407142
1 16.8922 28.0531 -0.0316236 0.0423859
1 17.9919 28.0517 -0.0132857 0.0427627
1 19.0933 28.0504 -0.0107418 0.0428729
1 20.1938 28.0492 -0.00607134 0.0436179
1 21.2939 28.0485 -0.00186059 0.0441129
1 22.3951 28.0483 -0.000122725 0.0441295
1 23.4959 28.0487 0.00387185 0.0439396
1 24.596 28.0497 0.00794724 0.0434033
1 25.6973 28.0509 0.00942341 0.0429792
1 26.798 28.0523 0.0191137 0.0428253
1 27.8965 28.0537 0.0437662 0.0417535
1 28.9951 28.0551 0.0331063 0.0396533
1 30.0967 28.0566 -0.0181328 0.037337
1 31.2023 28.0581 -0.0518887 0.0342681
1 32.3107 28.0595 -0.0654739 0.0315004
1 33.4202 28.0609 -0.0640463 0.0290993
1 34.5305 28.062 -0.0637366 0.0255586
1 35.6403 28.0629 -0.0677839 0.0208643
1 36.7506 28.0632 -0.057862 0.0150667
1 37.8615 28.0626 -0.0551877 0.00516581
1 38.9732 28.0602 -0.0432002 -0.0103153
1 40.0865 28.0553 -0.0362088 -0.0250277
1 41.2 28.0487 -0.0368325 -0.0312526
1 42.3133 28.0422 -0.0411296 -0.0272624
1 43.428 28.0363 -0.0413481 -0.0237182
1 0.810814 28.9948 0.0458641 -0.0395196
1 1.92492 28.9995 0.045602 -0.0390752
1 3.03721 29.0044 0.0422888 -0.0427049
1 4.1503 29.0101 0.0385896 -0.0427598
1 5.26381 29.0152 0.0416412 -0.0315875
1 6.37599 29.018 0.0538403 -0.0144505
1 7.48727 29.0187 0.0581804 -0.00176628
1 8.59782 29.0181 0.0693372 0.00557189
1 9.70774 29.0167 0.0657801 0.0105217
1 10.8182 29.015 0.0665025 0.0128072
1 11.9276 29.0131 0.0667374 0.0131647
1 13.036 29.0113 0.0516328 0.0141141
1 14.1413 29.0094 0.0182934 0.0154045
1 15.2429 29.0076 -0.0314432 0.0164923
1 16.3416 29.0059 -0.0426084 0.0173992
1 17.4402 29.0043 -0.0188642 0.0179692
1 18.5412 29.0029 -0.00907396 0.0181697
1 19.6427 29.0016 -0.00826298 0.0189977
1 20.743 29.0006 -0.00285027 0.0199
1 21.8442 29.0001 -0.000406352 0.0203434
1 22.9461 29.0003 0.00117648 0.0203414
1 24.0467 29.001 0.00565388 0.0197541
1 25.1476 29.0021 0.00997793 0.0188201
1 26.2494 29.0035 0.0135302 0.0185129
1 27.3494 29.0051 0.0310966 0.0180857
1 28.4475 29.0067 0.0396832 0.0166572
1 29.547 29.0084 0.000760465 0.0154571
1 30.6503 29.0102 -0.0361229 0.0147368
1 31.7581 29.0121 -0.0491611 0.0140848
1 32.8677 29.0139 -0.0671755 0.0125916
1 33.9772 29.0156 -0.0673103 0.010437
1 35.0874 29.0172 -0.0669071 0.00844645
1 36.1974 29.0183 -0.0662631 0.0027638
1 37.3081 29.0184 -0.059645 -0.00889803
1 38.4199 29.0166 -0.0474349 -0.023911
1 39.533 29.0126 -0.0411092 -0.0379598
1 40.6465 29.0071 -0.0416708 -0.0438359
1 41.7593 29.0018 -0.0485092 -0.040137
1 42.8715 28.9974 -0.0506093 -0.0395153
1 43.9914 28.9931 -0.0473145 -0.0390328
1 0.246823 29.9536 0.0510219 -0.0588803
1 1.36621 29.9573 0.0554541 -0.0569634
1 2.47791 29.9607 0.0536919 -0.0544299
1 3.58984 29.9644 0.0484262 -0.0580683
1 4.70269 29.9689 0.0432534 -0.0598119
1 5.81612 29.973 0.046092 -0.0526398
1 6.92849 29.9753 0.0565115 -0.040134
1 8.03961 29.9755 0.0653479 -0.0277292
1 9.15 29.9742 0.0668389 -0.0213954
1 10.2604 29.9723 0.0676793 -0.0201158
1 11.3701 29.9702 0.0664027 -0.0191551
1 12.4797 29.9679 0.0483741 -0.0196613
1 13.5875 29.9657 0.0339281 -0.0208374
1 14.6908 29.9636 -0.00285557 -0.0216643
1 15.7903 29.9617 -0.0401554 -0.0214372
1 16.8887 29.9599 -0.0316743 -0.020628
1 17.9889 29.9583 -0.0125953 -0.0204066
1 19.0909 29.9569 -0.00868138 -0.0198111
1 20.1921 29.9558 -0.00410378 -0.0184712
1 21.2931 29.9551 -0.00106201 -0.0177119
1 22.3953 29.9549 -0.000122839 -0.0176117
1 23.4971 29.9553 0.00281072 -0.0177667
1 24.598 29.9563 0.00590821 -0.018682
1 25.7001 29.9575 0.00807304 -0.0197439
1 26.8014 29.959 0.0185564 -0.0201399
1 27.9002 29.9608 0.0430293 -0.0208104
1 28.999 29.9626 0.0326226 -0.0213946
1 30.1008 29.9646 -0.0184303 -0.0211969
1 31.2064 29.9667 -0.0526417 -0.0212462
1 32.3148 29.9689 -0.0665129 -0.0203547
1 33.4243 29.971 -0.0652512 -0.0190972
1 34.5346 29.9732 -0.0646909 -0.0201305
1 35.6446 29.9748 -0.0680601 -0.0250334
1 36.7554 29.9754 -0.0561541 -0.0336322
1 37.8673 29.9742 -0.0508873 -0.0462307
1 38.9802 29.9709 -0.0409101 -0.0589873
1 40.0938 29.9663 -0.0420435 -0.0611255
1 41.2061 29.9623 -0.0495517 -0.0554079
1 42.3177 29.9591 -0.0508592 -0.0551397
1 43.4316 29.9557 -0.0497956 -0.0575082
1 0.805058 30.9173 0.0531051 -0.0681194
1 1.91884 30.9205 0.0534431 -0.0639798
1 3.03027 30.9231 0.0547567 -0.0610052
1 4.14192 30.9258 0.0489311 -0.0663615
1 5.25502 30.9295 0.0423103 -0.0712437
1 6.36816 30.9331 0.0480761 -0.0653083
1 7.48072 30.9349 0.0525889 -0.0550614
1 8.59211 30.9347 0.0653189 -0.0464926
1 9.70252 30.9332 0.0624509 -0.0406101
1 10.8132 30.9309 0.0635485 -0.0390183
1 11.9228 30.9284 0.0636214 -0.0406592
1 13.0313 30.9259 0.0487142 -0.0421394
1 14.1368 30.9236 0.0158082 -0.043309
1 15.2387 30.9213 -0.0329801 -0.0444708
1 16.3377 30.9193 -0.0432085 -0.0447226
1 17.4368 30.9175 -0.0188885 -0.0442748
1 18.5384 30.916 -0.00758598 -0.0437445
1 19.6407 30.9148 -0.00553449 -0.0426618
1 20.7419 30.9139 -0.00100381 -0.041712
1 21.844 30.9135 7.84858e-05 -0.0414155
1 22.9468 30.9137 0.0004364 -0.041248
1 24.0483 30.9143 0.00339468 -0.0416327
1 25.15 30.9153 0.0076035 -0.0427506
1 26.2525 30.9167 0.0126178 -0.0435498
1 27.3531 30.9184 0.031089 -0.0441861
1 28.4515 30.9203 0.0404455 -0.0450078
1 29.5513 30.9224 0.00263341 -0.0445674
1 30.6548 30.9246 -0.033889 -0.0430551
1 31.7628 30.927 -0.04635 -0.0407292
1 32.8725 30.9295 -0.063813 -0.0393488
1 33.9822 30.9319 -0.064373 -0.0400321
1 35.0927 30.9339 -0.0635879 -0.0425391
1 36.2034 30.9349 -0.0615511 -0.0500951
1 37.3152 30.9341 -0.0538571 -0.0619666
1 38.4282 30.9312 -0.045467 -0.0701054
1 39.5415 30.9274 -0.0490106 -0.0691592
1 40.6537 30.9243 -0.0571517 -0.0636594
1 41.765 30.9218 -0.0600706 -0.0636823
1 42.8766 30.9188 -0.0570475 -0.0667121
1 43.9963 30.9156 -0.0476485 -0.0732775
1 0.239039 31.8771 0.0489694 -0.0772983
1 1.35936 31.881 0.0558579 -0.0729042
1 2.47134 31.8838 0.0588218 -0.073324
1 3.58268 31.886 0.0606005 -0.0718047
1 4.69409 31.8882 0.0553473 -0.0764444
1 5.80693 31.8913 0.0491941 -0.0824388
1 6.92007 31.8944 0.0519798 -0.0792396
1 8.03237 31.896 0.0596555 -0.0686357
1 9.14364 31.8955 0.0616026 -0.0596694
1 10.2546 31.8937 0.0629198 -0.0561495
1 11.3646 31.8912 0.0617553 -0.0542301
1 12.4745 31.8885 0.0438136 -0.0552508
1 13.5826 31.8858 0.0296594 -0.0576269
1 14.6862 31.8833 -0.00610564 -0.0598157
1 15.7862 31.881 -0.0413651 -0.0608526
1 16.885 31.8789 -0.0316017 -0.0603234
1 17.9859 31.8772 -0.011448 -0.0598974
1 19.0887 31.8758 -0.00603467 -0.0590335
1 20.1907 31.8749 -0.00156297 -0.0580231
1 21.2925 31.8743 0.000125629 -0.0579365
1 22.3955 31.8742 -0.000119413 -0.0579489
1 23.4981 31.8746 0.00140604 -0.0575039
1 24.5999 31.8754 0.00319918 -0.0579346
1 25.7027 31.8765 0.0060187 -0.0592388
1 26.8047 31.8781 0.017725 -0.0601454
1 27.904 31.8799 0.0431193 -0.0607426
1 29.0033 31.882 0.0343149 -0.0603813
1 30.1055 31.8844 -0.0149321 -0.0583697
1 31.2114 31.887 -0.0481742 -0.0568657
1 32.3201 31.8897 -0.0615111 -0.0549828
1 33.4298 31.8924 -0.060561 -0.0541425
1 34.5406 31.8947 -0.0598672 -0.0572666
1 35.6512 31.8959 -0.0623559 -0.0650095
1 36.763 31.8952 -0.0498634 -0.0743486
1 37.8761 31.8927 -0.0480697 -0.0806841
1 38.9892 31.8895 -0.0478808 -0.0797718
1 40.1016 31.8869 -0.0549201 -0.071673
1 41.2127 31.8851 -0.0590641 -0.070841
1 42.3242 31.8825 -0.0578559 -0.0740779
1 43.4379 31.8793 -0.0562058 -0.0780273
1 0.797884 32.8414 0.0551853 -0.0812021
1 1.91205 32.8445 0.0594133 -0.0790944
1 3.02376 32.8469 0.0622326 -0.0779806
1 4.13501 32.8486 0.062489 -0.0763618
1 5.24685 32.8504 0.0559556 -0.0822036
1 6.35937 32.8531 0.0528973 -0.0869357
1 7.47256 32.8559 0.0509427 -0.0845429
1 8.58488 32.8573 0.0617546 -0.0757589
1 9.696 32.8567 0.0588842 -0.066479
1 10.8071 32.8545 0.0597892 -0.0618301
1 11.917 32.8517 0.0592861 -0.0623586
1 13.0258 32.8488 0.0446165 -0.0634831
1 14.1317 32.846 0.0123085 -0.0645519
1 15.2341 32.8433 -0.0347059 -0.0662533
1 16.3337 32.841 -0.0430405 -0.0665556
1 17.4335 32.839 -0.0178323 -0.0658303
1 18.5359 32.8375 -0.00560853 -0.0647701
1 19.639 32.8364 -0.00319019 -0.0638015
1 20.741 32.8356 0.000182078 -0.0638754
1 21.8439 32.8353 0.00052355 -0.0643088
1 22.9473 32.8355 0.000395409 -0.0638662
1 24.0496 32.836 0.00166072 -0.063271
1 25.1521 32.8369 0.00476523 -0.0640483
1 26.2555 32.8383 0.0103891 -0.0654036
1 27.3567 32.84 0.0300079 -0.0664305
1 28.4558 32.8421 0.0412366 -0.0669133
1 29.5561 32.8445 0.00583745 -0.0656443
1 30.6601 32.8473 -0.0294873 -0.0634213
1 31.7685 32.8502 -0.0420015 -0.0615115
1 32.8785 32.8532 -0.0599975 -0.0614268
1 33.9885 32.8557 -0.0611841 -0.0647587
1 35.0995 32.857 -0.0597803 -0.0708167
1 36.211 32.8567 -0.0580069 -0.0802822
1 37.3237 32.8545 -0.0542088 -0.0874078
1 38.4366 32.8515 -0.05455 -0.0841495
1 39.5487 32.8494 -0.0617203 -0.0763683
1 40.6599 32.8479 -0.062988 -0.0766089
1 41.7716 32.8456 -0.059927 -0.0787715
1 42.8838 32.8429 -0.056727 -0.0795444
1 44.0046 32.8391 -0.0560187 -0.0804846
1 0.231821 33.8024 0.0657396 -0.0759668
1 1.35235 33.8056 0.0636162 -0.0758184
1 2.46504 33.8081 0.0629332 -0.0740674
1 3.57723 33.8104 0.0650862 -0.0730261
1 4.68859 33.8119 0.066533 -0.0691623
1 5.80024 33.8133 0.0628465 -0.0758747
1 6.91266 33.8157 0.0595223 -0.0835525
1 8.02526 33.8184 0.0622851 -0.0803262
1 9.13717 33.8195 0.0637392 -0.0705526
1 10.2484 33.8186 0.0647804 -0.0621017
1 11.3585 33.8162 0.0621062 -0.0574267
1 12.4685 33.813 0.042463 -0.0573524
1 13.5769 33.8098 0.0274222 -0.0594245
1 14.681 33.8068 -0.00804736 -0.0614449
1 15.7817 33.8042 -0.0412642 -0.0622015
1 16.8813 33.8019 -0.0300342 -0.0615938
1 17.9829 33.8001 -0.00941091 -0.0610972
1 19.0866 33.7988 -0.00375144 -0.0601165
1 20.1895 33.7979 -0.000558746 -0.0597291
1 21.292 33.7974 6.93858e-05 -0.0605561
1 22.3957 33.7973 0.000342627 -0.060801
1 23.499 33.7977 0.0013822 -0.0598681
1 24.6015 33.7984 0.000887489 -0.059739
1 25.7052 33.7995 0.00316136 -0.0609684
1 26.8079 33.801 0.0158277 -0.0618546
1 27.9081 33.803 0.0425341 -0.0618098
1 29.0081 33.8054 0.0356142 -0.0611762
1 30.111 33.8083 -0.0125118 -0.0593487
1 31.2172 33.8115 -0.0464564 -0.0586833
1 32.3261 33.8146 -0.0610328 -0.05815
1 33.4359 33.8174 -0.0609867 -0.0593343
1 34.5469 33.8192 -0.0596368 -0.0658452
1 35.6582 33.819 -0.0623352 -0.0759193
1 36.7707 33.817 -0.0534537 -0.0816966
1 37.8836 33.8145 -0.058837 -0.0788866
1 38.9955 33.8127 -0.0620035 -0.0723904
1 40.107 33.8114 -0.063339 -0.0714862
1 41.2184 33.8093 -0.0633782 -0.0743519
1 42.3303 33.8068 -0.0598739 -0.0755395
1 43.4448 33.8033 -0.0558985 -0.0779967
1 0.792563 34.7668 0.0648729 -0.075264
1 1.90733 34.7694 0.0636377 -0.0781057
1 3.01947 34.7716 0.0655242 -0.0784692
1 4.13119 34.7738 0.0663811 -0.0776207
1 5.24284 34.7752 0.0671748 -0.0745308
1 6.35414 34.7764 0.0660391 -0.077158
1 7.46658 34.7783 0.0583634 -0.0856665
1 8.57923 34.7808 0.0653783 -0.0851673
1 9.69087 34.7818 0.0638588 -0.0745117
1 10.802 34.7806 0.0668377 -0.064128
1 11.9116 34.7777 0.0648207 -0.0609458
1 13.0201 34.7742 0.0482097 -0.0617702
1 14.1261 34.7706 0.0134515 -0.0632382
1 15.229 34.7674 -0.0343563 -0.0652984
1 16.3295 34.7648 -0.0420925 -0.0658271
1 17.4301 34.7627 -0.0164098 -0.0657962
1 18.5334 34.7611 -0.00355359 -0.0653126
1 19.6373 34.7599 -0.00170297 -0.0646711
1 20.7401 34.7593 -0.00027088 -0.0649563
1 21.8437 34.759 0.000369863 -0.0656426
1 22.9479 34.7591 0.00131652 -0.0653487
1 24.0509 34.7596 0.00076085 -0.064832
1 25.1541 34.7605 0.00210259 -0.0654403
1 26.2582 34.7618 0.00859293 -0.0658245
1 27.3604 34.7637 0.0293074 -0.0653341
1 28.4604 34.7661 0.0410509 -0.065179
1 29.5615 34.769 0.00574998 -0.0644917
1 30.6659 34.7724 -0.031303 -0.062485
1 31.7741 34.7759 -0.046205 -0.0608129
1 32.8839 34.7792 -0.0653978 -0.0620314
1 33.9938 34.7813 -0.0660938 -0.0696165
1 35.1052 34.7813 -0.0632394 -0.0797596
1 36.2173 34.7795 -0.0636773 -0.0862794
1 37.3297 34.7772 -0.065121 -0.0825594
1 38.4415 34.7757 -0.0670006 -0.0750072
1 39.5531 34.7748 -0.0666747 -0.0757092
1 40.665 34.7729 -0.0653664 -0.0801302
1 41.777 34.7706 -0.0674671 -0.0786806
1 42.8894 34.7679 -0.0678068 -0.0777101
1 44.0093 34.7648 -0.0735406 -0.0734476
1 0.230457 35.7294 0.0786436 -0.0716616
1 1.34993 35.7306 0.0741481 -0.0766361
1 2.46215 35.7327 0.0717657 -0.077812
1 3.57387 35.7348 0.0712197 -0.0784717
1 4.68563 35.7369 0.0678822 -0.076588
1 5.79734 35.7383 0.0694426 -0.0722815
1 6.90871 35.7392 0.0700402 -0.0752762
1 8.02054 35.7408 0.0665466 -0.0817063
1 9.13292 35.7429 0.064206 -0.0831402
1 10.2449 35.7439 0.0691493 -0.074089
1 11.3549 35.7425 0.0719928 -0.0616897
1 12.4642 35.739 0.0534575 -0.0554948
1 13.5719 35.7349 0.0359232 -0.0566544
1 14.6758 35.731 -0.00257694 -0.0599147
1 15.777 35.7278 -0.0376209 -0.0614015
1 16.8775 35.7251 -0.0282541 -0.0619427
1 17.98 35.7232 -0.00840423 -0.0626853
1 19.0845 35.7218 -0.00237148 -0.0626069
1 20.1881 35.7209 -0.000652263 -0.0623786
1 21.2915 35.7204 -0.000921955 -0.0628233
1 22.396 35.7204 0.000742409 -0.063107
1 23.5 35.7207 0.00173448 -0.0629167
1 24.6032 35.7213 -0.00061596 -0.0631938
1 25.7075 35.7225 0.00255197 -0.0630451
1 26.8112 35.7241 0.0162661 -0.0617701
1 27.9124 35.7264 0.0404534 -0.0607284
1 29.0132 35.7294 0.0303541 -0.0606514
1 30.1162 35.733 -0.0200312 -0.0588849
1 31.2221 35.7369 -0.055626 -0.0571205
1 32.3302 35.7407 -0.0704235 -0.058523
1 33.4397 35.7432 -0.0677398 -0.0662356
1 34.5511 35.7435 -0.0624765 -0.0791595
1 35.6631 35.7417 -0.0662943 -0.0848065
1 36.7753 35.7397 -0.0631484 -0.079288
1 37.8871 35.7387 -0.0686776 -0.073446
1 38.9985 35.7376 -0.0652159 -0.0761843
1 40.1107 35.7357 -0.0634865 -0.0790486
1 41.2226 35.7336 -0.0656865 -0.0775516
1 42.3349 35.7315 -0.0640243 -0.0784474
1 43.4493 35.7295 -0.0654827 -0.0738577
1 0.791277 36.6931 0.0698976 -0.0715258
1 1.90511 36.6946 0.0683734 -0.0732939
1 3.01699 36.6966 0.0682762 -0.0734621
1 4.12846 36.6984 0.0668494 -0.0741062
1 5.2404 36.7004 0.0642992 -0.076614
1 6.35199 36.7019 0.068569 -0.0721019
1 7.46361 36.7027 0.0665035 -0.071676
1 8.57538 36.704 0.0692118 -0.0789064
1 9.68754 36.7058 0.060212 -0.0794633
1 10.7998 36.7065 0.0672005 -0.071186
1 11.9096 36.7049 0.0735627 -0.0588141
1 13.0174 36.7012 0.0631243 -0.0509662
1 14.1223 36.6965 0.02886 -0.0504481
1 15.2247 36.6921 -0.0222998 -0.053726
1 16.3256 36.6887 -0.0350192 -0.0563921
1 17.4269 36.6861 -0.0144038 -0.0590557
1 18.5309 36.6843 -0.00265005 -0.0609728
1 19.6355 36.6831 -0.000348687 -0.0614603
1 20.739 36.6824 -0.000530954 -0.0613982
1 21.8435 36.6821 -0.000231053 -0.0616482
1 22.9486 36.6822 0.00132288 -0.0620491
1 24.0523 36.6827 -0.000345666 -0.0622228
1 25.1562 36.6836 0.00153675 -0.061659
1 26.2611 36.6851 0.00933827 -0.0594721
1 27.3641 36.6874 0.0256475 -0.0570627
1 28.4646 36.6904 0.0305179 -0.0556774
1 29.5657 36.6942 -0.00863857 -0.0534938
1 30.6692 36.6987 -0.0465612 -0.050417
1 31.7766 36.7031 -0.0581923 -0.0530746
1 32.8861 36.7058 -0.0706079 -0.0649429
1 33.9967 36.7061 -0.0659322 -0.0776925
1 35.1089 36.7046 -0.0640207 -0.0808432
1 36.2208 36.703 -0.0708301 -0.0752676
1 37.3323 36.7021 -0.0724289 -0.071113
1 38.4438 36.7012 -0.0691928 -0.0741375
1 39.5559 36.6994 -0.0693121 -0.076263
1 40.6676 36.6974 -0.0720099 -0.075451
1 41.7794 36.6952 -0.0718518 -0.0749826
1 42.8915 36.6936 -0.0740555 -0.0694647
1 44.0106 36.6929 -0.0725705 -0.0674638
1 0.228816 37.6558 0.0660915 -0.073794
1 1.34849 37.6571 0.0688268 -0.0732592
1 2.46037 37.6582 0.0683471 -0.0764216
1 3.57208 37.66 0.0698435 -0.0804201
1 4.68355 37.6619 0.070128 -0.0800502
1 5.79536 37.6637 0.0696502 -0.0790403
1 6.9069 37.6651 0.0721252 -0.0772393
1 8.0182 37.6658 0.0734219 -0.0767538
1 9.12975 37.6669 0.0684694 -0.080904
1 10.2421 37.6683 0.0654716 -0.0822743
1 11.3535 37.6688 0.0665713 -0.0740947
1 12.4636 37.667 0.0566636 -0.0612512
1 13.571 37.6629 0.0501613 -0.0515778
1 14.6739 37.6578 0.0180012 -0.049035
1 15.7743 37.653 -0.019683 -0.0509962
1 16.8746 37.6493 -0.0189465 -0.0552928
1 17.9775 37.6466 -0.00573091 -0.0602355
1 19.0824 37.6449 -0.000302771 -0.0635303
1 20.1866 37.6439 0.00107464 -0.064171
1 21.2908 37.6434 -0.000923901 -0.0643931
1 22.3962 37.6433 -6.23597e-05 -0.0649622
1 23.5011 37.6436 0.000258932 -0.0650869
1 24.6049 37.6443 -0.00173852 -0.0644582
1 25.7099 37.6457 0.00269903 -0.0615751
1 26.8141 37.648 0.0110707 -0.0573702
1 27.9153 37.6511 0.0246569 -0.0537741
1 29.0156 37.6553 0.00975954 -0.0502961
1 30.1176 37.6603 -0.037591 -0.0490492
1 31.2227 37.665 -0.0644851 -0.0561314
1 32.3313 37.6679 -0.0693066 -0.0697492
1 33.442 37.6684 -0.0627654 -0.0798604
1 34.5543 37.6673 -0.0623018 -0.0829189
1 35.6659 37.666 -0.0731166 -0.0777777
1 36.7772 37.6653 -0.0684008 -0.0746663
1 37.8889 37.6644 -0.06775 -0.0780666
1 39.0008 37.6626 -0.0661742 -0.0801511
1 40.1128 37.6607 -0.0691781 -0.0784645
1 41.2244 37.6589 -0.0714695 -0.0788008
1 42.3362 37.6573 -0.07214 -0.0747348
1 43.45 37.6566 -0.0729407 -0.0722386
1 0.789171 38.6193 0.0658361 -0.0740468
1 1.90339 38.6202 0.0689421 -0.0745024
1 3.01526 38.6215 0.0699347 -0.0757984
1 4.12668 38.6233 0.0710777 -0.0744711
1 5.23836 38.625 0.066826 -0.0769401
1 6.35018 38.6269 0.0683173 -0.0772253
1 7.46216 38.6281 0.0695145 -0.0727842
1 8.57345 38.6287 0.076191 -0.0750108
1 9.68499 38.6297 0.0644204 -0.0774965
1 10.7973 38.6308 0.0635985 -0.0765272
1 11.9085 38.6309 0.0656389 -0.069465
1 13.0177 38.6288 0.0605823 -0.057614
1 14.123 38.6246 0.0398264 -0.0464625
1 15.2249 38.6193 -0.000353249 -0.0401358
1 16.3248 38.6142 -0.0137412 -0.0404145
1 17.4254 38.6101 -0.00225492 -0.0466645
1 18.5292 38.6073 0.00280016 -0.0538688
1 19.634 38.6055 0.00383182 -0.0583518
1 20.7381 38.6047 0.00176394 -0.05992
1 21.8434 38.6044 -0.000506939 -0.060318
1 22.9492 38.6045 -0.000635999 -0.0606951
1 24.0535 38.605 -0.00291614 -0.059669
1 25.1579 38.6063 -0.0011915 -0.0561147
1 26.263 38.6087 0.000798689 -0.050254
1 27.3652 38.6121 0.00612098 -0.0442288
1 28.4648 38.6166 0.00776919 -0.0401845
1 29.5652 38.6219 -0.0236732 -0.0423977
1 30.6688 38.6268 -0.0499441 -0.0523018
1 31.7771 38.6298 -0.0534763 -0.0647206
1 32.888 38.6306 -0.0659883 -0.0750087
1 33.9993 38.6299 -0.0689436 -0.0766263
1 35.111 38.6289 -0.0716201 -0.0741662
1 36.2221 38.6283 -0.076826 -0.0721015
1 37.3334 38.6275 -0.0739551 -0.0745026
1 38.4452 38.6258 -0.0692414 -0.0769297
1 39.5573 38.624 -0.0687682 -0.0761016
1 40.6689 38.6221 -0.0713415 -0.0745843
1 41.7806 38.6206 -0.0719548 -0.0730676
1 42.8926 38.6197 -0.0703804 -0.0750017
1 44.0126 38.6193 -0.0695895 -0.0761864
1 0.225589 39.5817 0.0704999 -0.0753078
1 1.34614 39.5824 0.0740069 -0.0756241
1 2.45843 39.5835 0.0710323 -0.0737646
1 3.57029 39.5851 0.0697462 -0.0785764
1 4.68198 39.5869 0.0710088 -0.0767283
1 5.79378 39.5884 0.0699233 -0.0782165
1 6.90578 39.5902 0.0705043 -0.0803679
1 8.01753 39.5914 0.0761765 -0.0759599
1 9.12861 39.592 0.0761514 -0.0754925
1 10.2402 39.5928 0.071899 -0.0794841
1 11.3516 39.5936 0.0664247 -0.0776925
1 12.4627 39.5933 0.0504613 -0.0686502
1 13.5717 39.5908 0.0445495 -0.0580628
1 14.6758 39.5864 0.0239866 -0.0478877
1 15.7764 39.5812 -0.00166215 -0.0397947
1 16.8759 39.5759 0.00197545 -0.0388505
1 17.9776 39.5715 0.00955107 -0.0451854
1 19.0818 39.5683 0.00977058 -0.0539261
1 20.186 39.5665 0.00749897 -0.0596065
1 21.2905 39.5657 0.00108557 -0.0622996
1 22.3963 39.5656 -0.00154007 -0.0628654
1 23.5016 39.566 -0.00362021 -0.0612565
1 24.6057 39.5673 -0.00849116 -0.0570626
1 25.7104 39.5698 -0.00991142 -0.0498095
1 26.8134 39.5736 -0.00958906 -0.0423126
1 27.9133 39.5784 0.00520572 -0.0387507
1 29.0135 39.5838 0.000109264 -0.0423514
1 30.1165 39.5887 -0.0388135 -0.0539023
1 31.2228 39.5918 -0.0612616 -0.0660261
1 32.3325 39.5932 -0.0665861 -0.0732539
1 33.4437 39.5929 -0.0647963 -0.0775915
1 34.5557 39.5922 -0.0669174 -0.0767167
1 35.6667 39.5916 -0.0776324 -0.07384
1 36.7779 39.591 -0.0680516 -0.075914
1 37.8902 39.5894 -0.0669727 -0.0803824
1 39.0021 39.5875 -0.0686643 -0.0781816
1 40.1137 39.5859 -0.0708628 -0.0766988
1 41.225 39.5842 -0.0723816 -0.074661
1 42.3366 39.5829 -0.06957 -0.0748272
1 43.4508 39.5818 -0.0677588 -0.0760588
1 0.788045 40.544 0.0725691 -0.0760356
1 1.90229 40.5452 0.0696494 -0.0787729
1 3.01426 40.5466 0.0722987 -0.0764477
1 4.12546 40.5481 0.0718658 -0.0755982
1 5.23725 40.55 0.0677523 -0.0781144
1 6.34896 40.5516 0.0699767 -0.0782568
1 7.46117 40.5532 0.0682504 -0.0777372
1 8.57299 40.5543 0.0752981 -0.076472
1 9.68436 40.5549 0.0701278 -0.0752052
1 10.7963 40.5555 0.0678072 -0.0775052
1 11.9075 40.5561 0.0687239 -0.0765206
1 13.0172 40.5553 0.0587351 -0.0653396
1 14.124 40.5522 0.0353502 -0.0537993
1 15.2276 40.5476 0.00037049 -0.0454593
1 16.3286 40.5424 -0.00398237 -0.0384003
1 17.4288 40.5373 0.0148778 -0.0360955
1 18.5313 40.5326 0.0209059 -0.0403284
1 19.6349 40.5292 0.0187023 -0.0480303
1 20.7384 40.5272 0.0101988 -0.0548367
1 21.8434 40.5265 0.000665235 -0.0581876
1 22.949 40.5268 -0.00547621 -0.0570663
1 24.0531 40.5281 -0.013999 -0.0515195
1 25.1566 40.5308 -0.0184945 -0.0441341
1 26.2601 40.535 -0.019278 -0.0383626
1 27.3613 40.5398 -0.00635402 -0.0368249
1 28.4616 40.545 0.00487765 -0.0413692
1 29.5635 40.5499 -0.0244102 -0.0511883
1 30.6683 40.5535 -0.048822 -0.0619459
1 31.7777 40.5553 -0.0501092 -0.0696286
1 32.8892 40.5555 -0.0665123 -0.0765538
1 34.0002 40.5549 -0.0759822 -0.074703
1 35.1113 40.5547 -0.0758268 -0.0732809
1 36.2227 40.554 -0.0728932 -0.0788065
1 37.3348 40.5523 -0.0700887 -0.0792012
1 38.4467 40.5507 -0.072176 -0.0750167
1 39.5585 40.5492 -0.0704941 -0.0770822
1 40.6701 40.5473 -0.0742103 -0.076732
1 41.7815 40.5459 -0.0746936 -0.0757711
1 42.8936 40.5445 -0.0740912 -0.0783315
1 44.0143 40.5432 -0.0765724 -0.0783408
1 0.224904 41.5057 0.077183 -0.0794331
1 1.34563 41.5068 0.0769229 -0.0752119
1 2.45807 41.5083 0.0741553 -0.0732715
1 3.56957 41.5102 0.0765922 -0.073971
1 4.68074 41.512 0.0756323 -0.0757649
1 5.79251 41.5136 0.0714605 -0.0743933
1 6.90443 41.515 0.0715322 -0.0768706
1 8.01658 41.5165 0.0726262 -0.0764472
1 9.1284 41.5176 0.0755904 -0.075135
1 10.24 41.5181 0.0754225 -0.0729655
1 11.3512 41.5185 0.0690022 -0.0749911
1 12.4625 41.5188 0.053294 -0.0729292
1 13.572 41.5174 0.0465036 -0.0605098
1 14.6774 41.5137 0.0240276 -0.0480449
1 15.7798 41.5087 -0.00349756 -0.0417602
1 16.8808 41.5037 0.00278291 -0.0388725
1 17.9827 41.4989 0.019206 -0.0369196
1 19.086 41.4944 0.0268492 -0.0374142
1 20.1887 41.4909 0.0240515 -0.0420698
1 21.2916 41.4889 0.00930137 -0.0480271
1 22.3959 41.4885 -0.00426511 -0.0494326
1 23.4997 41.4897 -0.0164128 -0.045107
1 24.6024 41.4925 -0.0271822 -0.0395573
1 25.7056 41.4967 -0.0251171 -0.0372318
1 26.8081 41.5013 -0.0126088 -0.0380067
1 27.9092 41.5062 0.0085148 -0.0404249
1 29.0112 41.5111 -0.00229804 -0.0459026
1 30.1153 41.5154 -0.0409268 -0.0557595
1 31.2228 41.5178 -0.0583824 -0.0665757
1 32.3331 41.5184 -0.069833 -0.071775
1 33.4439 41.5182 -0.0724227 -0.0737215
1 34.5557 41.5179 -0.0676422 -0.0734237
1 35.6673 41.5172 -0.0747716 -0.0760218
1 36.7791 41.5159 -0.0687192 -0.0761033
1 37.8912 41.5143 -0.0700429 -0.077037
1 39.003 41.5127 -0.0690719 -0.0748886
1 40.1146 41.5111 -0.0706904 -0.0729876
1 41.2261 41.5094 -0.0698886 -0.0760322
1 42.3381 41.5074 -0.0691409 -0.0751792
1 43.4523 41.5059 -0.0682633 -0.0763337
1 0.787111 42.4677 0.0690278 -0.0752099
1 1.90147 42.4697 0.0692375 -0.0782881
1 3.0134 42.4719 0.0713325 -0.0780354
1 4.12459 42.4737 0.0728848 -0.0744707
1 5.23618 42.4755 0.0688388 -0.0758167
1 6.3479 42.477 0.0725484 -0.0760179
1 7.45992 42.4783 0.0693974 -0.0757194
1 8.57225 42.4794 0.0708516 -0.0774935
1 9.68436 42.4805 0.0700137 -0.0775869
1 10.7965 42.4812 0.0692954 -0.0742332
1 11.9078 42.4815 0.0718367 -0.0740743
1 13.0177 42.4812 0.0627335 -0.0694564
1 14.1252 42.479 0.0378609 -0.056912
1 15.2301 42.4746 0.00278381 -0.0451232
1 16.3326 42.4693 -0.00568027 -0.0398199
1 17.4342 42.4644 0.00919537 -0.0405867
1 18.5374 42.4601 0.0212227 -0.0400218
1 19.6407 42.4563 0.0274987 -0.0361449
1 20.7423 42.4532 0.0203291 -0.0339973
1 21.8442 42.4517 0.00326545 -0.0345026
1 22.9465 42.4522 -0.0124105 -0.0343566
1 24.0481 42.4546 -0.0252846 -0.0347856
1 25.1506 42.4582 -0.0243583 -0.0385022
1 26.2543 42.4623 -0.0139843 -0.0413241
1 27.3568 42.4668 0.000485477 -0.0405402
1 28.4585 42.4719 0.00112559 -0.0435124
1 29.5615 42.4766 -0.0292182 -0.0516905
1 30.6675 42.48 -0.0490233 -0.0619051
1 31.7774 42.4811 -0.0555427 -0.0715428
1 32.8888 42.4811 -0.0702317 -0.0758824
1 34 42.4807 -0.0727901 -0.0743449
1 35.1117 42.4802 -0.0744559 -0.0747816
1 36.2237 42.4791 -0.0730913 -0.07864
1 37.3358 42.4776 -0.072493 -0.0765385
1 38.4476 42.4763 -0.0738127 -0.0741937
1 39.5594 42.4747 -0.0719785 -0.0776888
1 40.6709 42.4727 -0.0721752 -0.078081
1 41.7826 42.4705 -0.0711484 -0.0761253
1 42.8948 42.4688 -0.0732215 -0.0755875
1 44.0153 42.4674 -0.0747538 -0.0758329
1 0.223496 43.4286 0.0729276 -0.0758008
1 1.34415 43.4306 0.0710787 -0.0780975
1 2.45658 43.4329 0.0707062 -0.073761
1 3.56838 43.4355 0.0705176 -0.076432
1 4.67979 43.4376 0.0743565 -0.0754149
1 5.79163 43.439 0.0724435 -0.0736646
1 6.90359 43.4404 0.0757649 -0.0761752
1 8.01543 43.4415 0.0752235 -0.0748268
1 9.12772 43.4425 0.0728686 -0.0748219
1 10.2399 43.4434 0.0744727 -0.0752427
1 11.3518 43.4441 0.065477 -0.0753184
1 12.4637 43.4446 0.0547658 -0.0729886
1 13.5735 43.4437 0.0533901 -0.0615434
1 14.6796 43.4402 0.0285845 -0.0495785
1 15.7833 43.4351 -0.0014898 -0.0415199
1 16.8855 43.4298 -0.00057069 -0.0380382
1 17.9882 43.4252 0.0107475 -0.0391788
1 19.092 43.4217 0.016384 -0.037653
1 20.1943 43.4192 0.0142292 -0.0301098
1 21.2946 43.4176 0.0050128 -0.0209468
1 22.3948 43.4172 -0.00256141 -0.0182365
1 23.4951 43.4182 -0.0089669 -0.0252632
1 24.5964 43.4203 -0.0167405 -0.0349784
1 25.7 43.4233 -0.0148685 -0.0396336
1 26.8032 43.4275 -0.00641281 -0.0389912
1 27.9051 43.4325 0.00522229 -0.0403179
1 29.008 43.4376 -0.00703926 -0.045932
1 30.1134 43.4419 -0.0406428 -0.0548008
1 31.2218 43.444 -0.0616119 -0.0697999
1 32.3322 43.4438 -0.0725148 -0.0742419
1 33.4436 43.4437 -0.0695511 -0.070949
1 34.5559 43.4433 -0.0666148 -0.0766339
1 35.6681 43.442 -0.0718408 -0.0768906
1 36.7803 43.441 -0.0685073 -0.0719534
1 37.8925 43.4399 -0.0694958 -0.0766009
1 39.0047 43.4381 -0.0679841 -0.0767954
1 40.1166 43.4363 -0.0728045 -0.0739775
1 41.228 43.4342 -0.0718381 -0.0761865
1 42.3396 43.4316 -0.0708182 -0.0750268
1 43.454 43.4296 -0.0700174 -0.0732697
1 0.784435 44.3908 0.0709964 -0.0710386
1 1.89886 44.3938 0.0701041 -0.0759952
1 3.01068 44.3967 0.0697352 -0.0778011
1 4.12226 44.3992 0.071533 -0.0773755
1 5.23408 44.4009 0.0680812 -0.0756347
1 6.34637 44.4023 0.0670961 -0.0764918
1 7.45902 44.4036 0.0707062 -0.075622
1 8.57127 44.4044 0.0715573 -0.0742722
1 9.68397 44.4053 0.0677318 -0.0770173
1 10.7967 44.4063 0.0710599 -0.0757827
1 11.9085 44.4071 0.0701988 -0.0762273
1 13.0193 44.4075 0.0605944 -0.0710147
1 14.1278 44.4055 0.0399135 -0.0553776
1 15.2338 44.4008 0.00791784 -0.042507
1 16.3371 44.3952 -0.00553534 -0.0380104
1 17.4392 44.3904 0.00141351 -0.0367853
1 18.5421 44.3868 0.00764615 -0.0329998
1 19.6445 44.3847 0.00322179 -0.0278321
1 20.7449 44.3839 -0.00496914 -0.02167
1 21.8447 44.3839 -0.00254968 -0.016574
1 22.9449 44.3838 0.00575644 -0.0182699
1 24.0449 44.384 0.00217385 -0.0248014
1 25.1463 44.3855 -0.00657998 -0.0305861
1 26.2494 44.3885 -0.00555605 -0.0357051
1 27.3519 44.3928 0.00360791 -0.038753
1 28.4542 44.3979 0.000618792 -0.0415887
1 29.5586 44.403 -0.028509 -0.0485238
1 30.6658 44.4064 -0.0531078 -0.0635784
1 31.7759 44.4068 -0.0608317 -0.0753866
1 32.8878 44.4063 -0.0658336 -0.0738365
1 34.0003 44.406 -0.0694707 -0.0761483
1 35.1125 44.4049 -0.0741589 -0.0760666
1 36.2247 44.4042 -0.0729128 -0.0733907
1 37.3371 44.4031 -0.0736687 -0.0769576
1 38.4494 44.4015 -0.0718094 -0.0757989
1 39.5617 44.3999 -0.0707051 -0.076987
1 40.6734 44.3978 -0.072711 -0.0758499
1 41.7851 44.3955 -0.0716686 -0.0743716
1 42.8973 44.392 -0.0730417 -0.0784747
1 44.0185 44.3897 -0.0724398 -0.0767462
1 0.218721 45.3504 0.0722498 -0.0764808
1 1.34032 45.3538 0.0727074 -0.0776897
1 2.45243 45.358 0.0737165 -0.073487
1 3.56429 45.3608 0.0712205 -0.0760789
1 4.67655 45.363 0.0742492 -0.0765471
1 5.78863 45.3643 0.0702545 -0.0733633
1 6.90168 45.3654 0.0670075 -0.0752135
1 8.01436 45.3667 0.0743192 -0.0757179
1 9.12674 45.3676 0.0705092 -0.0721349
1 10.2397 45.368 0.0686899 -0.0741253
1 11.3527 45.3692 0.0650937 -0.0808907
1 12.4652 45.371 0.0599565 -0.0758113
1 13.5756 45.3704 0.0537164 -0.058998
1 14.6833 45.3666 0.0253975 -0.0457273
1 15.7883 45.3612 -0.00255567 -0.0363001
1 16.8904 45.3561 -0.00875418 -0.0308008
1 17.9921 45.3527 -0.0060503 -0.027489
1 19.0941 45.351 -0.00461231 -0.0217946
1 20.1944 45.3503 -0.00633412 -0.0193563
1 21.2942 45.3502 -0.0052454 -0.0221816
1 22.395 45.3502 0.00138507 -0.0232919
1 23.4956 45.3501 0.00780681 -0.0201286
1 24.5954 45.3504 0.00562034 -0.0192042
1 25.6968 45.3516 0.00442329 -0.0246007
1 26.7987 45.3542 0.00665363 -0.0302964
1 27.9002 45.3586 0.00858154 -0.0343285
1 29.0037 45.3639 -0.00689065 -0.0418491
1 30.1106 45.3684 -0.0408966 -0.053639
1 31.2198 45.3703 -0.0628398 -0.0707814
1 32.331 45.3693 -0.0667076 -0.0767161
1 33.4437 45.3685 -0.0668181 -0.072201
1 34.5567 45.3681 -0.0698139 -0.0745758
1 35.6691 45.3673 -0.071632 -0.0731151
1 36.7817 45.3665 -0.0692865 -0.0736383
1 37.8945 45.3649 -0.0706181 -0.0772693
1 39.0069 45.3634 -0.0695901 -0.0754435
1 40.1193 45.3617 -0.0694725 -0.0749329
1 41.2313 45.3595 -0.0715329 -0.0759281
1 42.3431 45.3564 -0.0685531 -0.0767475
1 43.4566 45.3514 -0.0696647 -0.0739035
1 0.780209 46.3122 0.0684393 -0.0741982
1 1.89357 46.3197 0.0715699 -0.0762796
1 3.00562 46.3229 0.0711602 -0.0759149
1 4.11848 46.3247 0.0687303 -0.077901
1 5.23137 46.327 0.0713398 -0.0788442
1 6.34382 46.3278 0.0705975 -0.0730427
1 7.45724 46.3288 0.0700174 -0.0780357
1 8.56996 46.3304 0.0739493 -0.0763329
1 9.6828 46.3306 0.0686542 -0.0726626
1 10.7963 46.3308 0.0679982 -0.0766854
1 11.9094 46.333 0.0654158 -0.0855798
1 13.0214 46.3349 0.0580045 -0.0733129
1 14.1315 46.3326 0.0355231 -0.0486884
1 15.2388 46.3275 0.00106614 -0.0353448
1 16.3421 46.3227 -0.0176203 -0.0285229
1 17.4425 46.3195 -0.017358 -0.0218519
1 18.5432 46.3179 -0.0110456 -0.0198854
1 19.6439 46.3172 -0.00561524 -0.0231827
1 20.744 46.3167 -0.00273246 -0.0256713
1 21.8446 46.3164 -0.000943855 -0.0255911
1 22.9455 46.3165 0.00163833 -0.0253097
1 24.0458 46.3168 0.00435511 -0.0242866
1 25.1462 46.3173 0.00871405 -0.0210974
1 26.2471 46.3185 0.0149416 -0.0199912
1 27.3476 46.3209 0.0197699 -0.025487
1 28.4491 46.325 0.0101552 -0.0344697
1 29.5544 46.3298 -0.0225681 -0.0442594
1 30.6632 46.3335 -0.0515781 -0.0613227
1 31.7745 46.3335 -0.0593316 -0.0785486
1 32.8874 46.3316 -0.065472 -0.0798817
1 34.0004 46.3307 -0.0694343 -0.0747509
1 35.1134 46.3308 -0.069674 -0.0708457
1 36.2262 46.3302 -0.0702225 -0.0780741
1 37.3394 46.3282 -0.0698578 -0.0795964
1 38.4525 46.3272 -0.0697915 -0.0721585
1 39.5654 46.3258 -0.070793 -0.0796011
1 40.6781 46.3236 -0.0724957 -0.0780204
1 41.7908 46.3211 -0.0715257 -0.0755112
1 42.9038 46.3172 -0.0723065 -0.0783342
1 44.0239 46.3085 -0.0745481 -0.0762392
1 0.208414 47.2679 0.0716925 -0.0767676
1 1.32949 47.2844 0.0692836 -0.0763558
1 2.44495 47.289 0.0734602 -0.0757383
1 3.55892 47.2907 0.071797 -0.0728575
1 4.67263 47.2932 0.0698106 -0.0823204
1 5.78606 47.2951 0.0698607 -0.0709358
1 6.89953 47.2949 0.0692913 -0.0740824
1 8.01248 47.2972 0.0715708 -0.0811213
1 9.12602 47.2982 0.0680736 -0.0682741
1 10.2392 47.297 0.0728697 -0.0715175
1 11.3521 47.2988 0.0639315 -0.0869122
1 12.4658 47.3021 0.0557084 -0.0787723
1 13.5783 47.302 0.0420873 -0.0553558
1 14.6882 47.2983 0.00826247 -0.0351534
1 15.7931 47.294 -0.0206367 -0.0208766
1 16.8933 47.2911 -0.0279456 -0.0168589
1 17.993 47.2896 -0.0171754 -0.020383
1 19.0939 47.2884 -0.00298959 -0.0241229
1 20.1942 47.2874 -0.000900946 -0.025112
1 21.2943 47.2872 -0.00354908 -0.025676
1 22.395 47.2872 0.000512103 -0.025772
1 23.4956 47.2872 0.00368503 -0.0249174
1 24.5957 47.2877 0.00118837 -0.0245008
1 25.6965 47.2888 0.0101343 -0.0224149
1 26.7969 47.2902 0.0246804 -0.0183805
1 27.8963 47.2923 0.0275717 -0.0186376
1 28.9986 47.2959 0.00708913 -0.0295069
1 30.1065 47.2998 -0.0284864 -0.0469154
1 31.218 47.3017 -0.0525068 -0.0677816
1 32.3312 47.3 -0.061924 -0.083988
1 33.4442 47.2975 -0.0699396 -0.0767645
1 34.5571 47.298 -0.0663165 -0.0665093
1 35.6708 47.2983 -0.071026 -0.0762156
1 36.7837 47.296 -0.0727297 -0.0801
1 37.897 47.2947 -0.0672267 -0.0712371
1 39.0104 47.294 -0.0714619 -0.0762225
1 40.1239 47.2918 -0.0679042 -0.0759049
1 41.2379 47.2899 -0.0698795 -0.0756119
1 42.3523 47.2863 -0.0708557 -0.0746869
1 43.4697 47.2805 -0.0689076 -0.0746371
