1 0.597057 0.160743 -0.077091 -0.0967932
1 1.71627 0.15527 -0.0726497 -0.0887061
1 2.83267 0.150229 -0.0603927 -0.0892796
1 3.94725 0.149656 -0.058132 -0.0917557
1 5.06134 0.146863 -0.0733647 -0.0830158
1 6.17803 0.144344 -0.0776675 -0.0927403
1 7.29495 0.145121 -0.0723047 -0.108617
1 8.41094 0.147608 -0.0605268 -0.119201
1 9.52676 0.151576 -0.0492982 -0.115081
1 10.6432 0.15453 -0.0539679 -0.0836697
1 11.7602 0.154064 -0.0525902 -0.0463508
1 12.8779 0.153177 -0.0486509 -0.0123461
1 13.9945 0.151925 -0.0573933 0.00410036
1 15.1104 0.150205 -0.0624361 -0.00351424
1 16.2271 0.146386 -0.0701379 -0.00508772
1 17.3464 0.139033 -0.0839014 0.00118356
1 18.4692 0.133833 -0.078635 0.0105897
1 19.5925 0.132397 -0.0724785 0.0183413
1 20.7155 0.129461 -0.0470572 0.0122299
1 21.8389 0.126133 -0.0095738 0.00456328
1 22.9622 0.127541 0.0236923 0.00942383
1 24.0853 0.131565 0.0596372 0.015839
1 25.2083 0.132952 0.0768284 0.0132243
1 26.3318 0.135402 0.0853916 0.00969165
1 27.4534 0.142804 0.0821022 0.000461847
1 28.5713 0.148799 0.0640662 -0.0116336
1 29.6873 0.151216 0.0603188 -0.0022975
1 30.8034 0.153871 0.0546422 0.000791214
1 31.9206 0.155138 0.0521551 -0.0283697
1 33.0383 0.155773 0.0541245 -0.0621676
1 34.1547 0.15439 0.0509041 -0.106498
1 35.271 0.14813 0.0538505 -0.128893
1 36.3874 0.143868 0.067313 -0.112152
1 37.504 0.143503 0.0708458 -0.0934674
1 38.6209 0.145841 0.0721589 -0.079493
1 39.736 0.150128 0.0646843 -0.0791564
1 40.8496 0.152803 0.0538888 -0.0987313
1 41.9646 0.15179 0.0682833 -0.102531
1 43.0816 0.155311 0.0780008 -0.0911968
1 44.2041 0.17284 0.0747384 -0.0764915
1 0.0421626 1.13358 -0.0539271 -0.084221
1 1.16283 1.12292 -0.0655279 -0.0788009
1 2.27862 1.11877 -0.064195 -0.0923551
1 3.39276 1.11692 -0.0614481 -0.0942007
1 4.50697 1.11536 -0.0634701 -0.0814333
1 5.62175 1.11214 -0.0604685 -0.0846627
1 6.73684 1.11156 -0.0594529 -0.104591
1 7.85148 1.11309 -0.0578801 -0.110051
1 8.96705 1.11569 -0.0596666 -0.115166
1 10.0843 1.11884 -0.0686263 -0.104062
1 11.2024 1.12018 -0.0695322 -0.0687343
1 12.3205 1.12003 -0.0654054 -0.0303508
1 13.438 1.11908 -0.0664726 -0.0061011
1 14.5548 1.11777 -0.063436 0.00464456
1 15.6723 1.1145 -0.0699874 -0.00231604
1 16.7916 1.10831 -0.0867963 -0.00119454
1 17.9121 1.10188 -0.0861919 0.00585547
1 19.0337 1.09834 -0.0766531 0.00738851
1 20.1561 1.09657 -0.058595 0.00928856
1 21.2784 1.0938 -0.0231114 0.00186729
1 22.4 1.09269 0.00701841 -0.00431646
1 23.5218 1.09532 0.0363915 0.00639575
1 24.6445 1.09776 0.068564 0.00769375
1 25.767 1.09953 0.0852696 0.00673089
1 26.8881 1.10449 0.086361 0.00664478
1 28.0078 1.11164 0.0764527 -0.00182152
1 29.1258 1.11667 0.0639411 -0.000773947
1 30.2425 1.11923 0.0637839 -0.000714443
1 31.3596 1.12106 0.0686523 -0.0186447
1 32.4783 1.12154 0.0750785 -0.0502695
1 33.5969 1.12052 0.076751 -0.0865925
1 34.7149 1.11726 0.0655873 -0.114347
1 35.8311 1.11256 0.0569064 -0.11657
1 36.946 1.11071 0.0583183 -0.103235
1 38.0609 1.11175 0.0638783 -0.0899995
1 39.176 1.11478 0.0670138 -0.0795464
1 40.2908 1.11795 0.0681726 -0.0853347
1 41.4052 1.11948 0.0610785 -0.0971001
1 42.5184 1.1208 0.0582238 -0.0953513
1 43.6314 1.12775 0.0588263 -0.0772897
1 0.61251 2.0895 -0.0698811 -0.0769566
1 1.7253 2.08286 -0.0665565 -0.0764603
1 2.83882 2.07979 -0.0645286 -0.0880426
1 3.95217 2.0782 -0.0676347 -0.0842727
1 5.06573 2.07579 -0.0635712 -0.0790451
1 6.17989 2.07449 -0.0583111 -0.094122
1 7.29399 2.07523 -0.0606538 -0.100193
1 8.40857 2.07604 -0.0645391 -0.104048
1 9.52491 2.07774 -0.0692063 -0.100844
1 10.6432 2.07933 -0.0846636 -0.085569
1 11.7624 2.08064 -0.0868911 -0.0566143
1 12.8817 2.08089 -0.0784436 -0.0215869
1 13.9998 2.07988 -0.0751737 -0.00274177
1 15.1177 2.07711 -0.0737099 0.00291964
1 16.2367 2.07221 -0.0766453 -0.00188054
1 17.356 2.06622 -0.0844847 -0.00124717
1 18.476 2.06169 -0.0809981 0.00141336
1 19.5971 2.0592 -0.0658229 0.000515477
1 20.7186 2.05708 -0.0369156 -0.00202839
1 21.8395 2.0558 -0.00869935 -0.00682336
1 22.96 2.05646 0.0203914 -0.00642986
1 24.0815 2.05822 0.053644 -0.00195124
1 25.2029 2.06026 0.0718073 0.00117255
1 26.3234 2.06354 0.0828503 0.00223272
1 27.4434 2.06883 0.0853824 -0.000127553
1 28.5626 2.07477 0.0718418 0.00283768
1 29.6804 2.07935 0.0748257 -0.000811552
1 30.7986 2.08173 0.0829669 -0.0143743
1 31.9174 2.08234 0.0819468 -0.0385722
1 33.0369 2.08107 0.0883208 -0.0736275
1 34.1562 2.0785 0.0805056 -0.0961081
1 35.2742 2.076 0.0669078 -0.103821
1 36.3895 2.07424 0.0616738 -0.101219
1 37.5035 2.07419 0.0548854 -0.090613
1 38.6176 2.07583 0.0478297 -0.0833609
1 39.7311 2.07836 0.0534643 -0.0820438
1 40.8444 2.08061 0.0600199 -0.0857419
1 41.9585 2.08261 0.0606953 -0.0843619
1 43.0717 2.08724 0.0539345 -0.0815819
1 44.1923 2.0894 0.0555198 -0.0785187
1 0.0514857 3.05215 -0.0653689 -0.0749633
1 1.17258 3.0494 -0.0659461 -0.0734572
1 2.28565 3.043 -0.0632411 -0.0799602
1 3.39849 3.04134 -0.0586532 -0.0894358
1 4.51095 3.03949 -0.0554905 -0.0808814
1 5.6235 3.0376 -0.0510814 -0.0882844
1 6.73694 3.03774 -0.0582449 -0.0973383
1 7.85107 3.03836 -0.0619519 -0.0928446
1 8.9663 3.03767 -0.0685587 -0.0878832
1 10.0836 3.03749 -0.0823547 -0.0840751
1 11.2029 3.03899 -0.0926543 -0.070983
1 12.3233 3.04056 -0.0949962 -0.0417298
1 13.4432 3.04039 -0.0926715 -0.0168847
1 14.5627 3.03886 -0.0807414 -0.00393693
1 15.6813 3.03501 -0.0719577 -0.00379565
1 16.7999 3.03013 -0.0727441 -0.00678549
1 17.9189 3.02588 -0.0730584 -0.00507937
1 19.0385 3.02261 -0.068144 -0.00580019
1 20.1589 3.02058 -0.0496636 -0.00702055
1 21.2795 3.01934 -0.022456 -0.0107787
1 22.3996 3.01919 0.00316665 -0.0121292
1 23.5199 3.02022 0.0325509 -0.00781851
1 24.6407 3.02162 0.0592486 -0.0090944
1 25.7611 3.02411 0.0710288 -0.00478067
1 26.8803 3.02766 0.0753331 -0.0016874
1 27.999 3.03221 0.0768948 -0.00642963
1 29.117 3.03726 0.0746371 -0.00253056
1 30.2356 3.04066 0.085313 -0.00686224
1 31.3559 3.04207 0.0988523 -0.027962
1 32.4769 3.04132 0.0981007 -0.0603934
1 33.5969 3.03864 0.0878501 -0.0827748
1 34.7148 3.03713 0.0756015 -0.0882694
1 35.8311 3.03685 0.0656031 -0.0932529
1 36.9455 3.03674 0.0618394 -0.0910502
1 38.0594 3.03787 0.0647304 -0.0865517
1 39.1734 3.03957 0.0687566 -0.0856897
1 40.2867 3.04136 0.068146 -0.0836593
1 41.4002 3.04318 0.0688726 -0.0879436
1 42.5141 3.04693 0.0699915 -0.0757233
1 43.6298 3.05024 0.0711467 -0.0882976
1 0.614656 4.0131 -0.0791963 -0.0891737
1 1.73061 4.00873 -0.0736893 -0.0829926
1 2.84342 4.00521 -0.0711234 -0.0921406
1 3.9562 4.00307 -0.0791362 -0.08854
1 5.06914 4.00176 -0.073587 -0.0913956
1 6.18194 4.00163 -0.0692568 -0.0987619
1 7.29527 4.00174 -0.0706294 -0.0941922
1 8.40966 4.00018 -0.0705471 -0.0783145
1 9.52563 3.99809 -0.0788661 -0.0736013
1 10.643 3.99733 -0.0963232 -0.0726288
1 11.7632 3.99871 -0.109307 -0.0574605
1 12.8852 3.99999 -0.106846 -0.0336739
1 14.0062 3.99948 -0.0928444 -0.0183405
1 15.1257 3.9977 -0.07536 -0.0122381
1 16.2434 3.99428 -0.0678804 -0.0131185
1 17.361 3.99065 -0.066192 -0.0133651
1 18.4795 3.98766 -0.0644374 -0.00921326
1 19.5993 3.98532 -0.0549877 -0.00963148
1 20.7193 3.9839 -0.0326883 -0.0134943
1 21.8395 3.98353 -0.00629092 -0.0151105
1 22.9597 3.98393 0.0197366 -0.0123429
1 24.0799 3.98473 0.0460216 -0.0120794
1 25.2003 3.98655 0.0599654 -0.0113343
1 26.3197 3.98906 0.0661509 -0.00910605
1 27.4378 3.99225 0.0658065 -0.0131331
1 28.5551 3.99609 0.0616474 -0.0142439
1 29.6727 3.99925 0.0784365 -0.013167
1 30.7926 4.0009 0.106577 -0.0235378
1 31.9144 4.0009 0.114745 -0.0471244
1 33.0367 3.99885 0.108033 -0.069844
1 34.1559 3.99758 0.0882978 -0.076709
1 35.2724 3.99846 0.0778123 -0.0790927
1 36.3879 3.9998 0.0745826 -0.0868976
1 37.5015 4.00087 0.0651093 -0.0904276
1 38.6145 4.00193 0.0603373 -0.0903016
1 39.7273 4.00337 0.0622583 -0.0891963
1 40.8398 4.00507 0.0737324 -0.0953552
1 41.9533 4.00721 0.0716699 -0.084435
1 43.0674 4.01188 0.0770728 -0.0906353
1 44.1865 4.01611 0.0585868 -0.104792
1 0.0596001 4.97987 -0.0638692 -0.104063
1 1.17837 4.97421 -0.0787688 -0.086978
1 2.29175 4.96995 -0.0817421 -0.0844263
1 3.40497 4.96684 -0.0822626 -0.0840425
1 4.51716 4.96543 -0.0702865 -0.0977227
1 5.62832 4.96552 -0.060445 -0.098356
1 6.74038 4.96561 -0.0732068 -0.0930445
1 7.85417 4.9639 -0.0827254 -0.0796948
1 8.96926 4.96043 -0.0840695 -0.0663504
1 10.0858 4.95707 -0.0966154 -0.0596461
1 11.205 4.95653 -0.112576 -0.0617095
1 12.3264 4.95811 -0.121547 -0.0498385
1 13.4479 4.95913 -0.113415 -0.0341842
1 14.5681 4.95918 -0.0809433 -0.0260001
1 15.6855 4.95764 -0.0598044 -0.0204713
1 16.8024 4.95523 -0.0586397 -0.0175088
1 17.92 4.95287 -0.059818 -0.0149393
1 19.0387 4.9502 -0.057936 -0.0142438
1 20.1588 4.94876 -0.046284 -0.0145334
1 21.2792 4.94828 -0.0231064 -0.0160012
1 22.3997 4.94799 0.00360873 -0.0148577
1 23.5203 4.94858 0.0267653 -0.0133492
1 24.6406 4.94968 0.0517945 -0.0136747
1 25.7605 4.95168 0.0659264 -0.0141055
1 26.8788 4.95411 0.0615034 -0.0159096
1 27.9956 4.95661 0.0631573 -0.0222015
1 29.112 4.95888 0.0723736 -0.0237272
1 30.2304 4.95986 0.0924195 -0.0265015
1 31.3517 4.9597 0.117253 -0.0431562
1 32.4744 4.95811 0.123673 -0.0624439
1 33.5951 4.95699 0.104957 -0.0611844
1 34.7118 4.95902 0.0835121 -0.062115
1 35.8267 4.96156 0.0826309 -0.0795642
1 36.9411 4.96357 0.0878207 -0.0861643
1 38.0545 4.96488 0.0856586 -0.0924403
1 39.1677 4.96548 0.0848829 -0.0913198
1 40.2802 4.96692 0.0887235 -0.0873893
1 41.393 4.96923 0.0837218 -0.0848496
1 42.5058 4.9732 0.091057 -0.0907258
1 43.6214 4.97931 0.0949668 -0.0899381
1 0.62623 5.94198 -0.0963569 -0.0872575
1 1.74046 5.93598 -0.0878943 -0.0781329
1 2.85294 5.9313 -0.0863539 -0.0788972
1 3.96427 5.92893 -0.0816084 -0.0919688
1 5.07523 5.92942 -0.0819392 -0.100096
1 6.18744 5.92953 -0.0890372 -0.0945271
1 7.30117 5.92753 -0.0957822 -0.081045
1 8.4163 5.92386 -0.0949607 -0.0671299
1 9.53172 5.9193 -0.0999546 -0.0520692
1 10.6482 5.91539 -0.108385 -0.0540411
1 11.7673 5.9158 -0.116333 -0.0615878
1 12.8888 5.91798 -0.12261 -0.0536558
1 14.0095 5.91945 -0.10157 -0.0408704
1 15.1278 5.92007 -0.076418 -0.035179
1 16.2439 5.91928 -0.0651626 -0.0308014
1 17.3601 5.91758 -0.0621786 -0.022733
1 18.478 5.91565 -0.0659107 -0.020416
1 19.5979 5.91389 -0.0574286 -0.0237365
1 20.7184 5.91298 -0.0343782 -0.0212006
1 21.8393 5.91252 -0.00629901 -0.0178464
1 22.9607 5.91277 0.0226139 -0.0209384
1 24.0813 5.91364 0.0459799 -0.0211969
1 25.2013 5.91504 0.0624641 -0.0211691
1 26.3206 5.9169 0.0654922 -0.0234018
1 27.4381 5.91863 0.0615917 -0.0270841
1 28.5541 5.92 0.0638088 -0.0325928
1 29.6708 5.92017 0.0837534 -0.0398133
1 30.7898 5.91936 0.115438 -0.0482085
1 31.9104 5.91795 0.123494 -0.0586522
1 33.0315 5.9161 0.113346 -0.059506
1 34.1499 5.91747 0.101485 -0.0482012
1 35.2656 5.92215 0.0925664 -0.0603274
1 36.3805 5.9257 0.0896317 -0.0794062
1 37.4939 5.92799 0.0820665 -0.0938847
1 38.6058 5.92838 0.0736922 -0.0951789
1 39.7168 5.92925 0.0802725 -0.091772
1 40.8281 5.93078 0.0990805 -0.0824088
1 41.9404 5.93473 0.105598 -0.0793819
1 43.0532 5.94014 0.10571 -0.0820833
1 44.1716 5.9501 0.100366 -0.0885614
1 0.0753511 6.91185 -0.10397 -0.0735963
1 1.19368 6.90354 -0.10867 -0.0826273
1 2.30575 6.89793 -0.102759 -0.077031
1 3.41673 6.89517 -0.0924335 -0.0950315
1 4.52594 6.89452 -0.080116 -0.101488
1 5.63643 6.89421 -0.083998 -0.0967384
1 6.74943 6.89245 -0.103945 -0.0845956
1 7.86451 6.88846 -0.110959 -0.0720075
1 8.9802 6.88339 -0.105467 -0.0573457
1 10.0957 6.87812 -0.10735 -0.0500753
1 11.212 6.8761 -0.110204 -0.0624329
1 12.3304 6.8777 -0.122942 -0.063815
1 13.45 6.88004 -0.125753 -0.0569696
1 14.569 6.88181 -0.0983053 -0.049405
1 15.6855 6.8828 -0.0743911 -0.0424661
1 16.8015 6.88267 -0.0705806 -0.0320834
1 17.9187 6.88148 -0.0775818 -0.0258288
1 19.0376 6.87999 -0.0740629 -0.0261266
1 20.1581 6.8792 -0.0544732 -0.0251859
1 21.2787 6.87839 -0.0306786 -0.0228347
1 22.3998 6.878 0.00548978 -0.023234
1 23.521 6.87887 0.039323 -0.0244648
1 24.6417 6.87988 0.0634512 -0.0236184
1 25.7619 6.88097 0.0781047 -0.0267117
1 26.8802 6.88232 0.0756763 -0.0311892
1 27.9963 6.88297 0.0784062 -0.0370318
1 29.1117 6.88273 0.0881129 -0.0459257
1 30.2291 6.88157 0.103802 -0.052666
1 31.3487 6.87967 0.119829 -0.0598833
1 32.4684 6.87755 0.120103 -0.0664825
1 33.5859 6.87749 0.114795 -0.0572547
1 34.7011 6.88142 0.111313 -0.0518217
1 35.8168 6.88618 0.110935 -0.0652571
1 36.9324 6.8907 0.114589 -0.0783353
1 38.0466 6.89335 0.0984806 -0.0980476
1 39.1579 6.89381 0.0818083 -0.102494
1 40.2678 6.8945 0.0892923 -0.0958629
1 41.3777 6.8972 0.0933546 -0.0827874
1 42.4891 6.90169 0.0973285 -0.0780188
1 43.602 6.90871 0.102877 -0.0800372
1 0.643021 7.87099 -0.0965344 -0.0751328
1 1.756 7.86573 -0.0927885 -0.0852522
1 2.86637 7.86211 -0.086367 -0.0946602
1 3.97555 7.86124 -0.0861495 -0.102566
1 5.0853 7.85979 -0.096314 -0.0983175
1 6.19835 7.85736 -0.119748 -0.0895102
1 7.31422 7.85295 -0.129644 -0.0755843
1 8.43085 7.84785 -0.121754 -0.0677344
1 9.54587 7.84296 -0.111459 -0.0601551
1 10.6596 7.83955 -0.10836 -0.0624681
1 11.7749 7.83945 -0.110273 -0.0706889
1 12.8924 7.84124 -0.120326 -0.0678179
1 14.0113 7.84316 -0.112743 -0.0591293
1 15.1287 7.84518 -0.0975699 -0.0566817
1 16.2439 7.84667 -0.0834464 -0.0522255
1 17.3599 7.8467 -0.0805954 -0.0420741
1 18.4781 7.84617 -0.0893829 -0.0372225
1 19.5983 7.84557 -0.0718772 -0.0335915
1 20.7189 7.84481 -0.0406936 -0.0307007
1 21.8395 7.84447 -0.0106734 -0.0327686
1 22.9603 7.84483 0.0299677 -0.034454
1 24.0809 7.84533 0.0595314 -0.0324275
1 25.2014 7.84591 0.0785334 -0.0348687
1 26.3207 7.8467 0.0859087 -0.0393834
1 27.4381 7.84695 0.08105 -0.0456283
1 28.5537 7.84614 0.0799241 -0.0541147
1 29.67 7.84452 0.0986989 -0.0592223
1 30.788 7.84284 0.125856 -0.0631761
1 31.9054 7.84134 0.120257 -0.06827
1 33.0218 7.84037 0.10371 -0.0673646
1 34.1366 7.84185 0.104155 -0.0606971
1 35.2509 7.84584 0.108609 -0.0652258
1 36.3663 7.85083 0.121214 -0.07095
1 37.4824 7.85548 0.123719 -0.0829432
1 38.5966 7.8588 0.0972118 -0.0950808
1 39.7068 7.8607 0.077824 -0.10443
1 40.8151 7.86189 0.084726 -0.100099
1 41.9248 7.86447 0.0930866 -0.0847844
1 43.0353 7.86973 0.097556 -0.0847588
1 44.1529 7.87537 0.0885392 -0.0671897
1 0.0899117 8.83635 -0.0765904 -0.0757168
1 1.2074 8.83257 -0.0789626 -0.0823437
1 2.31773 8.82984 -0.0836137 -0.0888687
1 3.42698 8.82803 -0.0845536 -0.0920498
1 4.53664 8.82585 -0.0883358 -0.0802344
1 5.649 8.82169 -0.108201 -0.0724468
1 6.76446 8.81688 -0.125256 -0.0709727
1 7.88039 8.81219 -0.114481 -0.0690456
1 8.99536 8.80772 -0.0956977 -0.0654214
1 10.1085 8.80456 -0.0918736 -0.062968
1 11.222 8.80357 -0.0933421 -0.0630877
1 12.3365 8.80434 -0.107034 -0.0612459
1 13.4525 8.80532 -0.119507 -0.0613429
1 14.5699 8.80658 -0.0974995 -0.0578643
1 15.6858 8.80882 -0.0774429 -0.0533639
1 16.8015 8.8108 -0.0777929 -0.0483345
1 17.919 8.81142 -0.0903504 -0.0431662
1 19.0384 8.81144 -0.085831 -0.0361313
1 20.1588 8.8115 -0.0595486 -0.0324692
1 21.2791 8.81128 -0.0347055 -0.0324173
1 22.3997 8.81131 0.00400006 -0.0311543
1 23.5202 8.81153 0.0424071 -0.0322443
1 24.6409 8.8116 0.0711053 -0.0361789
1 25.7616 8.81154 0.091736 -0.0389841
1 26.8801 8.81132 0.0872205 -0.0451749
1 27.9965 8.8101 0.0856377 -0.0529134
1 29.1115 8.80782 0.0960802 -0.0562164
1 30.2279 8.80629 0.107 -0.0557572
1 31.345 8.80565 0.105528 -0.0582618
1 32.4608 8.80489 0.0923054 -0.0626578
1 33.5745 8.8052 0.0914035 -0.0628388
1 34.6869 8.80712 0.0966978 -0.066576
1 35.8006 8.81027 0.105046 -0.0688661
1 36.9165 8.81482 0.127885 -0.0691206
1 38.0328 8.81969 0.12636 -0.0721247
1 39.1472 8.82427 0.0994275 -0.076201
1 40.258 8.82746 0.083749 -0.0865743
1 41.3668 8.8294 0.0774833 -0.0939942
1 42.4764 8.83239 0.0776216 -0.0842094
1 43.5893 8.83529 0.0774232 -0.0738269
1 0.651485 9.79818 -0.0692986 -0.0835509
1 1.76397 9.79689 -0.0644334 -0.086795
1 2.87458 9.79562 -0.0751583 -0.084525
1 3.98497 9.79196 -0.0873665 -0.0706517
1 5.097 9.78671 -0.0961009 -0.0625096
1 6.21192 9.78112 -0.107906 -0.0698167
1 7.32757 9.77656 -0.104794 -0.0767881
1 8.44254 9.77288 -0.0863597 -0.0793197
1 9.55539 9.77056 -0.074404 -0.0761973
1 10.6671 9.76929 -0.0732569 -0.0708968
1 11.7802 9.76945 -0.0745147 -0.0656181
1 12.8948 9.76978 -0.0908989 -0.0566082
1 14.0111 9.76968 -0.096942 -0.0546505
1 15.1268 9.77058 -0.0902835 -0.055376
1 16.2416 9.77278 -0.0815598 -0.0493798
1 17.3584 9.77492 -0.0811127 -0.0440213
1 18.4775 9.77638 -0.0911803 -0.0416248
1 19.5981 9.77714 -0.0744573 -0.0324814
1 20.7189 9.77744 -0.043629 -0.0273803
1 21.8398 9.7777 -0.0100279 -0.030037
1 22.9604 9.77788 0.0316772 -0.0273071
1 24.081 9.77752 0.0597777 -0.0291318
1 25.2023 9.77692 0.0846397 -0.0375512
1 26.322 9.77591 0.0899976 -0.0416275
1 27.4399 9.77416 0.0759603 -0.0476825
1 28.5557 9.77178 0.0720109 -0.0536391
1 29.671 9.77005 0.0861304 -0.0546575
1 30.7872 9.77026 0.100263 -0.0531189
1 31.9017 9.77081 0.0866369 -0.058716
1 33.0151 9.77064 0.0742775 -0.0669124
1 34.1282 9.77081 0.0745571 -0.0733376
1 35.2407 9.77237 0.0749177 -0.0794583
1 36.3546 9.77518 0.0916797 -0.0796597
1 37.4694 9.77901 0.100201 -0.0733768
1 38.5842 9.78417 0.0925521 -0.0619026
1 39.6976 9.79018 0.0849387 -0.0664854
1 40.8082 9.79461 0.0802533 -0.0791195
1 41.9188 9.79694 0.0692738 -0.0831998
1 43.0301 9.79811 0.0604088 -0.0867179
1 44.148 9.7987 0.0554726 -0.0785913
1 0.0909845 10.7616 -0.04941 -0.0810912
1 1.20908 10.7633 -0.0641963 -0.0952084
1 2.32096 10.7622 -0.0747196 -0.087174
1 3.43337 10.7593 -0.0792456 -0.0781993
1 4.54493 10.7537 -0.0753882 -0.0765202
1 5.6576 10.7472 -0.0759121 -0.0821122
1 6.77128 10.7425 -0.0798786 -0.0948114
1 7.88533 10.7393 -0.073539 -0.106405
1 8.99883 10.7373 -0.062013 -0.104567
1 10.1111 10.7361 -0.0637366 -0.0996461
1 11.224 10.7364 -0.0637125 -0.0917498
1 12.3373 10.737 -0.0751815 -0.076291
1 13.4511 10.7358 -0.0875292 -0.0658366
1 14.5665 10.7348 -0.0714176 -0.0664117
1 15.6814 10.7353 -0.063074 -0.0689683
1 16.7969 10.7376 -0.0728367 -0.0672966
1 17.9151 10.7402 -0.0887857 -0.0630817
1 19.0359 10.742 -0.0870432 -0.056448
1 20.1575 10.7431 -0.0657293 -0.0510144
1 21.2785 10.7441 -0.0359466 -0.0495094
1 22.3999 10.7444 0.00831165 -0.0467128
1 23.5212 10.7438 0.0430748 -0.0474247
1 24.643 10.743 0.0761899 -0.0552339
1 25.7648 10.7415 0.0959685 -0.0589194
1 26.8846 10.739 0.0780083 -0.0652238
1 28.0013 10.7366 0.0741172 -0.0695133
1 29.1155 10.7349 0.0826866 -0.0677515
1 30.2304 10.7355 0.0827808 -0.0664662
1 31.3457 10.7372 0.0756448 -0.0687406
1 32.4599 10.7378 0.0618046 -0.0817523
1 33.573 10.7372 0.0592336 -0.0944049
1 34.6845 10.7376 0.0599097 -0.103106
1 35.7969 10.7388 0.0667306 -0.106691
1 36.9112 10.7412 0.0833411 -0.100308
1 38.0255 10.7451 0.0824593 -0.0885162
1 39.1392 10.7506 0.0774086 -0.0766593
1 40.2516 10.7571 0.0741076 -0.0744224
1 41.3635 10.7614 0.0685012 -0.0846461
1 42.4758 10.763 0.0571402 -0.0909763
1 43.589 10.7626 0.0503427 -0.0869647
1 0.648996 11.7272 -0.0419978 -0.0833897
1 1.76325 11.7285 -0.0538147 -0.0858811
1 2.87608 11.7262 -0.0670652 -0.0849848
1 3.98832 11.7216 -0.0656765 -0.0783444
1 5.10031 11.7155 -0.0628727 -0.0848295
1 6.21311 11.7108 -0.0691422 -0.0980914
1 7.32658 11.7068 -0.0715799 -0.105978
1 8.44039 11.7049 -0.0587237 -0.114166
1 9.55298 11.704 -0.0551454 -0.110076
1 10.6648 11.7038 -0.0551936 -0.104533
1 11.7782 11.7048 -0.0549579 -0.0924953
1 12.8928 11.7048 -0.0661699 -0.0725587
1 14.0074 11.7027 -0.0738021 -0.0635795
1 15.1214 11.701 -0.0699176 -0.0675852
1 16.2352 11.7016 -0.0626217 -0.0735206
1 17.3518 11.7041 -0.0757652 -0.0721558
1 18.4722 11.7069 -0.0959327 -0.0710281
1 19.5948 11.7089 -0.0797063 -0.0669212
1 20.7175 11.7105 -0.0513824 -0.0605827
1 21.8396 11.7114 -0.0111512 -0.0594388
1 22.9617 11.7113 0.0348476 -0.0604857
1 24.0839 11.7101 0.0625878 -0.0628027
1 25.2064 11.7082 0.0909736 -0.0674302
1 26.3278 11.7057 0.0911053 -0.0722993
1 27.4463 11.703 0.0681684 -0.0747259
1 28.5612 11.7012 0.0560679 -0.0694197
1 29.6753 11.7019 0.0604086 -0.0668828
1 30.7903 11.7042 0.0765203 -0.0668551
1 31.9041 11.7058 0.0718383 -0.0782854
1 33.018 11.7052 0.0587206 -0.098404
1 34.1311 11.7044 0.0535456 -0.105873
1 35.2434 11.7052 0.0509942 -0.110459
1 36.3568 11.7063 0.0608111 -0.112086
1 37.47 11.709 0.0624805 -0.103078
1 38.5822 11.7131 0.0529788 -0.0924964
1 39.694 11.7189 0.0572677 -0.0773527
1 40.8055 11.7243 0.0736523 -0.079364
1 41.9187 11.7275 0.0757176 -0.0816312
1 43.0317 11.7284 0.063894 -0.0837213
1 44.1504 11.7254 0.0505249 -0.0831963
1 0.0885966 12.6909 -0.0500417 -0.0819879
1 1.20645 12.6933 -0.0583696 -0.0700875
1 2.32021 12.6928 -0.0671547 -0.0676618
1 3.43339 12.6896 -0.0682705 -0.071249
1 4.54462 12.6847 -0.052612 -0.0714521
1 5.65564 12.6796 -0.0435275 -0.0815983
1 6.76768 12.6757 -0.0488413 -0.0874826
1 7.88012 12.6729 -0.0498154 -0.0996763
1 8.99327 12.6716 -0.0429239 -0.0971068
1 10.1058 12.6708 -0.0462468 -0.089225
1 11.219 12.6717 -0.053861 -0.0816997
1 12.3333 12.6727 -0.0644567 -0.0639795
1 13.4478 12.6717 -0.0664717 -0.0446051
1 14.5626 12.6692 -0.0527818 -0.0372521
1 15.676 12.6672 -0.0467139 -0.0417391
1 16.7902 12.6679 -0.059801 -0.0488988
1 17.9085 12.6705 -0.0887512 -0.04914
1 19.0306 12.6732 -0.0922701 -0.0484945
1 20.1541 12.6753 -0.0677661 -0.0447426
1 21.2772 12.6772 -0.036881 -0.0405736
1 22.4004 12.6775 0.011283 -0.0399374
1 23.524 12.6764 0.049063 -0.0422328
1 24.6475 12.6747 0.084213 -0.0466839
1 25.7706 12.6722 0.0953749 -0.0487028
1 26.8914 12.6693 0.0660966 -0.0475573
1 28.0076 12.6675 0.0551907 -0.0440273
1 29.1204 12.6683 0.0576741 -0.0397976
1 30.2338 12.6711 0.062266 -0.0421948
1 31.3485 12.673 0.06714 -0.0531916
1 32.4639 12.6729 0.0546091 -0.0744891
1 33.5781 12.6717 0.0474093 -0.087103
1 34.6901 12.6716 0.0492799 -0.0917391
1 35.8029 12.6723 0.0558148 -0.0970374
1 36.9166 12.6745 0.0641073 -0.0903414
1 38.0297 12.6784 0.0561235 -0.0813645
1 39.1419 12.6825 0.0441285 -0.0758446
1 40.2527 12.6877 0.0544637 -0.0721637
1 41.3645 12.6915 0.0572645 -0.0717858
1 42.4783 12.6932 0.0470461 -0.068112
1 43.5937 12.6919 0.0439204 -0.072724
1 0.643795 13.658 -0.0473038 -0.0656361
1 1.75871 13.6577 -0.0427777 -0.0600867
1 2.87286 13.656 -0.0446831 -0.0622864
1 3.98513 13.6525 -0.0446632 -0.066096
1 5.09558 13.648 -0.0382649 -0.0678037
1 6.20695 13.6435 -0.048455 -0.0727922
1 7.31972 13.6397 -0.0558391 -0.0758063
1 8.43344 13.6371 -0.0518552 -0.0842606
1 9.54648 13.636 -0.0459941 -0.0834403
1 10.6586 13.6358 -0.0425881 -0.0727185
1 11.773 13.6367 -0.0495866 -0.0591617
1 12.889 13.6372 -0.0600786 -0.0428977
1 14.0044 13.6356 -0.0579916 -0.0257509
1 15.1181 13.6326 -0.0519224 -0.0191829
1 16.2304 13.6309 -0.0445544 -0.0257
1 17.3462 13.6314 -0.0626604 -0.0315129
1 18.4668 13.6339 -0.0923468 -0.0359711
1 19.5902 13.6367 -0.0801958 -0.0409182
1 20.7144 13.6387 -0.0533288 -0.0360825
1 21.8388 13.6396 -0.0134974 -0.0295679
1 22.9634 13.6394 0.0385319 -0.0343422
1 24.0876 13.6379 0.0688418 -0.0373388
1 25.2116 13.6352 0.0873412 -0.0358731
1 26.3342 13.6327 0.0811289 -0.0341035
1 27.4521 13.6311 0.0550762 -0.0282839
1 28.5651 13.632 0.0372583 -0.0209611
1 29.6784 13.6349 0.0425914 -0.020766
1 30.7934 13.6372 0.0661846 -0.0328875
1 31.9086 13.6377 0.06406 -0.0534508
1 33.0242 13.6366 0.0507837 -0.0687014
1 34.1379 13.636 0.0455383 -0.0772065
1 35.2503 13.6367 0.0396217 -0.0832061
1 36.3634 13.6386 0.0414784 -0.0786952
1 37.4758 13.6418 0.0440342 -0.0713946
1 38.5876 13.6459 0.0379212 -0.070526
1 39.698 13.6506 0.0447209 -0.0667672
1 40.8092 13.6545 0.053686 -0.0639185
1 41.9224 13.6569 0.0544182 -0.0595385
1 43.0356 13.6578 0.0532726 -0.0645353
1 44.152 13.6574 0.0450723 -0.0717222
1 0.0864766 14.6251 -0.0331375 -0.0557686
1 1.20227 14.6235 -0.0506942 -0.0614434
1 2.31437 14.621 -0.0493371 -0.0615817
1 3.42719 14.6184 -0.0419622 -0.0595452
1 4.53849 14.6153 -0.0333459 -0.0672179
1 5.64921 14.6109 -0.0353801 -0.0692933
1 6.761 14.6065 -0.0430369 -0.0761402
1 7.87326 14.6028 -0.0417369 -0.0777596
1 8.98648 14.6006 -0.037457 -0.0832439
1 10.0994 14.5996 -0.0431077 -0.0838618
1 11.213 14.5997 -0.0498786 -0.0757272
1 12.3284 14.6005 -0.06172 -0.0603489
1 13.4447 14.6005 -0.0622829 -0.0467646
1 14.5607 14.5988 -0.0422514 -0.0399074
1 15.6739 14.5962 -0.0350347 -0.0365494
1 16.7869 14.5946 -0.0474462 -0.0439364
1 17.9043 14.5951 -0.0731494 -0.0541976
1 19.0263 14.5975 -0.0835204 -0.0602315
1 20.1509 14.6001 -0.0671212 -0.0638557
1 21.2758 14.6015 -0.0388487 -0.0655885
1 22.4008 14.6017 0.013038 -0.0633986
1 23.5263 14.6009 0.0524066 -0.0620813
1 24.6516 14.5989 0.0778512 -0.0630644
1 25.7752 14.5963 0.0829265 -0.058669
1 26.8952 14.5947 0.0568332 -0.0464627
1 28.0102 14.5954 0.0394892 -0.0385965
1 29.1225 14.598 0.0460209 -0.0365835
1 30.2364 14.6005 0.0623776 -0.041066
1 31.3529 14.6013 0.061468 -0.0539354
1 32.4699 14.6005 0.0459414 -0.0710071
1 33.5845 14.5999 0.0438901 -0.0806628
1 34.6965 14.6002 0.0405306 -0.083711
1 35.8096 14.6016 0.0455769 -0.0792644
1 36.9232 14.6049 0.0557868 -0.074527
1 38.0359 14.609 0.0473103 -0.0727106
1 39.1475 14.6135 0.0322235 -0.0673534
1 40.2585 14.617 0.0386572 -0.0619211
1 41.3706 14.6201 0.0418253 -0.060626
1 42.4838 14.6224 0.044294 -0.062101
1 43.5973 14.6244 0.0473196 -0.0596101
1 0.641492 15.5911 -0.035173 -0.0455875
1 1.75468 15.5883 -0.037259 -0.057916
1 2.86663 15.5853 -0.0398358 -0.0632724
1 3.97818 15.5819 -0.0357631 -0.062478
1 5.08943 15.5788 -0.0325803 -0.065238
1 6.20157 15.5749 -0.0443364 -0.0746879
1 7.31459 15.5711 -0.0546295 -0.0820912
1 8.42786 15.5675 -0.0450218 -0.0870463
1 9.54057 15.5656 -0.040234 -0.0933599
1 10.6531 15.5653 -0.0398943 -0.0952315
1 11.7678 15.5657 -0.0483971 -0.0883065
1 12.8847 15.5661 -0.063364 -0.0757969
1 14.002 15.5662 -0.0591604 -0.0677977
1 15.1173 15.5654 -0.0478688 -0.066928
1 16.23 15.5634 -0.0412153 -0.0678699
1 17.345 15.5621 -0.0551936 -0.0748016
1 18.4645 15.5629 -0.0829787 -0.0848093
1 19.5878 15.5651 -0.0760511 -0.0932209
1 20.7131 15.5669 -0.0486064 -0.0977115
1 21.8388 15.5677 -0.0112546 -0.100656
1 22.9643 15.5675 0.0372102 -0.102101
1 24.0896 15.5661 0.066162 -0.0968321
1 25.2144 15.5639 0.0787884 -0.087011
1 26.3363 15.5623 0.0691426 -0.0792514
1 27.453 15.5626 0.0446996 -0.0714963
1 28.5657 15.5647 0.0351864 -0.0665677
1 29.6796 15.5664 0.0451626 -0.0658009
1 30.7965 15.5668 0.0645585 -0.0720912
1 31.9136 15.5665 0.062842 -0.083664
1 33.0294 15.566 0.0531304 -0.0908374
1 34.1434 15.5656 0.0429568 -0.0937228
1 35.2563 15.5665 0.0367259 -0.0935279
1 36.3692 15.5693 0.0455522 -0.084302
1 37.4817 15.5731 0.0448365 -0.0791318
1 38.5939 15.577 0.0273342 -0.0681654
1 39.7051 15.5805 0.0309981 -0.0655323
1 40.8158 15.5835 0.0439528 -0.0615905
1 41.9277 15.5868 0.0521518 -0.0614933
1 43.039 15.5899 0.0468105 -0.0528028
1 44.1554 15.5914 0.0245957 -0.0427077
1 0.0815555 16.5564 -0.0138845 -0.0298792
1 1.19954 16.5557 -0.0359097 -0.0433571
1 2.31133 16.5528 -0.0460428 -0.0577952
1 3.42298 16.5494 -0.0475552 -0.0695381
1 4.53296 16.5459 -0.0350426 -0.0743457
1 5.64374 16.5426 -0.0311035 -0.0760578
1 6.75627 16.5393 -0.0435073 -0.081413
1 7.86958 16.5361 -0.0438766 -0.0926095
1 8.98243 16.5336 -0.0390526 -0.10117
1 10.095 16.5322 -0.0465548 -0.103823
1 11.2089 16.5323 -0.0502004 -0.104129
1 12.3246 16.5328 -0.0628814 -0.0956229
1 13.4417 16.5333 -0.0694376 -0.0890812
1 14.5595 16.534 -0.0491464 -0.0865359
1 15.6745 16.534 -0.0395031 -0.0841758
1 16.7881 16.5327 -0.048275 -0.087254
1 17.9047 16.5319 -0.0664268 -0.0942003
1 19.0258 16.5327 -0.0763148 -0.0997522
1 20.1502 16.5345 -0.0651685 -0.108919
1 21.2754 16.5357 -0.0370125 -0.119537
1 22.401 16.5359 0.01436 -0.120736
1 23.5269 16.5352 0.0499306 -0.113917
1 24.6525 16.5336 0.0708683 -0.105113
1 25.7754 16.5322 0.0788126 -0.095969
1 26.8945 16.5322 0.0568598 -0.0883973
1 28.0096 16.5336 0.0417304 -0.0848131
1 29.123 16.5343 0.0498827 -0.0857403
1 30.2386 16.5339 0.0645478 -0.0871349
1 31.3564 16.5337 0.0650427 -0.0917973
1 32.4736 16.5332 0.0498449 -0.0991783
1 33.5887 16.5324 0.0434088 -0.105574
1 34.701 16.5329 0.0397037 -0.103778
1 35.8134 16.5349 0.047468 -0.097518
1 36.9271 16.5378 0.057963 -0.0864057
1 38.041 16.5411 0.0445353 -0.0789645
1 39.1536 16.5443 0.0352594 -0.0741081
1 40.264 16.5479 0.0408327 -0.070513
1 41.3745 16.5516 0.039822 -0.0673715
1 42.4863 16.5545 0.0312998 -0.0523457
1 43.5998 16.5564 0.0229882 -0.0349345
1 0.63812 17.52 -0.00984435 -0.0246911
1 1.75299 17.5189 -0.0201617 -0.037461
1 2.86556 17.5166 -0.0319876 -0.0538044
1 3.9763 17.5138 -0.0397146 -0.0621965
1 5.08609 17.5101 -0.0388265 -0.069014
1 6.19762 17.5069 -0.0491417 -0.070427
1 7.3113 17.5038 -0.0561639 -0.075615
1 8.42566 17.5018 -0.0461251 -0.0860553
1 9.53847 17.5002 -0.0458084 -0.0924643
1 10.6507 17.4995 -0.0479452 -0.0974392
1 11.7655 17.4998 -0.0493435 -0.0914639
1 12.8828 17.5003 -0.0631008 -0.0814856
1 14.0006 17.5012 -0.0661388 -0.0774803
1 15.1171 17.5025 -0.0554332 -0.0777654
1 16.2312 17.503 -0.0463612 -0.0751381
1 17.3465 17.5027 -0.0592285 -0.0770385
1 18.465 17.5024 -0.0814226 -0.0812389
1 19.5874 17.5027 -0.0717347 -0.0877912
1 20.7127 17.5037 -0.0480412 -0.0986306
1 21.8389 17.5046 -0.0154923 -0.108549
1 22.9649 17.5043 0.0325776 -0.107581
1 24.0902 17.5032 0.064931 -0.0940722
1 25.2142 17.5025 0.0797033 -0.0821577
1 26.3347 17.5026 0.0704406 -0.0794457
1 27.4513 17.503 0.0521703 -0.0756469
1 28.5654 17.503 0.0465799 -0.0748899
1 29.6807 17.5021 0.0507952 -0.079206
1 30.7986 17.5011 0.0660963 -0.0796239
1 31.9159 17.5005 0.0656959 -0.0840107
1 33.0319 17.5 0.0545084 -0.094646
1 34.1457 17.5 0.044359 -0.0954337
1 35.2582 17.5014 0.0367391 -0.0881654
1 36.3714 17.5032 0.0406099 -0.0805565
1 37.4849 17.5055 0.0442211 -0.0760923
1 38.5973 17.5086 0.0402524 -0.0740182
1 39.7075 17.512 0.0421469 -0.0667226
1 40.8172 17.5154 0.0456844 -0.0580399
1 41.9294 17.5183 0.0414215 -0.0445163
1 43.0424 17.5198 0.0299664 -0.0325902
1 44.1612 17.5193 0.0105419 -0.0211488
1 0.0766743 18.4819 -0.00961243 -0.0168642
1 1.19678 18.4819 -0.0234126 -0.0177418
1 2.31079 18.4815 -0.0347071 -0.0272459
1 3.42355 18.4801 -0.0409202 -0.0396731
1 4.53396 18.4775 -0.0400805 -0.0507496
1 5.64403 18.4744 -0.044941 -0.0619344
1 6.75577 18.4714 -0.0535132 -0.0660165
1 7.86844 18.4689 -0.046415 -0.0699518
1 8.98189 18.4673 -0.0337329 -0.0779515
1 10.0947 18.4666 -0.0461931 -0.0803939
1 11.2084 18.4664 -0.058726 -0.0826926
1 12.324 18.4667 -0.0658924 -0.075885
1 13.4409 18.4673 -0.0659782 -0.0649553
1 14.559 18.4684 -0.051644 -0.0598635
1 15.6747 18.4704 -0.0486617 -0.0622013
1 16.7889 18.472 -0.0574088 -0.0624642
1 17.9054 18.4723 -0.0756541 -0.0604735
1 19.0256 18.4714 -0.0819816 -0.0639691
1 20.1492 18.471 -0.0639625 -0.0779455
1 21.2746 18.4715 -0.0313137 -0.0898688
1 22.4017 18.4719 0.0136968 -0.0915571
1 23.5282 18.4714 0.0453998 -0.0821355
1 24.653 18.4712 0.06975 -0.0706782
1 25.775 18.4719 0.0857227 -0.0617107
1 26.8937 18.4723 0.0665489 -0.0615928
1 28.009 18.4712 0.0519288 -0.0633173
1 29.123 18.4695 0.0557058 -0.0608215
1 30.2396 18.4681 0.0652606 -0.0591534
1 31.3571 18.4674 0.0660713 -0.0695086
1 32.4738 18.4666 0.0552289 -0.0805628
1 33.5888 18.4667 0.0487351 -0.0815104
1 34.7013 18.4675 0.0431232 -0.0769535
1 35.8146 18.4683 0.0505817 -0.0750417
1 36.929 18.4702 0.0634421 -0.0692784
1 38.0421 18.4732 0.0563136 -0.066303
1 39.1535 18.4762 0.0394879 -0.0567954
1 40.2632 18.4791 0.031801 -0.0466178
1 41.3749 18.4811 0.0229157 -0.03518
1 42.489 18.4821 0.0165112 -0.0234787
1 43.6045 18.4824 0.00588613 -0.0147775
1 0.635614 19.4429 -0.0111128 -0.00863858
1 1.75119 19.4434 -0.0200839 -0.0142533
1 2.86564 19.4434 -0.0214609 -0.0236785
1 3.97795 19.4422 -0.0249342 -0.0343152
1 5.08857 19.4406 -0.0331546 -0.0460189
1 6.20012 19.438 -0.0545085 -0.0569093
1 7.31264 19.4353 -0.0683605 -0.0618457
1 8.42611 19.4327 -0.0570242 -0.0670387
1 9.53906 19.4317 -0.0438657 -0.0677485
1 10.6518 19.4311 -0.0465511 -0.0669418
1 11.7667 19.4313 -0.0541398 -0.066475
1 12.8834 19.4318 -0.0706808 -0.0566784
1 14.0008 19.4323 -0.0704647 -0.0431977
1 15.1165 19.4341 -0.0574265 -0.0407004
1 16.2301 19.437 -0.0559438 -0.0442751
1 17.3458 19.4392 -0.0772652 -0.0464758
1 18.4649 19.4389 -0.090337 -0.0493836
1 19.587 19.4374 -0.0652626 -0.0561969
1 20.7118 19.4364 -0.03893 -0.0654315
1 21.8385 19.4361 -0.0127917 -0.0713803
1 22.9655 19.4362 0.0263531 -0.0695965
1 24.0911 19.4369 0.0550826 -0.0606978
1 25.2146 19.4384 0.0789916 -0.0511668
1 26.3352 19.4394 0.0857112 -0.0485658
1 27.4522 19.4383 0.0690288 -0.046936
1 28.5662 19.4356 0.0506403 -0.0418358
1 29.681 19.4333 0.0514268 -0.0400263
1 30.798 19.4324 0.0718517 -0.0482754
1 31.9148 19.4317 0.071107 -0.0627374
1 33.0306 19.4313 0.0571042 -0.0667539
1 34.1447 19.4317 0.0469313 -0.064935
1 35.2576 19.4323 0.0408649 -0.0687023
1 36.3705 19.434 0.0516038 -0.0651178
1 37.483 19.4369 0.055193 -0.0581374
1 38.5948 19.4396 0.0414815 -0.0502149
1 39.7054 19.4417 0.031225 -0.0420613
1 40.8169 19.443 0.0306446 -0.0279877
1 41.9309 19.4437 0.0311296 -0.018707
1 43.0456 19.4436 0.0202734 -0.00865741
1 44.1661 19.4435 0.00481866 -0.00930239
1 0.0733198 20.4025 -0.00594108 0.000540735
1 1.19384 20.4038 -0.0251752 -0.00335349
1 2.30868 20.4042 -0.0313275 -0.00774851
1 3.42306 20.4042 -0.0264219 -0.0118141
1 4.53497 20.404 -0.0222954 -0.0194979
1 5.6468 20.4031 -0.0329169 -0.0275762
1 6.75939 20.4012 -0.0518869 -0.0368208
1 7.87178 20.3982 -0.0580828 -0.0438152
1 8.98416 20.396 -0.0508348 -0.0543518
1 10.0966 20.3951 -0.0556258 -0.0510707
1 11.2101 20.3945 -0.0609043 -0.0437754
1 12.3256 20.3947 -0.0742516 -0.0364286
1 13.4424 20.3955 -0.0770892 -0.0267591
1 14.5589 20.3971 -0.0584963 -0.0155877
1 15.6726 20.3996 -0.055202 -0.0128135
1 16.7862 20.4025 -0.0684579 -0.0199718
1 17.904 20.404 -0.0866968 -0.030411
1 19.0257 20.403 -0.0800785 -0.0372595
1 20.1499 20.4008 -0.0500181 -0.0402632
1 21.2752 20.3993 -0.0211559 -0.0377506
1 22.4015 20.399 0.00932922 -0.0367531
1 23.5274 20.4 0.032502 -0.0377186
1 24.6522 20.4019 0.062438 -0.039979
1 25.7755 20.4038 0.0920492 -0.0344661
1 26.896 20.4036 0.0781054 -0.0253706
1 28.0119 20.4011 0.0589664 -0.0162853
1 29.1246 20.3984 0.0640851 -0.0133774
1 30.239 20.3966 0.0774015 -0.0191659
1 31.3556 20.3955 0.0746895 -0.0324616
1 32.4723 20.3946 0.055519 -0.0395862
1 33.5871 20.3948 0.0519656 -0.0449405
1 34.6991 20.3957 0.0497124 -0.0524626
1 35.8112 20.3972 0.0584265 -0.0512829
1 36.9245 20.4 0.0680488 -0.0395659
1 38.0377 20.4024 0.0484852 -0.032174
1 39.1505 20.4037 0.0272655 -0.0217714
1 40.2623 20.4041 0.0191782 -0.0151714
1 41.3754 20.4045 0.021878 -0.00930987
1 42.4904 20.4041 0.0225059 -0.0032922
1 43.6062 20.404 0.0165562 -6.7239e-05
1 0.632812 21.3633 -0.0204409 0.00349563
1 1.74863 21.3643 -0.0206593 -0.000774724
1 2.86349 21.3646 -0.0183684 -0.0049388
1 3.97724 21.365 -0.0170082 -0.00844848
1 5.08981 21.365 -0.0223762 -0.0124635
1 6.20351 21.3643 -0.0405474 -0.0168213
1 7.31811 21.3624 -0.0579143 -0.0247704
1 8.43157 21.3604 -0.0544958 -0.0371942
1 9.54316 21.3586 -0.0573509 -0.0428877
1 10.6547 21.3573 -0.0640493 -0.0407525
1 11.7683 21.3566 -0.0632744 -0.0282517
1 12.8841 21.3571 -0.0804765 -0.0139117
1 14.0004 21.3588 -0.0847668 -0.00434845
1 15.1145 21.3614 -0.0702541 -0.000283319
1 16.2267 21.3638 -0.0560351 -0.00429016
1 17.3429 21.3654 -0.0715631 -0.0151238
1 18.4646 21.3655 -0.0871215 -0.028326
1 19.5889 21.3639 -0.0654655 -0.0332154
1 20.7138 21.362 -0.0403718 -0.0222269
1 21.8389 21.3608 -0.0139989 -0.0115568
1 22.9639 21.3613 0.0249771 -0.0158946
1 24.0887 21.363 0.0546083 -0.0301142
1 25.2135 21.3649 0.0771481 -0.0330185
1 26.3369 21.3657 0.081433 -0.0226379
1 27.4558 21.3649 0.066815 -0.00903546
1 28.5692 21.3628 0.0608137 -0.000232161
1 29.682 21.3602 0.0680561 -0.000890278
1 30.7978 21.3582 0.0853468 -0.00871935
1 31.914 21.3571 0.079645 -0.019531
1 33.0285 21.3571 0.0694401 -0.0345232
1 34.1411 21.3579 0.0641268 -0.0431598
1 35.2529 21.3595 0.0485954 -0.0405435
1 36.3652 21.3617 0.0486183 -0.0303255
1 37.4787 21.3638 0.0436115 -0.0181156
1 38.5925 21.3648 0.0229687 -0.0160328
1 39.7051 21.365 0.0154522 -0.009968
1 40.8174 21.3649 0.0239244 -0.00671853
1 41.9321 21.3644 0.0315277 -0.00294796
1 43.0466 21.3641 0.0257344 0.00146252
1 44.1672 21.364 0.00954348 0.00787656
1 0.0711614 22.3232 -0.0108174 0.00793578
1 1.19146 22.3239 -0.0275724 -0.00103008
1 2.30629 22.3243 -0.0301995 -0.00205961
1 3.4212 22.3245 -0.0244213 -0.00662955
1 4.53452 22.3248 -0.0172081 -0.00585255
1 5.64786 22.3249 -0.0235372 -0.00986618
1 6.76272 22.3243 -0.0366583 -0.0116055
1 7.8771 22.3231 -0.0405099 -0.0187091
1 8.99006 22.3216 -0.0443617 -0.0256345
1 10.1016 22.3202 -0.0676905 -0.033168
1 11.2131 22.3194 -0.0843806 -0.0270857
1 12.3262 22.3188 -0.0982631 -0.00998766
1 13.4408 22.3196 -0.0937257 0.000728956
1 14.556 22.322 -0.067239 0.00515581
1 15.6694 22.3241 -0.0548768 0.00383723
1 16.7838 22.3252 -0.0570029 -0.00626138
1 17.9034 22.3254 -0.0711408 -0.0186349
1 19.0271 22.3249 -0.0790368 -0.0224022
1 20.1522 22.3237 -0.0678022 -0.0168918
1 21.2765 22.3226 -0.0379576 -0.00604349
1 22.4005 22.3222 0.0153559 -0.0021015
1 23.5251 22.3231 0.0514634 -0.0107244
1 24.6504 22.3243 0.0721542 -0.0222705
1 25.7753 22.3253 0.0819938 -0.0240404
1 26.8975 22.3256 0.0620957 -0.0140455
1 28.0145 22.325 0.050839 -3.92547e-05
1 29.1275 22.3234 0.066711 0.00640504
1 30.2412 22.3209 0.0906515 0.00460425
1 31.3561 22.3192 0.0991711 -0.00324222
1 32.4704 22.3192 0.0846749 -0.0178727
1 33.5831 22.3199 0.0722733 -0.031824
1 34.6938 22.321 0.0527745 -0.0298438
1 35.8059 22.3226 0.0490215 -0.0220426
1 36.9204 22.3237 0.0526729 -0.0138248
1 38.0357 22.3249 0.0352827 -0.00864315
1 39.1505 22.3251 0.0160509 -0.00718607
1 40.2634 22.325 0.0117313 -0.00680502
1 41.3769 22.3243 0.0154758 -0.00458499
1 42.4913 22.3243 0.0202008 0.000274488
1 43.6065 22.3236 0.0173011 0.00339931
1 0.631444 23.2839 -0.0160904 0.00219633
1 1.7472 23.2836 -0.0159917 0.000759465
1 2.86204 23.2837 -0.0107162 -0.000296025
1 3.9761 23.2839 -0.011674 0.00171876
1 5.08917 23.2839 -0.0131104 0.000714851
1 6.20403 23.2842 -0.0328644 0.00167861
1 7.32031 23.2839 -0.046672 0.000544371
1 8.43555 23.2834 -0.0447108 -0.00406812
1 9.5479 23.2827 -0.0535127 -0.00793472
1 10.6587 23.2823 -0.0785206 -0.00953585
1 11.7706 23.282 -0.0932239 -0.00301463
1 12.8835 23.282 -0.108145 0.00246497
1 13.9971 23.2826 -0.0972948 0.00546935
1 15.1113 23.2836 -0.0645807 0.00739095
1 16.2254 23.2842 -0.0369972 0.00390833
1 17.3429 23.2844 -0.0528657 -0.0027009
1 18.4652 23.2843 -0.0858092 -0.00527393
1 19.59 23.284 -0.0808315 -0.00341564
1 20.7149 23.2837 -0.056103 0.00145318
1 21.8392 23.2834 -0.0169449 0.00224665
1 22.9632 23.2834 0.0372224 0.00163848
1 24.0876 23.2838 0.0722777 -0.00198509
1 25.2127 23.2843 0.0847437 -0.00554899
1 26.3365 23.2846 0.0693457 -0.00541207
1 27.4562 23.2846 0.0444437 -0.000774579
1 28.5714 23.2844 0.0448737 0.00612831
1 29.6855 23.2835 0.0687234 0.00794121
1 30.8 23.2823 0.106839 0.00471953
1 31.913 23.2818 0.114789 0.000376211
1 33.0253 23.2822 0.0947388 -0.00643468
1 34.1368 23.2828 0.0661395 -0.00843866
1 35.2485 23.2833 0.036795 -0.00466085
1 36.3617 23.2837 0.0329365 -0.00194204
1 37.4764 23.2841 0.0308132 0.00152597
1 38.592 23.2843 0.0210009 0.000602839
1 39.7057 23.2842 0.0180443 0.00336764
1 40.8191 23.2841 0.0241559 0.00155381
1 41.9335 23.284 0.0297463 0.00058849
1 43.0479 23.2839 0.0287351 -0.00149092
1 44.168 23.2827 0.0165549 0.00395019
1 0.0720309 24.2447 -0.0161408 -0.00430879
1 1.19214 24.2436 -0.0278268 0.00174279
1 2.30662 24.2435 -0.0302478 0.000582196
1 3.42105 24.2433 -0.0244748 -0.000263808
1 4.53457 24.2431 -0.0178133 -0.00217052
1 5.64827 24.2431 -0.0233461 0.000561636
1 6.76371 24.2433 -0.0322433 0.0001887
1 7.87829 24.2437 -0.0337727 0.00310872
1 8.99151 24.244 -0.0373664 0.00612232
1 10.1032 24.2444 -0.0678005 0.00952033
1 11.2145 24.2449 -0.095268 0.00657797
1 12.3268 24.2454 -0.114229 -0.00066017
1 13.4399 24.245 -0.105952 -0.00485611
1 14.5547 24.2439 -0.0677681 -0.00781892
1 15.6687 24.243 -0.0434126 -0.00600899
1 16.7838 24.2428 -0.043682 0.000886874
1 17.9035 24.2429 -0.0681899 0.00550021
1 19.0273 24.2432 -0.0844162 0.00551606
1 20.1524 24.2437 -0.0734575 0.00219737
1 21.2767 24.244 -0.0395218 -0.00150142
1 22.4006 24.244 0.0154792 -0.00188871
1 23.525 24.2438 0.0549146 -0.00127108
1 24.65 24.2435 0.0801125 0.00348349
1 25.7748 24.2432 0.0850062 0.00559627
1 26.8972 24.2431 0.0531815 0.00307192
1 28.0149 24.2432 0.0384637 -0.00361399
1 29.129 24.2437 0.0633178 -0.00738103
1 30.243 24.2446 0.0969691 -0.00567363
1 31.3565 24.2453 0.109507 -0.00211144
1 32.4692 24.2451 0.0951302 0.00310662
1 33.5812 24.2448 0.0784961 0.0101564
1 34.6918 24.2445 0.0514219 0.00902772
1 35.8043 24.244 0.0448608 0.00513427
1 36.9196 24.2435 0.0493079 0.000861835
1 38.0359 24.2431 0.035076 -0.000104394
1 39.151 24.2434 0.012965 0.000493759
1 40.264 24.2434 0.0103305 -0.000328046
1 41.378 24.2437 0.0113499 0.001173
1 42.4929 24.2438 0.0171379 2.50091e-06
1 43.6086 24.2436 0.0165054 -0.00219994
1 0.633579 25.2041 -0.0163815 -0.00311712
1 1.74893 25.2034 -0.0190515 -0.00037393
1 2.86335 25.2032 -0.0145154 0.00445646
1 3.97682 25.2025 -0.0129796 0.00603918
1 5.08979 25.2025 -0.0161877 0.00646024
1 6.2044 25.2027 -0.0339919 0.00798642
1 7.31973 25.2038 -0.050368 0.0136785
1 8.43411 25.2049 -0.0496685 0.022373
1 9.54609 25.2065 -0.0542438 0.0305961
1 10.6569 25.2075 -0.0717288 0.0323604
1 11.7694 25.2081 -0.0821391 0.017612
1 12.8838 25.2082 -0.0974331 0.00222059
1 13.9989 25.2065 -0.0906975 -0.00455179
1 15.1128 25.2041 -0.0681845 -0.00626058
1 16.2257 25.2025 -0.049489 -0.000279307
1 17.3426 25.202 -0.0611724 0.0138014
1 18.4648 25.2023 -0.0821324 0.0240462
1 19.5896 25.2033 -0.0724093 0.0220744
1 20.7148 25.2045 -0.0520867 0.0108731
1 21.8393 25.2053 -0.017078 0.00197045
1 22.9633 25.205 0.035754 0.00556361
1 24.0877 25.2039 0.0662925 0.0167228
1 25.2128 25.2028 0.0783572 0.0225513
1 26.3366 25.2023 0.0715255 0.0186939
1 27.4562 25.2024 0.0579187 0.00674086
1 28.5707 25.2034 0.0562332 -0.00405777
1 29.6841 25.2054 0.0678888 -0.00562751
1 30.7991 25.2078 0.094532 -0.000745543
1 31.9136 25.2085 0.0979088 0.0104409
1 33.0268 25.2079 0.0834275 0.0271626
1 34.1383 25.2072 0.0663126 0.0335761
1 35.2497 25.2058 0.0443298 0.0254867
1 36.3628 25.2043 0.0401439 0.019119
1 37.4773 25.2032 0.035047 0.0104899
1 38.5923 25.2026 0.0208808 0.010231
1 39.7056 25.2028 0.017217 0.00521477
1 40.8188 25.203 0.0234507 0.00604381
1 41.9337 25.2033 0.0294136 0.0012204
1 43.0484 25.2036 0.0279974 0.000713734
1 44.1687 25.2044 0.0108403 -0.00774473
1 0.07291 26.1638 -0.00856881 -0.00668742
1 1.19351 26.1637 -0.0243348 -0.000451357
1 2.30817 26.1633 -0.0310577 0.003932
1 3.42276 26.1629 -0.0235798 0.00764029
1 4.53514 26.1627 -0.0149869 0.0104426
1 5.64775 26.1629 -0.0252232 0.0158612
1 6.76158 26.164 -0.0454301 0.0200381
1 7.8749 26.1661 -0.0502802 0.0312147
1 8.98712 26.1682 -0.0497211 0.042841
1 10.099 26.1697 -0.0651428 0.0452191
1 11.2115 26.1704 -0.0694595 0.0368391
1 12.3257 26.1704 -0.0797275 0.0201946
1 13.442 26.1695 -0.084501 0.00948233
1 14.5581 26.1673 -0.0675414 0.0019632
1 15.671 26.1647 -0.0597437 0.00131854
1 16.7843 26.1627 -0.0653862 0.0102037
1 17.9032 26.1619 -0.0804659 0.024061
1 19.0265 26.1627 -0.0779502 0.0338724
1 20.1513 26.1646 -0.055731 0.0315001
1 21.276 26.1664 -0.0264518 0.0175674
1 22.4009 26.1668 0.0141517 0.0123077
1 23.526 26.1657 0.0396019 0.0228202
1 24.6509 26.1637 0.0646639 0.0343467
1 25.7754 26.1622 0.0864081 0.0299192
1 26.8972 26.1623 0.0717334 0.0170085
1 28.0135 26.1639 0.057334 0.00574719
1 29.1258 26.1662 0.0691223 0.000909783
1 30.2396 26.1687 0.0847365 0.00493378
1 31.3558 26.1704 0.0819331 0.0158184
1 32.4716 26.1709 0.0648793 0.0300372
1 33.5852 26.1703 0.0643154 0.0423296
1 34.6965 26.1689 0.0564916 0.0443023
1 35.8082 26.1672 0.0552049 0.0390522
1 36.9217 26.1652 0.060355 0.0257645
1 38.0363 26.1633 0.0415042 0.0177985
1 39.1502 26.1627 0.0224103 0.0130623
1 40.2628 26.1627 0.0159045 0.00937462
1 41.3765 26.163 0.0195227 0.00556849
1 42.4913 26.1633 0.0217719 0.000984254
1 43.607 26.1642 0.021236 -0.00371037
1 0.634057 27.1238 -0.0162316 0.000323598
1 1.74989 27.1237 -0.0209232 0.00370211
1 2.8648 27.1233 -0.0205018 0.00948927
1 3.97795 27.1236 -0.0202472 0.0154427
1 5.08974 27.1241 -0.0274901 0.0225441
1 6.20226 27.1254 -0.0481851 0.0324349
1 7.31548 27.1277 -0.0661685 0.0406504
1 8.42876 27.1304 -0.0580368 0.051415
1 9.54081 27.1319 -0.0503045 0.053812
1 10.6529 27.1327 -0.0512729 0.0463942
1 11.7676 27.1328 -0.0534245 0.040357
1 12.8843 27.1321 -0.0731253 0.0323313
1 14.001 27.131 -0.0776542 0.020113
1 15.1156 27.1291 -0.0663023 0.0143142
1 16.2283 27.1263 -0.0584957 0.0171858
1 17.3442 27.1239 -0.0781857 0.0255158
1 18.4645 27.1237 -0.0928314 0.0344866
1 19.5877 27.1256 -0.0630295 0.0402769
1 20.7126 27.1276 -0.0323593 0.0383005
1 21.8386 27.1286 -0.0108924 0.0375329
1 22.9647 27.1282 0.0206288 0.0375602
1 24.09 27.1267 0.0491647 0.0402703
1 25.2141 27.1246 0.0795221 0.0379159
1 26.336 27.1236 0.087903 0.0311862
1 27.4539 27.125 0.0703871 0.0209715
1 28.5676 27.1279 0.0569533 0.0136435
1 29.6812 27.1304 0.0596944 0.0163308
1 30.7975 27.1318 0.0778223 0.0274549
1 31.9142 27.1328 0.0738748 0.0376609
1 33.0298 27.1331 0.0599531 0.0439868
1 34.1434 27.1325 0.0543776 0.0517277
1 35.2558 27.1314 0.0495439 0.0548568
1 36.3681 27.1293 0.0572113 0.045027
1 37.4806 27.1264 0.050517 0.036909
1 38.5931 27.1245 0.0307091 0.0283789
1 39.705 27.1236 0.0224568 0.0197526
1 40.8168 27.1234 0.0261632 0.0111917
1 41.9312 27.1234 0.0318413 0.00828692
1 43.046 27.1238 0.0252987 0.00356251
1 44.1665 27.125 0.00563459 -0.000995334
1 0.0740801 28.0845 -0.00483781 0.00869666
1 1.1946 28.0844 -0.020972 0.00719528
1 2.30933 28.0842 -0.0309771 0.0167326
1 3.42321 28.0849 -0.0322434 0.0271151
1 4.5347 28.0861 -0.0318501 0.0405442
1 5.64528 28.0881 -0.043657 0.0479443
1 6.75714 28.0908 -0.0565401 0.0558266
1 7.86957 28.0937 -0.0528935 0.0620049
1 8.98257 28.0953 -0.0418395 0.0661816
1 10.0955 28.0959 -0.0477106 0.0619515
1 11.2095 28.0962 -0.0571887 0.0645265
1 12.325 28.0959 -0.0706899 0.0597143
1 13.4418 28.0953 -0.0712408 0.0464106
1 14.559 28.0943 -0.0512001 0.0383265
1 15.6738 28.0919 -0.0497056 0.0399336
1 16.7878 28.0892 -0.0680089 0.0440418
1 17.9048 28.0882 -0.085555 0.0460034
1 19.0252 28.0892 -0.0803721 0.0486025
1 20.1488 28.0906 -0.0561348 0.0581293
1 21.2744 28.0913 -0.0266565 0.0670449
1 22.4015 28.0915 0.0128626 0.0686986
1 23.528 28.0911 0.0393247 0.0629333
1 24.6529 28.0901 0.0652148 0.0541558
1 25.7751 28.0886 0.0902274 0.0472973
1 26.8944 28.0884 0.0780238 0.0442059
1 28.0101 28.0906 0.0570986 0.0419806
1 29.1239 28.0934 0.0560357 0.0384932
1 30.2394 28.0951 0.0702678 0.041003
1 31.3565 28.0957 0.0717793 0.0551532
1 32.4731 28.0964 0.0557798 0.0641417
1 33.588 28.0965 0.0465498 0.0634781
1 34.7007 28.0959 0.0430823 0.0636906
1 35.8137 28.0948 0.0574014 0.0652111
1 36.9272 28.0923 0.0708843 0.0594529
1 38.0397 28.0895 0.0559937 0.0550446
1 39.1515 28.087 0.0333003 0.0432491
1 40.2621 28.0854 0.0237381 0.0321491
1 41.3743 28.0843 0.0228046 0.0218673
1 42.4888 28.0843 0.0221797 0.0127622
1 43.6043 28.0847 0.0119643 0.00827742
1 0.635611 29.0456 -0.00539265 0.0148401
1 1.75117 29.0458 -0.0156387 0.0231587
1 2.86514 29.0468 -0.0224488 0.0352118
1 3.97684 29.0488 -0.0335384 0.0467069
1 5.08667 29.0516 -0.0404569 0.0573246
1 6.19789 29.0545 -0.0553465 0.0646806
1 7.31098 29.0574 -0.0612848 0.067641
1 8.42537 29.0593 -0.0495775 0.0727043
1 9.53865 29.0601 -0.0431708 0.0756897
1 10.6513 29.0608 -0.0479432 0.0800618
1 11.7662 29.0609 -0.0533139 0.0787876
1 12.8828 29.0603 -0.0642777 0.0679252
1 14.0004 29.0595 -0.0653226 0.0586791
1 15.1171 29.058 -0.0572405 0.0599516
1 16.2311 29.0562 -0.0522016 0.0620332
1 17.3463 29.0551 -0.0677015 0.0600932
1 18.4649 29.0555 -0.0867014 0.0604229
1 19.5869 29.0562 -0.0703035 0.0694149
1 20.7116 29.056 -0.0451502 0.0806682
1 21.8382 29.0556 -0.0144188 0.0901196
1 22.9652 29.056 0.0303895 0.0896103
1 24.0907 29.0564 0.0632033 0.0770552
1 25.2143 29.056 0.0820432 0.0631803
1 26.3348 29.0552 0.0773698 0.0591743
1 27.4515 29.0556 0.059652 0.0613546
1 28.5655 29.0571 0.050121 0.0608299
1 29.6811 29.059 0.0520505 0.0585351
1 30.799 29.0601 0.0658305 0.0635148
1 31.9158 29.0608 0.0659705 0.0756243
1 33.0315 29.0612 0.0585922 0.0809782
1 34.1453 29.061 0.0441402 0.0783065
1 35.2581 29.0602 0.0320897 0.0756872
1 36.3715 29.0587 0.044466 0.069051
1 37.4843 29.0561 0.0531374 0.0650627
1 38.5959 29.0531 0.0442561 0.0611501
1 39.706 29.0501 0.0400371 0.0504926
1 40.8163 29.0476 0.0398741 0.0389787
1 41.9292 29.0462 0.035031 0.0265524
1 43.0432 29.0458 0.0236504 0.0178982
1 44.1631 29.0457 0.0105428 0.0167895
1 0.0787248 30.0084 -0.0107059 0.0215855
1 1.19764 30.0081 -0.0300675 0.0331734
1 2.31061 30.0096 -0.0423325 0.0454395
1 3.4227 30.0124 -0.0473215 0.0590684
1 4.5325 30.0157 -0.0433166 0.0675897
1 5.64281 30.019 -0.0415989 0.0754427
1 6.75534 30.022 -0.0443917 0.0770636
1 7.86875 30.0242 -0.0417648 0.0816528
1 8.98202 30.026 -0.03681 0.0890362
1 10.0947 30.0273 -0.04541 0.096165
1 11.2083 30.0273 -0.0540232 0.0957354
1 12.324 30.0269 -0.064968 0.085007
1 13.4413 30.0264 -0.0657002 0.0814755
1 14.5592 30.0252 -0.0512914 0.0806548
1 15.6746 30.0242 -0.0461027 0.0759837
1 16.7888 30.0242 -0.0504972 0.07584
1 17.9052 30.0246 -0.0685924 0.080106
1 19.0256 30.0247 -0.0798304 0.0829731
1 20.1496 30.024 -0.0658438 0.0946778
1 21.2748 30.0229 -0.0344218 0.108125
1 22.4007 30.0226 0.0145062 0.10999
1 23.5271 30.0235 0.0477503 0.100136
1 24.6526 30.0245 0.0715115 0.0891195
1 25.7752 30.0248 0.0802278 0.0821137
1 26.8938 30.0245 0.0586816 0.0778752
1 28.0091 30.0243 0.0467883 0.0757988
1 29.1232 30.0247 0.0547604 0.0783784
1 30.2394 30.0259 0.0666837 0.0784394
1 31.3571 30.0269 0.0643511 0.0834405
1 32.4743 30.0276 0.0500844 0.0934674
1 33.5891 30.0279 0.0476355 0.0981442
1 34.7012 30.0271 0.0443842 0.0927056
1 35.814 30.0255 0.0460714 0.0873002
1 36.9285 30.0235 0.0572595 0.0764654
1 38.0422 30.0205 0.0502321 0.0719729
1 39.154 30.0173 0.0387017 0.0696874
1 40.2637 30.0137 0.039656 0.0631924
1 41.3744 30.0108 0.033365 0.0539491
1 42.4871 30.0086 0.0215847 0.0375093
1 43.602 30.0076 0.010321 0.0244072
1 0.640105 30.9716 -0.023485 0.0347994
1 1.75364 30.9734 -0.0309259 0.0524013
1 2.86534 30.9764 -0.0393588 0.0678333
1 3.97601 30.9799 -0.0413075 0.0702077
1 5.08659 30.9833 -0.0369444 0.0746299
1 6.19902 30.9864 -0.0439845 0.0790145
1 7.31289 30.9896 -0.0565772 0.0861844
1 8.42659 30.9925 -0.046218 0.096618
1 9.53894 30.9944 -0.0409903 0.103759
1 10.6515 30.995 -0.0438008 0.105747
1 11.7664 30.9943 -0.0497066 0.0983591
1 12.8837 30.9938 -0.0634758 0.0913352
1 14.0015 30.9936 -0.0641393 0.0875444
1 15.1173 30.993 -0.0503479 0.0855798
1 16.2306 30.9937 -0.040563 0.083965
1 17.3456 30.995 -0.0569437 0.0877631
1 18.4646 30.9951 -0.0799341 0.0954549
1 19.5874 30.9937 -0.0714627 0.104449
1 20.7128 30.9922 -0.0505139 0.112985
1 21.8386 30.9915 -0.0145778 0.120073
1 22.9643 30.9917 0.0356501 0.119081
1 24.0896 30.9928 0.0647851 0.108654
1 25.2141 30.9945 0.0761832 0.0994289
1 26.3356 30.9954 0.0681966 0.0936103
1 27.4522 30.9946 0.0494953 0.0868428
1 28.5656 30.9933 0.0390985 0.0834692
1 29.6805 30.9932 0.0479371 0.0861769
1 30.7981 30.9939 0.0692001 0.0891871
1 31.9151 30.9945 0.0635345 0.0961662
1 33.031 30.9952 0.0507483 0.104305
1 34.145 30.9952 0.0458436 0.103818
1 35.2575 30.9937 0.0387091 0.100506
1 36.3703 30.9912 0.0419585 0.0914774
1 37.4837 30.9881 0.0427997 0.0812501
1 38.5962 30.9849 0.0302817 0.0756115
1 39.707 30.9815 0.0352429 0.0746065
1 40.8169 30.978 0.0474012 0.0695458
1 41.9286 30.9746 0.0465781 0.0573603
1 43.0404 30.9719 0.03676 0.0420502
1 44.1584 30.9713 0.0144747 0.0290362
1 0.0842492 31.9365 -0.0253815 0.0414254
1 1.20068 31.9381 -0.0463501 0.0527582
1 2.31216 31.9412 -0.0508444 0.0614551
1 3.42407 31.9443 -0.0439762 0.0621268
1 4.53486 31.9472 -0.031065 0.0656083
1 5.64616 31.9506 -0.0282522 0.0678765
1 6.75845 31.9543 -0.0438669 0.0780351
1 7.87105 31.9581 -0.0458121 0.0835641
1 8.98395 31.961 -0.036668 0.0931669
1 10.0969 31.9619 -0.0438167 0.0936038
1 11.2107 31.9616 -0.0521454 0.0901327
1 12.3262 31.9611 -0.0624502 0.0830145
1 13.4434 31.9608 -0.0652203 0.0719368
1 14.5604 31.9612 -0.0466618 0.0655083
1 15.6744 31.9627 -0.0353941 0.0662543
1 16.7873 31.9648 -0.0430153 0.0710272
1 17.9039 31.9651 -0.0669613 0.0788428
1 19.0256 31.9635 -0.0787082 0.0866223
1 20.1502 31.9614 -0.0663012 0.09613
1 21.2753 31.96 -0.038323 0.101454
1 22.4008 31.9598 0.0113108 0.100558
1 23.5267 31.9606 0.048342 0.0975389
1 24.6522 31.9624 0.0751931 0.0928743
1 25.7756 31.9645 0.0813065 0.0842341
1 26.8953 31.9653 0.0547421 0.0745603
1 28.0103 31.964 0.041833 0.0679828
1 29.1229 31.962 0.0473969 0.0668735
1 30.2379 31.9611 0.0593955 0.0676358
1 31.3551 31.9613 0.0647475 0.0759744
1 32.472 31.9619 0.0483958 0.0887137
1 33.5868 31.9623 0.0397508 0.0944319
1 34.6991 31.9619 0.0390152 0.0931439
1 35.8117 31.9599 0.0455209 0.0862884
1 36.9251 31.9562 0.05495 0.0809095
1 38.0382 31.9525 0.0446876 0.0738136
1 39.1507 31.9487 0.0309654 0.0646073
1 40.2619 31.9456 0.0361068 0.0623372
1 41.3734 31.9421 0.0411082 0.0637139
1 42.4853 31.939 0.0378929 0.0584146
1 43.5984 31.9363 0.0349114 0.0444544
1 0.642414 32.9034 -0.0474168 0.0593588
1 1.75622 32.9056 -0.0421518 0.0619473
1 2.86942 32.9077 -0.0401581 0.0609763
1 3.98161 32.9108 -0.0382044 0.0631328
1 5.09269 32.9141 -0.0327169 0.0682445
1 6.20425 32.9184 -0.0458126 0.0734775
1 7.31682 32.9225 -0.0548665 0.0751788
1 8.43031 32.9259 -0.0454607 0.0802531
1 9.54335 32.9274 -0.0421465 0.0842365
1 10.6555 32.9277 -0.0436882 0.0813271
1 11.77 32.9271 -0.0458634 0.0715638
1 12.887 32.9263 -0.0609099 0.0556491
1 14.0035 32.9271 -0.0626071 0.0424446
1 15.1177 32.9294 -0.0469877 0.0373566
1 16.2301 32.9321 -0.0387117 0.0394099
1 17.3452 32.9327 -0.0564128 0.0476054
1 18.465 32.9311 -0.0839834 0.0597429
1 19.5884 32.9286 -0.0783656 0.0640488
1 20.7135 32.9266 -0.052586 0.0630396
1 21.8387 32.9258 -0.013281 0.0642611
1 22.9638 32.9259 0.0375624 0.0670777
1 24.0889 32.9273 0.0667963 0.0652825
1 25.2136 32.9298 0.0831734 0.0611697
1 26.3358 32.9323 0.0748611 0.0557008
1 27.4533 32.9328 0.0488545 0.0456529
1 28.5662 32.9312 0.0347147 0.0381793
1 29.6792 32.9287 0.0404814 0.0412822
1 30.7951 32.927 0.0621875 0.0480648
1 31.9113 32.927 0.0626731 0.0612181
1 33.0269 32.9278 0.0509333 0.0764438
1 34.1406 32.9279 0.0429834 0.0843681
1 35.2534 32.9269 0.0373527 0.0837492
1 36.3666 32.9245 0.0415702 0.0783558
1 37.4789 32.9207 0.0437175 0.0768553
1 38.5907 32.9164 0.0343299 0.0700639
1 39.7015 32.9121 0.0330688 0.0675406
1 40.8128 32.909 0.0414712 0.0599818
1 41.9257 32.9063 0.0502996 0.0631909
1 43.0377 32.9039 0.0507498 0.0631298
1 44.1535 32.9021 0.0331845 0.0552637
1 0.0874991 33.8704 -0.0450509 0.0724331
1 1.20427 33.87 -0.0538245 0.063463
1 2.31773 33.871 -0.0544392 0.059157
1 3.4309 33.8735 -0.0546511 0.0630887
1 4.5422 33.8772 -0.0449165 0.0672314
1 5.65272 33.8818 -0.0386031 0.0707218
1 6.7646 33.8858 -0.0438319 0.0716348
1 7.87685 33.889 -0.0417917 0.0795302
1 8.98989 33.8909 -0.039815 0.0838403
1 10.1024 33.8918 -0.0453216 0.0776525
1 11.2159 33.8911 -0.0495752 0.0690899
1 12.3312 33.89 -0.0631399 0.0543328
1 13.4464 33.8904 -0.066687 0.0328839
1 14.5616 33.8928 -0.0440672 0.0206825
1 15.675 33.8956 -0.0375718 0.0211421
1 16.7882 33.8964 -0.0539272 0.0286995
1 17.906 33.8949 -0.0794753 0.0347235
1 19.0284 33.8923 -0.0878282 0.0367141
1 20.1523 33.8897 -0.0693624 0.0372172
1 21.2762 33.8881 -0.0395933 0.0342792
1 22.4007 33.8879 0.0130165 0.0301163
1 23.5253 33.8887 0.0533242 0.0364163
1 24.6498 33.8907 0.0800024 0.0415358
1 25.7733 33.8935 0.0915718 0.0366121
1 26.8941 33.8961 0.0630179 0.0328205
1 28.0099 33.8967 0.045126 0.0270115
1 29.1221 33.8951 0.0504261 0.0200487
1 30.2354 33.8921 0.057352 0.0253501
1 31.3507 33.8904 0.0615596 0.0423844
1 32.4668 33.8908 0.05033 0.0597348
1 33.5813 33.8918 0.0432189 0.0728533
1 34.6933 33.8916 0.044742 0.0844233
1 35.8062 33.8903 0.0530335 0.0848058
1 36.9201 33.8878 0.0575811 0.076349
1 38.0329 33.8839 0.0497141 0.07249
1 39.1445 33.8794 0.0367993 0.0682258
1 40.2549 33.8749 0.0438952 0.0662788
1 41.3671 33.8716 0.045336 0.0624708
1 42.4813 33.8699 0.0443446 0.0605712
1 43.5961 33.8693 0.0479548 0.0659827
1 0.646242 34.8358 -0.0436155 0.0723285
1 1.76171 34.8344 -0.0468257 0.0669056
1 2.87552 34.8362 -0.0574152 0.0697898
1 3.9876 34.8399 -0.054277 0.0708749
1 5.09858 34.845 -0.0449247 0.0741621
1 6.21057 34.8491 -0.0554687 0.0820835
1 7.32353 34.8531 -0.0636663 0.0907076
1 8.43701 34.8553 -0.0559728 0.0981941
1 9.54992 34.856 -0.0509284 0.0912269
1 10.662 34.8559 -0.0480786 0.0876104
1 11.7762 34.8547 -0.0542067 0.0747492
1 12.8914 34.8545 -0.0654558 0.0532487
1 14.006 34.8564 -0.0626265 0.0415728
1 15.1197 34.8591 -0.05913 0.0393138
1 16.2327 34.8599 -0.0552458 0.043499
1 17.3489 34.8581 -0.0656582 0.0470444
1 18.4696 34.8553 -0.09591 0.0482669
1 19.5925 34.8528 -0.0847125 0.0457089
1 20.7158 34.851 -0.04941 0.0413565
1 21.8392 34.8498 -0.0125179 0.0391111
1 22.9625 34.85 0.0355024 0.0399963
1 24.0857 34.8519 0.0671701 0.044598
1 25.2094 34.8541 0.0923901 0.0477968
1 26.3316 34.8568 0.0910905 0.0492563
1 27.45 34.8596 0.061517 0.0492282
1 28.564 34.8603 0.0466008 0.0416471
1 29.6774 34.8584 0.051165 0.0366865
1 30.792 34.8559 0.0660692 0.0437071
1 31.9065 34.8547 0.0661629 0.0623964
1 33.0209 34.8556 0.0565181 0.082198
1 34.1343 34.8565 0.047045 0.0891996
1 35.2468 34.8558 0.0431541 0.0975349
1 36.3599 34.8546 0.0511306 0.100961
1 37.4724 34.8516 0.0497309 0.0878933
1 38.5843 34.8476 0.0414158 0.0804453
1 39.6953 34.8425 0.0506471 0.0706541
1 40.8065 34.8377 0.067185 0.0719284
1 41.9198 34.8346 0.0672306 0.0667582
1 43.0336 34.8341 0.0583544 0.0689866
1 44.1514 34.8362 0.049688 0.0819939
1 0.0894619 35.8021 -0.049586 0.0830125
1 1.2081 35.799 -0.0636302 0.0842724
1 2.32125 35.7999 -0.0764458 0.0804341
1 3.43455 35.803 -0.0739042 0.0767825
1 4.54636 35.8084 -0.0586885 0.0767896
1 5.65812 35.8142 -0.0553815 0.0923251
1 6.77028 35.8185 -0.0631966 0.102395
1 7.88332 35.8213 -0.0599486 0.11074
1 8.99678 35.8223 -0.0508075 0.109112
1 10.1092 35.8231 -0.0534573 0.105625
1 11.2221 35.8224 -0.0579698 0.0977
1 12.3358 35.8217 -0.0703493 0.0788
1 13.4495 35.8232 -0.0771756 0.0666813
1 14.5647 35.8255 -0.0617919 0.0664342
1 15.6788 35.8261 -0.0564067 0.0687712
1 16.7938 35.8243 -0.0667275 0.0735369
1 17.9123 35.8217 -0.0890398 0.0709221
1 19.0334 35.8192 -0.0916101 0.0661124
1 20.1559 35.8173 -0.0642739 0.0612848
1 21.278 35.8161 -0.0368286 0.0593355
1 22.4001 35.8159 0.00891263 0.0587762
1 23.5224 35.8167 0.051213 0.0600378
1 24.6452 35.8184 0.0802007 0.0666354
1 25.7681 35.8204 0.0968649 0.0704655
1 26.8885 35.8233 0.0775158 0.0718606
1 28.0051 35.8259 0.0634188 0.0731141
1 29.1188 35.8265 0.068925 0.0670209
1 30.2325 35.8249 0.0739134 0.0626055
1 31.3471 35.8227 0.0677923 0.0708383
1 32.4619 35.8223 0.0559176 0.0905845
1 33.5754 35.8234 0.0550715 0.103986
1 34.687 35.8232 0.0541749 0.110042
1 35.7995 35.8225 0.0579993 0.112598
1 36.9135 35.8205 0.0722583 0.105372
1 38.0269 35.8164 0.0695645 0.097684
1 39.1396 35.8115 0.061308 0.0849482
1 40.2515 35.8055 0.0643245 0.0777789
1 41.3638 35.801 0.0679344 0.0852593
1 42.4768 35.7987 0.0554038 0.0854852
1 43.5913 35.7999 0.0422106 0.083466
1 0.650984 36.7649 -0.0500084 0.0886655
1 1.76412 36.7643 -0.0547979 0.0916211
1 2.87648 36.7658 -0.0676828 0.0843968
1 3.98858 36.7703 -0.0752813 0.0748713
1 5.10095 36.7768 -0.0798373 0.07723
1 6.21461 36.7825 -0.0826961 0.0897357
1 7.32891 36.7864 -0.0827312 0.100108
1 8.44318 36.7888 -0.0672658 0.106886
1 9.55558 36.79 -0.0608768 0.103264
1 10.6672 36.7905 -0.0587552 0.0949614
1 11.7802 36.7899 -0.0600985 0.0829905
1 12.8942 36.7903 -0.0747973 0.0700676
1 14.0095 36.792 -0.0834294 0.067383
1 15.1246 36.7924 -0.0836781 0.0684357
1 16.239 36.7908 -0.0734715 0.0702275
1 17.3558 36.7885 -0.076409 0.0652836
1 18.4754 36.786 -0.0953503 0.0586544
1 19.5969 36.7845 -0.0759488 0.054871
1 20.7185 36.7838 -0.0436873 0.0480683
1 21.8397 36.7831 -0.0110126 0.0467746
1 22.9613 36.7833 0.034234 0.0499418
1 24.0825 36.7843 0.0649833 0.0518154
1 25.2041 36.7855 0.0870267 0.0573475
1 26.3251 36.7872 0.0906174 0.064162
1 27.4432 36.7899 0.074246 0.0683928
1 28.5586 36.7922 0.0630219 0.0696845
1 29.6735 36.7928 0.0716792 0.0667959
1 30.7888 36.7918 0.0876409 0.0658959
1 31.9026 36.7905 0.0758337 0.0753631
1 33.016 36.7907 0.063176 0.091962
1 34.129 36.7911 0.063737 0.0997492
1 35.2413 36.7899 0.062723 0.105979
1 36.3548 36.788 0.0736958 0.106318
1 37.4689 36.7849 0.0792243 0.0958301
1 38.5824 36.7801 0.0743435 0.0837619
1 39.6949 36.7736 0.0745877 0.077708
1 40.8063 36.7679 0.0791492 0.0784089
1 41.9189 36.7649 0.0747337 0.0873748
1 43.0308 36.7638 0.0652958 0.0961245
1 44.149 36.7658 0.0495997 0.0833904
1 0.0918986 37.7289 -0.0548444 0.0807403
1 1.2099 37.7294 -0.0590719 0.087021
1 2.32127 37.7304 -0.0688126 0.0843367
1 3.43177 37.7327 -0.0804313 0.0791171
1 4.54243 37.7372 -0.0858587 0.0667757
1 5.65579 37.7434 -0.094082 0.0631557
1 6.77062 37.7486 -0.101653 0.0738448
1 7.88551 37.7524 -0.0923166 0.0800541
1 8.99948 37.7553 -0.0754621 0.0795892
1 10.112 37.7569 -0.0744815 0.0732229
1 11.225 37.7572 -0.0740803 0.0678725
1 12.3382 37.7569 -0.0854159 0.0595284
1 13.4527 37.7573 -0.100563 0.0538662
1 14.5692 37.7574 -0.0864255 0.0553445
1 15.6844 37.7557 -0.0718753 0.0541963
1 16.8003 37.7534 -0.0744167 0.0478131
1 17.9182 37.7517 -0.0880874 0.0415183
1 19.0376 37.7507 -0.0844722 0.0375101
1 20.1588 37.7502 -0.0601794 0.0297443
1 21.2793 37.7498 -0.0331469 0.0280189
1 22.3998 37.7499 0.00754546 0.030794
1 23.5209 37.7501 0.0428984 0.027377
1 24.6419 37.7505 0.0742734 0.0330766
1 25.7628 37.7513 0.0913958 0.0427085
1 26.882 37.7527 0.0827379 0.044765
1 27.9987 37.7549 0.0823919 0.0497649
1 29.1133 37.757 0.0894506 0.0556009
1 30.2288 37.7579 0.0963229 0.0545914
1 31.345 37.7577 0.0910208 0.0559001
1 32.4597 37.7579 0.0765952 0.0644635
1 33.573 37.7579 0.0730293 0.0710459
1 34.6846 37.7567 0.0738726 0.0775845
1 35.7974 37.7545 0.0855323 0.0805904
1 36.9124 37.7509 0.10572 0.0782631
1 38.0281 37.7464 0.108337 0.0706381
1 39.143 37.7408 0.0956935 0.0634886
1 40.2549 37.7353 0.0883527 0.0700122
1 41.3652 37.7314 0.0760998 0.0838086
1 42.476 37.7301 0.0651115 0.0869501
1 43.5883 37.7289 0.0686555 0.0850547
1 0.650734 38.6923 -0.0784931 0.0741947
1 1.76372 38.6949 -0.0765118 0.0846083
1 2.87337 38.6978 -0.0772075 0.0935394
1 3.98214 38.6998 -0.083827 0.0862335
1 5.09284 38.7032 -0.0998255 0.0761399
1 6.20713 38.7078 -0.125331 0.071967
1 7.3235 38.7126 -0.12634 0.0688625
1 8.43943 38.7171 -0.106186 0.0671662
1 9.55323 38.7205 -0.0971586 0.0646409
1 10.6657 38.7226 -0.0911039 0.0616117
1 11.7793 38.7228 -0.0899204 0.0630242
1 12.8949 38.7218 -0.105995 0.0584802
1 14.0122 38.7211 -0.108181 0.0553793
1 15.1288 38.7196 -0.0970875 0.0551306
1 16.2441 38.7173 -0.0838302 0.0518667
1 17.3606 38.7162 -0.0845783 0.044254
1 18.4789 38.716 -0.089944 0.0385158
1 19.5991 38.7161 -0.0699977 0.0362558
1 20.7197 38.7161 -0.0422313 0.032573
1 21.8399 38.7163 -0.0063676 0.0309501
1 22.9606 38.7162 0.0331747 0.0322542
1 24.081 38.716 0.0586345 0.0320825
1 25.2014 38.7161 0.0845516 0.0362877
1 26.321 38.7162 0.0902348 0.0427051
1 27.4387 38.7168 0.0777583 0.0476104
1 28.5542 38.7186 0.076731 0.051971
1 29.67 38.7208 0.097651 0.0570535
1 30.7872 38.722 0.120113 0.0603185
1 31.9032 38.723 0.10896 0.0601364
1 33.018 38.7236 0.0933332 0.0616293
1 34.1315 38.7226 0.0905937 0.0629074
1 35.2446 38.7195 0.094552 0.0656776
1 36.3595 38.7151 0.11355 0.0685354
1 37.4755 38.7105 0.12392 0.0706996
1 38.5909 38.7058 0.108232 0.0709816
1 39.7033 38.7014 0.0878471 0.0791389
1 40.8129 38.6989 0.0863555 0.0900795
1 41.9221 38.6969 0.0826982 0.0893261
1 43.0324 38.6944 0.0793309 0.0822767
1 44.1498 38.6907 0.0763117 0.0757195
1 0.0870449 39.6524 -0.0888213 0.0662092
1 1.20483 39.6577 -0.0963228 0.0850644
1 2.31539 39.6628 -0.0941111 0.0853951
1 3.42497 39.6654 -0.0850682 0.101639
1 4.53332 39.6667 -0.0786616 0.104802
1 5.6436 39.6687 -0.0968453 0.0962732
1 6.75775 39.6719 -0.12396 0.0838413
1 7.87381 39.6765 -0.121756 0.0721397
1 8.98929 39.6816 -0.108477 0.0643336
1 10.1036 39.6859 -0.10542 0.0605263
1 11.2184 39.6874 -0.104291 0.0684661
1 12.3345 39.6862 -0.11944 0.0698755
1 13.4521 39.6845 -0.125225 0.0644915
1 14.5702 39.6829 -0.0988512 0.0603079
1 15.6865 39.6813 -0.0808091 0.0551153
1 16.8024 39.6805 -0.0814402 0.0465433
1 17.9197 39.6808 -0.0859259 0.0404304
1 19.0387 39.6818 -0.0793255 0.0360598
1 20.1591 39.6824 -0.0597693 0.0341172
1 21.2795 39.6828 -0.0308716 0.0359197
1 22.4001 39.683 0.00891447 0.0344643
1 23.5209 39.6826 0.0400412 0.0318982
1 24.6416 39.682 0.0720175 0.0349637
1 25.762 39.6815 0.0904185 0.038492
1 26.8803 39.6809 0.0826009 0.0428697
1 27.9963 39.6808 0.0848984 0.0527052
1 29.1114 39.6822 0.0973293 0.0573991
1 30.2286 39.6842 0.11216 0.0609271
1 31.3473 39.6861 0.120062 0.068948
1 32.465 39.6879 0.11273 0.0706802
1 33.5803 39.6877 0.108803 0.0629448
1 34.6939 39.6843 0.11053 0.0613287
1 35.8089 39.6795 0.120569 0.0690415
1 36.9256 39.6744 0.131518 0.0765262
1 38.0415 39.67 0.120204 0.0891462
1 39.1547 39.6675 0.0953335 0.0983434
1 40.2644 39.6658 0.0862397 0.103348
1 41.3734 39.6648 0.0872984 0.0957267
1 42.4838 39.6612 0.0930364 0.0863332
1 43.5967 39.6561 0.095573 0.075476
1 0.63825 40.6189 -0.102768 0.0793627
1 1.75115 40.6256 -0.096704 0.0770512
1 2.86237 40.6301 -0.0925452 0.0839189
1 3.97237 40.6329 -0.0904896 0.0957557
1 5.08227 40.6337 -0.0835834 0.101988
1 6.19368 40.6342 -0.0986756 0.0974798
1 7.30778 40.6369 -0.112819 0.0794022
1 8.4234 40.6414 -0.111117 0.0653763
1 9.53885 40.6463 -0.111698 0.0507853
1 10.6542 40.6503 -0.114247 0.0575568
1 11.7716 40.6501 -0.119094 0.0675792
1 12.8914 40.6478 -0.120893 0.060624
1 14.0111 40.6459 -0.104609 0.052427
1 15.1287 40.6448 -0.0890156 0.0465127
1 16.2441 40.6446 -0.0770046 0.0380711
1 17.3602 40.6453 -0.0744851 0.031367
1 18.4784 40.6467 -0.0775275 0.0264804
1 19.5984 40.6478 -0.0631842 0.0240119
1 20.7189 40.6488 -0.0396781 0.0253287
1 21.84 40.6496 -0.00738173 0.0241329
1 22.9612 40.6491 0.0294973 0.0234868
1 24.0819 40.6483 0.0536519 0.0257037
1 25.2024 40.6476 0.0735059 0.0265064
1 26.3215 40.6462 0.0780898 0.0261766
1 27.4387 40.6449 0.0707613 0.0323391
1 28.5546 40.6447 0.0737702 0.0422583
1 29.671 40.6456 0.0979327 0.0502677
1 30.7897 40.6474 0.125948 0.0577258
1 31.9091 40.6497 0.124273 0.0643113
1 33.0279 40.6513 0.111612 0.0623731
1 34.1443 40.6492 0.106656 0.0495632
1 35.2597 40.644 0.105955 0.0575634
1 36.3753 40.639 0.110493 0.0728191
1 37.4904 40.635 0.103837 0.0845069
1 38.6035 40.6331 0.0842343 0.0960208
1 39.714 40.6327 0.0799096 0.100552
1 40.8232 40.632 0.0930535 0.096029
1 41.934 40.6291 0.101686 0.0779941
1 43.0459 40.6235 0.110139 0.08079
1 44.1641 40.6152 0.104132 0.0728831
1 0.0685279 41.5774 -0.100664 0.0875523
1 1.187 41.5873 -0.104366 0.0809881
1 2.29986 41.5926 -0.105413 0.0795212
1 3.41203 41.5967 -0.0982937 0.0830842
1 4.52329 41.5983 -0.0815477 0.0911392
1 5.63442 41.5991 -0.0752908 0.0940895
1 6.74633 41.5997 -0.0836352 0.0925961
1 7.85968 41.602 -0.0900746 0.0786177
1 8.97454 41.6056 -0.0921775 0.060195
1 10.0903 41.6103 -0.102571 0.0495727
1 11.2086 41.6115 -0.113423 0.0603499
1 12.3295 41.6096 -0.12436 0.0589626
1 13.4503 41.6081 -0.115368 0.0488939
1 14.5694 41.6073 -0.0836413 0.0404192
1 15.6861 41.6076 -0.0644714 0.033263
1 16.8022 41.609 -0.061553 0.0280515
1 17.9196 41.6107 -0.0645141 0.0239178
1 19.0387 41.6125 -0.0632102 0.0213264
1 20.1588 41.6139 -0.0471108 0.0215485
1 21.2793 41.6148 -0.0239496 0.0217258
1 22.4006 41.615 0.00607872 0.0186465
1 23.5215 41.6145 0.0335159 0.0216561
1 24.6421 41.6136 0.0574243 0.0243356
1 25.7622 41.6119 0.0663923 0.0213002
1 26.8802 41.6099 0.0643542 0.0229964
1 27.9964 41.6082 0.0665799 0.0308776
1 29.1123 41.6074 0.0752167 0.0360791
1 30.2303 41.608 0.100427 0.0425577
1 31.3509 41.6094 0.122212 0.0543559
1 32.4724 41.6116 0.118725 0.0626014
1 33.5917 41.612 0.109666 0.0546269
1 34.708 41.6081 0.100068 0.0521374
1 35.8235 41.6036 0.0945297 0.0665924
1 36.9386 41.6 0.0977348 0.0801793
1 38.0524 41.5979 0.0896281 0.094033
1 39.1647 41.5979 0.0811878 0.0986156
1 40.2756 41.5983 0.0814445 0.0920308
1 41.3868 41.5959 0.0870602 0.0796954
1 42.4993 41.591 0.0887101 0.0775844
1 43.6135 41.5851 0.0962178 0.0861937
1 0.618977 42.5482 -0.0955212 0.0878994
1 1.7344 42.5542 -0.0907194 0.0907223
1 2.84725 42.5582 -0.0835854 0.087153
1 3.96009 42.5606 -0.0885715 0.0885705
1 5.07264 42.5619 -0.0859299 0.0920833
1 6.18561 42.5626 -0.0846408 0.09243
1 7.29903 42.564 -0.0858283 0.08688
1 8.41334 42.5661 -0.0838153 0.0798138
1 9.52828 42.5686 -0.0846821 0.0639818
1 10.6451 42.5705 -0.105102 0.0632159
1 11.7657 42.5693 -0.122959 0.0628429
1 12.8884 42.5677 -0.117069 0.0433289
1 14.0097 42.5676 -0.0928582 0.0269998
1 15.1282 42.5687 -0.0724801 0.0242535
1 16.2446 42.5709 -0.0615573 0.0225928
1 17.3615 42.5734 -0.0599565 0.0159301
1 18.4798 42.5758 -0.0647179 0.0140659
1 19.5995 42.5777 -0.0519562 0.0140766
1 20.7197 42.5788 -0.0285427 0.0141277
1 21.8401 42.5795 -0.00605698 0.0150323
1 22.9607 42.5791 0.0216154 0.0166819
1 24.0812 42.5786 0.0459051 0.0147121
1 25.2014 42.5772 0.0579204 0.0137496
1 26.3203 42.5745 0.0600634 0.0148735
1 27.4379 42.5721 0.0582751 0.0180243
1 28.5545 42.5698 0.0585974 0.0212315
1 29.6718 42.5682 0.0810899 0.0276738
1 30.7918 42.5682 0.113679 0.0348384
1 31.9132 42.5692 0.121947 0.0504126
1 33.0347 42.5708 0.113148 0.0627832
1 34.1541 42.5703 0.0977416 0.0603837
1 35.2707 42.567 0.084984 0.0680019
1 36.3857 42.5636 0.0825872 0.0800516
1 37.4995 42.5618 0.0728804 0.0936535
1 38.6117 42.5618 0.0583812 0.0993266
1 39.7227 42.5619 0.0683086 0.0990324
1 40.8347 42.5605 0.0826904 0.0859471
1 41.948 42.5572 0.0827042 0.0846795
1 43.0613 42.5529 0.0795142 0.0881542
1 44.1799 42.5474 0.0642443 0.104134
1 0.0536795 43.5114 -0.058965 0.103318
1 1.17275 43.5156 -0.0767118 0.0897947
1 2.2869 43.5201 -0.0727108 0.085856
1 3.40037 43.5224 -0.0731703 0.0962599
1 4.51299 43.5241 -0.0627082 0.0897911
1 5.62564 43.5255 -0.0604419 0.0890583
1 6.73865 43.5266 -0.0653248 0.0895217
1 7.85226 43.5277 -0.0733215 0.0861132
1 8.96771 43.5292 -0.0770918 0.0795199
1 10.0843 43.53 -0.0878604 0.0780432
1 11.2034 43.5286 -0.107517 0.0705591
1 12.3255 43.5266 -0.114598 0.0470982
1 13.4472 43.5265 -0.106124 0.0238456
1 14.5671 43.5283 -0.0785189 0.0125882
1 15.6849 43.5315 -0.061645 0.0130977
1 16.8024 43.5352 -0.065787 0.01228
1 17.9205 43.5383 -0.0664043 0.0086422
1 19.0399 43.5408 -0.0614696 0.0109419
1 20.1601 43.5427 -0.0468575 0.0126544
1 21.2802 43.5435 -0.0212579 0.0129071
1 22.4003 43.5439 0.00623878 0.0154475
1 23.5207 43.5435 0.0321047 0.0133248
1 24.6408 43.542 0.0547871 0.00907959
1 25.7607 43.5397 0.0641125 0.00874722
1 26.8793 43.5367 0.0675858 0.0125561
1 27.9967 43.5331 0.0687323 0.0131563
1 29.1144 43.5298 0.0754472 0.0124769
1 30.2337 43.5279 0.0924688 0.0190217
1 31.3547 43.5273 0.107106 0.0333516
1 32.4766 43.5286 0.109367 0.0572977
1 33.5969 43.53 0.0973777 0.0732282
1 34.7141 43.5293 0.0778775 0.0743502
1 35.83 43.5272 0.0696687 0.0788575
1 36.9445 43.5257 0.0718642 0.0933488
1 38.0579 43.5257 0.0705966 0.0986885
1 39.1708 43.5256 0.0731329 0.0911515
1 40.2836 43.5242 0.0789628 0.0890213
1 41.3963 43.522 0.0716769 0.0933704
1 42.5091 43.5184 0.0750278 0.0822729
1 43.625 43.5141 0.0807819 0.0883777
1 0.610272 44.4773 -0.0700053 0.088404
1 1.72598 44.4805 -0.0694224 0.0762102
1 2.83985 44.4843 -0.0674267 0.0876094
1 3.95347 44.4862 -0.0677667 0.0826061
1 5.06687 44.488 -0.0670224 0.0847889
1 6.18067 44.4896 -0.0634238 0.0853241
1 7.29461 44.4907 -0.0619514 0.0898972
1 8.40903 44.4907 -0.0663373 0.0911902
1 9.52523 44.4903 -0.0768291 0.0882211
1 10.6433 44.4889 -0.0879571 0.0815234
1 11.7632 44.4863 -0.0969323 0.0597436
1 12.8841 44.4855 -0.0976786 0.0271207
1 14.0043 44.487 -0.0845827 0.00552941
1 15.123 44.4903 -0.0735587 0.00112556
1 16.2412 44.4954 -0.0759078 0.00551703
1 17.3599 44.4998 -0.0749161 0.00118586
1 18.4792 44.5033 -0.071966 0.0039308
1 19.5994 44.5059 -0.0609054 0.00829565
1 20.7201 44.5074 -0.0330093 0.0072517
1 21.8403 44.5083 -0.0037843 0.011997
1 22.9605 44.5081 0.0222175 0.0106968
1 24.0812 44.5069 0.0494413 0.0065184
1 25.2017 44.5048 0.0671846 0.00527612
1 26.3213 44.5015 0.0721733 0.00382373
1 27.4403 44.4973 0.0723163 0.00552289
1 28.5586 44.4925 0.0714678 0.00297623
1 29.6772 44.4886 0.0818468 0.00419693
1 30.7966 44.4871 0.0927173 0.0163623
1 31.9163 44.4869 0.0935392 0.0405476
1 33.0368 44.4884 0.0926118 0.0696259
1 34.1563 44.49 0.0824364 0.0840463
1 35.2736 44.4899 0.0701742 0.0872112
1 36.3887 44.4891 0.0622386 0.0914398
1 37.5029 44.4896 0.058861 0.0955013
1 38.6164 44.4899 0.0508384 0.0874753
1 39.7289 44.488 0.0543887 0.0807343
1 40.8412 44.4861 0.0574438 0.0895342
1 41.9541 44.4844 0.0630388 0.0793398
1 43.067 44.478 0.0658315 0.0721018
1 44.188 44.4753 0.0645672 0.0754712
1 0.0475931 45.4382 -0.0564935 0.0785131
1 1.16825 45.4403 -0.0531861 0.0814901
1 2.28136 45.4448 -0.0602508 0.0845581
1 3.39557 45.4468 -0.0599475 0.0850605
1 4.50905 45.4491 -0.0533006 0.0817247
1 5.62266 45.4517 -0.0470448 0.0827496
1 6.73662 45.4531 -0.0549287 0.0920413
1 7.85074 45.453 -0.0616965 0.102074
1 8.96619 45.4515 -0.0666615 0.104734
1 10.0841 45.4488 -0.0803287 0.0966615
1 11.2033 45.4464 -0.0872041 0.0738106
1 12.3225 45.4453 -0.0822668 0.0385944
1 13.4414 45.4459 -0.0818679 0.0141788
1 14.5595 45.4482 -0.0738327 0.000842492
1 15.6774 45.4527 -0.0714055 -0.00192196
1 16.7967 45.4586 -0.0849576 -3.62482e-05
1 17.9167 45.4638 -0.0836859 -0.00176852
1 19.0371 45.4672 -0.0733547 -0.00122114
1 20.1585 45.4693 -0.0542726 0.0012119
1 21.2801 45.4711 -0.0213137 0.00607225
1 22.4006 45.4717 0.00955771 0.0076984
1 23.5216 45.4704 0.0372099 0.00280201
1 24.6432 45.4683 0.0651099 0.000164785
1 25.7642 45.4658 0.0801595 -0.000410249
1 26.8841 45.4612 0.0846601 0.000210352
1 28.0033 45.4551 0.0765355 0.00159304
1 29.1222 45.4502 0.0740141 -0.00196983
1 30.2402 45.4475 0.0751875 0.00313939
1 31.3583 45.4465 0.0779167 0.0231396
1 32.4774 45.4468 0.0866002 0.0566845
1 33.5966 45.448 0.0842432 0.086249
1 34.7147 45.4498 0.0698737 0.101146
1 35.8312 45.4515 0.0637639 0.10484
1 36.9458 45.4521 0.0623052 0.100767
1 38.0599 45.4529 0.0574063 0.0939935
1 39.1742 45.4517 0.0636496 0.0796648
1 40.2877 45.4492 0.0657945 0.0842567
1 41.4008 45.4475 0.0652728 0.0890866
1 42.5144 45.4445 0.0665906 0.0760068
1 43.6271 45.4379 0.0688556 0.0761588
1 0.608427 46.3998 -0.0580479 0.0782613
1 1.72152 46.4067 -0.0566711 0.0942024
1 2.83466 46.4079 -0.0597166 0.0967994
1 3.94927 46.4094 -0.0668211 0.0837794
1 5.0642 46.4127 -0.0671764 0.07975
1 6.17913 46.4157 -0.0644853 0.0897637
1 7.294 46.4166 -0.05878 0.103338
1 8.40898 46.4147 -0.0581393 0.116024
1 9.52517 46.4102 -0.064433 0.11259
1 10.6432 46.4069 -0.0766532 0.0851362
1 11.7618 46.4061 -0.0747769 0.0489985
1 12.8804 46.4066 -0.0696121 0.0171356
1 13.9976 46.4085 -0.0636372 0.00100053
1 15.1142 46.411 -0.0636913 -0.000151792
1 16.2322 46.4159 -0.0754004 0.0015672
1 17.352 46.423 -0.0853011 -0.00725206
1 18.4731 46.4279 -0.0851399 -0.00755258
1 19.5956 46.4298 -0.0693856 -0.00913245
1 20.7183 46.4323 -0.0372667 -0.00740719
1 21.8401 46.4349 -0.00863123 0.00355427
1 22.9617 46.4338 0.022376 -0.00211309
1 24.0841 46.431 0.0584736 -0.00931933
1 25.2066 46.4293 0.0764954 -0.00704836
1 26.328 46.4257 0.0858275 -0.00695828
1 27.4484 46.4191 0.0864164 0.000547625
1 28.5675 46.4128 0.0694844 0.000802783
1 29.6851 46.4096 0.0643153 -0.00482917
1 30.802 46.4083 0.0676645 0.00606423
1 31.9194 46.4077 0.0647512 0.0301798
1 33.0376 46.4074 0.0697199 0.0679626
1 34.1558 46.4088 0.0690414 0.102735
1 35.2729 46.4118 0.0589838 0.113885
1 36.3885 46.4144 0.0584243 0.109056
1 37.503 46.4159 0.0582417 0.103216
1 38.618 46.4154 0.0608867 0.0848825
1 39.7329 46.4122 0.063271 0.0803641
1 40.847 46.4105 0.0610147 0.0936653
1 41.9611 46.4086 0.0636496 0.0919728
1 43.0768 46.4044 0.0664731 0.077917
1 44.1977 46.3936 0.0547652 0.0825794
1 0.0357714 47.3548 -0.0739919 0.0763312
1 1.1583 47.3722 -0.0771799 0.0904946
1 2.27536 47.3755 -0.0661332 0.101349
1 3.39048 47.3745 -0.0542492 0.098151
1 4.50405 47.3772 -0.0632355 0.0788528
1 5.61918 47.3816 -0.072688 0.0810018
1 6.73607 47.3837 -0.0710636 0.0956711
1 7.85272 47.3833 -0.067869 0.110843
1 8.9692 47.3792 -0.0552234 0.127666
1 10.0855 47.3729 -0.049925 0.105527
1 11.2019 47.3716 -0.054193 0.0612007
1 12.3193 47.3724 -0.0523455 0.0274925
1 13.4366 47.3739 -0.0552833 -0.00134766
1 14.5527 47.3765 -0.0610786 0.00160609
1 15.6687 47.3788 -0.063031 0.0117192
1 16.7866 47.3847 -0.0798654 -0.000639146
1 17.9082 47.3919 -0.0841976 -0.0104289
1 19.0317 47.3944 -0.0776363 -0.0142385
1 20.1548 47.3959 -0.0612959 -0.0162946
1 21.278 47.4 -0.0248008 -0.0103645
1 22.4013 47.4013 0.00973711 -0.00528626
1 23.5247 47.398 0.0464023 -0.0125205
1 24.6478 47.3952 0.0714677 -0.0186751
1 25.7711 47.3938 0.0787768 -0.0108982
1 26.8937 47.3885 0.085064 -0.00144169
1 28.0128 47.3809 0.0709055 0.00463909
1 29.1295 47.3769 0.0628835 0.00343043
1 30.2454 47.3754 0.0574139 -0.00421743
1 31.3622 47.3744 0.0478553 0.0119205
1 32.4798 47.3736 0.0515698 0.0455917
1 33.5968 47.373 0.054695 0.0835584
1 34.7131 47.3757 0.0498941 0.114413
1 35.8288 47.3799 0.0589775 0.11944
1 36.9447 47.3824 0.071368 0.108052
1 38.0617 47.3831 0.0762936 0.0932672
1 39.1785 47.3807 0.0728846 0.0827376
1 40.2926 47.3778 0.0581216 0.090026
1 41.4071 47.3771 0.0587389 0.0879728
1 42.5234 47.372 0.072542 0.0888245
1 43.6427 47.3664 0.0773129 0.0956758
