1 0.814655 0.294018 0.0696785 0.0744934
1 1.93187 0.287948 0.0706218 0.0764716
1 3.04634 0.284451 0.0717574 0.0740208
1 4.15996 0.282625 0.0737728 0.0767018
1 5.27292 0.280616 0.0682188 0.0737204
1 6.38603 0.279596 0.0612329 0.0741168
1 7.49749 0.277239 0.0521825 0.0735219
1 8.60666 0.275582 0.0178597 0.0582682
1 9.71171 0.273185 -0.0160295 0.0538509
1 10.8129 0.267543 -0.0422925 0.0470034
1 11.9145 0.263057 -0.0312422 0.0335783
1 13.0172 0.261097 -0.0139864 0.0398131
1 14.1206 0.257459 -0.0178636 0.0550562
1 15.224 0.251771 -0.0214176 0.0523603
1 16.3281 0.248006 -0.0232397 0.0360384
1 17.4331 0.248063 -0.0221565 0.0198046
1 18.5366 0.250321 -0.0152514 0.0125546
1 19.6391 0.252513 -0.00927502 0.015345
1 20.7421 0.254004 -0.00518422 0.0189601
1 21.8445 0.254703 -0.00143039 0.0193173
1 22.9464 0.254618 0.00210881 0.0192249
1 24.0492 0.253583 0.00798146 0.0174398
1 25.152 0.25167 0.0114783 0.0125955
1 26.2548 0.248844 0.0179012 0.0124045
1 27.3594 0.246948 0.0245832 0.02501
1 28.4642 0.248631 0.0233836 0.0446265
1 29.5678 0.254075 0.0215516 0.0587837
1 30.6713 0.259731 0.0145856 0.0522646
1 31.7743 0.26225 0.0164543 0.0343827
1 32.8764 0.264823 0.0418567 0.0381942
1 33.9776 0.270642 0.0341401 0.0531482
1 35.0802 0.274777 -0.00270571 0.0528282
1 36.1879 0.275647 -0.0340079 0.0646384
1 37.2986 0.27838 -0.0603599 0.0789581
1 38.4108 0.28019 -0.064546 0.0708268
1 39.5238 0.28092 -0.0714378 0.076082
1 40.6373 0.283712 -0.0714027 0.0755881
1 41.7514 0.28574 -0.0715722 0.0743575
1 42.8667 0.289985 -0.0721348 0.0753191
1 43.9876 0.306117 -0.0709925 0.076095
1 0.260089 1.26607 0.072218 0.0754865
1 1.38033 1.25731 0.0704597 0.0749136
1 2.49338 1.2534 0.0718921 0.0746762
1 3.60592 1.25077 0.0751789 0.076151
1 4.71847 1.24885 0.0701676 0.0744366
1 5.83101 1.24747 0.0676124 0.0749902
1 6.94316 1.2457 0.0578745 0.0760469
1 8.0537 1.2442 0.0381046 0.0660153
1 9.16126 1.24298 0.00761506 0.0647536
1 10.2653 1.23974 -0.0229673 0.0595739
1 11.3671 1.23585 -0.0301389 0.0436641
1 12.469 1.23281 -0.0188435 0.0360233
1 13.5718 1.22933 -0.0198549 0.0436237
1 14.6751 1.22444 -0.0232233 0.0519261
1 15.7782 1.2199 -0.0151144 0.0428326
1 16.8814 1.21813 -0.0143733 0.0259355
1 17.9847 1.21915 -0.016487 0.016438
1 19.0873 1.2214 -0.0111186 0.0129953
1 20.1902 1.22351 -0.00740154 0.01362
1 21.2932 1.22459 -0.00454815 0.0168385
1 22.3954 1.22483 0.00102748 0.0181241
1 23.4981 1.22439 0.00604046 0.0157076
1 24.6011 1.22277 0.00744547 0.0123094
1 25.7038 1.22019 0.0146652 0.011909
1 26.807 1.21791 0.0193277 0.0165652
1 27.9106 1.21776 0.0146991 0.0327617
1 29.0135 1.22124 0.015826 0.0539912
1 30.1163 1.22696 0.022074 0.0527838
1 31.2197 1.23137 0.0200842 0.0366785
1 32.3223 1.23418 0.0241825 0.0389933
1 33.4238 1.23782 0.0292353 0.0534573
1 34.5264 1.24152 0.0102146 0.0604074
1 35.6325 1.24322 -0.0274738 0.0657392
1 36.7414 1.24476 -0.0523322 0.0746462
1 37.8529 1.24679 -0.0620055 0.0738736
1 38.9653 1.24786 -0.0704581 0.0722276
1 40.0776 1.24954 -0.0704408 0.0764544
1 41.1903 1.25188 -0.0683337 0.0742611
1 42.3028 1.255 -0.0724246 0.0724846
1 43.416 1.26233 -0.0685818 0.0782053
1 0.827573 2.22326 0.0688547 0.0756854
1 1.94102 2.21817 0.0707358 0.0757848
1 3.05278 2.21499 0.0709601 0.0738225
1 4.16478 2.21293 0.0696926 0.0756321
1 5.27681 2.21101 0.0709921 0.0762385
1 6.38856 2.20941 0.0626277 0.0747595
1 7.49986 2.20801 0.0489484 0.0725918
1 8.60867 2.20666 0.0265707 0.0695032
1 9.71442 2.20479 -0.00481472 0.0664298
1 10.8177 2.20232 -0.0201234 0.0589611
1 11.9203 2.19998 -0.0112702 0.0505174
1 13.0236 2.19693 -0.013329 0.044381
1 14.1268 2.19279 -0.0238436 0.0411692
1 15.2287 2.18821 -0.0168462 0.0429894
1 16.3307 2.18484 -0.0103105 0.0372566
1 17.4338 2.18431 -0.0171324 0.0223009
1 18.5365 2.18592 -0.0142604 0.0122427
1 19.6388 2.1881 -0.00567017 0.0131509
1 20.7418 2.18974 -0.00406162 0.0159354
1 21.8443 2.19047 -0.00195014 0.0148692
1 22.9466 2.19031 0.00335072 0.0154287
1 24.0497 2.18918 0.00639514 0.0147839
1 25.1525 2.18706 0.00935736 0.0105733
1 26.2547 2.18476 0.0137952 0.0144865
1 27.3577 2.18375 0.0113787 0.027893
1 28.4602 2.18544 0.0144173 0.0403365
1 29.5622 2.18987 0.0247402 0.0458368
1 30.6647 2.19505 0.019274 0.0459786
1 31.7683 2.19876 0.0106331 0.0461731
1 32.8715 2.20102 0.0158975 0.053811
1 33.9739 2.20351 0.0129967 0.0647462
1 35.0781 2.20567 -0.00940269 0.0668197
1 36.1857 2.20701 -0.0399627 0.071753
1 37.2957 2.20875 -0.0597173 0.0756659
1 38.4077 2.21031 -0.0636643 0.0737683
1 39.5197 2.21165 -0.0715966 0.0730576
1 40.6314 2.21372 -0.0730996 0.0757027
1 41.7433 2.21661 -0.0706967 0.0763322
1 42.8553 2.22077 -0.0707321 0.0749269
1 43.9765 2.22475 -0.0701403 0.0729631
1 0.266054 3.18477 0.0711094 0.0736473
1 1.38704 3.18249 0.0713726 0.0757786
1 2.49929 3.17909 0.0722507 0.0763109
1 3.61087 3.17666 0.073951 0.0760647
1 4.72257 3.17451 0.0690045 0.07565
1 5.8343 3.17294 0.0678536 0.0756639
1 6.94553 3.17132 0.0565248 0.0746399
1 8.05533 3.17007 0.0401871 0.0716425
1 9.16209 3.16842 0.0114381 0.0719169
1 10.2662 3.16639 -0.0107586 0.0665944
1 11.369 3.1648 -0.00720904 0.0623189
1 12.473 3.16287 0.00121258 0.0590695
1 13.5774 3.16003 -0.00766254 0.0493874
1 14.6804 3.1565 -0.0239929 0.0421537
1 15.7821 3.1525 -0.0189635 0.0369307
1 16.8838 3.15012 -0.0107403 0.0276189
1 17.9861 3.15057 -0.0120561 0.019472
1 19.088 3.15236 -0.00816546 0.0139298
1 20.1904 3.15419 -0.00473708 0.0131
1 21.2932 3.15546 -0.00308042 0.0155516
1 22.3955 3.15581 0.000217688 0.0163084
1 23.498 3.15506 0.0035887 0.0138639
1 24.6006 3.15342 0.00471105 0.0114722
1 25.7028 3.15128 0.0126756 0.0145982
1 26.8053 3.14968 0.0152165 0.02215
1 27.9077 3.15036 0.0138899 0.0320016
1 29.0089 3.15389 0.0191581 0.0413809
1 30.1106 3.1582 0.0119358 0.0471255
1 31.2142 3.16149 -0.000364793 0.0551928
1 32.3192 3.16386 0.0055727 0.0624621
1 33.4227 3.16559 0.0135848 0.0636519
1 34.5256 3.16725 0.00472024 0.0676026
1 35.6311 3.16899 -0.0235843 0.071592
1 36.7396 3.17045 -0.048565 0.074514
1 37.8504 3.17206 -0.0617253 0.0767656
1 38.962 3.17376 -0.0676316 0.0748676
1 40.0736 3.17547 -0.0705008 0.0773772
1 41.185 3.17772 -0.0706948 0.0740059
1 42.2969 3.18096 -0.069695 0.0751687
1 43.4112 3.18412 -0.0689418 0.075681
1 0.830212 4.14518 0.0715059 0.0745485
1 1.94475 4.14285 0.0702355 0.075692
1 3.05642 4.14035 0.0736637 0.0740108
1 4.1679 4.1383 0.071703 0.0754267
1 5.27944 4.13631 0.0693601 0.0756872
1 6.39065 4.13472 0.0607827 0.0728641
1 7.50114 4.13347 0.0451077 0.0732179
1 8.60918 4.13173 0.0197533 0.0729299
1 9.71436 4.12997 -0.00808865 0.066984
1 10.8172 4.12842 -0.010421 0.0662518
1 11.9207 4.12685 0.00100624 0.0656141
1 13.0262 4.12512 0.00769405 0.0601479
1 14.1307 4.12305 0.00187104 0.0516439
1 15.2331 4.12044 -0.0085038 0.0430575
1 16.3346 4.11751 -0.0133774 0.031668
1 17.4364 4.11605 -0.0213884 0.0197747
1 18.5382 4.11683 -0.013695 0.0134202
1 19.6398 4.11872 -0.000107539 0.0128108
1 20.7421 4.12026 -0.00215746 0.0140037
1 21.8444 4.12092 -0.00168949 0.0142842
1 22.9464 4.1208 0.00435075 0.0140277
1 24.0492 4.11971 0.00209612 0.0127315
1 25.1513 4.1177 0.0048016 0.011434
1 26.2528 4.11596 0.0146787 0.0150005
1 27.3543 4.11612 0.0131397 0.0243886
1 28.4555 4.11835 0.014861 0.0369358
1 29.5579 4.12131 0.0137924 0.0494974
1 30.662 4.12401 -0.00577614 0.0597634
1 31.767 4.12606 -0.0105363 0.0635748
1 32.8717 4.12752 0.00724549 0.0642322
1 33.9747 4.12908 0.0109144 0.0672771
1 35.078 4.13088 -0.0117751 0.0698197
1 36.1844 4.13234 -0.0392056 0.0707089
1 37.2937 4.13382 -0.0601369 0.0755896
1 38.4047 4.13563 -0.0667825 0.0763776
1 39.5162 4.13717 -0.0714584 0.0727829
1 40.6276 4.13929 -0.0723005 0.0740388
1 41.7393 4.14172 -0.0724595 0.0763847
1 42.8519 4.14415 -0.0718066 0.0756502
1 43.9729 4.14585 -0.0781609 0.0757016
1 0.268691 5.10721 0.0749145 0.0774381
1 1.38942 5.10553 0.0724528 0.0767875
1 2.50205 5.1039 0.072912 0.0762503
1 3.61374 5.10166 0.073728 0.0772312
1 4.72512 5.0999 0.0702446 0.074738
1 5.83643 5.09824 0.0677092 0.0761477
1 6.94709 5.09662 0.0554337 0.0750576
1 8.05607 5.09509 0.0353799 0.0727671
1 9.16206 5.09344 0.00429558 0.0702391
1 10.2652 5.09181 -0.00907859 0.0678087
1 11.3676 5.09021 -0.00171309 0.0669094
1 12.4724 5.08886 0.0100733 0.0652627
1 13.5777 5.08746 0.015012 0.0621755
1 14.682 5.08594 -0.00307413 0.0548669
1 15.7857 5.08423 -0.00849722 0.0453412
1 16.8881 5.08273 -0.00696141 0.0294332
1 17.9892 5.08254 -0.0151535 0.014312
1 19.0897 5.08349 -0.0102885 0.0102803
1 20.1912 5.08483 -0.00285676 0.0127686
1 21.2936 5.08601 -0.00192289 0.013976
1 22.3953 5.08635 2.37658e-05 0.0141846
1 23.4974 5.08556 0.00118213 0.0140145
1 24.5995 5.08419 0.00357537 0.0108629
1 25.7004 5.08281 0.0182771 0.00887487
1 26.8017 5.08209 0.0184783 0.0191785
1 27.9038 5.08285 0.00311856 0.0396247
1 29.0061 5.08479 -0.00385629 0.0527601
1 30.1094 5.08646 -0.0098318 0.056718
1 31.2144 5.08779 -0.0123939 0.0649599
1 32.3201 5.08946 -0.00175701 0.0695655
1 33.4239 5.09106 0.0143153 0.0654239
1 34.5265 5.09242 0.00995471 0.0681415
1 35.6308 5.09421 -0.0201481 0.0736873
1 36.7385 5.09585 -0.0434111 0.0735781
1 37.8488 5.0972 -0.0612012 0.074282
1 38.9598 5.09893 -0.0686435 0.0757183
1 40.0712 5.10081 -0.0702734 0.0773881
1 41.1826 5.1027 -0.072229 0.0763741
1 42.2945 5.10475 -0.0700588 0.0759439
1 43.4094 5.10659 -0.0696983 0.0797787
1 0.832297 6.06823 0.0683214 0.0781554
1 1.94645 6.06678 0.0697447 0.0759981
1 3.05851 6.06498 0.0719807 0.0753298
1 4.16997 6.06329 0.0709084 0.0736922
1 5.28145 6.06156 0.0688428 0.0762437
1 6.39231 6.06001 0.0599686 0.072839
1 7.50234 6.05854 0.0430859 0.0742498
1 8.60943 6.05677 0.0163031 0.0709258
1 9.71337 6.05529 -0.00977535 0.0660025
1 10.8154 6.05364 -0.0103654 0.0683565
1 11.919 6.0519 -0.000110458 0.0672955
1 13.0247 6.05086 0.0151118 0.0629252
1 14.1294 6.04981 0.0151003 0.0597891
1 15.2334 6.04882 0.00907813 0.0541002
1 16.3367 6.04809 0.00992606 0.0453751
1 17.4395 6.04813 -0.00858817 0.0288393
1 18.5414 6.04911 -0.0165745 0.0130278
1 19.642 6.05026 -0.005235 0.00667056
1 20.7429 6.05111 -0.00425486 0.0101001
1 21.8445 6.0516 -0.00232862 0.01484
1 22.9461 6.05142 0.00602245 0.0127961
1 24.0479 6.05068 0.0061109 0.00748025
1 25.1486 6.04966 0.00784492 0.00856442
1 26.2492 6.04846 0.00841485 0.0187486
1 27.3514 6.04758 -0.00256622 0.0347922
1 28.4545 6.04773 -0.00287327 0.0519787
1 29.5588 6.04896 -0.00275056 0.0613679
1 30.6636 6.05025 -0.0174212 0.0619451
1 31.7686 6.05124 -0.0163694 0.0639695
1 32.8731 6.05265 0.00303588 0.0681459
1 33.9757 6.05442 0.0141832 0.0665954
1 35.0781 6.05596 -0.00409838 0.0674974
1 36.1836 6.05745 -0.0326904 0.0726301
1 37.2926 6.0591 -0.0527776 0.0738604
1 38.4033 6.06055 -0.0654335 0.0752255
1 39.5146 6.06232 -0.0696417 0.0748795
1 40.6259 6.06415 -0.0733616 0.0749158
1 41.7375 6.06612 -0.0714409 0.0766929
1 42.8502 6.06735 -0.0712215 0.0748588
1 43.9708 6.06877 -0.0710068 0.0758552
1 0.270067 7.03043 0.0697662 0.0757548
1 1.39065 7.02972 0.072434 0.0729306
1 2.50315 7.02855 0.0727859 0.0769488
1 3.61486 7.02685 0.075088 0.0777249
1 4.72616 7.02517 0.0714486 0.0747241
1 5.83732 7.02374 0.065029 0.075334
1 6.94814 7.02204 0.0497568 0.0767681
1 8.05665 7.0205 0.0316461 0.0707098
1 9.16143 7.01924 0.000420155 0.0700332
1 10.2637 7.01733 -0.0146516 0.070554
1 11.3661 7.01544 -0.00448942 0.0667036
1 12.4706 7.0144 0.0157823 0.0634289
1 13.5752 7.01362 0.0195962 0.0636419
1 14.6798 7.01257 0.00182037 0.0597542
1 15.7845 7.01208 0.00792567 0.0549546
1 16.8883 7.01236 0.0124616 0.0441084
1 17.9912 7.01398 0.000452107 0.027158
1 19.0926 7.01612 -0.000787921 0.0158488
1 20.1935 7.01733 -0.00518961 0.0107084
1 21.2947 7.01766 -0.00960042 0.00858731
1 22.3949 7.01772 0.00223055 0.00826653
1 23.4956 7.01755 0.00874987 0.00865916
1 24.5968 7.01677 0.001766 0.0117961
1 25.6979 7.01496 0.00446884 0.0208844
1 26.8005 7.01287 -0.000684245 0.0350657
1 27.9043 7.01164 -0.0144824 0.0490785
1 29.0079 7.01173 -0.0154962 0.05884
1 30.1117 7.01271 -0.0148748 0.0626078
1 31.2166 7.01379 -0.0121415 0.0645533
1 32.3222 7.01485 -0.00301253 0.0670619
1 33.4255 7.01641 0.01252 0.0678632
1 34.5274 7.01818 0.0156019 0.0683563
1 35.631 7.01974 -0.017519 0.0714622
1 36.7375 7.02126 -0.0443572 0.0739342
1 37.8472 7.02264 -0.0622693 0.0741859
1 38.9579 7.02425 -0.0676536 0.0759791
1 40.0695 7.02613 -0.0677509 0.0777735
1 41.1809 7.02767 -0.0710485 0.0744753
1 42.2929 7.02908 -0.0673056 0.075231
1 43.4071 7.03016 -0.0672947 0.0770866
1 0.833319 7.99239 0.0708244 0.0739473
1 1.94759 7.99143 0.0699781 0.0754348
1 3.05954 7.99003 0.0726927 0.0733669
1 4.17108 7.98851 0.0707857 0.0769513
1 5.28247 7.98683 0.0694923 0.0772488
1 6.39312 7.98534 0.059175 0.0745149
1 7.50276 7.98395 0.0408883 0.0741209
1 8.60905 7.9825 0.0106593 0.0726771
1 9.7124 7.98071 -0.0185787 0.0700536
1 10.814 7.97891 -0.012928 0.0671922
1 11.9172 7.97757 0.00356185 0.0659746
1 13.0222 7.97673 0.0153939 0.0629174
1 14.1269 7.97586 0.0123023 0.0627553
1 15.2309 7.97503 0.0160271 0.0604932
1 16.3344 7.97512 0.0212377 0.0519922
1 17.4383 7.97686 0.00439004 0.0385554
1 18.5418 7.9797 0.0022265 0.0300727
1 19.6437 7.98215 0.0113136 0.0223535
1 20.745 7.98378 0.00391646 0.0115707
1 21.8452 7.98463 -0.000933771 0.00464235
1 22.9445 7.98438 0.00104796 0.00696756
1 24.0456 7.98307 -0.00596552 0.0158251
1 25.1475 7.98088 -0.0103341 0.0254553
1 26.2497 7.97803 -0.0100321 0.0345449
1 27.353 7.97553 -0.0146543 0.0449544
1 28.457 7.97444 -0.006495 0.0560206
1 29.5617 7.97491 -0.00476563 0.0634726
1 30.666 7.97608 -0.0217255 0.0646092
1 31.7705 7.97701 -0.0155815 0.0635942
1 32.875 7.97802 0.00487939 0.0670589
1 33.9771 7.97978 0.0176221 0.0704221
1 35.079 7.98172 0.00382477 0.0710892
1 36.1836 7.98321 -0.0324372 0.0721555
1 37.2918 7.98456 -0.0538164 0.0737727
1 38.4022 7.98607 -0.0657004 0.0757412
1 39.5134 7.98746 -0.0691966 0.075474
1 40.6246 7.98924 -0.0731156 0.0759154
1 41.7363 7.99083 -0.0710272 0.0761886
1 42.8487 7.99211 -0.0720378 0.0716466
1 43.9685 7.99264 -0.0715549 0.0733079
1 0.272012 8.95525 0.0716139 0.0710222
1 1.39182 8.95441 0.0701734 0.0741778
1 2.50414 8.95328 0.0715169 0.0737513
1 3.61588 8.95178 0.0708516 0.0748005
1 4.72741 8.95012 0.0695199 0.070557
1 5.8384 8.94878 0.065837 0.0705022
1 6.94874 8.94721 0.0516294 0.0716495
1 8.0566 8.94582 0.0276774 0.067519
1 9.16087 8.94428 -0.00645829 0.0675266
1 10.2625 8.94223 -0.0189927 0.0649229
1 11.3644 8.94078 -0.00415676 0.0582772
1 12.4684 8.94002 0.016543 0.0568318
1 13.5727 8.93911 0.0168588 0.059194
1 14.677 8.93781 0.00235606 0.0586014
1 15.7814 8.93756 0.00933398 0.0484406
1 16.8855 8.93904 0.0130565 0.0371299
1 17.9892 8.94184 0.0107626 0.0303936
1 19.0912 8.94512 0.0211661 0.0236406
1 20.1929 8.9483 0.0205135 0.0141081
1 21.2947 8.9507 0.00845508 0.00815264
1 22.395 8.9513 -0.003423 0.00810721
1 23.4958 8.94974 -0.0169419 0.0109272
1 24.5977 8.94676 -0.0231939 0.0170211
1 25.6998 8.94327 -0.00911221 0.0259476
1 26.8032 8.94004 -0.00832717 0.0343911
1 27.907 8.93776 -0.0201726 0.0430202
1 29.0105 8.9371 -0.0129501 0.0532099
1 30.1145 8.93795 -0.00920337 0.0593936
1 31.2191 8.93933 -0.0134348 0.059463
1 32.324 8.94028 -0.00501802 0.058404
1 33.4268 8.94138 0.0149301 0.0610349
1 34.5282 8.94313 0.0248199 0.0662538
1 35.6314 8.94504 -0.00822598 0.0687959
1 36.7375 8.94651 -0.0401567 0.0693943
1 37.8471 8.94793 -0.0598118 0.0706639
1 38.9578 8.94937 -0.0704529 0.06985
1 40.0689 8.95093 -0.0726113 0.073727
1 41.1803 8.95265 -0.0743872 0.073232
1 42.2921 8.95404 -0.0710023 0.0734097
1 43.4065 8.95496 -0.0739365 0.0739547
1 0.833876 9.91756 0.0659164 0.071542
1 1.94829 9.91612 0.0690189 0.0710633
1 3.06009 9.91467 0.0726045 0.0713003
1 4.17151 9.91316 0.0709595 0.0695978
1 5.28285 9.91167 0.0671289 0.0696684
1 6.39354 9.91005 0.0572386 0.0659821
1 7.50289 9.90876 0.0360926 0.0648648
1 8.60896 9.90701 0.00133047 0.0661693
1 9.71187 9.90496 -0.0271093 0.0600707
1 10.8126 9.90365 -0.0130964 0.0521166
1 11.9151 9.90286 0.0041349 0.052446
1 13.0201 9.90154 0.0107806 0.0547327
1 14.1246 9.90014 0.00760676 0.0532402
1 15.2282 9.89949 0.012447 0.0442158
1 16.3316 9.90056 0.0185961 0.0329561
1 17.4354 9.90317 0.0100552 0.0247707
1 18.5381 9.90677 0.0170342 0.0181112
1 19.6395 9.9107 0.0280015 0.0134937
1 20.7419 9.91401 0.0190244 0.0139683
1 21.8444 9.91558 0.00483234 0.0161172
1 22.9466 9.91503 -0.0105039 0.0159333
1 24.0495 9.91257 -0.0259888 0.0135609
1 25.1514 9.90877 -0.026423 0.0135836
1 26.2531 9.90466 -0.015727 0.0198323
1 27.356 9.90134 -0.0162564 0.0291312
1 28.4596 9.89943 -0.00824101 0.0393398
1 29.5639 9.89924 -0.00152705 0.0492269
1 30.668 9.90048 -0.0149417 0.055313
1 31.7725 9.90206 -0.0121651 0.0534026
1 32.8768 9.90309 0.00536741 0.0515786
1 33.9781 9.90413 0.021783 0.0564354
1 35.0792 9.90594 0.0131186 0.0634847
1 36.1836 9.90778 -0.0251904 0.0644724
1 37.2915 9.90919 -0.0506324 0.0669598
1 38.402 9.91094 -0.0631511 0.0694601
1 39.5131 9.91249 -0.070459 0.067412
1 40.6241 9.91382 -0.07244 0.0703496
1 41.7359 9.91563 -0.0701673 0.0730748
1 42.8484 9.91688 -0.0728293 0.0706077
1 43.9683 9.91763 -0.0761225 0.0684458
1 0.272074 10.8803 0.0709277 0.0706099
1 1.39244 10.8788 0.0685615 0.065084
1 2.50478 10.8774 0.0692661 0.0627355
1 3.61635 10.8757 0.0729797 0.0590969
1 4.72755 10.874 0.0683491 0.0565697
1 5.83863 10.8722 0.0630663 0.0546508
1 6.94893 10.8706 0.0462395 0.0530864
1 8.05693 10.8687 0.0169082 0.0508207
1 9.16091 10.8667 -0.0145235 0.0441101
1 10.2615 10.8653 -0.0220655 0.0351683
1 11.3626 10.8643 -0.00806035 0.0328574
1 12.4668 10.8629 0.0103208 0.0356263
1 13.5713 10.8611 0.0124932 0.0332761
1 14.6752 10.8601 -0.00246096 0.0249023
1 15.7792 10.8608 0.00677172 0.0113494
1 16.8825 10.8632 0.0196079 0.000525285
1 17.9847 10.8669 0.0204235 -0.00543548
1 19.0858 10.8709 0.0232631 -0.00622195
1 20.1881 10.8742 0.0173642 -0.00173035
1 21.2922 10.8761 0.0075346 0.00292202
1 22.3958 10.8765 -0.00190537 0.00378743
1 23.4997 10.8753 -0.0152498 0.00128627
1 24.6031 10.8728 -0.0248642 -0.00419001
1 25.7047 10.869 -0.015203 -0.00791396
1 26.8068 10.8648 -0.01392 -0.00491164
1 27.9096 10.8614 -0.0221883 0.00539916
1 29.0125 10.8598 -0.0107868 0.0193164
1 30.116 10.8601 -0.0043007 0.0302255
1 31.2205 10.8616 -0.00822706 0.0351452
1 32.3257 10.8635 -0.000888547 0.0352168
1 33.4283 10.8648 0.0181222 0.0325592
1 34.5286 10.8658 0.0290782 0.0384358
1 35.6309 10.8675 -0.00063582 0.0484342
1 36.7369 10.8696 -0.0334489 0.0521006
1 37.8463 10.8713 -0.0540157 0.0523168
1 38.9572 10.873 -0.0627973 0.0563785
1 40.0687 10.8749 -0.0636679 0.0576826
1 41.1803 10.8765 -0.0670214 0.0595174
1 42.2923 10.8781 -0.0645103 0.0638384
1 43.4068 10.8798 -0.0619469 0.0704842
1 0.834488 11.8407 0.0609285 0.0605908
1 1.94845 11.8392 0.0615631 0.0542439
1 3.06031 11.8372 0.0642229 0.0476225
1 4.17178 11.8352 0.0637266 0.0439708
1 5.28331 11.833 0.0610072 0.0403167
1 6.39414 11.8308 0.0499137 0.0365152
1 7.50378 11.8286 0.0284121 0.0328221
1 8.6094 11.8264 -0.0035259 0.0243736
1 9.71107 11.8249 -0.0341315 0.012762
1 10.8113 11.8236 -0.0215959 0.00868775
1 11.9139 11.8218 -0.00231592 0.00937077
1 13.0192 11.8196 0.00472826 0.00605081
1 14.1237 11.8183 0.00103652 -0.00479549
1 15.2267 11.8187 0.0117897 -0.0197571
1 16.3288 11.821 0.02645 -0.0329115
1 17.431 11.8245 0.0144407 -0.0389302
1 18.5332 11.8281 0.00952353 -0.037796
1 19.6355 11.8311 0.013634 -0.0321518
1 20.7394 11.8329 0.00734179 -0.0270833
1 21.8438 11.8335 0.00164764 -0.0268471
1 22.9482 11.8333 -0.00219495 -0.0276555
1 24.053 11.8321 -0.0116066 -0.0295655
1 25.1561 11.8298 -0.0161644 -0.0345125
1 26.2577 11.8263 -0.0151279 -0.039219
1 27.3596 11.8225 -0.0217496 -0.0389226
1 28.4619 11.8192 -0.0118454 -0.028772
1 29.565 11.8177 0.000726721 -0.0120386
1 30.6687 11.8183 -0.00877318 0.0030998
1 31.7733 11.8204 -0.00433261 0.00905357
1 32.8781 11.8226 0.0138402 0.00850089
1 33.9792 11.8241 0.0293277 0.00996022
1 35.0792 11.8255 0.0197947 0.0178427
1 36.1828 11.8273 -0.0162664 0.0279699
1 37.2908 11.8296 -0.0419583 0.0336925
1 38.4014 11.8317 -0.0567387 0.0365759
1 39.5127 11.8338 -0.0618447 0.0413116
1 40.6241 11.836 -0.0659099 0.046115
1 41.7357 11.8381 -0.0633451 0.0518035
1 42.8481 11.8399 -0.0619359 0.0546394
1 43.9688 11.8422 -0.0576637 0.0607204
1 0.27062 12.8015 0.046161 0.0425274
1 1.39139 12.8002 0.0581352 0.0359846
1 2.50377 12.7975 0.0610905 0.0310193
1 3.61547 12.7948 0.0614017 0.025806
1 4.72729 12.7918 0.0562203 0.020418
1 5.83885 12.7891 0.0521543 0.0153211
1 6.94957 12.7863 0.0369633 0.0113012
1 8.05744 12.7837 0.00956428 0.00154742
1 9.16059 12.7818 -0.0235238 -0.008925
1 10.2605 12.7801 -0.0333707 -0.0152759
1 11.3617 12.7777 -0.0195077 -0.0163058
1 12.4667 12.775 -0.00149227 -0.020686
1 13.5713 12.7731 0.00716858 -0.0338743
1 14.6742 12.7733 0.000860757 -0.0511037
1 15.7765 12.7753 0.0115156 -0.0645985
1 16.8787 12.7784 0.015208 -0.069381
1 17.9811 12.7814 0.00542214 -0.0679124
1 19.0835 12.7838 0.00631251 -0.063757
1 20.1869 12.7854 0.00411383 -0.0597058
1 21.2916 12.7862 -0.00138753 -0.0599027
1 22.3959 12.7864 -0.000424464 -0.0617691
1 23.5006 12.786 -0.0025128 -0.0607076
1 24.605 12.7847 -0.00713951 -0.0616584
1 25.7078 12.7827 0.000542004 -0.0655244
1 26.8105 12.7799 -0.00560386 -0.0693823
1 27.9129 12.7766 -0.0228133 -0.0691023
1 29.0144 12.7738 -0.0147821 -0.0604888
1 30.1165 12.7725 -0.00412742 -0.0440302
1 31.2204 12.7733 -0.00166999 -0.0267519
1 32.3258 12.776 0.00900176 -0.01574
1 33.429 12.7787 0.0310409 -0.0153811
1 34.5292 12.7808 0.041698 -0.013757
1 35.6307 12.7825 0.00835665 -0.00431299
1 36.7361 12.7848 -0.0248425 0.00616879
1 37.8457 12.7875 -0.0455108 0.0118539
1 38.9567 12.7902 -0.0551078 0.0176841
1 40.0683 12.7932 -0.0547186 0.0242134
1 41.1799 12.7961 -0.0575271 0.0254529
1 42.2916 12.7987 -0.0526479 0.0325332
1 43.4056 12.8011 -0.0500336 0.0406222
1 0.83222 13.7598 0.0448028 0.0168792
1 1.94677 13.7572 0.0505674 0.0168016
1 3.05891 13.7539 0.0529849 0.0146896
1 4.17115 13.75 0.0519536 0.013371
1 5.28303 13.7464 0.050924 0.00672826
1 6.39428 13.743 0.0375004 0.0037889
1 7.50418 13.7398 0.0176027 -0.00342357
1 8.6093 13.7376 -0.013097 -0.0134306
1 9.71051 13.7354 -0.0488086 -0.0175593
1 10.8112 13.7325 -0.0396488 -0.0174518
1 11.9146 13.729 -0.0148123 -0.0235591
1 13.0197 13.7268 0.00145664 -0.0387032
1 14.1228 13.7266 0.00370731 -0.0556728
1 15.2245 13.7281 0.00940452 -0.0665987
1 16.3262 13.7305 0.0132274 -0.0708474
1 17.4291 13.7329 -0.00508519 -0.0712061
1 18.5324 13.7347 -0.0074965 -0.0692354
1 19.6356 13.736 0.0022998 -0.0675223
1 20.7396 13.7369 -0.00115411 -0.0677815
1 21.8439 13.7372 -0.00191898 -0.0699648
1 22.9481 13.7372 0.00322957 -0.0696719
1 24.0528 13.7366 -0.000345521 -0.0682169
1 25.1564 13.7354 -0.000784139 -0.0681982
1 26.2591 13.7338 0.00280441 -0.0697708
1 27.362 13.7316 -0.0055151 -0.072121
1 28.4645 13.7291 -0.00359606 -0.0714129
1 29.5667 13.7268 0.000134298 -0.0638619
1 30.6688 13.7259 -0.00881336 -0.0482101
1 31.7727 13.7272 0.00335873 -0.0303736
1 32.8777 13.7303 0.0269485 -0.0192748
1 33.9793 13.7337 0.0445218 -0.0158105
1 35.0794 13.7364 0.0315447 -0.0158268
1 36.1823 13.7385 -0.0079729 -0.00935047
1 37.29 13.7412 -0.0318067 0.00144748
1 38.401 13.7447 -0.0438122 0.00536274
1 39.5127 13.748 -0.0488842 0.00737777
1 40.6245 13.7517 -0.0501278 0.0129181
1 41.7366 13.7554 -0.049199 0.0151471
1 42.8492 13.7586 -0.045713 0.0168486
1 43.9704 13.76 -0.0276622 0.0141818
1 0.265583 14.7174 0.0153424 -0.0205094
1 1.3884 14.7157 0.0346863 0.00195862
1 2.50188 14.7121 0.0422832 0.0126545
1 3.61466 14.7078 0.0468917 0.0167499
1 4.72705 14.7038 0.045136 0.0162451
1 5.83928 14.6999 0.0412774 0.0176398
1 6.95017 14.6963 0.0310708 0.0116001
1 8.05741 14.6938 0.00291961 0.00501209
1 9.16046 14.6913 -0.0397743 0.00699383
1 10.2611 14.6879 -0.052983 0.00814811
1 11.363 14.6842 -0.0305945 0.00130526
1 12.4673 14.6816 -0.00498729 -0.0120518
1 13.5705 14.6809 0.00451067 -0.0257667
1 14.6724 14.6819 -0.0100278 -0.0353243
1 15.775 14.6836 -0.00911898 -0.0395048
1 16.8783 14.6854 -0.00745981 -0.0404397
1 17.9816 14.6868 -0.0116772 -0.0404279
1 19.0844 14.6878 -0.00314292 -0.0410268
1 20.1878 14.6885 -0.00193735 -0.0423049
1 21.2921 14.689 -0.00645892 -0.0435797
1 22.3958 14.6891 0.000462165 -0.0440393
1 23.4999 14.6889 0.00339704 -0.0427512
1 24.6039 14.6882 0.00158813 -0.0420244
1 25.7071 14.6872 0.0146172 -0.0411413
1 26.8106 14.686 0.0134081 -0.040393
1 27.9139 14.6844 -0.00278869 -0.0401579
1 29.0161 14.6825 0.000350916 -0.0392404
1 30.1179 14.681 0.00290254 -0.03375
1 31.2204 14.6805 0.00183475 -0.0212424
1 32.3248 14.6821 0.0168801 -0.00466586
1 33.428 14.6855 0.047546 0.00688376
1 34.529 14.6893 0.0596093 0.00900836
1 35.6306 14.6924 0.0174128 0.00700984
1 36.7356 14.6948 -0.0192267 0.00795051
1 37.8452 14.6978 -0.0355389 0.0148517
1 38.957 14.7016 -0.0447391 0.0171129
1 40.0691 14.7056 -0.0475362 0.0168083
1 41.1814 14.7099 -0.0483503 0.0162526
1 42.2941 14.7139 -0.0456451 0.00760584
1 43.4091 14.7167 -0.0410207 -0.00670778
1 0.828556 15.673 0.0286782 -0.0240794
1 1.94455 15.6702 0.0383571 -0.00202069
1 3.05796 15.6661 0.0436474 0.0101531
1 4.17082 15.6618 0.0431503 0.0159604
1 5.28345 15.6577 0.0415147 0.0181916
1 6.39488 15.6541 0.0349988 0.0152702
1 7.50423 15.6515 0.0127339 0.0138205
1 8.60951 15.6487 -0.0282751 0.0185941
1 9.71155 15.645 -0.0680792 0.0214888
1 10.8126 15.6412 -0.0519742 0.0163361
1 11.9153 15.6384 -0.0214048 0.00443339
1 13.0192 15.6373 -0.0096993 -0.0087298
1 14.1219 15.6377 -0.0144393 -0.0171556
1 15.2241 15.6387 -0.0123655 -0.0203542
1 16.3268 15.6399 -0.00607135 -0.0212589
1 17.4302 15.6409 -0.0186097 -0.0228471
1 18.5337 15.6417 -0.0160053 -0.0251661
1 19.6368 15.6423 -0.00281934 -0.0275949
1 20.7405 15.6427 -0.0049051 -0.0287963
1 21.8441 15.6429 -0.00270424 -0.0291685
1 22.9476 15.6429 0.00618325 -0.0283307
1 24.0516 15.6425 0.00316097 -0.0275568
1 25.155 15.642 0.0052202 -0.0264939
1 26.2579 15.6412 0.0146493 -0.0247708
1 27.3612 15.6403 0.0121059 -0.0230836
1 28.4645 15.6391 0.0174456 -0.0216277
1 29.5676 15.638 0.0190772 -0.0191708
1 30.6697 15.6371 0.00448905 -0.0138176
1 31.7726 15.6373 0.0115378 -0.00409791
1 32.8765 15.6391 0.0355975 0.00908924
1 33.9779 15.6425 0.0620951 0.0205048
1 35.0788 15.6466 0.0505547 0.0220575
1 36.1825 15.65 0.00110133 0.015482
1 37.2899 15.6525 -0.0328874 0.0150668
1 38.4005 15.6556 -0.0422645 0.0188016
1 39.5127 15.6596 -0.044413 0.0176387
1 40.6251 15.6638 -0.0459225 0.013979
1 41.7384 15.6681 -0.0397943 0.00652722
1 42.8531 15.6714 -0.0325454 -0.0115933
1 43.9786 15.6717 -0.0127546 -0.0396765
1 0.257835 16.6261 0.0139045 -0.0431786
1 1.38571 16.626 0.0238097 -0.0209626
1 2.50177 16.6234 0.0357184 -0.00028469
1 3.61543 16.6196 0.0465904 0.00769462
1 4.72808 16.6157 0.0449336 0.0115216
1 5.84009 16.6123 0.0424731 0.0109543
1 6.9504 16.6096 0.0271155 0.0106411
1 8.05807 16.6067 -0.0115131 0.0170752
1 9.16209 16.6029 -0.0581329 0.022912
1 10.263 16.5989 -0.0660221 0.0186995
1 11.3641 16.596 -0.0403813 0.00653711
1 12.4677 16.5947 -0.0196575 -0.00539029
1 13.5707 16.5946 -0.0141764 -0.013265
1 14.673 16.5951 -0.0272419 -0.0175757
1 15.7761 16.5958 -0.0228359 -0.0198217
1 16.8796 16.5964 -0.0175262 -0.0217812
1 17.9828 16.597 -0.0190588 -0.0244658
1 19.0855 16.5974 -0.00773651 -0.0274344
1 20.1887 16.5977 -0.00396052 -0.0296117
1 21.2926 16.5978 -0.00709911 -0.0298842
1 22.3957 16.5978 0.0017433 -0.0294381
1 23.4991 16.5977 0.00479153 -0.0289432
1 24.6027 16.5975 0.00359412 -0.0283257
1 25.7059 16.5971 0.0199614 -0.0263067
1 26.8093 16.5966 0.02205 -0.0236632
1 27.9127 16.596 0.00966944 -0.0212409
1 29.0154 16.5953 0.0174452 -0.0193168
1 30.1178 16.5946 0.0223095 -0.0162757
1 31.2205 16.5943 0.0180443 -0.00992088
1 32.3241 16.5949 0.0272518 0.000110028
1 33.4264 16.597 0.0578117 0.011933
1 34.5272 16.6004 0.075395 0.0209286
1 35.6295 16.6046 0.0351571 0.0220346
1 36.7355 16.6081 -0.0100477 0.0144286
1 37.8449 16.6108 -0.0363507 0.0089927
1 38.9561 16.6137 -0.044364 0.0118928
1 40.0686 16.6175 -0.0418769 0.0111413
1 41.1817 16.6213 -0.0407759 0.00307268
1 42.2961 16.6245 -0.0315915 -0.0107802
1 43.4134 16.6258 -0.0183604 -0.0335847
1 0.826165 17.5776 0.00790531 -0.0400543
1 1.94482 17.5771 0.0205731 -0.023689
1 3.05979 17.575 0.0358268 -0.00893947
1 4.17307 17.572 0.0410938 0.000659934
1 5.28532 17.5688 0.0439282 0.000558803
1 6.39612 17.5663 0.0324762 0.00264284
1 7.50593 17.5633 0.000144839 0.0121803
1 8.61225 17.5592 -0.0427223 0.0191166
1 9.71447 17.5552 -0.0789926 0.0155171
1 10.815 17.5524 -0.0610133 0.00553575
1 11.9169 17.551 -0.0323412 -0.0043249
1 13.0205 17.5507 -0.0236717 -0.0120971
1 14.1231 17.5508 -0.026997 -0.016493
1 15.2254 17.5512 -0.0213042 -0.0184932
1 16.3281 17.5516 -0.0124652 -0.0195783
1 17.4312 17.5519 -0.0242765 -0.0215109
1 18.5345 17.5521 -0.0208732 -0.023972
1 19.6375 17.5522 -0.00477132 -0.025777
1 20.7409 17.5522 -0.00495843 -0.0264044
1 21.8442 17.5522 -0.00204148 -0.026434
1 22.9473 17.5521 0.00705006 -0.0261877
1 24.051 17.5521 0.00316153 -0.0258525
1 25.1542 17.552 0.00693894 -0.0247908
1 26.2569 17.5519 0.0195741 -0.0230307
1 27.36 17.5516 0.0188973 -0.0209531
1 28.4633 17.5512 0.0261446 -0.0191212
1 29.5665 17.5508 0.0306602 -0.0172718
1 30.6686 17.5505 0.0191013 -0.0142671
1 31.7714 17.5506 0.024978 -0.0087993
1 32.8747 17.5513 0.0443388 0.000285229
1 33.9754 17.5534 0.0709836 0.0109404
1 35.0759 17.5569 0.063653 0.0178973
1 36.1804 17.5611 0.0165078 0.0151991
1 37.2889 17.5647 -0.0230054 0.00715287
1 38.3995 17.5674 -0.0414673 0.000919789
1 39.5113 17.5701 -0.0442985 -7.26444e-05
1 40.624 17.5732 -0.0441649 -0.00353673
1 41.7382 17.5757 -0.0337137 -0.0143379
1 42.8556 17.577 -0.0212542 -0.0323491
1 43.9856 17.5768 -0.0222902 -0.043407
1 0.253779 18.5273 0.0258435 -0.0386269
1 1.38467 18.5277 0.0188612 -0.0400765
1 2.50293 18.528 0.0293107 -0.0292761
1 3.61778 18.5269 0.0406314 -0.015995
1 4.73074 18.5246 0.0426692 -0.0107173
1 5.84254 18.5223 0.0377942 -0.00504666
1 6.95359 18.5191 0.0159783 0.00503182
1 8.06237 18.5148 -0.0228936 0.0106743
1 9.16656 18.5108 -0.0650282 0.00862425
1 10.2668 18.508 -0.0697914 0.000347648
1 11.3671 18.5067 -0.0441762 -0.00922699
1 12.4699 18.5064 -0.0253725 -0.0155321
1 13.5723 18.5065 -0.0202942 -0.0188615
1 14.6742 18.5067 -0.0319528 -0.0203128
1 15.7771 18.5069 -0.0266782 -0.0211856
1 16.8804 18.5071 -0.0212717 -0.0219963
1 17.9833 18.5071 -0.0226031 -0.0226202
1 19.0859 18.507 -0.00957276 -0.0230129
1 20.1889 18.5069 -0.00404311 -0.0232429
1 21.2926 18.5067 -0.00709145 -0.0234257
1 22.3956 18.5067 0.00214485 -0.0236227
1 23.4989 18.5067 0.00511443 -0.0233911
1 24.6024 18.5068 0.00413376 -0.0232839
1 25.7055 18.5069 0.0222414 -0.0227654
1 26.8087 18.507 0.0251354 -0.0218576
1 27.9118 18.5069 0.0131578 -0.0211987
1 29.0143 18.5066 0.0222492 -0.0207176
1 30.1164 18.5064 0.02914 -0.0199572
1 31.2186 18.5062 0.0256655 -0.0169849
1 32.3217 18.5063 0.0328218 -0.0118686
1 33.4232 18.507 0.0618723 -0.00456775
1 34.5232 18.509 0.0800392 0.00485003
1 35.6251 18.5124 0.0440867 0.0114676
1 36.7318 18.5168 0.00263336 0.00923119
1 37.8424 18.5207 -0.0277609 -0.00149444
1 38.9538 18.5233 -0.0421025 -0.00852857
1 40.0661 18.5256 -0.0391611 -0.0115471
1 41.1797 18.5274 -0.0321915 -0.022996
1 42.2955 18.5275 -0.0145239 -0.0365806
1 43.4152 18.5268 -0.00473815 -0.0414662
1 0.82552 19.4765 0.0123997 -0.0334697
1 1.94528 19.4784 0.0170214 -0.0373825
1 3.0617 19.4801 0.0296097 -0.0251218
1 4.17596 19.4797 0.0371078 -0.0112798
1 5.28871 19.478 0.0377051 -0.00109397
1 6.40071 19.4748 0.0217379 0.0100585
1 7.51182 19.4704 -0.00913582 0.015997
1 8.61826 19.4662 -0.0448959 0.0122102
1 9.7195 19.4636 -0.0769646 0.00267239
1 10.8189 19.4625 -0.0583595 -0.00603402
1 11.9198 19.4623 -0.0310152 -0.0114004
1 13.0225 19.4625 -0.0250845 -0.0152666
1 14.1244 19.4627 -0.0298951 -0.0174791
1 15.2262 19.4629 -0.0238861 -0.0180479
1 16.3285 19.463 -0.0142709 -0.0179248
1 17.4314 19.463 -0.0256516 -0.0177616
1 18.5345 19.4628 -0.0218259 -0.0173086
1 19.6374 19.4625 -0.00498626 -0.0164154
1 20.7407 19.4623 -0.00520657 -0.0158136
1 21.844 19.4622 -0.00232432 -0.0161848
1 22.9473 19.4622 0.00731737 -0.0163043
1 24.0511 19.4623 0.00337234 -0.0163723
1 25.1542 19.4625 0.00762725 -0.0168512
1 26.2569 19.4627 0.0210534 -0.0173606
1 27.3597 19.4629 0.0208232 -0.0175744
1 28.4627 19.4628 0.0282193 -0.0174067
1 29.5654 19.4627 0.032863 -0.0172279
1 30.6668 19.4624 0.0217311 -0.0163649
1 31.7689 19.4622 0.0261169 -0.0138269
1 32.8714 19.4621 0.0424906 -0.00859485
1 33.971 19.4627 0.0687849 -0.000614702
1 35.0704 19.4645 0.0640018 0.00830622
1 36.1743 19.4679 0.0218587 0.0149262
1 37.2835 19.4724 -0.0121893 0.0151218
1 38.3953 19.4765 -0.03238 0.00616729
1 39.5081 19.479 -0.0375224 -0.0062871
1 40.6214 19.48 -0.0335289 -0.0179207
1 41.7372 19.4793 -0.021985 -0.033309
1 42.8557 19.477 -0.0171494 -0.0390042
1 43.9861 19.476 -0.0241899 -0.033465
1 0.255936 20.4259 0.024756 -0.0243985
1 1.38528 20.4272 0.0188833 -0.030431
1 2.50367 20.4304 0.0206973 -0.0308836
1 3.61993 20.4327 0.0310162 -0.0175945
1 4.7343 20.4327 0.0312224 0.000367798
1 5.84806 20.43 0.0241354 0.0166211
1 6.96068 20.4255 0.00799212 0.0213441
1 8.06942 20.4214 -0.0221483 0.0159716
1 9.17236 20.4189 -0.0594707 0.00728758
1 10.2711 20.4179 -0.0634845 -0.000444975
1 11.3703 20.4178 -0.0400998 -0.00636573
1 12.4722 20.4181 -0.0250313 -0.00994745
1 13.5739 20.4184 -0.0224439 -0.0122425
1 14.675 20.4187 -0.0341776 -0.0127156
1 15.7774 20.4188 -0.0281387 -0.0122646
1 16.8802 20.4188 -0.0217718 -0.0118636
1 17.9829 20.4186 -0.0219978 -0.0107994
1 19.0854 20.4183 -0.00845505 -0.00918864
1 20.1885 20.418 -0.00343114 -0.00773938
1 21.2923 20.4178 -0.00752667 -0.00725792
1 22.3956 20.4178 0.00175645 -0.00741199
1 23.4992 20.4179 0.00498917 -0.00753438
1 24.6028 20.4181 0.00396804 -0.00855236
1 25.706 20.4183 0.0220385 -0.00989385
1 26.809 20.4186 0.0250264 -0.0109191
1 27.9117 20.4187 0.0138567 -0.0117011
1 29.0137 20.4186 0.0241719 -0.0119159
1 30.1151 20.4184 0.0314961 -0.0120018
1 31.2166 20.4181 0.0266023 -0.0104835
1 32.3189 20.4178 0.0304906 -0.00808751
1 33.4194 20.4175 0.0568536 -0.00428531
1 34.5181 20.418 0.0741355 0.00308705
1 35.6186 20.4197 0.0407481 0.0129273
1 36.7245 20.4231 0.00703576 0.0206539
1 37.8358 20.4276 -0.0153992 0.0212971
1 38.9492 20.4315 -0.0274219 0.00977433
1 40.0634 20.433 -0.0284329 -0.00698988
1 41.1787 20.4317 -0.0259499 -0.0243338
1 42.2955 20.4287 -0.0228649 -0.0321082
1 43.4141 20.4262 -0.0247525 -0.0255839
1 0.827088 21.3777 0.0316101 -0.0184255
1 1.94485 21.38 0.0268456 -0.0262829
1 3.06149 21.3834 0.022698 -0.0279085
1 4.17791 21.3855 0.0188429 -0.011746
1 5.29387 21.3843 0.0174771 0.00798786
1 6.40825 21.3806 0.0103064 0.0162673
1 7.51923 21.3768 -0.00765129 0.0128716
1 8.62417 21.3743 -0.0378401 0.00434899
1 9.72376 21.3733 -0.0697566 -0.00358405
1 10.8219 21.3732 -0.0540275 -0.00842663
1 11.922 21.3735 -0.0303601 -0.0107876
1 13.0241 21.3739 -0.0272783 -0.0122625
1 14.1253 21.3742 -0.0325106 -0.0129416
1 15.2265 21.3743 -0.0249367 -0.012481
1 16.3283 21.3744 -0.0135537 -0.011697
1 17.4308 21.3742 -0.0236545 -0.0108079
1 18.5338 21.3739 -0.0191398 -0.00933489
1 19.6368 21.3736 -0.00261532 -0.00735084
1 20.7403 21.3735 -0.00399577 -0.0058684
1 21.8439 21.3734 -0.00229716 -0.00547835
1 22.9475 21.3734 0.00649684 -0.00558874
1 24.0516 21.3736 0.00168612 -0.00649427
1 25.1549 21.3737 0.00547489 -0.00827765
1 26.2575 21.374 0.0191316 -0.00992639
1 27.3601 21.3743 0.01984 -0.011066
1 28.4627 21.3742 0.0287034 -0.0114942
1 29.5648 21.3741 0.0346543 -0.0121407
1 30.6655 21.3739 0.0237599 -0.0122517
1 31.7669 21.3736 0.0263322 -0.0111524
1 32.8687 21.3731 0.0394757 -0.00910379
1 33.9673 21.373 0.0628495 -0.00543694
1 35.0653 21.3734 0.0564909 7.45736e-05
1 36.1675 21.3751 0.0168512 0.00819182
1 37.2757 21.3783 -0.00769257 0.0160854
1 38.3886 21.3824 -0.0138242 0.0149842
1 39.5041 21.3852 -0.0175172 -0.000171625
1 40.6201 21.3847 -0.0209147 -0.020688
1 41.737 21.3816 -0.0195832 -0.0279218
1 42.8545 21.3788 -0.0256014 -0.0212622
1 43.9816 21.3776 -0.0291998 -0.0112645
1 0.26096 22.3308 0.0374938 -0.0019636
1 1.3862 22.3321 0.0304268 -0.0094722
1 2.50277 22.3341 0.0222292 -0.016683
1 3.61987 22.3368 0.0143333 -0.0142222
1 4.7376 22.3374 0.00766077 0.00232911
1 5.85426 22.3354 0.0110344 0.0126605
1 6.96732 22.3325 0.00865114 0.0132252
1 8.07472 22.3305 -0.0154596 0.00677651
1 9.17606 22.3296 -0.0531444 0.00100257
1 10.2737 22.3294 -0.0595523 -0.00311138
1 11.3721 22.3296 -0.0388718 -0.00573323
1 12.4735 22.3299 -0.0260869 -0.00707379
1 13.5747 22.3302 -0.0242613 -0.0079669
1 14.6753 22.3303 -0.0351572 -0.00796948
1 15.7773 22.3304 -0.0276385 -0.00786769
1 16.8798 22.3303 -0.0198197 -0.00778454
1 17.9824 22.3301 -0.018859 -0.00697572
1 19.0849 22.3299 -0.00499235 -0.00552851
1 20.1881 22.3298 -0.000663624 -0.00407246
1 21.2921 22.3297 -0.00622016 -0.00319924
1 22.3957 22.3297 0.00125861 -0.0029109
1 23.4995 22.3298 0.00298282 -0.00318605
1 24.6033 22.3299 0.000964084 -0.00457541
1 25.7065 22.33 0.0189633 -0.00612513
1 26.8095 22.3302 0.0225231 -0.00701428
1 27.9119 22.3303 0.0126092 -0.00735652
1 29.0135 22.3302 0.0246765 -0.00739385
1 30.1145 22.3301 0.0333067 -0.00765419
1 31.2155 22.3299 0.0281187 -0.00696914
1 32.3173 22.3296 0.0303155 -0.00602815
1 33.4173 22.3293 0.0539961 -0.00474968
1 34.515 22.3292 0.0682716 -0.00154474
1 35.614 22.3297 0.033128 0.00378259
1 36.7183 22.3311 0.00244801 0.0102287
1 37.8289 22.3337 -0.00988882 0.0140846
1 38.9439 22.3364 -0.00753491 0.00893054
1 40.0616 22.3374 -0.00564542 -0.00529677
1 41.1793 22.3355 -0.0170165 -0.0180337
1 42.2957 22.333 -0.0262306 -0.0121684
1 43.4128 22.3313 -0.0314103 -0.00640127
1 0.827568 23.2857 0.0292575 -0.000943363
1 1.94457 23.2865 0.0249519 -0.00267807
1 3.06056 23.2877 0.0136296 -0.00499101
1 4.17901 23.2885 -0.00129968 0.000555808
1 5.29776 23.2882 0.00289474 0.00649473
1 6.41301 23.2872 0.0082454 0.00829451
1 7.52323 23.2863 -0.00302872 0.00660756
1 8.62691 23.2858 -0.0326996 0.00406017
1 9.72552 23.2856 -0.0669287 0.00200813
1 10.8231 23.2857 -0.0533336 0.000892187
1 11.9229 23.2858 -0.0310302 0.000155096
1 13.0247 23.2859 -0.0284215 -0.000267579
1 14.1256 23.286 -0.0334497 -0.000422872
1 15.2265 23.286 -0.0250749 -0.000621879
1 16.3281 23.286 -0.012427 -0.000783639
1 17.4305 23.286 -0.0215064 -0.000731015
1 18.5334 23.2859 -0.0166216 -0.000313849
1 19.6365 23.2858 -0.000243352 0.000255341
1 20.7402 23.2858 -0.00220691 0.000755988
1 21.8439 23.2858 -0.00167569 0.00107841
1 22.9477 23.2858 0.00555247 0.00119265
1 24.0518 23.2859 -0.000624166 0.000907048
1 25.1552 23.2859 0.00277372 0.000232797
1 26.2578 23.286 0.0170601 -0.000184006
1 27.3603 23.286 0.0186252 -0.000276671
1 28.4627 23.286 0.0282057 -0.000208778
1 29.5645 23.2859 0.0350178 -0.000240684
1 30.665 23.2858 0.0249158 -0.000138145
1 31.7662 23.2857 0.0272171 0.000243011
1 32.8676 23.2856 0.0392777 0.000906147
1 33.9658 23.2855 0.0609338 0.00171205
1 35.0631 23.2855 0.0521992 0.00299277
1 36.1641 23.2858 0.0112232 0.00522472
1 37.2712 23.2864 -0.00985 0.00757504
1 38.384 23.2875 -0.006164 0.00763099
1 39.5015 23.2882 0.00178742 0.00385127
1 40.6205 23.2881 -0.00655455 -0.00171474
1 41.7379 23.2872 -0.0230989 -0.00251645
1 42.8537 23.2867 -0.0348733 0.000124331
1 43.9774 23.2862 -0.0464848 0.000984555
1 0.262723 24.241 0.0471499 -0.00142511
1 1.38647 24.2406 0.034563 0.000233562
1 2.50232 24.2401 0.0236002 0.0030752
1 3.61961 24.2391 0.00812411 0.00295179
1 4.73853 24.2389 7.74163e-05 -0.00341725
1 5.85596 24.2397 0.00814816 -0.00714671
1 6.96895 24.2408 0.00995857 -0.00714909
1 8.07588 24.2415 -0.0133289 -0.00463282
1 9.17678 24.2417 -0.0519667 -0.00240553
1 10.2742 24.2418 -0.0594425 -0.0010852
1 11.3724 24.2417 -0.0392356 -0.000237638
1 12.4737 24.2415 -0.0265634 0.000415146
1 13.5749 24.2414 -0.0245162 0.000769403
1 14.6753 24.2413 -0.0353335 0.000865341
1 15.7772 24.2413 -0.0275464 0.000803751
1 16.8797 24.2413 -0.0192825 0.000949237
1 17.9822 24.2413 -0.0179877 0.000755245
1 19.0848 24.2414 -0.0040732 0.000287568
1 20.1881 24.2414 0.000185089 -0.000275316
1 21.2921 24.2415 -0.00554968 -0.000541226
1 22.3957 24.2415 0.00144661 -0.000535171
1 23.4996 24.2415 0.00248655 -0.000223748
1 24.6034 24.2415 -4.54004e-05 0.000384574
1 25.7066 24.2414 0.0180565 0.000950217
1 26.8095 24.2413 0.0220079 0.00136985
1 27.9119 24.2412 0.0122425 0.00129015
1 29.0134 24.2412 0.0243442 0.00123145
1 30.1143 24.2412 0.03343 0.00114887
1 31.2153 24.2413 0.028667 0.000778984
1 32.317 24.2414 0.0308158 0.000348517
1 33.4169 24.2415 0.0541551 -0.000194608
1 34.5144 24.2416 0.0678026 -0.00138533
1 35.6132 24.2414 0.0313918 -0.00343307
1 36.7169 24.2409 0.000106121 -0.0059632
1 37.8272 24.24 -0.0105432 -0.00770425
1 38.9424 24.239 -0.00310733 -0.00612958
1 40.0611 24.2386 0.00180453 5.32139e-05
1 41.1795 24.2396 -0.0136018 0.00596487
1 42.2956 24.2408 -0.0249265 0.00276132
1 43.4126 24.2416 -0.028856 0.000456832
1 0.827427 25.1961 0.0312098 0.0057407
1 1.94457 25.1944 0.0261739 0.0115672
1 3.06091 25.1918 0.016656 0.0172915
1 4.17861 25.1899 0.00635426 0.00426886
1 5.2963 25.1909 0.00777215 -0.0108746
1 6.41131 25.1936 0.00817407 -0.0151431
1 7.52185 25.1962 -0.00508798 -0.0110915
1 8.62599 25.1977 -0.0343997 -0.00509688
1 9.72492 25.1981 -0.0676859 0.000185612
1 10.8227 25.198 -0.0532361 0.00351678
1 11.9226 25.1977 -0.0305168 0.00493409
1 13.0244 25.1974 -0.0279164 0.00584976
1 14.1255 25.1972 -0.0332152 0.0064164
1 15.2264 25.1971 -0.0251133 0.00621114
1 16.3281 25.197 -0.012808 0.00615076
1 17.4305 25.1971 -0.0222633 0.00574359
1 18.5335 25.1973 -0.0175086 0.00479443
1 19.6366 25.1975 -0.00105353 0.00329388
1 20.7402 25.1976 -0.00268843 0.00207852
1 21.844 25.1977 -0.00160796 0.0016248
1 22.9477 25.1977 0.00615082 0.00179174
1 24.0517 25.1976 0.000320105 0.00276077
1 25.155 25.1974 0.00374015 0.00443198
1 26.2576 25.1972 0.0177999 0.00585611
1 27.3602 25.197 0.0190952 0.00641118
1 28.4626 25.197 0.0283679 0.00643152
1 29.5646 25.197 0.0348974 0.00682445
1 30.6651 25.1972 0.0244906 0.00685985
1 31.7664 25.1974 0.0267381 0.00567093
1 32.868 25.1977 0.039029 0.00433884
1 33.9663 25.1979 0.0611333 0.00179697
1 35.0639 25.1978 0.0533253 -0.00211779
1 36.1653 25.1969 0.013119 -0.00780961
1 37.2728 25.1948 -0.00894741 -0.0138822
1 38.3857 25.1919 -0.00921753 -0.0141696
1 39.5024 25.1898 -0.00639151 -0.00365145
1 40.6201 25.1904 -0.0129845 0.012667
1 41.7373 25.1933 -0.0211867 0.0158645
1 42.8539 25.1953 -0.0306885 0.00825517
1 43.9791 25.1965 -0.0372383 0.0015725
1 0.258732 26.1499 0.0303539 0.0108574
1 1.38581 26.1486 0.0248668 0.0214292
1 2.50333 26.1457 0.0198195 0.0289372
1 3.6201 26.1426 0.0223911 0.0216259
1 4.73606 26.1422 0.0188931 0.000673428
1 5.85138 26.145 0.0159563 -0.0142267
1 6.96439 26.1491 0.00717865 -0.0157532
1 8.0725 26.1523 -0.0190686 -0.00749692
1 9.17456 26.1539 -0.0559952 0.000498697
1 10.2727 26.1544 -0.0611813 0.00615263
1 11.3713 26.1542 -0.0393121 0.00986304
1 12.4729 26.1538 -0.0256816 0.0120716
1 13.5743 26.1535 -0.0236989 0.0131138
1 14.6751 26.1532 -0.0350497 0.012923
1 15.7772 26.1531 -0.0281032 0.0122795
1 16.8799 26.1531 -0.0209314 0.0118218
1 17.9825 26.1533 -0.0203647 0.0105819
1 19.0851 26.1536 -0.00663296 0.00896014
1 20.1883 26.1538 -0.00195019 0.00728134
1 21.2922 26.154 -0.00665213 0.00638507
1 22.3957 26.154 0.00183431 0.0062097
1 23.4995 26.1539 0.00428519 0.0064941
1 24.6031 26.1537 0.00280643 0.0080618
1 25.7062 26.1535 0.0207292 0.0101742
1 26.8092 26.1532 0.0239483 0.0116624
1 27.9117 26.153 0.0134439 0.0124412
1 29.0135 26.1531 0.0246575 0.0131423
1 30.1146 26.1532 0.0326512 0.0137429
1 31.2159 26.1535 0.0273644 0.0130249
1 32.3179 26.1538 0.0300594 0.0114221
1 33.4181 26.1541 0.0547302 0.00907562
1 34.5162 26.1541 0.0703492 0.00425932
1 35.6159 26.153 0.0363835 -0.00373549
1 36.7209 26.1506 0.00492975 -0.0123072
1 37.8319 26.1467 -0.0119915 -0.0161087
1 38.9463 26.1431 -0.0176493 -0.00648214
1 40.0622 26.1418 -0.0188253 0.012064
1 41.1785 26.1439 -0.022726 0.0285211
1 42.2953 26.1473 -0.0264305 0.0270033
1 43.4131 26.1497 -0.0320223 0.0188509
1 0.826229 27.1012 0.0249235 0.026658
1 1.94491 27.0986 0.0224606 0.0329725
1 3.06159 27.0956 0.0259687 0.0244394
1 4.17685 27.0945 0.0292301 0.00750023
1 5.29101 27.096 0.0279332 -0.00985397
1 6.40443 27.0998 0.0156932 -0.0206668
1 7.51562 27.1043 -0.00940843 -0.0204263
1 8.62142 27.1077 -0.0420545 -0.0125555
1 9.72181 27.1094 -0.0736182 -0.00275731
1 10.8205 27.1099 -0.0561813 0.00455698
1 11.921 27.1096 -0.0307063 0.00829773
1 13.0233 27.1093 -0.0264681 0.0107939
1 14.1248 27.109 -0.0314769 0.012205
1 15.2263 27.1088 -0.0245548 0.0120494
1 16.3284 27.1087 -0.0141122 0.0116967
1 17.431 27.1088 -0.0249203 0.0109686
1 18.5341 27.1091 -0.0206941 0.0100701
1 19.6371 27.1093 -0.00400225 0.00870435
1 20.7405 27.1095 -0.00473627 0.00754307
1 21.844 27.1096 -0.00223779 0.00738873
1 22.9475 27.1096 0.0073504 0.00727703
1 24.0513 27.1094 0.00330211 0.0077007
1 25.1545 27.1091 0.00746497 0.00919645
1 26.2571 27.1088 0.0209194 0.0109601
1 27.3597 27.1086 0.020964 0.012032
1 28.4625 27.1086 0.028911 0.0124944
1 29.5649 27.1087 0.033945 0.0127753
1 30.666 27.109 0.0224356 0.0123658
1 31.7677 27.1093 0.025512 0.0102
1 32.8698 27.1096 0.040239 0.00670124
1 33.9688 27.1095 0.0652241 0.000746055
1 35.0676 27.1084 0.0600645 -0.00702036
1 36.1706 27.106 0.0199528 -0.0155864
1 37.2794 27.1019 -0.00986863 -0.0210424
1 38.3918 27.0974 -0.0234086 -0.0160394
1 39.5058 27.0946 -0.0313112 -0.000162407
1 40.6201 27.0946 -0.0296855 0.0173611
1 41.7364 27.0968 -0.0200258 0.0311752
1 42.8548 27.1001 -0.0194743 0.0321627
1 43.9842 27.1016 -0.0249241 0.0254787
1 0.254065 28.0515 0.0245291 0.0350914
1 1.38456 28.0505 0.0168455 0.039515
1 2.50313 28.0482 0.0235954 0.0327687
1 3.61874 28.0476 0.0357687 0.0172028
1 4.73218 28.0487 0.0382042 0.00615995
1 5.84477 28.0511 0.0313932 -0.00688781
1 6.95673 28.0552 0.0108262 -0.0155427
1 8.06573 28.0596 -0.0236891 -0.0154431
1 9.16944 28.063 -0.0628972 -0.00852774
1 10.269 28.0649 -0.0669557 0.000160007
1 11.3686 28.0654 -0.0422763 0.00793757
1 12.4709 28.0653 -0.0254409 0.0129312
1 13.573 28.0651 -0.0216438 0.0153845
1 14.6745 28.0648 -0.033282 0.0162337
1 15.7772 28.0647 -0.0276242 0.0164157
1 16.8803 28.0646 -0.0217831 0.016662
1 17.9831 28.0648 -0.0223124 0.0162916
1 19.0857 28.065 -0.00891151 0.0158366
1 20.1888 28.0652 -0.00377057 0.0152626
1 21.2925 28.0653 -0.00749221 0.0151038
1 22.3956 28.0653 0.00193538 0.0151488
1 23.4991 28.0652 0.0054964 0.0148279
1 24.6025 28.065 0.00506187 0.0152628
1 25.7056 28.0647 0.0234198 0.0161115
1 26.8087 28.0645 0.0261233 0.016785
1 27.9115 28.0645 0.014116 0.0172176
1 29.0138 28.0646 0.0233049 0.0172041
1 30.1156 28.0648 0.0299098 0.0164475
1 31.2175 28.065 0.0254888 0.014374
1 32.3201 28.0652 0.0310711 0.0107736
1 33.4212 28.065 0.0590794 0.00529506
1 34.5205 28.0639 0.0774405 -0.0032281
1 35.6218 28.0613 0.0434446 -0.0125815
1 36.7282 28.0572 0.00589017 -0.0162052
1 37.8393 28.0528 -0.0224007 -0.0102036
1 38.9515 28.0495 -0.0381668 0.000156966
1 40.0642 28.0478 -0.0366214 0.00990066
1 41.1784 28.0473 -0.0295994 0.0239642
1 42.2948 28.049 -0.0168704 0.0369588
1 43.4146 28.0509 -0.0113934 0.0343858
1 0.825142 29.0006 0.00413669 0.0419888
1 1.94487 28.9999 0.0150973 0.0366962
1 3.06055 29.0001 0.0325393 0.0231487
1 4.17418 29.002 0.0400286 0.0118718
1 5.28647 29.0043 0.0422578 0.00896821
1 6.39769 29.0069 0.0269407 0.00122664
1 7.50828 29.0107 -0.00568795 -0.00914827
1 8.61488 29.0151 -0.0454646 -0.0112078
1 9.71674 29.0185 -0.0794164 -0.00467501
1 10.8167 29.0204 -0.0611274 0.00466052
1 11.9182 29.0212 -0.0330847 0.0117047
1 13.0213 29.0212 -0.0255159 0.0168043
1 14.1235 29.021 -0.0292717 0.019835
1 15.2257 29.0208 -0.0229146 0.0206011
1 16.3283 29.0206 -0.0133963 0.0211031
1 17.4313 29.0205 -0.0247633 0.0217561
1 18.5345 29.0206 -0.0209666 0.0227094
1 19.6375 29.0207 -0.00445081 0.0230842
1 20.7408 29.0208 -0.00497221 0.0231618
1 21.8441 29.0208 -0.00245751 0.0234363
1 22.9472 29.0207 0.00706854 0.0233802
1 24.0509 29.0206 0.0037085 0.0231638
1 25.154 29.0204 0.00835177 0.0228332
1 26.2567 29.0204 0.0216139 0.0225209
1 27.3596 29.0204 0.0208064 0.0218742
1 28.4628 29.0206 0.0274831 0.0211383
1 29.5658 29.0208 0.0316311 0.0202576
1 30.6676 29.021 0.0204991 0.0188876
1 31.77 29.021 0.0263183 0.0155528
1 32.873 29.0207 0.0447692 0.00920381
1 33.9732 29.0194 0.0713842 -0.000331589
1 35.0733 29.0167 0.0656387 -0.00862115
1 36.1776 29.0126 0.020667 -0.010398
1 37.2865 29.0084 -0.0172512 -0.00459384
1 38.3976 29.0052 -0.0384722 0.00516698
1 39.5094 29.0029 -0.0417283 0.0104608
1 40.6223 29.0006 -0.0386689 0.0156692
1 41.7371 28.9994 -0.0284382 0.0288242
1 42.8552 28.9996 -0.019102 0.0400555
1 43.9862 29.0001 -0.0249761 0.0395067
1 0.254531 29.9503 0.0214961 0.0429037
1 1.38452 29.9503 0.0211636 0.0314683
1 2.50187 29.9517 0.0348029 0.014016
1 3.61606 29.9542 0.0460992 0.00329834
1 4.72888 29.9573 0.0452388 -7.83122e-05
1 5.84068 29.96 0.0418308 -0.00126969
1 6.95127 29.9627 0.0219333 -0.00755779
1 8.05961 29.9663 -0.0185294 -0.0154804
1 9.16391 29.9705 -0.062947 -0.0182567
1 10.2645 29.974 -0.0693926 -0.0115451
1 11.3653 29.976 -0.0439533 -0.000776967
1 12.4684 29.9767 -0.0243781 0.00825491
1 13.5713 29.9768 -0.0189196 0.0135715
1 14.6734 29.9765 -0.0308004 0.0167553
1 15.7765 29.9761 -0.0254016 0.0188313
1 16.88 29.9757 -0.0196099 0.0206494
1 17.9831 29.9754 -0.0206296 0.0225156
1 19.0857 29.9753 -0.00820051 0.024309
1 20.1888 29.9752 -0.00359057 0.0254569
1 21.2925 29.9752 -0.00706933 0.0257937
1 22.3955 29.9751 0.00179852 0.0260359
1 23.4989 29.9751 0.00506685 0.0260187
1 24.6024 29.9751 0.0045384 0.0254224
1 25.7055 29.9752 0.0222019 0.0235311
1 26.8088 29.9754 0.024694 0.0211725
1 27.912 29.9758 0.0122085 0.0191503
1 29.0146 29.9762 0.0206142 0.0179793
1 30.1169 29.9765 0.027016 0.0159971
1 31.2195 29.9767 0.0240118 0.011797
1 32.323 29.9763 0.0324044 0.00401632
1 33.425 29.9749 0.0619768 -0.00608287
1 34.5255 29.9722 0.0794965 -0.0159538
1 35.6278 29.9681 0.0409713 -0.0196216
1 36.7341 29.964 -0.00333342 -0.0128163
1 37.8439 29.961 -0.0330106 -0.00289208
1 38.9549 29.9585 -0.0434736 -0.000826793
1 40.0671 29.9554 -0.040069 -0.000931528
1 41.1803 29.9523 -0.0359777 0.00850611
1 42.2952 29.9502 -0.0207487 0.0233412
1 43.4137 29.9496 -0.00848986 0.0402491
1 0.826788 30.9015 0.019296 0.0325689
1 1.94408 30.903 0.0323234 0.00977488
1 3.05837 30.9062 0.0412051 -0.00332481
1 4.17155 30.91 0.0427004 -0.0110363
1 5.28413 30.9138 0.0444165 -0.0115949
1 6.39512 30.9167 0.0356302 -0.00905064
1 7.50454 30.9193 0.00697636 -0.0142882
1 8.61044 30.9229 -0.0366926 -0.021856
1 9.7127 30.9271 -0.074798 -0.020799
1 10.8135 30.9304 -0.0568805 -0.0118415
1 11.9157 30.9324 -0.0274927 -0.000147114
1 13.0194 30.933 -0.017782 0.00967226
1 14.1221 30.9328 -0.0222571 0.0162672
1 15.2245 30.9321 -0.0180564 0.0192738
1 16.3274 30.9314 -0.00981388 0.0211669
1 17.4307 30.9308 -0.0214576 0.0235018
1 18.5341 30.9303 -0.0183693 0.0262602
1 19.6372 30.9299 -0.00365511 0.0282558
1 20.7406 30.9297 -0.00470373 0.028936
1 21.844 30.9295 -0.00205986 0.029446
1 22.9472 30.9295 0.00697136 0.0297456
1 24.0511 30.9297 0.00341054 0.0294584
1 25.1544 30.93 0.0064647 0.0274914
1 26.2572 30.9304 0.0179169 0.0246367
1 27.3604 30.931 0.0166586 0.0217969
1 28.4637 30.9316 0.0234342 0.0197297
1 29.567 30.9323 0.0270778 0.017484
1 30.6692 30.9328 0.0141735 0.0131707
1 31.7722 30.9327 0.0201029 0.00528842
1 32.8759 30.9314 0.0410262 -0.00638463
1 33.977 30.9285 0.067547 -0.018376
1 35.0778 30.9246 0.0585808 -0.0228615
1 36.1819 30.9207 0.00951266 -0.0171411
1 37.2898 30.9178 -0.0279288 -0.0108383
1 38.4001 30.9151 -0.0417324 -0.0110051
1 39.5121 30.9117 -0.0436898 -0.0114125
1 40.6246 30.9079 -0.0444578 -0.00746806
1 41.7383 30.9041 -0.0351507 3.92172e-05
1 42.8542 30.9014 -0.024612 0.0208211
1 43.982 30.9012 -0.0132365 0.0432339
1 0.261711 31.8557 0.0126165 0.0384578
1 1.38696 31.8562 0.0319218 0.0107295
1 2.50162 31.8595 0.0404325 -0.00691547
1 3.61489 31.8639 0.0477333 -0.0140143
1 4.72749 31.8679 0.0453468 -0.0178111
1 5.83969 31.8719 0.042893 -0.0190056
1 6.95017 31.875 0.0319633 -0.0152624
1 8.05743 31.8775 -0.00333803 -0.0158531
1 9.16101 31.8809 -0.0501025 -0.0221036
1 10.262 31.8849 -0.060493 -0.0206583
1 11.3635 31.8883 -0.0348183 -0.00938712
1 12.4672 31.8901 -0.0110564 0.00384372
1 13.5702 31.8902 -0.00449925 0.013547
1 14.6723 31.8894 -0.0191633 0.0188191
1 15.7753 31.8882 -0.0168746 0.0213477
1 16.8788 31.8871 -0.0132193 0.0227499
1 17.9821 31.8862 -0.0159679 0.0243122
1 19.085 31.8854 -0.00617613 0.0261665
1 20.1882 31.8849 -0.00344503 0.0274665
1 21.2922 31.8845 -0.0063422 0.0280937
1 22.3955 31.8844 0.00222493 0.0288026
1 23.4993 31.8847 0.00485072 0.0285145
1 24.6031 31.8851 0.0027694 0.0273634
1 25.7063 31.8857 0.0176222 0.0249446
1 26.8098 31.8865 0.0191602 0.0226094
1 27.9132 31.8875 0.00606717 0.0211882
1 29.0158 31.8887 0.0118394 0.0203341
1 30.1181 31.8898 0.0144869 0.0166392
1 31.2208 31.8901 0.0100365 0.00819389
1 32.3247 31.889 0.0210895 -0.00472655
1 33.4274 31.8862 0.0527255 -0.0163332
1 34.5284 31.8825 0.0683543 -0.0215569
1 35.6305 31.8787 0.0266232 -0.0186587
1 36.7359 31.8759 -0.0157534 -0.0140178
1 37.8452 31.8734 -0.0357119 -0.0154796
1 38.9568 31.8698 -0.041528 -0.0187348
1 40.0694 31.8657 -0.0422793 -0.0161714
1 41.1822 31.8614 -0.0430525 -0.0101566
1 42.2956 31.8573 -0.0382106 0.00190449
1 43.4115 31.8544 -0.0290363 0.0226744
1 0.830937 32.8109 0.0405663 0.00530028
1 1.94595 32.8136 0.0461449 -0.00903037
1 3.05864 32.8176 0.0488937 -0.0170346
1 4.17104 32.8218 0.0483486 -0.0177433
1 5.28319 32.8257 0.0449896 -0.0177755
1 6.39477 32.8295 0.0347709 -0.0158469
1 7.50434 32.8325 0.0162334 -0.00901945
1 8.60928 32.8349 -0.0190394 -0.007988
1 9.71087 32.838 -0.0593269 -0.00976774
1 10.8119 32.8418 -0.0465476 -0.00778033
1 11.9151 32.8451 -0.0169699 0.0039963
1 13.0194 32.8467 -0.00154139 0.0207638
1 14.122 32.8463 -0.003196 0.0333416
1 15.2238 32.8447 -0.00112608 0.038576
1 16.3261 32.8429 0.00286319 0.0397226
1 17.4294 32.8413 -0.0129923 0.040146
1 18.5329 32.84 -0.0132867 0.0406474
1 19.6361 32.8391 -0.00178337 0.0414859
1 20.7399 32.8384 -0.00349592 0.0423207
1 21.8438 32.8381 -0.00107004 0.0437398
1 22.9476 32.8383 0.00635479 0.0432089
1 24.052 32.8387 0.00187083 0.0417772
1 25.1555 32.8395 0.00241006 0.0406603
1 26.2584 32.8405 0.0104903 0.0400772
1 27.3617 32.8419 0.00647435 0.0400892
1 28.4648 32.8437 0.00975724 0.0392281
1 29.5675 32.8454 0.0101071 0.0350379
1 30.6694 32.8464 -0.00435026 0.0251024
1 31.7726 32.8457 0.00545268 0.011241
1 32.8771 32.8432 0.0312114 -0.00208385
1 33.9789 32.8395 0.0544706 -0.00894034
1 35.0795 32.836 0.0403807 -0.00786544
1 36.1827 32.8335 -0.00508935 -0.00576244
1 37.2901 32.831 -0.0320136 -0.0125902
1 38.401 32.8274 -0.0406968 -0.0185501
1 39.5132 32.8235 -0.0443129 -0.0171486
1 40.6254 32.8195 -0.0453439 -0.0176875
1 41.7382 32.8153 -0.0417411 -0.0135434
1 42.8517 32.8118 -0.0355586 -0.00329078
1 43.9744 32.81 -0.0158265 0.0182132
1 0.269621 33.7677 0.0288435 -0.0162632
1 1.39083 33.769 0.045493 -0.0180304
1 2.50336 33.7721 0.0497151 -0.0151019
1 3.61543 33.7758 0.051633 -0.0128387
1 4.72744 33.7794 0.0498977 -0.00757064
1 5.83914 33.7827 0.0447271 -0.00536753
1 6.95001 33.7862 0.0311731 -0.00148936
1 8.05762 33.7888 0.0058269 0.00921476
1 9.16046 33.7909 -0.0307308 0.0158219
1 10.2606 33.7936 -0.0429406 0.0157877
1 11.3623 33.797 -0.0262377 0.0196834
1 12.4671 33.8001 -0.00279031 0.0309187
1 13.571 33.8013 0.00883012 0.0488541
1 14.6731 33.8005 -0.000532251 0.0644197
1 15.7753 33.7982 0.00388779 0.0719417
1 16.878 33.7957 0.00434916 0.0726337
1 17.9809 33.7935 -0.00409884 0.0704841
1 19.0836 33.7919 2.71712e-05 0.0688323
1 20.187 33.7907 3.94321e-06 0.0688161
1 21.2917 33.7901 -0.00337586 0.0701471
1 22.3958 33.7901 0.00152031 0.0705351
1 23.5001 33.7904 0.00120516 0.0684353
1 24.6043 33.7913 -0.00242001 0.0682899
1 25.7075 33.7926 0.00877096 0.0698504
1 26.8109 33.7944 0.00557045 0.0714865
1 27.9139 33.7968 -0.0125859 0.0712667
1 29.0156 33.7992 -0.0097494 0.0671842
1 30.1172 33.8008 -0.00386207 0.0564045
1 31.2203 33.8006 -0.00103837 0.0394639
1 32.3254 33.7983 0.0143717 0.0239335
1 33.4289 33.7949 0.0401857 0.0176843
1 34.5295 33.7919 0.0492279 0.0175834
1 35.6308 33.7897 0.0119092 0.0134181
1 36.736 33.7874 -0.0204863 0.00346871
1 37.8458 33.7843 -0.0384243 -0.00379577
1 38.9573 33.7809 -0.0506643 -0.00702393
1 40.0691 33.7773 -0.0510392 -0.0130054
1 41.1813 33.7735 -0.0522204 -0.0146931
1 42.2935 33.7702 -0.0497299 -0.0167865
1 43.408 33.7678 -0.0450563 -0.0182276
1 0.834366 34.7265 0.0504712 -0.0416135
1 1.94837 34.7289 0.0533035 -0.0336428
1 3.06008 34.7314 0.058382 -0.0265345
1 4.17175 34.7342 0.0559401 -0.0251123
1 5.28341 34.7372 0.0554113 -0.018156
1 6.39424 34.7398 0.0448503 -0.012982
1 7.50396 34.7424 0.0222078 -0.00726275
1 8.60936 34.7447 -0.00962905 0.00299924
1 9.71072 34.7464 -0.0414225 0.0127271
1 10.811 34.7485 -0.0302411 0.0145996
1 11.9141 34.7513 -0.0091921 0.0148272
1 13.0195 34.7539 0.00215152 0.0257584
1 14.1234 34.7547 0.00399002 0.0430641
1 15.2256 34.7534 0.0147693 0.0596741
1 16.3271 34.7506 0.0237558 0.0684547
1 17.4294 34.7473 0.00580694 0.0686899
1 18.5321 34.7445 0.000277925 0.0646492
1 19.6349 34.7425 0.00691963 0.0609488
1 20.7391 34.7413 0.00257544 0.0597817
1 21.8437 34.7408 0.000139377 0.0608678
1 22.9481 34.741 0.00130621 0.0593235
1 24.0529 34.7418 -0.00448217 0.058878
1 25.1564 34.7434 -0.00683885 0.0627784
1 26.2589 34.7458 -0.00636732 0.0668912
1 27.3613 34.7488 -0.0163045 0.0684123
1 28.4633 34.7519 -0.0115175 0.063628
1 29.5657 34.754 -0.00145514 0.0503158
1 30.6686 34.7541 -0.00699094 0.0329895
1 31.7732 34.7523 0.00188564 0.0200367
1 32.8783 34.7496 0.0197568 0.0154755
1 33.9795 34.7473 0.0346877 0.0143482
1 35.0793 34.7455 0.0243589 0.00806465
1 36.1826 34.7436 -0.0116586 -0.00257807
1 37.2906 34.741 -0.037398 -0.0122398
1 38.4014 34.7382 -0.051205 -0.0161138
1 39.5129 34.7355 -0.0553413 -0.0210951
1 40.6246 34.7325 -0.0601509 -0.0266137
1 41.7364 34.7298 -0.0605752 -0.031784
1 42.8488 34.7273 -0.0586661 -0.0365289
1 43.9696 34.7262 -0.0469197 -0.0432619
1 0.270875 35.6853 0.0577342 -0.0613457
1 1.39175 35.6876 0.061618 -0.0552494
1 2.50422 35.6894 0.0641097 -0.0533512
1 3.6158 35.6915 0.0670654 -0.0474026
1 4.72732 35.6937 0.0626364 -0.0425935
1 5.83868 35.6957 0.0576295 -0.0378842
1 6.94924 35.6978 0.0416521 -0.0349432
1 8.05715 35.6999 0.0140204 -0.0289818
1 9.16062 35.7017 -0.01929 -0.0193171
1 10.2608 35.7032 -0.0275974 -0.011619
1 11.3619 35.7047 -0.0129302 -0.0100467
1 12.4665 35.7068 0.00467935 -0.0105572
1 13.5712 35.7089 0.00889591 -0.00454347
1 14.6749 35.7095 -0.00134054 0.0104879
1 15.778 35.708 0.0114523 0.0271089
1 16.8804 35.7048 0.0206385 0.0370113
1 17.9823 35.7009 0.0143827 0.0377156
1 19.0838 35.6975 0.0156128 0.0329577
1 20.1868 35.6951 0.0112121 0.0279931
1 21.2915 35.694 0.00216796 0.0259858
1 22.3959 35.6937 -0.00200359 0.0252671
1 23.5004 35.6943 -0.00726674 0.0254353
1 24.6044 35.6962 -0.0137212 0.0304169
1 25.7067 35.6992 -0.00874197 0.0360431
1 26.809 35.7028 -0.0143765 0.0370054
1 27.9112 35.7063 -0.0255515 0.0309069
1 29.0133 35.7086 -0.0116135 0.0178558
1 30.1163 35.709 -0.000981938 0.0033573
1 31.2208 35.7077 -0.004266 -0.00733399
1 32.326 35.7056 0.00205809 -0.010922
1 33.4288 35.7038 0.0224437 -0.0102852
1 34.529 35.7025 0.033932 -0.0142115
1 35.6307 35.7009 0.00179533 -0.0255675
1 36.7364 35.6988 -0.0310729 -0.0336721
1 37.846 35.6966 -0.0504001 -0.0371835
1 38.957 35.6944 -0.0602892 -0.0417356
1 40.0685 35.6921 -0.0622095 -0.0451497
1 41.1799 35.6902 -0.0633477 -0.0488963
1 42.2918 35.6882 -0.0609259 -0.0552121
1 43.4058 35.6868 -0.0608929 -0.0612114
1 0.833077 36.6477 0.0611771 -0.0700134
1 1.94758 36.6495 0.0653633 -0.063421
1 3.0596 36.6512 0.0684282 -0.0587069
1 4.17126 36.6528 0.065888 -0.0569048
1 5.28292 36.6547 0.063823 -0.0554364
1 6.39368 36.6563 0.0537531 -0.0514802
1 7.50323 36.658 0.0308751 -0.0509594
1 8.60917 36.66 -0.00114557 -0.0472332
1 9.71134 36.6617 -0.0288182 -0.0378475
1 10.8117 36.6628 -0.0167599 -0.0318151
1 11.9143 36.664 0.000812079 -0.034261
1 13.0195 36.6658 0.00873227 -0.034294
1 14.124 36.6674 0.00455933 -0.0294098
1 15.2275 36.6677 0.0111064 -0.0185959
1 16.3304 36.6661 0.0227649 -0.00495677
1 17.4331 36.6627 0.0136325 0.00528978
1 18.5352 36.6586 0.0159406 0.00822313
1 19.6368 36.6548 0.0245795 0.00462767
1 20.74 36.6522 0.0150581 -0.000864562
1 21.8438 36.6511 0.0017161 -0.0034143
1 22.9476 36.6514 -0.00747874 -0.00264381
1 24.0517 36.6533 -0.0177682 0.00189792
1 25.1541 36.6566 -0.0234782 0.00647859
1 26.2554 36.6606 -0.020843 0.00567527
1 27.3576 36.6643 -0.0205492 -0.00021584
1 28.4607 36.6667 -0.00715548 -0.0111148
1 29.5647 36.6674 0.0016263 -0.024347
1 30.6686 36.6664 -0.0125393 -0.0325326
1 31.773 36.6647 -0.0098976 -0.03481
1 32.8775 36.6633 0.00896961 -0.0319839
1 33.9785 36.6623 0.0234463 -0.0344087
1 35.079 36.6609 0.0148116 -0.0433107
1 36.1832 36.6589 -0.0197607 -0.0499287
1 37.2913 36.657 -0.0468907 -0.051741
1 38.4017 36.6554 -0.0625344 -0.0533199
1 39.5127 36.6536 -0.0679367 -0.0552544
1 40.6238 36.6519 -0.071889 -0.0582886
1 41.7354 36.6501 -0.0685095 -0.06181
1 42.8478 36.6487 -0.0687277 -0.0649672
1 43.9682 36.6472 -0.0707129 -0.0702348
1 0.271447 37.6098 0.0755781 -0.068371
1 1.39141 37.6107 0.0723222 -0.0706063
1 2.50396 37.612 0.0711137 -0.0729388
1 3.61584 37.6138 0.0737535 -0.0703482
1 4.72704 37.6151 0.0710146 -0.067802
1 5.83819 37.6166 0.0634326 -0.0697143
1 6.94861 37.6184 0.0497623 -0.0672502
1 8.05644 37.6198 0.022602 -0.0650074
1 9.16065 37.6216 -0.0125616 -0.0639567
1 10.2619 37.6235 -0.0204034 -0.0563083
1 11.3632 37.6245 -0.00464862 -0.0517837
1 12.4674 37.6255 0.012393 -0.053429
1 13.5719 37.627 0.0148898 -0.0552265
1 14.6761 37.6282 0.000573202 -0.049709
1 15.7803 37.6281 0.00779048 -0.0399005
1 16.8841 37.6262 0.0157741 -0.0295816
1 17.987 37.6229 0.0156382 -0.02043
1 19.0885 37.6188 0.0259629 -0.0141769
1 20.1903 37.615 0.0253914 -0.0140639
1 21.2931 37.6125 0.0106225 -0.016533
1 22.3952 37.6119 -0.00501973 -0.0168412
1 23.4978 37.6135 -0.0190596 -0.0146994
1 24.6004 37.6168 -0.0280873 -0.0143178
1 25.7019 37.6208 -0.0163015 -0.0187171
1 26.8045 37.6244 -0.0105254 -0.0253502
1 27.9083 37.627 -0.0183699 -0.033628
1 29.0117 37.6281 -0.0121673 -0.0450193
1 30.1153 37.6274 -0.00730446 -0.0537492
1 31.2199 37.6261 -0.0103065 -0.0548946
1 32.3248 37.6248 -0.00394419 -0.0526141
1 33.4274 37.624 0.0147333 -0.0520596
1 34.5282 37.6227 0.0271633 -0.0603329
1 35.6312 37.6206 -0.00313289 -0.0669111
1 36.7373 37.6189 -0.0387863 -0.0654457
1 37.8466 37.6176 -0.0580347 -0.0662085
1 38.9575 37.6159 -0.0664862 -0.0696217
1 40.0687 37.6144 -0.0690997 -0.0693324
1 41.1801 37.6128 -0.0714527 -0.0707675
1 42.2919 37.6114 -0.0683204 -0.0705068
1 43.4064 37.6098 -0.0664185 -0.0712361
1 0.833407 38.5725 0.0739575 -0.0732444
1 1.94774 38.5735 0.0717137 -0.0732239
1 3.05964 38.5749 0.0752507 -0.0731486
1 4.17118 38.5766 0.0738204 -0.0735929
1 5.28239 38.5781 0.0711229 -0.0697983
1 6.39295 38.5795 0.0591029 -0.0705522
1 7.50259 38.581 0.0377883 -0.0696992
1 8.60868 38.5825 0.00672569 -0.0685069
1 9.71179 38.5844 -0.0242633 -0.0660574
1 10.8132 38.5861 -0.0138657 -0.060828
1 11.916 38.5872 0.00489416 -0.0576194
1 13.021 38.5881 0.0142396 -0.0590936
1 14.1256 38.5895 0.00929078 -0.0589618
1 15.2296 38.5904 0.0131736 -0.0526075
1 16.3331 38.5897 0.0205844 -0.042795
1 17.4368 38.5875 0.00783752 -0.0339875
1 18.5401 38.5842 0.00974263 -0.0256512
1 19.6422 38.5808 0.023161 -0.0168449
1 20.7439 38.5778 0.0170277 -0.0105734
1 21.8447 38.5762 0.00329919 -0.0077456
1 22.945 38.5767 -0.0083062 -0.00796485
1 24.0469 38.5791 -0.0211665 -0.0137831
1 25.1487 38.5823 -0.0215812 -0.023499
1 26.2509 38.5856 -0.0108962 -0.0304353
1 27.3545 38.5884 -0.0136191 -0.0370494
1 28.4585 38.5899 -0.00977044 -0.0481562
1 29.5629 38.5897 -0.00324392 -0.0583556
1 30.6672 38.5884 -0.0171636 -0.0590583
1 31.7714 38.5875 -0.0162814 -0.0564499
1 32.8756 38.5868 0.00530341 -0.057838
1 33.9775 38.5854 0.0202928 -0.0647383
1 35.0791 38.5833 0.00680342 -0.0673364
1 36.1835 38.5818 -0.0302959 -0.0675425
1 37.2915 38.5803 -0.0524973 -0.0717881
1 38.4019 38.5787 -0.065709 -0.0706419
1 39.5129 38.5773 -0.0690806 -0.0701624
1 40.6243 38.5757 -0.0695242 -0.0744235
1 41.7361 38.5741 -0.0704206 -0.0730946
1 42.8484 38.573 -0.0706491 -0.073369
1 43.9681 38.5721 -0.0724955 -0.069498
1 0.271388 39.535 0.0709205 -0.0721328
1 1.39129 39.5354 0.0720072 -0.0700153
1 2.50377 39.5367 0.0721794 -0.0747814
1 3.61544 39.5384 0.0737249 -0.0739144
1 4.72684 39.5401 0.0695079 -0.0733314
1 5.83807 39.5415 0.0661825 -0.0735403
1 6.94839 39.5431 0.0530949 -0.0715437
1 8.05642 39.5444 0.0299671 -0.0695177
1 9.16092 39.5459 -0.00374434 -0.0683988
1 10.2629 39.5478 -0.0169255 -0.0671751
1 11.365 39.5496 -0.00441538 -0.0645378
1 12.4695 39.5506 0.0153667 -0.0608098
1 13.5739 39.5516 0.020942 -0.0618036
1 14.6782 39.5528 0.00363217 -0.0608307
1 15.783 39.5533 0.00629038 -0.0528417
1 16.8871 39.5522 0.0141938 -0.0415881
1 17.9903 39.5497 0.00950205 -0.0318051
1 19.0924 39.5468 0.00991528 -0.0226317
1 20.1941 39.5446 0.00537432 -0.013008
1 21.2952 39.5433 -0.0010247 -0.00427367
1 22.3945 39.543 0.000818089 -0.00185537
1 23.4947 39.5439 -0.00351112 -0.00854673
1 24.5963 39.5455 -0.0113277 -0.0195064
1 25.6982 39.5479 -0.00149643 -0.0273554
1 26.8016 39.5508 -0.00478668 -0.0360147
1 27.9056 39.5525 -0.0209936 -0.0491821
1 29.0091 39.5527 -0.015621 -0.0576172
1 30.1131 39.5519 -0.0116633 -0.0600296
1 31.2177 39.551 -0.0142309 -0.0603646
1 32.3228 39.5502 -0.00303201 -0.063724
1 33.426 39.5488 0.0144116 -0.0643873
1 34.5276 39.547 0.0194484 -0.0669158
1 35.6311 39.5452 -0.0123536 -0.0700504
1 36.7374 39.5438 -0.0435028 -0.0715518
1 37.847 39.5423 -0.0603852 -0.0721138
1 38.9578 39.5409 -0.0687798 -0.0748855
1 40.0691 39.5391 -0.069722 -0.0751365
1 41.1806 39.5375 -0.0716777 -0.0715124
1 42.2926 39.5361 -0.0693956 -0.0739301
1 43.407 39.5351 -0.0705582 -0.0728675
1 0.833116 40.4974 0.0676858 -0.07606
1 1.94726 40.4985 0.0678511 -0.0750365
1 3.05913 40.4999 0.0718994 -0.0745633
1 4.17065 40.5014 0.0685121 -0.0772867
1 5.28234 40.5033 0.068742 -0.0754642
1 6.39288 40.5049 0.0611977 -0.0734018
1 7.50266 40.5064 0.0419563 -0.0730493
1 8.60914 40.5079 0.0153291 -0.0696988
1 9.71261 40.5094 -0.0150507 -0.0673354
1 10.8145 40.5111 -0.011986 -0.0667615
1 11.9179 40.5127 0.0032108 -0.0656632
1 13.0234 40.5138 0.0129316 -0.0638538
1 14.1284 40.5149 0.0154035 -0.0617207
1 15.2322 40.516 0.0161048 -0.0574082
1 16.3357 40.5161 0.0143497 -0.0478998
1 17.4395 40.5149 -0.000187378 -0.0335924
1 18.5421 40.5128 -0.00376411 -0.0195667
1 19.6432 40.511 -0.000918133 -0.0107172
1 20.7442 40.5101 -0.00795282 -0.00741605
1 21.8447 40.5099 -0.0026615 -0.00669496
1 22.945 40.51 0.00958758 -0.00707232
1 24.0463 40.5103 0.00428726 -0.00931601
1 25.1472 40.5114 -2.07716e-05 -0.0144396
1 26.2487 40.5136 -0.000969448 -0.0259353
1 27.3518 40.5152 -0.0125738 -0.043418
1 28.4554 40.5156 -0.00800041 -0.0542084
1 29.5602 40.5151 -0.00275622 -0.0586723
1 30.6648 40.5141 -0.020026 -0.0626846
1 31.7693 40.5133 -0.0160004 -0.062586
1 32.8739 40.5122 0.00569952 -0.0655088
1 33.9763 40.5103 0.0160929 -0.069677
1 35.0784 40.5084 -0.000225598 -0.0687185
1 36.1835 40.5072 -0.0339305 -0.0695097
1 37.292 40.5056 -0.051238 -0.0754989
1 38.4029 40.5039 -0.0647822 -0.0743308
1 39.514 40.5024 -0.0713833 -0.0739236
1 40.6252 40.5007 -0.074344 -0.0778437
1 41.737 40.4989 -0.0713755 -0.077077
1 42.8495 40.4978 -0.0730832 -0.0726939
1 43.9699 40.4971 -0.0710113 -0.0746689
1 0.269454 41.4589 0.0704701 -0.0752745
1 1.39008 41.4602 0.0707234 -0.0741883
1 2.50265 41.4613 0.072936 -0.07615
1 3.61432 41.4632 0.0746265 -0.0751524
1 4.72564 41.4651 0.0698528 -0.0758412
1 5.83698 41.4669 0.0658406 -0.0765523
1 6.94761 41.4684 0.051396 -0.0748349
1 8.05647 41.47 0.030816 -0.0731433
1 9.16178 41.4715 0.00353036 -0.0680622
1 10.2643 41.473 -0.0130172 -0.0669365
1 11.3669 41.4747 -0.00202211 -0.0690307
1 12.4714 41.4762 0.0159835 -0.0649468
1 13.5765 41.4772 0.0167286 -0.0631031
1 14.6813 41.4785 0.00187403 -0.0625251
1 15.7855 41.4799 0.00239052 -0.0528517
1 16.8887 41.48 0.00216339 -0.0355826
1 17.9907 41.4792 -0.00895373 -0.0196389
1 19.0913 41.4779 -0.00836488 -0.00947015
1 20.192 41.4769 -0.00683344 -0.00855027
1 21.2937 41.4761 -0.00600622 -0.0136868
1 22.3952 41.4759 0.00191274 -0.0158625
1 23.4968 41.4764 0.00477862 -0.0110141
1 24.5979 41.4772 0.0058446 -0.00740652
1 25.6985 41.4783 0.0176013 -0.0136528
1 26.8004 41.4793 0.00776669 -0.029906
1 27.9033 41.4793 -0.00986972 -0.0468846
1 29.0066 41.4787 -0.00877334 -0.0557463
1 30.1106 41.4777 -0.0147594 -0.0612067
1 31.2152 41.4767 -0.0143899 -0.0638506
1 32.3209 41.4757 0.00077395 -0.068156
1 33.4246 41.4739 0.011283 -0.0691471
1 34.5266 41.4722 0.0109311 -0.0663815
1 35.6306 41.4708 -0.0182268 -0.0719373
1 36.7378 41.469 -0.0452706 -0.074852
1 37.8477 41.4675 -0.0610958 -0.0736509
1 38.9587 41.466 -0.0677567 -0.0765573
1 40.0701 41.4641 -0.07055 -0.07413
1 41.1814 41.4623 -0.0706063 -0.0749497
1 42.2936 41.4605 -0.0691076 -0.0756261
1 43.4079 41.4592 -0.0680699 -0.0775308
1 0.83111 42.421 0.0706263 -0.0794514
1 1.9457 42.4228 0.0703158 -0.0761801
1 3.05746 42.4247 0.0737932 -0.0769085
1 4.16896 42.4266 0.0707985 -0.0784203
1 5.28046 42.4285 0.0692474 -0.0771768
1 6.3914 42.4303 0.0599161 -0.0747662
1 7.50173 42.4317 0.0411734 -0.0739145
1 8.60937 42.4333 0.0181748 -0.0733991
1 9.71365 42.435 -0.00907096 -0.0682489
1 10.8163 42.4363 -0.0133448 -0.0655308
1 11.92 42.4379 0.00260053 -0.0696328
1 13.0257 42.4396 0.0130911 -0.0649365
1 14.1307 42.441 0.0106089 -0.056253
1 15.2339 42.4428 0.00407902 -0.0524003
1 16.3361 42.4448 -0.00333095 -0.0396998
1 17.4382 42.4456 -0.0187154 -0.0193784
1 18.5395 42.4448 -0.0174522 -0.00903848
1 19.6404 42.4434 -0.00324897 -0.0109858
1 20.7424 42.442 -0.000292168 -0.0142719
1 21.8444 42.4412 -0.000248901 -0.0143368
1 22.9462 42.4415 0.00167226 -0.0140705
1 24.0486 42.4427 0.0019036 -0.0129683
1 25.1502 42.444 0.0102448 -0.0102735
1 26.2508 42.4449 0.0148371 -0.0140693
1 27.352 42.4446 0.00632637 -0.0294117
1 28.4542 42.4432 0.00770413 -0.0457676
1 29.5579 42.4416 0.00121526 -0.0552521
1 30.6622 42.4401 -0.0158427 -0.0626077
1 31.7675 42.4387 -0.0102864 -0.0654751
1 32.8723 42.4374 0.00278414 -0.0668002
1 33.9747 42.4357 0.0103667 -0.0678843
1 35.0777 42.4341 -0.00479309 -0.0701888
1 36.1839 42.4325 -0.0366767 -0.0727359
1 37.293 42.431 -0.0566341 -0.0752092
1 38.4037 42.4293 -0.0667667 -0.0765992
1 39.515 42.4276 -0.0696315 -0.075535
1 40.6263 42.4257 -0.0722949 -0.0778076
1 41.738 42.4234 -0.0708771 -0.0766365
1 42.8507 42.4218 -0.0728542 -0.0768182
1 43.9713 42.4203 -0.0757749 -0.0780138
1 0.267412 43.3818 0.0761721 -0.0755852
1 1.3884 43.3836 0.0716654 -0.0756468
1 2.50095 43.386 0.0741709 -0.076256
1 3.61265 43.3884 0.0733513 -0.0738121
1 4.72403 43.3905 0.0710262 -0.0721525
1 5.83551 43.3921 0.0670206 -0.0755379
1 6.94646 43.3939 0.0581818 -0.0744056
1 8.05573 43.3953 0.0370207 -0.0694803
1 9.16204 43.3967 0.0108381 -0.0685907
1 10.2654 43.3984 -0.00954125 -0.0666499
1 11.3685 43.4 -0.00616647 -0.0635461
1 12.4731 43.4015 0.0101683 -0.062241
1 13.5781 43.4036 0.0046038 -0.0583362
1 14.6822 43.4064 -0.0154471 -0.0485444
1 15.7844 43.4095 -0.0152056 -0.036167
1 16.8858 43.4117 -0.0124116 -0.0240771
1 17.9872 43.4119 -0.0143104 -0.0147259
1 19.0886 43.4101 -0.00508321 -0.0107598
1 20.1907 43.408 -0.00296971 -0.0118464
1 21.2934 43.4069 -0.00425484 -0.0133686
1 22.3953 43.4068 0.0014807 -0.0136771
1 23.4976 43.4074 0.00274426 -0.013145
1 24.6001 43.4089 0.000398529 -0.0117916
1 25.7018 43.4108 0.0141388 -0.0128244
1 26.8035 43.4115 0.0200632 -0.0188842
1 27.9053 43.41 0.012835 -0.0307279
1 29.0067 43.4072 0.00862442 -0.0428507
1 30.1092 43.4046 -0.00134884 -0.0516045
1 31.2138 43.4026 -0.0070094 -0.0596776
1 32.3193 43.4009 -0.00062992 -0.0649436
1 33.4227 43.3993 0.0111112 -0.0653441
1 34.5255 43.3977 0.00919842 -0.0654889
1 35.6308 43.396 -0.0209141 -0.0717225
1 36.7389 43.3943 -0.0461747 -0.0720389
1 37.8494 43.3931 -0.0609367 -0.0715481
1 38.9607 43.3915 -0.0673738 -0.0748365
1 40.0722 43.3895 -0.0702492 -0.0750836
1 41.1836 43.3873 -0.0720656 -0.0736219
1 42.2953 43.3847 -0.0697987 -0.0757422
1 43.4099 43.3824 -0.070283 -0.0747796
1 0.829196 44.3436 0.0694338 -0.0756859
1 1.9434 44.3468 0.0699314 -0.0758233
1 3.05516 44.35 0.072 -0.074348
1 4.16654 44.3521 0.0716 -0.0770881
1 5.27818 44.3538 0.0689766 -0.0748495
1 6.38973 44.3555 0.06097 -0.076608
1 7.5006 44.3571 0.0464615 -0.0739314
1 8.60909 44.3585 0.0220896 -0.0713478
1 9.71452 44.3602 -0.00418592 -0.0676074
1 10.8175 44.3618 -0.0130968 -0.063485
1 11.921 44.3636 -0.00558154 -0.061899
1 13.0258 44.3661 0.000406025 -0.0544609
1 14.1294 44.3694 -0.0117022 -0.046491
1 15.2311 44.3738 -0.0192049 -0.041249
1 16.3324 44.3774 -0.0140638 -0.0319168
1 17.4347 44.378 -0.0158275 -0.0222417
1 18.5372 44.3764 -0.0117355 -0.0146908
1 19.6393 44.3743 -0.00440224 -0.0113926
1 20.7418 44.3726 -0.00303314 -0.0136604
1 21.8442 44.3718 -0.000401465 -0.0161921
1 22.9466 44.3721 0.00321592 -0.0153082
1 24.0494 44.3733 0.00378795 -0.0128872
1 25.1518 44.3751 0.00747941 -0.0135275
1 26.2539 44.3769 0.0118671 -0.0192007
1 27.3561 44.3773 0.0110247 -0.0273025
1 28.4578 44.3749 0.0189957 -0.0367203
1 29.5594 44.371 0.0227889 -0.0420952
1 30.6624 44.3676 0.00682442 -0.0498238
1 31.7668 44.3648 -0.00159214 -0.0596745
1 32.8709 44.3629 0.0082162 -0.0621015
1 33.9737 44.3613 0.0123988 -0.065871
1 35.0777 44.3592 -0.0114784 -0.0717324
1 36.1847 44.3576 -0.0411544 -0.0713454
1 37.2945 44.3564 -0.0572368 -0.0743703
1 38.4059 44.3548 -0.0671656 -0.0751655
1 39.5176 44.3532 -0.0682748 -0.0755644
1 40.6292 44.351 -0.0727868 -0.0761803
1 41.7407 44.3485 -0.0713324 -0.0762595
1 42.8529 44.3451 -0.0716366 -0.0759529
1 43.9738 44.3427 -0.0720128 -0.0737722
1 0.263792 45.303 0.069699 -0.0729818
1 1.38506 45.307 0.071075 -0.0752595
1 2.49694 45.3111 0.0717205 -0.0765392
1 3.60884 45.3139 0.0736851 -0.0753882
1 4.72061 45.3159 0.0719514 -0.0728334
1 5.83265 45.3172 0.0642839 -0.0738019
1 6.9446 45.3187 0.0585836 -0.0759509
1 8.05449 45.3204 0.0388768 -0.071648
1 9.16196 45.3217 0.00908294 -0.0668164
1 10.2662 45.3239 -0.012373 -0.0652933
1 11.3685 45.3264 -0.0159227 -0.0539443
1 12.4716 45.3287 -0.0116762 -0.045849
1 13.5752 45.3325 -0.0202835 -0.0460308
1 14.6778 45.3378 -0.0256427 -0.0461004
1 15.7797 45.3423 -0.0146386 -0.0404147
1 16.8824 45.344 -0.0113746 -0.0284483
1 17.9853 45.3429 -0.0136166 -0.0153044
1 19.0874 45.3406 -0.00905901 -0.0111921
1 20.1902 45.3385 -0.00716903 -0.0150274
1 21.2932 45.3373 -0.00356937 -0.0158646
1 22.3954 45.3371 0.00187354 -0.0153486
1 23.498 45.3378 0.00462747 -0.0163067
1 24.6011 45.3394 0.00572483 -0.0133551
1 25.7035 45.3415 0.0141318 -0.0124342
1 26.8061 45.3431 0.0165718 -0.0224496
1 27.9092 45.3426 0.0102028 -0.0373283
1 29.0112 45.3392 0.0170227 -0.0434513
1 30.113 45.3347 0.0246638 -0.0417078
1 31.2162 45.3306 0.0139644 -0.045004
1 32.3196 45.3277 0.0115526 -0.0513183
1 33.4223 45.3254 0.0209785 -0.0594517
1 34.5256 45.3229 0.00573851 -0.0668157
1 35.6314 45.321 -0.0276927 -0.0698534
1 36.7403 45.3196 -0.0498018 -0.0730896
1 37.8515 45.3182 -0.0626083 -0.0747691
1 38.9633 45.3166 -0.0697818 -0.0756842
1 40.0753 45.3148 -0.0688619 -0.0744907
1 41.1872 45.3127 -0.0703356 -0.0732298
1 42.2989 45.3095 -0.0708934 -0.0757552
1 43.4124 45.3043 -0.0686038 -0.0759271
1 0.824334 46.2655 0.0693187 -0.0773355
1 1.93738 46.2728 0.0727307 -0.0731629
1 3.04983 46.2759 0.0691421 -0.074198
1 4.16262 46.2781 0.0710421 -0.0766431
1 5.27499 46.2798 0.0707964 -0.0728249
1 6.3874 46.2807 0.0616327 -0.074333
1 7.49899 46.2827 0.0517929 -0.074808
1 8.60779 46.2843 0.0265398 -0.066118
1 9.71364 46.286 -0.0103933 -0.0608408
1 10.8161 46.2897 -0.0286067 -0.0535525
1 11.9176 46.2934 -0.0240953 -0.0392229
1 13.0202 46.2962 -0.0202029 -0.0370617
1 14.1236 46.3007 -0.0222061 -0.0529948
1 15.2265 46.3066 -0.015947 -0.0546812
1 16.3294 46.3101 -0.0148134 -0.0338244
1 17.433 46.3098 -0.0202118 -0.0172918
1 18.5362 46.3075 -0.0143582 -0.0125947
1 19.6389 46.3049 -0.00736303 -0.0130954
1 20.7418 46.3033 -0.00587083 -0.0165826
1 21.8443 46.3028 -0.00121753 -0.0187907
1 22.9466 46.303 0.00449356 -0.0176159
1 24.0496 46.304 0.0069007 -0.0147273
1 25.1525 46.3061 0.0108301 -0.0134692
1 26.2553 46.3084 0.0163777 -0.0163581
1 27.3586 46.3094 0.0151001 -0.0262012
1 28.4617 46.3076 0.0154197 -0.0437759
1 29.5648 46.3031 0.022904 -0.0531189
1 30.6681 46.2983 0.0199722 -0.0442684
1 31.7708 46.2949 0.0188326 -0.0366843
1 32.8727 46.2918 0.030381 -0.0441839
1 33.9746 46.288 0.0230696 -0.0604207
1 35.0786 46.2848 -0.00828641 -0.0662019
1 36.1864 46.2835 -0.03954 -0.0671004
1 37.297 46.2819 -0.0583983 -0.0765653
1 38.4091 46.2802 -0.066795 -0.0749122
1 39.5216 46.279 -0.069786 -0.0733654
1 40.6341 46.277 -0.0743908 -0.0753841
1 41.7466 46.2744 -0.0715469 -0.0743206
1 42.8596 46.2704 -0.0706535 -0.0755399
1 43.9798 46.2617 -0.0727836 -0.0757175
1 0.252822 47.2218 0.0720756 -0.0752359
1 1.37368 47.2379 0.0731608 -0.0760481
1 2.48888 47.2422 0.0725676 -0.0741602
1 3.60301 47.244 0.0723232 -0.074973
1 4.7165 47.2467 0.0716341 -0.0760888
1 5.8296 47.2474 0.0650435 -0.0706876
1 6.94189 47.2491 0.0590261 -0.0783137
1 8.05242 47.2519 0.0332265 -0.0637973
1 9.15977 47.2528 0.00152044 -0.0517409
1 10.2623 47.257 -0.0331651 -0.0524172
1 11.3635 47.2627 -0.0415072 -0.037718
1 12.4655 47.2653 -0.0167889 -0.0338023
1 13.5685 47.2679 -0.0151386 -0.0510888
1 14.6721 47.2737 -0.0219099 -0.0579252
1 15.7757 47.2792 -0.0236369 -0.0443212
1 16.8806 47.2809 -0.0241816 -0.025105
1 17.9852 47.2789 -0.0180137 -0.0121947
1 19.0879 47.2761 -0.0110792 -0.0120136
1 20.1907 47.2742 -0.00857536 -0.0169573
1 21.2934 47.2731 -0.00209968 -0.0188471
1 22.3953 47.2729 0.00112707 -0.0191403
1 23.4977 47.2736 0.00484089 -0.0186164
1 24.6008 47.275 0.00959068 -0.0150454
1 25.7034 47.2772 0.0152693 -0.0120497
1 26.807 47.2795 0.0217713 -0.0188145
1 27.9119 47.2795 0.0234606 -0.0351487
1 29.0159 47.2757 0.0214124 -0.0520072
1 30.1192 47.2701 0.0184286 -0.0548843
1 31.2226 47.2666 0.0137792 -0.0395206
1 32.3254 47.2647 0.0318523 -0.0332545
1 33.4269 47.2601 0.043058 -0.0466072
1 34.5282 47.2545 0.0156972 -0.0540131
1 35.6335 47.2521 -0.0193591 -0.0584069
1 36.7427 47.2504 -0.0535813 -0.0734175
1 37.854 47.2481 -0.0619171 -0.0732549
1 38.9671 47.2472 -0.0675753 -0.0726105
1 40.08 47.2453 -0.0732278 -0.0751414
1 41.1936 47.2434 -0.0713309 -0.0733483
1 42.3081 47.2398 -0.0710022 -0.0765212
1 43.4253 47.2337 -0.0698085 -0.0747069
