1 0.684535 0.153339 0.0698232 0.081313
1 1.80147 0.147228 0.0693094 0.0747978
1 2.91613 0.143831 0.0676523 0.0791215
1 4.03016 0.141595 0.0694956 0.0715813
1 5.14398 0.141227 0.0655364 0.0773488
1 6.25786 0.138348 0.0697813 0.0866578
1 7.37185 0.136153 0.0668689 0.073402
1 8.48667 0.13852 0.063755 0.0551605
1 9.60023 0.144008 0.0740122 0.0488248
1 10.7124 0.149708 0.0754661 0.0527721
1 11.8241 0.15476 0.0784673 0.0550564
1 12.9348 0.159499 0.0857397 0.056303
1 14.0444 0.163911 0.0877143 0.0571169
1 15.1536 0.1683 0.094815 0.0557304
1 16.2617 0.172639 0.0977061 0.0594381
1 17.3709 0.175957 0.0730715 0.0709818
1 18.4841 0.177832 0.037681 0.0826686
1 19.6012 0.178622 0.0139978 0.0891465
1 20.7203 0.178834 0.00403397 0.0915465
1 21.8401 0.17887 0.000635468 0.0920087
1 22.96 0.178765 -0.00200486 0.0919012
1 24.0795 0.178593 -0.00775623 0.0906027
1 25.1977 0.1782 -0.0234558 0.0866806
1 26.3131 0.176999 -0.0548898 0.0774986
1 27.4242 0.174429 -0.0881941 0.0648374
1 28.5324 0.170487 -0.0987216 0.0567998
1 29.641 0.166019 -0.0910092 0.0564381
1 30.7504 0.161674 -0.0883359 0.0567181
1 31.8602 0.157188 -0.0821014 0.0553764
1 32.9715 0.152443 -0.0742553 0.0548348
1 34.0835 0.147142 -0.076817 0.0501261
1 35.1959 0.140907 -0.071572 0.0474609
1 36.3105 0.135867 -0.0598146 0.0610285
1 37.4256 0.135731 -0.063664 0.0828017
1 38.5399 0.139767 -0.0642643 0.0867945
1 39.6537 0.14154 -0.0715596 0.0704906
1 40.7674 0.142147 -0.0690478 0.0779253
1 41.8819 0.14617 -0.0730481 0.0802051
1 42.9966 0.148934 -0.0762031 0.0681951
1 44.1178 0.165004 -0.0695735 0.0821804
1 0.129916 1.12522 0.0689538 0.0747006
1 1.24992 1.11705 0.0731204 0.0738868
1 2.36283 1.11272 0.0731083 0.080121
1 3.4755 1.10966 0.0697558 0.078188
1 4.58856 1.10858 0.0708566 0.071002
1 5.7017 1.10717 0.0695352 0.084633
1 6.81513 1.10413 0.0662076 0.0807359
1 7.92839 1.10452 0.0676025 0.0607309
1 9.04132 1.10869 0.0721961 0.0524337
1 10.1534 1.11439 0.0778771 0.049916
1 11.265 1.12011 0.0766948 0.0523552
1 12.3761 1.12526 0.0816558 0.0549319
1 13.4861 1.13007 0.0889649 0.0547047
1 14.5955 1.13475 0.0895844 0.0564505
1 15.7047 1.13883 0.0898652 0.063949
1 16.8142 1.1417 0.0778549 0.0746453
1 17.9263 1.1433 0.0486383 0.0840502
1 19.0421 1.14399 0.0217433 0.0894968
1 20.1606 1.14425 0.00682435 0.0918742
1 21.2802 1.14429 0.00217885 0.0926059
1 22.4001 1.14424 -0.000690795 0.0926812
1 23.5198 1.14417 -0.00406363 0.0923891
1 24.6389 1.14402 -0.0126984 0.0909451
1 25.7563 1.14362 -0.0334768 0.0872652
1 26.8703 1.14257 -0.0643078 0.080022
1 27.9809 1.14039 -0.086374 0.0693739
1 29.0901 1.13686 -0.0900178 0.0597534
1 30.1992 1.13239 -0.0899719 0.0551215
1 31.3086 1.12769 -0.0871385 0.0550119
1 32.4191 1.1229 -0.0783574 0.0540209
1 33.5306 1.11751 -0.0764863 0.0498935
1 34.6425 1.11137 -0.0720987 0.0477307
1 35.7556 1.10557 -0.0678741 0.0544111
1 36.8683 1.1029 -0.0769413 0.0727256
1 37.9808 1.10502 -0.0695585 0.0857839
1 39.0947 1.10785 -0.0645446 0.0766107
1 40.2078 1.10912 -0.0711187 0.0776467
1 41.3202 1.11161 -0.0677483 0.0765418
1 42.433 1.11473 -0.0682056 0.0731723
1 43.546 1.12112 -0.0709663 0.0800475
1 0.69694 2.0825 0.066292 0.0754986
1 1.81054 2.07768 0.0681401 0.0763388
1 2.92225 2.07422 0.0681838 0.0754679
1 4.03433 2.07194 0.0695356 0.0758287
1 5.14659 2.07047 0.0695465 0.0766109
1 6.25955 2.06857 0.0684317 0.0778623
1 7.3718 2.06736 0.0767745 0.0701322
1 8.48356 2.06948 0.073662 0.0575234
1 9.59548 2.07454 0.0751645 0.0476671
1 10.7068 2.08062 0.0783292 0.048206
1 11.8179 2.08624 0.080956 0.0508106
1 12.9281 2.0915 0.0870858 0.0518759
1 14.0378 2.09623 0.0831183 0.0575949
1 15.1482 2.09987 0.0783317 0.0667997
1 16.2586 2.10235 0.0773735 0.0752655
1 17.3698 2.10385 0.0610435 0.0820644
1 18.484 2.10463 0.0339144 0.0867636
1 19.6013 2.10495 0.0132897 0.089539
1 20.7203 2.10501 0.0039932 0.0907042
1 21.8401 2.10499 0.000749592 0.090872
1 22.96 2.10494 -0.0020479 0.0907317
1 24.0795 2.10487 -0.00754028 0.0903242
1 25.1978 2.10472 -0.021617 0.0884579
1 26.3136 2.10423 -0.0474491 0.0846226
1 27.4261 2.10313 -0.0713945 0.0790406
1 28.5367 2.10119 -0.0786387 0.0717504
1 29.6472 2.09815 -0.0804104 0.0623088
1 30.7571 2.09396 -0.087104 0.0539154
1 31.8668 2.08897 -0.0828266 0.0508618
1 32.9777 2.08365 -0.0782928 0.05034
1 34.0887 2.07775 -0.0825703 0.0462856
1 35.1999 2.07148 -0.0731833 0.047509
1 36.3123 2.06706 -0.0669786 0.0616336
1 37.4245 2.06674 -0.0712509 0.0789483
1 38.5371 2.06927 -0.0670097 0.0826902
1 39.6501 2.07139 -0.0695038 0.0752112
1 40.7622 2.07325 -0.0746122 0.0743291
1 41.874 2.07616 -0.0695953 0.0769771
1 42.9866 2.08075 -0.0683837 0.0736628
1 44.1073 2.08357 -0.0691445 0.0705797
1 0.135259 3.04451 0.0737105 0.0746356
1 1.25625 3.04201 0.0690734 0.0772314
1 2.36834 3.03866 0.07333 0.079772
1 3.47978 3.03572 0.0703314 0.079078
1 4.59144 3.03398 0.0752138 0.0750733
1 5.70322 3.0324 0.0677188 0.0805699
1 6.81603 3.0305 0.0656322 0.0794696
1 7.92782 3.03109 0.072611 0.0635498
1 9.03908 3.03512 0.0760802 0.0526711
1 10.1497 3.04093 0.0846201 0.0491302
1 11.2599 3.04688 0.0825024 0.0505466
1 12.3704 3.05235 0.0798718 0.055219
1 13.481 3.05687 0.0765375 0.0636604
1 14.5922 3.06011 0.0699272 0.0729315
1 15.7036 3.0623 0.0732456 0.0791366
1 16.8145 3.06383 0.0718058 0.0835554
1 17.9268 3.06478 0.0497394 0.0881602
1 19.0424 3.06521 0.0238534 0.0915458
1 20.1607 3.06534 0.00776845 0.0929974
1 21.2802 3.06534 0.00212704 0.0933773
1 22.4002 3.0653 -0.00082041 0.0934477
1 23.5198 3.06527 -0.00438372 0.0932349
1 24.6387 3.0652 -0.0141891 0.0924082
1 25.7558 3.06495 -0.035662 0.090142
1 26.8698 3.06429 -0.0628623 0.086017
1 27.9811 3.06306 -0.0747081 0.0814963
1 29.0922 3.06123 -0.0703839 0.0768145
1 30.2036 3.05863 -0.0734718 0.0688832
1 31.3142 3.05483 -0.0806006 0.0588295
1 32.4247 3.04983 -0.0789936 0.0517371
1 33.5353 3.04404 -0.0811024 0.0488582
1 34.6457 3.03785 -0.0786017 0.0491242
1 35.757 3.03228 -0.0754313 0.0551014
1 36.8679 3.02958 -0.0787256 0.0707602
1 37.9796 3.03047 -0.0679154 0.0831004
1 39.0924 3.03279 -0.0670375 0.0817558
1 40.2044 3.03494 -0.0702443 0.0802768
1 41.3161 3.03747 -0.071754 0.079213
1 42.4279 3.04049 -0.0696375 0.0774155
1 43.5428 3.04405 -0.068383 0.0792635
1 0.699369 4.00498 0.0689012 0.0783144
1 1.81378 4.00246 0.0726444 0.0756346
1 2.92515 3.99973 0.0740339 0.0747806
1 4.03639 3.99767 0.0729159 0.0754936
1 5.14815 3.99574 0.0646394 0.078626
1 6.26121 3.99387 0.065112 0.0774685
1 7.37244 3.99343 0.0849647 0.0680613
1 8.48257 3.99625 0.077977 0.0535504
1 9.59322 4.0015 0.0792102 0.0463787
1 10.7031 4.00747 0.083085 0.0491264
1 11.8136 4.01277 0.0734984 0.0566693
1 12.9251 4.01692 0.0693021 0.0652481
1 14.0368 4.01988 0.0652932 0.0730249
1 15.1488 4.02195 0.0668691 0.0774921
1 16.2599 4.02355 0.075104 0.080315
1 17.371 4.02468 0.0648495 0.0844309
1 18.4846 4.02531 0.0378409 0.0882551
1 19.6015 4.02552 0.0157107 0.0904902
1 20.7205 4.02555 0.00469334 0.0912468
1 21.8402 4.02555 0.000603945 0.091115
1 22.96 4.02553 -0.00210757 0.0910526
1 24.0793 4.02547 -0.00878113 0.0909856
1 25.1974 4.02536 -0.024967 0.0896251
1 26.3127 4.02498 -0.0517403 0.0864567
1 27.4248 4.02409 -0.0724771 0.0824212
1 28.5357 4.02271 -0.0715945 0.0791816
1 29.6474 4.02093 -0.0653755 0.0759418
1 30.7592 4.01857 -0.068502 0.0698624
1 31.8706 4.01515 -0.0695593 0.0606135
1 32.9819 4.01041 -0.0769682 0.0514012
1 34.0918 4.0045 -0.0890294 0.0460097
1 35.2014 3.99845 -0.0800585 0.0483611
1 36.3121 3.99398 -0.0714125 0.0582372
1 37.4234 3.99245 -0.067044 0.0721118
1 38.5357 3.99403 -0.067344 0.0832949
1 39.6475 3.99653 -0.0726366 0.0781482
1 40.759 3.99845 -0.0736648 0.0763452
1 41.8704 4.00122 -0.0718382 0.0797315
1 42.9829 4.00399 -0.0703994 0.0765438
1 44.1039 4.00725 -0.0722742 0.0747965
1 0.137018 4.96729 0.0730635 0.081206
1 1.25784 4.96576 0.0708058 0.0798713
1 2.37029 4.96356 0.0757456 0.0788085
1 3.4815 4.96146 0.0726086 0.0758742
1 4.59313 4.95945 0.0712518 0.078957
1 5.70509 4.9572 0.0666203 0.0805884
1 6.81711 4.95621 0.0699718 0.0725213
1 7.92781 4.95811 0.0728462 0.0552143
1 9.03815 4.96291 0.078981 0.0476553
1 10.1475 4.96836 0.0866304 0.0523413
1 11.2576 4.9731 0.0693046 0.0603761
1 12.3698 4.97684 0.0606853 0.0676745
1 13.482 4.97962 0.0642936 0.0737374
1 14.5941 4.98169 0.0648419 0.0779227
1 15.7057 4.98335 0.0732203 0.0802057
1 16.8162 4.98465 0.0768911 0.083322
1 17.9278 4.98544 0.0557894 0.0878348
1 19.0428 4.98577 0.0273045 0.0910909
1 20.1609 4.98586 0.00905901 0.0919613
1 21.2803 4.98588 0.00269091 0.0921492
1 22.4002 4.98588 -0.000897419 0.0923532
1 23.5197 4.98584 -0.00528236 0.092002
1 24.6385 4.98577 -0.0163739 0.0914717
1 25.7552 4.98557 -0.0405339 0.0898398
1 26.8685 4.98502 -0.0692221 0.0858013
1 27.9792 4.98394 -0.0774964 0.0814936
1 29.0903 4.98246 -0.0674034 0.0791582
1 30.2022 4.98069 -0.0646133 0.0764896
1 31.314 4.97843 -0.0648498 0.0715475
1 32.4261 4.97532 -0.0620151 0.0640155
1 33.5378 4.97098 -0.0735941 0.0543179
1 34.6477 4.96549 -0.0820746 0.047583
1 35.7575 4.95997 -0.0841775 0.0508159
1 36.8668 4.95639 -0.0849515 0.0628553
1 37.9776 4.95579 -0.064574 0.0756455
1 39.0901 4.9577 -0.0619365 0.0809194
1 40.2019 4.96021 -0.066771 0.0794643
1 41.3134 4.96241 -0.0684579 0.0773818
1 42.4247 4.96465 -0.0676327 0.0787648
1 43.5386 4.96682 -0.0635727 0.0831369
1 0.700878 5.92828 0.0668313 0.0778458
1 1.81525 5.92659 0.0668539 0.0772959
1 2.92691 5.9248 0.0670235 0.0770408
1 4.03861 5.92276 0.0669659 0.0820965
1 5.15066 5.92016 0.0624372 0.0840532
1 6.26322 5.91878 0.0662648 0.0737864
1 7.37345 5.92017 0.0877868 0.0600373
1 8.48249 5.92423 0.0807953 0.0528885
1 9.59252 5.92896 0.0754927 0.0583203
1 10.7031 5.93306 0.066323 0.0649567
1 11.8154 5.93641 0.0565983 0.0701025
1 12.9279 5.93907 0.0624525 0.0747722
1 14.0396 5.94115 0.0651518 0.0784492
1 15.1513 5.94284 0.0686971 0.0805428
1 16.262 5.94424 0.0802695 0.0831445
1 17.3722 5.9452 0.0719507 0.0872806
1 18.4851 5.94565 0.0425619 0.0907393
1 19.6017 5.94579 0.0177727 0.0922242
1 20.7205 5.94584 0.00539497 0.0926563
1 21.8402 5.94584 0.000716183 0.092754
1 22.96 5.94583 -0.00242386 0.0927566
1 24.0793 5.94579 -0.0100874 0.0925014
1 25.1971 5.94568 -0.0282754 0.0916614
1 26.3119 5.94538 -0.0580627 0.0891876
1 27.4232 5.94468 -0.0790321 0.0850701
1 28.5333 5.94349 -0.0744875 0.0815378
1 29.6447 5.94196 -0.0653231 0.0796058
1 30.7565 5.94017 -0.0653881 0.0774046
1 31.8683 5.93794 -0.0592889 0.0734961
1 32.981 5.93503 -0.0609291 0.0675202
1 34.0923 5.93118 -0.0761542 0.0599713
1 35.2022 5.92645 -0.0769079 0.0537129
1 36.312 5.92173 -0.0763135 0.0545522
1 37.422 5.91867 -0.0730603 0.0658751
1 38.5332 5.91882 -0.0678051 0.08015
1 39.645 5.92116 -0.0691926 0.0829262
1 40.7569 5.92362 -0.0709288 0.0775054
1 41.8682 5.92567 -0.0751336 0.0782754
1 42.9803 5.92769 -0.0710687 0.0770864
1 44.1012 5.9285 -0.0686621 0.0835596
1 0.139888 6.8917 0.059798 0.0737689
1 1.25997 6.89024 0.0668413 0.0733314
1 2.37215 6.88855 0.071659 0.0717158
1 3.48373 6.88646 0.0647557 0.0773574
1 4.59611 6.88365 0.0647215 0.0808675
1 5.70785 6.88185 0.0678329 0.071749
1 6.81877 6.88298 0.0716844 0.0582088
1 7.92877 6.88622 0.069664 0.0543069
1 9.03929 6.89013 0.0690734 0.0584914
1 10.1497 6.89363 0.0713812 0.0631608
1 11.2611 6.8967 0.0583935 0.066441
1 12.3737 6.8993 0.0590011 0.0702452
1 13.4855 6.90138 0.0673402 0.0736816
1 14.597 6.90309 0.0680082 0.0761772
1 15.708 6.90453 0.0778091 0.0786531
1 16.8177 6.90559 0.084033 0.0825623
1 17.9285 6.90616 0.0618782 0.0866142
1 19.043 6.90639 0.030059 0.0887717
1 20.1609 6.90644 0.00976716 0.0895501
1 21.2803 6.90645 0.00301794 0.0897685
1 22.4002 6.90645 -0.000945926 0.089798
1 23.5197 6.90643 -0.00580664 0.0897182
1 24.6384 6.90639 -0.0177408 0.0892288
1 25.7548 6.90624 -0.0447274 0.0878333
1 26.8674 6.90585 -0.0763091 0.0845689
1 27.9772 6.90502 -0.0833845 0.0802553
1 29.0876 6.90376 -0.0705238 0.0772181
1 30.199 6.9022 -0.0671567 0.0752081
1 31.3104 6.90038 -0.0659125 0.072831
1 32.4225 6.89816 -0.0574775 0.0694324
1 33.5348 6.89538 -0.0616612 0.0648095
1 34.6461 6.89197 -0.0673268 0.0593377
1 35.7569 6.88803 -0.0755484 0.0547101
1 36.8659 6.88416 -0.0867577 0.05495
1 37.9755 6.88179 -0.0688868 0.0646428
1 39.0874 6.88218 -0.0623746 0.0774597
1 40.1994 6.88502 -0.0644185 0.0816045
1 41.3114 6.88774 -0.068249 0.0737414
1 42.4229 6.88953 -0.0695117 0.0699647
1 43.5374 6.89069 -0.0680389 0.0737223
1 0.704777 7.854 0.0599471 0.0706717
1 1.81855 7.85224 0.0646292 0.0754487
1 2.93021 7.84995 0.0601508 0.0856364
1 4.0426 7.84668 0.0600876 0.0880433
1 5.15446 7.84475 0.0613621 0.0775336
1 6.26598 7.84539 0.0643727 0.0676604
1 7.37592 7.84792 0.0800049 0.0657793
1 8.48551 7.85105 0.0703207 0.0668852
1 9.59643 7.85418 0.0650297 0.0692572
1 10.7077 7.85703 0.0612433 0.0716891
1 11.8199 7.85953 0.0588782 0.075267
1 12.9318 7.86159 0.0672961 0.0786933
1 14.0428 7.86328 0.0693617 0.0812335
1 15.1539 7.86468 0.0735411 0.0838087
1 16.2638 7.86576 0.0874824 0.0874725
1 17.3731 7.8664 0.0789853 0.0914438
1 18.4854 7.86666 0.0463015 0.0941847
1 19.6017 7.86673 0.0187661 0.0951982
1 20.7205 7.86673 0.00559784 0.0953693
1 21.8402 7.86673 0.000817967 0.0955109
1 22.96 7.86672 -0.00259092 0.0954868
1 24.0793 7.86671 -0.0105726 0.0952837
1 25.1969 7.86666 -0.0302733 0.0948084
1 26.3113 7.86651 -0.0635947 0.092909
1 27.4218 7.86606 -0.0867381 0.0892766
1 28.531 7.86518 -0.0806141 0.085352
1 29.6418 7.86392 -0.069487 0.0824086
1 30.753 7.86238 -0.0691479 0.0801015
1 31.8643 7.86056 -0.062239 0.0777416
1 32.9765 7.85834 -0.0607618 0.0745161
1 34.088 7.85571 -0.0691007 0.0711845
1 35.1988 7.85271 -0.0647262 0.0679367
1 36.3098 7.84943 -0.065598 0.0641786
1 37.4199 7.84624 -0.0702563 0.0643042
1 38.5303 7.84445 -0.0681808 0.0725579
1 39.6414 7.84528 -0.064299 0.0854437
1 40.7541 7.84825 -0.0610141 0.0884393
1 41.8662 7.85135 -0.0684447 0.0811337
1 42.9783 7.8531 -0.0663848 0.0738657
1 44.0976 7.85466 -0.0621216 0.0635435
1 0.145911 8.81929 0.0625693 0.0644039
1 1.26493 8.81629 0.0621267 0.0700297
1 2.37704 8.81318 0.0613694 0.0814169
1 3.48927 8.80954 0.0557164 0.0842965
1 4.60146 8.80724 0.0617138 0.0764888
1 5.71234 8.80733 0.0663355 0.0679297
1 6.82283 8.80928 0.0667028 0.0632401
1 7.93314 8.81196 0.0637326 0.0643834
1 9.04411 8.81471 0.0645767 0.0660868
1 10.1548 8.81734 0.0707405 0.0678076
1 11.2659 8.81973 0.0625367 0.0704354
1 12.3778 8.82176 0.0643569 0.0735086
1 13.4889 8.82344 0.0721307 0.076151
1 14.5997 8.82481 0.0732651 0.0787405
1 15.71 8.82586 0.0850268 0.0820293
1 16.8188 8.82654 0.0916453 0.0857897
1 17.9289 8.82684 0.0663452 0.0885552
1 19.043 8.82692 0.0314744 0.0896139
1 20.1609 8.82693 0.0100725 0.0899044
1 21.2803 8.82692 0.00303523 0.0899329
1 22.4002 8.82692 -0.000947376 0.0898993
1 23.5197 8.82691 -0.00599156 0.0899543
1 24.6384 8.8269 -0.0185855 0.0898318
1 25.7546 8.82685 -0.0475292 0.089167
1 26.8666 8.82667 -0.0825537 0.0871462
1 27.9756 8.82618 -0.0911341 0.083693
1 29.0852 8.82528 -0.0767279 0.0800944
1 30.196 8.82406 -0.0718001 0.0772644
1 31.3067 8.82253 -0.0700846 0.0750589
1 32.4182 8.8207 -0.0617461 0.0726703
1 33.53 8.81853 -0.0641357 0.0698473
1 34.6411 8.81602 -0.064933 0.0671349
1 35.7523 8.81327 -0.0682218 0.0654592
1 36.8622 8.81048 -0.0778026 0.0641132
1 37.9721 8.80806 -0.0637258 0.0646112
1 39.0833 8.80672 -0.0622524 0.0704154
1 40.1945 8.80773 -0.0598964 0.0820546
1 41.3072 8.81113 -0.0568433 0.0882692
1 42.4198 8.81478 -0.0628026 0.0779393
1 43.5339 8.81771 -0.0640606 0.0673889
1 0.709441 9.78125 0.0632944 0.0762086
1 1.82393 9.77727 0.0580572 0.084523
1 2.93673 9.7729 0.0545233 0.0870529
1 4.04901 9.77011 0.0612701 0.0779989
1 5.15993 9.76989 0.0641769 0.0675857
1 6.27089 9.77141 0.0650707 0.0641897
1 7.3808 9.77365 0.0788046 0.0642022
1 8.49056 9.77606 0.0693572 0.0648184
1 9.60151 9.77851 0.0666297 0.0660281
1 10.7124 9.78079 0.0659399 0.0686127
1 11.824 9.78277 0.064583 0.0715865
1 12.9352 9.78442 0.0723711 0.0744236
1 14.0456 9.78574 0.0751776 0.0776151
1 15.156 9.78672 0.0806087 0.0813183
1 16.265 9.78734 0.0948955 0.0851368
1 17.3736 9.78764 0.0840478 0.0882312
1 18.4855 9.78773 0.0482482 0.0898097
1 19.6017 9.78773 0.0191765 0.0901882
1 20.7205 9.78772 0.00562436 0.0901654
1 21.8402 9.78772 0.000786485 0.0902065
1 22.96 9.78771 -0.00263261 0.0902129
1 24.0793 9.7877 -0.0107374 0.0901452
1 25.1969 9.7877 -0.0312826 0.0899816
1 26.311 9.78767 -0.0670888 0.0890658
1 27.4209 9.78748 -0.0933893 0.0866043
1 28.5294 9.787 -0.0880705 0.0829669
1 29.6393 9.78618 -0.0758471 0.0792324
1 30.7498 9.785 -0.0740778 0.0758043
1 31.8606 9.78349 -0.0662881 0.0730351
1 32.9722 9.78166 -0.0655278 0.0705443
1 34.0831 9.77956 -0.0732367 0.0681026
1 35.1935 9.77722 -0.067957 0.0661343
1 36.3047 9.77475 -0.0639016 0.0641235
1 37.415 9.77226 -0.0665909 0.0635312
1 38.5254 9.77022 -0.0666573 0.0663777
1 39.6358 9.76949 -0.0647224 0.073059
1 40.7476 9.77085 -0.058572 0.0834144
1 41.86 9.77465 -0.0592086 0.0891602
1 42.9729 9.77921 -0.0612462 0.08165
1 44.0926 9.78358 -0.0688724 0.0764738
1 0.149753 10.7453 0.0754099 0.0913643
1 1.27066 10.7405 0.0616004 0.0989308
1 2.3842 10.7354 0.0619634 0.0995711
1 3.49615 10.7323 0.0626945 0.0876626
1 4.60728 10.7317 0.0685161 0.0774841
1 5.71746 10.7329 0.0693808 0.0720676
1 6.82779 10.7349 0.067618 0.0695908
1 7.93813 10.7372 0.0646912 0.0704844
1 9.04898 10.7394 0.066787 0.072388
1 10.1593 10.7415 0.0747365 0.0741382
1 11.2699 10.7433 0.0674981 0.0767001
1 12.3812 10.7449 0.0693199 0.0796736
1 13.4917 10.7462 0.0780838 0.0833776
1 14.6018 10.7471 0.0805064 0.0873421
1 15.7113 10.7476 0.0924909 0.0910182
1 16.8194 10.7478 0.0971826 0.0938497
1 17.929 10.7479 0.0686863 0.0952195
1 19.043 10.7478 0.0319485 0.0954551
1 20.1609 10.7478 0.0101211 0.0954153
1 21.2803 10.7478 0.00297093 0.0953562
1 22.4002 10.7478 -0.00095103 0.0953086
1 23.5197 10.7478 -0.00596686 0.0953487
1 24.6384 10.7478 -0.0187495 0.0954004
1 25.7546 10.7478 -0.0488134 0.0952979
1 26.8663 10.7478 -0.0866064 0.0944833
1 27.9747 10.7477 -0.0979455 0.0923109
1 29.0835 10.7473 -0.0841364 0.0889822
1 30.1935 10.7466 -0.0783062 0.0851252
1 31.3036 10.7455 -0.0750876 0.0813736
1 32.4145 10.744 -0.0660907 0.078198
1 33.5257 10.7423 -0.0683504 0.0754509
1 34.6364 10.7402 -0.0682172 0.0729969
1 35.7473 10.738 -0.070374 0.0720976
1 36.857 10.7358 -0.0788336 0.0714724
1 37.9669 10.7337 -0.065034 0.0713787
1 39.0776 10.7319 -0.0654611 0.0734121
1 40.188 10.7313 -0.0639857 0.0820316
1 41.2997 10.7331 -0.0555882 0.0947494
1 42.4126 10.7375 -0.0541704 0.100909
1 43.5279 10.7428 -0.0573949 0.094975
1 0.715751 11.7028 0.0538926 0.105112
1 1.83146 11.6973 0.055535 0.101825
1 2.94384 11.6939 0.0618805 0.0883737
1 4.05487 11.6932 0.0694993 0.0753406
1 5.16494 11.6944 0.0690372 0.0688998
1 6.27564 11.6962 0.0670929 0.0680383
1 7.38551 11.6982 0.0806413 0.0679666
1 8.49517 11.7002 0.0719058 0.0685345
1 9.60593 11.7022 0.0713422 0.0698763
1 10.7163 11.704 0.0706089 0.0724975
1 11.8273 11.7055 0.06982 0.0758009
1 12.9379 11.7067 0.0783791 0.0795934
1 14.0476 11.7075 0.0824175 0.083779
1 15.1572 11.7079 0.087795 0.0873452
1 16.2656 11.708 0.100505 0.0896925
1 17.3738 11.708 0.0867442 0.0907895
1 18.4855 11.708 0.0487853 0.0909164
1 19.6017 11.7079 0.0190981 0.0906877
1 20.7204 11.7079 0.00554791 0.0905268
1 21.8402 11.7079 0.00079727 0.0904836
1 22.96 11.7079 -0.00253678 0.0904929
1 24.0793 11.7079 -0.0106292 0.0905317
1 25.1969 11.7079 -0.0314651 0.0907046
1 26.311 11.708 -0.0686921 0.0908468
1 27.4205 11.708 -0.0978221 0.0902265
1 28.5284 11.7079 -0.0947825 0.0883864
1 29.6377 11.7076 -0.0831661 0.0853767
1 30.7474 11.707 -0.0806354 0.081392
1 31.8575 11.706 -0.0714687 0.0772773
1 32.9686 11.7046 -0.0699898 0.0739178
1 34.0789 11.7029 -0.0776329 0.0712484
1 35.1889 11.701 -0.0713166 0.0697362
1 36.2998 11.699 -0.0665687 0.0681775
1 37.4102 11.6968 -0.0679748 0.0671377
1 38.5205 11.6948 -0.0694314 0.0689179
1 39.6304 11.6933 -0.0702906 0.0727044
1 40.7411 11.6929 -0.0672084 0.0811243
1 41.8526 11.6947 -0.0658416 0.0960087
1 42.9663 11.6994 -0.0606507 0.107277
1 44.0894 11.7049 -0.0730916 0.106873
1 0.152865 12.6638 0.0634676 0.113614
1 1.27701 12.6587 0.0603852 0.106367
1 2.39053 12.6556 0.0695538 0.088337
1 3.50145 12.6552 0.0697806 0.0742354
1 4.61192 12.6563 0.0722664 0.0680019
1 5.72188 12.658 0.0710277 0.0657748
1 6.83223 12.66 0.0687622 0.0647905
1 7.94252 12.6619 0.0672323 0.0657186
1 9.05313 12.6638 0.0710483 0.0680206
1 10.1631 12.6654 0.0799959 0.0703478
1 11.2731 12.6668 0.073393 0.0740986
1 12.3838 12.6679 0.0760022 0.0782762
1 13.4936 12.6685 0.0853662 0.0827164
1 14.6029 12.6688 0.0873418 0.0864753
1 15.7118 12.6689 0.0978003 0.0889913
1 16.8195 12.6688 0.0999752 0.0902429
1 17.929 12.6687 0.069241 0.0904463
1 19.043 12.6686 0.0317152 0.0901964
1 20.1609 12.6686 0.00995109 0.0900574
1 21.2803 12.6686 0.00292943 0.089978
1 22.4002 12.6686 -0.000900259 0.0899102
1 23.5198 12.6686 -0.00586116 0.0899615
1 24.6384 12.6686 -0.0185517 0.0900634
1 25.7546 12.6687 -0.0489041 0.0902498
1 26.8663 12.6687 -0.0882735 0.0903238
1 27.9744 12.6688 -0.102205 0.0896097
1 29.0826 12.6688 -0.0903701 0.0876286
1 30.1919 12.6687 -0.0855312 0.084319
1 31.3013 12.6681 -0.0822081 0.080114
1 32.4115 12.6672 -0.0722966 0.0758181
1 33.5222 12.666 -0.0735264 0.0718063
1 34.6324 12.6644 -0.0720299 0.0685477
1 35.743 12.6626 -0.073269 0.0670758
1 36.8526 12.6607 -0.0813272 0.0662274
1 37.9624 12.6587 -0.0674733 0.0658276
1 39.073 12.6568 -0.0692649 0.0658532
1 40.1828 12.6552 -0.0718851 0.0706307
1 41.2933 12.6547 -0.0668334 0.0811718
1 42.4049 12.6564 -0.0604466 0.0983439
1 43.5203 12.6608 -0.051265 0.113638
1 0.723798 13.6191 0.0539835 0.111977
1 1.83826 13.6166 0.0652426 0.0918878
1 2.94904 13.6166 0.0698312 0.0769724
1 4.05923 13.6179 0.073458 0.0695846
1 5.16908 13.6197 0.0710169 0.0668317
1 6.27971 13.6216 0.0689377 0.0672455
1 7.38952 13.6234 0.0832979 0.0680378
1 8.499 13.6252 0.0758927 0.0698128
1 9.60948 13.6267 0.0768743 0.0727489
1 10.7193 13.6279 0.0774344 0.0768213
1 11.8297 13.6288 0.0772049 0.0813354
1 12.9396 13.6293 0.0857201 0.0854638
1 14.0487 13.6295 0.0888046 0.0890452
1 15.1578 13.6295 0.0927009 0.0914658
1 16.2658 13.6293 0.103424 0.0925739
1 17.3737 13.6291 0.0875463 0.0926049
1 18.4854 13.629 0.0486144 0.0922
1 19.6017 13.6289 0.0188418 0.0918341
1 20.7204 13.6289 0.0054233 0.0916615
1 21.8401 13.6289 0.000766566 0.0916145
1 22.96 13.6289 -0.00250965 0.0916272
1 24.0793 13.6289 -0.0104648 0.0916959
1 25.1969 13.629 -0.0312181 0.091972
1 26.311 13.629 -0.0689581 0.0924146
1 27.4205 13.6292 -0.0997984 0.0926117
1 28.5281 13.6294 -0.0990038 0.0919512
1 29.6368 13.6295 -0.0890631 0.0900631
1 30.746 13.6294 -0.0876795 0.0869024
1 31.8554 13.629 -0.0788833 0.0828416
1 32.9658 13.6282 -0.0767336 0.0785787
1 34.0756 13.6271 -0.083684 0.0744903
1 35.1851 13.6257 -0.0755471 0.0714112
1 36.2958 13.6241 -0.0701781 0.0686577
1 37.406 13.6222 -0.0699575 0.0666979
1 38.5163 13.6203 -0.0708276 0.0670027
1 39.6261 13.6184 -0.0722408 0.0683757
1 40.7364 13.6167 -0.0710298 0.0720832
1 41.8469 13.6159 -0.0709274 0.0826749
1 42.9596 13.617 -0.0581326 0.101049
1 44.0837 13.6208 -0.0477936 0.11575
1 0.161285 14.579 0.0376371 0.108496
1 1.28386 14.5771 0.0584872 0.0883187
1 2.39569 14.5777 0.0716162 0.0743023
1 3.50571 14.5794 0.0706872 0.0681597
1 4.61587 14.5813 0.073181 0.0666329
1 5.7257 14.5832 0.0727713 0.0664773
1 6.83595 14.585 0.0718955 0.0680727
1 7.94602 14.5867 0.0724661 0.0713586
1 9.05625 14.588 0.0780816 0.0756713
1 10.1657 14.589 0.087888 0.0794911
1 11.2751 14.5897 0.081179 0.0837989
1 12.3853 14.59 0.0832799 0.0878499
1 13.4945 14.5901 0.0913313 0.0910244
1 14.6034 14.59 0.0915766 0.093128
1 15.712 14.5898 0.100541 0.0943567
1 16.8195 14.5895 0.100974 0.0945567
1 17.9289 14.5893 0.0690317 0.0939899
1 19.043 14.5892 0.0313004 0.0934196
1 20.1608 14.5891 0.00974993 0.0931498
1 21.2802 14.5891 0.00288367 0.0930564
1 22.4002 14.5891 -0.000858758 0.0930258
1 23.5198 14.5891 -0.00575937 0.0930766
1 24.6385 14.5891 -0.0182773 0.0932544
1 25.7547 14.5892 -0.0485515 0.0936418
1 26.8663 14.5893 -0.0886292 0.0942384
1 27.9743 14.5896 -0.104208 0.0944811
1 29.0822 14.5899 -0.0940405 0.0936572
1 30.1912 14.5901 -0.0908149 0.0917992
1 31.3 14.5901 -0.0891654 0.0890712
1 32.4097 14.5898 -0.0800044 0.085484
1 33.5197 14.5892 -0.0812114 0.0811899
1 34.6294 14.5883 -0.0787357 0.0767621
1 35.7397 14.587 -0.0786591 0.0728164
1 36.849 14.5855 -0.0857072 0.0699802
1 37.9585 14.5838 -0.0703991 0.0680089
1 39.0691 14.582 -0.0707292 0.0660069
1 40.1788 14.58 -0.0734091 0.0666302
1 41.2888 14.5781 -0.070986 0.0705866
1 42.3991 14.5767 -0.0691264 0.0800027
1 43.5128 14.5769 -0.0598301 0.0988642
1 0.730201 15.5376 0.0634996 0.0815827
1 1.84319 15.5391 0.0703385 0.0700767
1 2.95314 15.5412 0.0718009 0.0668333
1 4.06299 15.5432 0.0750235 0.0675054
1 5.17262 15.5451 0.073776 0.0698672
1 6.28301 15.5467 0.0738943 0.0737293
1 7.39247 15.5481 0.0901105 0.0778238
1 8.50156 15.5492 0.083467 0.0822839
1 9.61164 15.5499 0.0850453 0.0871129
1 10.721 15.5504 0.0861258 0.0915306
1 11.8308 15.5506 0.0849068 0.0952844
1 12.9403 15.5506 0.0918025 0.0981087
1 14.049 15.5504 0.0927291 0.0999575
1 15.1579 15.5501 0.0952107 0.101162
1 16.2657 15.5497 0.104725 0.101741
1 17.3736 15.5494 0.0876053 0.101384
1 18.4854 15.5492 0.0482222 0.100707
1 19.6016 15.5491 0.0185556 0.100242
1 20.7204 15.5491 0.00530334 0.100043
1 21.8401 15.5491 0.000752561 0.100004
1 22.96 15.5491 -0.00244157 0.0999959
1 24.0793 15.5491 -0.0103005 0.100055
1 25.197 15.5492 -0.030914 0.100379
1 26.3111 15.5493 -0.0687746 0.100988
1 27.4206 15.5496 -0.100552 0.101569
1 28.528 15.5499 -0.101141 0.101421
1 29.6366 15.5503 -0.0924511 0.100411
1 30.7454 15.5505 -0.0928381 0.0988195
1 31.8545 15.5506 -0.0858211 0.0963613
1 32.9644 15.5505 -0.0846381 0.0929836
1 34.0737 15.5501 -0.0925748 0.0889636
1 35.1827 15.5494 -0.0839957 0.0843888
1 36.2929 15.5484 -0.0772831 0.0794812
1 37.4028 15.5471 -0.0748592 0.0747957
1 38.5128 15.5456 -0.0743084 0.0713326
1 39.6223 15.5438 -0.0742863 0.0685361
1 40.7323 15.5419 -0.0720247 0.0666045
1 41.8419 15.5398 -0.072838 0.0675387
1 42.9526 15.5379 -0.0609283 0.0741017
1 44.0728 15.5377 -0.0376414 0.0904045
1 0.172106 16.4994 0.0485528 0.0652247
1 1.2901 16.5008 0.0664309 0.0613217
1 2.40019 16.5029 0.0761497 0.0638566
1 3.50946 16.5049 0.0745337 0.068291
1 4.61918 16.5065 0.078034 0.0734879
1 5.72861 16.5078 0.0787027 0.0784779
1 6.83845 16.5089 0.079244 0.0839947
1 7.94804 16.5096 0.0811935 0.0890817
1 9.05775 16.5101 0.0872309 0.0936734
1 10.1667 16.5103 0.0962453 0.0972572
1 11.2757 16.5104 0.0880197 0.0998438
1 12.3856 16.5102 0.0887817 0.101777
1 13.4945 16.51 0.0951555 0.102729
1 14.6034 16.5097 0.0940028 0.102925
1 15.7119 16.5093 0.102195 0.102945
1 16.8193 16.5089 0.101505 0.102263
1 17.9288 16.5086 0.0687603 0.100926
1 19.0429 16.5085 0.0309637 0.0998617
1 20.1608 16.5084 0.0096206 0.0993689
1 21.2802 16.5084 0.00280999 0.0992148
1 22.4002 16.5084 -0.000888526 0.0991848
1 23.5198 16.5084 -0.00574806 0.0992546
1 24.6385 16.5084 -0.0180743 0.0995384
1 25.7547 16.5085 -0.0481707 0.100293
1 26.8665 16.5087 -0.0886555 0.101579
1 27.9744 16.5091 -0.105352 0.102688
1 29.0823 16.5095 -0.0961865 0.102914
1 30.1911 16.5098 -0.0940208 0.102706
1 31.2998 16.5101 -0.0941529 0.102125
1 32.4092 16.5103 -0.0864966 0.100602
1 33.5188 16.5103 -0.0889602 0.0982837
1 34.628 16.5101 -0.0871436 0.0949618
1 35.7379 16.5097 -0.0869034 0.0904789
1 36.8467 16.509 -0.0939204 0.0858912
1 37.9558 16.5081 -0.0778481 0.0809392
1 39.0659 16.5069 -0.0767037 0.0752917
1 40.1752 16.5054 -0.0779847 0.0701836
1 41.2848 16.5036 -0.0745506 0.0653445
1 42.3945 16.5015 -0.0740251 0.0612025
1 43.507 16.4994 -0.0693366 0.060182
1 0.734803 17.4643 0.0761782 0.0380453
1 1.84702 17.4659 0.0793011 0.0446564
1 2.95645 17.4673 0.0799149 0.0516566
1 4.06582 17.4685 0.0834818 0.0579552
1 5.17497 17.4694 0.0826556 0.063944
1 6.28486 17.4701 0.0831371 0.0689339
1 7.3938 17.4705 0.0985622 0.072721
1 8.50247 17.4708 0.0903655 0.0756201
1 9.61219 17.4708 0.0912395 0.077929
1 10.7212 17.4708 0.0912289 0.0790101
1 11.8307 17.4706 0.0886515 0.0793002
1 12.9401 17.4704 0.0942014 0.079131
1 14.0487 17.4702 0.0939628 0.0783485
1 15.1576 17.4699 0.0960515 0.0774105
1 16.2655 17.4696 0.105046 0.0762717
1 17.3735 17.4693 0.0872224 0.0745431
1 18.4853 17.4692 0.0477578 0.0729162
1 19.6016 17.4691 0.0182863 0.071992
1 20.7204 17.4691 0.00519904 0.0716703
1 21.8401 17.469 0.000718969 0.071581
1 22.96 17.4691 -0.00244738 0.0716296
1 24.0793 17.4691 -0.0101588 0.0718222
1 25.197 17.4691 -0.0305257 0.0723917
1 26.3112 17.4692 -0.0682807 0.0736869
1 27.4208 17.4695 -0.100524 0.0754704
1 28.5282 17.4698 -0.101871 0.0769054
1 29.6368 17.47 -0.09357 0.077862
1 30.7456 17.4703 -0.0947454 0.0787702
1 31.8546 17.4705 -0.0889261 0.079168
1 32.9643 17.4707 -0.0888268 0.078893
1 34.0733 17.4708 -0.0986222 0.078172
1 35.1819 17.4707 -0.0918885 0.0764754
1 36.2916 17.4706 -0.0857208 0.0738729
1 37.401 17.4702 -0.0830544 0.0699232
1 38.5106 17.4696 -0.0826226 0.0653008
1 39.6196 17.4688 -0.0826218 0.0601983
1 40.7291 17.4678 -0.0799864 0.0537577
1 41.8381 17.4664 -0.082234 0.0470727
1 42.9476 17.4649 -0.0754146 0.0406169
1 44.0642 17.4636 -0.0658948 0.0366635
1 0.177538 18.431 0.0779869 0.0176143
1 1.29348 18.4317 0.08268 0.0228784
1 2.40277 18.4325 0.0877948 0.0286356
1 3.51157 18.4332 0.0844796 0.0338049
1 4.62086 18.4337 0.0872776 0.0380583
1 5.72986 18.434 0.0866857 0.0413981
1 6.83934 18.4342 0.0858928 0.0438947
1 7.94859 18.4343 0.0869392 0.0452831
1 9.05795 18.4343 0.0917729 0.0461663
1 10.1666 18.4343 0.0987888 0.0463449
1 11.2755 18.4342 0.0889581 0.0459129
1 12.3853 18.4341 0.0889846 0.0453225
1 13.4942 18.4339 0.0946882 0.0444947
1 14.603 18.4338 0.0932628 0.0434637
1 15.7116 18.4336 0.101448 0.0424482
1 16.8191 18.4334 0.10048 0.0411537
1 17.9287 18.4333 0.0677885 0.0397529
1 19.0429 18.4332 0.030438 0.0387929
1 20.1608 18.4332 0.0094602 0.0383745
1 21.2802 18.4332 0.00275922 0.0382504
1 22.4002 18.4332 -0.000874243 0.0382436
1 23.5198 18.4332 -0.00565222 0.0383386
1 24.6385 18.4332 -0.0177476 0.0385858
1 25.7548 18.4333 -0.0473965 0.0392427
1 26.8666 18.4334 -0.0875625 0.0404625
1 27.9747 18.4335 -0.104452 0.0418684
1 29.0826 18.4337 -0.0954749 0.0429815
1 30.1915 18.4338 -0.0933952 0.0439871
1 31.3001 18.434 -0.0941959 0.0449636
1 32.4094 18.4341 -0.0875437 0.0455786
1 33.5189 18.4342 -0.0910496 0.0460035
1 34.6279 18.4343 -0.0902598 0.0460377
1 35.7375 18.4343 -0.0912329 0.0454339
1 36.846 18.4342 -0.100563 0.0443084
1 37.9547 18.4341 -0.0860341 0.0421433
1 39.0644 18.4338 -0.0854664 0.0390348
1 40.1733 18.4334 -0.0878607 0.0353588
1 41.2826 18.4328 -0.0857523 0.030573
1 42.3919 18.432 -0.0865558 0.0248658
1 43.504 18.4312 -0.0839795 0.0186695
1 0.736552 19.3998 0.0879312 0.00776109
1 1.84851 19.4002 0.0898017 0.0110597
1 2.95765 19.4005 0.0887314 0.0139545
1 4.06676 19.4007 0.0907904 0.0164341
1 5.17567 19.4009 0.0885754 0.0184097
1 6.28531 19.401 0.0879118 0.0195341
1 7.39401 19.401 0.101767 0.0200848
1 8.5025 19.401 0.0921185 0.0202723
1 9.61209 19.4009 0.0919745 0.0202274
1 10.721 19.4009 0.0909762 0.0198225
1 11.8305 19.4008 0.0878723 0.0193146
1 12.9398 19.4008 0.0930144 0.0188196
1 14.0485 19.4007 0.0925743 0.0182223
1 15.1574 19.4007 0.0947848 0.0176238
1 16.2653 19.4006 0.103791 0.0169853
1 17.3734 19.4005 0.0860931 0.0162245
1 18.4852 19.4005 0.0470987 0.0155983
1 19.6016 19.4005 0.0180137 0.0152567
1 20.7204 19.4005 0.00511911 0.0151376
1 21.8401 19.4005 0.00071232 0.0151117
1 22.96 19.4005 -0.00241491 0.0151371
1 24.0793 19.4005 -0.00999081 0.0152103
1 25.1971 19.4005 -0.0300748 0.0154211
1 26.3113 19.4005 -0.0673879 0.0159005
1 27.4209 19.4006 -0.0993235 0.0166249
1 28.5284 19.4006 -0.100663 0.0173327
1 29.637 19.4007 -0.0922523 0.0179331
1 30.7459 19.4008 -0.0934285 0.0185588
1 31.8548 19.4008 -0.0879998 0.0191101
1 32.9645 19.4009 -0.0883487 0.0195519
1 34.0734 19.4009 -0.0989603 0.0199321
1 35.1819 19.4009 -0.0935648 0.0200451
1 36.2914 19.401 -0.0886475 0.0201101
1 37.4006 19.401 -0.087178 0.0196441
1 38.51 19.4009 -0.0877747 0.0187145
1 39.6188 19.4008 -0.0892045 0.0171933
1 40.7281 19.4006 -0.0879855 0.0149522
1 41.8368 19.4003 -0.0918437 0.0123356
1 42.946 19.4 -0.0876714 0.00894406
1 44.0618 19.3997 -0.0859301 0.00587818
1 0.17852 20.3692 0.0880621 0.00166752
1 1.29417 20.3694 0.0897465 0.00249877
1 2.40331 20.3695 0.0936192 0.00388566
1 3.51197 20.3696 0.0889696 0.00486667
1 4.62113 20.3697 0.0906595 0.0054336
1 5.73003 20.3697 0.0889368 0.00591347
1 6.83943 20.3697 0.087302 0.00648053
1 7.94859 20.3697 0.0878654 0.00654044
1 9.05788 20.3697 0.0920675 0.00645398
1 10.1665 20.3696 0.0982529 0.00623772
1 11.2754 20.3696 0.0880564 0.00604015
1 12.3851 20.3696 0.0880344 0.00586793
1 13.4941 20.3696 0.0936706 0.00565199
1 14.6029 20.3696 0.0922704 0.0054338
1 15.7115 20.3696 0.100508 0.00522367
1 16.819 20.3695 0.099608 0.00499489
1 17.9286 20.3695 0.0671775 0.00474708
1 19.0428 20.3695 0.0301457 0.00458908
1 20.1608 20.3695 0.00937693 0.00452029
1 21.2802 20.3695 0.00274984 0.00450014
1 22.4002 20.3695 -0.000838607 0.00449952
1 23.5198 20.3695 -0.00558394 0.00451177
1 24.6385 20.3695 -0.0175723 0.00455389
1 25.7548 20.3695 -0.0469644 0.00465721
1 26.8667 20.3695 -0.0868101 0.00486628
1 27.9748 20.3696 -0.10354 0.00512171
1 29.0827 20.3696 -0.0945141 0.00533602
1 30.1916 20.3696 -0.0923581 0.00556146
1 31.3003 20.3696 -0.0932232 0.00577395
1 32.4095 20.3696 -0.086792 0.00596826
1 33.519 20.3696 -0.0905649 0.0061751
1 34.628 20.3697 -0.0900815 0.00630155
1 35.7375 20.3697 -0.0913734 0.00629969
1 36.846 20.3697 -0.101556 0.00636522
1 37.9546 20.3697 -0.0881864 0.00630053
1 39.0642 20.3697 -0.0885597 0.0057232
1 40.173 20.3696 -0.0919439 0.00504624
1 41.2821 20.3695 -0.0906662 0.00440532
1 42.3913 20.3694 -0.0922156 0.00332592
1 43.5034 20.3693 -0.0908714 0.00216083
1 0.736638 21.3392 0.0910273 0.000381422
1 1.84862 21.3392 0.092258 0.000605935
1 2.95775 21.3392 0.0910326 0.000721918
1 4.06682 21.3393 0.0926384 0.000923046
1 5.17568 21.3393 0.0897724 0.00107706
1 6.28529 21.3393 0.0886894 0.00110376
1 7.39396 21.3393 0.101965 0.00133312
1 8.50244 21.3393 0.0918268 0.00129855
1 9.61203 21.3393 0.0915997 0.0011253
1 10.7209 21.3393 0.0905908 0.00102313
1 11.8305 21.3393 0.0874586 0.000975062
1 12.9398 21.3393 0.0925557 0.000923279
1 14.0485 21.3393 0.0921155 0.000828983
1 15.1574 21.3393 0.0943193 0.000760019
1 16.2653 21.3392 0.103345 0.000690003
1 17.3734 21.3392 0.0857643 0.000605421
1 18.4852 21.3393 0.0469241 0.000553714
1 19.6016 21.3393 0.0179474 0.000536188
1 20.7204 21.3393 0.00510435 0.000526573
1 21.8401 21.3393 0.000718453 0.000527124
1 22.96 21.3393 -0.00239858 0.000527001
1 24.0793 21.3393 -0.00995743 0.000530446
1 25.1971 21.3393 -0.0299719 0.000548243
1 26.3113 21.3392 -0.0671432 0.000571303
1 27.4209 21.3392 -0.0989321 0.000645657
1 28.5285 21.3393 -0.100194 0.000739546
1 29.6371 21.3393 -0.0917754 0.000808489
1 30.7459 21.3393 -0.0929732 0.000871635
1 31.8548 21.3393 -0.0875537 0.000941555
1 32.9646 21.3393 -0.0879126 0.00100995
1 34.0735 21.3393 -0.0987126 0.00111196
1 35.1819 21.3393 -0.0936767 0.00114747
1 36.2914 21.3393 -0.0887477 0.00125247
1 37.4006 21.3393 -0.0872564 0.00114967
1 38.51 21.3393 -0.0884332 0.00121565
1 39.6188 21.3393 -0.0905658 0.00093193
1 40.728 21.3392 -0.0898188 0.000728985
1 41.8367 21.3392 -0.0940836 0.000658066
1 42.9457 21.3392 -0.0903778 0.000778468
1 44.0615 21.3392 -0.0892717 0.00061274
1 0.178488 22.3091 0.0896534 0.000222209
1 1.29414 22.3091 0.0906786 0.0010128
1 2.40329 22.3091 0.0943299 0.00114514
1 3.51195 22.3091 0.0896149 0.00123282
1 4.6211 22.3091 0.0910344 0.00112566
1 5.73001 22.3091 0.0891988 0.00101727
1 6.83939 22.3091 0.087578 0.0011918
1 7.94855 22.3091 0.0878137 0.00107419
1 9.05785 22.3091 0.0918168 0.00102401
1 10.1665 22.3091 0.0980833 0.000997496
1 11.2754 22.3091 0.0879437 0.000950673
1 12.3851 22.3091 0.0878633 0.000912565
1 13.4941 22.3091 0.0934634 0.000860618
1 14.6029 22.3091 0.0920885 0.000815675
1 15.7115 22.3091 0.100322 0.000769775
1 16.819 22.3091 0.0994354 0.000712635
1 17.9286 22.3091 0.0670788 0.000661982
1 19.0428 22.3091 0.0301009 0.000632961
1 20.1608 22.3091 0.00935894 0.000619956
1 21.2802 22.3091 0.00275245 0.000614723
1 22.4002 22.3091 -0.000832813 0.000619678
1 23.5198 22.3091 -0.00557872 0.000626869
1 24.6385 22.3091 -0.0175424 0.00063761
1 25.7548 22.3091 -0.0468984 0.000652591
1 26.8667 22.3091 -0.0866754 0.000688565
1 27.9748 22.3091 -0.103345 0.000748053
1 29.0827 22.3091 -0.0943162 0.000807182
1 30.1916 22.3091 -0.0921688 0.000855698
1 31.3003 22.3091 -0.0930505 0.000892058
1 32.4095 22.3091 -0.0866142 0.000911334
1 33.519 22.3091 -0.0903659 0.000967185
1 34.628 22.3091 -0.090011 0.00103151
1 35.7376 22.3091 -0.0914779 0.00113435
1 36.846 22.3091 -0.101599 0.00110881
1 37.9546 22.3091 -0.0882474 0.000962392
1 39.0642 22.3091 -0.0887718 0.000866649
1 40.173 22.3091 -0.0923217 0.00113761
1 41.2821 22.3091 -0.0912638 0.00107282
1 42.3913 22.3091 -0.0930737 0.000863041
1 43.5033 22.309 -0.0913272 0.00042097
1 0.736635 23.279 0.090954 -0.000271296
1 1.8486 23.279 0.092515 -0.000586271
1 2.95772 23.279 0.0911802 -0.000706492
1 4.06677 23.279 0.0925984 -0.000709141
1 5.17565 23.279 0.0896208 -0.000413999
1 6.28528 23.279 0.0885338 -0.000507452
1 7.39396 23.279 0.101906 -0.000588727
1 8.50243 23.279 0.0917228 -0.000583857
1 9.612 23.279 0.0916606 -0.000566081
1 10.7209 23.279 0.090521 -0.000568139
1 11.8304 23.279 0.0874067 -0.000556522
1 12.9397 23.279 0.0924496 -0.000558746
1 14.0484 23.279 0.0920465 -0.000568234
1 15.1574 23.279 0.0942412 -0.000556716
1 16.2653 23.279 0.103253 -0.0005438
1 17.3734 23.279 0.0856916 -0.00050985
1 18.4852 23.279 0.0468933 -0.000498924
1 19.6016 23.279 0.0179427 -0.000477098
1 20.7204 23.279 0.00509959 -0.000459333
1 21.8401 23.279 0.000710981 -0.000472264
1 22.96 23.279 -0.00239583 -0.000477277
1 24.0793 23.279 -0.00994979 -0.000467812
1 25.1971 23.279 -0.0299523 -0.000488398
1 26.3113 23.279 -0.0670891 -0.000503887
1 27.4209 23.279 -0.0988327 -0.00052335
1 28.5285 23.279 -0.10009 -0.000545822
1 29.6371 23.279 -0.0916996 -0.000555273
1 30.746 23.279 -0.0929084 -0.000558305
1 31.8549 23.279 -0.0874919 -0.000561132
1 32.9646 23.279 -0.0878327 -0.000571425
1 34.0735 23.279 -0.0985639 -0.000575785
1 35.1819 23.279 -0.0935274 -0.000575888
1 36.2915 23.279 -0.0887888 -0.000443404
1 37.4007 23.279 -0.0875149 -0.000648346
1 38.51 23.279 -0.0887227 -0.00061979
1 39.6188 23.279 -0.0908397 -0.000644994
1 40.728 23.279 -0.0900092 -0.00073767
1 41.8367 23.279 -0.0944599 -0.000818414
1 42.9458 23.279 -0.0908779 -0.00080583
1 44.0616 23.2789 -0.0901773 -0.00030127
1 0.178426 24.2489 0.0891619 -0.000182764
1 1.29411 24.2489 0.0905308 -0.000252572
1 2.40326 24.2489 0.0942502 0.000143163
1 3.51192 24.2489 0.0896991 0.000275978
1 4.62107 24.2489 0.0911075 0.000168009
1 5.72997 24.2489 0.0890551 0.000145987
1 6.83938 24.2489 0.0872054 0.000295342
1 7.94856 24.2489 0.0876416 0.000226541
1 9.05786 24.2489 0.0918831 0.000324557
1 10.1665 24.2489 0.0981645 0.000298279
1 11.2754 24.2489 0.0879722 0.000327976
1 12.3851 24.2489 0.0878765 0.000333614
1 13.494 24.2489 0.0934771 0.000340748
1 14.6029 24.2489 0.092089 0.000361773
1 15.7115 24.2489 0.100294 0.000364172
1 16.819 24.2489 0.0994138 0.000368657
1 17.9286 24.2489 0.0670682 0.000385486
1 19.0428 24.2489 0.0301059 0.00039362
1 20.1608 24.2489 0.00935984 0.000399658
1 21.2802 24.2489 0.00274414 0.000402202
1 22.4002 24.2489 -0.000841461 0.000402367
1 23.5198 24.2489 -0.00557872 0.000404983
1 24.6385 24.2489 -0.0175529 0.000396261
1 25.7548 24.2489 -0.0468921 0.000389717
1 26.8667 24.2489 -0.0866371 0.000380459
1 27.9748 24.2489 -0.103302 0.000367898
1 29.0827 24.2489 -0.0942946 0.000363178
1 30.1916 24.2489 -0.0921891 0.000355616
1 31.3003 24.2489 -0.0930747 0.000340855
1 32.4096 24.2489 -0.0866236 0.000331232
1 33.519 24.2489 -0.0903413 0.00032398
1 34.628 24.2489 -0.089933 0.000264818
1 35.7376 24.2489 -0.0913937 0.000262882
1 36.8461 24.2489 -0.1016 0.000297394
1 37.9546 24.2489 -0.0883855 0.00020494
1 39.0643 24.2489 -0.0889649 0.000189412
1 40.173 24.2489 -0.0925502 0.000297402
1 41.2821 24.2489 -0.0914861 0.000231307
1 42.3914 24.2489 -0.0932241 0.000105513
1 43.5034 24.2489 -0.0917447 4.38527e-05
1 0.736599 25.2187 0.0911224 2.3877e-06
1 1.84857 25.2187 0.0922529 -0.000181351
1 2.95771 25.2187 0.0910123 -0.000414862
1 4.06677 25.2187 0.0926908 -0.00039297
1 5.17564 25.2187 0.0898755 -0.0004688
1 6.28525 25.2187 0.0886272 -0.000596872
1 7.39394 25.2187 0.101839 -0.000548918
1 8.50242 25.2187 0.0917325 -0.000389351
1 9.612 25.2187 0.0916936 -0.000424596
1 10.7209 25.2187 0.0905331 -0.000503047
1 11.8304 25.2187 0.0874346 -0.000488517
1 12.9397 25.2187 0.0924812 -0.000466972
1 14.0484 25.2187 0.0920873 -0.000443523
1 15.1574 25.2187 0.0942675 -0.000437712
1 16.2653 25.2187 0.103251 -0.000434419
1 17.3733 25.2187 0.0856837 -0.000426119
1 18.4852 25.2187 0.0468961 -0.000406605
1 19.6016 25.2187 0.0179442 -0.000398233
1 20.7204 25.2187 0.00510197 -0.000399286
1 21.8401 25.2187 0.00071425 -0.0003914
1 22.96 25.2187 -0.00239941 -0.000393637
1 24.0793 25.2187 -0.00995154 -0.000400608
1 25.1971 25.2187 -0.0299511 -0.00040058
1 26.3113 25.2187 -0.0670811 -0.000410028
1 27.4209 25.2187 -0.0988201 -0.000427135
1 28.5285 25.2187 -0.100106 -0.000438966
1 29.6371 25.2187 -0.0917392 -0.000445985
1 30.746 25.2187 -0.092935 -0.000458352
1 31.8549 25.2187 -0.0875199 -0.000463143
1 32.9646 25.2187 -0.0878828 -0.000454443
1 34.0735 25.2187 -0.0986144 -0.000483891
1 35.1819 25.2187 -0.0935553 -0.000580579
1 36.2915 25.2187 -0.0887664 -0.000469021
1 37.4007 25.2187 -0.0874267 -0.000521177
1 38.5101 25.2187 -0.0886517 -0.000379797
1 39.6188 25.2187 -0.0907863 -0.000326421
1 40.728 25.2187 -0.090004 -0.00037985
1 41.8367 25.2187 -0.0944411 -0.000157368
1 42.9459 25.2187 -0.0907329 0.000220062
1 44.0616 25.2187 -0.0898182 0.000114064
1 0.178362 26.1885 0.0892577 -0.000251401
1 1.29406 26.1885 0.0904553 -0.000807311
1 2.40322 26.1884 0.0941445 -0.00139142
1 3.5119 26.1884 0.0894483 -0.00169263
1 4.62107 26.1884 0.091044 -0.00207253
1 5.72996 26.1884 0.0892122 -0.00227519
1 6.83936 26.1884 0.0874946 -0.00229074
1 7.94853 26.1884 0.0877494 -0.00232663
1 9.05784 26.1884 0.0917687 -0.00215409
1 10.1665 26.1884 0.0980809 -0.00221986
1 11.2754 26.1884 0.0880165 -0.00219581
1 12.3851 26.1884 0.0879407 -0.00210853
1 13.494 26.1884 0.0935234 -0.00203108
1 14.6029 26.1884 0.0921334 -0.0019509
1 15.7115 26.1884 0.100331 -0.00188465
1 16.819 26.1884 0.0994347 -0.00180419
1 17.9286 26.1884 0.0670869 -0.00172044
1 19.0428 26.1884 0.0301172 -0.00166369
1 20.1608 26.1884 0.00936489 -0.00164346
1 21.2802 26.1884 0.00275215 -0.0016342
1 22.4002 26.1884 -0.000837752 -0.00163428
1 23.5198 26.1884 -0.00558116 -0.00164252
1 24.6385 26.1884 -0.0175535 -0.00165988
1 25.7548 26.1884 -0.0469086 -0.00169392
1 26.8667 26.1884 -0.0866658 -0.00176068
1 27.9748 26.1884 -0.103341 -0.00184861
1 29.0827 26.1884 -0.0943558 -0.00192765
1 30.1916 26.1884 -0.0922311 -0.00200383
1 31.3003 26.1884 -0.0930883 -0.00207437
1 32.4096 26.1884 -0.086651 -0.00211022
1 33.519 26.1884 -0.0904333 -0.00218813
1 34.628 26.1884 -0.090065 -0.0023165
1 35.7376 26.1884 -0.0915053 -0.00234261
1 36.846 26.1884 -0.10163 -0.00221867
1 37.9546 26.1884 -0.0882648 -0.00224096
1 39.0643 26.1884 -0.0886995 -0.00222073
1 40.1731 26.1884 -0.0921989 -0.00193855
1 41.2821 26.1884 -0.0911108 -0.00144613
1 42.3914 26.1884 -0.092813 -0.00120039
1 43.5034 26.1885 -0.0911321 -0.000848398
1 0.736508 27.1582 0.0899492 -0.00257146
1 1.84851 27.1581 0.0917548 -0.00388772
1 2.95764 27.158 0.0904914 -0.00503108
1 4.06673 27.1579 0.0920528 -0.00577943
1 5.17562 27.1579 0.0893539 -0.00612932
1 6.28526 27.1578 0.0884153 -0.00649241
1 7.39394 27.1578 0.101965 -0.00688647
1 8.50242 27.1578 0.0918818 -0.00687377
1 9.612 27.1578 0.0916968 -0.00672713
1 10.7209 27.1579 0.0906074 -0.00657292
1 11.8305 27.1579 0.0876057 -0.00635501
1 12.9398 27.1579 0.092687 -0.00614658
1 14.0485 27.1579 0.0922419 -0.00588249
1 15.1574 27.1579 0.0943906 -0.00563404
1 16.2653 27.158 0.103396 -0.00537376
1 17.3734 27.158 0.0858206 -0.0050823
1 18.4852 27.158 0.0469677 -0.0048402
1 19.6016 27.158 0.0179717 -0.0047173
1 20.7204 27.158 0.00511267 -0.00467824
1 21.8401 27.158 0.000720139 -0.00466646
1 22.96 27.158 -0.00240036 -0.00467862
1 24.0793 27.158 -0.00997209 -0.00471046
1 25.1971 27.158 -0.03 -0.00478135
1 26.3113 27.158 -0.0671758 -0.00495195
1 27.4209 27.158 -0.0989702 -0.00523255
1 28.5285 27.158 -0.10026 -0.00551348
1 29.6371 27.1579 -0.0918912 -0.00576362
1 30.7459 27.1579 -0.0930973 -0.00602508
1 31.8548 27.1579 -0.0876719 -0.0062628
1 32.9646 27.1579 -0.0880783 -0.0064554
1 34.0735 27.1579 -0.0988502 -0.00668777
1 35.1819 27.1578 -0.0936275 -0.00690129
1 36.2915 27.1578 -0.0886554 -0.00686235
1 37.4007 27.1578 -0.0872461 -0.00682931
1 38.5101 27.1579 -0.0883435 -0.00645704
1 39.6189 27.1579 -0.0902964 -0.00613153
1 40.7281 27.1579 -0.0893876 -0.0055604
1 41.8368 27.158 -0.0933899 -0.00462276
1 42.9459 27.1581 -0.0896323 -0.00353084
1 44.0617 27.1582 -0.0883936 -0.00234926
1 0.178129 28.1278 0.0853932 -0.00659488
1 1.29389 28.1275 0.0876774 -0.00888643
1 2.40308 28.1272 0.0919504 -0.0113732
1 3.51178 28.1269 0.0876999 -0.0138341
1 4.62098 28.1267 0.0897658 -0.0159085
1 5.72992 28.1266 0.0883233 -0.0172564
1 6.83935 28.1265 0.0869286 -0.0181579
1 7.94855 28.1265 0.087603 -0.018919
1 9.05787 28.1265 0.0919502 -0.0188724
1 10.1665 28.1265 0.0984194 -0.0187683
1 11.2754 28.1266 0.0883908 -0.0183124
1 12.3852 28.1266 0.088376 -0.0178843
1 13.4941 28.1267 0.0940075 -0.0173424
1 14.603 28.1267 0.0925813 -0.0167667
1 15.7115 28.1268 0.100777 -0.0161987
1 16.8191 28.1268 0.0998698 -0.01554
1 17.9286 28.1269 0.0673836 -0.0148464
1 19.0428 28.1269 0.0302581 -0.0143873
1 20.1608 28.1269 0.00940866 -0.0141944
1 21.2802 28.1269 0.00275622 -0.0141376
1 22.4002 28.1269 -0.000853383 -0.0141332
1 23.5198 28.1269 -0.00560983 -0.0141746
1 24.6385 28.1269 -0.0176357 -0.0142919
1 25.7548 28.1269 -0.0471139 -0.014598
1 26.8667 28.1269 -0.0870384 -0.0151949
1 27.9747 28.1268 -0.103797 -0.0159016
1 29.0827 28.1267 -0.0948095 -0.0164907
1 30.1916 28.1267 -0.092709 -0.0170764
1 31.3003 28.1266 -0.0935524 -0.0176678
1 32.4095 28.1266 -0.0870612 -0.0181558
1 33.519 28.1265 -0.0908277 -0.018587
1 34.628 28.1265 -0.0903315 -0.0189641
1 35.7375 28.1265 -0.0914976 -0.0190074
1 36.8461 28.1265 -0.101315 -0.0187985
1 37.9547 28.1265 -0.0875779 -0.018088
1 39.0644 28.1266 -0.0876954 -0.0170229
1 40.1732 28.1268 -0.0907977 -0.015158
1 41.2823 28.127 -0.08911 -0.0130543
1 42.3916 28.1273 -0.0903003 -0.0103764
1 43.5036 28.1276 -0.0886551 -0.00748244
1 0.735925 29.0962 0.0837111 -0.0190548
1 1.84795 29.0954 0.0857167 -0.0254153
1 2.95719 29.0946 0.0853445 -0.0312002
1 4.06638 29.094 0.0881439 -0.0360086
1 5.17537 29.0936 0.0864589 -0.0397022
1 6.2851 29.0933 0.0861407 -0.0428026
1 7.39391 29.0931 0.100604 -0.0448846
1 8.50247 29.0931 0.0916211 -0.046129
1 9.6121 29.0931 0.0919289 -0.0468285
1 10.721 29.0932 0.0912438 -0.0467775
1 11.8306 29.0933 0.0882902 -0.0462849
1 12.9399 29.0934 0.0935576 -0.0456751
1 14.0486 29.0935 0.093181 -0.0447515
1 15.1575 29.0937 0.0953226 -0.0437722
1 16.2654 29.0939 0.104324 -0.0426826
1 17.3734 29.094 0.08658 -0.0412663
1 18.4853 29.0941 0.0473925 -0.0400363
1 19.6016 29.0942 0.0181374 -0.0393563
1 20.7204 29.0942 0.0051544 -0.0391216
1 21.8401 29.0942 0.000713528 -0.0390658
1 22.96 29.0942 -0.0024351 -0.0391118
1 24.0793 29.0942 -0.0100688 -0.0392577
1 25.197 29.0941 -0.0302716 -0.0396781
1 26.3113 29.0941 -0.0677716 -0.0406332
1 27.4209 29.0939 -0.0998218 -0.0420301
1 28.5284 29.0938 -0.101171 -0.0432934
1 29.6369 29.0936 -0.0928364 -0.0442859
1 30.7458 29.0935 -0.0940593 -0.0453076
1 31.8547 29.0933 -0.0885337 -0.0461344
1 32.9645 29.0932 -0.0887863 -0.0466624
1 34.0734 29.0931 -0.0992132 -0.0470058
1 35.1819 29.093 -0.0933899 -0.0468402
1 36.2915 29.093 -0.0879944 -0.0460871
1 37.4008 29.0931 -0.0859732 -0.0446132
1 38.5103 29.0933 -0.0860359 -0.0418078
1 39.6192 29.0937 -0.0868645 -0.0386344
1 40.7285 29.0942 -0.0850635 -0.0344559
1 41.8374 29.0949 -0.088195 -0.0291578
1 42.9466 29.0957 -0.0829395 -0.0227799
1 44.0627 29.0965 -0.0785016 -0.0171798
1 0.175611 30.0636 0.0653297 -0.0365475
1 1.29218 30.0624 0.0751927 -0.0406513
1 2.40172 30.0609 0.082034 -0.047609
1 3.51069 30.0596 0.0795565 -0.0542738
1 4.62015 30.0585 0.0827876 -0.0604634
1 5.72935 30.0577 0.0829231 -0.0658202
1 6.83899 30.0571 0.0829204 -0.0704275
1 7.94837 30.0567 0.0845795 -0.0742256
1 9.05787 30.0566 0.0901439 -0.0768129
1 10.1666 30.0565 0.0981107 -0.0786125
1 11.2756 30.0566 0.088914 -0.0793449
1 12.3854 30.0568 0.0892312 -0.0795938
1 13.4943 30.057 0.095213 -0.0792319
1 14.6032 30.0573 0.093854 -0.0783849
1 15.7117 30.0576 0.102016 -0.0774725
1 16.8192 30.0579 0.101147 -0.0760205
1 17.9287 30.0581 0.0683611 -0.0742205
1 19.0429 30.0582 0.0307433 -0.072938
1 20.1608 30.0583 0.00954895 -0.0723625
1 21.2802 30.0583 0.00278216 -0.0721897
1 22.4002 30.0583 -0.000899454 -0.0721757
1 23.5198 30.0583 -0.00571963 -0.0722833
1 24.6385 30.0582 -0.0179381 -0.0726198
1 25.7548 30.0581 -0.0478379 -0.0735199
1 26.8666 30.058 -0.0882147 -0.0751423
1 27.9746 30.0577 -0.105067 -0.0768734
1 29.0824 30.0574 -0.09605 -0.0780051
1 30.1913 30.0571 -0.0940416 -0.0788883
1 31.3 30.0569 -0.0946912 -0.0796407
1 32.4093 30.0567 -0.0877004 -0.0797557
1 33.5188 30.0565 -0.0908392 -0.0794132
1 34.6279 30.0565 -0.0896481 -0.0783481
1 35.7376 30.0566 -0.090116 -0.0761156
1 36.8462 30.0568 -0.0983412 -0.0732468
1 37.9551 30.0572 -0.0826995 -0.0692442
1 39.065 30.0579 -0.0814566 -0.0642624
1 40.1741 30.0588 -0.0831276 -0.058436
1 41.2835 30.06 -0.0803071 -0.0519942
1 42.393 30.0614 -0.0803127 -0.0450244
1 43.5053 30.0631 -0.0766122 -0.0383574
1 0.732795 31.0279 0.0685032 -0.0603352
1 1.84527 31.0259 0.0734776 -0.0610221
1 2.95491 31.0239 0.0744871 -0.0648422
1 4.06451 31.0221 0.0780193 -0.0691739
1 5.17391 31.0205 0.0773083 -0.0742282
1 6.28405 31.0193 0.0780393 -0.0800267
1 7.39324 31.0184 0.0943068 -0.0849351
1 8.5021 31.0178 0.0871205 -0.0894453
1 9.61198 31.0174 0.0884999 -0.0937695
1 10.7211 31.0172 0.0891495 -0.0970902
1 11.8308 31.0172 0.0872721 -0.099393
1 12.9402 31.0174 0.093471 -0.100911
1 14.0489 31.0176 0.0937371 -0.101515
1 15.1578 31.018 0.0959515 -0.101689
1 16.2657 31.0184 0.105165 -0.101438
1 17.3736 31.0187 0.0876181 -0.100318
1 18.4853 31.0189 0.0480932 -0.0990223
1 19.6016 31.019 0.0184563 -0.0982388
1 20.7204 31.0191 0.0052568 -0.09795
1 21.8401 31.0191 0.000731305 -0.0978653
1 22.96 31.0191 -0.00245557 -0.0978845
1 24.0793 31.019 -0.010256 -0.09804
1 25.197 31.019 -0.0307858 -0.0985385
1 26.3111 31.0188 -0.0686888 -0.0996287
1 27.4206 31.0185 -0.100799 -0.100961
1 28.5281 31.0182 -0.101853 -0.101681
1 29.6366 31.0178 -0.0934906 -0.101709
1 30.7455 31.0175 -0.0944952 -0.101494
1 31.8544 31.0172 -0.0882838 -0.100545
1 32.9643 31.0171 -0.0877504 -0.0986763
1 34.0733 31.0172 -0.0966216 -0.0961668
1 35.1821 31.0174 -0.0887876 -0.0927344
1 36.292 31.0179 -0.0821607 -0.0881693
1 37.4017 31.0186 -0.0792727 -0.0829579
1 38.5115 31.0197 -0.0782423 -0.0774484
1 39.6208 31.021 -0.0776631 -0.0725178
1 40.7306 31.0227 -0.0747857 -0.0675603
1 41.8399 31.0246 -0.0761436 -0.0634594
1 42.9499 31.0266 -0.0666449 -0.0616012
1 44.068 31.0281 -0.0489806 -0.0658657
1 0.167157 31.9898 0.0374888 -0.0908831
1 1.28717 31.9895 0.060689 -0.0748779
1 2.39797 31.9877 0.0726029 -0.0678982
1 3.50759 31.9856 0.0713209 -0.0666649
1 4.61755 31.9836 0.074347 -0.068606
1 5.7272 31.9818 0.0747414 -0.0712169
1 6.83726 31.9803 0.0749025 -0.0748316
1 7.9471 31.979 0.0763429 -0.0795566
1 9.05707 31.9781 0.0823256 -0.0843996
1 10.1662 31.9774 0.0919662 -0.0887795
1 11.2755 31.977 0.0846555 -0.092812
1 12.3855 31.9769 0.0861186 -0.0962949
1 13.4946 31.977 0.0933168 -0.0987687
1 14.6034 31.9772 0.0928317 -0.100289
1 15.712 31.9776 0.101401 -0.101273
1 16.8194 31.9779 0.101299 -0.101369
1 17.9288 31.9782 0.0689553 -0.100697
1 19.0429 31.9783 0.0311518 -0.100053
1 20.1608 31.9784 0.0096914 -0.0997379
1 21.2802 31.9784 0.00285194 -0.0996269
1 22.4002 31.9784 -0.000867427 -0.0995887
1 23.5198 31.9784 -0.0057666 -0.0996272
1 24.6385 31.9783 -0.0182052 -0.0998188
1 25.7547 31.9783 -0.0484248 -0.100292
1 26.8664 31.9781 -0.088757 -0.101038
1 27.9743 31.9778 -0.104915 -0.101469
1 29.0822 31.9774 -0.0953306 -0.100952
1 30.1911 31.9771 -0.0928386 -0.0997515
1 31.2998 31.9769 -0.092311 -0.0979581
1 32.4092 31.9768 -0.0839957 -0.0951841
1 33.519 31.9771 -0.0858138 -0.0914928
1 34.6284 31.9775 -0.0835333 -0.0871542
1 35.7385 31.9783 -0.0830903 -0.0823012
1 36.8476 31.9794 -0.0896382 -0.0778903
1 37.9569 31.9807 -0.073599 -0.0738199
1 39.0673 31.9824 -0.0729228 -0.0698434
1 40.1769 31.9843 -0.0745407 -0.0674492
1 41.2868 31.9863 -0.0714674 -0.0670928
1 42.3968 31.9884 -0.0706129 -0.070582
1 43.5098 31.9899 -0.064134 -0.08203
1 0.727159 32.9505 0.0597397 -0.098536
1 1.84075 32.9506 0.0683432 -0.0793982
1 2.95104 32.9492 0.070644 -0.0697584
1 4.06106 32.9473 0.0736918 -0.0661502
1 5.17081 32.9453 0.0718032 -0.0655525
1 6.28134 32.9434 0.0708042 -0.0675539
1 7.39099 32.9418 0.0860507 -0.0696436
1 8.5003 32.9403 0.0789391 -0.072545
1 9.61061 32.939 0.0803004 -0.0764232
1 10.7202 32.9381 0.0812733 -0.0809104
1 11.8303 32.9375 0.0807024 -0.0852849
1 12.94 32.9373 0.088513 -0.0889327
1 14.0489 32.9373 0.0906375 -0.0917649
1 15.1578 32.9375 0.0939022 -0.0936305
1 16.2658 32.9378 0.104064 -0.0944501
1 17.3737 32.938 0.0875997 -0.0942661
1 18.4854 32.9381 0.048449 -0.0937418
1 19.6016 32.9382 0.0187192 -0.0933301
1 20.7204 32.9382 0.00537845 -0.0931326
1 21.8401 32.9382 0.00076716 -0.0930919
1 22.96 32.9382 -0.00248273 -0.0931026
1 24.0793 32.9382 -0.0104072 -0.0931682
1 25.197 32.9382 -0.0311196 -0.093472
1 26.311 32.9381 -0.0689669 -0.0939996
1 27.4205 32.9379 -0.100327 -0.0944614
1 28.528 32.9376 -0.100298 -0.0942406
1 29.6366 32.9373 -0.0911301 -0.0930024
1 30.7456 32.9372 -0.0907642 -0.0907958
1 31.8547 32.9373 -0.0828923 -0.0876049
1 32.9648 32.9376 -0.0811141 -0.0836405
1 34.0743 32.9384 -0.0883618 -0.0792968
1 35.1836 32.9394 -0.0796047 -0.075212
1 36.294 32.9407 -0.0733547 -0.0710045
1 37.4041 32.9423 -0.0717874 -0.0679391
1 38.5144 32.9441 -0.0720749 -0.0663949
1 39.6241 32.946 -0.0727101 -0.0659179
1 40.7343 32.9479 -0.0710677 -0.0673945
1 41.8444 32.9497 -0.0716198 -0.0736909
1 42.9562 32.9503 -0.0585208 -0.0878635
1 44.0788 32.9484 -0.0380988 -0.108488
1 0.156407 33.907 0.0477936 -0.114794
1 1.28039 33.9106 0.0581969 -0.100219
1 2.39314 33.9116 0.0705894 -0.0824714
1 3.50356 33.9107 0.0702561 -0.0722405
1 4.61385 33.9091 0.0725484 -0.0688061
1 5.72373 33.9072 0.0715628 -0.0672549
1 6.83403 33.9052 0.0698654 -0.0670465
1 7.94422 33.9034 0.0692248 -0.0690213
1 9.05465 33.9018 0.0737805 -0.0718449
1 10.1643 33.9004 0.0831467 -0.0748508
1 11.2741 33.8993 0.0766234 -0.078985
1 12.3846 33.8985 0.0791771 -0.08331
1 13.4941 33.8981 0.0881335 -0.0873
1 14.6032 33.898 0.0894651 -0.0903436
1 15.7119 33.8981 0.0992622 -0.0922064
1 16.8195 33.8983 0.100566 -0.0928527
1 17.9289 33.8985 0.0692062 -0.0925823
1 19.043 33.8986 0.0315613 -0.0921227
1 20.1608 33.8986 0.00988362 -0.0918855
1 21.2803 33.8986 0.00293017 -0.0917807
1 22.4002 33.8986 -0.0008855 -0.0917288
1 23.5197 33.8986 -0.00583529 -0.0917878
1 24.6384 33.8986 -0.0184651 -0.0919647
1 25.7546 33.8985 -0.0488513 -0.0923155
1 26.8663 33.8984 -0.0887166 -0.0927894
1 27.9743 33.8982 -0.103652 -0.0928006
1 29.0823 33.898 -0.0928281 -0.0916682
1 30.1914 33.898 -0.0888874 -0.0892736
1 31.3004 33.8982 -0.0862723 -0.0858094
1 32.4103 33.8987 -0.0764351 -0.0816864
1 33.5206 33.8995 -0.0773003 -0.0771967
1 34.6305 33.9008 -0.075021 -0.0730986
1 35.7411 33.9023 -0.0755165 -0.0701668
1 36.8505 33.904 -0.0830083 -0.0685405
1 37.9602 33.9058 -0.0685547 -0.0679546
1 39.0709 33.9077 -0.0698697 -0.0674755
1 40.1806 33.9096 -0.0729761 -0.0698282
1 41.2909 33.9109 -0.0699562 -0.0769867
1 42.4018 33.9109 -0.0658795 -0.0915772
1 43.5164 33.9085 -0.0544667 -0.111566
1 0.71978 34.8668 0.0503055 -0.113361
1 1.83512 34.8711 0.0596865 -0.0982781
1 2.9466 34.8728 0.0664596 -0.0813937
1 4.05707 34.8722 0.0719928 -0.0709043
1 5.16695 34.8707 0.0701223 -0.066294
1 6.27758 34.8688 0.067712 -0.0662263
1 7.38742 34.8668 0.0816855 -0.0665114
1 8.49698 34.8649 0.0736266 -0.0673625
1 9.60762 34.8631 0.0737693 -0.0691283
1 10.7178 34.8615 0.07346 -0.0723467
1 11.8285 34.8603 0.0729127 -0.0763066
1 12.9388 34.8594 0.0815854 -0.0804776
1 14.0482 34.8589 0.085413 -0.0846755
1 15.1575 34.8587 0.0902358 -0.0879064
1 16.2657 34.8587 0.102023 -0.0898062
1 17.3738 34.8588 0.0871977 -0.0905377
1 18.4855 34.8589 0.0487385 -0.0905404
1 19.6017 34.8589 0.0190151 -0.0903234
1 20.7204 34.8589 0.00552097 -0.0901869
1 21.8401 34.8589 0.00078863 -0.0901379
1 22.96 34.8589 -0.00254731 -0.09014
1 24.0793 34.8589 -0.010605 -0.0901828
1 25.1969 34.8589 -0.0314462 -0.0903928
1 26.311 34.8588 -0.0690537 -0.0906478
1 27.4205 34.8587 -0.0992718 -0.0904337
1 28.5281 34.8587 -0.0975794 -0.0892147
1 29.637 34.8587 -0.086904 -0.0867609
1 30.7464 34.859 -0.0848251 -0.083024
1 31.8561 34.8596 -0.0755384 -0.0786009
1 32.9668 34.8607 -0.0733826 -0.0744472
1 34.0769 34.8621 -0.0803782 -0.0708002
1 35.1867 34.8637 -0.0729006 -0.0684875
1 36.2976 34.8655 -0.0681148 -0.0662769
1 37.4078 34.8675 -0.0689848 -0.0652022
1 38.5181 34.8695 -0.0703417 -0.0662666
1 39.628 34.8711 -0.0719332 -0.0686331
1 40.7385 34.8722 -0.070256 -0.0746377
1 41.8495 34.8719 -0.0694394 -0.0883649
1 42.963 34.8689 -0.0602334 -0.106235
1 44.0873 34.8639 -0.0644336 -0.113095
1 0.15059 35.8225 0.0726558 -0.106596
1 1.27367 35.8281 0.0603882 -0.106471
1 2.38744 35.8327 0.0656009 -0.0948243
1 3.49885 35.8345 0.0666419 -0.0800807
1 4.60955 35.834 0.0705801 -0.0717593
1 5.71954 35.8325 0.0702298 -0.0682354
1 6.82988 35.8306 0.0679513 -0.066335
1 7.94021 35.8284 0.0658463 -0.0672357
1 9.05094 35.8264 0.0689474 -0.0690392
1 10.1611 35.8245 0.077228 -0.070619
1 11.2714 35.8228 0.0699733 -0.0733245
1 12.3824 35.8214 0.0720187 -0.0765921
1 13.4926 35.8204 0.0812134 -0.0806429
1 14.6024 35.8198 0.0837055 -0.084556
1 15.7116 35.8195 0.095142 -0.0875768
1 16.8194 35.8194 0.0986598 -0.0894502
1 17.929 35.8194 0.0690301 -0.0900738
1 19.043 35.8195 0.0318771 -0.0899562
1 20.1609 35.8195 0.0100754 -0.0898393
1 21.2803 35.8195 0.00297459 -0.089777
1 22.4002 35.8195 -0.000935519 -0.0897342
1 23.5197 35.8195 -0.00596788 -0.0898064
1 24.6384 35.8195 -0.0187594 -0.089911
1 25.7546 35.8195 -0.0490954 -0.0900649
1 26.8662 35.8194 -0.0879444 -0.0899768
1 27.9744 35.8194 -0.10084 -0.0888955
1 29.0828 35.8196 -0.0880671 -0.0865178
1 30.1924 35.82 -0.0825848 -0.0829949
1 31.3021 35.8207 -0.0789345 -0.078909
1 32.4127 35.8219 -0.0691589 -0.0750567
1 33.5236 35.8234 -0.0707447 -0.0716813
1 34.634 35.8252 -0.0698431 -0.0690279
1 35.7449 35.8272 -0.0716397 -0.068099
1 36.8545 35.8292 -0.0800896 -0.067315
1 37.9643 35.8312 -0.0667398 -0.0670175
1 39.075 35.833 -0.0682026 -0.0679628
1 40.1849 35.8341 -0.0692751 -0.0746858
1 41.296 35.8334 -0.0618118 -0.0872517
1 42.4084 35.8301 -0.055903 -0.100475
1 43.5242 35.8247 -0.0543393 -0.103832
1 0.712039 36.7847 0.0572755 -0.0939985
1 1.82731 36.79 0.053644 -0.100295
1 2.94017 36.7943 0.0559817 -0.0945198
1 4.05185 36.7961 0.0646964 -0.0819527
1 5.16227 36.7955 0.0666446 -0.0735359
1 6.27307 36.7938 0.0655808 -0.0715399
1 7.38298 36.7917 0.0793072 -0.0715656
1 8.49272 36.7895 0.0703412 -0.0720913
1 9.60358 36.7873 0.069106 -0.0733951
1 10.7142 36.7852 0.0681899 -0.0757309
1 11.8255 36.7835 0.0667775 -0.078372
1 12.9365 36.782 0.074679 -0.0814603
1 14.0465 36.7809 0.0782354 -0.085222
1 15.1566 36.7802 0.0839242 -0.089076
1 16.2654 36.7798 0.0976569 -0.0923422
1 17.3737 36.7797 0.0854447 -0.094506
1 18.4855 36.7797 0.0485462 -0.0953633
1 19.6017 36.7797 0.0191488 -0.0954308
1 20.7205 36.7797 0.00559885 -0.0953631
1 21.8402 36.7797 0.000805801 -0.095397
1 22.96 36.7797 -0.0025795 -0.0954032
1 24.0792 36.7797 -0.0107327 -0.0953733
1 25.1969 36.7797 -0.0315456 -0.0954163
1 26.3109 36.7797 -0.0683579 -0.0951828
1 27.4206 36.7797 -0.0963969 -0.0937918
1 28.5287 36.7799 -0.0922227 -0.091065
1 29.6382 36.7804 -0.0800693 -0.087467
1 30.7483 36.7813 -0.0775804 -0.0834788
1 31.8587 36.7825 -0.068739 -0.0798268
1 32.97 36.7841 -0.0674999 -0.0768253
1 34.0807 36.786 -0.0751338 -0.0742599
1 35.1909 36.7881 -0.0694499 -0.0725744
1 36.3019 36.7903 -0.0650805 -0.0708105
1 37.4122 36.7925 -0.0673269 -0.0698786
1 38.5225 36.7945 -0.0685887 -0.0721055
1 39.6326 36.7957 -0.0685017 -0.0774107
1 40.7437 36.7951 -0.0635295 -0.0874992
1 41.8557 36.792 -0.0624822 -0.0991575
1 42.9692 36.787 -0.0617842 -0.0978797
1 44.0903 36.7823 -0.0750705 -0.0900452
1 0.147392 37.744 0.0682109 -0.0753039
1 1.26705 37.7482 0.0608361 -0.0807201
1 2.38005 37.7527 0.058991 -0.0888004
1 3.49237 37.7566 0.0581046 -0.0835757
1 4.60408 37.7579 0.064753 -0.073556
1 5.71455 37.7572 0.0672186 -0.0667898
1 6.825 37.7552 0.0665977 -0.0639094
1 7.93541 37.7527 0.0636111 -0.0646011
1 9.0464 37.7503 0.0654809 -0.0665364
1 10.1569 37.7479 0.0731199 -0.0684418
1 11.2677 37.7458 0.0655447 -0.0707943
1 12.3793 37.744 0.0668032 -0.0732263
1 13.4902 37.7425 0.0745298 -0.0760766
1 14.6007 37.7413 0.0762598 -0.0794461
1 15.7106 37.7405 0.088339 -0.0832141
1 16.8191 37.74 0.0941741 -0.086873
1 17.9289 37.7398 0.0674166 -0.0892752
1 19.0431 37.7398 0.0316587 -0.0901502
1 20.1609 37.7398 0.0100621 -0.0903821
1 21.2803 37.7398 0.00296797 -0.0904334
1 22.4002 37.7398 -0.000923765 -0.0904112
1 23.5197 37.7398 -0.00592278 -0.0903693
1 24.6384 37.7398 -0.0186887 -0.0902766
1 25.7545 37.7398 -0.048467 -0.0898502
1 26.8664 37.7399 -0.0852114 -0.0883669
1 27.975 37.7402 -0.0952071 -0.0853365
1 29.0841 37.7408 -0.0808365 -0.0815298
1 30.1944 37.7417 -0.0752497 -0.0778478
1 31.3048 37.7431 -0.0726558 -0.0747077
1 32.416 37.7447 -0.063931 -0.0718365
1 33.5275 37.7467 -0.0661292 -0.0688789
1 34.6384 37.7489 -0.0665074 -0.0661834
1 35.7494 37.7514 -0.0694256 -0.0651782
1 36.8592 37.7538 -0.0783334 -0.0646782
1 37.969 37.756 -0.0643543 -0.0650388
1 39.08 37.7575 -0.0630147 -0.068172
1 40.1908 37.7573 -0.0608735 -0.0781802
1 41.303 37.7545 -0.0545895 -0.0870108
1 42.4158 37.7501 -0.0588278 -0.0841336
1 43.5304 37.7461 -0.0633387 -0.0757052
1 0.706137 38.7096 0.0630234 -0.0671041
1 1.82022 38.7125 0.0622032 -0.0778668
1 2.93273 38.7162 0.0568673 -0.0882789
1 4.04533 38.7196 0.0600955 -0.0823327
1 5.15671 38.7206 0.0631053 -0.0705759
1 6.26794 38.7193 0.0641924 -0.0645905
1 7.37791 38.7169 0.078165 -0.0643146
1 8.48776 38.7141 0.0684245 -0.065587
1 9.59884 38.7114 0.0648338 -0.0671411
1 10.71 38.7088 0.0640133 -0.0697946
1 11.8218 38.7066 0.0624574 -0.0725925
1 12.9333 38.7048 0.0698717 -0.0748461
1 14.044 38.7033 0.0716723 -0.0771675
1 15.1548 38.702 0.076419 -0.0800709
1 16.2644 38.7012 0.0907752 -0.0836737
1 17.3734 38.7007 0.0813007 -0.0871826
1 18.4854 38.7005 0.0472255 -0.0892346
1 19.6017 38.7005 0.018947 -0.0897937
1 20.7205 38.7005 0.00553421 -0.0898594
1 21.8402 38.7005 0.000737944 -0.0899423
1 22.96 38.7005 -0.00258097 -0.0899897
1 24.0793 38.7005 -0.0106025 -0.0898783
1 25.1969 38.7005 -0.030947 -0.0895843
1 26.3111 38.7006 -0.0658596 -0.0884432
1 27.4212 38.7008 -0.0907425 -0.0856275
1 28.53 38.7015 -0.0847473 -0.0819232
1 29.6403 38.7025 -0.0728003 -0.0786617
1 30.7511 38.7039 -0.0717226 -0.0760041
1 31.8621 38.7056 -0.064098 -0.0734645
1 32.974 38.7076 -0.0627049 -0.070447
1 34.0852 38.71 -0.070665 -0.0677753
1 35.1958 38.7126 -0.066396 -0.0659323
1 36.3069 38.7154 -0.0639967 -0.0642102
1 37.4172 38.718 -0.066938 -0.0635064
1 38.5276 38.72 -0.0656761 -0.068445
1 39.6384 38.72 -0.0616602 -0.0767555
1 40.7506 38.7177 -0.0563599 -0.084632
1 41.8629 38.7141 -0.0615642 -0.0817184
1 42.9749 38.711 -0.0621302 -0.070292
1 44.0941 38.7078 -0.0626258 -0.0645748
1 0.142555 39.6727 0.0609269 -0.0635872
1 1.26183 39.6742 0.0658979 -0.0740762
1 2.37395 39.6761 0.068071 -0.0807976
1 3.48596 39.6792 0.0602009 -0.0877831
1 4.59852 39.6822 0.0643832 -0.0848025
1 5.70973 39.683 0.068821 -0.0716744
1 6.82018 39.6812 0.0699718 -0.0634403
1 7.93033 39.678 0.0653786 -0.063349
1 9.04125 39.6747 0.0644034 -0.0669413
1 10.1521 39.6717 0.0694032 -0.0701458
1 11.2634 39.6691 0.0607505 -0.0733345
1 12.3756 39.6669 0.0624617 -0.0765053
1 13.487 39.665 0.0697224 -0.0789074
1 14.5982 39.6635 0.0700097 -0.0810933
1 15.7089 39.6622 0.0808909 -0.084183
1 16.8182 39.6613 0.0875655 -0.0881809
1 17.9287 39.6609 0.064023 -0.0917899
1 19.043 39.6607 0.0307265 -0.0935701
1 20.1609 39.6607 0.00987646 -0.0940648
1 21.2803 39.6607 0.00291431 -0.0941527
1 22.4002 39.6607 -0.000958666 -0.0941964
1 23.5197 39.6607 -0.0059067 -0.0941595
1 24.6384 39.6607 -0.0183332 -0.0939625
1 25.7547 39.6608 -0.0465434 -0.0929708
1 26.8669 39.6611 -0.0800581 -0.0901233
1 27.9762 39.6617 -0.0877192 -0.0859852
1 29.0861 39.6628 -0.0738293 -0.0824858
1 30.1972 39.6642 -0.0696478 -0.0799256
1 31.3082 39.6658 -0.0677986 -0.0775282
1 32.42 39.6679 -0.0585421 -0.0741358
1 33.5322 39.6704 -0.061611 -0.0705719
1 34.6434 39.6732 -0.0650269 -0.0682723
1 35.7545 39.6764 -0.0698814 -0.0658568
1 36.8641 39.6795 -0.0797235 -0.0647079
1 37.9739 39.682 -0.0639886 -0.0668313
1 39.0854 39.6826 -0.0606087 -0.0768776
1 40.1972 39.6807 -0.0600489 -0.0876101
1 41.3096 39.6775 -0.060204 -0.0855379
1 42.4213 39.6751 -0.0649023 -0.0756881
1 43.5352 39.6733 -0.0605913 -0.070885
1 0.702867 40.6366 0.0676585 -0.0732578
1 1.81712 40.6379 0.0691141 -0.0694968
1 2.92857 40.6397 0.0681185 -0.0727837
1 4.04056 40.6424 0.0646734 -0.0798893
1 5.15261 40.6452 0.0632762 -0.0758105
1 6.26446 40.6456 0.0693696 -0.0631612
1 7.37413 40.6432 0.0871172 -0.0533567
1 8.48321 40.6393 0.0761239 -0.0532589
1 9.59382 40.6354 0.0676039 -0.0577431
1 10.7051 40.632 0.0616119 -0.0632381
1 11.8175 40.6292 0.0581361 -0.0679746
1 12.9296 40.627 0.0656929 -0.0713932
1 14.041 40.6251 0.0672378 -0.0738501
1 15.1524 40.6235 0.0707647 -0.0758592
1 16.2628 40.6223 0.083503 -0.0789882
1 17.3726 40.6214 0.0751815 -0.083265
1 18.4852 40.621 0.0444119 -0.0865145
1 19.6017 40.6209 0.0181766 -0.0880578
1 20.7205 40.6209 0.00544379 -0.0884357
1 21.8402 40.6209 0.000797534 -0.0884706
1 22.96 40.6209 -0.0026085 -0.0883964
1 24.0793 40.6209 -0.0104276 -0.0883163
1 25.197 40.621 -0.0296833 -0.0876252
1 26.3115 40.6212 -0.0615496 -0.0852281
1 27.4223 40.6218 -0.0833679 -0.0810751
1 28.532 40.6229 -0.077763 -0.0770536
1 29.643 40.6243 -0.0677113 -0.0745706
1 30.7545 40.626 -0.0671161 -0.0722838
1 31.8661 40.628 -0.0592324 -0.0688138
1 32.9787 40.6306 -0.058891 -0.064846
1 34.0902 40.6337 -0.071456 -0.0616505
1 35.2007 40.6372 -0.0694379 -0.0571125
1 36.3112 40.6411 -0.0698965 -0.052856
1 37.4212 40.6443 -0.0718271 -0.0566357
1 38.5321 40.6455 -0.0672395 -0.0699365
1 39.6437 40.6437 -0.0648377 -0.0792971
1 40.7561 40.6409 -0.0656843 -0.0761766
1 41.8678 40.6388 -0.0717977 -0.0711523
1 42.9799 40.6371 -0.0668678 -0.0730939
1 44.1 40.6356 -0.060076 -0.0738455
1 0.139083 41.5988 0.0689374 -0.0830619
1 1.25976 41.5997 0.0711485 -0.0769254
1 2.37192 41.6017 0.0749829 -0.0780923
1 3.48308 41.6037 0.0701271 -0.0775226
1 4.5949 41.6061 0.0691864 -0.0829785
1 5.70678 41.6084 0.0682073 -0.0804046
1 6.8181 41.6086 0.0731239 -0.0660699
1 7.92804 41.6055 0.0763614 -0.0545843
1 9.03788 41.6008 0.0765932 -0.0537995
1 10.1477 41.5961 0.0762601 -0.0603613
1 11.2589 41.5922 0.060751 -0.0680755
1 12.3715 41.5893 0.0591452 -0.0740456
1 13.4835 41.5871 0.0660337 -0.0780775
1 14.5953 41.5852 0.0660805 -0.0804212
1 15.7067 41.5837 0.0748821 -0.0822227
1 16.8169 41.5825 0.0799753 -0.0855503
1 17.9281 41.5818 0.0584557 -0.0897041
1 19.0429 41.5815 0.0285572 -0.092172
1 20.1609 41.5815 0.00951548 -0.0931542
1 21.2803 41.5815 0.00284269 -0.0933371
1 22.4002 41.5815 -0.000919072 -0.0932973
1 23.5197 41.5815 -0.0056581 -0.0933143
1 24.6385 41.5815 -0.0173789 -0.0927707
1 25.755 41.5817 -0.043109 -0.0912207
1 26.8678 41.5821 -0.0732594 -0.0878089
1 27.978 41.5831 -0.0806582 -0.083638
1 29.0887 41.5845 -0.0687639 -0.0809971
1 30.2004 41.5861 -0.0651441 -0.0788077
1 31.3121 41.5882 -0.0629162 -0.0752147
1 32.4246 41.5908 -0.0561492 -0.0705841
1 33.5368 41.5941 -0.0665377 -0.0654494
1 34.6473 41.5982 -0.0756322 -0.0586633
1 35.7575 41.603 -0.0804522 -0.0531733
1 36.8665 41.607 -0.0875414 -0.0603669
1 37.9767 41.6084 -0.0659119 -0.0738782
1 39.0892 41.607 -0.0615469 -0.0841881
1 40.2012 41.6044 -0.0666536 -0.082231
1 41.3128 41.6024 -0.0670213 -0.0768387
1 42.4246 41.6007 -0.0672856 -0.0772618
1 43.539 41.599 -0.0673925 -0.0781632
1 0.701431 42.5606 0.063109 -0.0837119
1 1.81526 42.5627 0.0673664 -0.0793296
1 2.92654 42.565 0.0688688 -0.0778673
1 4.03798 42.5671 0.0674442 -0.080085
1 5.1499 42.5696 0.0629738 -0.0815323
1 6.26246 42.5715 0.065414 -0.0763042
1 7.37327 42.5709 0.0855773 -0.0632487
1 8.48252 42.5673 0.0844415 -0.051335
1 9.59214 42.5618 0.0821197 -0.0481161
1 10.7021 42.5563 0.0735484 -0.0548794
1 11.8138 42.552 0.0626378 -0.0647336
1 12.926 42.5489 0.0648093 -0.0727189
1 14.0378 42.5466 0.0647283 -0.0774428
1 15.1498 42.5448 0.0671785 -0.0799048
1 16.2608 42.5433 0.0769254 -0.0825502
1 17.3715 42.5423 0.0678767 -0.0867176
1 18.4848 42.5417 0.0399537 -0.0905768
1 19.6016 42.5416 0.0165171 -0.0926775
1 20.7205 42.5415 0.00514584 -0.0930484
1 21.8402 42.5415 0.000845119 -0.0932888
1 22.96 42.5415 -0.00252581 -0.0931496
1 24.0793 42.5416 -0.00965501 -0.0928978
1 25.1972 42.5417 -0.0267939 -0.0918852
1 26.3122 42.542 -0.055246 -0.0888065
1 27.4239 42.5428 -0.0759835 -0.0844852
1 28.5344 42.5441 -0.0728148 -0.0811556
1 29.646 42.5457 -0.0642783 -0.0785031
1 30.758 42.5478 -0.0638339 -0.0742764
1 31.87 42.5505 -0.060575 -0.0683129
1 32.9823 42.5542 -0.0695225 -0.0609427
1 34.0925 42.5589 -0.0868119 -0.0528281
1 35.2018 42.5643 -0.0795005 -0.0485448
1 36.3122 42.5691 -0.0731743 -0.0559438
1 37.4228 42.571 -0.0703877 -0.0731174
1 38.5348 42.57 -0.0668081 -0.0812946
1 39.6466 42.5678 -0.071577 -0.0797628
1 40.7583 42.5658 -0.0732936 -0.0764856
1 41.8696 42.5637 -0.0760915 -0.0795392
1 42.982 42.5616 -0.0710509 -0.0805984
1 44.1028 42.5601 -0.0733839 -0.0814677
1 0.136318 43.5203 0.0723035 -0.0754926
1 1.25712 43.5235 0.0703964 -0.0761492
1 2.36967 43.5264 0.0717345 -0.0790299
1 3.48104 43.5291 0.0729117 -0.0756637
1 4.59248 43.531 0.0723487 -0.0774932
1 5.70434 43.5334 0.0675127 -0.0824186
1 6.81662 43.535 0.0669357 -0.0710921
1 7.92793 43.5335 0.0711849 -0.057506
1 9.03858 43.529 0.0797514 -0.04747
1 10.1481 43.523 0.0891574 -0.0449553
1 11.258 43.5171 0.0770885 -0.0507255
1 12.3693 43.5123 0.0697654 -0.0598882
1 13.4808 43.5088 0.0692073 -0.0689999
1 14.5926 43.5065 0.0659859 -0.0753336
1 15.7043 43.5047 0.0719043 -0.0781124
1 16.8152 43.5033 0.0735098 -0.0812875
1 17.9272 43.5025 0.0524403 -0.0856577
1 19.0426 43.5021 0.0252006 -0.0886551
1 20.1608 43.502 0.00828457 -0.0899253
1 21.2803 43.502 0.00248474 -0.0901578
1 22.4002 43.502 -0.00082152 -0.0900869
1 23.5197 43.502 -0.00514561 -0.090081
1 24.6386 43.5021 -0.0153407 -0.0893686
1 25.7555 43.5023 -0.0383048 -0.0874511
1 26.869 43.5029 -0.066258 -0.0835776
1 27.9801 43.504 -0.0757143 -0.0794281
1 29.0913 43.5056 -0.067231 -0.0766309
1 30.2033 43.5077 -0.0655807 -0.0721861
1 31.3149 43.5106 -0.0695035 -0.0640218
1 32.4263 43.5147 -0.072828 -0.0554499
1 33.5368 43.5199 -0.082982 -0.0481974
1 34.6466 43.5258 -0.0795703 -0.0455134
1 35.7574 43.5311 -0.0778675 -0.052799
1 36.8675 43.5339 -0.0846835 -0.0675418
1 37.9787 43.5335 -0.0648756 -0.0765927
1 39.0917 43.5317 -0.0638411 -0.0778593
1 40.2033 43.5298 -0.0724265 -0.0751029
1 41.3146 43.5277 -0.0738823 -0.0745077
1 42.426 43.525 -0.0730325 -0.0752487
1 43.5404 43.5225 -0.0691106 -0.0780332
1 0.697374 44.4835 0.068263 -0.0792589
1 1.81221 44.4871 0.0695389 -0.0775029
1 2.92383 44.49 0.0716959 -0.0786986
1 4.03553 44.4925 0.0704836 -0.0800502
1 5.14764 44.4946 0.0680258 -0.0815392
1 6.26036 44.4969 0.0686981 -0.0829065
1 7.37207 44.4978 0.0790139 -0.0708425
1 8.483 44.4951 0.0754943 -0.0553259
1 9.5941 44.4896 0.078719 -0.0490333
1 10.7046 44.4833 0.0812871 -0.0491516
1 11.8153 44.4775 0.0796422 -0.0517082
1 12.9258 44.4724 0.0803709 -0.0588055
1 14.0364 44.4686 0.0734002 -0.0686382
1 15.1478 44.4661 0.0701491 -0.0764248
1 16.2589 44.4643 0.0741652 -0.081302
1 17.3702 44.463 0.0618335 -0.0857701
1 18.4842 44.4624 0.0352787 -0.0899904
1 19.6014 44.4621 0.01436 -0.0925193
1 20.7204 44.4621 0.00422746 -0.0929963
1 21.8402 44.4621 0.000526123 -0.093412
1 22.96 44.4622 -0.00200578 -0.0931683
1 24.0794 44.4622 -0.00819384 -0.0927569
1 25.1975 44.4623 -0.023467 -0.0915003
1 26.3131 44.4627 -0.049363 -0.0880644
1 27.4255 44.4637 -0.0709998 -0.0834125
1 28.5364 44.4652 -0.0728909 -0.0789273
1 29.6479 44.4674 -0.0695827 -0.0726976
1 30.7591 44.4706 -0.076216 -0.0633048
1 31.8695 44.475 -0.0797669 -0.0548212
1 32.9801 44.4804 -0.0823761 -0.0504278
1 34.0903 44.4864 -0.084381 -0.0489219
1 35.2009 44.4921 -0.0763815 -0.0526757
1 36.3122 44.4962 -0.0727609 -0.0637636
1 37.4239 44.4968 -0.0658421 -0.0795501
1 38.5366 44.4949 -0.0679678 -0.0807165
1 39.6484 44.4934 -0.0756851 -0.0747266
1 40.7601 44.4917 -0.0709382 -0.0788918
1 41.8715 44.4888 -0.073815 -0.0798731
1 42.9836 44.4855 -0.0696209 -0.0773729
1 44.1046 44.4829 -0.0741986 -0.0747604
1 0.132896 45.4441 0.0687801 -0.0709122
1 1.25363 45.4469 0.0684728 -0.074126
1 2.36613 45.4514 0.0696273 -0.0781936
1 3.47788 45.4543 0.0743022 -0.0761107
1 4.58987 45.4561 0.0693031 -0.0770012
1 5.70291 45.4583 0.0671825 -0.0843863
1 6.81554 45.4608 0.0709227 -0.0806404
1 7.92772 45.4605 0.0671006 -0.0636567
1 9.04011 45.456 0.0733756 -0.0494959
1 10.1513 45.4497 0.0825674 -0.0477231
1 11.2622 45.4437 0.0784007 -0.0519158
1 12.3731 45.4384 0.0830274 -0.052469
1 13.4829 45.4334 0.0871732 -0.0553681
1 14.5928 45.4292 0.080807 -0.0639931
1 15.7032 45.4262 0.0791366 -0.0730656
1 16.8138 45.4242 0.0718242 -0.0803139
1 17.9263 45.4231 0.047559 -0.0863283
1 19.0422 45.4227 0.0219798 -0.0901733
1 20.1606 45.4225 0.00723048 -0.0917034
1 21.2802 45.4225 0.00188511 -0.0921917
1 22.4002 45.4225 -0.000656833 -0.0923668
1 23.5198 45.4226 -0.0043113 -0.0920663
1 24.6389 45.4227 -0.0132648 -0.0910175
1 25.7561 45.4229 -0.0340788 -0.0886006
1 26.8702 45.4237 -0.0618495 -0.0836125
1 27.9815 45.4252 -0.0776688 -0.0767699
1 29.0919 45.4277 -0.0786473 -0.0684392
1 30.2023 45.4313 -0.0831028 -0.059149
1 31.3119 45.436 -0.0871907 -0.0531399
1 32.4221 45.4412 -0.0808466 -0.0520966
1 33.5331 45.4467 -0.0780238 -0.0495184
1 34.6444 45.4528 -0.074689 -0.0491498
1 35.7564 45.4579 -0.0734024 -0.059323
1 36.8681 45.4601 -0.0763388 -0.0720739
1 37.9803 45.4589 -0.0679784 -0.0798038
1 39.0932 45.4569 -0.0692301 -0.0785922
1 40.2054 45.4554 -0.0698674 -0.0777319
1 41.3175 45.4532 -0.0686346 -0.0770103
1 42.4293 45.4498 -0.0689279 -0.0773843
1 43.543 45.445 -0.0671898 -0.0760249
1 0.694179 46.4066 0.0707081 -0.0803263
1 1.80705 46.413 0.0675696 -0.0738066
1 2.91975 46.4161 0.067479 -0.077278
1 4.03218 46.4186 0.0708559 -0.0780901
1 5.14532 46.4199 0.0649471 -0.0772903
1 6.25919 46.4227 0.0701497 -0.0862662
1 7.37171 46.4248 0.077543 -0.0734902
1 8.48452 46.4221 0.0687891 -0.0553585
1 9.59752 46.4162 0.0723417 -0.0489307
1 10.7094 46.41 0.0762627 -0.0505626
1 11.8209 46.4046 0.0788101 -0.0546021
1 12.9314 46.3998 0.0868944 -0.0557736
1 14.0408 46.395 0.0900202 -0.0555391
1 15.15 46.3906 0.0900438 -0.059963
1 16.2591 46.3871 0.08626 -0.0697847
1 17.3697 46.3849 0.0637183 -0.0802451
1 18.4837 46.3838 0.0330544 -0.0874666
1 19.6011 46.3834 0.0129265 -0.0913722
1 20.7203 46.3834 0.0037749 -0.0926781
1 21.8401 46.3833 0.000392473 -0.0929167
1 22.96 46.3834 -0.00169813 -0.0926593
1 24.0795 46.3835 -0.00741805 -0.0922294
1 25.1979 46.3837 -0.0215599 -0.089822
1 26.3137 46.3844 -0.0484566 -0.0841312
1 27.4259 46.3859 -0.077515 -0.0752586
1 28.5354 46.3888 -0.0897633 -0.0644727
1 29.6445 46.3929 -0.089423 -0.0567925
1 30.7539 46.3976 -0.0885574 -0.0550909
1 31.8638 46.4023 -0.0817067 -0.0552827
1 32.9749 46.4074 -0.0767722 -0.0527495
1 34.0865 46.4131 -0.0773397 -0.0509363
1 35.1986 46.4188 -0.0725641 -0.0535174
1 36.3116 46.423 -0.0675781 -0.0611648
1 37.4248 46.4235 -0.0663237 -0.0810911
1 38.5381 46.4204 -0.0694913 -0.0855445
1 39.6512 46.419 -0.0708145 -0.0716578
1 40.7643 46.4179 -0.0700646 -0.0787832
1 41.8771 46.4149 -0.073184 -0.0808902
1 42.99 46.4106 -0.0734446 -0.0743323
1 44.11 46.4024 -0.0693348 -0.0750076
1 0.122383 47.3627 0.0698546 -0.0826636
1 1.24347 47.3788 0.0756476 -0.0683514
1 2.35817 47.3816 0.0730416 -0.0798359
1 3.4727 47.3856 0.0686721 -0.0777233
1 4.58636 47.3862 0.0714821 -0.0702356
1 5.70018 47.3879 0.0653466 -0.0866779
1 6.81456 47.3919 0.0642257 -0.0826462
1 7.92964 47.3918 0.0605022 -0.0606973
1 9.04417 47.3867 0.0708423 -0.047423
1 10.1566 47.3804 0.0772711 -0.0502541
1 11.2685 47.375 0.0742717 -0.0555485
1 12.3797 47.3702 0.0825075 -0.0560583
1 13.4896 47.3657 0.0886955 -0.0573006
1 14.5989 47.3613 0.0912499 -0.056872
1 15.7075 47.3569 0.098823 -0.0570046
1 16.8157 47.3529 0.0884084 -0.0651679
1 17.9268 47.3504 0.0546921 -0.0779068
1 19.0421 47.3491 0.0234156 -0.0871266
1 20.1606 47.3487 0.00748788 -0.091181
1 21.2802 47.3487 0.00191802 -0.0923107
1 22.4001 47.3487 -0.00051659 -0.0924154
1 23.5198 47.3488 -0.00444425 -0.0918553
1 24.6389 47.349 -0.0138207 -0.0895201
1 25.7559 47.3497 -0.0375342 -0.0832892
1 26.8692 47.3516 -0.0737545 -0.0715371
1 27.9784 47.3549 -0.0974345 -0.0599787
1 29.0865 47.3592 -0.0949089 -0.0563145
1 30.1957 47.3637 -0.087873 -0.0575473
1 31.3054 47.368 -0.0859234 -0.0565711
1 32.4159 47.3727 -0.0782015 -0.0553521
1 33.5276 47.3778 -0.075841 -0.053278
1 34.6396 47.3835 -0.0743336 -0.0488695
1 35.7532 47.389 -0.0635216 -0.0550609
1 36.8681 47.3914 -0.0662808 -0.0732078
1 37.982 47.3892 -0.0693138 -0.0859483
1 39.0958 47.3863 -0.0650998 -0.0767249
1 40.2096 47.3859 -0.0697478 -0.0716105
1 41.3237 47.3837 -0.0680142 -0.0789799
1 42.4384 47.3804 -0.0697074 -0.0748147
1 43.5553 47.3743 -0.0702755 -0.0814122
