1 0.665956 0.133547 0.0717497 0.0730323
1 1.78325 0.127329 0.0705247 0.080313
1 2.89817 0.123599 0.067922 0.0743628
1 4.01241 0.122647 0.0723326 0.0772052
1 5.12572 0.119583 0.0694331 0.0860109
1 6.24054 0.117335 0.05847 0.0712946
1 7.35541 0.11993 0.0679582 0.0538448
1 8.46853 0.12527 0.0716499 0.0509638
1 9.58099 0.130727 0.07458 0.0526132
1 10.6922 0.135823 0.0844386 0.0539126
1 11.8022 0.140462 0.0882502 0.0555837
1 12.9116 0.144913 0.0937406 0.0556383
1 14.0201 0.149208 0.0949861 0.0604413
1 15.1299 0.152432 0.068316 0.0720729
1 16.2437 0.154132 0.0337699 0.0830849
1 17.3611 0.154763 0.011796 0.0891099
1 18.4802 0.154918 0.00247412 0.0910513
1 19.6 0.155029 0.000438753 0.0915798
1 20.72 0.155002 -2.99446e-05 0.0918016
1 21.84 0.15501 -0.000165774 0.0918907
1 22.9601 0.154892 0.000109134 0.0918201
1 24.0801 0.154864 -0.000262985 0.0917858
1 25.2 0.15485 -0.00129502 0.0913577
1 26.3195 0.154779 -0.00569111 0.0902917
1 27.438 0.154431 -0.0205778 0.0870432
1 28.5538 0.153338 -0.0500208 0.0783252
1 29.6655 0.150922 -0.0841115 0.065738
1 30.7743 0.147133 -0.0969492 0.0568633
1 31.8831 0.142748 -0.0905803 0.05564
1 32.9927 0.138298 -0.088879 0.0549313
1 34.1029 0.133489 -0.0798904 0.0531193
1 35.2148 0.128241 -0.0695159 0.0517333
1 36.3277 0.122362 -0.0700528 0.048007
1 37.4416 0.117083 -0.063699 0.0585869
1 38.5569 0.116869 -0.0643287 0.085061
1 39.6709 0.121299 -0.0686436 0.0871167
1 40.7852 0.123305 -0.0639685 0.0713943
1 41.8998 0.12513 -0.0704867 0.0792574
1 43.0151 0.130551 -0.0644611 0.0754195
1 44.1357 0.144635 -0.068632 0.0725312
1 0.112265 1.10543 0.0687277 0.0768905
1 1.23198 1.09667 0.0658504 0.0781865
1 2.34509 1.09244 0.0657482 0.0754741
1 3.45767 1.09036 0.066925 0.0757604
1 4.57128 1.08828 0.0628168 0.0804078
1 5.68451 1.08562 0.0707867 0.0778564
1 6.79725 1.08575 0.0722219 0.0646767
1 7.90979 1.08977 0.0731046 0.0508641
1 9.0219 1.09564 0.073581 0.0484838
1 10.1336 1.10124 0.0798584 0.0517017
1 11.2438 1.10634 0.0881129 0.0527663
1 12.3534 1.11111 0.0886275 0.0555524
1 13.463 1.11513 0.0873765 0.0641798
1 14.5731 1.11794 0.0737847 0.0748632
1 15.6857 1.11946 0.0444474 0.0838235
1 16.802 1.12007 0.0189522 0.0887539
1 17.9205 1.12026 0.005359 0.0907879
1 19.04 1.12033 0.00109898 0.0916612
1 20.16 1.12034 0.000236721 0.0914593
1 21.2801 1.12032 -0.000323093 0.0914887
1 22.4002 1.12027 -2.60763e-05 0.0917753
1 23.5202 1.12021 0.000347031 0.0914622
1 24.6401 1.1202 -0.000601257 0.0914538
1 25.7599 1.12021 -0.00274686 0.091357
1 26.879 1.12011 -0.0102303 0.0902092
1 27.9966 1.11972 -0.0300685 0.086933
1 29.1112 1.11873 -0.0597666 0.0798258
1 30.2223 1.11667 -0.0829957 0.0693974
1 31.3318 1.11328 -0.0883827 0.0593434
1 32.4413 1.10888 -0.0893966 0.0534406
1 33.551 1.104 -0.0848154 0.0524814
1 34.6619 1.09876 -0.0759326 0.0505952
1 35.7738 1.09278 -0.0757388 0.0469832
1 36.8859 1.08679 -0.0673501 0.051518
1 37.9995 1.08385 -0.0626448 0.0711335
1 39.1128 1.08598 -0.0720715 0.0882872
1 40.2261 1.08949 -0.0697799 0.0795435
1 41.3394 1.09109 -0.0745215 0.0741216
1 42.4518 1.09467 -0.0743501 0.083977
1 43.5656 1.10244 -0.076914 0.0726324
1 0.678505 2.06275 0.0737996 0.0807941
1 1.79198 2.05731 0.0738753 0.0789591
1 2.90365 2.05413 0.0736014 0.0743785
1 4.01592 2.05243 0.0680275 0.0757271
1 5.12856 2.04999 0.0715371 0.0842604
1 6.24067 2.04824 0.0680239 0.0731355
1 7.35307 2.05076 0.0707343 0.0538524
1 8.46429 2.05616 0.079258 0.0486071
1 9.5752 2.06195 0.0796708 0.0503059
1 10.6859 2.06747 0.0844835 0.0517868
1 11.796 2.07235 0.0815845 0.0586896
1 12.9066 2.076 0.0771701 0.0687415
1 14.0174 2.07845 0.075726 0.0773129
1 15.129 2.07993 0.0579029 0.0840107
1 16.2436 2.08067 0.0311974 0.0886593
1 17.3611 2.08095 0.0118128 0.0912289
1 18.4802 2.081 0.00281124 0.0921305
1 19.6 2.08102 0.000551999 0.0922289
1 20.72 2.08103 -7.01836e-06 0.0921349
1 21.8401 2.08099 -0.000195732 0.0920693
1 22.9602 2.08094 5.01024e-05 0.0920694
1 24.0801 2.08093 -0.000340229 0.0921413
1 25.2 2.08091 -0.0016988 0.0921453
1 26.3195 2.08088 -0.00601287 0.0919348
1 27.438 2.08074 -0.0198825 0.0903651
1 28.5541 2.08026 -0.0441116 0.0865323
1 29.6671 2.07921 -0.0683346 0.0808846
1 30.7781 2.07735 -0.0771977 0.0733658
1 31.8888 2.07443 -0.0797132 0.0638935
1 32.9989 2.07025 -0.0860677 0.0545419
1 34.109 2.06499 -0.0793189 0.0498604
1 35.2204 2.05914 -0.0740795 0.0483686
1 36.3316 2.05297 -0.0802989 0.0489272
1 37.4427 2.0483 -0.0752027 0.0623849
1 38.5548 2.04786 -0.0694987 0.0779808
1 39.6674 2.05025 -0.0666951 0.0823307
1 40.7801 2.05299 -0.0667262 0.0824889
1 41.8923 2.05603 -0.0673101 0.0783304
1 43.0043 2.06038 -0.0714827 0.0778524
1 44.1251 2.0646 -0.0712271 0.0740273
1 0.116836 3.02438 0.0708558 0.0813173
1 1.23766 3.02188 0.0711358 0.0804945
1 2.34979 3.0185 0.071152 0.0762839
1 3.4612 3.01627 0.0683959 0.0762509
1 4.57394 3.01377 0.0624241 0.0825021
1 5.68599 3.01155 0.0760464 0.0769869
1 6.79704 3.01259 0.0779464 0.059013
1 7.90762 3.0169 0.082464 0.0501353
1 9.0178 3.02255 0.0793525 0.0485557
1 10.1287 3.02821 0.0759055 0.051864
1 11.2395 3.03289 0.075317 0.061433
1 12.3508 3.0362 0.0698477 0.0715909
1 13.4624 3.03843 0.0723109 0.0781897
1 14.5735 3.04 0.0689498 0.0829693
1 15.6862 3.04093 0.0458096 0.0877481
1 16.8022 3.04134 0.0207936 0.0910906
1 17.9205 3.04146 0.00646974 0.0924541
1 19.04 3.04149 0.00145188 0.0927398
1 20.16 3.04149 0.000380351 0.0927143
1 21.2801 3.04148 0.000224141 0.0926212
1 22.4002 3.04147 -2.01955e-06 0.0925445
1 23.5202 3.04143 -0.000137214 0.0925861
1 24.6401 3.0414 -0.000826353 0.0927084
1 25.7598 3.04138 -0.00314847 0.0926531
1 26.8788 3.04131 -0.0117336 0.0920571
1 27.9962 3.04107 -0.0322736 0.089755
1 29.1106 3.04045 -0.058739 0.0854032
1 30.2222 3.03924 -0.0724552 0.0803767
1 31.3334 3.03745 -0.0696994 0.0754187
1 32.445 3.03486 -0.0731771 0.0674391
1 33.5558 3.03098 -0.0785675 0.0565193
1 34.6665 3.02569 -0.0777034 0.0481037
1 35.777 3.01955 -0.0822474 0.0462537
1 36.8872 3.01389 -0.0744484 0.0527186
1 37.9985 3.01094 -0.0691119 0.0681588
1 39.1102 3.01165 -0.07068 0.0803833
1 40.2224 3.01445 -0.0669433 0.0807225
1 41.3345 3.01711 -0.0682518 0.0762769
1 42.4464 3.02027 -0.0673387 0.0809427
1 43.5606 3.02372 -0.0678071 0.0806965
1 0.680607 3.98432 0.0736137 0.0768475
1 1.79482 3.98223 0.0685785 0.0769972
1 2.90659 3.97976 0.0685894 0.0765222
1 4.0188 3.97729 0.0658216 0.0814279
1 5.13057 3.97483 0.0749874 0.0803623
1 6.24138 3.97458 0.0686568 0.0644299
1 7.35263 3.97806 0.0747503 0.051687
1 8.4621 3.98322 0.085342 0.0508816
1 9.57228 3.98844 0.0716254 0.0559132
1 10.684 3.99274 0.0675719 0.0642584
1 11.7957 3.99579 0.0658902 0.0728079
1 12.9077 3.99791 0.0677694 0.0778572
1 14.0189 3.99955 0.0748862 0.0810661
1 15.1302 4.00068 0.0628563 0.0854842
1 16.2442 4.00126 0.0355398 0.0895009
1 17.3613 4.00146 0.0137394 0.0915093
1 18.4802 4.00149 0.00343889 0.0919402
1 19.6001 4.00151 0.000930027 0.0919511
1 20.72 4.00153 0.000380381 0.0919574
1 21.8401 4.00151 -3.56408e-05 0.0919386
1 22.9602 4.00149 -0.000148872 0.0919127
1 24.0801 4.00147 -0.000741562 0.0919793
1 25.2 4.00143 -0.00231947 0.0919479
1 26.3195 4.00138 -0.00732038 0.0917993
1 27.4377 4.00128 -0.0230861 0.0907403
1 28.5533 4.00094 -0.0489485 0.0876056
1 29.6657 4.00012 -0.0707846 0.0830242
1 30.7767 3.99878 -0.0717114 0.0792016
1 31.8883 3.99699 -0.0664438 0.0761557
1 33.0001 3.99457 -0.0692872 0.0699378
1 34.1117 3.99102 -0.0671847 0.0601684
1 35.2233 3.98605 -0.072707 0.0506064
1 36.3332 3.98025 -0.0863505 0.0476814
1 37.4425 3.97547 -0.0834035 0.0579582
1 38.5527 3.97376 -0.0750959 0.0713763
1 39.6644 3.97517 -0.0616106 0.0812568
1 40.7768 3.97821 -0.0630354 0.0813422
1 41.8886 3.981 -0.0657916 0.0744835
1 43.0009 3.98338 -0.0685058 0.0747017
1 44.1214 3.98582 -0.0646825 0.085714
1 0.119701 4.9467 0.0626057 0.0729241
1 1.2395 4.94579 0.0675014 0.0725609
1 2.35194 4.94382 0.0652683 0.0741273
1 3.46383 4.94099 0.0628708 0.0799544
1 4.57647 4.9382 0.0606119 0.0773156
1 5.6878 4.93754 0.0757678 0.0654853
1 6.79768 4.94004 0.0834256 0.0528815
1 7.90684 4.94447 0.0847281 0.0526902
1 9.01701 4.94894 0.0653869 0.0572162
1 10.1294 4.95279 0.0582903 0.0636196
1 11.2415 4.95569 0.0659151 0.0704911
1 12.3531 4.9578 0.0666205 0.0746924
1 13.4647 4.95948 0.0737258 0.077391
1 14.5752 4.96078 0.0749865 0.0814537
1 15.6871 4.96152 0.0518755 0.0859982
1 16.8025 4.96181 0.0240101 0.0888278
1 17.9206 4.96189 0.00727683 0.0897376
1 19.04 4.96192 0.00190564 0.089636
1 20.16 4.96193 0.000788957 0.0898392
1 21.2801 4.96193 0.000143538 0.0898736
1 22.4002 4.96192 -6.47428e-05 0.0897207
1 23.5202 4.9619 -8.76235e-05 0.0899328
1 24.6402 4.96187 -0.0014131 0.0898162
1 25.7599 4.96183 -0.00382356 0.0895999
1 26.8787 4.96177 -0.013176 0.0893047
1 27.9956 4.96161 -0.0365337 0.0876098
1 29.1093 4.96115 -0.0653133 0.0836641
1 30.2201 4.96016 -0.0766924 0.0791059
1 31.3311 4.95868 -0.0684426 0.0760469
1 32.443 4.95684 -0.0664889 0.0733572
1 33.5547 4.95447 -0.0654582 0.0685588
1 34.6667 4.95121 -0.0629237 0.0609326
1 35.778 4.94687 -0.0750281 0.0524312
1 36.8876 4.94188 -0.0746937 0.0487433
1 37.9978 4.93793 -0.0753667 0.0573165
1 39.1079 4.93696 -0.0789408 0.0741009
1 40.2192 4.93926 -0.0674936 0.080557
1 41.3314 4.9424 -0.0713088 0.0756734
1 42.4432 4.94477 -0.0723544 0.0725712
1 43.557 4.94645 -0.0755 0.074893
1 0.683126 5.90903 0.0711057 0.0718361
1 1.79715 5.9073 0.0698175 0.0779927
1 2.9093 5.90465 0.0653166 0.0857322
1 4.02195 5.9015 0.063321 0.0852329
1 5.13304 5.90036 0.0773343 0.0724785
1 6.24263 5.90213 0.0711285 0.0631454
1 7.35329 5.90572 0.067447 0.0620929
1 8.46362 5.90948 0.067515 0.0660662
1 9.57523 5.91286 0.0578118 0.0704257
1 10.6875 5.91561 0.0645 0.075537
1 11.799 5.91773 0.0677593 0.0796123
1 12.9105 5.91943 0.0710093 0.0822947
1 14.021 5.92077 0.0812145 0.0857584
1 15.1314 5.92162 0.0699424 0.0905225
1 16.2446 5.922 0.0396458 0.0938521
1 17.3614 5.9221 0.0152331 0.0950719
1 18.4802 5.92215 0.00389661 0.0953367
1 19.6 5.92216 0.00100919 0.0954748
1 20.72 5.92215 0.000328069 0.0954285
1 21.8401 5.92215 -5.86005e-05 0.0955004
1 22.9602 5.92214 -0.00010547 0.0954308
1 24.0802 5.92212 -0.00064868 0.0954555
1 25.2 5.9221 -0.00240251 0.0954354
1 26.3194 5.92207 -0.00792721 0.0952108
1 27.4374 5.922 -0.0255999 0.0944645
1 28.5525 5.92179 -0.0548594 0.0922693
1 29.664 5.92121 -0.0784248 0.0880344
1 30.7742 5.92011 -0.0764371 0.0837421
1 31.8854 5.91859 -0.0681292 0.0810978
1 32.9969 5.91672 -0.0679051 0.0783485
1 34.1087 5.91439 -0.059122 0.0742433
1 35.2212 5.91139 -0.0589233 0.0686752
1 36.3322 5.90766 -0.0745151 0.0625619
1 37.4418 5.90365 -0.0793458 0.0605026
1 38.5512 5.90057 -0.07778 0.0660391
1 39.6617 5.90022 -0.0626848 0.0796061
1 40.7741 5.90277 -0.0616955 0.089487
1 41.8863 5.90622 -0.0642366 0.0828787
1 42.9985 5.90838 -0.0676153 0.0763659
1 44.1176 5.90899 -0.0636957 0.0662316
1 0.124907 6.87411 0.0622077 0.0657718
1 1.24348 6.87123 0.0620107 0.0704724
1 2.3559 6.86802 0.0553135 0.0814203
1 3.46829 6.86452 0.0570038 0.0810134
1 4.58018 6.86299 0.0614764 0.0698742
1 5.69049 6.86422 0.0730806 0.0623622
1 6.80026 6.86684 0.0735575 0.0608524
1 7.91035 6.87003 0.0709057 0.0620666
1 9.02145 6.87305 0.058445 0.0653283
1 10.1339 6.87566 0.0600975 0.0694633
1 11.2452 6.87776 0.0706387 0.0729591
1 12.3562 6.87945 0.0713145 0.0756004
1 13.4671 6.88079 0.0803712 0.0786955
1 14.5767 6.88171 0.0831016 0.0829472
1 15.6877 6.88216 0.0574112 0.0865409
1 16.8027 6.88231 0.0263286 0.0881672
1 17.9206 6.88236 0.00773652 0.0886491
1 19.04 6.88237 0.00190646 0.088728
1 20.1599 6.88237 0.000729754 0.0886868
1 21.2801 6.88237 4.12783e-06 0.0886667
1 22.4002 6.88236 -3.00072e-05 0.0886888
1 23.5202 6.88235 0.000120035 0.0887029
1 24.6402 6.88233 -0.00139091 0.0886918
1 25.7599 6.88232 -0.00397211 0.0886887
1 26.8786 6.8823 -0.0143937 0.0883901
1 27.9953 6.88222 -0.040628 0.0873857
1 29.1083 6.88194 -0.0728074 0.0847113
1 30.2182 6.88125 -0.0844557 0.0806293
1 31.3283 6.8801 -0.0735877 0.0769762
1 32.4396 6.87857 -0.0702218 0.0743017
1 33.5507 6.87669 -0.0675817 0.0717113
1 34.6625 6.87439 -0.0605299 0.0686811
1 35.7741 6.87164 -0.0655708 0.0647617
1 36.8848 6.86847 -0.0615819 0.0608357
1 37.9958 6.86525 -0.0674129 0.0589961
1 39.1054 6.86298 -0.0791164 0.0651881
1 40.216 6.86304 -0.0647478 0.0765141
1 41.3287 6.86594 -0.062576 0.084286
1 42.4417 6.86959 -0.0683424 0.0794332
1 43.5561 6.8723 -0.0746976 0.0678098
1 0.687017 7.8359 0.0690765 0.0783172
1 1.80175 7.83179 0.060484 0.0867084
1 2.91474 7.82783 0.0593283 0.0846303
1 4.02692 7.82592 0.0630858 0.0756744
1 5.13715 7.82644 0.0750923 0.0663159
1 6.24677 7.82864 0.0644694 0.0631679
1 7.35796 7.83134 0.0609285 0.0636155
1 8.46867 7.83404 0.0663916 0.0667303
1 9.57997 7.83642 0.0625811 0.0703277
1 10.6915 7.83846 0.0703339 0.0734771
1 11.8023 7.84013 0.0731208 0.0766314
1 12.913 7.84142 0.0777663 0.0802388
1 14.0227 7.84231 0.089839 0.0844673
1 15.1321 7.84279 0.0766201 0.0884394
1 16.2448 7.84295 0.0425498 0.0906258
1 17.3614 7.84299 0.0159834 0.0913693
1 18.4802 7.84301 0.00388698 0.0914348
1 19.6 7.84301 0.000938577 0.0914213
1 20.72 7.843 0.000249592 0.0913619
1 21.8401 7.843 -0.000118671 0.0913667
1 22.9602 7.84299 -8.1432e-05 0.0913554
1 24.0802 7.84298 -0.000651817 0.0914062
1 25.2 7.84297 -0.00235964 0.0913661
1 26.3194 7.84297 -0.00819966 0.0913139
1 27.4373 7.84295 -0.0272938 0.0909791
1 28.5521 7.84286 -0.0596537 0.0896262
1 29.6629 7.84255 -0.0864419 0.0864016
1 30.7721 7.84184 -0.0842925 0.0821219
1 31.8824 7.84073 -0.0739718 0.0782573
1 32.9932 7.83923 -0.0727289 0.0749522
1 34.1044 7.83737 -0.0633519 0.0720716
1 35.2164 7.83514 -0.0605044 0.0690542
1 36.3274 7.83257 -0.0699547 0.0660918
1 37.4376 7.82985 -0.0701094 0.064765
1 38.5477 7.82731 -0.0712115 0.0647616
1 39.6579 7.82565 -0.0629742 0.0686829
1 40.7692 7.8261 -0.0613999 0.081275
1 41.8817 7.82925 -0.0548272 0.0901112
1 42.995 7.83361 -0.0608742 0.0850309
1 44.1141 7.83762 -0.0706466 0.076035
1 0.128196 8.79952 0.0773249 0.0908333
1 1.24874 8.79473 0.0612899 0.100273
1 2.36229 8.79009 0.0565547 0.097337
1 3.4741 8.78783 0.063669 0.0839342
1 4.58509 8.7882 0.06438 0.0738821
1 5.69519 8.79003 0.0712184 0.0707205
1 6.80523 8.79229 0.0717656 0.0712185
1 7.91541 8.79468 0.0720808 0.0721803
1 9.02616 8.79692 0.0631229 0.0751603
1 10.1379 8.79884 0.0654847 0.0783792
1 11.2486 8.80043 0.0762563 0.0817067
1 12.3588 8.80164 0.0782895 0.085655
1 13.4688 8.80244 0.0887099 0.0897723
1 14.5775 8.80286 0.0902927 0.0934252
1 15.6879 8.803 0.0608938 0.0954757
1 16.8027 8.80301 0.0271559 0.0960387
1 17.9206 8.80301 0.00781903 0.0961256
1 19.04 8.80301 0.00189489 0.0961141
1 20.1599 8.80302 0.00061041 0.0960263
1 21.2801 8.80301 -3.72527e-06 0.0959904
1 22.4002 8.80301 -9.78067e-05 0.0960099
1 23.5202 8.803 0.000152558 0.0959855
1 24.6402 8.80299 -0.00123084 0.0959768
1 25.7599 8.80299 -0.00398863 0.0960667
1 26.8786 8.80299 -0.0148636 0.096061
1 27.9952 8.80299 -0.0426326 0.0957592
1 29.1077 8.80292 -0.0782334 0.0944927
1 30.2169 8.80263 -0.092552 0.0914984
1 31.3261 8.802 -0.0812913 0.0874581
1 32.4365 8.80097 -0.0763397 0.0833465
1 33.547 8.79953 -0.0724265 0.0797632
1 34.6581 8.79774 -0.0651248 0.0770534
1 35.7692 8.79565 -0.0687695 0.0743468
1 36.8797 8.79331 -0.0610044 0.0719938
1 37.9909 8.79085 -0.063553 0.0705267
1 39.1007 8.78864 -0.0754917 0.0727551
1 40.2109 8.78743 -0.0649932 0.080096
1 41.3225 8.78825 -0.0605139 0.0901686
1 42.4354 8.79174 -0.0561963 0.100114
1 43.5509 8.79711 -0.0609727 0.0962415
1 0.693222 9.75728 0.0583799 0.104509
1 1.80879 9.75213 0.0586707 0.0960292
1 2.92105 9.74976 0.0650643 0.0806268
1 4.03214 9.74994 0.0674514 0.0708747
1 5.142 9.75148 0.0760068 0.0660909
1 6.25171 9.75361 0.0646219 0.0650659
1 7.36289 9.75579 0.0636173 0.0664186
1 8.47325 9.75787 0.0715702 0.0689063
1 9.58394 9.75966 0.0682919 0.0720345
1 10.6948 9.76116 0.076243 0.0754315
1 11.8048 9.76228 0.0804357 0.0797406
1 12.9148 9.76297 0.0859192 0.0840821
1 14.0236 9.76331 0.0970001 0.0874095
1 15.1324 9.76341 0.0805837 0.0892643
1 16.2449 9.76341 0.0436634 0.0898245
1 17.3614 9.7634 0.0160323 0.0898362
1 18.4802 9.76339 0.0037377 0.0897226
1 19.6 9.76339 0.000826913 0.0897034
1 20.72 9.7634 0.000199548 0.0896882
1 21.8401 9.76339 -0.000108324 0.0896333
1 22.9602 9.76339 -2.71568e-05 0.089598
1 24.0802 9.76338 -0.000576845 0.0896441
1 25.2 9.76338 -0.00223131 0.089643
1 26.3194 9.76338 -0.00815009 0.0897006
1 27.4373 9.76339 -0.0276954 0.0898207
1 28.5519 9.7634 -0.0620526 0.0896068
1 29.6623 9.76334 -0.0922896 0.0882898
1 30.7707 9.76311 -0.0922802 0.085543
1 31.8802 9.76258 -0.0818749 0.0816227
1 32.9902 9.76164 -0.0793276 0.0771915
1 34.1006 9.76028 -0.0684611 0.073395
1 35.2121 9.75857 -0.0649554 0.0702873
1 36.3226 9.75656 -0.0734888 0.0678507
1 37.4326 9.7544 -0.0724044 0.0668316
1 38.5426 9.75224 -0.0720302 0.0660974
1 39.6528 9.75023 -0.0645444 0.0673608
1 40.7635 9.74909 -0.0663939 0.0746905
1 41.8749 9.74994 -0.059785 0.0889906
1 42.9887 9.75377 -0.0588556 0.102769
1 44.1112 9.75941 -0.0726814 0.105743
1 0.131302 10.7183 0.0618498 0.111996
1 1.25478 10.7136 0.0589946 0.10082
1 2.36816 10.7115 0.0619987 0.0824122
1 3.47914 10.7119 0.0687758 0.0702219
1 4.58971 10.7135 0.0666195 0.0656823
1 5.69978 10.7155 0.0732433 0.0656069
1 6.80976 10.7175 0.074787 0.066723
1 7.91968 10.7194 0.0766121 0.0680417
1 9.02996 10.7211 0.0689458 0.0713
1 10.1411 10.7225 0.0722493 0.075585
1 11.2511 10.7234 0.0840966 0.0802483
1 12.3605 10.724 0.0863797 0.0848661
1 13.4697 10.7242 0.0956362 0.0883661
1 14.5778 10.7242 0.0944214 0.0903859
1 15.688 10.7242 0.0621097 0.0909998
1 16.8027 10.7241 0.0271818 0.0909257
1 17.9206 10.7241 0.00768829 0.0908402
1 19.04 10.7241 0.00177208 0.0907978
1 20.1599 10.7241 0.000489038 0.0907613
1 21.2801 10.7241 9.87523e-06 0.0907241
1 22.4002 10.7241 -5.12301e-05 0.0906962
1 23.5202 10.7241 0.000224143 0.090687
1 24.6402 10.7241 -0.00111014 0.0907002
1 25.7599 10.7241 -0.00387283 0.0908065
1 26.8786 10.7241 -0.0148457 0.0908839
1 27.9952 10.7241 -0.0432008 0.0909228
1 29.1076 10.7242 -0.0809566 0.090654
1 30.2163 10.7242 -0.0984264 0.0892716
1 31.3248 10.7241 -0.0890423 0.0863648
1 32.4344 10.7237 -0.0843338 0.0821474
1 33.5441 10.7228 -0.0794705 0.0774666
1 34.6545 10.7216 -0.0711359 0.0733611
1 35.765 10.72 -0.0739492 0.0697599
1 36.8751 10.7182 -0.0649826 0.0670811
1 37.9861 10.7161 -0.066286 0.0652278
1 39.0959 10.714 -0.0776643 0.065412
1 40.2057 10.7122 -0.0693981 0.0687072
1 41.3164 10.711 -0.0691898 0.0757719
1 42.4279 10.7117 -0.0628096 0.0923011
1 43.5428 10.7154 -0.0574206 0.112273
1 0.700913 11.6741 0.0616645 0.10834
1 1.81509 11.6726 0.0674256 0.0866786
1 2.92601 11.6733 0.0709411 0.0742389
1 4.03654 11.675 0.0701233 0.0701243
1 5.1463 11.677 0.0777414 0.0682318
1 6.25593 11.679 0.0672243 0.0689736
1 7.36688 11.6808 0.0681464 0.0720294
1 8.47678 11.6823 0.0780447 0.0756615
1 9.58687 11.6835 0.075787 0.0801072
1 10.6971 11.6843 0.0843306 0.0847608
1 11.8064 11.6847 0.0883432 0.0891814
1 12.9156 11.6848 0.092436 0.0925848
1 14.0239 11.6847 0.101216 0.0944355
1 15.1324 11.6845 0.0821184 0.0948552
1 16.2448 11.6844 0.0437614 0.094595
1 17.3614 11.6844 0.0158512 0.0942814
1 18.4802 11.6843 0.00360812 0.0941271
1 19.6 11.6843 0.000771096 0.0940922
1 20.72 11.6843 0.000158483 0.0940375
1 21.8401 11.6844 -0.000134288 0.0940351
1 22.9602 11.6844 -1.05116e-05 0.0940186
1 24.0802 11.6844 -0.000544637 0.0940493
1 25.2 11.6844 -0.00215653 0.0941017
1 26.3194 11.6844 -0.00800518 0.0941605
1 27.4374 11.6844 -0.0275694 0.0943763
1 28.552 11.6844 -0.0627887 0.0946903
1 29.6621 11.6846 -0.0953565 0.0945897
1 30.7701 11.6847 -0.0979978 0.0933706
1 31.879 11.6847 -0.0893115 0.0906282
1 32.9882 11.6844 -0.0875205 0.0866145
1 34.0979 11.6838 -0.0760014 0.0820441
1 35.2088 11.6827 -0.0712454 0.0772811
1 36.3187 11.6812 -0.0785186 0.0732067
1 37.4284 11.6795 -0.0764789 0.0709413
1 38.5382 11.6777 -0.0750208 0.0692171
1 39.6482 11.6756 -0.0668443 0.0684237
1 40.7586 11.6737 -0.0697784 0.0706655
1 41.8692 11.6723 -0.063987 0.0790244
1 42.9818 11.6725 -0.0568028 0.0954661
1 44.1046 11.6755 -0.0459459 0.113339
1 0.140593 12.6346 0.0390924 0.103724
1 1.26174 12.6335 0.0587083 0.0824754
1 2.37339 12.6347 0.0649087 0.0712277
1 3.48352 12.6366 0.0706172 0.067087
1 4.59383 12.6386 0.0689087 0.0674201
1 5.70368 12.6405 0.0780066 0.0697836
1 6.81332 12.6421 0.0811209 0.0732049
1 7.9228 12.6434 0.0838731 0.0773119
1 9.03254 12.6444 0.077031 0.0820623
1 10.143 12.645 0.0808311 0.0869205
1 11.2523 12.6453 0.0919678 0.090961
1 12.3612 12.6453 0.0923787 0.0940003
1 13.47 12.6451 0.0996425 0.0958365
1 14.5779 12.6448 0.0961623 0.0963921
1 15.6879 12.6446 0.0622089 0.0960172
1 16.8027 12.6445 0.0269349 0.095524
1 17.9206 12.6445 0.00755901 0.0952905
1 19.04 12.6445 0.00170715 0.0952187
1 20.1599 12.6445 0.000400666 0.0951811
1 21.2801 12.6445 2.65106e-05 0.0951602
1 22.4002 12.6445 -4.72167e-05 0.0951531
1 23.5202 12.6445 0.000241637 0.0951413
1 24.6402 12.6445 -0.0010597 0.0951497
1 25.7598 12.6445 -0.00380398 0.0952237
1 26.8786 12.6445 -0.0147527 0.0953272
1 27.9952 12.6446 -0.0431443 0.0956568
1 29.1076 12.6447 -0.0818651 0.0961505
1 30.2161 12.645 -0.101507 0.0961131
1 31.3243 12.6452 -0.094248 0.0947926
1 32.4333 12.6453 -0.0913161 0.0922135
1 33.5424 12.6451 -0.087703 0.0885558
1 34.6522 12.6446 -0.0796789 0.0841194
1 35.7621 12.6437 -0.0821839 0.0792714
1 36.8716 12.6425 -0.071425 0.0746745
1 37.9823 12.641 -0.0703367 0.0705434
1 39.0919 12.6392 -0.0803346 0.0680061
1 40.2016 12.6372 -0.0712983 0.0671377
1 41.3119 12.6352 -0.0721158 0.0682786
1 42.4224 12.6334 -0.0696872 0.075224
1 43.5359 12.6327 -0.0660677 0.0925989
1 0.707018 13.5942 0.069608 0.0746231
1 1.8199 13.5961 0.0718221 0.0676026
1 2.93011 13.5982 0.0737522 0.0676843
1 4.04029 13.6002 0.0733093 0.0707159
1 5.14977 13.6018 0.0827094 0.0744071
1 6.25904 13.6032 0.0743578 0.079098
1 7.36951 13.6043 0.0772152 0.0846934
1 8.47882 13.6049 0.0877253 0.0896257
1 9.58834 13.6054 0.084728 0.0939214
1 10.698 13.6055 0.0919812 0.097463
1 11.8069 13.6054 0.0939226 0.0998265
1 12.9158 13.6051 0.0960847 0.101262
1 14.0239 13.6048 0.103096 0.101797
1 15.1323 13.6044 0.0823558 0.101287
1 16.2448 13.6043 0.0434674 0.100441
1 17.3613 13.6042 0.0156113 0.0999102
1 18.4802 13.6042 0.00345553 0.099737
1 19.6 13.6042 0.000751072 0.0997267
1 20.72 13.6042 0.000146808 0.0996842
1 21.8401 13.6042 -0.000154897 0.0996986
1 22.9602 13.6042 2.39704e-05 0.099663
1 24.0802 13.6042 -0.000559177 0.0996495
1 25.2 13.6042 -0.00213673 0.0996755
1 26.3194 13.6042 -0.00782618 0.0997545
1 27.4374 13.6042 -0.0272333 0.100074
1 28.552 13.6043 -0.0626606 0.100813
1 29.6622 13.6046 -0.0964373 0.101574
1 30.77 13.6049 -0.100965 0.101533
1 31.8786 13.6052 -0.0940844 0.100423
1 32.9875 13.6054 -0.0944767 0.0984593
1 34.0966 13.6054 -0.084555 0.0953679
1 35.2069 13.6051 -0.0802111 0.0911216
1 36.3163 13.6044 -0.0872444 0.0862296
1 37.4255 13.6035 -0.0843787 0.0813669
1 38.5349 13.6022 -0.0816793 0.0765648
1 39.6445 13.6007 -0.0716888 0.0720367
1 40.7545 13.5989 -0.073578 0.0683206
1 41.8643 13.5968 -0.0680861 0.066899
1 42.9751 13.5948 -0.0622603 0.0692349
1 44.0937 13.5939 -0.0431761 0.0812232
1 0.150744 14.5569 0.0573223 0.0543913
1 1.26763 14.5584 0.0700281 0.0549974
1 2.37766 14.5603 0.0725956 0.0601829
1 3.48702 14.5619 0.0776472 0.0658029
1 4.59681 14.5632 0.0767168 0.0718605
1 5.70615 14.5642 0.0871759 0.0778517
1 6.81523 14.5649 0.090424 0.082514
1 7.9242 14.5653 0.0925601 0.08671
1 9.03347 14.5655 0.0847852 0.0898838
1 10.1435 14.5655 0.0875679 0.092209
1 11.2525 14.5653 0.0968711 0.0933469
1 12.3612 14.565 0.0953883 0.0935325
1 13.4699 14.5647 0.101457 0.0932881
1 14.5777 14.5644 0.0966375 0.0923319
1 15.6878 14.5641 0.061867 0.0908509
1 16.8026 14.564 0.0266514 0.0897585
1 17.9206 14.564 0.00750539 0.0892931
1 19.04 14.564 0.00173975 0.0891561
1 20.1599 14.5639 0.000379985 0.0891272
1 21.2801 14.5639 1.38416e-05 0.0891173
1 22.4002 14.564 -0.000117419 0.0891165
1 23.5202 14.564 0.000177872 0.0891259
1 24.6402 14.564 -0.00107909 0.0891377
1 25.7598 14.564 -0.00378533 0.0892192
1 26.8786 14.564 -0.0146295 0.0894661
1 27.9953 14.5641 -0.0428166 0.0902216
1 29.1077 14.5643 -0.081831 0.0916048
1 30.2163 14.5646 -0.102709 0.0929167
1 31.3243 14.5649 -0.0968068 0.0934098
1 32.4332 14.5652 -0.0953166 0.0933344
1 33.542 14.5654 -0.093659 0.0925405
1 34.6514 14.5654 -0.0873402 0.0906366
1 35.7608 14.5653 -0.0914019 0.087926
1 36.8698 14.565 -0.0808942 0.0840745
1 37.9799 14.5644 -0.0786566 0.0789792
1 39.0891 14.5635 -0.0879658 0.0735473
1 40.1983 14.5623 -0.0779969 0.067998
1 41.3082 14.5608 -0.0777818 0.061899
1 42.4182 14.559 -0.0758809 0.0559203
1 43.5307 14.5571 -0.0755357 0.0513787
1 0.710943 15.5229 0.0826346 0.0293023
1 1.82322 15.5242 0.081946 0.0366486
1 2.93294 15.5252 0.0831399 0.0436368
1 4.04261 15.5261 0.0829152 0.0494959
1 5.15158 15.5267 0.0916695 0.0542113
1 6.2604 15.5271 0.0822315 0.0578025
1 7.37042 15.5273 0.0848306 0.0605845
1 8.47929 15.5273 0.0941428 0.0620866
1 9.58846 15.5273 0.0890987 0.0626744
1 10.6979 15.5272 0.0946008 0.0627266
1 11.8067 15.527 0.095242 0.0620424
1 12.9156 15.5268 0.0966578 0.0610876
1 14.0236 15.5265 0.103026 0.0599176
1 15.1322 15.5263 0.0817176 0.0583106
1 16.2447 15.5262 0.0428975 0.0569106
1 17.3613 15.5262 0.0153466 0.0561879
1 18.4802 15.5261 0.003398 0.0559355
1 19.6 15.5261 0.00076679 0.0558647
1 20.72 15.5261 0.000149602 0.0558408
1 21.8401 15.5261 -0.000181194 0.0558483
1 22.9602 15.5261 -1.17754e-05 0.0558701
1 24.0802 15.5261 -0.000580325 0.0558953
1 25.2 15.5262 -0.00210035 0.0559355
1 26.3195 15.5262 -0.00764928 0.0560778
1 27.4375 15.5262 -0.0267408 0.0565083
1 28.5521 15.5263 -0.0619597 0.0575708
1 29.6624 15.5264 -0.0960655 0.0591612
1 30.7703 15.5267 -0.101327 0.0605751
1 31.8788 15.5269 -0.0951501 0.0615343
1 32.9876 15.5271 -0.0968738 0.0623062
1 34.0965 15.5272 -0.0884164 0.0625129
1 35.2065 15.5273 -0.0852251 0.0620743
1 36.3156 15.5273 -0.0938425 0.0609109
1 37.4244 15.5271 -0.092925 0.0586084
1 38.5332 15.5268 -0.0914596 0.0552689
1 39.6423 15.5263 -0.0814343 0.0511213
1 40.7519 15.5255 -0.0836804 0.045577
1 41.861 15.5246 -0.0800024 0.0393168
1 42.9706 15.5235 -0.0787824 0.0323163
1 44.0864 15.5225 -0.0741481 0.0272499
1 0.154791 16.4905 0.0842659 0.0112757
1 1.27022 16.491 0.0853805 0.0160982
1 2.37968 16.4915 0.084052 0.0208818
1 3.48861 16.4919 0.0874541 0.0246257
1 4.59799 16.4921 0.0853066 0.0275071
1 5.70692 16.4923 0.0942026 0.0296971
1 6.81565 16.4924 0.0952862 0.0308193
1 7.92437 16.4924 0.0955102 0.0316032
1 9.03345 16.4924 0.0864383 0.031577
1 10.1434 16.4923 0.0882957 0.0312603
1 11.2523 16.4922 0.0965773 0.0306627
1 12.361 16.4921 0.0945926 0.0298516
1 13.4696 16.492 0.100589 0.0290446
1 14.5775 16.4919 0.0955703 0.0280812
1 15.6877 16.4918 0.0609669 0.0270772
1 16.8026 16.4918 0.0262179 0.0264352
1 17.9206 16.4918 0.00739025 0.0261657
1 19.04 16.4918 0.00171813 0.0260725
1 20.1599 16.4918 0.000365117 0.0260475
1 21.2801 16.4918 2.39147e-05 0.0260444
1 22.4002 16.4918 -0.000114074 0.0260565
1 23.5202 16.4918 0.000172896 0.0260797
1 24.6402 16.4918 -0.00105428 0.0260981
1 25.7599 16.4918 -0.00372498 0.0261474
1 26.8787 16.4918 -0.0144069 0.0262983
1 27.9953 16.4918 -0.0421677 0.0267312
1 29.1079 16.4919 -0.0807746 0.0275764
1 30.2165 16.492 -0.101728 0.0286061
1 31.3245 16.4921 -0.0960783 0.0294528
1 32.4335 16.4922 -0.0948251 0.0302348
1 33.5421 16.4923 -0.093964 0.0309193
1 34.6515 16.4923 -0.0887404 0.0312629
1 35.7607 16.4924 -0.094312 0.0313921
1 36.8694 16.4924 -0.0856487 0.0310335
1 37.9792 16.4923 -0.0846333 0.0299804
1 39.0881 16.4922 -0.0953041 0.0281271
1 40.1969 16.492 -0.0868685 0.0255368
1 41.3065 16.4916 -0.0882043 0.0221937
1 42.416 16.4912 -0.0876536 0.0177101
1 43.5282 16.4906 -0.0887948 0.0125487
1 0.712129 17.4597 0.0917608 0.00433558
1 1.82426 17.4599 0.0900728 0.00695904
1 2.93376 17.46 0.0899052 0.00927758
1 4.04321 17.4601 0.0882534 0.0110465
1 5.15197 17.4602 0.0953613 0.0117972
1 6.26063 17.4602 0.084708 0.0121798
1 7.37051 17.4602 0.0865446 0.0124859
1 8.47924 17.4602 0.0947273 0.0123466
1 9.58834 17.4601 0.0887371 0.0120228
1 10.6978 17.4601 0.093688 0.0116959
1 11.8065 17.4601 0.0941322 0.0112467
1 12.9154 17.46 0.0955808 0.0107794
1 14.0235 17.46 0.101955 0.0103213
1 15.1321 17.46 0.0808104 0.00981099
1 16.2447 17.4599 0.0423804 0.00941295
1 17.3613 17.4599 0.0151368 0.00920396
1 18.4802 17.4599 0.00333723 0.00912823
1 19.6 17.4599 0.000768138 0.00910293
1 20.72 17.4599 0.000156671 0.00908775
1 21.8401 17.4599 -0.000178575 0.00910025
1 22.9602 17.4599 2.94422e-07 0.00911044
1 24.0802 17.4599 -0.000569662 0.00911809
1 25.2 17.4599 -0.00207081 0.00914114
1 26.3195 17.4599 -0.00753162 0.00917624
1 27.4375 17.4599 -0.0263835 0.00930161
1 28.5522 17.46 -0.0612444 0.00960141
1 29.6625 17.46 -0.0950695 0.0100716
1 30.7704 17.46 -0.100284 0.0105506
1 31.879 17.4601 -0.0940944 0.0109864
1 32.9877 17.4601 -0.0959945 0.0114763
1 34.0967 17.4601 -0.0880005 0.0118837
1 35.2066 17.4602 -0.0852449 0.0121383
1 36.3156 17.4602 -0.0946052 0.0122165
1 37.4242 17.4602 -0.0951609 0.0122255
1 38.5329 17.4602 -0.0953507 0.0119658
1 39.6418 17.4601 -0.086627 0.0113361
1 40.7511 17.46 -0.0901639 0.0100409
1 41.86 17.4599 -0.0879418 0.00800112
1 42.9694 17.4598 -0.0888727 0.00538822
1 44.0847 17.4595 -0.0900616 0.00289924
1 0.155436 18.4294 0.091608 0.000435408
1 1.27071 18.4294 0.0905222 0.00081223
1 2.38005 18.4295 0.0882317 0.00182794
1 3.48887 18.4296 0.0903237 0.0024702
1 4.59817 18.4296 0.0872868 0.00291147
1 5.70701 18.4296 0.0955973 0.00316233
1 6.81566 18.4296 0.0959467 0.00319231
1 7.92432 18.4296 0.0954064 0.00325635
1 9.03339 18.4296 0.0859508 0.00310483
1 10.1433 18.4295 0.0876982 0.00302649
1 11.2522 18.4295 0.0958705 0.00294312
1 12.3609 18.4295 0.0938608 0.0028212
1 13.4696 18.4295 0.0999011 0.0026885
1 14.5775 18.4295 0.0949806 0.00255197
1 15.6877 18.4295 0.0605765 0.00243064
1 16.8026 18.4295 0.0260349 0.00236643
1 17.9206 18.4295 0.00733155 0.00234185
1 19.04 18.4295 0.00169848 0.00233276
1 20.1599 18.4295 0.000349926 0.00232944
1 21.2801 18.4295 4.3827e-05 0.00232919
1 22.4002 18.4295 -0.000100246 0.00233158
1 23.5202 18.4295 0.000185684 0.00233
1 24.6402 18.4295 -0.00102951 0.00233145
1 25.7599 18.4295 -0.00368759 0.00233815
1 26.8787 18.4295 -0.0143235 0.00235453
1 27.9953 18.4295 -0.0419093 0.0023986
1 29.1079 18.4295 -0.080295 0.00248385
1 30.2165 18.4295 -0.101116 0.00261325
1 31.3246 18.4295 -0.095395 0.00272993
1 32.4335 18.4295 -0.0940608 0.0028629
1 33.5422 18.4295 -0.0932498 0.00301414
1 34.6515 18.4295 -0.088311 0.00313962
1 35.7607 18.4296 -0.0943443 0.00316083
1 36.8694 18.4296 -0.0860229 0.00309355
1 37.9792 18.4296 -0.0852895 0.00317296
1 39.0879 18.4296 -0.0968757 0.00308101
1 40.1967 18.4296 -0.0893457 0.00259774
1 41.3062 18.4295 -0.0910577 0.00220893
1 42.4157 18.4295 -0.0912937 0.00159435
1 43.5279 18.4294 -0.0936703 0.000828346
1 0.712269 19.3992 0.0938459 2.70243e-05
1 1.82436 19.3993 0.0916138 1.08587e-05
1 2.93383 19.3993 0.0911657 0.000188151
1 4.04326 19.3993 0.0891471 0.000456158
1 5.15198 19.3993 0.0960782 0.000504551
1 6.2606 19.3993 0.085122 0.000492006
1 7.37046 19.3993 0.0865039 0.000520982
1 8.4792 19.3993 0.0943999 0.000415071
1 9.58831 19.3993 0.0884322 0.000368035
1 10.6977 19.3993 0.093397 0.000377186
1 11.8065 19.3993 0.0937989 0.00036008
1 12.9154 19.3993 0.0952812 0.000318283
1 14.0235 19.3993 0.101691 0.00028042
1 15.1321 19.3993 0.080608 0.000245287
1 16.2446 19.3993 0.0422876 0.000225866
1 17.3613 19.3993 0.0151072 0.000223045
1 18.4802 19.3993 0.00331766 0.000215369
1 19.6 19.3993 0.000771624 0.000217659
1 20.72 19.3993 0.0001593 0.000220172
1 21.8401 19.3993 -0.00017865 0.000215537
1 22.9602 19.3993 1.45436e-05 0.00021377
1 24.0802 19.3993 -0.000572295 0.000219537
1 25.2 19.3993 -0.00206989 0.000220244
1 26.3195 19.3993 -0.0075062 0.000221444
1 27.4375 19.3993 -0.0263284 0.000228365
1 28.5522 19.3993 -0.0611104 0.000232065
1 29.6625 19.3993 -0.0948504 0.000253422
1 30.7704 19.3993 -0.100033 0.000287935
1 31.879 19.3993 -0.0937883 0.000324145
1 32.9877 19.3993 -0.095625 0.000368187
1 34.0967 19.3993 -0.08771 0.00041239
1 35.2066 19.3993 -0.0850823 0.00046255
1 36.3156 19.3993 -0.0945404 0.000450322
1 37.4242 19.3993 -0.0950663 0.000489025
1 38.5329 19.3993 -0.0954666 0.000391119
1 39.6418 19.3993 -0.0873654 0.00044153
1 40.7511 19.3993 -0.0912176 0.000276793
1 41.86 19.3993 -0.089137 0.000108756
1 42.9694 19.3993 -0.0904727 0.000327306
1 44.0846 19.3992 -0.0921275 0.000287662
1 0.155437 20.3691 0.0922702 0.000252439
1 1.27067 20.3691 0.0908175 0.000562974
1 2.38001 20.3692 0.0883738 0.000273529
1 3.48884 20.3692 0.0904867 8.26028e-05
1 4.59815 20.3692 0.0874611 0.000107327
1 5.70698 20.3692 0.0957964 0.000277143
1 6.81562 20.3691 0.0959567 8.66137e-05
1 7.92428 20.3691 0.0952331 4.98745e-05
1 9.03337 20.3691 0.0858122 -7.80272e-06
1 10.1433 20.3691 0.0876112 -1.4626e-05
1 11.2522 20.3691 0.0957643 -3.73207e-05
1 12.3609 20.3691 0.0937323 -5.63221e-05
1 13.4696 20.3692 0.0997807 -7.64114e-05
1 14.5775 20.3692 0.0949032 -0.000103916
1 15.6877 20.3692 0.0605458 -0.000120849
1 16.8026 20.3692 0.026031 -0.000138997
1 17.9206 20.3692 0.00733414 -0.000139738
1 19.04 20.3692 0.00169786 -0.000139977
1 20.1599 20.3692 0.000348086 -0.00014077
1 21.2801 20.3692 4.57439e-05 -0.0001432
1 22.4002 20.3692 -9.69411e-05 -0.000143476
1 23.5202 20.3692 0.000187307 -0.000140152
1 24.6402 20.3692 -0.00103166 -0.000138173
1 25.7599 20.3692 -0.00369047 -0.00013587
1 26.8787 20.3692 -0.0143224 -0.000135048
1 27.9953 20.3692 -0.0418963 -0.000134586
1 29.1079 20.3692 -0.0802489 -0.00011638
1 30.2165 20.3692 -0.101025 -0.000101121
1 31.3246 20.3691 -0.0952742 -6.30082e-05
1 32.4335 20.3691 -0.0939335 -3.25639e-05
1 33.5422 20.3691 -0.0931259 -2.05871e-05
1 34.6516 20.3691 -0.0882004 -2.99948e-06
1 35.7607 20.3691 -0.0943 4.0269e-05
1 36.8694 20.3691 -0.0860773 0.00010339
1 37.9792 20.3692 -0.0853345 0.000145563
1 39.088 20.3692 -0.0968097 5.38464e-05
1 40.1968 20.3692 -0.0893663 1.79062e-05
1 41.3062 20.3692 -0.0912977 7.98082e-05
1 42.4157 20.3691 -0.0916718 0.000172049
1 43.5279 20.3691 -0.0935889 0.000118776
1 0.71211 21.3391 0.0935681 0.000105676
1 1.82424 21.3391 0.0916492 3.04414e-05
1 2.93373 21.3392 0.0910825 5.37799e-05
1 4.04318 21.3392 0.0889995 0.000235724
1 5.15193 21.3392 0.0958274 0.000332669
1 6.26057 21.3392 0.0848947 0.000238681
1 7.37044 21.3392 0.0864609 0.000150814
1 8.47918 21.3392 0.0944125 0.000111472
1 9.58829 21.3392 0.0883736 9.73894e-05
1 10.6977 21.3392 0.0933111 6.28774e-05
1 11.8065 21.3392 0.0937263 4.23232e-05
1 12.9154 21.3392 0.0951854 2.9989e-05
1 14.0235 21.3392 0.101617 6.22885e-06
1 15.1321 21.3392 0.0805897 -2.13581e-05
1 16.2447 21.3392 0.0422887 -3.59262e-05
1 17.3613 21.3392 0.0151055 -2.94075e-05
1 18.4802 21.3392 0.003322 -2.94345e-05
1 19.6 21.3392 0.000770865 -2.99664e-05
1 20.72 21.3392 0.000158452 -2.4984e-05
1 21.8401 21.3392 -0.000178766 -3.31521e-05
1 22.9602 21.3392 1.2428e-05 -3.08965e-05
1 24.0802 21.3392 -0.000564977 -2.47934e-05
1 25.2 21.3392 -0.0020695 -3.11089e-05
1 26.3195 21.3392 -0.00751127 -2.82197e-05
1 27.4375 21.3392 -0.0263311 -3.09474e-05
1 28.5522 21.3392 -0.0611085 -3.46543e-05
1 29.6625 21.3392 -0.0948066 -1.53175e-05
1 30.7704 21.3392 -0.099928 2.35023e-05
1 31.879 21.3392 -0.0936813 5.76437e-05
1 32.9878 21.3392 -0.0955634 7.14803e-05
1 34.0967 21.3392 -0.0876397 7.65448e-05
1 35.2066 21.3392 -0.0849783 9.03851e-05
1 36.3157 21.3392 -0.0944897 0.000105181
1 37.4243 21.3392 -0.0952802 0.000256021
1 38.5329 21.3392 -0.095717 0.000151722
1 39.6418 21.3392 -0.0871736 0.000335176
1 40.7511 21.3392 -0.0909588 0.000177807
1 41.86 21.3392 -0.089238 -7.09442e-05
1 42.9694 21.3391 -0.0905671 -0.000368441
1 44.0846 21.3392 -0.0921592 -0.000114046
1 0.155316 22.3091 0.09198 -2.09957e-05
1 1.27057 22.3091 0.0909357 -0.000260143
1 2.37992 22.3091 0.0884809 -0.000134987
1 3.48876 22.3092 0.0906292 -0.000239543
1 4.59807 22.3092 0.0874778 -0.000248312
1 5.70693 22.3092 0.095472 5.7957e-05
1 6.8156 22.3092 0.0957967 3.37169e-05
1 7.92427 22.3092 0.0953286 0.000121832
1 9.03334 22.3092 0.0858601 0.000129165
1 10.1433 22.3092 0.087566 0.000177991
1 11.2522 22.3092 0.0957153 0.000235593
1 12.3609 22.3092 0.0937086 0.000289177
1 13.4696 22.3092 0.0997527 0.000342383
1 14.5775 22.3092 0.0948705 0.000401809
1 15.6877 22.3092 0.0605379 0.000446175
1 16.8026 22.3092 0.0260388 0.000477551
1 17.9206 22.3092 0.00733501 0.000494167
1 19.04 22.3092 0.00169603 0.000501412
1 20.1599 22.3092 0.000359518 0.000504431
1 21.2801 22.3092 3.78978e-05 0.000503581
1 22.4002 22.3092 -9.43585e-05 0.000499429
1 23.5202 22.3092 0.000186579 0.00049934
1 24.6402 22.3092 -0.00103924 0.000496069
1 25.7599 22.3092 -0.0036945 0.000493604
1 26.8787 22.3092 -0.014321 0.000486435
1 27.9953 22.3092 -0.0419004 0.000461412
1 29.1079 22.3092 -0.0802305 0.000423561
1 30.2165 22.3092 -0.100974 0.000373819
1 31.3246 22.3092 -0.0952231 0.000324983
1 32.4335 22.3092 -0.093895 0.000280993
1 33.5422 22.3092 -0.0931225 0.000226607
1 34.6516 22.3092 -0.0882015 0.000157633
1 35.7608 22.3092 -0.0942013 7.15115e-05
1 36.8694 22.3092 -0.0860154 3.28491e-05
1 37.9792 22.3092 -0.0854776 0.000111727
1 39.088 22.3092 -0.0969604 -7.9192e-06
1 40.1968 22.3092 -0.089427 -0.000240464
1 41.3062 22.3092 -0.0914998 -7.08949e-05
1 42.4158 22.3091 -0.0919034 -1.99905e-06
1 43.5278 22.3091 -0.0941963 0.000106872
1 0.712114 23.279 0.0940082 -0.000127421
1 1.82421 23.2789 0.0916701 -6.39947e-05
1 2.93371 23.2789 0.0910881 -5.79093e-05
1 4.04316 23.2789 0.0891332 -4.79521e-06
1 5.15191 23.279 0.0959382 -0.000197969
1 6.26056 23.279 0.0849674 -0.000129589
1 7.37042 23.279 0.0865534 -4.12087e-05
1 8.47916 23.2789 0.0944935 -0.000176329
1 9.58827 23.2789 0.0883904 -0.000268118
1 10.6977 23.2789 0.0933109 -0.000319609
1 11.8065 23.279 0.0937419 -0.000365812
1 12.9154 23.279 0.0951957 -0.000401944
1 14.0235 23.279 0.101598 -0.000451087
1 15.1321 23.279 0.0805752 -0.000485031
1 16.2447 23.279 0.0422892 -0.000493631
1 17.3613 23.279 0.01511 -0.00050967
1 18.4802 23.279 0.00332252 -0.000501719
1 19.6 23.279 0.000771177 -0.000504829
1 20.72 23.279 0.000162183 -0.0005192
1 21.8401 23.279 -0.000176643 -0.000506128
1 22.9602 23.279 7.70404e-06 -0.000503158
1 24.0802 23.279 -0.00057068 -0.000509933
1 25.2 23.279 -0.00207434 -0.00049878
1 26.3195 23.279 -0.00751465 -0.00050786
1 27.4375 23.279 -0.02634 -0.000509859
1 28.5522 23.279 -0.0611056 -0.000489316
1 29.6625 23.279 -0.0947801 -0.000462286
1 30.7704 23.279 -0.0999014 -0.000422032
1 31.879 23.279 -0.0936848 -0.000371843
1 32.9878 23.279 -0.0955872 -0.000329253
1 34.0967 23.279 -0.0876885 -0.000277591
1 35.2066 23.279 -0.0850403 -0.000223471
1 36.3157 23.279 -0.0944676 -0.00022005
1 37.4243 23.279 -0.0950612 -5.56808e-05
1 38.533 23.279 -0.0954626 -0.000133021
1 39.6419 23.279 -0.0871633 8.74559e-06
1 40.7512 23.2789 -0.0912128 3.0054e-05
1 41.8601 23.2789 -0.0893742 3.52663e-05
1 42.9695 23.279 -0.0905486 0.00019934
1 44.0847 23.2789 -0.0921445 7.30971e-05
1 0.155283 24.2489 0.0920592 7.00196e-05
1 1.27055 24.2489 0.0909662 0.000295783
1 2.3799 24.2489 0.0884559 6.56104e-05
1 3.48875 24.2489 0.0903601 -0.000182506
1 4.59808 24.2489 0.0873637 -0.000354507
1 5.70694 24.2489 0.0957026 -0.000223034
1 6.81559 24.2489 0.0960587 -0.000177691
1 7.92425 24.2489 0.0954051 -8.18879e-05
1 9.03333 24.2489 0.0858485 -0.000166753
1 10.1433 24.2489 0.0875457 -0.000178657
1 11.2522 24.2489 0.095705 -0.000170019
1 12.3609 24.2489 0.0936877 -0.000152229
1 13.4696 24.2489 0.0997019 -0.000148664
1 14.5775 24.2489 0.0948249 -0.000149251
1 15.6877 24.2489 0.0605109 -0.000132975
1 16.8026 24.2489 0.0260252 -0.000120863
1 17.9206 24.2489 0.00732481 -0.000114766
1 19.04 24.2489 0.00169572 -0.000107761
1 20.1599 24.2489 0.000359561 -0.000110264
1 21.2801 24.2489 4.4652e-05 -0.000110738
1 22.4002 24.2489 -9.61375e-05 -0.000107445
1 23.5202 24.2489 0.000188736 -0.000111236
1 24.6402 24.2489 -0.00103664 -0.000109442
1 25.7599 24.2489 -0.00368646 -0.000110142
1 26.8787 24.2489 -0.0143188 -0.000118358
1 27.9953 24.2489 -0.0418903 -0.000125194
1 29.1079 24.2489 -0.0801929 -0.000134972
1 30.2165 24.2489 -0.100918 -0.000144726
1 31.3246 24.2489 -0.0951767 -0.000148899
1 32.4336 24.2489 -0.0938849 -0.000159673
1 33.5423 24.2489 -0.0931271 -0.000166288
1 34.6516 24.2489 -0.0882087 -0.00015827
1 35.7608 24.2489 -0.0941963 -0.000182602
1 36.8695 24.2489 -0.0859377 -0.000193206
1 37.9793 24.2489 -0.0853117 -9.93156e-05
1 39.088 24.2489 -0.0968474 -0.000303739
1 40.1969 24.2489 -0.089419 -0.000344885
1 41.3063 24.2489 -0.0914596 -9.31126e-05
1 42.4159 24.2489 -0.0917637 9.46339e-06
1 43.528 24.2488 -0.093784 -8.27836e-05
1 0.712081 25.2188 0.0935842 -0.000104339
1 1.82419 25.2188 0.0917716 -0.000191644
1 2.93367 25.2188 0.091238 -1.52848e-05
1 4.04312 25.2188 0.0890947 0.000147388
1 5.15188 25.2188 0.0958194 0.000202052
1 6.26054 25.2188 0.0849591 9.97393e-05
1 7.37041 25.2188 0.0865243 0.000162473
1 8.47915 25.2187 0.0944306 0.000126937
1 9.58826 25.2187 0.0883901 0.000136877
1 10.6977 25.2187 0.0933305 0.000172863
1 11.8065 25.2187 0.0937368 0.000184358
1 12.9154 25.2187 0.0951807 0.000188057
1 14.0235 25.2187 0.101568 0.000189591
1 15.1321 25.2187 0.0805466 0.000201656
1 16.2447 25.2187 0.0422881 0.000213127
1 17.3613 25.2187 0.0151168 0.000218068
1 18.4802 25.2187 0.00332023 0.00021527
1 19.6 25.2187 0.000774922 0.000220754
1 20.72 25.2187 0.000162052 0.000229269
1 21.8401 25.2187 -0.000180746 0.000221141
1 22.9602 25.2187 1.13097e-05 0.000217168
1 24.0802 25.2187 -0.000574813 0.00022056
1 25.2 25.2187 -0.00207912 0.000220729
1 26.3195 25.2187 -0.00751287 0.000218142
1 27.4375 25.2187 -0.0263424 0.000217763
1 28.5522 25.2187 -0.0610873 0.000216267
1 29.6625 25.2187 -0.0947374 0.000203929
1 30.7704 25.2187 -0.0998842 0.000190922
1 31.879 25.2187 -0.0936839 0.000174138
1 32.9878 25.2187 -0.0955661 0.000159454
1 34.0967 25.2187 -0.0876808 0.000158759
1 35.2066 25.2188 -0.0850499 0.000170552
1 36.3157 25.2188 -0.0944877 0.000103228
1 37.4243 25.2187 -0.0951215 0.000156588
1 38.533 25.2188 -0.0955521 6.08925e-05
1 39.6419 25.2188 -0.0872504 0.000116273
1 40.7512 25.2187 -0.0911513 3.59004e-06
1 41.8601 25.2187 -0.0892176 -0.000221622
1 42.9696 25.2187 -0.0905146 -0.000404815
1 44.0848 25.2187 -0.0922681 -0.000230715
1 0.155209 26.1885 0.0921794 -0.000181638
1 1.2705 26.1886 0.0909026 -2.62357e-05
1 2.37988 26.1886 0.0885207 0.000395368
1 3.48872 26.1886 0.0906474 0.000479132
1 4.59803 26.1885 0.0874442 0.000503877
1 5.7069 26.1885 0.095473 0.000605817
1 6.81558 26.1885 0.0957933 0.000461669
1 7.92426 26.1885 0.0953413 0.000480106
1 9.03333 26.1885 0.0859088 0.000441473
1 10.1433 26.1885 0.0875904 0.000493563
1 11.2522 26.1885 0.0957165 0.000499361
1 12.3608 26.1885 0.0937013 0.00048649
1 13.4696 26.1885 0.0997226 0.000480159
1 14.5775 26.1885 0.0948287 0.000467338
1 15.6877 26.1885 0.0605175 0.000457281
1 16.8026 26.1885 0.0260374 0.000450138
1 17.9206 26.1885 0.00733227 0.000445757
1 19.04 26.1885 0.00169675 0.000439766
1 20.1599 26.1885 0.000360118 0.00044131
1 21.2801 26.1885 3.89358e-05 0.000441375
1 22.4002 26.1885 -9.46235e-05 0.000441954
1 23.5202 26.1885 0.000190888 0.000443142
1 24.6402 26.1885 -0.00103896 0.000443938
1 25.7599 26.1885 -0.00368873 0.000441584
1 26.8787 26.1885 -0.0143161 0.000449444
1 27.9953 26.1885 -0.0418923 0.000459888
1 29.1079 26.1885 -0.0801846 0.000470975
1 30.2165 26.1885 -0.100924 0.000480966
1 31.3246 26.1885 -0.0952183 0.000481282
1 32.4336 26.1885 -0.0939168 0.000467742
1 33.5423 26.1885 -0.0931305 0.000473827
1 34.6516 26.1885 -0.0882069 0.000513297
1 35.7608 26.1885 -0.0942231 0.000497385
1 36.8695 26.1885 -0.0860078 0.000411403
1 37.9793 26.1885 -0.0853984 0.000521064
1 39.088 26.1885 -0.0969675 0.000487779
1 40.1969 26.1885 -0.0895798 0.000455943
1 41.3063 26.1885 -0.0915417 0.000450867
1 42.4158 26.1885 -0.0919192 0.000492984
1 43.528 26.1885 -0.0942104 0.000195464
1 0.712029 27.1584 0.0940995 -0.000135539
1 1.82416 27.1583 0.0916581 -0.000423129
1 2.93368 27.1583 0.0911754 -0.000469397
1 4.04313 27.1583 0.0891967 -0.000385528
1 5.15187 27.1583 0.0959898 -0.000523189
1 6.26053 27.1583 0.0849066 -0.000664191
1 7.37041 27.1583 0.0863715 -0.000528758
1 8.47916 27.1583 0.0944044 -0.00058576
1 9.58827 27.1583 0.0884186 -0.000641264
1 10.6977 27.1583 0.093314 -0.000625089
1 11.8065 27.1583 0.09371 -0.000631934
1 12.9154 27.1583 0.0951627 -0.000651679
1 14.0235 27.1583 0.101582 -0.000655149
1 15.1321 27.1583 0.0805766 -0.000658558
1 16.2447 27.1583 0.0423002 -0.000664783
1 17.3613 27.1583 0.0151151 -0.000667152
1 18.4802 27.1583 0.00332565 -0.000674481
1 19.6 27.1583 0.000772792 -0.000676538
1 20.72 27.1583 0.000158749 -0.000675491
1 21.8401 27.1583 -0.000180684 -0.000674127
1 22.9602 27.1583 1.15424e-05 -0.000673451
1 24.0802 27.1583 -0.000566755 -0.000672287
1 25.2 27.1583 -0.00207704 -0.000674357
1 26.3195 27.1583 -0.00751815 -0.000671621
1 27.4375 27.1583 -0.0263402 -0.000664648
1 28.5522 27.1583 -0.0610934 -0.000660527
1 29.6625 27.1583 -0.0947504 -0.000651873
1 30.7704 27.1583 -0.0998886 -0.000646599
1 31.879 27.1583 -0.0936939 -0.000645841
1 32.9878 27.1583 -0.0955742 -0.000634573
1 34.0967 27.1583 -0.0876291 -0.000616986
1 35.2067 27.1583 -0.0850309 -0.000592165
1 36.3157 27.1583 -0.094614 -0.000644283
1 37.4243 27.1583 -0.0952469 -0.000586578
1 38.533 27.1583 -0.0955125 -0.00058544
1 39.6419 27.1583 -0.0871698 -0.000392467
1 40.7512 27.1583 -0.0910424 -0.000429211
1 41.8601 27.1583 -0.0893873 -0.000362953
1 42.9695 27.1584 -0.0906964 1.84027e-05
1 44.0848 27.1584 -0.0921876 0.000218343
1 0.155294 28.1284 0.0919192 6.96382e-05
1 1.27056 28.1283 0.0907095 -0.000217379
1 2.37992 28.1282 0.0883512 -0.00082643
1 3.48875 28.1282 0.0904557 -0.00126059
1 4.59807 28.1282 0.0873123 -0.00145536
1 5.70693 28.1282 0.0956171 -0.00141091
1 6.81559 28.1282 0.0958593 -0.00146485
1 7.92427 28.1282 0.0952673 -0.00124173
1 9.03335 28.1282 0.0858788 -0.00124639
1 10.1433 28.1282 0.0876195 -0.00119729
1 11.2522 28.1283 0.0957384 -0.00110464
1 12.3609 28.1283 0.0937016 -0.00102585
1 13.4696 28.1283 0.0997428 -0.000950561
1 14.5775 28.1283 0.0948805 -0.000854461
1 15.6877 28.1283 0.0605533 -0.000790426
1 16.8026 28.1283 0.0260441 -0.000738604
1 17.9206 28.1283 0.00733777 -0.000721723
1 19.04 28.1283 0.00169752 -0.000724685
1 20.1599 28.1283 0.000353544 -0.000715206
1 21.2801 28.1283 4.25776e-05 -0.000713074
1 22.4002 28.1283 -9.58051e-05 -0.000720731
1 23.5202 28.1283 0.000187066 -0.000718762
1 24.6402 28.1283 -0.00103668 -0.00072395
1 25.7599 28.1283 -0.00369249 -0.000730303
1 26.8787 28.1283 -0.0143242 -0.000731318
1 27.9953 28.1283 -0.0419018 -0.000762187
1 29.1079 28.1283 -0.0802205 -0.000828444
1 30.2165 28.1283 -0.100963 -0.000895587
1 31.3246 28.1283 -0.0952357 -0.000979507
1 32.4336 28.1283 -0.0939392 -0.00104896
1 33.5423 28.1283 -0.0931415 -0.00112654
1 34.6516 28.1283 -0.0881987 -0.00121522
1 35.7608 28.1283 -0.0942941 -0.00131874
1 36.8694 28.1282 -0.0861108 -0.00141828
1 37.9792 28.1282 -0.0853568 -0.00138812
1 39.088 28.1282 -0.0967624 -0.0013599
1 40.1968 28.1282 -0.0893007 -0.00139706
1 41.3063 28.1283 -0.0912966 -0.00107558
1 42.4158 28.1283 -0.0916773 -0.000784154
1 43.5279 28.1283 -0.093592 -0.000327814
1 0.712159 29.0981 0.0930409 -0.00131541
1 1.82425 29.098 0.0912897 -0.00180117
1 2.93372 29.098 0.0908323 -0.00224082
1 4.04317 29.0979 0.088691 -0.00238726
1 5.15193 29.0979 0.0956947 -0.00283722
1 6.26057 29.0979 0.0850058 -0.00318705
1 7.37044 29.0979 0.0865419 -0.0031972
1 8.47918 29.0979 0.0944684 -0.00312899
1 9.58829 29.0979 0.0884752 -0.00307244
1 10.6977 29.0979 0.0934289 -0.00301519
1 11.8065 29.0979 0.0938133 -0.00292547
1 12.9154 29.0979 0.0952798 -0.0028161
1 14.0235 29.0979 0.101707 -0.00269869
1 15.1321 29.0979 0.0806544 -0.00257228
1 16.2447 29.0979 0.0423266 -0.00247919
1 17.3613 29.0979 0.0151247 -0.00243898
1 18.4802 29.098 0.003328 -0.00241893
1 19.6 29.098 0.000772005 -0.00241671
1 20.72 29.098 0.000159871 -0.00242192
1 21.8401 29.098 -0.000178151 -0.00241411
1 22.9602 29.098 8.834e-06 -0.00241482
1 24.0802 29.0979 -0.000572832 -0.00242162
1 25.2 29.0979 -0.00207418 -0.00242552
1 26.3195 29.0979 -0.00751896 -0.00243148
1 27.4375 29.0979 -0.0263564 -0.0024609
1 28.5522 29.0979 -0.0611446 -0.00252773
1 29.6625 29.0979 -0.094857 -0.00263969
1 30.7704 29.0979 -0.100013 -0.0027547
1 31.879 29.0979 -0.0937911 -0.00284553
1 32.9878 29.0979 -0.0956659 -0.00294521
1 34.0967 29.0979 -0.0877505 -0.00304434
1 35.2066 29.0979 -0.0850834 -0.0031523
1 36.3157 29.0979 -0.0945383 -0.00327933
1 37.4243 29.0979 -0.0951318 -0.00316181
1 38.533 29.0979 -0.0954678 -0.00307934
1 39.6419 29.0979 -0.0870935 -0.00261233
1 40.7512 29.0979 -0.0908207 -0.00235223
1 41.8601 29.098 -0.0887287 -0.00220884
1 42.9695 29.0981 -0.0899966 -0.00194928
1 44.0848 29.0981 -0.0914 -0.00137603
1 0.155235 30.0678 0.0895296 -0.00406165
1 1.27052 30.0677 0.0890462 -0.00582521
1 2.37988 30.0675 0.0869884 -0.00758787
1 3.48874 30.0673 0.0892948 -0.00917822
1 4.59808 30.0672 0.0865664 -0.0104679
1 5.70695 30.0672 0.095187 -0.0110402
1 6.81563 30.0671 0.095816 -0.0115801
1 7.9243 30.0671 0.0954607 -0.0116389
1 9.03338 30.0672 0.0860543 -0.011466
1 10.1433 30.0672 0.0878158 -0.0111765
1 11.2522 30.0672 0.0960311 -0.0108404
1 12.3609 30.0673 0.0940226 -0.0104307
1 13.4696 30.0673 0.100061 -0.00999969
1 14.5775 30.0673 0.0951597 -0.00950751
1 15.6877 30.0674 0.0607156 -0.00903417
1 16.8026 30.0674 0.0261021 -0.00875909
1 17.9206 30.0674 0.00734765 -0.00864427
1 19.04 30.0674 0.00170621 -0.00860068
1 20.1599 30.0674 0.000355102 -0.00858813
1 21.2801 30.0674 3.85452e-05 -0.00858697
1 22.4002 30.0674 -0.000106009 -0.0085947
1 23.5202 30.0674 0.000187024 -0.00860705
1 24.6402 30.0674 -0.0010354 -0.00861803
1 25.7599 30.0674 -0.00369783 -0.00863601
1 26.8787 30.0674 -0.014357 -0.00870161
1 27.9953 30.0674 -0.0420087 -0.0088886
1 29.1079 30.0673 -0.0804525 -0.00926739
1 30.2165 30.0673 -0.101267 -0.0097753
1 31.3246 30.0673 -0.0955292 -0.0102151
1 32.4335 30.0672 -0.0942349 -0.0106317
1 33.5422 30.0672 -0.0934358 -0.011041
1 34.6516 30.0672 -0.0884318 -0.0113452
1 35.7607 30.0671 -0.0943521 -0.0116177
1 36.8694 30.0671 -0.0859224 -0.0117638
1 37.9793 30.0671 -0.0851324 -0.0115434
1 39.088 30.0671 -0.0964792 -0.0110003
1 40.1969 30.0672 -0.0885742 -0.0100118
1 41.3064 30.0674 -0.0900845 -0.00854171
1 42.4159 30.0676 -0.090139 -0.00673503
1 43.5281 30.0678 -0.0922964 -0.00473703
1 0.711707 31.0369 0.0888965 -0.0131219
1 1.82387 31.0363 0.0871487 -0.018141
1 2.93346 31.0358 0.0873975 -0.0224889
1 4.043 31.0354 0.0863992 -0.026026
1 5.15183 31.0352 0.0942072 -0.0287319
1 6.26053 31.035 0.0839594 -0.0305083
1 7.37045 31.035 0.0860186 -0.0315702
1 8.47923 31.035 0.0945763 -0.0319371
1 9.58837 31.035 0.0888821 -0.031814
1 10.6978 31.0351 0.0940199 -0.031482
1 11.8066 31.0352 0.0945377 -0.0308025
1 12.9155 31.0353 0.0959875 -0.0300014
1 14.0236 31.0354 0.102391 -0.0291341
1 15.1321 31.0355 0.0811897 -0.0280748
1 16.2447 31.0356 0.0425997 -0.027212
1 17.3613 31.0356 0.0152225 -0.0267678
1 18.4802 31.0356 0.00335726 -0.0266145
1 19.6 31.0356 0.000767979 -0.0265651
1 20.72 31.0356 0.00015344 -0.0265404
1 21.8401 31.0356 -0.000181754 -0.0265581
1 22.9602 31.0356 -2.72988e-06 -0.0265771
1 24.0802 31.0356 -0.000574442 -0.026588
1 25.2 31.0356 -0.002084 -0.0266241
1 26.3195 31.0356 -0.00757576 -0.0267022
1 27.4375 31.0356 -0.0265326 -0.0269704
1 28.5522 31.0356 -0.0615476 -0.0276231
1 29.6624 31.0355 -0.0954823 -0.0286395
1 30.7703 31.0354 -0.100691 -0.029621
1 31.8789 31.0353 -0.0944956 -0.0304184
1 32.9877 31.0352 -0.0963784 -0.031225
1 34.0966 31.0351 -0.088281 -0.0317786
1 35.2066 31.035 -0.0854315 -0.0320058
1 36.3156 31.035 -0.094565 -0.0320111
1 37.4243 31.035 -0.0945661 -0.0313849
1 38.533 31.0351 -0.0941437 -0.0303993
1 39.642 31.0352 -0.08491 -0.0280598
1 40.7514 31.0355 -0.0878873 -0.0248628
1 41.8604 31.036 -0.0849598 -0.0209604
1 42.9699 31.0365 -0.0851166 -0.0160322
1 44.0853 31.0372 -0.0846098 -0.0116312
1 0.153451 32.0051 0.0740912 -0.0271985
1 1.26928 32.004 0.078899 -0.0323645
1 2.37894 32.0028 0.0787802 -0.0396599
1 3.48804 32.0018 0.0830554 -0.0462144
1 4.59756 32.0011 0.081709 -0.0518707
1 5.70664 32.0006 0.0913665 -0.0561724
1 6.8155 32.0003 0.0934233 -0.0593232
1 7.92431 32.0001 0.0945078 -0.0615724
1 9.03347 32.0001 0.0859751 -0.0628711
1 10.1435 32.0002 0.0882032 -0.0634198
1 11.2524 32.0003 0.0969064 -0.0632268
1 12.3611 32.0005 0.0951281 -0.0624335
1 13.4697 32.0007 0.101167 -0.0614594
1 14.5776 32.001 0.0961925 -0.0600745
1 15.6878 32.0011 0.0614408 -0.0584833
1 16.8026 32.0012 0.0264422 -0.0574324
1 17.9206 32.0012 0.00744976 -0.0569901
1 19.04 32.0013 0.00173208 -0.0568403
1 20.1599 32.0013 0.000372884 -0.056807
1 21.2801 32.0013 1.11625e-05 -0.0568018
1 22.4002 32.0013 -0.000124301 -0.0568131
1 23.5202 32.0012 0.000169925 -0.0568458
1 24.6402 32.0012 -0.00107098 -0.0568677
1 25.7599 32.0012 -0.00375605 -0.056945
1 26.8787 32.0012 -0.0145163 -0.057193
1 27.9953 32.0012 -0.0425073 -0.0579103
1 29.1078 32.001 -0.0813632 -0.0592924
1 30.2164 32.0008 -0.102351 -0.0608867
1 31.3244 32.0006 -0.096632 -0.0620415
1 32.4333 32.0004 -0.0953537 -0.0629626
1 33.542 32.0002 -0.0942911 -0.0635657
1 34.6514 32.0001 -0.0886998 -0.0634209
1 35.7607 32 -0.0936754 -0.0627995
1 36.8695 32.0001 -0.0842737 -0.0613043
1 37.9794 32.0003 -0.0827344 -0.0585121
1 39.0884 32.0007 -0.0925543 -0.0549529
1 40.1974 32.0013 -0.083079 -0.0502113
1 41.3071 32.0021 -0.0834727 -0.0440492
1 42.4168 32.0032 -0.0820787 -0.036958
1 43.5291 32.0046 -0.0823869 -0.0297434
1 0.709299 32.9703 0.0747847 -0.0507282
1 1.82182 32.9684 0.0756168 -0.0548873
1 2.93176 32.9665 0.0774434 -0.0608118
1 4.04165 32.9651 0.0775527 -0.0667577
1 5.15084 32.9639 0.0868939 -0.0724985
1 6.25986 32.963 0.0782069 -0.0778642
1 7.37008 32.9624 0.0812786 -0.0827954
1 8.47914 32.9621 0.0914428 -0.0866392
1 9.58846 32.9619 0.0874326 -0.0894016
1 10.698 32.962 0.0937924 -0.0912763
1 11.8068 32.9622 0.0950473 -0.09199
1 12.9157 32.9625 0.0967709 -0.0920235
1 14.0238 32.9628 0.103392 -0.0914916
1 15.1323 32.9631 0.0822373 -0.0901501
1 16.2447 32.9633 0.043266 -0.0887775
1 17.3613 32.9634 0.0155047 -0.0880228
1 18.4802 32.9634 0.00343302 -0.0877625
1 19.6 32.9634 0.000756082 -0.0877091
1 20.72 32.9634 0.000141417 -0.0876761
1 21.8401 32.9634 -0.000177034 -0.0876864
1 22.9602 32.9634 -5.00896e-06 -0.0876837
1 24.0802 32.9634 -0.000575994 -0.0876964
1 25.2 32.9634 -0.0021211 -0.0877353
1 26.3195 32.9634 -0.00774793 -0.0878788
1 27.4374 32.9633 -0.0270293 -0.0883406
1 28.5521 32.9632 -0.0624538 -0.0894398
1 29.6623 32.963 -0.0965589 -0.090929
1 30.7701 32.9626 -0.101605 -0.0919431
1 31.8787 32.9623 -0.0952482 -0.0922134
1 32.9874 32.9621 -0.0965632 -0.0920248
1 34.0965 32.9619 -0.0875389 -0.0908805
1 35.2065 32.9619 -0.0838133 -0.0886653
1 36.3158 32.9621 -0.0916133 -0.0855896
1 37.4247 32.9625 -0.0896428 -0.0812464
1 38.5338 32.9632 -0.0871984 -0.076431
1 39.6431 32.9642 -0.0765025 -0.0707624
1 40.7529 32.9655 -0.078019 -0.0646995
1 41.8624 32.9671 -0.0731026 -0.0591146
1 42.9725 32.969 -0.0695552 -0.0541592
1 44.0894 32.9705 -0.0577566 -0.0541065
1 0.146304 33.9335 0.0437299 -0.0806821
1 1.26502 33.9326 0.0627372 -0.0692849
1 2.37572 33.9306 0.0674987 -0.0667226
1 3.48541 33.9285 0.0730459 -0.0682053
1 4.59544 33.9267 0.0718302 -0.0718762
1 5.70503 33.9252 0.0817748 -0.0764648
1 6.81439 33.9239 0.0852061 -0.0812813
1 7.92362 33.923 0.0879751 -0.0860866
1 9.03311 33.9224 0.0808997 -0.0909519
1 10.1434 33.9221 0.0843407 -0.0951961
1 11.2525 33.9221 0.0946704 -0.0982263
1 12.3613 33.9222 0.094154 -0.100154
1 13.4699 33.9225 0.100791 -0.101225
1 14.5778 33.9229 0.0965774 -0.101266
1 15.6879 33.9231 0.0621351 -0.100491
1 16.8026 33.9232 0.0268406 -0.0997467
1 17.9206 33.9233 0.00755095 -0.099411
1 19.04 33.9233 0.00172458 -0.0993174
1 20.1599 33.9233 0.000386804 -0.0992848
1 21.2801 33.9233 1.37046e-05 -0.0992662
1 22.4002 33.9233 -8.81049e-05 -0.0992564
1 23.5202 33.9233 0.000197283 -0.0992429
1 24.6402 33.9233 -0.00108709 -0.0992507
1 25.7598 33.9233 -0.00381354 -0.0993354
1 26.8786 33.9233 -0.0147242 -0.0995092
1 27.9952 33.9232 -0.0430657 -0.100044
1 29.1077 33.923 -0.0820439 -0.100942
1 30.2161 33.9227 -0.102465 -0.101472
1 31.3242 33.9224 -0.0960799 -0.100976
1 32.4331 33.9221 -0.0941079 -0.0996343
1 33.542 33.922 -0.0916402 -0.0973067
1 34.6515 33.9221 -0.0844651 -0.0938088
1 35.7611 33.9225 -0.0875186 -0.0895642
1 36.8704 33.9232 -0.0764637 -0.0846406
1 37.9808 33.9242 -0.074416 -0.0789079
1 39.0902 33.9256 -0.0836702 -0.0741221
1 40.1997 33.9273 -0.0737891 -0.0706348
1 41.3099 33.9292 -0.073726 -0.0674437
1 42.4202 33.9313 -0.0714189 -0.0671457
1 43.5331 33.9332 -0.0696439 -0.0737323
1 0.704273 34.8946 0.0663993 -0.0914271
1 1.81765 34.8939 0.069781 -0.0746297
1 2.92812 34.8921 0.0719829 -0.0681099
1 4.03845 34.8901 0.0709423 -0.0671802
1 5.14808 34.8882 0.0794826 -0.0680401
1 6.25753 34.8864 0.0701126 -0.0705741
1 7.36825 34.8849 0.0718933 -0.0747425
1 8.47789 34.8837 0.0821844 -0.0793114
1 9.58769 34.8828 0.079783 -0.0840949
1 10.6976 34.8823 0.0879114 -0.0885255
1 11.8067 34.8822 0.0910813 -0.0921975
1 12.9157 34.8822 0.0943234 -0.094836
1 14.0239 34.8825 0.10224 -0.0961735
1 15.1324 34.8827 0.0822883 -0.0962592
1 16.2448 34.8829 0.0436473 -0.0958074
1 17.3613 34.8829 0.0157536 -0.0954351
1 18.4802 34.8829 0.00353948 -0.0952799
1 19.6 34.8829 0.000770343 -0.0952497
1 20.72 34.8829 0.000154233 -0.0951878
1 21.8401 34.8829 -0.000148876 -0.0951858
1 22.9602 34.8829 6.84219e-06 -0.0951555
1 24.0802 34.8829 -0.000566488 -0.0951698
1 25.2 34.8829 -0.00217304 -0.0952155
1 26.3194 34.8829 -0.00794777 -0.0952952
1 27.4374 34.8829 -0.027462 -0.0955531
1 28.552 34.8828 -0.0628499 -0.096056
1 29.6621 34.8826 -0.0961722 -0.0963859
1 30.77 34.8823 -0.0999642 -0.0958271
1 31.8787 34.8821 -0.0923774 -0.0940065
1 32.9876 34.8821 -0.0917428 -0.0910473
1 34.097 34.8824 -0.0809039 -0.0870594
1 35.2074 34.883 -0.0761334 -0.0821711
1 36.3171 34.884 -0.0829017 -0.0773131
1 37.4266 34.8853 -0.0799635 -0.0732654
1 38.5363 34.8869 -0.0776124 -0.0700196
1 39.6462 34.8888 -0.0687309 -0.0673798
1 40.7564 34.8907 -0.0713424 -0.0669531
1 41.8666 34.8926 -0.0657266 -0.0708565
1 42.9784 34.8939 -0.0583453 -0.0815184
1 44.0996 34.8929 -0.0388758 -0.102219
1 0.135403 35.8516 0.0456066 -0.111722
1 1.25833 35.8548 0.0571456 -0.0938485
1 2.37087 35.855 0.0632015 -0.0784662
1 3.48133 35.8537 0.0693102 -0.0706138
1 4.59174 35.8517 0.0670748 -0.0684914
1 5.70171 35.8497 0.0750086 -0.0689367
1 6.81151 35.8479 0.0772015 -0.070823
1 7.92123 35.8462 0.079343 -0.0730552
1 9.03125 35.8447 0.0721268 -0.0769444
1 10.1421 35.8437 0.0758822 -0.0816014
1 11.2517 35.843 0.0877119 -0.0861553
1 12.3609 35.8427 0.0893582 -0.0901605
1 13.4698 35.8427 0.0977285 -0.0928667
1 14.5779 35.8428 0.095395 -0.0940754
1 15.688 35.843 0.0622213 -0.0941151
1 16.8027 35.843 0.0270798 -0.0937905
1 17.9206 35.8431 0.00764903 -0.093601
1 19.04 35.8431 0.00176871 -0.0935096
1 20.1599 35.8431 0.000452636 -0.0934401
1 21.2801 35.8431 3.50216e-05 -0.0933888
1 22.4002 35.8431 -5.5799e-05 -0.0933675
1 23.5202 35.8431 0.00022265 -0.0933773
1 24.6402 35.8431 -0.00109938 -0.093418
1 25.7598 35.8431 -0.00387937 -0.0935369
1 26.8786 35.843 -0.0148717 -0.093659
1 27.9952 35.843 -0.0433149 -0.0939211
1 29.1076 35.8429 -0.0817662 -0.0942145
1 30.2161 35.8427 -0.100586 -0.0938211
1 31.3244 35.8426 -0.0924569 -0.0920041
1 32.4336 35.8427 -0.0886779 -0.0887306
1 33.5429 35.8431 -0.0841515 -0.084477
1 34.653 35.8439 -0.0755595 -0.0799373
1 35.7631 35.8451 -0.0778334 -0.0754528
1 36.873 35.8467 -0.0676607 -0.0718059
1 37.9838 35.8485 -0.0675891 -0.0690086
1 39.0936 35.8504 -0.0785534 -0.0684379
1 40.2034 35.8523 -0.0704096 -0.0700921
1 41.314 35.854 -0.0714124 -0.0740949
1 42.4249 35.8547 -0.0676284 -0.0861893
1 43.5391 35.8531 -0.0615922 -0.107207
1 0.697178 36.8119 0.0566219 -0.111835
1 1.81216 36.8156 0.0625001 -0.0922478
1 2.92357 36.8163 0.0684649 -0.0759305
1 4.03425 36.8152 0.0687821 -0.0687808
1 5.14404 36.8134 0.0763776 -0.0653502
1 6.2537 36.8113 0.0655539 -0.0651276
1 7.36478 36.8093 0.0654382 -0.0669669
1 8.47492 36.8074 0.074294 -0.0695768
1 9.58533 36.8058 0.0714098 -0.0730904
1 10.6959 36.8046 0.0796963 -0.0771942
1 11.8056 36.8038 0.0840507 -0.0819289
1 12.9152 36.8034 0.0890989 -0.0861685
1 14.0237 36.8032 0.0991382 -0.0890408
1 15.1324 36.8032 0.081394 -0.0904088
1 16.2449 36.8033 0.0437391 -0.0907347
1 17.3614 36.8033 0.0159722 -0.0906664
1 18.4802 36.8033 0.00371336 -0.0905599
1 19.6 36.8033 0.000842846 -0.0905296
1 20.72 36.8034 0.000210365 -0.090466
1 21.8401 36.8034 -0.000113923 -0.0904154
1 22.9602 36.8034 -4.05627e-05 -0.0903824
1 24.0802 36.8034 -0.000607181 -0.0904387
1 25.2 36.8033 -0.00225588 -0.0904982
1 26.3194 36.8033 -0.00815612 -0.090554
1 27.4373 36.8033 -0.0277667 -0.0907092
1 28.5519 36.8033 -0.062745 -0.0907293
1 29.6621 36.8032 -0.0944591 -0.0900247
1 30.7703 36.8032 -0.0959954 -0.0880363
1 31.8794 36.8034 -0.0864701 -0.0845631
1 32.9889 36.804 -0.0840418 -0.0800168
1 34.0989 36.805 -0.0724495 -0.0754548
1 35.21 36.8063 -0.0680171 -0.0712572
1 36.3203 36.8081 -0.0757807 -0.0679929
1 37.4301 36.81 -0.0743298 -0.0666152
1 38.5401 36.8119 -0.0734535 -0.0657276
1 39.6502 36.8139 -0.0660563 -0.0658156
1 40.7608 36.8155 -0.0688883 -0.0705534
1 41.8718 36.8158 -0.0627071 -0.0828792
1 42.9852 36.8136 -0.0584535 -0.101209
1 44.1086 36.809 -0.0616737 -0.111334
1 0.12888 37.7679 0.0718259 -0.105604
1 1.25141 37.7735 0.0590946 -0.102717
1 2.36508 37.7774 0.0588563 -0.0884829
1 3.47647 37.7783 0.0659655 -0.0739717
1 4.58719 37.7771 0.0649502 -0.066537
1 5.69731 37.7751 0.0719122 -0.0652159
1 6.80736 37.773 0.0730216 -0.0658722
1 7.91742 37.7708 0.0744378 -0.0667283
1 9.02792 37.7688 0.065976 -0.0691597
1 10.1394 37.7671 0.0683805 -0.0723216
1 11.2498 37.7657 0.0795246 -0.076119
1 12.3596 37.7648 0.0819218 -0.0805127
1 13.4692 37.7642 0.0920487 -0.084404
1 14.5777 37.764 0.0923527 -0.0871957
1 15.688 37.7639 0.0615016 -0.0884317
1 16.8027 37.764 0.0271777 -0.0886272
1 17.9206 37.764 0.00776615 -0.0886098
1 19.04 37.764 0.00186583 -0.0885622
1 20.1599 37.764 0.00060452 -0.088488
1 21.2801 37.764 4.92093e-05 -0.0884268
1 22.4002 37.764 -6.48728e-05 -0.0884088
1 23.5202 37.764 0.000141185 -0.0884362
1 24.6402 37.764 -0.00124561 -0.0884714
1 25.7598 37.764 -0.00399979 -0.0885936
1 26.8786 37.764 -0.0149512 -0.0886583
1 27.9951 37.764 -0.0431903 -0.0886146
1 29.1076 37.764 -0.0802221 -0.0880781
1 30.2164 37.7641 -0.0963929 -0.0862103
1 31.3252 37.7644 -0.0860072 -0.0828575
1 32.4352 37.7651 -0.0809068 -0.078578
1 33.5451 37.7662 -0.0762062 -0.0743366
1 34.6559 37.7677 -0.0681952 -0.0709779
1 35.7667 37.7695 -0.0713313 -0.0679887
1 36.877 37.7716 -0.0631558 -0.0656219
1 37.9881 37.7738 -0.065306 -0.0640729
1 39.0979 37.7759 -0.0772801 -0.0651383
1 40.2078 37.7774 -0.0680312 -0.0703226
1 41.3189 37.7776 -0.0657469 -0.080114
1 42.4311 37.7752 -0.0589712 -0.0956023
1 43.5467 37.77 -0.0589831 -0.104195
1 0.689323 38.7301 0.0612446 -0.0958523
1 1.8047 38.7355 0.0562484 -0.0994379
1 2.91754 38.739 0.0601168 -0.0890337
1 4.02917 38.7398 0.0645928 -0.0787064
1 5.13926 38.7386 0.0746169 -0.0716218
1 6.24897 38.7364 0.0634099 -0.0692986
1 7.36025 38.7339 0.0617905 -0.070503
1 8.47079 38.7316 0.0692259 -0.0729975
1 9.58176 38.7295 0.0655235 -0.0758669
1 10.693 38.7277 0.072742 -0.0785452
1 11.8034 38.7262 0.0760304 -0.0821829
1 12.9139 38.7252 0.0813313 -0.0863917
1 14.0231 38.7245 0.0932057 -0.0903756
1 15.1323 38.7243 0.0785521 -0.0933614
1 16.2449 38.7242 0.0430538 -0.0947169
1 17.3614 38.7242 0.0159654 -0.0950173
1 18.4802 38.7242 0.00378761 -0.0949763
1 19.6 38.7242 0.000897638 -0.0949818
1 20.72 38.7242 0.000290429 -0.0949575
1 21.8401 38.7242 -5.10445e-05 -0.0949107
1 22.9602 38.7242 -5.943e-05 -0.0948768
1 24.0802 38.7242 -0.00065438 -0.0949444
1 25.2 38.7242 -0.00231115 -0.094955
1 26.3194 38.7242 -0.00822525 -0.0949747
1 27.4373 38.7242 -0.0276686 -0.0949645
1 28.5519 38.7242 -0.0613836 -0.0943613
1 29.6624 38.7243 -0.0902457 -0.0922318
1 30.7712 38.7247 -0.0890462 -0.0886272
1 31.881 38.7255 -0.0783665 -0.084476
1 32.9914 38.7267 -0.0762581 -0.0804109
1 34.1021 38.7283 -0.0659295 -0.0770563
1 35.2138 38.7303 -0.0625802 -0.0739793
1 36.3245 38.7325 -0.0714883 -0.0710976
1 37.4346 38.7349 -0.0711078 -0.0700114
1 38.5447 38.7372 -0.0712656 -0.0694035
1 39.6549 38.739 -0.0642682 -0.0726118
1 40.7658 38.7394 -0.0643388 -0.0826222
1 41.8777 38.7372 -0.0576217 -0.0961637
1 42.9912 38.7326 -0.0611568 -0.0993533
1 44.1117 38.7277 -0.0771338 -0.0910256
1 0.126153 39.6898 0.0708346 -0.0761824
1 1.24523 39.6937 0.061412 -0.085318
1 2.35843 39.6981 0.0544237 -0.0907034
1 3.47077 39.7012 0.0611896 -0.0821246
1 4.58212 39.7016 0.063243 -0.0695676
1 5.69227 39.7 0.071425 -0.0656938
1 6.80233 39.6974 0.0711539 -0.0655843
1 7.91262 39.6947 0.070885 -0.0668211
1 9.02359 39.6921 0.0613449 -0.0698606
1 10.1356 39.6899 0.0631911 -0.0729908
1 11.2467 39.688 0.0729761 -0.0758769
1 12.3574 39.6865 0.0739859 -0.0791707
1 13.4679 39.6854 0.0838959 -0.0831243
1 14.5771 39.6847 0.0863532 -0.0875511
1 15.6878 39.6844 0.0589629 -0.0907048
1 16.8027 39.6843 0.0265935 -0.0920358
1 17.9206 39.6843 0.007687 -0.0923763
1 19.04 39.6843 0.00188821 -0.0924618
1 20.1599 39.6843 0.000691528 -0.0924541
1 21.2801 39.6843 6.83593e-05 -0.0924495
1 22.4002 39.6843 -6.42532e-05 -0.0924428
1 23.5202 39.6843 0.000132222 -0.0923953
1 24.6402 39.6843 -0.00125462 -0.0923394
1 25.7598 39.6843 -0.00396519 -0.0923614
1 26.8786 39.6843 -0.0146973 -0.0922833
1 27.9952 39.6843 -0.0419558 -0.0916522
1 29.1079 39.6845 -0.0761744 -0.0895041
1 30.2173 39.685 -0.0891126 -0.0855371
1 31.327 39.6858 -0.0777211 -0.081137
1 32.4377 39.6871 -0.0735774 -0.0774647
1 33.5484 39.6888 -0.0702634 -0.0742986
1 34.6599 39.6908 -0.0626231 -0.0710946
1 35.7712 39.6932 -0.0665415 -0.0676042
1 36.8819 39.6959 -0.060499 -0.0646497
1 37.993 39.6986 -0.0645946 -0.0641487
1 39.1027 39.7008 -0.0759834 -0.0672929
1 40.213 39.7013 -0.0636639 -0.0766139
1 41.3252 39.6995 -0.0598069 -0.0852762
1 42.4383 39.6955 -0.0607737 -0.0871071
1 43.553 39.6914 -0.0691953 -0.0790917
1 0.684054 40.6551 0.0742307 -0.0687758
1 1.79851 40.6578 0.0683204 -0.0801881
1 2.91145 40.6614 0.0625637 -0.0850197
1 4.02401 40.6643 0.064443 -0.0773989
1 5.13453 40.6644 0.0783448 -0.0659711
1 6.244 40.6621 0.0674431 -0.0598005
1 7.35506 40.6589 0.0622354 -0.0616508
1 8.46583 40.6557 0.0656267 -0.065536
1 9.57739 40.6529 0.0606517 -0.0694808
1 10.6893 40.6506 0.0678217 -0.072488
1 11.8004 40.6487 0.0698445 -0.0750903
1 12.9116 40.6472 0.0736338 -0.0777399
1 14.0218 40.646 0.0850366 -0.0813835
1 15.1317 40.6454 0.0729373 -0.0855845
1 16.2447 40.6451 0.0409797 -0.0883409
1 17.3613 40.645 0.0156142 -0.08935
1 18.4802 40.645 0.00384275 -0.0895146
1 19.6 40.645 0.000984579 -0.0894703
1 20.72 40.645 0.000300494 -0.0894671
1 21.8401 40.645 -0.00011354 -0.0895176
1 22.9602 40.645 -8.75108e-05 -0.089556
1 24.0802 40.645 -0.000675293 -0.0895311
1 25.2 40.645 -0.00232507 -0.0894084
1 26.3194 40.645 -0.0080521 -0.08933
1 27.4374 40.6451 -0.0267593 -0.0889297
1 28.5522 40.6452 -0.0578757 -0.0873546
1 29.6633 40.6456 -0.0830055 -0.0837201
1 30.7729 40.6465 -0.0807136 -0.0794738
1 31.8836 40.6479 -0.0713701 -0.0763799
1 32.9947 40.6495 -0.0705112 -0.0737087
1 34.1061 40.6516 -0.0604746 -0.0701508
1 35.2185 40.6542 -0.0578452 -0.0660448
1 36.3296 40.6572 -0.0702343 -0.0628677
1 37.4396 40.6605 -0.0728862 -0.0617481
1 38.5494 40.6631 -0.0731674 -0.0635027
1 39.6597 40.6643 -0.0613466 -0.0708762
1 40.7716 40.6628 -0.0573638 -0.0819068
1 41.884 40.6593 -0.0559995 -0.0822786
1 42.9965 40.6561 -0.0617645 -0.0715775
1 44.115 40.6533 -0.0623461 -0.0665219
1 0.122503 41.6183 0.0638405 -0.0671712
1 1.24163 41.619 0.0680192 -0.0764938
1 2.35379 41.6212 0.063726 -0.0827852
1 3.46593 41.6246 0.0617315 -0.0891698
1 4.5783 41.6271 0.0631354 -0.0792856
1 5.68876 41.6267 0.0778939 -0.0654576
1 6.79818 41.6236 0.080063 -0.0601525
1 7.9078 41.6196 0.0751326 -0.062324
1 9.01876 41.6159 0.0597697 -0.0683003
1 10.1313 41.6129 0.0590499 -0.0738031
1 11.243 41.6106 0.0681289 -0.0777042
1 12.3544 41.6087 0.0682229 -0.0804095
1 13.4657 41.6072 0.0761938 -0.0829919
1 14.5759 41.6061 0.0785409 -0.0872978
1 15.6873 41.6055 0.0544188 -0.0917168
1 16.8025 41.6053 0.025202 -0.0940844
1 17.9206 41.6052 0.00766718 -0.0947364
1 19.04 41.6052 0.00193597 -0.0948579
1 20.16 41.6052 0.000685176 -0.0947819
1 21.2801 41.6052 7.09866e-05 -0.094821
1 22.4002 41.6052 -6.50185e-05 -0.0949291
1 23.5202 41.6052 -1.60113e-05 -0.0948536
1 24.6402 41.6052 -0.00140519 -0.0948601
1 25.7599 41.6053 -0.00400489 -0.0947628
1 26.8787 41.6053 -0.0140994 -0.094329
1 27.9954 41.6054 -0.0391207 -0.092998
1 29.1086 41.6057 -0.0696381 -0.0896848
1 30.219 41.6065 -0.0808371 -0.0850317
1 31.3295 41.6079 -0.0710592 -0.0815375
1 32.441 41.6095 -0.0683147 -0.0789793
1 33.5524 41.6116 -0.0646304 -0.0749475
1 34.6646 41.6144 -0.0579006 -0.0699877
1 35.7763 41.6177 -0.0675105 -0.0657119
1 36.8866 41.6215 -0.0668946 -0.061697
1 37.9971 41.6251 -0.0713876 -0.0629345
1 39.1068 41.6269 -0.078464 -0.0723393
1 40.218 41.6258 -0.0639664 -0.0850175
1 41.3306 41.6227 -0.0658663 -0.0857743
1 42.4428 41.6201 -0.070015 -0.0782179
1 43.5568 41.6184 -0.0711967 -0.0720093
1 0.683024 42.581 0.0759883 -0.0747424
1 1.79688 42.5827 0.0723817 -0.0719156
1 2.90867 42.585 0.0706443 -0.0747447
1 4.02078 42.5881 0.0669082 -0.0794893
1 5.13201 42.5904 0.0779848 -0.073279
1 6.24195 42.5894 0.0749509 -0.0566982
1 7.35223 42.5855 0.0751856 -0.0483761
1 8.46195 42.5805 0.0753544 -0.0520911
1 9.5731 42.5761 0.0630324 -0.0604153
1 10.6852 42.5729 0.0655104 -0.0679945
1 11.797 42.5705 0.0661108 -0.0728883
1 12.9088 42.5687 0.0684691 -0.0753714
1 14.0198 42.5672 0.0772925 -0.07864
1 15.1307 42.5662 0.0659698 -0.0832828
1 16.2444 42.5657 0.0373635 -0.0870124
1 17.3613 42.5655 0.0144968 -0.0887859
1 18.4802 42.5655 0.00379566 -0.0891327
1 19.6 42.5655 0.00103951 -0.089157
1 20.72 42.5655 0.000310637 -0.0893096
1 21.8401 42.5655 -9.55905e-05 -0.0892129
1 22.9602 42.5655 -7.16106e-05 -0.0891967
1 24.0802 42.5655 -0.000669024 -0.0892684
1 25.2 42.5655 -0.0025251 -0.0892015
1 26.3194 42.5656 -0.00799051 -0.0891069
1 27.4375 42.5656 -0.0247487 -0.088102
1 28.5528 42.5659 -0.0523355 -0.0851545
1 29.6647 42.5666 -0.0748567 -0.0806714
1 30.7753 42.5679 -0.0739564 -0.0768029
1 31.8867 42.5695 -0.0667973 -0.0740268
1 32.9985 42.5716 -0.0659522 -0.069958
1 34.1106 42.5745 -0.0585658 -0.0632647
1 35.223 42.5784 -0.0647921 -0.0566887
1 36.3331 42.5828 -0.0841495 -0.0523254
1 37.4422 42.5873 -0.0827775 -0.0525158
1 38.5521 42.5898 -0.0757235 -0.0649373
1 39.6635 42.5891 -0.0602172 -0.0764675
1 40.776 42.5864 -0.0632031 -0.0791431
1 41.8879 42.5836 -0.066257 -0.0734033
1 43.0004 42.5816 -0.067435 -0.0723437
1 44.1202 42.5808 -0.0629229 -0.0732787
1 0.118694 43.5418 0.064714 -0.0854009
1 1.23926 43.5442 0.0691069 -0.0755054
1 2.35146 43.5465 0.0651476 -0.0762672
1 3.4632 43.5493 0.0628822 -0.0834104
1 4.57565 43.5523 0.0622777 -0.0834235
1 5.68726 43.5537 0.0753605 -0.0734981
1 6.79748 43.552 0.084017 -0.0602523
1 7.90679 43.5473 0.0869399 -0.0498581
1 9.01666 43.5414 0.0732676 -0.0527736
1 10.1283 43.5365 0.0668123 -0.0625274
1 11.2398 43.5329 0.0692805 -0.0721736
1 12.3514 43.5305 0.066384 -0.0784274
1 13.4632 43.5287 0.0715191 -0.0816529
1 14.5742 43.5273 0.0709897 -0.085383
1 15.6866 43.5265 0.0483181 -0.0898222
1 16.8023 43.5261 0.0222695 -0.0926625
1 17.9206 43.5261 0.00669335 -0.0937734
1 19.04 43.5261 0.00178778 -0.0940472
1 20.16 43.526 0.000853857 -0.0939027
1 21.2801 43.526 -1.46848e-05 -0.0938717
1 22.4002 43.526 -1.92771e-05 -0.0939818
1 23.5202 43.5261 5.65925e-05 -0.0938774
1 24.6401 43.5261 -0.00139612 -0.0939598
1 25.7598 43.5261 -0.00364153 -0.0939286
1 26.8788 43.5262 -0.012558 -0.0934968
1 27.9959 43.5264 -0.0347495 -0.0914809
1 29.1098 43.5269 -0.0621712 -0.087447
1 30.2211 43.528 -0.0740483 -0.0829914
1 31.3323 43.5296 -0.0675687 -0.0798401
1 32.4442 43.5317 -0.0662921 -0.0751245
1 33.5559 43.5347 -0.0674523 -0.0666527
1 34.6676 43.539 -0.0714471 -0.0582392
1 35.7778 43.5442 -0.0851158 -0.0532785
1 36.8872 43.5494 -0.074317 -0.0539057
1 37.9984 43.5529 -0.0692511 -0.0667803
1 39.1093 43.5526 -0.0762955 -0.082612
1 40.2211 43.5501 -0.0665051 -0.0836861
1 41.3333 43.5477 -0.0693358 -0.078643
1 42.4451 43.5453 -0.0690732 -0.0784593
1 43.5593 43.5432 -0.0742233 -0.0774753
1 0.67963 44.5039 0.0673967 -0.0807207
1 1.79377 44.5073 0.0667718 -0.080747
1 2.90563 44.5105 0.068015 -0.0762438
1 4.01769 44.5131 0.0666953 -0.0804738
1 5.12979 44.5159 0.069681 -0.0802295
1 6.24133 44.5166 0.0685769 -0.0680969
1 7.35271 44.5137 0.0747748 -0.0525101
1 8.46288 44.508 0.0825828 -0.0459187
1 9.57329 44.5018 0.0776786 -0.0479641
1 10.6841 44.4965 0.0785113 -0.0563373
1 11.7949 44.4927 0.073172 -0.067356
1 12.9065 44.49 0.0700005 -0.0753246
1 14.0178 44.4882 0.0729316 -0.0802692
1 15.1295 44.487 0.0594917 -0.0851357
1 16.2438 44.4863 0.0329544 -0.0892786
1 17.3611 44.4861 0.0125682 -0.0915576
1 18.4802 44.4861 0.00313409 -0.092303
1 19.6001 44.4861 0.000796646 -0.0922753
1 20.7201 44.4861 0.000227588 -0.0923287
1 21.8401 44.4861 -0.000103732 -0.0920677
1 22.9602 44.4861 -7.88112e-05 -0.0921525
1 24.0801 44.4861 -0.000585114 -0.0922267
1 25.2 44.4862 -0.00213096 -0.0922489
1 26.3195 44.4862 -0.00687306 -0.0920224
1 27.4378 44.4863 -0.0215348 -0.0907622
1 28.5537 44.4867 -0.0465372 -0.0873541
1 29.6665 44.4876 -0.0690474 -0.0824065
1 30.7776 44.4891 -0.0721118 -0.0774827
1 31.8891 44.4913 -0.0697671 -0.0711755
1 33.0004 44.4945 -0.0752551 -0.0611426
1 34.1113 44.4992 -0.0759845 -0.0519157
1 35.2222 44.5049 -0.0787735 -0.0484691
1 36.3323 44.5105 -0.0820978 -0.0501423
1 37.4429 44.5149 -0.0773487 -0.0590156
1 38.5539 44.5159 -0.0760034 -0.0768644
1 39.6659 44.5137 -0.0622967 -0.0825679
1 40.7787 44.5112 -0.0687625 -0.0762053
1 41.8901 44.509 -0.0714635 -0.0762116
1 43.0023 44.5056 -0.0706361 -0.0804612
1 44.1231 44.5031 -0.0709942 -0.0812815
1 0.115118 45.4631 0.0714341 -0.0741387
1 1.23591 45.4673 0.0715552 -0.0773029
1 2.34786 45.4717 0.0668734 -0.0775201
1 3.46001 45.4747 0.0664677 -0.0813111
1 4.5727 45.4774 0.0669144 -0.0813506
1 5.68525 45.4798 0.069688 -0.076994
1 6.79727 45.4793 0.0759833 -0.0613038
1 7.90838 45.4747 0.0811023 -0.0478355
1 9.01952 45.4685 0.0744798 -0.0474604
1 10.1309 45.4626 0.0794194 -0.0493101
1 11.241 45.4573 0.0865155 -0.0543318
1 12.3511 45.453 0.0799299 -0.0638055
1 13.4618 45.4501 0.0770947 -0.0732256
1 14.5728 45.4482 0.0683704 -0.0804111
1 15.6858 45.4471 0.0434973 -0.086037
1 16.802 45.4467 0.0195162 -0.0898229
1 17.9205 45.4465 0.00558646 -0.0912933
1 19.04 45.4465 0.00128043 -0.091585
1 20.16 45.4465 0.00038979 -0.0916919
1 21.2801 45.4465 -0.000205072 -0.0915661
1 22.4002 45.4466 -2.04791e-05 -0.0913797
1 23.5202 45.4466 0.000329556 -0.0915322
1 24.6401 45.4466 -0.000896045 -0.0917682
1 25.7599 45.4466 -0.00289728 -0.0914224
1 26.879 45.4467 -0.0109941 -0.0908259
1 27.9964 45.4469 -0.0308322 -0.0884084
1 29.111 45.4477 -0.0576563 -0.0833552
1 30.2227 45.4491 -0.0750923 -0.0766246
1 31.3334 45.4515 -0.0770771 -0.068188
1 32.444 45.4551 -0.081543 -0.058218
1 33.5541 45.46 -0.0843554 -0.0514009
1 34.6646 45.4655 -0.0796627 -0.0494917
1 35.7756 45.4714 -0.0792989 -0.0478956
1 36.8868 45.4767 -0.0706654 -0.0529717
1 37.9991 45.4793 -0.0685742 -0.0722799
1 39.1113 45.4776 -0.0723061 -0.0833505
1 40.224 45.4751 -0.0684078 -0.0747757
1 41.3363 45.4734 -0.0738627 -0.0736042
1 42.448 45.4703 -0.0737401 -0.0782409
1 43.5615 45.4648 -0.0739465 -0.0802072
1 0.674595 46.4253 0.0771677 -0.0730637
1 1.7884 46.4331 0.0744176 -0.0841468
1 2.90071 46.4367 0.0744442 -0.0741441
1 4.01397 46.4382 0.0695237 -0.0802041
1 5.12721 46.4417 0.0715217 -0.0885579
1 6.24035 46.4438 0.0626017 -0.0713917
1 7.35396 46.4409 0.0676931 -0.0518494
1 8.46616 46.4349 0.0758095 -0.0472899
1 9.57789 46.4289 0.0763213 -0.0512609
1 10.6889 46.4236 0.0854953 -0.0530286
1 11.7986 46.4187 0.0892527 -0.0542522
1 12.9082 46.4142 0.0886417 -0.060387
1 14.0177 46.4108 0.0835075 -0.0704096
1 15.1288 46.4088 0.0598754 -0.0806861
1 16.2434 46.4077 0.0302261 -0.0878622
1 17.361 46.4074 0.0109999 -0.0911445
1 18.4801 46.4073 0.00259823 -0.0924061
1 19.6 46.4073 0.000290487 -0.0923736
1 20.72 46.4073 -0.000138125 -0.0925455
1 21.8401 46.4073 -0.000130638 -0.0923912
1 22.9602 46.4074 2.58549e-05 -0.0925459
1 24.0802 46.4074 -0.000198418 -0.0923239
1 25.2 46.4074 -0.0013254 -0.0923836
1 26.3196 46.4075 -0.00571325 -0.0919123
1 27.4381 46.4076 -0.0193956 -0.0898005
1 28.5543 46.4082 -0.0445831 -0.0847286
1 29.667 46.4098 -0.0737882 -0.0756411
1 30.777 46.4125 -0.0877473 -0.0647076
1 31.8865 46.4165 -0.0885111 -0.0564509
1 32.9961 46.4212 -0.0877858 -0.0531734
1 34.1064 46.4263 -0.0800523 -0.0520465
1 35.218 46.4319 -0.0729144 -0.0489016
1 36.3301 46.4378 -0.072621 -0.0514125
1 37.4426 46.4418 -0.0718765 -0.0652693
1 38.5554 46.4419 -0.0707738 -0.0782515
1 39.6686 46.4393 -0.0628121 -0.0809607
1 40.7822 46.4372 -0.0676691 -0.0764004
1 41.8948 46.4351 -0.066426 -0.0758658
1 43.008 46.4309 -0.0656409 -0.0784246
1 44.1277 46.4222 -0.0691388 -0.0767889
1 0.104435 47.3831 0.068282 -0.0725758
1 1.22504 47.3972 0.0646609 -0.0750731
1 2.34039 47.4026 0.0702214 -0.0790972
1 3.45489 47.4044 0.0636364 -0.0714053
1 4.56913 47.4064 0.0687474 -0.0871655
1 5.68313 47.4109 0.0641115 -0.0850025
1 6.79836 47.4106 0.0636927 -0.0587262
1 7.91231 47.4054 0.0708213 -0.0483829
1 9.02521 47.3995 0.0699441 -0.0519914
1 10.1372 47.3942 0.0804678 -0.0534533
1 11.2473 47.3893 0.0890565 -0.0551945
1 12.3568 47.3848 0.090731 -0.0558242
1 13.4657 47.3805 0.0969139 -0.0572632
1 14.5744 47.3766 0.0842651 -0.066249
1 15.6861 47.3742 0.0497099 -0.0785104
1 16.802 47.3731 0.0207017 -0.0869943
1 17.9204 47.3728 0.00557546 -0.0907905
1 19.04 47.3727 0.00122399 -0.091771
1 20.1599 47.3727 -0.000172774 -0.091882
1 21.28 47.3727 6.12437e-05 -0.0920086
1 22.4002 47.3727 -0.000224173 -0.0921236
1 23.5202 47.3728 0.000272977 -0.0919951
1 24.6401 47.3728 -0.000675629 -0.0917613
1 25.7599 47.3729 -0.00275765 -0.0913089
1 26.879 47.373 -0.0114342 -0.0895084
1 27.9964 47.3736 -0.0337884 -0.0833701
1 29.1102 47.3753 -0.0684201 -0.0722858
1 30.22 47.3785 -0.0944529 -0.060507
1 31.3285 47.3828 -0.0940888 -0.0556788
1 32.4379 47.3871 -0.0879756 -0.0558462
1 33.5478 47.3918 -0.0844806 -0.0541894
1 34.6589 47.3968 -0.0740766 -0.0526554
1 35.7713 47.4023 -0.0712785 -0.0510826
1 36.8844 47.4076 -0.0678324 -0.0539568
1 37.9992 47.4103 -0.0587749 -0.0716342
1 39.1141 47.408 -0.0697624 -0.0862401
1 40.2274 47.4049 -0.0726297 -0.077656
1 41.3417 47.404 -0.0682486 -0.0747506
1 42.4567 47.4003 -0.0705715 -0.08011
1 43.574 47.3941 -0.0718045 -0.0727517
