1 0.577808 0.133622 -0.0412343 -0.0707577
1 1.69428 0.124791 -0.0509779 -0.080031
1 2.80956 0.122116 -0.0634757 -0.0807893
1 3.92648 0.119062 -0.0666693 -0.0839562
1 5.04291 0.118881 -0.060141 -0.0890442
1 6.15772 0.116335 -0.0439859 -0.0788338
1 7.27359 0.112479 -0.0482343 -0.0838194
1 8.39149 0.111637 -0.0540885 -0.0932156
1 9.51048 0.114252 -0.0478705 -0.0954178
1 10.63 0.122969 -0.0396752 -0.0946592
1 11.7468 0.13599 -0.0370304 -0.0708722
1 12.8616 0.146249 -0.0378072 -0.0402971
1 13.9761 0.150697 -0.0487711 -0.0230742
1 15.0918 0.147959 -0.0476533 -0.0123509
1 16.2097 0.143262 -0.0372582 -0.00342061
1 17.3292 0.142019 -0.0323425 0.0115742
1 18.4499 0.141413 -0.0234931 0.026049
1 19.5745 0.139499 -0.0255693 0.0263476
1 20.7035 0.137887 -0.0164138 0.0346312
1 21.8358 0.137365 -0.00105798 0.0564382
1 22.9692 0.137597 0.00785195 0.0473476
1 24.1004 0.138414 0.0250427 0.0258533
1 25.228 0.140503 0.0233676 0.0282045
1 26.3504 0.142632 0.0202892 0.0233446
1 27.4699 0.142619 0.0330617 0.00392318
1 28.5891 0.145027 0.0438556 -0.00318698
1 29.7064 0.150287 0.0527021 -0.0141512
1 30.8215 0.149913 0.0460415 -0.0358611
1 31.9358 0.142527 0.0376891 -0.0596641
1 33.0512 0.130228 0.0377121 -0.0914879
1 34.1692 0.116753 0.0428472 -0.100402
1 35.2893 0.111169 0.0541566 -0.0867901
1 36.408 0.112121 0.0560432 -0.0808108
1 37.525 0.115567 0.0466069 -0.0783913
1 38.6401 0.119649 0.0519771 -0.0834593
1 39.7551 0.120858 0.0604998 -0.0937836
1 40.8712 0.119668 0.0589331 -0.0873408
1 41.9872 0.122612 0.0590262 -0.0778791
1 43.1032 0.127705 0.0511008 -0.0762074
1 44.225 0.147903 0.0552766 -0.0759498
1 0.0264371 1.10527 -0.0531099 -0.0821387
1 1.14553 1.09671 -0.0551011 -0.0844666
1 2.25779 1.09137 -0.05463 -0.0784532
1 3.37183 1.08798 -0.0614961 -0.078461
1 4.48675 1.08598 -0.0626369 -0.0897856
1 5.60168 1.08506 -0.0543161 -0.0846056
1 6.71701 1.08152 -0.054832 -0.0800979
1 7.83278 1.07888 -0.0567228 -0.0911194
1 8.94866 1.08012 -0.0524227 -0.0942348
1 10.065 1.08569 -0.0508375 -0.0902007
1 11.1816 1.09577 -0.0565284 -0.0729049
1 12.299 1.10682 -0.0591581 -0.0472911
1 13.417 1.11447 -0.062442 -0.0307086
1 14.5349 1.11546 -0.0603351 -0.0155045
1 15.6528 1.11193 -0.0492139 -0.00726805
1 16.7712 1.10861 -0.0446015 0.00568821
1 17.891 1.10698 -0.0325854 0.0261642
1 19.0139 1.10473 -0.0269014 0.0253346
1 20.1407 1.10199 -0.0301198 0.0289674
1 21.2705 1.10034 -0.0163444 0.0438234
1 22.4024 1.10013 0.00625932 0.044611
1 23.5338 1.10095 0.0231715 0.0342137
1 24.662 1.10325 0.0272728 0.0283846
1 25.787 1.10641 0.0303203 0.029761
1 26.9087 1.10827 0.039639 0.0165444
1 28.0278 1.11005 0.048292 -9.69155e-05
1 29.1462 1.11374 0.0588818 -0.00769971
1 30.2647 1.11599 0.0637016 -0.0238663
1 31.3823 1.11214 0.0565776 -0.0409171
1 32.5 1.10239 0.0595092 -0.0658718
1 33.6171 1.09016 0.0519975 -0.0901116
1 34.7331 1.08091 0.0453709 -0.0916202
1 35.8494 1.07848 0.0520906 -0.0842536
1 36.9651 1.08068 0.0493417 -0.078941
1 38.0802 1.08497 0.0501877 -0.0760447
1 39.1953 1.08776 0.0570057 -0.0883143
1 40.3102 1.08778 0.0605421 -0.0956978
1 41.4241 1.08874 0.0575066 -0.0808206
1 42.537 1.09256 0.0602349 -0.0752248
1 43.6499 1.10111 0.0581188 -0.0781445
1 0.591617 2.06293 -0.0467981 -0.0869495
1 1.7057 2.05783 -0.0611198 -0.0841872
1 2.81821 2.05314 -0.0554702 -0.0740245
1 3.93236 2.0497 -0.0604884 -0.0846218
1 5.04683 2.04832 -0.0612237 -0.0923158
1 6.16168 2.04609 -0.0525774 -0.0820923
1 7.2762 2.04287 -0.0462516 -0.0902822
1 8.39006 2.0433 -0.0499819 -0.100562
1 9.50399 2.04671 -0.0500484 -0.0862185
1 10.6194 2.05285 -0.0628436 -0.0706873
1 11.7365 2.06159 -0.0736176 -0.0582486
1 12.8554 2.07046 -0.0688634 -0.0433843
1 13.9751 2.07519 -0.0685253 -0.0286734
1 15.0947 2.07476 -0.067751 -0.0166679
1 16.214 2.07183 -0.057632 -0.000588411
1 17.3338 2.06858 -0.0505407 0.0141065
1 18.4555 2.06591 -0.0369715 0.021841
1 19.5802 2.06314 -0.028312 0.0217979
1 20.7073 2.06063 -0.0222617 0.0251589
1 21.8367 2.05968 -0.00680822 0.0325662
1 22.9669 2.06011 0.0156418 0.026969
1 24.0956 2.06169 0.0287494 0.022342
1 25.2217 2.06462 0.0272386 0.0251543
1 26.3448 2.06765 0.0382059 0.0174757
1 27.4656 2.07044 0.0580633 0.0054056
1 28.5853 2.07334 0.0639186 -0.00647697
1 29.7047 2.07563 0.0703438 -0.0231896
1 30.8246 2.07382 0.0734568 -0.0390036
1 31.9443 2.06672 0.072077 -0.0525863
1 33.0627 2.05738 0.0699103 -0.0675956
1 34.1788 2.04891 0.0534446 -0.0842485
1 35.2929 2.04364 0.0496949 -0.0903726
1 36.4066 2.04299 0.0530338 -0.0870575
1 37.5208 2.04519 0.0559887 -0.0826955
1 38.6365 2.04834 0.0665283 -0.0834304
1 39.7519 2.05075 0.0664423 -0.0893515
1 40.8659 2.05218 0.0520624 -0.0855356
1 41.9779 2.05455 0.050251 -0.0844066
1 43.0898 2.0596 0.0573477 -0.0788176
1 44.211 2.06369 0.047468 -0.0729255
1 0.030403 3.02705 -0.0541745 -0.0688805
1 1.15153 3.02261 -0.0572302 -0.0727487
1 2.26398 3.01904 -0.0560944 -0.08006
1 3.37664 3.01446 -0.0583716 -0.0731482
1 4.49064 3.0114 -0.0648786 -0.0862199
1 5.60547 3.00948 -0.0654025 -0.0875483
1 6.72016 3.00713 -0.0554382 -0.090179
1 7.83319 3.00673 -0.0509783 -0.0969722
1 8.94605 3.0091 -0.0537337 -0.0870888
1 10.06 3.01263 -0.0630134 -0.070914
1 11.1757 3.01781 -0.0721515 -0.0556449
1 12.2939 3.02482 -0.0754182 -0.0500048
1 13.4141 3.03163 -0.081347 -0.0451929
1 14.535 3.03456 -0.0798126 -0.0258007
1 15.6561 3.03359 -0.079152 -0.00831325
1 16.7771 3.03042 -0.0681436 0.00361991
1 17.8983 3.02725 -0.0476545 0.0116656
1 19.0208 3.02452 -0.0316354 0.011803
1 20.1458 3.02225 -0.0219022 0.0146395
1 21.2729 3.02081 -0.0100589 0.0166912
1 22.4018 3.0205 0.0065597 0.0168105
1 23.5299 3.02139 0.0191201 0.0170217
1 24.656 3.02344 0.0259706 0.0135082
1 25.7798 3.02603 0.034997 0.0122111
1 26.9014 3.02911 0.0521098 0.0095939
1 28.0225 3.03247 0.0756936 -0.0022841
1 29.1443 3.03449 0.0800495 -0.0170143
1 30.2656 3.03386 0.0794727 -0.039026
1 31.3859 3.02874 0.0829717 -0.0534812
1 32.5055 3.02111 0.081809 -0.0546711
1 33.6228 3.01491 0.0713111 -0.0628376
1 34.7376 3.01031 0.0557377 -0.077901
1 35.8511 3.00737 0.0471855 -0.0876366
1 36.9637 3.00725 0.0421933 -0.0908097
1 38.0769 3.00908 0.0485375 -0.0888056
1 39.1915 3.01155 0.0624056 -0.0851055
1 40.3065 3.01376 0.0609937 -0.0804787
1 41.4199 3.01775 0.0467321 -0.0773595
1 42.5311 3.02099 0.0428562 -0.0837267
1 43.6441 3.02401 0.0411456 -0.0719527
1 0.598457 3.98776 -0.0494227 -0.0690688
1 1.71095 3.98462 -0.0493422 -0.070609
1 2.82301 3.98058 -0.0541789 -0.065126
1 3.93595 3.97586 -0.0579383 -0.0764246
1 5.04964 3.97332 -0.0608035 -0.0830358
1 6.16375 3.97162 -0.0482744 -0.084996
1 7.27661 3.97075 -0.0433965 -0.0878874
1 8.38857 3.97207 -0.0484252 -0.0881494
1 9.50216 3.97495 -0.0578326 -0.0671634
1 10.6172 3.97751 -0.072397 -0.0499528
1 11.7339 3.98103 -0.081797 -0.0436335
1 12.8531 3.98675 -0.0824163 -0.0456884
1 13.9741 3.99186 -0.0871348 -0.0386742
1 15.0966 3.99318 -0.0898438 -0.0159158
1 16.2196 3.99177 -0.0801758 -0.00167452
1 17.3413 3.98915 -0.0574961 0.00285084
1 18.4627 3.98682 -0.0360098 0.00639483
1 19.5855 3.98502 -0.0218203 0.0102531
1 20.7102 3.98353 -0.0140899 0.0116004
1 21.8374 3.98294 -0.0032695 0.0118861
1 22.9651 3.98305 0.00845399 0.0123297
1 24.0913 3.98425 0.0144573 0.00938467
1 25.2152 3.986 0.0233805 0.00700724
1 26.3369 3.98805 0.0418783 0.00471428
1 27.4584 3.99083 0.0717743 0.00191003
1 28.5815 3.9929 0.095266 -0.00768662
1 29.7048 3.99307 0.099281 -0.0281651
1 30.8268 3.98994 0.0892637 -0.0469134
1 31.9468 3.98383 0.0735266 -0.047802
1 33.0646 3.97904 0.0710903 -0.0464995
1 34.1801 3.97594 0.0633311 -0.0578887
1 35.2941 3.97311 0.0558037 -0.0744518
1 36.407 3.97141 0.0569483 -0.0855091
1 37.5202 3.97156 0.0571186 -0.085462
1 38.6346 3.97304 0.0611969 -0.0812697
1 39.7491 3.97539 0.0608629 -0.0797275
1 40.8624 3.9794 0.0537677 -0.0675619
1 41.9754 3.98358 0.0526407 -0.0728372
1 43.0875 3.98719 0.0552641 -0.0729572
1 44.2077 3.98803 0.0588384 -0.0748013
1 0.036604 4.95227 -0.0669354 -0.0716505
1 1.15614 4.95079 -0.0677352 -0.0673098
1 2.26849 4.94613 -0.0598765 -0.0644882
1 3.38024 4.94176 -0.0493406 -0.0678451
1 4.49232 4.93801 -0.0603878 -0.073567
1 5.60598 4.9348 -0.0653653 -0.0815298
1 6.72003 4.93412 -0.0606549 -0.0876795
1 7.83269 4.93546 -0.0552465 -0.0875829
1 8.94539 4.93768 -0.0617926 -0.0730932
1 10.0599 4.93916 -0.0685146 -0.0519852
1 11.1754 4.94058 -0.0671361 -0.0364099
1 12.2929 4.94278 -0.0746905 -0.0346193
1 13.4131 4.94712 -0.0923052 -0.0421812
1 14.5356 4.95059 -0.0985266 -0.0289128
1 15.6592 4.95107 -0.09805 -0.0154711
1 16.7828 4.95025 -0.0744093 -0.00864579
1 17.9044 4.94912 -0.0383663 -0.003339
1 19.0255 4.94805 -0.0184869 -0.00185665
1 20.1486 4.94701 -0.0105247 0.00564916
1 21.2742 4.9464 -0.00292342 0.00838032
1 22.4014 4.94619 0.00750488 0.00429036
1 23.5281 4.94662 0.0083571 0.00659859
1 24.6524 4.94766 0.0108081 0.00147049
1 25.7743 4.94859 0.025592 -0.00268732
1 26.8955 4.94975 0.0454767 -0.00475497
1 28.0177 4.95098 0.0823786 -0.0115222
1 29.1417 4.95118 0.102496 -0.0209447
1 30.2658 4.94943 0.0975903 -0.0375211
1 31.3872 4.94534 0.085869 -0.0423453
1 32.5056 4.9418 0.0786354 -0.0371357
1 33.6219 4.9398 0.0739003 -0.0483866
1 34.7372 4.93787 0.062985 -0.0603611
1 35.8511 4.93625 0.0498 -0.0766332
1 36.9634 4.93467 0.0494895 -0.0854362
1 38.0763 4.93513 0.0559763 -0.0816413
1 39.1901 4.93704 0.0680575 -0.0810748
1 40.3039 4.94009 0.0662786 -0.0700728
1 41.4172 4.94446 0.0633649 -0.067336
1 42.5301 4.94908 0.0601893 -0.0622477
1 43.6448 4.95216 0.0592759 -0.0749456
1 0.599227 5.91613 -0.0736577 -0.0723383
1 1.71407 5.91144 -0.0752756 -0.0669265
1 2.82651 5.90722 -0.0713266 -0.0734863
1 3.93898 5.90296 -0.0811328 -0.0719737
1 5.05237 5.89896 -0.077168 -0.0779491
1 6.16519 5.89745 -0.062283 -0.0936359
1 7.27675 5.89837 -0.0534203 -0.0953886
1 8.38878 5.90024 -0.0575953 -0.0782243
1 9.50341 5.90164 -0.0710613 -0.0565075
1 10.6191 5.90213 -0.0826275 -0.0409563
1 11.7353 5.90175 -0.0836593 -0.0279199
1 12.8537 5.90309 -0.0865722 -0.0353271
1 13.9743 5.90631 -0.0904603 -0.0396853
1 15.0973 5.90877 -0.0939984 -0.0316876
1 16.2215 5.90989 -0.0836697 -0.0279806
1 17.3441 5.91021 -0.0492919 -0.0238048
1 18.4651 5.91063 -0.0221414 -0.0166551
1 19.5869 5.91076 -0.00692509 -0.00923967
1 20.7108 5.91013 -0.00423495 -0.00163501
1 21.8372 5.91007 -0.00217689 -0.00327059
1 22.9645 5.91017 0.00425379 -0.0043829
1 24.0906 5.91033 0.00361948 -0.00644649
1 25.2138 5.9107 0.00825319 -0.0124426
1 26.3349 5.91054 0.0290856 -0.0193448
1 27.4564 5.91028 0.0651335 -0.0242941
1 28.5796 5.90968 0.0953375 -0.0278276
1 29.7035 5.90808 0.104023 -0.0384525
1 30.8257 5.90517 0.0959107 -0.0428771
1 31.9452 5.90264 0.077302 -0.0287089
1 33.0624 5.90241 0.0783614 -0.0353348
1 34.1781 5.90157 0.0805013 -0.0572122
1 35.293 5.90026 0.0706464 -0.0638409
1 36.4065 5.899 0.0701231 -0.0831365
1 37.5193 5.89781 0.0735267 -0.088635
1 38.633 5.89871 0.0769826 -0.0847314
1 39.7465 5.90142 0.0727079 -0.0762321
1 40.8587 5.90536 0.0642326 -0.0760636
1 41.9708 5.90916 0.0640232 -0.0649862
1 43.0836 5.91437 0.0810334 -0.0684064
1 44.2026 5.9199 0.0758463 -0.0901404
1 0.0422119 6.88458 -0.0818179 -0.0863259
1 1.16173 6.87747 -0.0820146 -0.0683053
1 2.27379 6.87287 -0.0730177 -0.0746392
1 3.38555 6.86931 -0.0726984 -0.0692487
1 4.49766 6.8649 -0.078877 -0.0766344
1 5.60961 6.86254 -0.072569 -0.0870127
1 6.72162 6.86266 -0.0725006 -0.0903065
1 7.83364 6.86384 -0.0754574 -0.0790234
1 8.94735 6.86429 -0.0822062 -0.0595288
1 10.0635 6.86449 -0.0933723 -0.0423369
1 11.1804 6.86378 -0.0873265 -0.0255763
1 12.2973 6.86268 -0.0801043 -0.0244222
1 13.4153 6.86396 -0.0863491 -0.0355468
1 14.5353 6.86676 -0.0906472 -0.0389151
1 15.6576 6.86909 -0.0923337 -0.0342089
1 16.7811 6.87086 -0.0662398 -0.0307772
1 17.9031 6.87258 -0.0293434 -0.0251168
1 19.0241 6.8738 -0.00734823 -0.0170298
1 20.1472 6.8741 0.0023928 -0.00488268
1 21.2736 6.87427 -0.000377286 -0.00108403
1 22.4018 6.87443 0.000340835 -0.00313501
1 23.5292 6.87423 0.00258814 -0.00246081
1 24.6539 6.87398 0.00192296 -0.0106356
1 25.7758 6.87339 0.0165313 -0.0214884
1 26.897 6.87187 0.0422254 -0.0278899
1 28.0195 6.87022 0.0769359 -0.0322368
1 29.1427 6.86846 0.0899416 -0.0359467
1 30.2649 6.86585 0.0870058 -0.0395155
1 31.384 6.8634 0.0840117 -0.0312637
1 32.5006 6.86358 0.0867932 -0.0230837
1 33.617 6.86482 0.0924292 -0.0385951
1 34.7335 6.86453 0.0784172 -0.0536143
1 35.848 6.86367 0.062738 -0.0727161
1 36.9598 6.86232 0.0675759 -0.0850532
1 38.0714 6.86239 0.0792734 -0.0830483
1 39.184 6.86407 0.090161 -0.0790298
1 40.2967 6.86777 0.0969911 -0.0731026
1 41.4089 6.87159 0.0878005 -0.0766244
1 42.5206 6.87576 0.100358 -0.0785641
1 43.6349 6.88258 0.108089 -0.075535
1 0.612536 7.84561 -0.109109 -0.0751009
1 1.72543 7.83963 -0.0971047 -0.0741734
1 2.8364 7.83559 -0.0926577 -0.0763192
1 3.94753 7.83143 -0.0895461 -0.0733742
1 5.05844 7.82894 -0.0841888 -0.0859528
1 6.16932 7.82786 -0.0769965 -0.087288
1 7.28021 7.82747 -0.0756573 -0.079947
1 8.39315 7.82711 -0.082837 -0.0625329
1 9.50902 7.82661 -0.0967723 -0.0466335
1 10.6263 7.82558 -0.106909 -0.0340425
1 11.7427 7.82436 -0.0907567 -0.0282818
1 12.8583 7.82426 -0.0802759 -0.0340262
1 13.9751 7.82594 -0.0765471 -0.0411229
1 15.0949 7.82867 -0.0864569 -0.0404093
1 16.2171 7.83102 -0.0843448 -0.0401279
1 17.3397 7.83326 -0.0514033 -0.039245
1 18.4615 7.83573 -0.0240423 -0.0295236
1 19.5835 7.83714 -0.00645991 -0.0192345
1 20.7082 7.8376 -0.00441432 -0.0120184
1 21.8368 7.83811 -0.00416665 -0.00793105
1 22.9662 7.83825 0.00524684 -0.00803073
1 24.0935 7.83757 0.00543921 -0.0164927
1 25.2174 7.83671 0.00849732 -0.0266301
1 26.3389 7.83471 0.031098 -0.0333398
1 27.4611 7.83212 0.0690302 -0.0387137
1 28.5839 7.83021 0.0884962 -0.0396742
1 29.7047 7.82801 0.0870327 -0.042218
1 30.8223 7.82554 0.0861241 -0.0402048
1 31.9381 7.8247 0.0768486 -0.0289373
1 33.0543 7.82567 0.0912125 -0.0307737
1 34.1717 7.82643 0.112241 -0.0443869
1 35.2888 7.82721 0.0990048 -0.056778
1 36.4028 7.82717 0.0801802 -0.0759266
1 37.5137 7.82713 0.073412 -0.0860852
1 38.6247 7.82786 0.0811278 -0.0836223
1 39.736 7.83062 0.0872285 -0.0768751
1 40.8469 7.83437 0.0883587 -0.0762915
1 41.9576 7.83813 0.0926385 -0.0832749
1 43.0692 7.84307 0.105184 -0.0776629
1 44.1892 7.85272 0.103784 -0.0757888
1 0.0569237 8.81405 -0.0993876 -0.0670502
1 1.17661 8.80642 -0.105774 -0.0795864
1 2.28776 8.80175 -0.0918923 -0.0792239
1 3.39793 8.79842 -0.0835539 -0.0827087
1 4.50691 8.79568 -0.0801487 -0.0881154
1 5.61691 8.79397 -0.0811441 -0.0861608
1 6.72801 8.79212 -0.0881351 -0.0753128
1 7.84047 8.78996 -0.105805 -0.0644073
1 8.95602 8.78812 -0.118463 -0.0531276
1 10.0737 8.78693 -0.122412 -0.04647
1 11.1906 8.78628 -0.0983399 -0.0399977
1 12.3055 8.78625 -0.0775424 -0.0384396
1 13.4198 8.78778 -0.0808332 -0.0432179
1 14.5355 8.78971 -0.0839429 -0.045564
1 15.6545 8.79148 -0.0949259 -0.0435187
1 16.7764 8.7937 -0.0798497 -0.046085
1 17.8987 8.79656 -0.0434636 -0.0440588
1 19.0203 8.79906 -0.0166573 -0.0362928
1 20.1441 8.80073 -0.00952019 -0.0287252
1 21.2723 8.80157 -0.00809106 -0.0241889
1 22.4025 8.8016 0.0063347 -0.0210901
1 23.5315 8.80131 0.0128619 -0.0254409
1 24.6575 8.80034 0.011472 -0.0348531
1 25.78 8.7981 0.0280815 -0.0414399
1 26.9017 8.79516 0.0557514 -0.0447866
1 28.0237 8.79289 0.0845109 -0.0433433
1 29.1444 8.79134 0.0837225 -0.041652
1 30.2621 8.78941 0.0737765 -0.0432791
1 31.3771 8.7875 0.0797313 -0.0454259
1 32.4913 8.78685 0.0963969 -0.0453802
1 33.6066 8.78706 0.118871 -0.0452651
1 34.7238 8.78795 0.118296 -0.047581
1 35.8412 8.78914 0.101473 -0.0598656
1 36.9545 8.79118 0.0869906 -0.0694263
1 38.065 8.79327 0.0777607 -0.0851478
1 39.1749 8.79458 0.0825334 -0.0890788
1 40.2844 8.79716 0.0904379 -0.0803838
1 41.3941 8.80115 0.0890091 -0.0818588
1 42.5042 8.80475 0.0945333 -0.0772813
1 43.616 8.81067 0.104081 -0.070852
1 0.627554 9.77326 -0.0915737 -0.0638276
1 1.73947 9.76866 -0.0887609 -0.0814172
1 2.84892 9.76563 -0.0800983 -0.0852503
1 3.95811 9.76373 -0.0822142 -0.0902806
1 5.06743 9.76178 -0.0910395 -0.0871908
1 6.17861 9.75885 -0.094778 -0.0719218
1 7.29105 9.75417 -0.103418 -0.05788
1 8.40555 9.75065 -0.113203 -0.0556509
1 9.52259 9.74905 -0.118606 -0.0527288
1 10.639 9.74888 -0.11666 -0.0527155
1 11.7536 9.74952 -0.0944518 -0.0539706
1 12.8669 9.7512 -0.0778236 -0.0519876
1 13.9806 9.75341 -0.0641237 -0.0430306
1 15.0968 9.75475 -0.0739117 -0.0392139
1 16.2158 9.75576 -0.0850631 -0.0429724
1 17.3365 9.75764 -0.059899 -0.0484402
1 18.4579 9.76063 -0.0314842 -0.0469508
1 19.5803 9.76335 -0.0180692 -0.0410422
1 20.7064 9.76506 -0.0156007 -0.0369004
1 21.8366 9.76576 -0.00381642 -0.0351691
1 22.9672 9.76545 0.0111245 -0.0349033
1 24.096 9.76438 0.0122723 -0.0404087
1 25.2206 9.76225 0.0203486 -0.0449234
1 26.3423 9.75923 0.0418342 -0.0468317
1 27.4639 9.75677 0.0738541 -0.0449404
1 28.5843 9.75567 0.0837271 -0.0390718
1 29.7016 9.75502 0.0758509 -0.0394061
1 30.8158 9.75331 0.0791726 -0.0493086
1 31.9287 9.75129 0.0767531 -0.0549466
1 33.0427 9.74978 0.0920525 -0.0542607
1 34.1582 9.74923 0.11698 -0.054485
1 35.2752 9.75017 0.121961 -0.0558857
1 36.3911 9.75267 0.118256 -0.0573826
1 37.5046 9.75685 0.100838 -0.0631496
1 38.6164 9.76072 0.0859314 -0.0814846
1 39.7261 9.76323 0.07585 -0.0898846
1 40.8343 9.76526 0.068016 -0.0847852
1 41.9436 9.76788 0.0767362 -0.0785898
1 43.0536 9.77208 0.0903564 -0.0753275
1 44.1729 9.77637 0.0819127 -0.0583583
1 0.0701593 10.7388 -0.0684469 -0.0567358
1 1.18879 10.7359 -0.0730434 -0.0681989
1 2.29842 10.7336 -0.0623409 -0.0851642
1 3.40678 10.7319 -0.0580871 -0.0901893
1 4.51617 10.7304 -0.0773432 -0.083168
1 5.62821 10.7265 -0.0945066 -0.0696439
1 6.74205 10.7204 -0.101815 -0.0576648
1 7.85568 10.7152 -0.104611 -0.0587615
1 8.97072 10.7122 -0.102011 -0.0600911
1 10.0864 10.712 -0.0973871 -0.0629311
1 11.2011 10.7134 -0.0766658 -0.0608266
1 12.3145 10.7154 -0.0658293 -0.0631284
1 13.427 10.7184 -0.0721626 -0.0585198
1 14.5402 10.7202 -0.063501 -0.0436253
1 15.6564 10.7205 -0.0687516 -0.0410725
1 16.7757 10.7211 -0.0671725 -0.0473851
1 17.8961 10.7227 -0.0402042 -0.0542799
1 19.0171 10.7256 -0.0139842 -0.05703
1 20.1416 10.7286 -0.0122132 -0.0539846
1 21.2712 10.7304 -0.0122555 -0.0492907
1 22.403 10.7304 0.00725985 -0.0490402
1 23.5339 10.7294 0.0124703 -0.0536063
1 24.6606 10.7274 0.0103914 -0.0557253
1 25.7829 10.7242 0.0275147 -0.0566649
1 26.9038 10.7219 0.0495829 -0.0529514
1 28.0235 10.7211 0.0688859 -0.0417585
1 29.1409 10.721 0.0614813 -0.03708
1 30.2561 10.7205 0.0546671 -0.0480523
1 31.3691 10.7179 0.0660592 -0.0648706
1 32.4818 10.715 0.0817501 -0.065976
1 33.5955 10.7133 0.098853 -0.0640357
1 34.7105 10.7126 0.0972392 -0.063511
1 35.8261 10.7139 0.0913953 -0.0606987
1 36.9398 10.718 0.0965441 -0.0561108
1 38.053 10.7243 0.0971597 -0.0612405
1 39.1657 10.7294 0.0910096 -0.0786203
1 40.2764 10.7317 0.0760926 -0.0884465
1 41.3854 10.7334 0.0664898 -0.0905108
1 42.4944 10.7356 0.072056 -0.0802483
1 43.6066 10.7374 0.074051 -0.0614803
1 0.634203 11.7016 -0.0710985 -0.0649996
1 1.74567 11.7006 -0.0621587 -0.0774934
1 2.85507 11.6997 -0.0637952 -0.0842919
1 3.96533 11.6972 -0.0799992 -0.0766723
1 5.07795 11.6934 -0.0880331 -0.0631134
1 6.19201 11.6872 -0.0820695 -0.0509582
1 7.30508 11.6806 -0.0732166 -0.0529688
1 8.41767 11.6762 -0.0656369 -0.0570138
1 9.53193 11.675 -0.0722888 -0.0615567
1 10.646 11.6764 -0.0787362 -0.0609528
1 11.7592 11.6785 -0.0653762 -0.0645091
1 12.872 11.6819 -0.0541206 -0.0659151
1 13.9854 11.6852 -0.0484294 -0.0498602
1 15.1001 11.6863 -0.053515 -0.0352813
1 16.2167 11.6861 -0.0574518 -0.031762
1 17.3354 11.6859 -0.039645 -0.0399977
1 18.4551 11.6877 -0.0170219 -0.0521004
1 19.5767 11.6907 -0.00626801 -0.0557641
1 20.7041 11.693 -0.00986867 -0.0516666
1 21.836 11.6942 -0.00213385 -0.0524043
1 22.9689 11.6939 0.0115997 -0.0536882
1 24.0997 11.692 0.0073665 -0.0534484
1 25.2242 11.6891 0.00670957 -0.0533854
1 26.3445 11.6868 0.0226778 -0.0486469
1 27.4643 11.6862 0.0495307 -0.0349973
1 28.5823 11.6866 0.0562612 -0.0300905
1 29.6979 11.6867 0.0538686 -0.0392779
1 30.8112 11.6848 0.06239 -0.0587162
1 31.9233 11.6811 0.0543921 -0.0661709
1 33.0366 11.6782 0.0603574 -0.0635966
1 34.1509 11.6762 0.0752766 -0.0644341
1 35.2654 11.6759 0.0742403 -0.0585356
1 36.3787 11.679 0.076588 -0.0541773
1 37.4911 11.6843 0.0790345 -0.0526308
1 38.6053 11.6912 0.081509 -0.0551905
1 39.719 11.6961 0.0745816 -0.0711174
1 40.8299 11.699 0.0503349 -0.0802619
1 41.9393 11.7007 0.0431492 -0.0801777
1 43.0493 11.7015 0.0510369 -0.0705839
1 44.1674 11.702 0.0447911 -0.0571312
1 0.0724566 12.6669 -0.0346282 -0.060323
1 1.18998 12.6678 -0.0467578 -0.0765584
1 2.30001 12.6664 -0.0402102 -0.0768891
1 3.4108 12.6641 -0.0442289 -0.070279
1 4.52288 12.66 -0.0634902 -0.0663553
1 5.63682 12.6542 -0.0648086 -0.0570736
1 6.75047 12.6475 -0.0562743 -0.0572188
1 7.86242 12.6425 -0.0576794 -0.0600844
1 8.97502 12.6394 -0.0569538 -0.0640265
1 10.089 12.6397 -0.0619433 -0.0691983
1 11.2032 12.642 -0.0520676 -0.0650988
1 12.3164 12.6453 -0.0463043 -0.0689034
1 13.4287 12.6491 -0.0546603 -0.065691
1 14.5426 12.6516 -0.048188 -0.0439723
1 15.6583 12.652 -0.0475124 -0.0287693
1 16.7758 12.6511 -0.0390121 -0.027527
1 17.8944 12.6508 -0.015484 -0.0363567
1 19.0139 12.6523 0.00227898 -0.0439519
1 20.1384 12.6545 -0.00154062 -0.0507642
1 21.2696 12.6564 -0.00878927 -0.0524891
1 22.4036 12.6569 0.00183653 -0.0543303
1 23.5367 12.6556 0.00618544 -0.0545805
1 24.6641 12.6535 -0.00198503 -0.0495142
1 25.7855 12.6515 0.00378704 -0.0424531
1 26.9048 12.651 0.0254027 -0.0312143
1 28.0225 12.6519 0.0516649 -0.0256707
1 29.139 12.6523 0.049192 -0.0349743
1 30.2544 12.6512 0.0444603 -0.0527721
1 31.3678 12.6478 0.0471104 -0.0684723
1 32.4809 12.6442 0.052072 -0.0686427
1 33.5944 12.6417 0.0654318 -0.0664981
1 34.708 12.6401 0.0526031 -0.0653511
1 35.8209 12.6415 0.0366947 -0.0618793
1 36.9322 12.6456 0.0430716 -0.0609445
1 38.0441 12.6513 0.0600947 -0.0547627
1 39.1583 12.6578 0.0769565 -0.0615245
1 40.2717 12.6624 0.0704456 -0.0647265
1 41.3836 12.6659 0.0535945 -0.0721544
1 42.4943 12.6674 0.0537335 -0.0748922
1 43.6059 12.6678 0.0586521 -0.0683616
1 0.633044 13.6348 -0.0421187 -0.0698033
1 1.74546 13.6344 -0.0477612 -0.0783902
1 2.85625 13.6316 -0.0500472 -0.0787677
1 3.96852 13.6272 -0.0569016 -0.0753066
1 5.08196 13.622 -0.0609065 -0.0755016
1 6.19577 13.6163 -0.0464066 -0.0786312
1 7.30742 13.6108 -0.0348713 -0.0827965
1 8.41851 13.6072 -0.0259931 -0.0831075
1 9.5308 13.6056 -0.0386179 -0.0852
1 10.6444 13.6068 -0.0557368 -0.0875326
1 11.7581 13.6095 -0.0480378 -0.0870989
1 12.8715 13.6134 -0.0405586 -0.0870552
1 13.9852 13.6166 -0.0409767 -0.0779697
1 15.101 13.6181 -0.0486449 -0.0600563
1 16.2177 13.6179 -0.0444964 -0.0471534
1 17.3354 13.6167 -0.0172112 -0.0484225
1 18.4538 13.6163 0.00390052 -0.0547489
1 19.5744 13.6172 0.00837736 -0.064106
1 20.7025 13.6187 -0.000445709 -0.0724881
1 21.8361 13.6198 -0.000933295 -0.0760901
1 22.9706 13.6197 0.00616913 -0.0755849
1 24.1021 13.618 -0.00373728 -0.0699457
1 25.2261 13.6167 -0.013739 -0.0624781
1 26.3451 13.6167 0.00500779 -0.0522563
1 27.4631 13.6178 0.0331936 -0.0446682
1 28.581 13.6184 0.0433006 -0.0530452
1 29.698 13.6177 0.0474798 -0.0695292
1 30.812 13.6153 0.0527815 -0.082447
1 31.9245 13.612 0.0374963 -0.0856282
1 33.0379 13.609 0.0438194 -0.085119
1 34.1521 13.6067 0.0547126 -0.0845141
1 35.2661 13.6069 0.043706 -0.0821305
1 36.3785 13.6098 0.0414042 -0.0810376
1 37.4897 13.6142 0.04152 -0.0801009
1 38.6024 13.6199 0.0459338 -0.0777938
1 39.716 13.6251 0.0468375 -0.075819
1 40.8283 13.6298 0.0356559 -0.0761708
1 41.9397 13.6332 0.0385117 -0.0786171
1 43.0506 13.6352 0.0449959 -0.0753082
1 44.169 13.6335 0.0330826 -0.0705558
1 0.0705824 14.6022 -0.031986 -0.0797817
1 1.18949 14.6021 -0.0373651 -0.0761781
1 2.301 14.6 -0.0300063 -0.0783751
1 3.41212 14.5957 -0.0290181 -0.0837596
1 4.5238 14.5909 -0.0369665 -0.0852521
1 5.63682 14.5858 -0.0366965 -0.0910779
1 6.74941 14.5811 -0.0302166 -0.0911348
1 7.86036 14.5769 -0.035245 -0.0943221
1 8.97226 14.5742 -0.0368582 -0.0882189
1 10.086 14.5735 -0.0421167 -0.0894823
1 11.2004 14.5755 -0.0367421 -0.0906644
1 12.3142 14.5787 -0.0365803 -0.0886158
1 13.427 14.5821 -0.0472761 -0.0876389
1 14.5415 14.5845 -0.0450466 -0.0779746
1 15.6587 14.5852 -0.0477871 -0.0625487
1 16.777 14.5849 -0.0327562 -0.053308
1 17.8951 14.5838 -0.00161284 -0.0542846
1 19.0137 14.5827 0.0129333 -0.0603793
1 20.1374 14.5829 0.00896656 -0.0715133
1 21.269 14.584 0.000377284 -0.0774679
1 22.4042 14.5844 -0.00146658 -0.0773165
1 23.538 14.5834 -0.00267121 -0.0743571
1 24.6651 14.583 -0.0118164 -0.06744
1 25.7853 14.5838 -0.0099939 -0.0561636
1 26.9035 14.5848 0.0133943 -0.0514252
1 28.0217 14.5854 0.0436012 -0.0582372
1 29.1397 14.5853 0.0499547 -0.0716899
1 30.2557 14.5836 0.0412304 -0.0834064
1 31.3697 14.5806 0.0347644 -0.0889358
1 32.4833 14.5776 0.0417815 -0.0899813
1 33.597 14.5749 0.0515558 -0.0886525
1 34.7108 14.5742 0.032645 -0.0864305
1 35.8235 14.5761 0.0211 -0.0911953
1 36.9343 14.5794 0.0288278 -0.0911356
1 38.0458 14.5841 0.036061 -0.0882793
1 39.1593 14.5887 0.0477702 -0.085598
1 40.2717 14.5938 0.0468084 -0.084706
1 41.3835 14.5982 0.0388884 -0.08021
1 42.4949 14.6012 0.0387394 -0.076404
1 43.6086 14.6018 0.0391358 -0.0718435
1 0.631997 15.5695 -0.0405012 -0.0758493
1 1.74547 15.5678 -0.0305823 -0.0700341
1 2.85689 15.5647 -0.0252166 -0.0660719
1 3.96839 15.5604 -0.0349181 -0.0736514
1 5.08025 15.5556 -0.036958 -0.0751799
1 6.19255 15.5513 -0.0284066 -0.0767395
1 7.30393 15.5468 -0.0202108 -0.0759329
1 8.4149 15.5434 -0.0209852 -0.0763332
1 9.52758 15.5413 -0.0347318 -0.0711453
1 10.6413 15.5415 -0.0432906 -0.0695227
1 11.7556 15.544 -0.0356546 -0.0668793
1 12.8696 15.5472 -0.0336688 -0.0642948
1 13.9835 15.5497 -0.0388294 -0.0574375
1 15.0998 15.5509 -0.048328 -0.0473288
1 16.2178 15.5514 -0.0466144 -0.0365424
1 17.3365 15.5511 -0.014103 -0.0265636
1 18.4551 15.5497 0.0117539 -0.025815
1 19.5749 15.5483 0.0140674 -0.0364545
1 20.7018 15.5477 0.00260792 -0.0450479
1 21.836 15.5477 0.000822772 -0.0459597
1 22.9715 15.5478 0.00255324 -0.0461001
1 24.1024 15.5481 -0.0115215 -0.0397557
1 25.2253 15.5492 -0.0196843 -0.0290352
1 26.3439 15.5509 0.00300062 -0.0244581
1 27.4624 15.5518 0.0336515 -0.0330261
1 28.5817 15.5516 0.0491077 -0.0418555
1 29.6996 15.5508 0.0463297 -0.0522611
1 30.8142 15.5488 0.0426016 -0.0651008
1 31.9271 15.5459 0.0291727 -0.0671938
1 33.0408 15.5429 0.0321724 -0.064304
1 34.1552 15.5415 0.0382576 -0.0685217
1 35.2693 15.543 0.0332681 -0.0716798
1 36.3812 15.5457 0.0280197 -0.0755479
1 37.4923 15.5494 0.0265851 -0.0755413
1 38.6049 15.5535 0.0309399 -0.0777882
1 39.7172 15.5585 0.0316019 -0.073228
1 40.8285 15.5629 0.0139428 -0.0708838
1 41.9397 15.5665 0.0170667 -0.0668526
1 43.0513 15.5684 0.0344692 -0.0715445
1 44.1696 15.5707 0.0343201 -0.0787456
1 0.0726711 16.5393 -0.0198613 -0.0709717
1 1.19045 16.5355 -0.0267938 -0.0725826
1 2.30082 16.5324 -0.00944064 -0.0638872
1 3.41132 16.5288 -0.00254145 -0.0611958
1 4.52258 16.5246 -0.017506 -0.0672651
1 5.63447 16.5199 -0.0264995 -0.0696456
1 6.7466 16.5153 -0.0244264 -0.0696033
1 7.85717 16.5111 -0.0224951 -0.0664985
1 8.96933 16.508 -0.0299421 -0.0623496
1 10.0836 16.5063 -0.0375907 -0.0592003
1 11.1979 16.507 -0.0269082 -0.0560918
1 12.312 16.5096 -0.0243763 -0.0516408
1 13.4255 16.5125 -0.0397301 -0.0457453
1 14.54 16.5138 -0.0418455 -0.0392535
1 15.6574 16.5141 -0.0498335 -0.031129
1 16.7764 16.5146 -0.0404982 -0.0241003
1 17.8953 16.5141 -0.00573295 -0.018891
1 19.0143 16.5123 0.0167214 -0.0216921
1 20.1378 16.5102 0.0118216 -0.0304045
1 21.269 16.5087 -0.00149691 -0.0403704
1 22.4043 16.5083 -0.00187021 -0.0410053
1 23.5381 16.5094 -0.00413203 -0.033371
1 24.6649 16.5116 -0.0148863 -0.0246675
1 25.7847 16.5138 -0.0112959 -0.0176888
1 26.9034 16.5148 0.0171074 -0.0200699
1 28.0228 16.5146 0.0500735 -0.0274858
1 29.1411 16.5144 0.0526919 -0.035015
1 30.2572 16.5137 0.0364889 -0.0441289
1 31.3716 16.5115 0.0273061 -0.0483021
1 32.4856 16.5084 0.0312306 -0.0521507
1 33.5996 16.5068 0.0412223 -0.0591021
1 34.7135 16.5074 0.028408 -0.0601715
1 35.8266 16.5099 0.0156995 -0.0631162
1 36.9375 16.5134 0.0168864 -0.0675709
1 38.0486 16.5177 0.0259928 -0.0709093
1 39.1607 16.5224 0.0325221 -0.0666472
1 40.2726 16.5267 0.0265588 -0.0632766
1 41.3841 16.5308 0.0191248 -0.0616493
1 42.495 16.534 0.0337561 -0.0703717
1 43.6072 16.5371 0.0436048 -0.0722659
1 0.635731 17.5041 -0.0364673 -0.0671463
1 1.74705 17.5007 -0.0318875 -0.0674275
1 2.85639 17.4967 -0.020577 -0.0618888
1 3.96698 17.492 -0.023461 -0.0564139
1 5.07887 17.4879 -0.0257833 -0.0594459
1 6.1911 17.4833 -0.0225977 -0.0651455
1 7.30192 17.4789 -0.0182177 -0.0681371
1 8.4125 17.4745 -0.013616 -0.0643612
1 9.52536 17.4716 -0.0264498 -0.0614209
1 10.6395 17.4707 -0.0382906 -0.0587396
1 11.7535 17.4718 -0.0300628 -0.0563201
1 12.8678 17.4745 -0.0279002 -0.0531299
1 13.9822 17.4769 -0.0338216 -0.0447963
1 15.0979 17.4776 -0.0492365 -0.0425577
1 16.2155 17.4775 -0.0561922 -0.0455411
1 17.3351 17.4777 -0.0260798 -0.0437439
1 18.4547 17.4773 0.00789019 -0.0449189
1 19.5753 17.4752 0.0179313 -0.0508642
1 20.7024 17.472 0.00858374 -0.0585563
1 21.8362 17.47 0.00443103 -0.0626036
1 22.9709 17.4708 -0.000553113 -0.0619187
1 24.1016 17.4737 -0.0150348 -0.0536511
1 25.2255 17.4765 -0.0194582 -0.0459382
1 26.3454 17.4779 0.00547495 -0.0424697
1 27.4649 17.478 0.0422785 -0.0442823
1 28.5837 17.4778 0.0539164 -0.0429598
1 29.7008 17.4777 0.0414781 -0.0445437
1 30.8155 17.4762 0.038956 -0.0504759
1 31.9287 17.4734 0.0277686 -0.0546741
1 33.0424 17.4715 0.0262185 -0.0571171
1 34.1572 17.4713 0.0355843 -0.0624071
1 35.2719 17.4729 0.0339352 -0.0618135
1 36.384 17.4767 0.0252339 -0.0621459
1 37.4947 17.4814 0.0190056 -0.065202
1 38.6066 17.486 0.0180817 -0.0596266
1 39.7189 17.4903 0.0119727 -0.0590997
1 40.8299 17.4944 -0.0011574 -0.0602644
1 41.9396 17.4986 0.0109823 -0.0650055
1 43.0492 17.5027 0.0226106 -0.0698751
1 44.1672 17.5059 0.00509513 -0.0592129
1 0.0729386 18.4705 0.00576279 -0.051701
1 1.19167 18.4693 -0.0152089 -0.0577649
1 2.30156 18.4656 -0.0107217 -0.0609937
1 3.41089 18.4611 -0.00769417 -0.0611425
1 4.52089 18.4563 -0.0167773 -0.0619841
1 5.63293 18.452 -0.0163379 -0.0636432
1 6.74503 18.4478 -0.0147696 -0.0669856
1 7.85567 18.4434 -0.0252922 -0.0708075
1 8.96734 18.4392 -0.0328931 -0.0778085
1 10.0819 18.4369 -0.0397602 -0.0766426
1 11.1967 18.437 -0.0274389 -0.0711917
1 12.3105 18.439 -0.0279042 -0.0692184
1 13.4237 18.4421 -0.0461345 -0.0681847
1 14.5379 18.4444 -0.0475021 -0.0656665
1 15.6544 18.445 -0.0566833 -0.0663763
1 16.7731 18.4446 -0.0482085 -0.075562
1 17.8931 18.4442 -0.00826638 -0.0835989
1 19.0142 18.4435 0.0215504 -0.0855441
1 20.1394 18.4412 0.0187679 -0.0843709
1 21.2702 18.4379 0.00246699 -0.088203
1 22.4034 18.4369 -0.00344034 -0.0872478
1 23.5362 18.4392 -0.0114122 -0.0834262
1 24.6642 18.4426 -0.0223378 -0.0851157
1 25.7862 18.4442 -0.00953305 -0.0861642
1 26.9068 18.4446 0.0278992 -0.077888
1 28.0264 18.4452 0.0574173 -0.0689462
1 29.1437 18.4452 0.0529125 -0.0641911
1 30.2591 18.4436 0.0450943 -0.066798
1 31.3733 18.4409 0.0359879 -0.0686447
1 32.4871 18.4384 0.0273507 -0.0721289
1 33.6012 18.4372 0.038114 -0.0753275
1 34.7153 18.438 0.0304422 -0.0757134
1 35.8278 18.4413 0.0138377 -0.0759629
1 36.9382 18.4456 0.0110015 -0.0710254
1 38.0492 18.4499 0.018362 -0.0635304
1 39.1619 18.4541 0.0318043 -0.0606627
1 40.2734 18.4587 0.0278503 -0.0612765
1 41.3833 18.4634 0.021541 -0.0632141
1 42.4923 18.4678 0.027669 -0.0603556
1 43.604 18.4705 0.0232443 -0.0544465
1 0.6346 19.4353 -0.0196025 -0.040401
1 1.74769 19.4337 -0.02408 -0.0493129
1 2.8575 19.4301 -0.0217504 -0.0609523
1 3.96735 19.4257 -0.0363867 -0.069406
1 5.07845 19.4209 -0.04213 -0.0723735
1 6.19058 19.4165 -0.0243792 -0.0744365
1 7.30164 19.4124 -0.0141639 -0.0761329
1 8.41218 19.4087 -0.0169379 -0.0794034
1 9.52442 19.4052 -0.0337513 -0.085732
1 10.6382 19.4041 -0.046957 -0.0899984
1 11.7519 19.4056 -0.0372983 -0.0794166
1 12.8655 19.4085 -0.0400096 -0.0750743
1 13.9792 19.4122 -0.0496782 -0.077168
1 15.0944 19.4146 -0.0607992 -0.0786965
1 16.212 19.4143 -0.0571144 -0.0869545
1 17.3321 19.4131 -0.0223578 -0.100695
1 18.453 19.4122 0.0123192 -0.108794
1 19.5761 19.411 0.018273 -0.102066
1 20.7049 19.409 0.00799777 -0.0937518
1 21.8371 19.4076 0.00304359 -0.0932451
1 22.9688 19.4082 -0.00194861 -0.0956949
1 24.0995 19.4102 -0.0135455 -0.0984633
1 25.2259 19.4118 -0.0200294 -0.105396
1 26.3478 19.4127 0.000370216 -0.105656
1 27.4683 19.4139 0.0407819 -0.0924659
1 28.5875 19.415 0.0608168 -0.0802105
1 29.7044 19.414 0.0566428 -0.0776043
1 30.8182 19.4106 0.0523116 -0.0764141
1 31.9307 19.4073 0.0352953 -0.0763495
1 33.044 19.4053 0.0360576 -0.084795
1 34.1582 19.4047 0.0471363 -0.0880836
1 35.2724 19.4071 0.0353905 -0.0821468
1 36.3844 19.4108 0.021458 -0.0788561
1 37.495 19.4144 0.0173516 -0.0753068
1 38.6066 19.4185 0.0251531 -0.0751346
1 39.7181 19.4234 0.0240785 -0.070528
1 40.8282 19.428 0.00875602 -0.0661089
1 41.9379 19.4322 0.00735741 -0.053716
1 43.0488 19.4351 0.00696064 -0.0468712
1 44.1688 19.4353 -0.00997766 -0.0423207
1 0.0685433 20.3987 0.00330268 -0.0274235
1 1.18982 20.3988 -0.00949172 -0.0315506
1 2.3022 20.3969 -0.00452941 -0.0398148
1 3.41288 20.3937 -0.00928153 -0.0511321
1 4.52368 20.3899 -0.0314181 -0.0602966
1 5.6351 20.3857 -0.0337386 -0.0688926
1 6.74631 20.3816 -0.0232286 -0.0709137
1 7.85618 20.3779 -0.0266694 -0.0712364
1 8.96775 20.3747 -0.0347237 -0.0689314
1 10.0815 20.3727 -0.045115 -0.0733662
1 11.1951 20.3734 -0.0447093 -0.0736354
1 12.3074 20.376 -0.0480906 -0.0666406
1 13.4191 20.3799 -0.0583733 -0.0625345
1 14.5331 20.3832 -0.0571903 -0.0651007
1 15.651 20.3842 -0.0590362 -0.0772053
1 16.7712 20.3829 -0.0377695 -0.0901249
1 17.8921 20.3809 0.00175815 -0.0962038
1 19.0141 20.3796 0.0168205 -0.091643
1 20.1403 20.3791 0.00411159 -0.0838884
1 21.2709 20.379 -0.00496106 -0.079917
1 22.4029 20.3792 0.000315106 -0.079191
1 23.5351 20.3792 0.000353496 -0.082008
1 24.6638 20.3794 -0.0135893 -0.0886919
1 25.787 20.3801 -0.0145521 -0.095564
1 26.9083 20.3819 0.0151589 -0.0931098
1 28.0289 20.384 0.0532586 -0.0843001
1 29.1477 20.3846 0.0623576 -0.0695847
1 30.2637 20.3821 0.0548241 -0.0625416
1 31.3768 20.3782 0.047722 -0.0631249
1 32.4892 20.3749 0.0502732 -0.0704065
1 33.602 20.3732 0.0595357 -0.0754149
1 34.7152 20.3738 0.0368855 -0.0714265
1 35.8277 20.3766 0.0192 -0.069632
1 36.938 20.3797 0.0214527 -0.0718801
1 38.0482 20.3837 0.0315164 -0.070409
1 39.1596 20.3879 0.0433119 -0.0656229
1 40.271 20.3922 0.0341881 -0.0563958
1 41.3818 20.3955 0.0146433 -0.0424526
1 42.4929 20.3982 0.0157141 -0.0338531
1 43.6071 20.3997 0.0118461 -0.0305811
1 0.631304 21.3619 -0.0103689 -0.0167835
1 1.7459 21.3609 -0.010211 -0.0201369
1 2.85792 21.3593 -0.0097027 -0.0297902
1 3.97016 21.3569 -0.0283195 -0.0409588
1 5.08235 21.3541 -0.04227 -0.0532216
1 6.19373 21.3505 -0.0394782 -0.0623959
1 7.30341 21.347 -0.0325099 -0.067697
1 8.41277 21.3438 -0.0345185 -0.0597492
1 9.52431 21.3414 -0.0472682 -0.0530038
1 10.6368 21.3414 -0.0622886 -0.0540613
1 11.7487 21.3437 -0.0578764 -0.0540509
1 12.8606 21.3472 -0.0582399 -0.0508022
1 13.974 21.3503 -0.0539839 -0.0510235
1 15.0911 21.3519 -0.0539143 -0.060057
1 16.2112 21.3516 -0.0477265 -0.07196
1 17.3326 21.3494 -0.0195709 -0.0783387
1 18.4534 21.3474 0.0085068 -0.0746804
1 19.5754 21.3471 0.0093507 -0.0672085
1 20.7036 21.348 -0.00252021 -0.0635133
1 21.8365 21.3491 0.000584315 -0.0659527
1 22.9697 21.3486 0.00857317 -0.065363
1 24.1007 21.3475 -0.000212974 -0.0659251
1 25.2262 21.347 -0.0128835 -0.0703145
1 26.3472 21.3482 -0.000723735 -0.0768089
1 27.4682 21.3507 0.0316971 -0.0751038
1 28.5896 21.3523 0.0496392 -0.0651057
1 29.709 21.3518 0.0516803 -0.0561068
1 30.8236 21.3493 0.0621938 -0.050621
1 31.935 21.3458 0.0584605 -0.0509812
1 33.0463 21.3428 0.0544762 -0.0526388
1 34.1587 21.3416 0.0556163 -0.0548967
1 35.2718 21.3427 0.0469926 -0.0571391
1 36.3825 21.3457 0.0394841 -0.0611348
1 37.4915 21.3489 0.0343981 -0.0650083
1 38.6025 21.3526 0.0362537 -0.0592406
1 39.7143 21.3558 0.0267831 -0.0486015
1 40.8262 21.3584 0.00194757 -0.0329527
1 41.9379 21.3605 0.000381683 -0.0254533
1 43.0515 21.3618 0.00813942 -0.0193459
1 44.1741 21.3624 0.00173604 -0.0222095
1 0.0643087 22.3238 0.00157628 -0.00930098
1 1.18802 22.323 -0.00449519 -0.0109207
1 2.30159 22.3221 0.00448675 -0.0149394
1 3.414 22.3211 0.00386085 -0.0213025
1 4.52676 22.3196 -0.0141633 -0.032409
1 5.63932 22.3178 -0.0295181 -0.0391269
1 6.75043 22.3153 -0.03728 -0.0486759
1 7.85912 22.3127 -0.052693 -0.045536
1 8.96851 22.3103 -0.0623936 -0.0403166
1 10.0797 22.3097 -0.0694193 -0.0329219
1 11.1911 22.3109 -0.0614425 -0.0286219
1 12.3026 22.3137 -0.0576161 -0.0327174
1 13.4148 22.3163 -0.0563626 -0.0356268
1 14.5304 22.3173 -0.0462052 -0.0395241
1 15.6508 22.3174 -0.0497411 -0.0458491
1 16.7728 22.3166 -0.0370963 -0.048438
1 17.8934 22.3151 -0.00497797 -0.047147
1 19.0132 22.314 0.0095697 -0.0448846
1 20.1377 22.3145 0.00237612 -0.0437064
1 21.269 22.316 -0.00347659 -0.042485
1 22.4037 22.3164 -0.00122949 -0.042219
1 23.5375 22.3152 -0.00071302 -0.0425677
1 24.6653 22.3139 -0.00773012 -0.0441381
1 25.7864 22.3142 -0.00393055 -0.0463647
1 26.9066 22.3159 0.0197569 -0.0477515
1 28.0283 22.3172 0.0479821 -0.0477166
1 29.1496 22.3178 0.0536724 -0.0437781
1 30.2679 22.3174 0.0512215 -0.0374398
1 31.3821 22.3156 0.0523587 -0.0330602
1 32.4939 22.3126 0.0570478 -0.0277226
1 33.605 22.3105 0.0723544 -0.0274183
1 34.7156 22.3102 0.061702 -0.0362203
1 35.8253 22.3118 0.0484885 -0.0422648
1 36.9337 22.3145 0.0412109 -0.0499054
1 38.0433 22.3168 0.0355802 -0.0456413
1 39.1558 22.3191 0.0386139 -0.0360681
1 40.2689 22.3205 0.0256657 -0.0252239
1 41.3816 22.3221 0.0100756 -0.0185161
1 42.4941 22.3229 0.0151563 -0.0106294
1 43.6093 22.3238 0.0186506 -0.00912596
1 0.630993 23.2838 -0.012577 -0.00364955
1 1.74577 23.2833 -0.00909887 -0.00340316
1 2.8581 23.2831 -0.00692562 -0.0033368
1 3.97141 23.2826 -0.0202505 -0.00404986
1 5.08494 23.2822 -0.036281 -0.0100924
1 6.19784 23.2814 -0.0392306 -0.0120351
1 7.30785 23.2807 -0.0447268 -0.0132438
1 8.41574 23.2797 -0.0560047 -0.0135539
1 9.52393 23.2791 -0.0752048 -0.00965999
1 10.6331 23.279 -0.0799919 -0.00454262
1 11.7435 23.2797 -0.054988 -0.00638502
1 12.8565 23.2811 -0.0475273 -0.00905169
1 13.9725 23.2817 -0.0455866 -0.010882
1 15.0912 23.2817 -0.0514574 -0.0128741
1 16.2121 23.2817 -0.0535509 -0.0132756
1 17.3338 23.2815 -0.0268437 -0.0112299
1 18.4539 23.2809 0.00462923 -0.0115706
1 19.574 23.2807 0.0104726 -0.0136631
1 20.7011 23.2811 -0.00121656 -0.0122661
1 21.8358 23.2816 0.000876682 -0.0100976
1 22.9715 23.2814 0.00765982 -0.0111521
1 24.1028 23.2807 -0.0033469 -0.0133818
1 25.2264 23.2804 -0.012444 -0.0119187
1 26.3461 23.281 0.00691669 -0.0112554
1 27.467 23.2816 0.0420375 -0.0142795
1 28.589 23.2819 0.0535559 -0.0144081
1 29.7098 23.282 0.0449544 -0.0108903
1 30.8266 23.282 0.0507998 -0.00804591
1 31.9399 23.2811 0.0491954 -0.00654181
1 33.0508 23.2799 0.0603488 -0.00371034
1 34.1609 23.2794 0.0850192 -0.00477223
1 35.2708 23.2795 0.0800866 -0.0112798
1 36.3794 23.2804 0.0606632 -0.0140024
1 37.4882 23.2815 0.0332058 -0.0132803
1 38.5996 23.2824 0.0231602 -0.00919935
1 39.7126 23.2827 0.0098737 -0.00770825
1 40.8255 23.2831 -0.00679453 -0.00347889
1 41.9386 23.2835 -0.00521503 -0.00467642
1 43.0526 23.2838 0.0064483 -0.00245981
1 44.1772 23.284 0.002962 0.00224317
1 0.0633385 24.2437 -0.00175753 -0.00101553
1 1.18772 24.2438 -0.00568582 0.00290168
1 2.30165 24.2442 0.00426694 0.00477349
1 3.41449 24.2446 0.00620082 0.0037353
1 4.52733 24.245 -0.00887415 0.0077104
1 5.64049 24.2452 -0.0234251 0.00937875
1 6.75194 24.2462 -0.0335867 0.012666
1 7.86062 24.2473 -0.0611368 0.0142288
1 8.9691 24.2482 -0.0784367 0.0116947
1 10.0791 24.2484 -0.0825086 0.00642911
1 11.1892 24.2478 -0.0596288 0.00540329
1 12.3002 24.2464 -0.0498834 0.00771679
1 13.4136 24.2453 -0.0515531 0.00825769
1 14.5304 24.2454 -0.0440085 0.0110459
1 15.651 24.2456 -0.0541463 0.0144813
1 16.7731 24.2459 -0.046025 0.0141448
1 17.8938 24.2465 -0.00893463 0.0111453
1 19.0133 24.247 0.0132632 0.0116331
1 20.137 24.2468 0.00400452 0.0127591
1 21.2682 24.2461 -0.00676986 0.0109468
1 22.404 24.2458 -0.000147316 0.00969205
1 23.5386 24.2463 0.00183293 0.0120213
1 24.6658 24.2468 -0.0105664 0.0130384
1 25.7861 24.2467 -0.00503298 0.0111655
1 26.9063 24.2461 0.0249376 0.0108104
1 28.0279 24.2458 0.0536814 0.0135428
1 29.1489 24.2458 0.0522739 0.0130185
1 30.2678 24.2457 0.0459865 0.0111422
1 31.3837 24.2463 0.0463752 0.0096439
1 32.4964 24.2478 0.054937 0.0074187
1 33.6067 24.2486 0.0824645 0.00663527
1 34.7159 24.2486 0.0760929 0.0111575
1 35.8242 24.248 0.0544556 0.0139246
1 36.932 24.2469 0.043375 0.013692
1 38.0419 24.2462 0.0368845 0.0118785
1 39.155 24.2454 0.0356148 0.00967919
1 40.2686 24.245 0.0188713 0.00430808
1 41.3819 24.2445 0.00737181 0.00352213
1 42.4943 24.2442 0.00933329 0.00363628
1 43.6092 24.2437 0.0125696 0.00419229
1 0.631099 25.204 -0.0184561 0.00903489
1 1.7461 25.2049 -0.0148716 0.00991817
1 2.85852 25.2056 -0.00994116 0.0174568
1 3.9712 25.2071 -0.0272734 0.0245582
1 5.08422 25.2086 -0.039571 0.0354714
1 6.1964 25.2109 -0.0380096 0.0441522
1 7.30609 25.2132 -0.0425105 0.048064
1 8.41459 25.2159 -0.0502824 0.0408577
1 9.52426 25.2174 -0.0613647 0.0348359
1 10.6349 25.2171 -0.0711873 0.0271703
1 11.7461 25.2149 -0.0574546 0.0273386
1 12.8582 25.2117 -0.0532678 0.0325221
1 13.9724 25.21 -0.0503732 0.0360607
1 15.0906 25.2097 -0.0527676 0.0426531
1 16.2117 25.2103 -0.0485913 0.0465082
1 17.3334 25.2116 -0.0222999 0.0467935
1 18.4536 25.2133 0.00328784 0.0454904
1 19.5745 25.2136 0.00701933 0.0430736
1 20.7023 25.2124 0.000837171 0.0407561
1 21.8362 25.2112 0.0024707 0.040963
1 22.9708 25.2115 0.00508515 0.0420957
1 24.102 25.2129 -0.00107697 0.0426232
1 25.2265 25.2135 -0.00806979 0.0429337
1 26.3466 25.2125 0.00363595 0.0455054
1 27.4672 25.2109 0.0338512 0.0469475
1 28.5893 25.2101 0.0494716 0.0446465
1 29.7098 25.2101 0.0471335 0.0389667
1 30.8255 25.2112 0.0559859 0.0347191
1 31.9375 25.2137 0.0567838 0.0317049
1 33.0488 25.2166 0.0625526 0.0273968
1 34.1602 25.2179 0.0720566 0.0321972
1 35.2714 25.2173 0.0636788 0.0395189
1 36.3808 25.2148 0.0529625 0.044368
1 37.4896 25.2123 0.0381966 0.0480966
1 38.6007 25.2098 0.0299626 0.037489
1 39.7131 25.208 0.0158238 0.0315139
1 40.826 25.2065 -0.0041418 0.0198449
1 41.9385 25.2055 -0.00430043 0.0145998
1 43.0521 25.2045 0.00520394 0.0103246
1 44.1759 25.2038 -0.000186011 0.00908167
1 0.066572 26.1655 -0.00115027 0.0212488
1 1.18897 26.1659 -0.00831758 0.0189654
1 2.30239 26.1672 -0.00164406 0.02585
1 3.41393 26.1692 -0.00407931 0.0345039
1 4.52566 26.1719 -0.026895 0.0494384
1 5.63751 26.1751 -0.0367377 0.0604216
1 6.74853 26.1787 -0.0338084 0.0646058
1 7.85748 26.182 -0.0390431 0.0608505
1 8.96817 26.1848 -0.046116 0.0567962
1 10.0813 26.1859 -0.0534967 0.0537895
1 11.1939 26.1846 -0.0529499 0.0522603
1 12.3052 26.1815 -0.0588291 0.0507545
1 13.4166 26.1779 -0.061949 0.0497083
1 14.5311 26.1756 -0.0507004 0.054355
1 15.6503 26.1751 -0.0509403 0.0638446
1 16.7717 26.1767 -0.0353658 0.0743867
1 17.8927 26.1792 -0.000991371 0.0762444
1 19.0136 26.1804 0.0132368 0.0695904
1 20.1391 26.18 0.000781444 0.0642507
1 21.2702 26.1788 -0.00855796 0.0642311
1 22.4034 26.1784 0.000521463 0.0649208
1 23.5363 26.1793 0.00297284 0.0635226
1 24.6645 26.1803 -0.00887415 0.0658778
1 25.7866 26.1801 -0.00806726 0.0732545
1 26.9075 26.1781 0.018341 0.0766165
1 28.0289 26.1758 0.0474937 0.0705375
1 29.1492 26.1754 0.0547669 0.0586527
1 30.2663 26.1771 0.0550685 0.0508275
1 31.3796 26.1802 0.0571171 0.0497657
1 32.4912 26.1836 0.0570416 0.053493
1 33.603 26.1859 0.0635236 0.0527525
1 34.7155 26.1859 0.0472011 0.0529043
1 35.8271 26.1837 0.0331309 0.0594451
1 36.9364 26.1805 0.0312042 0.0684911
1 38.046 26.1771 0.0380262 0.0629261
1 39.1575 26.1734 0.0424109 0.0535984
1 40.2698 26.1706 0.0281511 0.04161
1 41.382 26.1683 0.0101012 0.0303735
1 42.4941 26.1666 0.011036 0.0205793
1 43.6087 26.1656 0.0106431 0.0165727
1 0.63328 27.1281 -0.0115851 0.0305983
1 1.74732 27.1295 -0.0156214 0.0340758
1 2.85819 27.1322 -0.0151878 0.0434816
1 3.96896 27.1354 -0.0350388 0.0568107
1 5.08025 27.1397 -0.043542 0.0666976
1 6.19155 27.1438 -0.0331347 0.0715442
1 7.30182 27.1477 -0.0235365 0.0720978
1 8.41231 27.1508 -0.0211502 0.0698785
1 9.52473 27.1535 -0.0372724 0.0708702
1 10.638 27.1541 -0.0589491 0.075398
1 11.751 27.1523 -0.0509418 0.069761
1 12.8635 27.149 -0.0483425 0.0634795
1 13.9765 27.1451 -0.053286 0.0614226
1 15.0924 27.1428 -0.0610388 0.0692502
1 16.2109 27.1433 -0.0534903 0.084119
1 17.3315 27.1454 -0.0174506 0.0931841
1 18.4529 27.1473 0.013898 0.0950333
1 19.576 27.148 0.012884 0.0881728
1 20.7047 27.1482 -0.000303726 0.080914
1 21.837 27.1481 0.000903614 0.07904
1 22.9691 27.1483 0.00619767 0.0799335
1 24.0996 27.1483 -0.00300504 0.0842068
1 25.2258 27.1478 -0.0160322 0.0911835
1 26.3479 27.1465 -0.00276703 0.0949088
1 27.4689 27.1444 0.0348474 0.0892183
1 28.589 27.1429 0.0579442 0.0767728
1 29.7071 27.144 0.057669 0.0653098
1 30.8211 27.1475 0.0581305 0.0626645
1 31.9326 27.1513 0.0476693 0.066064
1 33.0447 27.1538 0.0462227 0.0731879
1 34.1583 27.1544 0.0478594 0.0737184
1 35.2721 27.1526 0.0358627 0.0687894
1 36.3838 27.1494 0.0276752 0.0714188
1 37.4937 27.1458 0.0247693 0.0720761
1 38.6049 27.1417 0.0344393 0.0700489
1 39.7163 27.1374 0.0325998 0.0611452
1 40.8271 27.1336 0.00815592 0.0510304
1 41.938 27.1305 0.00431952 0.0395342
1 43.0504 27.1287 0.0100489 0.0323634
1 44.1716 27.1287 -0.00086348 0.0273505
1 0.0715187 28.0925 0.0105167 0.0420936
1 1.19147 28.0927 -0.00675693 0.0471166
1 2.30224 28.0957 -0.0072036 0.053647
1 3.41178 28.0998 -0.0101316 0.0654992
1 4.52181 28.1045 -0.0228503 0.0695875
1 5.63332 28.1092 -0.0246422 0.0741572
1 6.74502 28.1132 -0.0164719 0.0753194
1 7.85568 28.1168 -0.021368 0.078655
1 8.96762 28.1204 -0.0340235 0.0819969
1 10.0818 28.1228 -0.0447684 0.087583
1 11.1961 28.1222 -0.0344911 0.0848181
1 12.3095 28.1202 -0.0354833 0.076685
1 13.4221 28.1168 -0.0525188 0.0764344
1 14.5357 28.1135 -0.0563967 0.077094
1 15.6523 28.1126 -0.0615304 0.0807704
1 16.7715 28.1135 -0.0432484 0.0930938
1 17.8919 28.1147 -0.00128839 0.106076
1 19.0138 28.1157 0.0202139 0.10583
1 20.1403 28.1173 0.0141483 0.0988451
1 21.2711 28.1193 0.00216823 0.0963138
1 22.4029 28.1199 -0.00279745 0.0944812
1 23.535 28.1186 -0.00801997 0.0942357
1 24.6639 28.1166 -0.0179057 0.102595
1 25.7871 28.1153 -0.0125876 0.109244
1 26.9081 28.1144 0.0205216 0.100604
1 28.0282 28.1131 0.0567343 0.0868125
1 29.1459 28.1128 0.06197 0.0789571
1 30.2611 28.1153 0.0513485 0.0784776
1 31.3747 28.1191 0.0391507 0.0747882
1 32.488 28.1219 0.0362046 0.0796939
1 33.6016 28.1232 0.04716 0.089751
1 34.7152 28.1222 0.0333483 0.0855362
1 35.8277 28.1188 0.0148214 0.078968
1 36.9382 28.1151 0.0117841 0.0750773
1 38.0492 28.111 0.0229879 0.0738254
1 39.1615 28.1067 0.0426914 0.0720983
1 40.2726 28.1018 0.0365362 0.0690479
1 41.3824 28.0974 0.0221548 0.0597995
1 42.4924 28.0938 0.0239646 0.0482281
1 43.6057 28.0922 0.0199226 0.0395849
1 0.636142 29.0572 -0.0246893 0.0542124
1 1.74766 29.0602 -0.0281158 0.0613226
1 2.85647 29.0645 -0.0213719 0.0637695
1 3.9664 29.0693 -0.0278073 0.0612099
1 5.07804 29.0737 -0.031479 0.0612141
1 6.19056 29.0779 -0.0195405 0.0641693
1 7.3017 29.082 -0.0137281 0.0722869
1 8.41231 29.0862 -0.0159426 0.0769653
1 9.52473 29.0895 -0.0314491 0.0774573
1 10.6389 29.0904 -0.0383457 0.0769109
1 11.753 29.0892 -0.0288533 0.0732904
1 12.867 29.0866 -0.0363001 0.0697449
1 13.9811 29.0839 -0.0434069 0.0674785
1 15.0964 29.0824 -0.0510636 0.0659551
1 16.2135 29.0823 -0.0570457 0.0708429
1 17.3332 29.0828 -0.0287985 0.0798753
1 18.4537 29.0831 0.00970841 0.0875366
1 19.5756 29.0847 0.0224894 0.0867796
1 20.7036 29.0882 0.0121947 0.0863422
1 21.8365 29.0906 0.00527842 0.0890241
1 22.9698 29.0896 -0.00140254 0.0891165
1 24.1005 29.0865 -0.0178019 0.0857466
1 25.2257 29.084 -0.0223951 0.087314
1 26.3468 29.0833 0.00591185 0.0852637
1 27.4669 29.0828 0.0454303 0.0772777
1 28.5857 29.0824 0.0553414 0.0680216
1 29.7023 29.0831 0.0472061 0.0679761
1 30.8165 29.0856 0.0454496 0.0705097
1 31.9295 29.0886 0.0275567 0.0703744
1 33.043 29.0905 0.0289928 0.0721554
1 34.1578 29.0905 0.0416079 0.0786266
1 35.2724 29.0882 0.0349884 0.0787488
1 36.3842 29.0841 0.0256924 0.0715658
1 37.4949 29.0797 0.0155482 0.0670119
1 38.607 29.0756 0.0160517 0.0642505
1 39.7191 29.0712 0.0178032 0.0624118
1 40.8292 29.0664 0.00726641 0.0619294
1 41.9385 29.0619 0.0116308 0.0615994
1 43.0486 29.0581 0.0163036 0.0571049
1 44.1675 29.057 -0.00432538 0.051617
1 0.0729296 30.0216 -0.00439148 0.057679
1 1.19084 30.0251 -0.0223182 0.0693083
1 2.30039 30.0292 -0.0105888 0.0645802
1 3.41006 30.0334 0.00125804 0.0601005
1 4.52101 30.0375 -0.0112188 0.060165
1 5.63334 30.0417 -0.0184346 0.0599267
1 6.74539 30.0461 -0.0179805 0.0668523
1 7.85609 30.0506 -0.0256778 0.0637101
1 8.96818 30.0544 -0.0327434 0.0636398
1 10.0827 30.0561 -0.0343877 0.063091
1 11.1975 30.0559 -0.0250462 0.0579937
1 12.3113 30.0539 -0.0282284 0.0553668
1 13.4248 30.0511 -0.039635 0.0505203
1 14.5394 30.0498 -0.041473 0.0451059
1 15.6563 30.0496 -0.0541841 0.0446807
1 16.775 30.0494 -0.044324 0.0458848
1 17.8944 30.0493 -0.00683836 0.0434186
1 19.0142 30.0507 0.0187224 0.0462227
1 20.1382 30.0535 0.0165944 0.0544778
1 21.2691 30.0564 0.00273391 0.062111
1 22.4039 30.0573 -0.00265042 0.0625924
1 23.5375 30.0554 -0.00777152 0.0580182
1 24.6645 30.0522 -0.0170595 0.0518692
1 25.7853 30.0501 -0.0083447 0.0458667
1 26.905 30.0496 0.0242293 0.0451502
1 28.0245 30.0498 0.055139 0.0472117
1 29.1423 30.0497 0.0497196 0.0444479
1 30.258 30.0506 0.0344993 0.0468086
1 31.3724 30.053 0.0275678 0.0539001
1 32.4864 30.0556 0.0290277 0.0566432
1 33.6003 30.0566 0.0385085 0.0587879
1 34.7143 30.0557 0.0260674 0.0625528
1 35.8273 30.0527 0.0125677 0.0661703
1 36.9378 30.0484 0.0161207 0.0690435
1 38.0486 30.044 0.0219356 0.0659692
1 39.1611 30.0395 0.0264516 0.0594764
1 40.273 30.0353 0.0233843 0.0568069
1 41.3835 30.0307 0.020342 0.0624613
1 42.4929 30.0267 0.0323522 0.0679937
1 43.6044 30.0232 0.035593 0.0672519
1 0.63271 30.9908 -0.042837 0.0711342
1 1.74496 30.9939 -0.0328724 0.0681512
1 2.85583 30.9971 -0.0190463 0.0602476
1 3.96737 31.0012 -0.0251046 0.0621896
1 5.07928 31.0055 -0.0304439 0.0659587
1 6.19135 31.01 -0.0257377 0.0700215
1 7.30259 31.0142 -0.0189378 0.0672888
1 8.41358 31.0177 -0.0177818 0.0624329
1 9.52654 31.0201 -0.0296128 0.058908
1 10.6405 31.0208 -0.0403983 0.0578222
1 11.7544 31.0192 -0.0325098 0.0510211
1 12.8685 31.0161 -0.0273943 0.0468604
1 13.9829 31.014 -0.0355686 0.0424101
1 15.099 31.0133 -0.0521163 0.0341085
1 16.2172 31.013 -0.0513374 0.0269741
1 17.3366 31.0127 -0.0190725 0.0196039
1 18.4553 31.0137 0.0108002 0.0167992
1 19.5749 31.0158 0.0158139 0.0233374
1 20.7017 31.018 0.00543333 0.0326199
1 21.8357 31.0191 0.00417168 0.0390702
1 22.971 31.0189 0.00329114 0.0391158
1 24.1021 31.0174 -0.0108574 0.0299329
1 25.2254 31.0152 -0.0182468 0.0213679
1 26.3444 31.0134 0.00407807 0.0185398
1 27.4634 31.0129 0.0381984 0.023381
1 28.5826 31.0134 0.0489232 0.0302811
1 29.7002 31.0139 0.0419425 0.0392148
1 30.8146 31.0153 0.0393946 0.0454417
1 31.9279 31.0181 0.0240942 0.0500241
1 33.0419 31.0205 0.0279709 0.0541369
1 34.1561 31.0212 0.0390125 0.0578627
1 35.2704 31.0195 0.032212 0.0610154
1 36.3827 31.0163 0.0229656 0.0660764
1 37.4933 31.0121 0.0254882 0.0682841
1 38.6053 31.0075 0.0259688 0.0686598
1 39.7174 31.0029 0.0176916 0.0655633
1 40.8288 30.9988 0.000966789 0.0605022
1 41.9394 30.9953 0.00882125 0.0632867
1 43.0497 30.992 0.0272077 0.0722603
1 44.1676 30.9881 0.0197156 0.0707505
1 0.0704741 31.9572 -0.0324147 0.0793007
1 1.1887 31.9593 -0.034164 0.0694404
1 2.30042 31.9613 -0.0176499 0.0654681
1 3.41161 31.965 -0.0150655 0.0689801
1 4.52304 31.9694 -0.0303663 0.0715574
1 5.63522 31.9742 -0.0307803 0.0769359
1 6.74788 31.9782 -0.0254339 0.075619
1 7.85895 31.9819 -0.0284578 0.0755772
1 8.97081 31.9846 -0.032063 0.0716272
1 10.0848 31.9861 -0.0370121 0.0681262
1 11.1991 31.9847 -0.0315406 0.0644101
1 12.3129 31.9817 -0.0296945 0.0671195
1 13.426 31.9788 -0.0423503 0.0635573
1 14.5406 31.9769 -0.0456667 0.0516569
1 15.6584 31.976 -0.0498938 0.0420279
1 16.7775 31.9758 -0.0364798 0.0327512
1 17.8959 31.9766 -0.00527524 0.0244528
1 19.0144 31.9783 0.017734 0.0285968
1 20.1375 31.9793 0.0119524 0.039366
1 21.2685 31.9796 -0.001192 0.0461311
1 22.404 31.9798 0.000979553 0.0462725
1 23.5381 31.9798 -0.000660411 0.0452656
1 24.6649 31.9792 -0.0126814 0.0374349
1 25.7849 31.9778 -0.0122398 0.0263283
1 26.9035 31.9764 0.012221 0.0260689
1 28.022 31.9762 0.0449867 0.0358672
1 29.1403 31.9767 0.048947 0.0472909
1 30.2565 31.978 0.0395649 0.057238
1 31.3704 31.9805 0.0339493 0.0644763
1 32.4843 31.9837 0.0351339 0.0665662
1 33.5986 31.986 0.0445847 0.0687875
1 34.7123 31.9863 0.0346957 0.0708402
1 35.825 31.9841 0.0201332 0.0760078
1 36.9359 31.9807 0.0191086 0.0752383
1 38.0471 31.9761 0.0288037 0.0759518
1 39.1596 31.9718 0.0381239 0.0737578
1 40.2714 31.967 0.034701 0.0728359
1 41.383 31.9628 0.023971 0.0650432
1 42.4945 31.9598 0.0310875 0.0690407
1 43.608 31.9578 0.0422688 0.0748741
1 0.631294 32.9258 -0.0390044 0.0715734
1 1.7449 32.9262 -0.0388789 0.0757094
1 2.85637 32.9293 -0.0401661 0.0790239
1 3.96836 32.9337 -0.0475004 0.0840089
1 5.08102 32.9388 -0.0470909 0.0855228
1 6.19435 32.9433 -0.0358905 0.0896326
1 7.30591 32.9481 -0.030269 0.0922287
1 8.41673 32.9514 -0.0224638 0.0918932
1 9.52928 32.9533 -0.0326825 0.0864336
1 10.6431 32.9525 -0.0501733 0.0897337
1 11.7567 32.9499 -0.0421737 0.0907936
1 12.8705 32.9468 -0.0341971 0.0899036
1 13.9845 32.9438 -0.0402228 0.0844317
1 15.1004 32.942 -0.0491353 0.0721655
1 16.2182 32.9419 -0.0448423 0.0589545
1 17.3364 32.9425 -0.0159579 0.0517816
1 18.4546 32.9435 0.00844134 0.0559982
1 19.5747 32.9442 0.0124711 0.0668426
1 20.7019 32.9437 0.00429906 0.0747322
1 21.8359 32.9429 0.00334287 0.078095
1 22.9711 32.9432 0.0017678 0.0782415
1 24.1025 32.9444 -0.00775179 0.0729084
1 25.2261 32.9446 -0.014291 0.0619441
1 26.3447 32.9435 -0.000574203 0.0550915
1 27.4629 32.9425 0.0296128 0.0535876
1 28.5812 32.9421 0.0468242 0.0622476
1 29.6986 32.9429 0.0459954 0.0785059
1 30.8131 32.9453 0.0478598 0.0890242
1 31.9258 32.9487 0.036677 0.0889063
1 33.0393 32.9518 0.0375591 0.0914738
1 34.1539 32.9538 0.043916 0.0895445
1 35.2678 32.9532 0.0382951 0.0877527
1 36.3797 32.9503 0.0358271 0.0945512
1 37.4905 32.946 0.0313686 0.0919347
1 38.603 32.9413 0.0360633 0.0915042
1 39.7161 32.9363 0.0369876 0.086132
1 40.8278 32.9316 0.0272955 0.083924
1 41.9391 32.9273 0.0295819 0.0778156
1 43.0507 32.9252 0.037486 0.076102
1 44.1696 32.9249 0.0335498 0.0795866
1 0.0710815 33.8942 -0.0312861 0.0692622
1 1.18943 33.8924 -0.0434447 0.0763198
1 2.30022 33.8943 -0.0376613 0.0787064
1 3.41174 33.8976 -0.0372855 0.0756608
1 4.52424 33.9023 -0.0472481 0.0760912
1 5.63779 33.9078 -0.0475103 0.079209
1 6.7505 33.9135 -0.0415795 0.0805464
1 7.86169 33.9178 -0.0413172 0.0804864
1 8.974 33.9206 -0.0423468 0.0815633
1 10.0879 33.9208 -0.053751 0.0847196
1 11.2019 33.9186 -0.0439881 0.0841481
1 12.3155 33.9156 -0.037749 0.0851447
1 13.4282 33.9122 -0.0526206 0.0824183
1 14.5422 33.9097 -0.0462388 0.0700217
1 15.6589 33.909 -0.0437226 0.053427
1 16.7767 33.9096 -0.0365372 0.0441374
1 17.8947 33.9106 -0.0080034 0.0514621
1 19.0136 33.9106 0.0120593 0.0612772
1 20.1377 33.9093 0.00499593 0.0685187
1 21.2694 33.9077 -0.00383129 0.0747987
1 22.4039 33.9076 0.00268579 0.0759661
1 23.5375 33.9089 0.00193685 0.0730028
1 24.6655 33.9103 -0.00799304 0.0650393
1 25.7862 33.9113 -0.00499072 0.0554557
1 26.9045 33.9108 0.015375 0.0482926
1 28.0222 33.9096 0.0440086 0.0466997
1 29.1391 33.9094 0.0499495 0.0596531
1 30.2549 33.9108 0.0421945 0.0769913
1 31.3687 33.914 0.0416437 0.0865062
1 32.482 33.9178 0.0474835 0.0862065
1 33.5958 33.9207 0.0576672 0.0871216
1 34.7093 33.9217 0.0384605 0.0849188
1 35.8216 33.9202 0.0240341 0.0813264
1 36.9326 33.9165 0.033602 0.082433
1 38.044 33.9111 0.047417 0.0802078
1 39.1579 33.9053 0.0618355 0.0770974
1 40.2712 33.9002 0.0564361 0.0753977
1 41.3835 33.8958 0.0493271 0.0791201
1 42.4946 33.8929 0.0482552 0.0784849
1 43.6073 33.8925 0.0419681 0.0706482
1 0.634207 34.86 -0.0576125 0.0690725
1 1.74568 34.8602 -0.0519572 0.0755632
1 2.85623 34.8614 -0.0550774 0.0718269
1 3.96815 34.865 -0.0716302 0.0655125
1 5.0816 34.8698 -0.0778361 0.0614294
1 6.19574 34.8763 -0.0608032 0.0550045
1 7.30796 34.882 -0.0446927 0.0609051
1 8.41934 34.8861 -0.03841 0.0623092
1 9.53214 34.8876 -0.0525376 0.0656066
1 10.6456 34.886 -0.0636566 0.0662835
1 11.7591 34.8835 -0.052288 0.068023
1 12.8723 34.8799 -0.0469275 0.0682403
1 13.9858 34.8764 -0.0436577 0.053537
1 15.1012 34.8753 -0.0476381 0.0353665
1 16.2175 34.8756 -0.051931 0.0260082
1 17.335 34.8765 -0.0268437 0.0314222
1 18.4543 34.8759 -0.00486552 0.0424792
1 19.5757 34.8739 0.0018745 0.048998
1 20.7031 34.8718 -0.00454712 0.053728
1 21.8364 34.8707 -0.000439012 0.0539954
1 22.9703 34.8713 0.0114013 0.0527277
1 24.1015 34.8732 0.00289981 0.051787
1 25.226 34.8754 -0.00389797 0.0451678
1 26.3455 34.8769 0.012577 0.0371297
1 27.4641 34.8766 0.0356355 0.0282751
1 28.5817 34.8756 0.0471679 0.0280992
1 29.6976 34.8758 0.0500503 0.0428046
1 30.8114 34.8782 0.0553602 0.0651558
1 31.9237 34.8821 0.0458677 0.068924
1 33.0367 34.8854 0.0511944 0.0654611
1 34.1511 34.8878 0.0625276 0.0683921
1 35.2651 34.888 0.0575182 0.0648725
1 36.3777 34.8848 0.0569433 0.0603324
1 37.4895 34.88 0.055947 0.0579154
1 38.603 34.8733 0.0648021 0.0577137
1 39.717 34.8675 0.0648235 0.0671844
1 40.829 34.8632 0.0437913 0.0693575
1 41.9401 34.8609 0.0407282 0.0761051
1 43.0502 34.8596 0.0470884 0.0772928
1 44.1678 34.8607 0.035524 0.0625636
1 0.0728456 35.8256 -0.0438221 0.0581409
1 1.19085 35.8261 -0.0502619 0.0697303
1 2.30082 35.8268 -0.0436001 0.0809975
1 3.41009 35.8283 -0.0508932 0.0807432
1 4.52085 35.8313 -0.0744642 0.0708027
1 5.63459 35.8364 -0.0820973 0.0544381
1 6.74893 35.8433 -0.0795675 0.0509322
1 7.86146 35.8486 -0.0775377 0.0533326
1 8.97471 35.8518 -0.0746835 0.0575757
1 10.0892 35.8515 -0.0747214 0.0635885
1 11.2034 35.8495 -0.0614023 0.0629477
1 12.3168 35.8467 -0.0543412 0.0659351
1 13.4291 35.8429 -0.0612669 0.0584042
1 14.5424 35.8409 -0.0506508 0.0395352
1 15.6577 35.841 -0.0563258 0.0302157
1 16.7756 35.8413 -0.0523726 0.0347911
1 17.8954 35.8407 -0.0251016 0.0486937
1 19.0157 35.8383 -0.0079888 0.0532762
1 20.1402 35.8354 -0.00567388 0.0530969
1 21.271 35.8336 -0.0076422 0.0536892
1 22.4038 35.8333 0.0036064 0.0526991
1 23.5358 35.8346 0.011128 0.052536
1 24.6632 35.8369 0.00480438 0.0565301
1 25.7849 35.84 0.0150566 0.052575
1 26.9045 35.8417 0.0377655 0.0396991
1 28.0233 35.8415 0.0569783 0.0312806
1 29.1401 35.8412 0.0542311 0.0338455
1 30.2548 35.8421 0.0484108 0.0484617
1 31.368 35.8453 0.0536504 0.0658622
1 32.4808 35.8488 0.0656059 0.0648408
1 33.594 35.851 0.0803544 0.0605393
1 34.7081 35.8525 0.072289 0.0609281
1 35.8224 35.8513 0.0641193 0.0570319
1 36.9349 35.8468 0.0716353 0.0525932
1 38.0476 35.8403 0.0813322 0.0497597
1 39.1618 35.834 0.0891203 0.0626714
1 40.2745 35.8301 0.0816547 0.0752375
1 41.3848 35.8274 0.0634922 0.0838388
1 42.4943 35.8266 0.0620662 0.0771662
1 43.6059 35.8258 0.0703398 0.0654056
1 0.633515 36.7903 -0.0737408 0.0610998
1 1.74559 36.792 -0.0725525 0.0806267
1 2.85452 36.7941 -0.0676266 0.0925591
1 3.96352 36.7958 -0.0756909 0.0907121
1 5.07414 36.7982 -0.0905301 0.0789842
1 6.18682 36.8032 -0.0962933 0.0613479
1 7.30011 36.8095 -0.0970833 0.0570533
1 8.41391 36.8137 -0.0931889 0.0606373
1 9.52957 36.815 -0.0975099 0.0635922
1 10.6445 36.8143 -0.0984224 0.0643005
1 11.7583 36.8127 -0.0811866 0.0660612
1 12.8712 36.8098 -0.066502 0.0654939
1 13.9843 36.8072 -0.053543 0.0489446
1 15.0994 36.8065 -0.0597359 0.0381071
1 16.2166 36.8064 -0.0688688 0.042741
1 17.3362 36.8056 -0.0501454 0.0543007
1 18.4572 36.8033 -0.0282716 0.0572542
1 19.5793 36.8 -0.0107826 0.0559655
1 20.7059 36.798 -0.0101122 0.0536798
1 21.8369 36.7971 -0.00556036 0.0497386
1 22.9686 36.7971 0.0154956 0.0503844
1 24.0982 36.7989 0.0127348 0.0553385
1 25.2227 36.8019 0.0109153 0.0578326
1 26.3438 36.8049 0.0365055 0.054248
1 27.4643 36.8065 0.0640784 0.0480336
1 28.5836 36.807 0.0679895 0.0414425
1 29.7 36.8072 0.0656598 0.0438861
1 30.8132 36.8088 0.072654 0.0585805
1 31.9254 36.8118 0.0655705 0.0638455
1 33.0389 36.814 0.0758553 0.0624491
1 34.1536 36.8155 0.0979291 0.0638853
1 35.2692 36.8153 0.101383 0.0607974
1 36.3843 36.8123 0.102781 0.0594976
1 37.4978 36.807 0.101107 0.0581116
1 38.6116 36.8008 0.0949703 0.0693156
1 39.7238 36.7968 0.0790772 0.0835632
1 40.8333 36.7952 0.0587376 0.0920284
1 41.9418 36.7935 0.0618477 0.0863826
1 43.0512 36.7914 0.0730161 0.0686257
1 44.17 36.7887 0.0686968 0.0558108
1 0.0673182 37.7514 -0.0815778 0.0568922
1 1.18656 37.7555 -0.0897904 0.0751117
1 2.2966 37.7596 -0.0771447 0.0801176
1 3.40576 37.7623 -0.0685804 0.0866553
1 4.51391 37.7643 -0.0751133 0.0907179
1 5.62372 37.7668 -0.0848128 0.08213
1 6.73556 37.7707 -0.100128 0.0639086
1 7.84897 37.7749 -0.117468 0.0590007
1 8.96482 37.7774 -0.121975 0.0571739
1 10.0818 37.7783 -0.116877 0.0551155
1 11.1975 37.7779 -0.0927322 0.0539021
1 12.3115 37.7765 -0.0765784 0.0557229
1 13.4245 37.7744 -0.0779792 0.0503654
1 14.5388 37.7726 -0.0732145 0.0410456
1 15.6559 37.7718 -0.0846594 0.0400837
1 16.7764 37.7707 -0.0771778 0.0458298
1 17.8979 37.7683 -0.0452059 0.0477853
1 19.0195 37.7653 -0.0221962 0.0454592
1 20.144 37.7631 -0.0102914 0.0401708
1 21.2726 37.7621 -0.0070825 0.0353395
1 22.4033 37.7617 0.00542699 0.0357749
1 23.5333 37.7625 0.0170926 0.0381835
1 24.6594 37.7642 0.0161724 0.0418119
1 25.7818 37.7669 0.0294218 0.0472973
1 26.9032 37.7699 0.0585093 0.0485027
1 28.0241 37.7718 0.0851331 0.0437661
1 29.1434 37.7728 0.0755352 0.0399603
1 30.2598 37.774 0.0657351 0.0432691
1 31.3733 37.7761 0.0764012 0.0524808
1 32.4864 37.7777 0.0943559 0.0555349
1 33.6008 37.7785 0.116363 0.0543991
1 34.7172 37.7784 0.119111 0.053729
1 35.8343 37.7769 0.11088 0.0572957
1 36.9487 37.7734 0.102245 0.0589653
1 38.061 37.7685 0.0946404 0.0719092
1 39.1724 37.7654 0.0907718 0.0878221
1 40.2818 37.7634 0.0822195 0.0912611
1 41.3909 37.7616 0.0787971 0.087515
1 42.5004 37.7586 0.0891484 0.0826386
1 43.6123 37.7541 0.0918589 0.0636101
1 0.624367 38.7169 -0.102756 0.0705645
1 1.736 38.7228 -0.0925918 0.0778752
1 2.84584 38.7264 -0.0893979 0.0822946
1 3.95557 38.7303 -0.0900814 0.0805055
1 5.06513 38.7328 -0.0828156 0.0880502
1 6.17504 38.7343 -0.0780697 0.0838146
1 7.28561 38.7365 -0.0872415 0.0693586
1 8.39895 38.7384 -0.102715 0.059427
1 9.51605 38.7395 -0.11838 0.0483945
1 10.6334 38.7405 -0.118757 0.0443065
1 11.7488 38.7409 -0.0962 0.044094
1 12.8633 38.7403 -0.0809225 0.0448751
1 13.9784 38.7383 -0.0724357 0.0440639
1 15.096 38.7362 -0.083128 0.042138
1 16.2164 38.7346 -0.085696 0.0430762
1 17.3383 38.7323 -0.0584074 0.0443467
1 18.46 38.7295 -0.0311761 0.0404712
1 19.5825 38.7273 -0.0135744 0.0336604
1 20.7084 38.7263 -0.0107957 0.0239925
1 21.8375 38.726 -0.00413464 0.0201512
1 22.9675 38.726 0.0118163 0.0241531
1 24.0957 38.7268 0.0109593 0.0282306
1 25.2195 38.7285 0.0150459 0.0348861
1 26.3412 38.731 0.0412927 0.0428659
1 27.4636 38.7338 0.0786635 0.0453393
1 28.5855 38.736 0.0949127 0.043102
1 29.7047 38.7377 0.0858668 0.0451112
1 30.8204 38.7396 0.081437 0.0428074
1 31.9344 38.741 0.0771481 0.0385501
1 33.0493 38.741 0.0979336 0.04108
1 34.1661 38.7405 0.12347 0.0471725
1 35.2839 38.7393 0.11972 0.052907
1 36.3994 38.7376 0.106172 0.0638126
1 37.5119 38.7353 0.0883843 0.0744994
1 38.623 38.7332 0.081873 0.0854962
1 39.733 38.7314 0.0787453 0.0868068
1 40.8419 38.7288 0.0827982 0.0836078
1 41.9521 38.7254 0.0904832 0.0802972
1 43.0632 38.7208 0.107354 0.0801337
1 44.1831 38.713 0.0998607 0.0669572
1 0.0510663 39.6747 -0.103504 0.0751373
1 1.17105 39.6845 -0.103323 0.0789621
1 2.28264 39.6895 -0.0936664 0.0840262
1 3.3932 39.6931 -0.0879995 0.0773717
1 4.50404 39.6969 -0.0870423 0.0769978
1 5.61526 39.6996 -0.080859 0.0832482
1 6.72639 39.7005 -0.0751833 0.0848375
1 7.83746 39.7004 -0.0808044 0.0750601
1 8.9514 39.7005 -0.0975372 0.0575073
1 10.0683 39.701 -0.111659 0.0445983
1 11.1857 39.7019 -0.091244 0.0300039
1 12.3019 39.703 -0.0776389 0.0283174
1 13.418 39.7022 -0.0856207 0.0405752
1 14.5356 39.6996 -0.0866006 0.0434943
1 15.6563 39.6973 -0.0900081 0.0397165
1 16.7791 39.6954 -0.0706384 0.0384996
1 17.9011 39.6929 -0.0326152 0.0328296
1 19.0226 39.6909 -0.0101504 0.0256596
1 20.1464 39.6901 -0.00462157 0.0151344
1 21.2738 39.6895 -0.00271567 0.0068211
1 22.4032 39.6895 0.00557385 0.0074591
1 23.5317 39.69 0.00554953 0.0117494
1 24.6564 39.6904 0.00531126 0.0178621
1 25.7784 39.6918 0.0218799 0.0282515
1 26.9002 39.6942 0.0496904 0.0380529
1 28.0228 39.6965 0.0834686 0.0399546
1 29.1452 39.6989 0.0874495 0.040694
1 30.2652 39.7016 0.0791065 0.0411718
1 31.3819 39.7032 0.0800253 0.0344614
1 32.4972 39.703 0.0907327 0.0286065
1 33.6135 39.7019 0.107458 0.0353368
1 34.7307 39.7009 0.0975042 0.0469272
1 35.8468 39.7004 0.0812663 0.0631609
1 36.9596 39.7 0.0761809 0.078624
1 38.0705 39.6994 0.0773005 0.0868815
1 39.1815 39.6983 0.0845461 0.0860586
1 40.2923 39.6958 0.088087 0.0748254
1 41.4033 39.6917 0.0921114 0.0773119
1 42.5143 39.6876 0.0980976 0.0756792
1 43.6273 39.6814 0.110034 0.0772809
1 0.605488 40.6447 -0.10716 0.0757026
1 1.71964 40.6518 -0.100724 0.079479
1 2.83123 40.656 -0.0880461 0.0771717
1 3.94342 40.6598 -0.0966785 0.0735903
1 5.05596 40.6634 -0.0896603 0.0797028
1 6.16842 40.6651 -0.0798583 0.0829116
1 7.28017 40.6652 -0.0684451 0.0848194
1 8.39216 40.6639 -0.0648657 0.0723084
1 9.50651 40.663 -0.0780697 0.0534495
1 10.623 40.6628 -0.0919026 0.037383
1 11.7394 40.6642 -0.0876586 0.0236837
1 12.8563 40.6643 -0.0851907 0.0312433
1 13.9754 40.6619 -0.0856479 0.039945
1 15.0975 40.6591 -0.0898474 0.0361068
1 16.2206 40.6573 -0.0782419 0.0315508
1 17.343 40.6557 -0.0442281 0.0266654
1 18.4643 40.6542 -0.0182828 0.0208319
1 19.5861 40.6537 -0.00333811 0.0104244
1 20.7107 40.6535 -0.00176504 0.00187922
1 21.8383 40.6533 0.000505657 0.00287801
1 22.9664 40.6535 0.00307284 0.00177909
1 24.0926 40.6535 -0.00112088 0.0044044
1 25.2158 40.6537 0.00675845 0.0155577
1 26.3369 40.6549 0.027923 0.0237387
1 27.4589 40.6567 0.064487 0.0306925
1 28.5824 40.6585 0.0914384 0.0347271
1 29.7048 40.6608 0.0930963 0.0382081
1 30.8249 40.6635 0.0881766 0.0351303
1 31.9428 40.6648 0.0794582 0.024559
1 33.0596 40.6637 0.087757 0.0258712
1 34.1764 40.6631 0.0943535 0.0426682
1 35.2926 40.6632 0.0837918 0.0600656
1 36.4063 40.6636 0.0749346 0.0791537
1 37.5184 40.6647 0.0719965 0.0900861
1 38.6303 40.6648 0.0734799 0.0871345
1 39.7421 40.6625 0.0779935 0.0775513
1 40.8542 40.658 0.0727351 0.0699382
1 41.9661 40.6545 0.0727275 0.0757166
1 43.0781 40.6498 0.0837204 0.0699414
1 44.1978 40.6424 0.0823878 0.0870427
1 0.0378049 41.6071 -0.0753361 0.0888621
1 1.15668 41.613 -0.0814616 0.0692996
1 2.26949 41.6184 -0.0657256 0.065567
1 3.38138 41.6222 -0.0646858 0.0757285
1 4.49357 41.6261 -0.0731143 0.0772476
1 5.60707 41.6287 -0.0759057 0.0846336
1 6.72083 41.6295 -0.073966 0.0889624
1 7.8337 41.6284 -0.0705191 0.0825657
1 8.94714 41.6272 -0.0699776 0.0635324
1 10.0619 41.626 -0.0789883 0.0559674
1 11.1776 41.6253 -0.0773873 0.0348597
1 12.2949 41.6251 -0.0784752 0.0296409
1 13.4145 41.6225 -0.0955752 0.044623
1 14.5367 41.6195 -0.102854 0.0388182
1 15.6605 41.6178 -0.0958593 0.0273581
1 16.7838 41.6172 -0.0669012 0.0239483
1 17.9052 41.617 -0.0308539 0.0198202
1 19.0262 41.617 -0.00947441 0.0138494
1 20.1493 41.6174 -0.00272115 0.00790573
1 21.2753 41.6176 -0.00248693 0.00571169
1 22.4027 41.6177 0.00285271 0.00424854
1 23.5291 41.6175 0.00428175 0.00254166
1 24.6531 41.6167 0.00606466 0.00986119
1 25.7749 41.6168 0.0195359 0.0175218
1 26.8958 41.6173 0.0469452 0.024081
1 28.0184 41.6177 0.0824724 0.0286906
1 29.1427 41.6189 0.0954537 0.0318291
1 30.2659 41.6212 0.0935967 0.0393582
1 31.3865 41.6244 0.0873044 0.0360586
1 32.5047 41.6257 0.08353 0.0285221
1 33.6209 41.6254 0.082565 0.0417928
1 34.7364 41.6259 0.0712552 0.0573154
1 35.8512 41.6272 0.0564315 0.0781133
1 36.9631 41.6289 0.0527727 0.0949845
1 38.0745 41.6298 0.0619466 0.0940921
1 39.1874 41.6284 0.077512 0.078519
1 40.3008 41.6244 0.0810373 0.07153
1 41.4133 41.62 0.0711104 0.0735647
1 42.5257 41.6159 0.075287 0.0685536
1 43.6406 41.6109 0.0754892 0.0726685
1 0.595399 42.5751 -0.0588045 0.0752155
1 1.71006 42.5784 -0.0609024 0.0625817
1 2.82282 42.5832 -0.0640749 0.0660905
1 3.93618 42.5874 -0.0667711 0.069566
1 5.04993 42.5904 -0.067457 0.080464
1 6.16369 42.5921 -0.0561535 0.0823818
1 7.2767 42.5925 -0.0501292 0.0846158
1 8.38916 42.5912 -0.0516584 0.0762644
1 9.50288 42.5896 -0.0621492 0.0585198
1 10.6181 42.5879 -0.0729326 0.046438
1 11.7345 42.5859 -0.0786079 0.0373366
1 12.8531 42.5823 -0.085577 0.042896
1 13.9745 42.5781 -0.0956435 0.0378397
1 15.0985 42.5762 -0.101633 0.0199826
1 16.2223 42.5764 -0.083877 0.0106277
1 17.3445 42.5777 -0.0484832 0.004197
1 18.4656 42.579 -0.0279178 0.00271674
1 19.5874 42.5801 -0.0128335 -0.00122694
1 20.7119 42.5811 -0.0064727 -0.00668955
1 21.8387 42.5815 -0.00472809 -0.00434035
1 22.9658 42.5812 0.00527984 -0.0085915
1 24.0913 42.5805 0.011136 -0.00580019
1 25.2143 42.5793 0.0172991 0.00146954
1 26.3355 42.5783 0.0361038 0.00279441
1 27.4573 42.5773 0.0727895 0.00881112
1 28.5808 42.5765 0.0977494 0.0152228
1 29.7045 42.577 0.100356 0.0281002
1 30.827 42.5803 0.0939718 0.0413379
1 31.9471 42.5847 0.0752973 0.0358231
1 33.0645 42.5869 0.0663836 0.0362002
1 34.1799 42.5884 0.0687159 0.052106
1 35.2945 42.5898 0.0629685 0.072191
1 36.4072 42.5919 0.0549984 0.0873113
1 37.5199 42.5931 0.0609194 0.0866003
1 38.6339 42.5924 0.0666563 0.0812678
1 39.7476 42.5893 0.0610802 0.0738807
1 40.8595 42.5855 0.0489443 0.0671938
1 41.9714 42.5813 0.0598435 0.0641293
1 43.0838 42.5764 0.068618 0.0676889
1 44.2034 42.5747 0.0681082 0.071054
1 0.03258 43.5391 -0.059169 0.0745257
1 1.15266 43.5402 -0.0545899 0.0733649
1 2.26484 43.544 -0.0526339 0.0711515
1 3.37775 43.5481 -0.0540856 0.0664861
1 4.49111 43.552 -0.0612795 0.0773396
1 5.60567 43.5543 -0.0606087 0.0805862
1 6.7201 43.5558 -0.0574992 0.0845885
1 7.83322 43.5559 -0.0573541 0.0833525
1 8.94599 43.5545 -0.0564767 0.073368
1 10.06 43.5517 -0.0630223 0.0564395
1 11.1756 43.5486 -0.0719819 0.045411
1 12.2935 43.5438 -0.073487 0.0477053
1 13.4137 43.5376 -0.0871061 0.0471438
1 14.5355 43.5345 -0.0977432 0.0282378
1 15.6586 43.5346 -0.0949244 0.00744023
1 16.7817 43.5366 -0.0729973 -0.00255407
1 17.9029 43.5395 -0.0436095 -0.00432191
1 19.0245 43.5416 -0.0243869 -0.00633033
1 20.1485 43.5434 -0.0136712 -0.00979732
1 21.2749 43.5446 -0.00741438 -0.0119673
1 22.4027 43.5447 0.00424101 -0.0114751
1 23.5298 43.544 0.0141853 -0.0111402
1 24.6545 43.5424 0.0206875 -0.0101068
1 25.7771 43.5406 0.0334907 -0.0061541
1 26.8985 43.5382 0.0555472 -0.00280118
1 28.0204 43.5357 0.0787648 0.00186371
1 29.1435 43.5345 0.0902556 0.0156108
1 30.266 43.5357 0.0881774 0.0380169
1 31.3869 43.5408 0.084119 0.0461727
1 32.506 43.5465 0.0825442 0.0435487
1 33.6226 43.55 0.0729456 0.0496382
1 34.7377 43.5526 0.0581697 0.0651301
1 35.8515 43.5553 0.0478516 0.0862808
1 36.9633 43.5566 0.043392 0.0869736
1 38.0759 43.5557 0.0479462 0.0833071
1 39.1901 43.554 0.0605619 0.0817058
1 40.3038 43.5514 0.0579148 0.0747009
1 41.4167 43.5467 0.0532185 0.0640369
1 42.5289 43.5427 0.0495582 0.0699925
1 43.6415 43.5394 0.0492425 0.0676108
1 0.595952 44.5032 -0.0411169 0.0714228
1 1.70899 44.5065 -0.0433667 0.0821838
1 2.82026 44.5098 -0.0473458 0.0771067
1 3.93365 44.5136 -0.0615876 0.0792472
1 5.04872 44.5157 -0.0621571 0.0849774
1 6.16327 44.5183 -0.0493159 0.0891135
1 7.27653 44.5202 -0.0428098 0.0907021
1 8.3891 44.5201 -0.0473652 0.0878882
1 9.50242 44.5172 -0.0562179 0.0768534
1 10.6173 44.5126 -0.0714569 0.0621935
1 11.7348 44.5064 -0.0814513 0.0539466
1 12.8545 44.4988 -0.0815007 0.0523409
1 13.9748 44.4937 -0.078119 0.0392326
1 15.096 44.4931 -0.0795816 0.0172738
1 16.2176 44.495 -0.0764344 0.00254337
1 17.3385 44.4983 -0.0539753 -0.00895313
1 18.46 44.5014 -0.0359767 -0.0123446
1 19.5838 44.504 -0.0265018 -0.0127674
1 20.7101 44.5061 -0.0175286 -0.0164916
1 21.8384 44.5071 -0.00536196 -0.016488
1 22.9672 44.5068 0.01081 -0.0166144
1 24.0942 44.5052 0.0217098 -0.0138882
1 25.2189 44.5029 0.030495 -0.0122609
1 26.3415 44.5001 0.0466948 -0.0114016
1 27.4628 44.4969 0.0677235 -0.00240986
1 28.5839 44.4939 0.0780233 0.00813777
1 29.705 44.493 0.0804609 0.0259387
1 30.8259 44.496 0.0816453 0.0453038
1 31.946 44.5027 0.0764937 0.0496077
1 33.0642 44.5097 0.0727399 0.0553946
1 34.1798 44.5148 0.0639937 0.0696533
1 35.2939 44.5182 0.0551654 0.0861727
1 36.4069 44.5206 0.0500588 0.0965899
1 37.5198 44.5203 0.0548787 0.0914751
1 38.6342 44.5178 0.0650147 0.0868603
1 39.7491 44.5159 0.0654177 0.0854763
1 40.8631 44.5128 0.0579181 0.0713318
1 41.9757 44.5082 0.0564418 0.0794118
1 43.0882 44.5046 0.0583031 0.0729002
1 44.2094 44.5001 0.0564739 0.0675786
1 0.0292055 45.4636 -0.0452038 0.0720763
1 1.15038 45.4678 -0.0554654 0.0780075
1 2.26244 45.4728 -0.0501014 0.0851099
1 3.37454 45.4751 -0.0514963 0.0867846
1 4.48842 45.4765 -0.0657872 0.0910779
1 5.60376 45.479 -0.0659394 0.0849302
1 6.71926 45.4823 -0.0569801 0.0836333
1 7.83349 45.4845 -0.0535791 0.0886584
1 8.94706 45.4837 -0.0488174 0.0917935
1 10.0612 45.4785 -0.0544048 0.0857925
1 11.1774 45.4699 -0.0696241 0.0693607
1 12.2959 45.4605 -0.0722398 0.0536195
1 13.4157 45.4535 -0.0726654 0.0392378
1 14.5355 45.4518 -0.0694523 0.0237712
1 15.6548 45.454 -0.063607 0.00747227
1 16.7744 45.4569 -0.0580582 -0.00490184
1 17.895 45.4596 -0.0387364 -0.0169263
1 19.0181 45.4626 -0.0272569 -0.0245306
1 20.1443 45.4656 -0.0284952 -0.0213213
1 21.2731 45.4673 -0.0152077 -0.0268518
1 22.4034 45.4677 0.00695247 -0.0320547
1 23.5328 45.4668 0.0209544 -0.0248533
1 24.6598 45.4642 0.0268158 -0.0223669
1 25.7844 45.4613 0.0360081 -0.02164
1 26.906 45.4586 0.0499979 -0.0129153
1 28.0259 45.4554 0.0577734 0.00215082
1 29.1454 45.4526 0.0679282 0.0178621
1 30.265 45.4522 0.0685217 0.0292756
1 31.3846 45.4569 0.0695499 0.0442101
1 32.5035 45.4658 0.0739221 0.0597202
1 33.6205 45.4745 0.0633995 0.0715545
1 34.7359 45.4806 0.0499428 0.0872731
1 35.85 45.4839 0.0479199 0.101491
1 36.9636 45.4845 0.0464544 0.0925139
1 38.078 45.4814 0.0514196 0.0827029
1 39.1928 45.479 0.0627245 0.0928222
1 40.3073 45.4776 0.059744 0.0846657
1 41.4214 45.474 0.0555155 0.0748606
1 42.5339 45.4693 0.0613662 0.0850576
1 43.648 45.4641 0.047772 0.0869291
1 0.590321 46.4263 -0.0569485 0.0775778
1 1.70328 46.4348 -0.0595096 0.0746407
1 2.8162 46.4386 -0.0575079 0.081412
1 3.93005 46.4396 -0.059341 0.0956933
1 5.04488 46.4396 -0.056494 0.0886677
1 6.15985 46.4426 -0.0496356 0.0753985
1 7.27497 46.4469 -0.0488116 0.0795779
1 8.3908 46.4489 -0.0531829 0.084839
1 9.50686 46.4463 -0.0460951 0.0911446
1 10.623 46.4372 -0.0533051 0.0903111
1 11.7402 46.4249 -0.0595284 0.0650636
1 12.8579 46.4152 -0.0562618 0.0402276
1 13.9755 46.4114 -0.061485 0.0227879
1 15.0941 46.4138 -0.0580315 0.00600849
1 16.2124 46.4174 -0.0488913 -0.000986027
1 17.3313 46.4191 -0.0404347 -0.0163716
1 18.4529 46.4209 -0.030603 -0.0298375
1 19.5778 46.4241 -0.027917 -0.0282117
1 20.7062 46.4265 -0.022398 -0.0350954
1 21.8378 46.4273 -0.00618282 -0.0447023
1 22.9697 46.4272 0.0161956 -0.0440128
1 24.0992 46.4255 0.0294618 -0.0295172
1 25.226 46.4227 0.0268205 -0.027118
1 26.349 46.4204 0.0315664 -0.0273152
1 27.4689 46.4186 0.0454121 -0.00611923
1 28.5873 46.4155 0.0494946 0.00731275
1 29.7051 46.412 0.0597387 0.016008
1 30.823 46.413 0.062838 0.0298121
1 31.9408 46.4205 0.0579111 0.0469943
1 33.0582 46.4316 0.0562618 0.070914
1 34.1747 46.4417 0.0512417 0.0908843
1 35.2911 46.4472 0.051837 0.0932864
1 36.4069 46.4484 0.0574423 0.0900654
1 37.5228 46.4459 0.0536504 0.079472
1 38.6379 46.4424 0.0537603 0.0839537
1 39.7528 46.4413 0.0617979 0.0887438
1 40.8678 46.4393 0.0614814 0.079157
1 41.9821 46.4359 0.0540286 0.0771896
1 43.0942 46.4304 0.0546939 0.0837996
1 44.2133 46.4216 0.0519534 0.0819821
1 0.0153319 47.3796 -0.0526413 0.0753568
1 1.13722 47.3996 -0.0506864 0.0759392
1 2.25314 47.4047 -0.0577776 0.07852
1 3.36916 47.4076 -0.0591389 0.0881522
1 4.48506 47.4065 -0.0591188 0.0937964
1 5.59997 47.4079 -0.0527077 0.0819607
1 6.71513 47.4121 -0.0466293 0.0780422
1 7.8322 47.4154 -0.0544008 0.0833745
1 8.95089 47.416 -0.0543291 0.0885017
1 10.0707 47.4105 -0.0434043 0.100492
1 11.1888 47.3971 -0.0381407 0.09153
1 12.304 47.3848 -0.0376135 0.0587557
1 13.4186 47.3775 -0.0441619 0.034777
1 14.5337 47.3771 -0.0525948 0.0131419
1 15.6511 47.3824 -0.0429753 0.00287205
1 16.7702 47.3848 -0.0350885 -0.00372186
1 17.8897 47.3848 -0.0212472 -0.0226845
1 19.0119 47.3869 -0.0229464 -0.0281526
1 20.1394 47.3889 -0.024581 -0.0264724
1 21.2707 47.3897 -0.00783934 -0.0477766
1 22.4042 47.3901 0.000956854 -0.0557311
1 23.5366 47.3897 0.0151369 -0.0338734
1 24.6656 47.3881 0.0256801 -0.0263341
1 25.7902 47.3859 0.0226005 -0.0274905
1 26.911 47.3852 0.0312709 -0.0131399
1 28.0305 47.384 0.0366976 0.00347732
1 29.1484 47.3795 0.0478439 0.0140046
1 30.2639 47.3769 0.0497361 0.0246458
1 31.3785 47.3813 0.0392697 0.0398054
1 32.4931 47.3913 0.0363277 0.0706247
1 33.6097 47.4043 0.0377668 0.0936568
1 34.7291 47.4131 0.047046 0.0947699
1 35.8483 47.4157 0.0534089 0.0929727
1 36.9662 47.4148 0.0486088 0.0838449
1 38.082 47.4111 0.0445379 0.0787674
1 39.1966 47.4085 0.0599483 0.0886544
1 40.313 47.4082 0.0670936 0.0839756
1 41.4301 47.4051 0.0638738 0.080888
1 42.5456 47.4025 0.0515252 0.0794903
1 43.6621 47.3934 0.0420317 0.0706146
