1 0.837954 0.368462 -0.13384 0.0347431
1 1.95362 0.35706 -0.0787729 0.0331524
1 3.06408 0.349423 -0.0482093 0.0280426
1 4.17082 0.342614 -0.0408533 0.0149863
1 5.27492 0.33695 -0.0314021 0.00606164
1 6.37851 0.331254 -0.0242707 0.00183009
1 7.48219 0.326745 -0.0219631 -0.00497803
1 8.58479 0.32173 -0.0199147 -0.00722478
1 9.68788 0.316536 -0.0204457 -0.0171501
1 10.7914 0.312257 -0.013994 -0.0177962
1 11.8949 0.306575 -0.0209225 -0.0192477
1 12.9987 0.301669 -0.0167365 -0.0324927
1 14.1023 0.297838 -0.0113683 -0.0322325
1 15.2061 0.292189 -0.0153399 -0.0271419
1 16.3103 0.286032 -0.0144593 -0.0376613
1 17.4155 0.28197 -0.011031 -0.0499852
1 18.5208 0.278021 -0.00664403 -0.0491024
1 19.6257 0.270843 -0.00763195 -0.0433531
1 20.7331 0.262196 -0.0034238 -0.0441541
1 21.8425 0.257298 0.000614351 -0.048488
1 22.9519 0.25873 0.00212449 -0.0444232
1 24.0608 0.266016 0.00769514 -0.0377129
1 25.167 0.274985 0.00680621 -0.042288
1 26.2718 0.280681 0.00772717 -0.0513553
1 27.3773 0.283884 0.0112008 -0.0475355
1 28.4819 0.288789 0.0156197 -0.0315026
1 29.586 0.295234 0.0144156 -0.0282479
1 30.6898 0.299567 0.00952516 -0.0356022
1 31.7931 0.303602 0.0192268 -0.0250611
1 32.897 0.310019 0.0175593 -0.0148405
1 34.0003 0.314844 0.0147695 -0.0231355
1 35.1037 0.318559 0.0256102 -0.0130204
1 36.2068 0.32442 0.0213586 -0.00355402
1 37.3097 0.328714 0.0217879 -0.00437934
1 38.4137 0.333682 0.0273446 0.0064697
1 39.5171 0.340014 0.0348495 0.0085036
1 40.6217 0.345942 0.0367539 0.0224469
1 41.7291 0.353486 0.048861 0.0332092
1 42.8392 0.36242 0.0917145 0.0357358
1 43.9554 0.38162 0.15367 0.0297562
1 0.292338 1.34313 -0.154585 0.0351348
1 1.40926 1.32996 -0.109576 0.0146243
1 2.51766 1.3209 -0.0677257 0.00672907
1 3.62361 1.31324 -0.0495131 0.00531455
1 4.72752 1.30686 -0.0382425 -0.00145794
1 5.83104 1.301 -0.0305144 -0.0114945
1 6.93417 1.29567 -0.0240234 -0.0172714
1 8.03681 1.29012 -0.0271766 -0.0211607
1 9.13984 1.2849 -0.024178 -0.0314996
1 10.2432 1.27984 -0.0194395 -0.0359859
1 11.3468 1.27436 -0.0215237 -0.0401962
1 12.4501 1.26891 -0.018301 -0.0483069
1 13.5536 1.26428 -0.0135801 -0.0552882
1 14.6575 1.25922 -0.0153327 -0.0536849
1 15.7615 1.25292 -0.0154056 -0.057182
1 16.8659 1.24771 -0.0103766 -0.0721374
1 17.9711 1.2434 -0.0124396 -0.0766619
1 19.0766 1.23733 -0.0125122 -0.0741156
1 20.1829 1.22963 -0.00531557 -0.0724921
1 21.2898 1.22272 -0.000429949 -0.0745833
1 22.3964 1.22062 0.00367041 -0.0747762
1 23.5035 1.22525 0.00404298 -0.0686179
1 24.6103 1.23348 0.00467688 -0.0675122
1 25.7161 1.24102 0.0111077 -0.0747131
1 26.8216 1.24589 0.0123152 -0.0781075
1 27.9264 1.25005 0.0103248 -0.0651401
1 29.0303 1.25612 0.0162537 -0.0545699
1 30.1345 1.26169 0.0181975 -0.0587559
1 31.2384 1.26608 0.0163209 -0.0511296
1 32.3417 1.27173 0.0215102 -0.0416431
1 33.4455 1.27751 0.0224572 -0.0414142
1 34.5489 1.28219 0.0174665 -0.0339097
1 35.6516 1.28741 0.0240343 -0.0241864
1 36.7547 1.29288 0.0272349 -0.0203432
1 37.8577 1.29799 0.0260645 -0.0154091
1 38.9609 1.30386 0.0315019 -0.00601392
1 40.0645 1.31004 0.0429793 0.00173033
1 41.1692 1.31704 0.0543269 0.00895708
1 42.2761 1.3256 0.0749305 0.0132576
1 43.3869 1.33733 0.11645 0.0215212
1 0.857532 2.29645 -0.104673 0.0091837
1 1.96939 2.28765 -0.0787691 -0.00200847
1 3.07634 2.27906 -0.0647995 -0.0109306
1 4.17986 2.27111 -0.056678 -0.018767
1 5.28264 2.26403 -0.0395147 -0.0218533
1 6.38566 2.25808 -0.0267211 -0.0265936
1 7.48849 2.25211 -0.029676 -0.0324667
1 8.59111 2.24603 -0.0315295 -0.0413086
1 9.6941 2.24036 -0.0219256 -0.0451573
1 10.7975 2.23471 -0.024419 -0.0521889
1 11.9011 2.22898 -0.0294463 -0.0583202
1 13.0044 2.22321 -0.0199238 -0.0629248
1 14.1081 2.21783 -0.0179805 -0.0684861
1 15.2123 2.21202 -0.0198166 -0.0709671
1 16.3162 2.20577 -0.0131898 -0.0784466
1 17.4209 2.20062 -0.0118145 -0.0889801
1 18.5263 2.19508 -0.0143999 -0.0932434
1 19.6319 2.18792 -0.00631887 -0.0901476
1 20.738 2.18087 -0.000254911 -0.0877743
1 21.8436 2.17677 -0.00328846 -0.0913307
1 22.9489 2.17801 -0.00130497 -0.0895832
1 24.0548 2.18392 0.00590632 -0.0861295
1 25.1608 2.19159 0.0136988 -0.0883527
1 26.2663 2.19822 0.014215 -0.0895044
1 27.3717 2.2033 0.0125116 -0.0860177
1 28.476 2.20876 0.0152504 -0.076083
1 29.5798 2.21483 0.0176713 -0.0696834
1 30.684 2.22027 0.0186343 -0.0669886
1 31.7875 2.2259 0.0235071 -0.061017
1 32.8906 2.23193 0.0224756 -0.0543511
1 33.9941 2.23761 0.0218224 -0.0491095
1 35.0974 2.2431 0.0272533 -0.0438381
1 36.1999 2.24886 0.0322455 -0.0371694
1 37.3028 2.25492 0.0344965 -0.030824
1 38.4065 2.26076 0.0352009 -0.0236256
1 39.5092 2.26732 0.0508488 -0.0182108
1 40.6117 2.27502 0.0600153 -0.0162214
1 41.7167 2.28348 0.0686621 -0.00582175
1 42.8256 2.29248 0.0967224 0.00739455
1 43.9462 2.29823 0.151677 0.01002
1 0.29212 3.25309 -0.159856 -0.0135587
1 1.41508 3.25032 -0.0949575 -0.00302247
1 2.52592 3.24321 -0.0643469 -0.00981239
1 3.63202 3.23517 -0.0627501 -0.0187195
1 4.73451 3.22697 -0.0583775 -0.0246653
1 5.83657 3.21954 -0.0436678 -0.0283694
1 6.93955 3.21297 -0.0325573 -0.0253929
1 8.04222 3.2066 -0.0329555 -0.029776
1 9.14481 3.20045 -0.0284393 -0.0360842
1 10.2478 3.19422 -0.024344 -0.0381851
1 11.3513 3.18817 -0.0295379 -0.0419852
1 12.4547 3.18202 -0.0266742 -0.0460417
1 13.5582 3.17584 -0.0211684 -0.0526036
1 14.662 3.16995 -0.0202595 -0.0540422
1 15.766 3.16355 -0.0174933 -0.0562224
1 16.8703 3.15753 -0.0125254 -0.0680725
1 17.9754 3.15186 -0.0160355 -0.0708468
1 19.0808 3.14499 -0.013591 -0.0705631
1 20.1862 3.13811 -0.00332855 -0.0741528
1 21.2913 3.13302 0.000401983 -0.0727337
1 22.3959 3.13163 0.00482307 -0.0694409
1 23.501 3.13504 0.00200296 -0.0700866
1 24.6064 3.14137 0.00290443 -0.0712395
1 25.7119 3.14845 0.0123524 -0.0704467
1 26.8172 3.15482 0.0134469 -0.0690988
1 27.9219 3.16051 0.0142271 -0.0626611
1 29.026 3.16663 0.0200857 -0.0554009
1 30.13 3.1727 0.0217918 -0.0537521
1 31.2337 3.17882 0.0252075 -0.0496289
1 32.3371 3.18509 0.0287751 -0.0446829
1 33.4406 3.19114 0.0275643 -0.0404483
1 34.5439 3.19729 0.0277588 -0.0365844
1 35.6466 3.20341 0.0332705 -0.0346273
1 36.7493 3.20948 0.0331172 -0.0264542
1 37.8523 3.21585 0.0373973 -0.0255933
1 38.9549 3.22299 0.0525655 -0.0283128
1 40.0568 3.23115 0.0638829 -0.0220383
1 41.1609 3.23911 0.0609468 -0.0116823
1 42.2694 3.24686 0.0696766 -0.00316321
1 43.3838 3.25243 0.105918 -0.00874264
1 0.853837 4.20705 -0.106461 -0.0272626
1 1.96962 4.20383 -0.0692844 -0.00405489
1 3.08005 4.19767 -0.0533843 -0.00385749
1 4.18564 4.1907 -0.0558775 -0.0104555
1 5.28801 4.18318 -0.054158 -0.0173176
1 6.38999 4.17564 -0.0434872 -0.0192878
1 7.4924 4.1686 -0.0412199 -0.0177183
1 8.59498 4.16218 -0.0337394 -0.0142389
1 9.69809 4.15586 -0.0262667 -0.0158124
1 10.8015 4.14952 -0.0306534 -0.0202768
1 11.9047 4.14306 -0.0305641 -0.0217599
1 13.008 4.13658 -0.0239858 -0.0247026
1 14.1118 4.13027 -0.0224004 -0.0297646
1 15.2156 4.12381 -0.0196712 -0.0308061
1 16.3196 4.11734 -0.0143575 -0.0344442
1 17.4245 4.11135 -0.0130995 -0.0409381
1 18.5295 4.10467 -0.00994322 -0.0434284
1 19.6342 4.09772 0.000139832 -0.0437627
1 20.7393 4.09216 -0.00333107 -0.0431267
1 21.844 4.08913 -0.00756313 -0.0420399
1 22.948 4.0901 2.63536e-05 -0.0410929
1 24.0527 4.09462 0.0046523 -0.0420771
1 25.1579 4.10098 0.0126534 -0.0428175
1 26.263 4.10797 0.0142944 -0.040476
1 27.3681 4.1144 0.0113218 -0.037638
1 28.4726 4.12038 0.0175681 -0.0339365
1 29.5765 4.12681 0.0202922 -0.0283136
1 30.6803 4.13344 0.0213579 -0.0267705
1 31.784 4.13976 0.0289943 -0.0255068
1 32.8872 4.14618 0.0289204 -0.0205048
1 33.9905 4.1527 0.0255552 -0.0178073
1 35.0939 4.159 0.026917 -0.0151628
1 36.1964 4.16509 0.0327887 -0.0141736
1 37.2986 4.17187 0.0388502 -0.0190511
1 38.4007 4.17932 0.0451361 -0.0207199
1 39.503 4.18679 0.0546758 -0.0112404
1 40.6067 4.19411 0.0505045 -0.00686831
1 41.7147 4.20067 0.0556574 -0.00396505
1 42.8278 4.20576 0.0954418 -0.0125829
1 43.9531 4.20588 0.17117 -0.0416197
1 0.280688 5.15777 -0.173636 -0.0566807
1 1.40866 5.16027 -0.0995131 -0.0229761
1 2.52352 5.15732 -0.0553627 -0.00620427
1 3.63314 5.15216 -0.0432657 0.00134929
1 4.73846 5.14632 -0.0409497 -0.00284764
1 5.84165 5.1399 -0.0398037 -0.010771
1 6.94432 5.13284 -0.0382286 -0.0154537
1 8.04578 5.12565 -0.0384783 -0.013852
1 9.14758 5.11879 -0.0280039 -0.0107619
1 10.251 5.11247 -0.0233248 -0.00890682
1 11.3547 5.106 -0.0268855 -0.0112162
1 12.4575 5.09931 -0.027757 -0.0167676
1 13.5612 5.09267 -0.0222491 -0.0182934
1 14.665 5.08608 -0.0181939 -0.0177518
1 15.7686 5.07941 -0.0183614 -0.0230858
1 16.873 5.073 -0.011853 -0.028427
1 17.9778 5.06651 -0.0147034 -0.0274041
1 19.0826 5.05944 -0.0155903 -0.0291021
1 20.1875 5.05332 -0.00543044 -0.0334217
1 21.2919 5.04957 0.00184763 -0.0302872
1 22.3959 5.04861 0.00963937 -0.025607
1 23.5001 5.05102 0.00171136 -0.0276206
1 24.6047 5.05623 -0.00146815 -0.0306364
1 25.7096 5.06289 0.0109787 -0.0299539
1 26.8144 5.06959 0.0118752 -0.0274533
1 27.9189 5.07611 0.0144077 -0.0245922
1 29.0231 5.08261 0.0231617 -0.021394
1 30.127 5.08906 0.0208744 -0.0171364
1 31.2308 5.09589 0.0251942 -0.0160885
1 32.3341 5.10269 0.0335937 -0.0159184
1 33.4375 5.10919 0.0240969 -0.0101489
1 34.5408 5.11549 0.0219523 -0.00712715
1 35.6434 5.12201 0.040344 -0.0122228
1 36.7454 5.12914 0.0417329 -0.0155037
1 37.8474 5.1363 0.0379827 -0.0118457
1 38.9505 5.14306 0.0414996 -0.00686958
1 40.0544 5.14917 0.0436319 -0.00160557
1 41.1617 5.15484 0.0454981 0.000621132
1 42.2736 5.15905 0.0675017 -0.0121408
1 43.3911 5.15988 0.110202 -0.0427102
1 0.84472 6.11164 -0.117955 -0.0601636
1 1.9636 6.11318 -0.0721855 -0.0291647
1 3.07669 6.11069 -0.045077 -0.0118748
1 4.18487 6.10635 -0.0355921 -0.0108509
1 5.28995 6.10155 -0.0312365 -0.0112765
1 6.39422 6.09596 -0.0244628 -0.0168563
1 7.49716 6.08953 -0.0345054 -0.0252027
1 8.599 6.08247 -0.0379187 -0.0269619
1 9.70081 6.07534 -0.02699 -0.0233678
1 10.804 6.06847 -0.0257861 -0.0202381
1 11.9074 6.06197 -0.0261739 -0.0228221
1 13.0107 6.05527 -0.0277391 -0.0260674
1 14.1146 6.04832 -0.0222627 -0.02676
1 15.2181 6.04153 -0.0183897 -0.0292694
1 16.3221 6.03522 -0.0147589 -0.0311919
1 17.4266 6.02836 -0.0133912 -0.0317705
1 18.531 6.02135 -0.0111438 -0.0359123
1 19.6353 6.0152 0.00260484 -0.0379044
1 20.7395 6.01054 -0.00361237 -0.0338874
1 21.8437 6.00806 -0.0101058 -0.0285922
1 22.9479 6.00873 0.000998307 -0.0308265
1 24.0522 6.01243 0.0038689 -0.0344066
1 25.1566 6.01809 0.0138017 -0.0329066
1 26.2613 6.0249 0.0197315 -0.0330455
1 27.3659 6.03174 0.0110568 -0.0328557
1 28.4702 6.03823 0.0136156 -0.029903
1 29.5739 6.04469 0.0188157 -0.0276879
1 30.6775 6.05164 0.0204437 -0.0272536
1 31.7808 6.05853 0.0235994 -0.024658
1 32.8841 6.06521 0.0240769 -0.0205421
1 33.9876 6.07179 0.0246965 -0.0229922
1 35.0901 6.0786 0.0338187 -0.0269072
1 36.1918 6.08577 0.0403209 -0.023761
1 37.2942 6.09268 0.030557 -0.021898
1 38.398 6.09861 0.0256139 -0.0132701
1 39.5027 6.10388 0.0325571 -0.00845269
1 40.609 6.1084 0.0381161 -0.0113183
1 41.7198 6.11207 0.0566367 -0.0203213
1 42.8364 6.11271 0.102195 -0.0400545
1 43.9668 6.10858 0.172062 -0.0657172
1 0.26758 7.05896 -0.165137 -0.0730339
1 1.39911 7.06394 -0.106986 -0.0577964
1 2.51708 7.06509 -0.0613477 -0.03905
1 3.62887 7.06299 -0.039124 -0.0254948
1 4.73604 7.05932 -0.0282819 -0.0183022
1 5.84159 7.05506 -0.0191345 -0.0206666
1 6.94652 7.05008 -0.0196781 -0.026839
1 8.05012 7.04428 -0.0304233 -0.0335052
1 9.15223 7.03765 -0.0301915 -0.0390262
1 10.2547 7.03046 -0.0302231 -0.0385421
1 11.3576 7.02332 -0.0270868 -0.035842
1 12.4603 7.01667 -0.023623 -0.0339781
1 13.5641 7.00999 -0.0176541 -0.0341046
1 14.6672 7.00321 -0.0153066 -0.0358598
1 15.7705 6.99665 -0.0179806 -0.0378092
1 16.8748 6.98999 -0.00906175 -0.0361751
1 17.979 6.98312 -0.0171755 -0.0390012
1 19.0831 6.97675 -0.0191378 -0.0412778
1 20.1875 6.97124 -0.00452889 -0.0372333
1 21.2918 6.96769 0.000908502 -0.0331364
1 22.396 6.96691 0.0107237 -0.0310664
1 23.5004 6.96915 0.00408833 -0.0342128
1 24.6045 6.97373 -0.00422275 -0.038846
1 25.7083 6.97979 0.0102902 -0.0395256
1 26.8125 6.98642 0.0151776 -0.0366344
1 27.9172 6.99323 0.0153893 -0.0349503
1 29.021 6.99991 0.0207444 -0.0377125
1 30.1242 7.00639 0.0213698 -0.0366142
1 31.2281 7.01315 0.0239144 -0.0314469
1 32.3316 7.01991 0.0281576 -0.0349632
1 33.4345 7.02671 0.0289142 -0.0391506
1 34.5369 7.03392 0.0274824 -0.038018
1 35.639 7.04083 0.0310859 -0.036429
1 36.7418 7.04713 0.0197102 -0.0294442
1 37.8459 7.05248 0.0136367 -0.0203859
1 38.9513 7.05702 0.0234729 -0.0199767
1 40.0574 7.06109 0.0331873 -0.0242338
1 41.1663 7.06402 0.0478739 -0.0301951
1 42.2807 7.06473 0.0786438 -0.0482377
1 43.401 7.06149 0.12513 -0.0704831
1 0.833701 8.01129 -0.122271 -0.0742103
1 1.95491 8.01563 -0.0873176 -0.0563717
1 3.07056 8.01667 -0.0550774 -0.0388416
1 4.18032 8.01506 -0.0354143 -0.0284642
1 5.2871 8.01164 -0.0198247 -0.0219933
1 6.39291 8.0078 -0.00711695 -0.0198701
1 7.49793 8.00313 -0.0116399 -0.025288
1 8.60192 7.99794 -0.0207217 -0.0305517
1 9.70524 7.99174 -0.0214068 -0.0362529
1 10.8082 7.98487 -0.0296691 -0.0425449
1 11.9104 7.97792 -0.0331714 -0.0408487
1 13.0131 7.97092 -0.0250413 -0.0349029
1 14.1166 7.96432 -0.0154029 -0.0340954
1 15.2198 7.95804 -0.0204998 -0.0358608
1 16.3237 7.95153 -0.015229 -0.0346541
1 17.4277 7.94464 -0.0126711 -0.0331382
1 18.5319 7.93832 -0.0142311 -0.0384515
1 19.6357 7.93281 0.00514908 -0.0368637
1 20.7391 7.92809 -0.00189368 -0.0305865
1 21.8434 7.92569 -0.01303 -0.0249047
1 22.948 7.92651 0.00141424 -0.0263628
1 24.0523 7.93008 0.00776185 -0.0326656
1 25.1565 7.93534 0.0144815 -0.0334248
1 26.2604 7.94157 0.0150874 -0.0337279
1 27.3644 7.94809 0.0100568 -0.0364578
1 28.4685 7.95467 0.0156645 -0.0347824
1 29.5718 7.96126 0.0132285 -0.0333581
1 30.6751 7.96748 0.016595 -0.037192
1 31.7783 7.974 0.0270523 -0.0388308
1 32.8803 7.98114 0.0311175 -0.0393939
1 33.9831 7.98826 0.0263442 -0.0386277
1 35.0863 7.99483 0.0195328 -0.0324109
1 36.1897 8.00052 0.0177566 -0.0258661
1 37.2943 8.00533 0.0144608 -0.0226578
1 38.4 8.00961 0.0166209 -0.0217066
1 39.5063 8.01315 0.0292172 -0.0220829
1 40.6143 8.01588 0.0430715 -0.0345194
1 41.7269 8.01637 0.0663177 -0.0487839
1 42.8459 8.01352 0.109158 -0.0654455
1 43.9777 8.00808 0.167684 -0.0767343
1 0.25752 8.95811 -0.165983 -0.0763667
1 1.38929 8.96383 -0.110425 -0.0598971
1 2.50912 8.96763 -0.0715132 -0.0487113
1 3.62271 8.96902 -0.0497041 -0.0314914
1 4.7316 8.96757 -0.030376 -0.017815
1 5.8383 8.96472 -0.0141396 -0.0136448
1 6.94439 8.96095 -0.00824057 -0.0112431
1 8.04942 8.95659 -0.0101853 -0.0128997
1 9.15356 8.95157 -0.00873301 -0.0177629
1 10.2579 8.9461 -0.014834 -0.0260088
1 11.3613 8.93993 -0.026624 -0.0304304
1 12.4633 8.93302 -0.0327863 -0.0325461
1 13.566 8.92603 -0.0225511 -0.033052
1 14.6686 8.9197 -0.0153665 -0.0291758
1 15.772 8.91346 -0.0140943 -0.0255133
1 16.8761 8.90697 -0.00543192 -0.0267747
1 17.9799 8.90076 -0.0166086 -0.0303328
1 19.0834 8.89518 -0.0143226 -0.027776
1 20.1874 8.88993 -0.0039614 -0.0217737
1 21.2919 8.88612 -0.0037697 -0.0212219
1 22.3963 8.8853 0.0117388 -0.0179076
1 23.5002 8.88782 0.00505199 -0.018677
1 24.6041 8.89232 -0.00596838 -0.0263712
1 25.7078 8.89768 0.010788 -0.02914
1 26.8114 8.9038 0.0143924 -0.0249446
1 27.9158 8.91037 0.0136468 -0.0254279
1 29.0199 8.9166 0.0167335 -0.0282413
1 30.1227 8.92276 0.0193661 -0.0308431
1 31.2256 8.92948 0.0303741 -0.0337309
1 32.3278 8.93633 0.0296746 -0.0341708
1 33.4302 8.94273 0.0200372 -0.0277859
1 34.5342 8.94881 0.011159 -0.0172198
1 35.6386 8.95415 0.013637 -0.0160618
1 36.7434 8.95856 0.0100781 -0.0137612
1 37.8489 8.96273 0.00938711 -0.00840343
1 38.9555 8.96603 0.0216193 -0.0146703
1 40.0629 8.96832 0.0402128 -0.0235837
1 41.1737 8.9684 0.0584916 -0.0383556
1 42.2904 8.96571 0.0850206 -0.0554604
1 43.412 8.96093 0.112013 -0.0682635
1 0.823773 9.91199 -0.110777 -0.062206
1 1.94518 9.91678 -0.0874568 -0.0521772
1 3.06234 9.92052 -0.0662373 -0.0441078
1 4.17401 9.92185 -0.0444862 -0.0340347
1 5.28199 9.92102 -0.0251778 -0.0196919
1 6.3889 9.91815 -0.010793 -0.0101283
1 7.49465 9.9145 -0.00921243 -0.0108761
1 8.59963 9.91038 -0.0110044 -0.0105376
1 9.70472 9.90565 -0.00488064 -0.0131584
1 10.8096 9.90062 -0.0115985 -0.0188263
1 11.9132 9.89494 -0.025808 -0.0245987
1 13.016 9.88858 -0.0284 -0.030624
1 14.1186 9.88209 -0.022057 -0.0349325
1 15.221 9.8756 -0.0213494 -0.0302123
1 16.3245 9.86908 -0.00989481 -0.0264408
1 17.4287 9.86324 -0.00879406 -0.0281685
1 18.5327 9.85775 -0.011413 -0.0297713
1 19.6359 9.85237 0.00539406 -0.026412
1 20.7393 9.84778 -0.0030868 -0.023969
1 21.8434 9.84538 -0.00874437 -0.0211901
1 22.9477 9.84605 0.00303499 -0.0194494
1 24.0521 9.84974 0.00424368 -0.0226967
1 25.1563 9.85508 0.014033 -0.0275547
1 26.2596 9.86054 0.00989035 -0.0291516
1 27.363 9.86603 0.000889763 -0.0270083
1 28.4674 9.87223 0.017472 -0.026407
1 29.5705 9.87898 0.0190228 -0.0315915
1 30.6725 9.88539 0.0210901 -0.0355835
1 31.7752 9.89165 0.0284177 -0.0275328
1 32.8783 9.89782 0.0189691 -0.0197489
1 33.9829 9.90297 0.00685664 -0.0170043
1 35.088 9.90781 0.00344604 -0.010637
1 36.1928 9.91247 0.00796988 -0.00774271
1 37.298 9.91634 0.00913259 -0.0102381
1 38.4044 9.9196 0.015323 -0.0149232
1 39.5116 9.92146 0.0345948 -0.0251855
1 40.621 9.92123 0.0555423 -0.0403009
1 41.7355 9.9186 0.0748077 -0.0523763
1 42.8554 9.91432 0.108456 -0.0523176
1 43.9863 9.90884 0.16335 -0.0659804
1 0.250051 10.8615 -0.156594 -0.0494928
1 1.38072 10.8663 -0.108359 -0.0421777
1 2.50036 10.8703 -0.0790595 -0.0448139
1 3.61528 10.8738 -0.0626481 -0.0428514
1 4.7253 10.8755 -0.0392169 -0.0319852
1 5.83308 10.8747 -0.0182781 -0.0184075
1 6.93969 10.8721 -0.0116328 -0.0105853
1 8.04507 10.8684 -0.0104491 -0.00609196
1 9.14981 10.8641 -0.00140224 -0.00859283
1 10.2554 10.8599 -0.00210758 -0.0101605
1 11.3609 10.855 -0.00964211 -0.0110346
1 12.4649 10.8499 -0.0151541 -0.02009
1 13.5684 10.8446 -0.0137159 -0.028037
1 14.671 10.8384 -0.018738 -0.0288856
1 15.7737 10.8315 -0.0207962 -0.0298261
1 16.8771 10.8253 -0.00601454 -0.0323718
1 17.9806 10.8201 -0.00768288 -0.0294715
1 19.0839 10.8149 -0.00875056 -0.027081
1 20.1877 10.8099 -0.00750778 -0.0260278
1 21.292 10.8061 -0.00410513 -0.0255756
1 22.3962 10.805 0.0134359 -0.0248887
1 23.5 10.8075 0.00296237 -0.0263837
1 24.6035 10.8123 -0.00651177 -0.026571
1 25.7071 10.8174 0.0111485 -0.0266792
1 26.8109 10.8226 0.00784487 -0.0279298
1 27.9145 10.8285 0.0107419 -0.0320973
1 29.0175 10.835 0.0238507 -0.0316434
1 30.12 10.8416 0.0180804 -0.0276611
1 31.2233 10.8474 0.0173858 -0.0234
1 32.3272 10.8524 0.0141221 -0.0160567
1 33.4319 10.8572 0.00566835 -0.00903914
1 34.5375 10.862 -2.46787e-05 -0.00650892
1 35.6428 10.8663 0.00947972 -0.00686577
1 36.748 10.8704 0.0114328 -0.00841477
1 37.8538 10.8735 0.0128838 -0.0140605
1 38.9613 10.8752 0.0311916 -0.0250691
1 40.0701 10.8747 0.0520698 -0.0396121
1 41.1821 10.8718 0.0687559 -0.0428035
1 42.2993 10.8681 0.0865723 -0.0430603
1 43.4206 10.8643 0.114136 -0.0502509
1 0.816205 11.8175 -0.115775 -0.036481
1 1.93704 11.8211 -0.0883907 -0.0326899
1 3.05382 11.8241 -0.0738577 -0.0365783
1 4.16617 11.8275 -0.0579704 -0.0400003
1 5.27558 11.8293 -0.0352097 -0.027821
1 6.38357 11.8286 -0.016069 -0.0132236
1 7.48975 11.8259 -0.0101592 -0.00603895
1 8.59475 11.8224 -0.00670398 -0.00367349
1 9.70006 11.8183 0.00269071 0.000245673
1 10.806 11.8138 -0.000694105 -0.00182391
1 11.9112 11.8096 -0.00533907 -0.00729839
1 13.0159 11.8054 -0.00747674 -0.0083388
1 14.1205 11.8002 -0.0088919 -0.0125472
1 15.2241 11.7943 -0.0177937 -0.0218471
1 16.3271 11.7882 -0.0152126 -0.0286352
1 17.4299 11.7825 -0.0129534 -0.0301428
1 18.5331 11.7769 -0.0108952 -0.0264917
1 19.6365 11.7717 0.00491837 -0.0231176
1 20.74 11.7673 -0.00226934 -0.0242038
1 21.8434 11.7649 -0.00724603 -0.0283823
1 22.9473 11.7656 0.00362134 -0.0283691
1 24.0519 11.7692 0.00313214 -0.0221645
1 25.1557 11.7743 0.0110925 -0.0215479
1 26.2586 11.7796 0.0123414 -0.0288821
1 27.3613 11.7852 0.00808248 -0.0306799
1 28.4646 11.7913 0.0189486 -0.023833
1 29.5677 11.7976 0.00861107 -0.0172984
1 30.6714 11.8029 0.0012471 -0.0126224
1 31.7761 11.8073 0.0063495 -0.00628894
1 32.8808 11.8117 0.00272576 -0.00222135
1 33.9866 11.816 -0.000162249 -0.00128881
1 35.0925 11.8202 0.00350838 -0.00205976
1 36.1978 11.8242 0.0138954 -0.00262036
1 37.3036 11.8274 0.0166397 -0.00977941
1 38.4108 11.829 0.0256802 -0.020487
1 39.5194 11.8285 0.0466527 -0.032237
1 40.6297 11.8257 0.065493 -0.0405978
1 41.7441 11.8223 0.0785075 -0.0340393
1 42.8632 11.8194 0.107318 -0.0305937
1 43.993 11.8162 0.156888 -0.0343876
1 0.243265 12.7704 -0.156529 -0.0292228
1 1.3728 12.7737 -0.109187 -0.0265128
1 2.49159 12.7761 -0.0777134 -0.0285657
1 3.60555 12.779 -0.0689413 -0.038441
1 4.71638 12.782 -0.0537955 -0.036165
1 5.82575 12.7835 -0.0292705 -0.0294636
1 6.93364 12.7831 -0.0209021 -0.0154132
1 8.03979 12.7804 -0.0172087 -0.00432344
1 9.14495 12.7768 -0.00291041 -0.00180827
1 10.2508 12.7728 0.00217948 -0.0011035
1 11.3568 12.7688 0.000519407 0.000192515
1 12.4618 12.7649 -6.1888e-05 -0.000613436
1 13.5673 12.7608 0.0034954 -0.0033451
1 14.6722 12.7561 0.000315795 -0.00830278
1 15.7765 12.751 -0.00840903 -0.0190167
1 16.88 12.7459 -0.00579156 -0.0292142
1 17.9824 12.7404 -0.0176626 -0.0308308
1 19.0848 12.7343 -0.0180321 -0.0283283
1 20.1882 12.729 -0.00622979 -0.0276018
1 21.2921 12.7257 -0.00263966 -0.0311533
1 22.396 12.7251 0.00800508 -0.0334877
1 23.4997 12.727 0.00367632 -0.0302158
1 24.603 12.7313 0.00354286 -0.0255063
1 25.7059 12.7371 0.0203664 -0.0283635
1 26.8087 12.7432 0.0114649 -0.0308113
1 27.9116 12.7485 0.00551271 -0.0256988
1 29.0153 12.7535 0.00860419 -0.0137036
1 30.1201 12.7585 -0.00032018 -0.00319908
1 31.2257 12.7631 0.00012272 -0.00123821
1 32.3309 12.7669 0.00085843 -0.00226104
1 33.4363 12.7706 -0.00278535 0.000935284
1 34.5423 12.7749 -0.00345383 6.56146e-05
1 35.6477 12.7786 0.00922205 -0.00434181
1 36.7533 12.7817 0.0171613 -0.00919613
1 37.8601 12.7835 0.0221459 -0.0200607
1 38.969 12.7829 0.0411383 -0.0335666
1 40.079 12.7805 0.0612233 -0.0407635
1 41.1907 12.7772 0.0720638 -0.0328231
1 42.3067 12.7748 0.0887753 -0.0248257
1 43.4272 12.7721 0.11446 -0.024597
1 0.808385 13.7271 -0.114824 -0.0219111
1 1.92906 13.7291 -0.0922137 -0.0223429
1 3.04482 13.731 -0.0738484 -0.0269366
1 4.15652 13.7335 -0.0644591 -0.0352913
1 5.2665 13.7363 -0.0452028 -0.0373095
1 6.37594 13.7379 -0.0282302 -0.0243536
1 7.48362 13.7372 -0.020418 -0.0124385
1 8.58941 13.735 -0.0126664 -0.00512533
1 9.6951 13.7315 0.000795697 0.00413601
1 10.8012 13.7276 0.00174642 0.00360154
1 11.9067 13.7241 0.00170655 0.00268239
1 13.0123 13.7203 0.000738118 0.00757003
1 14.1185 13.7159 0.00302985 0.00443194
1 15.2239 13.7119 0.00307628 -0.00750093
1 16.3284 13.7081 0.00432181 -0.0153465
1 17.4323 13.7035 -0.00865829 -0.0199212
1 18.5356 13.6977 -0.0217198 -0.0245056
1 19.6381 13.6917 -0.00658802 -0.0307822
1 20.7405 13.6871 -0.00959497 -0.0348152
1 21.8435 13.685 -0.0117828 -0.03506
1 22.9472 13.6856 0.00797 -0.0341346
1 24.0506 13.6889 0.015771 -0.031744
1 25.1533 13.6943 0.0229293 -0.0272505
1 26.256 13.7006 0.0156256 -0.0229122
1 27.3596 13.706 -0.00121263 -0.0179139
1 28.464 13.7101 -0.00235749 -0.010197
1 29.5688 13.714 -0.00917195 -0.00212717
1 30.6744 13.7181 -0.00628211 0.00555175
1 31.7806 13.7222 0.000156411 0.00721531
1 32.8858 13.726 -0.00337284 0.00432671
1 33.9917 13.7296 -0.00294089 0.00315135
1 35.0978 13.7333 0.00223021 5.78371e-05
1 36.2032 13.7362 0.0168096 -0.00771183
1 37.3099 13.7377 0.0286441 -0.0175127
1 38.419 13.7373 0.0396394 -0.0326352
1 39.5289 13.7348 0.0562886 -0.0372489
1 40.6394 13.7321 0.0689235 -0.0321079
1 41.7525 13.7301 0.0768428 -0.0255908
1 42.8705 13.7282 0.110314 -0.0223004
1 43.999 13.7248 0.173519 -0.0227913
1 0.237631 14.6809 -0.184767 -0.0235599
1 1.36622 14.6831 -0.120559 -0.0163317
1 2.48403 14.6844 -0.0830058 -0.0231918
1 3.59676 14.6858 -0.0705993 -0.0287821
1 4.70676 14.6878 -0.0585825 -0.0352786
1 5.81678 14.6903 -0.0428753 -0.0351643
1 6.92626 14.692 -0.030844 -0.0271264
1 8.03342 14.6918 -0.0218051 -0.0112434
1 9.13938 14.6895 -0.00716267 0.000137692
1 10.2456 14.6863 0.00172051 0.00221382
1 11.3514 14.683 0.00136084 0.00713944
1 12.4572 14.679 -0.00122083 0.0120866
1 13.5636 14.6749 0.00572648 0.00793615
1 14.669 14.6716 0.012496 0.000850866
1 15.7741 14.6684 0.00774055 -0.00418472
1 16.8797 14.6647 0.00807064 -0.00710474
1 17.9844 14.66 -0.00905172 -0.012134
1 19.0877 14.6546 -0.020009 -0.0216629
1 20.1906 14.6495 -0.0179877 -0.0347336
1 21.2934 14.6461 -0.0123929 -0.0431051
1 22.3958 14.6453 0.0126305 -0.0437692
1 23.4977 14.6473 0.0162358 -0.0382986
1 24.5999 14.6516 0.00878358 -0.0284223
1 25.7032 14.657 0.0148973 -0.0175782
1 26.8077 14.6624 0.00139285 -0.0085148
1 27.9129 14.6666 -0.00853736 -0.00494537
1 29.0182 14.67 -0.00647304 -0.00272764
1 30.1235 14.6732 -0.00732903 0.00548944
1 31.2297 14.6771 0.000633517 0.011236
1 32.3358 14.6811 0.0023077 0.00909138
1 33.4416 14.6847 -0.00149635 0.00609621
1 34.5478 14.688 0.00160923 0.0033199
1 35.654 14.6909 0.0174383 -0.00634332
1 36.7605 14.692 0.0269942 -0.0196807
1 37.8689 14.6912 0.0354163 -0.0313656
1 38.9792 14.6889 0.0494632 -0.0370701
1 40.089 14.6865 0.0621404 -0.0316121
1 41.2 14.6852 0.0701367 -0.02201
1 42.3154 14.684 0.0854736 -0.0199402
1 43.4358 14.6824 0.11131 -0.0215668
1 0.802073 15.6382 -0.11931 -0.0197968
1 1.92178 15.6394 -0.0918856 -0.0153685
1 3.0366 15.6402 -0.0754268 -0.0156164
1 4.14705 15.6408 -0.0636457 -0.023024
1 5.25615 15.6425 -0.0515214 -0.0330419
1 6.36621 15.6449 -0.0402681 -0.0330758
1 7.47535 15.6468 -0.0334581 -0.0230947
1 8.58274 15.6467 -0.0223302 -0.00947091
1 9.6893 15.645 -0.00504512 0.00284071
1 10.7957 15.6421 -0.00524484 0.0102353
1 11.9019 15.6384 -0.00440612 0.0125914
1 13.008 15.6345 0.00152327 0.0117487
1 14.114 15.6312 0.00637709 0.00623782
1 15.2194 15.6283 0.00598653 0.0020697
1 16.3252 15.6251 0.0102421 0.00163167
1 17.4313 15.621 0.0042973 0.000523388
1 18.537 15.6164 -0.00955658 -0.00678497
1 19.6411 15.6122 -0.00169897 -0.0226399
1 20.7433 15.6091 -0.00734778 -0.0404162
1 21.8442 15.6076 -0.00903225 -0.0496508
1 22.9452 15.6079 0.00772475 -0.0464582
1 24.0475 15.6101 0.00905138 -0.0321807
1 25.1511 15.6139 0.0116234 -0.013421
1 26.2558 15.6185 0.00372798 -0.00135161
1 27.3616 15.623 -0.00929437 0.00188381
1 28.468 15.6267 -0.00806081 0.00234853
1 29.5734 15.6298 -0.0133329 0.00283
1 30.6786 15.6328 -0.00762328 0.00818753
1 31.7848 15.6364 0.00277569 0.0143198
1 32.8908 15.6404 0.00365791 0.012062
1 33.9973 15.6437 0.00430683 0.00526673
1 35.104 15.6459 0.0132482 -0.00155333
1 36.2111 15.647 0.0299697 -0.0144514
1 37.3192 15.646 0.0373107 -0.0306545
1 38.4291 15.6434 0.0438725 -0.0349638
1 39.5387 15.6413 0.0572484 -0.0253838
1 40.648 15.6404 0.0720981 -0.0168638
1 41.7604 15.6398 0.0858135 -0.0152814
1 42.8778 15.639 0.12597 -0.0132063
1 44.0062 15.637 0.197733 -0.0280724
1 0.229986 16.5927 -0.197184 -0.0255773
1 1.35916 16.5951 -0.128741 -0.018305
1 2.47666 16.5954 -0.0904504 -0.0140976
1 3.58886 16.5955 -0.0729491 -0.0163266
1 4.69736 16.5958 -0.0553779 -0.020314
1 5.80619 16.5971 -0.0439473 -0.0313357
1 6.91588 16.5997 -0.0406921 -0.0328927
1 8.0247 16.6016 -0.0350073 -0.0214132
1 9.13245 16.6018 -0.0198541 -0.00748389
1 10.24 16.6005 -0.0109299 0.00416581
1 11.3468 16.5976 -0.00661264 0.0126797
1 12.4528 16.5938 -0.0016811 0.0122796
1 13.559 16.5905 0.00666835 0.00621567
1 14.6641 16.5879 0.0110227 0.00420915
1 15.7695 16.5847 0.00520098 0.00702059
1 16.8765 16.5807 0.00824597 0.00804839
1 17.9831 16.5764 -0.00033824 0.00214631
1 19.0881 16.573 -0.00156809 -0.0110664
1 20.1918 16.5711 0.00511522 -0.0282869
1 21.2942 16.5704 0.00239842 -0.0416201
1 22.3954 16.5702 0.00717152 -0.045266
1 23.4967 16.5705 -0.00618649 -0.037825
1 24.599 16.5717 -0.0136979 -0.020857
1 25.7035 16.5743 0.00196137 -0.00257815
1 26.8098 16.5782 -0.00299764 0.00791584
1 27.9167 16.5826 -0.0066171 0.00867373
1 29.0231 16.5863 -0.00219934 0.00516605
1 30.1285 16.5893 -0.00605443 0.00588031
1 31.2342 16.5922 -0.00120862 0.00895919
1 32.3402 16.5956 0.00581126 0.0116939
1 33.4468 16.5991 0.00829829 0.010056
1 34.5539 16.6014 0.0120049 -0.000906088
1 35.6615 16.6018 0.0301725 -0.0150942
1 36.7699 16.6007 0.0401694 -0.0269118
1 37.8793 16.5983 0.0427758 -0.0327677
1 38.9891 16.5962 0.051309 -0.0264644
1 40.0977 16.5955 0.0639077 -0.0184793
1 41.2075 16.5953 0.0784427 -0.0135618
1 42.3223 16.5954 0.0965991 -0.0146326
1 43.4423 16.5947 0.130367 -0.0250579
1 0.794213 17.55 -0.134168 -0.0254581
1 1.9145 17.5514 -0.103062 -0.0178142
1 3.02916 17.5511 -0.0805995 -0.0159633
1 4.13908 17.5511 -0.0641855 -0.0176009
1 5.24697 17.551 -0.044898 -0.0235071
1 6.35561 17.5523 -0.0386598 -0.0295522
1 7.46513 17.5544 -0.0426715 -0.0290023
1 8.5743 17.5563 -0.0340783 -0.0230968
1 9.68273 17.5571 -0.016247 -0.00867351
1 10.7906 17.5556 -0.0154556 0.00437146
1 11.8975 17.5527 -0.00915264 0.00545028
1 13.0034 17.5499 0.0017412 0.00201898
1 14.1091 17.5472 0.00388752 0.00251817
1 15.2148 17.5439 -0.00337799 0.00802552
1 16.3216 17.5397 -0.000371737 0.00972552
1 17.4287 17.5356 0.00429702 0.00293834
1 18.5347 17.5326 0.00584635 -0.0102202
1 19.6389 17.5314 0.0233163 -0.0227581
1 20.7415 17.5314 0.0134561 -0.0315927
1 21.8437 17.5317 -0.0048711 -0.0356767
1 22.9464 17.5316 -0.00658138 -0.0352052
1 24.0497 17.5313 -0.0141496 -0.028571
1 25.1534 17.5316 -0.00856459 -0.0163159
1 26.2581 17.5336 -0.00551867 -0.00249207
1 27.3645 17.5373 -0.00568721 0.0078304
1 28.472 17.5417 0.0024627 0.010384
1 29.5782 17.5457 -0.00502395 0.00543457
1 30.6834 17.5485 -0.00531285 0.00132429
1 31.7893 17.5512 0.00374459 0.00467653
1 32.8955 17.5543 0.0117826 0.00527398
1 34.0031 17.5566 0.0162189 -0.00271064
1 35.1114 17.5569 0.0253693 -0.0164522
1 36.2202 17.5554 0.0416971 -0.0266977
1 37.3296 17.5531 0.044077 -0.0314011
1 38.4392 17.5512 0.0425148 -0.0273902
1 39.5473 17.5508 0.0533896 -0.0185752
1 40.6555 17.551 0.0736476 -0.0179907
1 41.7673 17.5513 0.0926766 -0.0161518
1 42.885 17.5511 0.134593 -0.0235916
1 44.0146 17.5491 0.204249 -0.0304368
1 0.219894 18.5031 -0.201817 -0.0337667
1 1.35042 18.5062 -0.133531 -0.0221148
1 2.46872 18.507 -0.0921792 -0.0125385
1 3.58064 18.507 -0.0741952 -0.00897488
1 4.68893 18.5069 -0.052353 -0.00781187
1 5.79662 18.5068 -0.0392984 -0.00995687
1 6.90564 18.5074 -0.0438329 -0.0163286
1 8.01505 18.5095 -0.043678 -0.019733
1 9.1244 18.5116 -0.0318056 -0.0124444
1 10.234 18.5122 -0.0244432 0.000581624
1 11.3421 18.5109 -0.0150997 0.00609764
1 12.4481 18.509 -0.00426952 0.00591717
1 13.5541 18.5067 0.000733706 0.00950266
1 14.66 18.5033 -0.00190836 0.0169017
1 15.7666 18.4989 -0.00692223 0.0190593
1 16.8739 18.4949 0.00626091 0.0112964
1 17.9796 18.4922 0.01011 -0.000731434
1 19.0837 18.4912 0.0131112 -0.0107059
1 20.1877 18.4914 0.0148829 -0.0156978
1 21.292 18.4919 0.00528837 -0.0170118
1 22.3963 18.4921 0.0048144 -0.0166035
1 23.5001 18.4917 -0.0126703 -0.0162875
1 24.6035 18.4912 -0.0244895 -0.0141916
1 25.7075 18.4913 -0.010159 -0.00723932
1 26.8128 18.493 -0.00909139 0.00495832
1 27.9193 18.4965 -0.000260855 0.0170745
1 29.0265 18.501 0.0109885 0.0206481
1 30.1329 18.5051 0.00320306 0.0147399
1 31.2389 18.5079 0.00141902 0.00672061
1 32.3448 18.51 0.0117265 0.0042996
1 33.452 18.5117 0.0217494 0.00444796
1 34.561 18.5122 0.0265262 -0.00675101
1 35.6704 18.5105 0.0394004 -0.0193
1 36.7798 18.508 0.0434099 -0.018621
1 37.889 18.5068 0.0374878 -0.0118029
1 38.9973 18.5068 0.0402051 -0.0101538
1 40.1045 18.5068 0.0610158 -0.0100845
1 41.2139 18.5069 0.0841864 -0.0100549
1 42.3287 18.5068 0.10983 -0.0174309
1 43.4494 18.5051 0.139148 -0.0280979
1 0.785315 19.4599 -0.141465 -0.0279048
1 1.90667 19.4619 -0.113436 -0.0205073
1 3.02185 19.4627 -0.0852475 -0.0155292
1 4.13159 19.4629 -0.062916 -0.0136121
1 5.23916 19.4629 -0.0418502 -0.00761993
1 6.34713 19.4621 -0.0332694 -0.00601598
1 7.45569 19.4624 -0.0413954 -0.0152811
1 8.56511 19.4645 -0.0433429 -0.0192904
1 9.67542 19.4665 -0.0319934 -0.012478
1 10.785 19.4672 -0.0262279 -0.00645486
1 11.8924 19.467 -0.0160939 -0.00254667
1 12.9987 19.4655 -0.00867121 0.00649018
1 14.1055 19.4623 -0.010212 0.0157806
1 15.2124 19.4579 -0.0126087 0.017842
1 16.3192 19.4539 0.000264367 0.0115638
1 17.4251 19.4514 0.00951593 0.00135556
1 18.53 19.4504 0.00773349 -0.00762612
1 19.6343 19.4504 0.0193806 -0.011299
1 20.7385 19.4508 0.00764536 -0.0111761
1 21.8432 19.451 -0.0058209 -0.0102439
1 22.9485 19.451 -0.00143518 -0.0098572
1 24.0537 19.4506 -0.00893306 -0.0105201
1 25.1582 19.4502 -0.00969517 -0.0101919
1 26.2623 19.4506 -0.0103486 -0.00517156
1 27.3674 19.4522 -0.00762342 0.00567763
1 28.4743 19.4555 0.0074053 0.0161862
1 29.581 19.4599 0.00676088 0.019066
1 30.6876 19.4639 0.00615499 0.0118769
1 31.7944 19.4664 0.0104445 0.00111058
1 32.9008 19.4673 0.0191809 -0.00640351
1 34.0092 19.4669 0.0304097 -0.0105643
1 35.1195 19.4654 0.0385177 -0.0160025
1 36.2294 19.4632 0.0441852 -0.0183936
1 37.3382 19.4619 0.0394018 -0.0108631
1 38.4468 19.4624 0.0374613 -0.00576681
1 39.5544 19.463 0.0519756 -0.0115332
1 40.6624 19.4628 0.0748916 -0.0140881
1 41.7742 19.4625 0.0955729 -0.0192123
1 42.8927 19.461 0.138168 -0.022432
1 44.0236 19.4572 0.211118 -0.0298632
1 0.212276 20.413 -0.215861 -0.024838
1 1.34326 20.4159 -0.150219 -0.0180588
1 2.46208 20.4177 -0.107921 -0.0200443
1 3.57446 20.4187 -0.0810759 -0.0157019
1 4.68284 20.4191 -0.0554628 -0.0114717
1 5.79074 20.4184 -0.0370707 -0.00581002
1 6.89872 20.4174 -0.0361474 -0.00590466
1 8.00697 20.4177 -0.042639 -0.0143769
1 9.11645 20.4193 -0.0383008 -0.0210417
1 10.2269 20.4217 -0.0320701 -0.021345
1 11.3357 20.4234 -0.0249631 -0.0154592
1 12.4429 20.4232 -0.0200583 -0.00232678
1 13.5507 20.4208 -0.0157021 0.0092589
1 14.6578 20.417 -0.00991623 0.0129729
1 15.7643 20.4131 -0.00700294 0.00902059
1 16.8707 20.4105 0.0051324 0.00095891
1 17.9758 20.4093 0.00318593 -0.0061308
1 19.0802 20.4091 0.00186504 -0.0101392
1 20.1853 20.4093 0.00433105 -0.0106776
1 21.291 20.4095 0.000630579 -0.0103712
1 22.3967 20.4095 0.00741929 -0.0103394
1 23.5019 20.4094 -0.00401756 -0.0105322
1 24.6065 20.4091 -0.0139924 -0.0108443
1 25.7114 20.4091 -0.00242028 -0.0089149
1 26.8164 20.4096 -0.00572453 -0.00346363
1 27.9219 20.4114 0.00061318 0.00463389
1 29.0286 20.4146 0.0145297 0.0118376
1 30.1356 20.4187 0.0148427 0.012689
1 31.2433 20.4221 0.0171641 0.00428667
1 32.3507 20.4235 0.0237277 -0.0101768
1 33.4586 20.4226 0.0293713 -0.01956
1 34.5683 20.4204 0.0341487 -0.0220617
1 35.6783 20.4181 0.0438388 -0.0192086
1 36.7873 20.4172 0.0384368 -0.0087624
1 37.8951 20.4178 0.0321605 -0.00414989
1 39.0033 20.4189 0.043819 -0.00857002
1 40.1114 20.4189 0.0648842 -0.0135041
1 41.2212 20.4184 0.0877168 -0.015262
1 42.3365 20.4169 0.110753 -0.018449
1 43.4577 20.4142 0.142663 -0.0210642
1 0.779768 21.3701 -0.152421 -0.014454
1 1.9005 21.3722 -0.121648 -0.0106612
1 3.0157 21.3737 -0.0970356 -0.00773178
1 4.12601 21.3746 -0.0717596 -0.00347451
1 5.23459 21.3744 -0.0495916 0.00160649
1 6.34301 21.3737 -0.0336707 0.00572066
1 7.45058 21.3726 -0.0357573 0.00598022
1 8.55856 21.3726 -0.0362325 -0.00639915
1 9.66767 21.3748 -0.0299503 -0.0177885
1 10.7772 21.3776 -0.0339554 -0.0166897
1 11.8861 21.379 -0.0338612 -0.00370977
1 12.9947 21.3779 -0.0274465 0.0110449
1 14.1031 21.3751 -0.0213316 0.0179669
1 15.2103 21.3718 -0.0169846 0.0163349
1 16.3168 21.3693 -0.00487136 0.0108085
1 17.4226 21.368 -0.000653903 0.00518343
1 18.528 21.3676 -0.00483869 0.00164507
1 19.6331 21.3676 0.00910559 0.000138515
1 20.7379 21.3678 0.00223336 -0.000549492
1 21.843 21.3678 -0.00645324 -0.00131197
1 22.9488 21.3677 0.00215187 -0.00136583
1 24.0547 21.3676 -0.000406457 -0.00103872
1 25.16 21.3675 0.0021825 0.000645654
1 26.2648 21.3676 0.00130729 0.00369569
1 27.37 21.3684 -0.000380266 0.00809871
1 28.4765 21.3702 0.00959491 0.013118
1 29.583 21.3732 0.0119119 0.0165002
1 30.6905 21.3764 0.0205965 0.0148533
1 31.7994 21.3786 0.0305139 0.00419893
1 32.9079 21.3785 0.0337098 -0.0108422
1 34.0172 21.3761 0.0327825 -0.0185291
1 35.1267 21.3734 0.0327877 -0.0122903
1 36.2352 21.3723 0.0364473 0.00170328
1 37.3427 21.3732 0.0337525 0.00673468
1 38.4507 21.3741 0.038858 0.00391043
1 39.5591 21.3747 0.0581885 0.000651026
1 40.6679 21.3743 0.0857789 -0.00572239
1 41.7804 21.373 0.111613 -0.00975159
1 42.8988 21.371 0.154547 -0.0106103
1 44.0285 21.3683 0.220685 -0.0169192
1 0.210799 22.3262 -0.2258 -0.0088754
1 1.33962 22.3278 -0.159234 -0.00905538
1 2.45752 22.3292 -0.117803 -0.00704113
1 3.57007 22.3302 -0.0938211 -0.00507328
1 4.67942 22.3303 -0.0660209 0.00105666
1 5.78809 22.3298 -0.0427558 0.0015895
1 6.89629 22.3293 -0.0355434 0.00512348
1 8.00335 22.3282 -0.0317228 0.00240481
1 9.11035 22.3287 -0.0258743 -0.011848
1 10.2192 22.331 -0.03143 -0.0191641
1 11.3289 22.3331 -0.0392458 -0.0129916
1 12.4384 22.3333 -0.0400495 -0.000307463
1 13.5482 22.3318 -0.0312453 0.00850975
1 14.6562 22.3297 -0.0194237 0.0101941
1 15.7629 22.3277 -0.0151189 0.0073595
1 16.8696 22.3266 -0.00426457 0.0036974
1 17.9751 22.3261 -0.00585758 0.00134175
1 19.0799 22.3259 -0.00526245 -0.000210144
1 20.1852 22.326 -0.000532674 -0.00124437
1 21.291 22.3261 -0.00180294 -0.00241674
1 22.3967 22.326 0.00744677 -0.00294572
1 23.5018 22.326 -0.00046428 -0.00229935
1 24.6067 22.3259 -0.00641906 -0.00130537
1 25.712 22.3258 0.00766145 0.000450153
1 26.8175 22.3261 0.00406405 0.00272755
1 27.9234 22.3269 0.00797077 0.00543573
1 29.0301 22.3285 0.0212227 0.008655
1 30.1375 22.3306 0.0259385 0.00981074
1 31.2465 22.3326 0.0353363 0.00533584
1 32.3563 22.3333 0.0432978 -0.00543561
1 33.4662 22.3321 0.0380468 -0.0161211
1 34.5755 22.3298 0.0253835 -0.0163307
1 35.6832 22.3282 0.0282417 -0.00539068
1 36.79 22.3288 0.0315801 0.00578111
1 37.8975 22.3298 0.035012 0.00306939
1 39.0063 22.3302 0.0514067 0.00047559
1 40.1153 22.3305 0.0764682 -0.00277515
1 41.2259 22.3296 0.101427 -0.00764337
1 42.3413 22.3284 0.125169 -0.00765703
1 43.4621 22.3265 0.15567 -0.00709426
1 0.777677 23.2846 -0.161607 -0.0021332
1 1.89791 23.2853 -0.134913 -0.00487679
1 3.01312 23.2857 -0.109466 -0.00750226
1 4.12412 23.286 -0.082851 -0.00480506
1 5.23321 23.2858 -0.0527927 -0.00298146
1 6.34178 23.2855 -0.0357175 -0.00200233
1 7.44938 23.285 -0.0317109 -0.000193484
1 8.5556 23.2847 -0.0239174 -0.00552102
1 9.66256 23.2854 -0.0229306 -0.0112665
1 10.7717 23.2864 -0.0398433 -0.0116099
1 11.8821 23.2869 -0.0482154 -0.00786081
1 12.9925 23.2867 -0.0412217 -0.00345686
1 14.102 23.286 -0.0317691 -0.00148445
1 15.2097 23.2852 -0.0251571 -0.00168638
1 16.3165 23.2847 -0.0115631 -0.00245554
1 17.4226 23.2844 -0.00552462 -0.00340475
1 18.5281 23.2843 -0.00853456 -0.00412346
1 19.6333 23.2843 0.00572943 -0.00487934
1 20.7381 23.2843 -0.000257547 -0.00552423
1 21.843 23.2843 -0.00716012 -0.0058642
1 22.9486 23.2843 0.00321843 -0.0053901
1 24.0544 23.2842 0.00250813 -0.00500058
1 25.1598 23.2842 0.00654613 -0.00471814
1 26.2647 23.2842 0.00663809 -0.00444092
1 27.3703 23.2843 0.00591114 -0.00359518
1 28.4771 23.2847 0.0168008 -0.00216275
1 29.584 23.2855 0.0215984 -0.000764463
1 30.6922 23.2863 0.0333978 -0.000733441
1 31.8025 23.2868 0.0454482 -0.0041383
1 32.9128 23.2867 0.0452485 -0.00921599
1 34.0229 23.2859 0.0321923 -0.0117611
1 35.131 23.2851 0.0216528 -0.00894336
1 36.2372 23.2851 0.0274149 -0.00274349
1 37.344 23.2855 0.0372194 -0.00256605
1 38.4526 23.2857 0.0457543 -0.0044214
1 39.5616 23.2858 0.0673312 -0.00334672
1 40.6713 23.2858 0.0962401 -0.00538962
1 41.7838 23.2854 0.118381 -0.00428117
1 42.9012 23.2849 0.160462 -0.00504497
1 44.0285 23.2843 0.227346 -0.00406452
1 0.211045 24.2427 -0.225362 0.00250622
1 1.33862 24.2422 -0.161028 0.00437084
1 2.45626 24.2415 -0.118112 0.00420808
1 3.56886 24.2412 -0.0964063 0.00538723
1 4.67876 24.2411 -0.0677223 0.00352291
1 5.7877 24.2412 -0.0451963 0.0045604
1 6.89621 24.2413 -0.0372844 0.00282753
1 8.00296 24.2418 -0.0271921 0.00281672
1 9.10892 24.2417 -0.020314 0.00876066
1 10.2171 24.2409 -0.0309835 0.0116776
1 11.3271 24.2401 -0.0448823 0.00915555
1 12.4374 24.2401 -0.0462247 0.00394465
1 13.5478 24.2406 -0.0352821 0.000735193
1 14.656 24.2413 -0.0219095 0.000676114
1 15.7628 24.242 -0.0167574 0.00185747
1 16.8696 24.2425 -0.00550212 0.00327625
1 17.9751 24.2426 -0.00700377 0.00402783
1 19.08 24.2426 -0.00670661 0.00428561
1 20.1853 24.2426 -0.00188909 0.00472182
1 21.291 24.2425 -0.00221322 0.00513333
1 22.3966 24.2425 0.00792144 0.00553187
1 23.5017 24.2425 0.000295933 0.00522976
1 24.6065 24.2425 -0.00581225 0.00461507
1 25.7118 24.2425 0.00837574 0.00366852
1 26.8174 24.2424 0.00546404 0.00290547
1 27.9234 24.2421 0.0108435 0.00197899
1 29.0304 24.2416 0.0257777 0.001361
1 30.138 24.2408 0.0313898 0.00138693
1 31.2474 24.2402 0.0412575 0.00329113
1 32.3578 24.2399 0.04868 0.00773549
1 33.4683 24.2404 0.0396353 0.0116671
1 34.5775 24.2415 0.0223699 0.0112459
1 35.6844 24.2421 0.0242153 0.00563385
1 36.7906 24.2418 0.0312206 0.000302316
1 37.8981 24.2413 0.0364904 0.00241278
1 39.0069 24.2411 0.0519308 0.00335348
1 40.1159 24.2409 0.0818051 0.00505269
1 41.2268 24.2413 0.108061 0.00716285
1 42.3421 24.2417 0.132104 0.00440007
1 43.4624 24.2424 0.161264 0.00079963
1 0.777998 25.2005 -0.155877 0.00640751
1 1.89872 25.1987 -0.127479 0.00707239
1 3.01405 25.1976 -0.102394 0.00828872
1 4.1248 25.1966 -0.0766445 0.00286519
1 5.23386 25.1969 -0.0515054 -0.00050257
1 6.34248 25.1972 -0.0338954 -0.00320173
1 7.44998 25.1982 -0.0312016 -0.00619921
1 8.55673 25.1988 -0.0276472 0.00536335
1 9.66452 25.1973 -0.0254888 0.0167587
1 10.7738 25.1949 -0.0382216 0.0161217
1 11.8837 25.1938 -0.0434814 0.00541563
1 12.9935 25.1945 -0.0353884 -0.00498277
1 14.1025 25.1964 -0.0262061 -0.00944686
1 15.2099 25.1985 -0.0204618 -0.00840345
1 16.3166 25.2 -0.00855055 -0.00515592
1 17.4225 25.2008 -0.00417336 -0.00259731
1 18.528 25.2011 -0.00790875 -0.00047238
1 19.6332 25.2011 0.00650704 0.00118825
1 20.738 25.201 0.000582567 0.0024658
1 21.843 25.2009 -0.00680509 0.00299473
1 22.9486 25.2009 0.0028051 0.0024293
1 24.0544 25.201 0.00123914 0.00131747
1 25.1598 25.201 0.00500251 0.00030632
1 26.2647 25.2009 0.00526584 -0.00146281
1 27.3703 25.2004 0.00451505 -0.00391382
1 28.4771 25.1992 0.0151443 -0.00735321
1 29.5838 25.1973 0.0188688 -0.0101193
1 30.6917 25.1951 0.0292569 -0.00848004
1 31.8014 25.1937 0.0398242 0.000408959
1 32.911 25.1939 0.0403802 0.0131842
1 34.0208 25.196 0.0321941 0.0195909
1 35.1296 25.1984 0.0269874 0.0125069
1 36.2369 25.1989 0.0313695 -0.00237028
1 37.3439 25.1978 0.0352806 -0.00531516
1 38.4522 25.1972 0.0432064 -0.0010309
1 39.5608 25.1968 0.0649579 -0.000970697
1 40.6701 25.1969 0.0929507 0.00523603
1 41.7825 25.1979 0.117471 0.00652278
1 42.9002 25.1992 0.158918 0.00807489
1 44.0288 25.2009 0.227085 0.00824732
1 0.211079 26.1587 -0.218262 0.016318
1 1.34111 26.1561 -0.154996 0.0102556
1 2.45968 26.1542 -0.112825 0.00932214
1 3.57237 26.1529 -0.0863549 0.00483269
1 4.68122 26.1525 -0.0590352 -0.00118334
1 5.78958 26.1531 -0.0374566 -0.00492968
1 6.89748 26.154 -0.0332913 -0.00762125
1 8.00494 26.1549 -0.036217 -0.00199294
1 9.11324 26.1538 -0.032744 0.0122033
1 10.2229 26.151 -0.0325359 0.0180412
1 11.3321 26.1487 -0.0329436 0.0103075
1 12.4405 26.1487 -0.0305388 -0.00409346
1 13.5495 26.1508 -0.0222413 -0.014294
1 14.657 26.1539 -0.0125294 -0.0160426
1 15.7635 26.1568 -0.00961121 -0.012902
1 16.87 26.1586 0.000513828 -0.00787653
1 17.9751 26.1594 -0.00211747 -0.00359799
1 19.0798 26.1596 -0.00250645 -0.000686583
1 20.1851 26.1595 0.00125377 0.000931162
1 21.2909 26.1594 -0.00108616 0.0012346
1 22.3966 26.1593 0.00710916 0.0011367
1 23.5018 26.1594 -0.00202377 0.00039166
1 24.6067 26.1595 -0.00904997 -1.17858e-05
1 25.7119 26.1595 0.00441081 -0.00170998
1 26.8173 26.1591 0.000492771 -0.00529894
1 27.9231 26.1578 0.00453452 -0.0109765
1 29.0297 26.1553 0.0177926 -0.0164032
1 30.1368 26.152 0.020666 -0.0180271
1 31.2451 26.1492 0.0271181 -0.0110224
1 32.3538 26.1481 0.0339244 0.00360042
1 33.4627 26.1495 0.0337516 0.0163834
1 34.5723 26.1524 0.0308342 0.0177768
1 35.6815 26.1547 0.037573 0.00683745
1 36.7895 26.1547 0.0360336 -0.00633404
1 37.897 26.1536 0.034454 -0.00634147
1 39.0055 26.1528 0.0493574 -0.00177882
1 40.1141 26.1527 0.0714488 0.00248051
1 41.2242 26.1535 0.0958844 0.00596838
1 42.3395 26.155 0.119207 0.0102595
1 43.4603 26.1572 0.151974 0.0137622
1 0.782436 27.1129 -0.143316 0.0210608
1 1.9036 27.1103 -0.113083 0.0183449
1 3.01883 27.1089 -0.0884935 0.0165986
1 4.12887 27.1083 -0.0650038 0.0142086
1 5.23696 27.1084 -0.0438737 0.00820899
1 6.34494 27.1094 -0.0302207 0.00434724
1 7.45282 27.11 -0.0381156 0.00963557
1 8.56173 27.1091 -0.0425466 0.0193354
1 9.67178 27.1068 -0.0333525 0.0226592
1 10.7813 27.1047 -0.0297067 0.020181
1 11.8892 27.1038 -0.0240861 0.0109254
1 12.9967 27.1052 -0.0174734 -0.00312673
1 14.1044 27.1086 -0.0154919 -0.0110638
1 15.2115 27.1126 -0.0137933 -0.0104136
1 16.318 27.1158 -0.00102922 -0.00339231
1 17.4236 27.1175 0.00547008 0.00452012
1 18.5286 27.1181 0.00194024 0.0100683
1 19.6333 27.1181 0.0139776 0.0117802
1 20.7379 27.1178 0.00406527 0.0113449
1 21.8429 27.1177 -0.00687558 0.0110652
1 22.9486 27.1177 0.000442347 0.0112724
1 24.0544 27.1179 -0.00335459 0.0115215
1 25.1595 27.1181 -0.00202234 0.0109742
1 26.2641 27.1179 -0.00389546 0.00703366
1 27.3692 27.1167 -0.00483028 -3.10837e-05
1 28.4757 27.1141 0.00718679 -0.00800824
1 29.5822 27.1103 0.00900045 -0.0121154
1 30.6893 27.1064 0.0140156 -0.00854967
1 31.797 27.104 0.0205786 0.00319667
1 32.9042 27.1038 0.0258256 0.0163739
1 34.0132 27.1055 0.0321206 0.0222374
1 35.1235 27.1079 0.0383923 0.0215359
1 36.2332 27.1097 0.0428676 0.015167
1 37.3415 27.1099 0.0365364 0.00744261
1 38.4496 27.1089 0.0376072 0.00581442
1 39.5574 27.1082 0.0545751 0.0120089
1 40.6657 27.1086 0.0806401 0.0160428
1 41.7779 27.1095 0.106197 0.0200088
1 42.8967 27.1113 0.149674 0.0181677
1 44.0273 27.1144 0.21672 0.025112
1 0.215904 28.0698 -0.207417 0.0292004
1 1.34721 28.0662 -0.138351 0.0224368
1 2.46585 28.0649 -0.0967737 0.0195139
1 3.57783 28.0644 -0.0752867 0.0144961
1 4.686 28.0643 -0.0519302 0.0112117
1 5.7936 28.0649 -0.0366454 0.00551155
1 6.90201 28.0654 -0.0388015 0.0105414
1 8.01079 28.0641 -0.0440095 0.0186118
1 9.12047 28.0619 -0.0383379 0.0158776
1 10.2308 28.0604 -0.0301932 0.0102348
1 11.3392 28.0601 -0.0183035 0.0059618
1 12.4455 28.0609 -0.00983552 -0.00121827
1 13.5523 28.0634 -0.00752198 -0.0115365
1 14.659 28.0674 -0.00744895 -0.0187129
1 15.7657 28.0718 -0.00730037 -0.015751
1 16.8724 28.0751 0.00788445 -0.00533842
1 17.9775 28.0767 0.00943044 0.00542707
1 19.0816 28.077 0.00928432 0.0106119
1 20.186 28.0767 0.00988484 0.0108436
1 21.2912 28.0763 0.00269333 0.0099453
1 22.3965 28.0762 0.00650111 0.0105061
1 23.5013 28.0765 -0.00764292 0.0113641
1 24.6055 28.0769 -0.0195747 0.0114203
1 25.71 28.0769 -0.00798046 0.00772756
1 26.8149 28.0759 -0.0094805 -0.0010271
1 27.9208 28.0734 -0.000907174 -0.0114115
1 29.0277 28.0694 0.0131228 -0.0178148
1 30.1345 28.065 0.00953845 -0.016279
1 31.2413 28.0618 0.00846855 -0.00676649
1 32.3476 28.0603 0.015803 0.00240224
1 33.455 28.06 0.0256894 0.00633944
1 34.5646 28.0608 0.0328876 0.0121476
1 35.6749 28.0628 0.0442214 0.0195982
1 36.7844 28.0649 0.0419824 0.0155363
1 37.8929 28.0653 0.0346903 0.00622889
1 39.001 28.0646 0.0417271 0.00838581
1 40.1085 28.0644 0.0624582 0.0132321
1 41.2181 28.0646 0.0849293 0.0146537
1 42.3334 28.0653 0.111394 0.0206787
1 43.4548 28.0675 0.140493 0.0283219
1 0.790463 29.022 -0.139957 0.0282387
1 1.91124 29.0205 -0.112056 0.0172395
1 3.02612 29.0204 -0.0845386 0.00979008
1 4.13572 29.0204 -0.061624 0.00928641
1 5.24305 29.0206 -0.0398707 0.00861003
1 6.35115 29.0205 -0.0361985 0.0114477
1 7.46041 29.0193 -0.0429966 0.0184113
1 8.56977 29.0169 -0.0385155 0.0185964
1 9.67914 29.0152 -0.0251009 0.00562432
1 10.788 29.0157 -0.0214545 -0.00550971
1 11.8952 29.0175 -0.0113009 -0.00513205
1 13.0011 29.0195 -0.00106941 -0.00745997
1 14.1071 29.0224 -0.00355271 -0.014984
1 15.2135 29.0265 -0.0104927 -0.0207897
1 16.3206 29.0309 -0.000536041 -0.0173061
1 17.4272 29.0344 0.00920049 -0.00532865
1 18.5325 29.0361 0.0101064 0.00697614
1 19.6364 29.0362 0.0242324 0.0138901
1 20.7397 29.0356 0.0126879 0.0162056
1 21.8433 29.0353 -0.00393691 0.0165511
1 22.9476 29.0354 -0.00409062 0.0167422
1 24.0521 29.0359 -0.0140935 0.0152213
1 25.1561 29.0361 -0.0133573 0.010348
1 26.2603 29.0352 -0.0108763 0.000475198
1 27.366 29.0326 -0.00642508 -0.0116607
1 28.4733 29.0285 0.00665727 -0.0197923
1 29.5799 29.0241 0.000970616 -0.0176405
1 30.6858 29.0207 -0.00235129 -0.0104731
1 31.7918 29.0184 0.00479994 -0.00702276
1 32.8979 29.0164 0.0154784 -0.00693582
1 34.006 29.0152 0.0240236 -0.00113475
1 35.1155 29.0157 0.031747 0.0114103
1 36.225 29.0179 0.0433739 0.0193825
1 37.3345 29.02 0.0443102 0.0164304
1 38.4437 29.0207 0.0403957 0.0099069
1 39.5514 29.0206 0.0518241 0.00694152
1 40.6596 29.0204 0.0733908 0.00789977
1 41.7713 29.0203 0.0908275 0.0110068
1 42.8895 29.0212 0.132598 0.0221462
1 44.0196 29.0245 0.203868 0.0358345
1 0.224991 29.978 -0.201383 0.03088
1 1.35489 29.9761 -0.135277 0.0244887
1 2.47276 29.9761 -0.094063 0.0176622
1 3.58477 29.9763 -0.0740879 0.0182898
1 4.69311 29.9765 -0.0536676 0.0188481
1 5.80122 29.9762 -0.0413827 0.0282709
1 6.91066 29.9743 -0.0440749 0.0319635
1 8.02011 29.9721 -0.0414043 0.0274094
1 9.12868 29.9706 -0.0249352 0.0167057
1 10.237 29.9709 -0.0160321 0.00319192
1 11.3445 29.9733 -0.0108783 -0.00471703
1 12.4506 29.9763 -0.00264862 -0.00412223
1 13.5566 29.979 0.00413991 -0.000771438
1 14.6618 29.9819 0.00456427 -0.00488268
1 15.7679 29.9858 -0.00234395 -0.00949908
1 16.8754 29.9902 0.00562174 -0.00721405
1 17.9818 29.9939 0.00505504 0.00291345
1 19.0863 29.9959 0.00866436 0.0170271
1 20.19 29.9962 0.0148154 0.0295031
1 21.2932 29.9959 0.00771001 0.0359454
1 22.3959 29.9958 0.00587452 0.0363905
1 23.4984 29.996 -0.0133499 0.0321981
1 24.601 29.996 -0.023715 0.0235433
1 25.7053 29.9949 -0.00612074 0.0111211
1 26.8113 29.992 -0.00463344 -0.00232026
1 27.9183 29.9878 -0.000882213 -0.00952598
1 29.0252 29.9836 0.00368249 -0.00779502
1 30.1309 29.9803 -0.00448163 -0.00249461
1 31.2365 29.9776 -0.00180616 -0.00185284
1 32.3424 29.9748 0.00907524 -0.00499856
1 33.4493 29.9719 0.0148424 -0.0036343
1 34.5573 29.9704 0.0171649 0.00931551
1 35.6657 29.9711 0.0346055 0.0237148
1 36.7749 29.9731 0.0433907 0.0295854
1 37.8844 29.9752 0.0400059 0.0305148
1 38.9933 29.9765 0.0453287 0.0245655
1 40.1012 29.9765 0.0631752 0.0179496
1 41.2109 29.9763 0.0801003 0.0159576
1 42.3255 29.9759 0.100204 0.0182248
1 43.4456 29.9775 0.132609 0.0273548
1 0.797805 30.9326 -0.131158 0.0248249
1 1.9178 30.9319 -0.0985797 0.0155293
1 3.03257 30.932 -0.0788697 0.0140038
1 4.14267 30.9318 -0.0649737 0.0181048
1 5.25128 30.9312 -0.0514409 0.0263447
1 6.36093 30.9291 -0.0418861 0.0324653
1 7.47039 30.9267 -0.0392729 0.0260682
1 8.57872 30.9256 -0.0291342 0.0138331
1 9.68621 30.9261 -0.0108267 -0.000170774
1 10.7933 30.9284 -0.00841003 -0.0106245
1 11.8998 30.9319 -0.00538845 -0.0124741
1 13.0058 30.9354 0.00152528 -0.00963676
1 14.1115 30.9382 0.00587679 -0.00657744
1 15.2169 30.9412 0.00292393 -0.00598622
1 16.3233 30.9449 0.00572481 -0.00936053
1 17.4302 30.9492 0.00277815 -0.00859328
1 18.5364 30.9532 -0.00224386 0.00154066
1 19.6409 30.9559 0.0138192 0.0197932
1 20.7432 30.957 0.00695277 0.0370027
1 21.8442 30.9573 -0.00602267 0.0446675
1 22.9455 30.9571 -0.00157467 0.0410044
1 24.0478 30.9564 -0.00463105 0.0274475
1 25.1516 30.9544 0.00139631 0.0100812
1 26.2568 30.9511 -0.000647699 -0.00292518
1 27.3634 30.9468 -0.00894416 -0.00889267
1 28.4703 30.9428 -0.00538319 -0.00825967
1 29.5758 30.9396 -0.0116513 -0.00549506
1 30.6809 30.9369 -0.00820134 -0.00734718
1 31.7871 30.9337 0.00231145 -0.0131338
1 32.8931 30.9299 0.00715966 -0.0133167
1 34 30.927 0.0105859 -0.00495025
1 35.1074 30.9256 0.019516 0.00701081
1 36.2153 30.9258 0.0349693 0.0203614
1 37.3242 30.9277 0.0411583 0.0325994
1 38.4341 30.9303 0.0454016 0.0313121
1 39.543 30.9317 0.0554252 0.0204892
1 40.6515 30.932 0.0720302 0.0159933
1 41.7634 30.932 0.0890988 0.0136382
1 42.8806 30.9324 0.128648 0.0193541
1 44.0094 30.9349 0.200515 0.0265834
1 0.233587 31.8905 -0.19518 0.0280718
1 1.36223 31.8884 -0.126219 0.0128054
1 2.4798 31.8875 -0.0870345 0.0156191
1 3.59241 31.8869 -0.0729893 0.0170003
1 4.70187 31.886 -0.0577545 0.0254913
1 5.81149 31.8839 -0.0433524 0.034361
1 6.9212 31.8814 -0.0364671 0.0294664
1 8.02924 31.8804 -0.0292614 0.0132265
1 9.13602 31.8815 -0.0125905 0.000528433
1 10.2428 31.8839 -0.00398194 -0.00606793
1 11.3492 31.8871 -0.00313953 -0.0127085
1 12.4551 31.8911 -0.00168146 -0.0150032
1 13.5614 31.8947 0.00650788 -0.00903944
1 14.6666 31.8976 0.0128764 -0.00339188
1 15.7719 31.9007 0.00831396 -0.00301459
1 16.8783 31.9044 0.00900615 -0.00281684
1 17.9841 31.9089 -0.0041169 0.000538733
1 19.0887 31.9135 -0.0110705 0.0121629
1 20.1922 31.9173 -0.00823652 0.0304743
1 21.2944 31.9195 -0.00684946 0.044952
1 22.3955 31.9198 0.0100989 0.0483179
1 23.4966 31.9183 0.00803136 0.0391381
1 24.5989 31.9152 0.00154346 0.0215527
1 25.703 31.911 0.00873828 0.00566407
1 26.8087 31.9064 -0.00510332 -0.00176179
1 27.9147 31.9023 -0.011524 -0.00257529
1 29.0206 31.8991 -0.00568465 -0.00304371
1 30.1259 31.8962 -0.00701775 -0.00733288
1 31.2318 31.8929 -0.0014786 -0.0125915
1 32.338 31.889 0.00437089 -0.0134016
1 33.4443 31.8853 0.00445905 -0.0111847
1 34.5507 31.8824 0.00581408 -0.0036864
1 35.6572 31.8807 0.0222898 0.00875949
1 36.7646 31.8806 0.0341477 0.0221888
1 37.8737 31.8824 0.0419197 0.0326389
1 38.984 31.8849 0.0522623 0.0329711
1 40.0932 31.8866 0.0631237 0.0228854
1 41.2035 31.8874 0.0748315 0.014721
1 42.3182 31.8882 0.0893855 0.0151863
1 43.4378 31.8893 0.117986 0.0210047
1 0.804475 32.8451 -0.112281 0.0217579
1 1.92476 32.8434 -0.0882834 0.0210788
1 3.04015 32.8421 -0.0717962 0.0237217
1 4.15137 32.8407 -0.0634594 0.0330728
1 5.2613 32.8384 -0.0494698 0.0385179
1 6.37136 32.8362 -0.0344948 0.0322238
1 7.47964 32.8354 -0.0259644 0.0210636
1 8.5861 32.8366 -0.017109 0.00779787
1 9.69225 32.8395 -0.000637624 -0.00151835
1 10.7984 32.8428 0.000445753 -0.00412786
1 11.9042 32.8464 -0.00221547 -0.00737549
1 13.0102 32.8504 -0.000242501 -0.00937885
1 14.1165 32.8543 0.00667254 -0.00372708
1 15.2219 32.8575 0.00653189 0.00420676
1 16.3272 32.8608 0.0073515 0.00670019
1 17.4323 32.8651 -0.00188704 0.0102275
1 18.5369 32.8704 -0.0155019 0.0189249
1 19.6401 32.8758 -0.0083208 0.0297672
1 20.7421 32.8801 -0.0146781 0.0394073
1 21.8439 32.8821 -0.0113068 0.0448913
1 22.9462 32.8812 0.0129609 0.0445259
1 24.0491 32.8779 0.0181382 0.0362849
1 25.152 32.8728 0.0197549 0.0230337
1 26.2554 32.8674 0.00845686 0.0135639
1 27.3601 32.8627 -0.0082484 0.00872744
1 28.4658 32.859 -0.0078735 0.00563065
1 29.5709 32.8558 -0.0131177 0.000579128
1 30.6763 32.8525 -0.00663082 -0.00617311
1 31.7828 32.8484 0.00233476 -0.0103219
1 32.8885 32.8444 -0.00127056 -0.00542196
1 33.9944 32.8412 -0.00169562 -0.000940054
1 35.1005 32.838 0.00782014 0.00172155
1 36.2067 32.8357 0.0225235 0.0126943
1 37.3139 32.8355 0.0320861 0.0283757
1 38.4235 32.837 0.0439196 0.0370198
1 39.5336 32.8396 0.0597795 0.0367013
1 40.6434 32.8416 0.0704803 0.0301091
1 41.756 32.8432 0.0813625 0.0243926
1 42.8735 32.8444 0.119973 0.0171882
1 44.0018 32.8466 0.188232 0.0243414
1 0.240831 33.8029 -0.168887 0.0226771
1 1.3696 33.7994 -0.110258 0.0229741
1 2.48772 33.7973 -0.0784508 0.0260809
1 3.60098 33.7952 -0.0692771 0.0322737
1 4.71157 33.7925 -0.0556976 0.0368942
1 5.82144 33.7902 -0.0382846 0.031531
1 6.93043 33.7898 -0.0272572 0.0169177
1 8.03694 33.7914 -0.0164613 0.00743467
1 9.14215 33.7943 -0.00218565 0.000100716
1 10.2483 33.798 0.00302558 -0.00262311
1 11.3542 33.8017 0.00356391 -0.0035744
1 12.4594 33.8054 0.00104422 -0.00661283
1 13.5656 33.8095 0.00536128 -0.00566138
1 14.6711 33.8137 0.0081849 0.00244773
1 15.7759 33.8175 0.0017331 0.0104159
1 16.8804 33.8217 0.000815805 0.0179081
1 17.9839 33.8271 -0.0161817 0.0233749
1 19.0865 33.8333 -0.023338 0.0277353
1 20.1891 33.8386 -0.0157269 0.0320441
1 21.2925 33.8419 -0.0075625 0.0346871
1 22.3962 33.8425 0.0131152 0.0353498
1 23.4993 33.8404 0.0113133 0.0350183
1 24.6018 33.8358 0.00721479 0.031194
1 25.7044 33.8298 0.021249 0.0250449
1 26.8076 33.824 0.00858884 0.0201986
1 27.9115 33.8194 -0.00508394 0.0155917
1 29.0162 33.8157 -0.00284851 0.00775747
1 30.1215 33.8116 -0.0036452 -0.004299
1 31.2277 33.8074 -0.000298799 -0.00717824
1 32.3333 33.8035 -0.00173159 -0.00228959
1 33.4388 33.8 -0.00301281 -0.00336
1 34.5449 33.7961 0.000301432 -0.00396705
1 35.6506 33.7926 0.0129209 0.00485829
1 36.7564 33.7904 0.0210795 0.0121221
1 37.8641 33.7897 0.02893 0.023444
1 38.9737 33.7912 0.0452874 0.036239
1 40.0836 33.794 0.0631819 0.0359125
1 41.1951 33.7966 0.07217 0.0272325
1 42.3108 33.7985 0.0891336 0.022301
1 43.4316 33.8005 0.114002 0.021971
1 0.813172 34.7557 -0.114854 0.0243358
1 1.93354 34.7527 -0.0915949 0.0243648
1 3.04962 34.7502 -0.0733676 0.0322372
1 4.16156 34.7468 -0.0618745 0.0396959
1 5.2714 34.7444 -0.0408312 0.032462
1 6.38001 34.7439 -0.0213478 0.0178388
1 7.48682 34.7459 -0.0161693 0.00727404
1 8.59228 34.749 -0.00902467 0.00309871
1 9.69774 34.7527 0.00450745 -0.000734631
1 10.8037 34.7569 0.0018806 -0.00140865
1 11.9092 34.7607 -0.00067332 0.00142348
1 13.0143 34.7645 0.000191426 0.000267601
1 14.1199 34.7691 -0.000533832 0.00207304
1 15.2247 34.7741 -0.00848501 0.0121913
1 16.3284 34.7791 -0.00661275 0.0245584
1 17.4313 34.7844 -0.0116235 0.029514
1 18.5341 34.7905 -0.0204304 0.027141
1 19.637 34.7963 -0.00287505 0.0247761
1 20.7401 34.8005 -0.00220387 0.0293025
1 21.8437 34.8024 -0.00669606 0.032123
1 22.9476 34.8017 0.00292832 0.0298358
1 24.0516 34.7985 0.00616752 0.0264607
1 25.155 34.7932 0.0176456 0.0270601
1 26.2575 34.7871 0.0171826 0.0297607
1 27.3599 34.7816 0.00581998 0.0281914
1 28.4635 34.7765 0.00832557 0.0178101
1 29.5678 34.7714 -0.00113154 0.00739445
1 30.6727 34.7668 -0.00464171 0.00255978
1 31.7781 34.7627 0.0012003 -0.000591147
1 32.8832 34.7588 -0.000649432 -0.00168298
1 33.9892 34.7548 -0.00222299 -0.000167798
1 35.095 34.7508 0.00292494 0.000861427
1 36.2003 34.7472 0.0167169 0.00276266
1 37.3065 34.7445 0.021609 0.0131865
1 38.4145 34.7439 0.0301695 0.027382
1 39.5238 34.7455 0.0535202 0.0347206
1 40.6345 34.7484 0.0682138 0.0378277
1 41.7483 34.7515 0.0759879 0.0281562
1 42.8669 34.7539 0.108253 0.0257356
1 43.9961 34.7573 0.159481 0.0295413
1 0.246578 35.7115 -0.153529 0.0338154
1 1.37687 35.7082 -0.107801 0.0311391
1 2.49618 35.7051 -0.0797692 0.0349798
1 3.61074 35.7017 -0.0653584 0.0423334
1 4.72106 35.6988 -0.0458656 0.0332069
1 5.82951 35.6984 -0.0241033 0.0211546
1 6.93654 35.7 -0.0154688 0.0106274
1 8.04225 35.7033 -0.0137313 0.00313762
1 9.1474 35.7073 -0.00312714 0.00265712
1 10.2534 35.7115 0.000848766 0.00290484
1 11.3592 35.7158 -0.00190837 0.00358043
1 12.4638 35.7201 -0.00518052 0.00708771
1 13.5686 35.7247 -0.00262096 0.0130137
1 14.6722 35.73 -0.00950666 0.0178784
1 15.7753 35.7362 -0.0191667 0.0243477
1 16.8785 35.7423 -0.0081667 0.031065
1 17.9812 35.7479 -0.0129604 0.0293662
1 19.084 35.7532 -0.0117313 0.0221625
1 20.1879 35.7581 -0.00338551 0.0225095
1 21.2924 35.7617 -0.00356444 0.0288342
1 22.3963 35.7624 0.0085491 0.0290888
1 23.4998 35.76 0.00394101 0.0246749
1 24.6035 35.7556 -0.00395957 0.023234
1 25.707 35.7504 0.0107641 0.0267804
1 26.8101 35.7449 0.0126908 0.0305458
1 27.9129 35.7392 0.0142102 0.0292279
1 29.0159 35.7331 0.0182924 0.0230242
1 30.1195 35.7272 0.00817811 0.0136697
1 31.2241 35.7221 0.00742261 0.00896055
1 32.3288 35.718 0.00494808 0.00765377
1 33.434 35.7138 -0.000906568 0.00218363
1 34.54 35.7092 -0.00193786 0.00015846
1 35.6453 35.705 0.00709144 0.00418009
1 36.7504 35.7015 0.0112038 0.00699949
1 37.8565 35.6989 0.0160478 0.0143474
1 38.9647 35.6982 0.0350265 0.0279885
1 40.0741 35.6999 0.0564648 0.0413609
1 41.1861 35.7034 0.0721091 0.0385973
1 42.3028 35.7064 0.0855471 0.0342245
1 43.4236 35.71 0.114342 0.0368307
1 0.819623 36.6633 -0.114013 0.051013
1 1.94101 36.6594 -0.0885621 0.0431005
1 3.05821 36.6556 -0.0695176 0.042628
1 4.17036 36.6528 -0.0516795 0.0395397
1 5.27903 36.6523 -0.030334 0.025763
1 6.38629 36.654 -0.0112003 0.0143109
1 7.49203 36.6572 -0.0102196 0.00890358
1 8.5972 36.6612 -0.00839687 0.00750093
1 9.70251 36.6655 0.00112841 0.00739023
1 10.8082 36.6703 -0.00725583 0.00992942
1 11.9129 36.6751 -0.0145015 0.0166084
1 13.0167 36.6802 -0.0174327 0.0236596
1 14.12 36.6861 -0.0188306 0.0279784
1 15.2225 36.6927 -0.0232266 0.0316929
1 16.3255 36.6991 -0.0114222 0.0321516
1 17.429 36.7049 -0.00798842 0.0281253
1 18.5329 36.7101 -0.0112134 0.0268538
1 19.6363 36.7152 0.0073837 0.0268411
1 20.7397 36.7199 -0.00157436 0.0268598
1 21.8435 36.7223 -0.0121376 0.0252214
1 22.9477 36.7213 0.00433801 0.02618
1 24.0522 36.7175 0.00725115 0.0267691
1 25.156 36.7125 0.00812721 0.0271981
1 26.2593 36.7074 0.00684791 0.0292648
1 27.3628 36.7021 0.0054585 0.032403
1 28.4663 36.6959 0.0208722 0.0302324
1 29.5689 36.689 0.0182487 0.0296606
1 30.6715 36.6829 0.0120436 0.0292601
1 31.7749 36.6777 0.0157919 0.0206941
1 32.879 36.6726 0.00993947 0.0106803
1 33.9846 36.6677 0.00235535 0.00943742
1 35.0901 36.6633 0.00146432 0.00837568
1 36.195 36.6591 0.0108818 0.00654824
1 37.3005 36.6554 0.012743 0.0113418
1 38.4072 36.6528 0.0182508 0.0188548
1 39.515 36.6521 0.0389905 0.0318009
1 40.6248 36.6538 0.0614241 0.0431884
1 41.7396 36.6573 0.0772784 0.0463236
1 42.859 36.6612 0.107236 0.0432791
1 43.9894 36.6659 0.159164 0.0497017
1 0.253409 37.6187 -0.161641 0.0673956
1 1.38464 37.6131 -0.109488 0.0525218
1 2.50479 37.6089 -0.0757427 0.0514374
1 3.61927 37.6063 -0.0560179 0.0394411
1 4.72878 37.6061 -0.0334152 0.0250005
1 5.8359 37.608 -0.0152435 0.0149367
1 6.94214 37.6113 -0.00802188 0.00993546
1 8.04727 37.6151 -0.00778523 0.00720186
1 9.15199 37.6198 -0.00292005 0.0107535
1 10.2571 37.6246 -0.0068916 0.017515
1 11.3617 37.6298 -0.0191148 0.0198649
1 12.4647 37.636 -0.028162 0.0269039
1 13.5675 37.6424 -0.0227783 0.0343495
1 14.6695 37.6488 -0.019558 0.0304288
1 15.7725 37.6554 -0.0170969 0.0256398
1 16.8768 37.6616 -0.000627672 0.0263509
1 17.9803 37.667 -0.0102107 0.0286313
1 19.0835 37.6724 -0.014347 0.0271983
1 20.1877 37.6778 -0.00395607 0.0220654
1 21.292 37.6814 -0.00232596 0.019016
1 22.3962 37.6821 0.0101472 0.0211945
1 23.5005 37.6797 0.0036566 0.0238357
1 24.604 37.6751 -0.00553041 0.0260392
1 25.7073 37.6697 0.0108775 0.0291821
1 26.8113 37.6643 0.00848987 0.027264
1 27.9156 37.6584 0.00894336 0.0254024
1 29.0192 37.6519 0.0221646 0.0295263
1 30.1215 37.6455 0.0218671 0.0346484
1 31.2239 37.639 0.0284923 0.0308997
1 32.3268 37.6327 0.0253064 0.0244798
1 33.4304 37.6271 0.0098498 0.017582
1 34.5353 37.622 0.00491518 0.0115294
1 35.6404 37.6172 0.0119338 0.00948155
1 36.7454 37.613 0.0108907 0.0104216
1 37.8511 37.6094 0.0128371 0.0100942
1 38.9583 37.6067 0.0251851 0.0194002
1 40.0662 37.6058 0.0435434 0.0333836
1 41.1776 37.6071 0.063811 0.0447944
1 42.2947 37.6107 0.0847292 0.0534162
1 43.4161 37.6154 0.110987 0.0625057
1 0.828254 38.5665 -0.11313 0.0687118
1 1.94982 38.5617 -0.087608 0.0546097
1 3.06649 38.5591 -0.0602721 0.0373338
1 4.17735 38.5592 -0.0401608 0.0234823
1 5.28469 38.5615 -0.0210562 0.0147477
1 6.39099 38.5648 -0.00735685 0.00863663
1 7.49653 38.569 -0.00838116 0.013899
1 8.60126 38.5734 -0.0128091 0.0169823
1 9.7057 38.5787 -0.0116847 0.0183624
1 10.8097 38.5848 -0.0227337 0.028427
1 11.9122 38.5912 -0.0309955 0.0338191
1 13.0144 38.5981 -0.0309142 0.0324233
1 14.1173 38.6048 -0.0196868 0.0299418
1 15.2201 38.6109 -0.0154606 0.0274848
1 16.3242 38.6171 -0.013585 0.0250226
1 17.4286 38.6236 -0.0143613 0.0250907
1 18.5322 38.6297 -0.0110405 0.0291803
1 19.6358 38.635 0.00632759 0.0265593
1 20.7396 38.6395 -0.00406062 0.0186237
1 21.8434 38.6421 -0.0104295 0.0176097
1 22.9479 38.6412 0.0040632 0.0211916
1 24.0524 38.6374 0.00367951 0.0219784
1 25.1564 38.6321 0.0135081 0.027821
1 26.26 38.6266 0.016367 0.0302388
1 27.3638 38.6203 0.00511854 0.0266041
1 28.468 38.6139 0.0136601 0.0249202
1 29.5715 38.6077 0.0148178 0.0286719
1 30.6741 38.6014 0.0219313 0.0334072
1 31.7766 38.5945 0.0340255 0.0330238
1 32.8787 38.5876 0.0269095 0.0302194
1 33.9821 38.5815 0.0151995 0.0249929
1 35.0864 38.5759 0.00870788 0.0169525
1 36.1907 38.5709 0.0109993 0.0127339
1 37.2958 38.5665 0.0105406 0.0116867
1 38.402 38.5629 0.0161563 0.0137709
1 39.5086 38.5601 0.0316083 0.0176598
1 40.6174 38.5586 0.048743 0.0316518
1 41.7308 38.5599 0.0703598 0.049479
1 42.8505 38.5636 0.110031 0.0607773
1 43.9821 38.5691 0.169347 0.0760689
1 0.262258 39.5194 -0.166001 0.0776491
1 1.39411 39.514 -0.109734 0.06535
1 2.51324 39.5113 -0.0669042 0.0478501
1 3.62583 39.5118 -0.0438954 0.0332405
1 4.73383 39.5145 -0.0292169 0.0223155
1 5.84009 39.5181 -0.0159384 0.0219461
1 6.9458 39.5224 -0.0122075 0.0229144
1 8.0503 39.5272 -0.01711 0.0271947
1 9.15358 39.5328 -0.0194753 0.0333948
1 10.2568 39.5394 -0.0261917 0.0389832
1 11.3595 39.5465 -0.0314383 0.0390256
1 12.4616 39.5536 -0.0274837 0.0379388
1 13.5648 39.5601 -0.0181773 0.0357117
1 14.6681 39.5663 -0.0134543 0.0322458
1 15.7714 39.5729 -0.0152253 0.0343334
1 16.8754 39.5794 -0.0105284 0.0361537
1 17.9794 39.5859 -0.0161984 0.0335144
1 19.0833 39.5922 -0.0154847 0.0335381
1 20.1876 39.5974 -0.00777137 0.0324521
1 21.2918 39.601 -0.00101005 0.0261341
1 22.3962 39.6018 0.0142947 0.0248068
1 23.5005 39.5994 0.0027822 0.0300462
1 24.6041 39.5947 -0.00475961 0.0368364
1 25.7081 39.5891 0.0142532 0.0384842
1 26.8123 39.5828 0.0130762 0.0328782
1 27.9164 39.5758 0.0148734 0.0343052
1 29.0203 39.5693 0.0214732 0.035454
1 30.1236 39.5631 0.0155464 0.0332645
1 31.2271 39.5566 0.0263648 0.0350299
1 32.3298 39.5497 0.0335758 0.0415323
1 33.432 39.5428 0.0279118 0.0420061
1 34.5348 39.5359 0.0210239 0.034855
1 35.6381 39.5297 0.0207234 0.0295875
1 36.7421 39.5245 0.0124356 0.0249789
1 37.847 39.5199 0.00856201 0.0202609
1 38.953 39.5161 0.0205707 0.0227076
1 40.0598 39.5127 0.0355246 0.0286703
1 41.1696 39.511 0.0531699 0.0391576
1 42.2851 39.5119 0.0855138 0.0564622
1 43.4064 39.5161 0.1233 0.0743941
1 0.839319 40.4661 -0.124812 0.071545
1 1.95947 40.4629 -0.0806927 0.0475662
1 3.07387 40.4637 -0.0492362 0.0287315
1 4.18274 40.4666 -0.0331876 0.0236668
1 5.2888 40.4706 -0.0235312 0.0198075
1 6.39405 40.4752 -0.013696 0.0212043
1 7.49818 40.4806 -0.0189674 0.0310002
1 8.60095 40.4869 -0.0307523 0.0378437
1 9.70304 40.4937 -0.0274096 0.0388984
1 10.8055 40.5009 -0.0304382 0.039268
1 11.9084 40.5077 -0.0290372 0.0337318
1 13.0118 40.5144 -0.0233453 0.0302199
1 14.1158 40.5211 -0.0201788 0.036676
1 15.219 40.5276 -0.0192096 0.03811
1 16.3228 40.5343 -0.0157785 0.0356318
1 17.4274 40.5411 -0.0151913 0.0373571
1 18.5316 40.5477 -0.0105871 0.0399446
1 19.6354 40.5537 0.00381191 0.0392535
1 20.7394 40.5583 -0.00383482 0.034458
1 21.8436 40.5606 -0.00967609 0.0313273
1 22.9479 40.5598 -0.000256726 0.0332037
1 24.0523 40.5562 0.00546059 0.0373093
1 25.1567 40.5507 0.0184731 0.0415385
1 26.2609 40.5443 0.0162444 0.0395344
1 27.365 40.5374 0.00896282 0.0364982
1 28.4695 40.5307 0.0184558 0.0383684
1 29.5729 40.5241 0.014471 0.0364175
1 30.6761 40.5174 0.0162802 0.0340289
1 31.7799 40.5108 0.0247681 0.0337117
1 32.8825 40.5043 0.0270158 0.0366027
1 33.9853 40.4972 0.0306665 0.0390781
1 35.0877 40.4899 0.030715 0.0383987
1 36.19 40.4833 0.0302634 0.0326853
1 37.2936 40.4775 0.0205086 0.0259171
1 38.3985 40.4727 0.0184985 0.0215945
1 39.5042 40.4684 0.0285175 0.018967
1 40.6113 40.4647 0.0388372 0.0264945
1 41.7231 40.4626 0.0603943 0.0384768
1 42.8408 40.4636 0.106564 0.0568161
1 43.9722 40.4686 0.167441 0.0722431
1 0.273325 41.4191 -0.170129 0.0656969
1 1.40369 41.4149 -0.1029 0.0385022
1 2.52038 41.4157 -0.0570983 0.0194033
1 3.63122 41.4193 -0.0385442 0.00980359
1 4.73763 41.4238 -0.0331335 0.00840485
1 5.84216 41.429 -0.0268541 0.0140721
1 6.9459 41.435 -0.030311 0.0233631
1 8.04828 41.4419 -0.0398889 0.0248249
1 9.14985 41.4491 -0.0327683 0.0282805
1 10.2524 41.4559 -0.0242767 0.0237912
1 11.3559 41.4625 -0.0250466 0.0211626
1 12.4591 41.469 -0.022825 0.0241245
1 13.5625 41.4758 -0.0205766 0.0273343
1 14.666 41.4827 -0.018955 0.0290615
1 15.7696 41.4892 -0.0138442 0.0321023
1 16.8738 41.4957 -0.012485 0.0343086
1 17.9786 41.5025 -0.0212497 0.0342536
1 19.0832 41.5093 -0.0148384 0.0342387
1 20.1876 41.515 -0.00373217 0.0347578
1 21.2918 41.5188 -0.000415697 0.0320644
1 22.3959 41.5194 0.0109296 0.0301532
1 23.5002 41.5169 0.0042398 0.0343559
1 24.6046 41.5122 -0.00204362 0.0385266
1 25.709 41.506 0.0111819 0.0370338
1 26.8135 41.499 0.0141928 0.0330762
1 27.918 41.4922 0.0155611 0.0332857
1 29.022 41.4858 0.0200708 0.0306909
1 30.1256 41.4789 0.0224251 0.0271327
1 31.2295 41.4719 0.0279619 0.0265939
1 32.3329 41.4655 0.0263466 0.0241068
1 33.4362 41.4591 0.0243993 0.0216926
1 34.5393 41.4522 0.0273335 0.0245257
1 35.641 41.4452 0.0385256 0.0276639
1 36.7427 41.4381 0.033395 0.0247126
1 37.8456 41.4318 0.0246569 0.0164171
1 38.9501 41.4261 0.0291592 0.0110283
1 40.0554 41.4213 0.0361471 0.0110721
1 41.1636 41.417 0.0439778 0.0119738
1 42.2766 41.4145 0.0703394 0.027623
1 43.3954 41.416 0.117506 0.0584137
1 0.849239 42.3679 -0.108959 0.0416061
1 1.96663 42.3687 -0.0685562 0.0109491
1 3.07868 42.3729 -0.0468727 -0.00136061
1 4.18587 42.3786 -0.0434198 0.000809005
1 5.28963 42.3847 -0.0436287 0.00621887
1 6.39241 42.3914 -0.0379479 0.0112478
1 7.49456 42.3985 -0.0422609 0.0146298
1 8.59657 42.4057 -0.0392104 0.0108635
1 9.69929 42.4123 -0.0226046 0.00619227
1 10.8027 42.4186 -0.0253781 0.00850702
1 11.9061 42.4251 -0.032675 0.0134454
1 13.0094 42.4318 -0.0242091 0.0138749
1 14.113 42.4386 -0.0199305 0.0170852
1 15.2169 42.4451 -0.0218017 0.0212434
1 16.321 42.4515 -0.0143515 0.0242895
1 17.4255 42.4581 -0.0113753 0.0268492
1 18.5304 42.4648 -0.0113214 0.029684
1 19.6351 42.4714 0.00112382 0.0292618
1 20.7396 42.4767 -0.00127438 0.0261894
1 21.8437 42.4792 -0.00831791 0.024879
1 22.9479 42.4782 -0.00140802 0.0292611
1 24.0524 42.4743 0.00590098 0.0319844
1 25.1572 42.4681 0.0148171 0.0283072
1 26.2621 42.4611 0.0133628 0.0267953
1 27.3669 42.4546 0.0111349 0.0280313
1 28.4714 42.4482 0.0185372 0.0224254
1 29.5751 42.4415 0.0183815 0.017049
1 30.6789 42.4347 0.0216891 0.0169677
1 31.7825 42.4281 0.0280998 0.015055
1 32.8854 42.4215 0.0254592 0.0100845
1 33.989 42.4151 0.0226515 0.00809239
1 35.0924 42.4088 0.0287294 0.00968528
1 36.1943 42.402 0.03919 0.0131635
1 37.2958 42.3949 0.0382383 0.0144393
1 38.3983 42.3878 0.0376874 0.00812609
1 39.5018 42.3813 0.0397586 0.000789648
1 40.6071 42.3755 0.0428186 -0.00194405
1 41.7167 42.3705 0.0538692 0.00517436
1 42.8314 42.3675 0.0985592 0.0213893
1 43.9592 42.3698 0.176293 0.0557443
1 0.287046 43.322 -0.168485 0.0391686
1 1.41237 43.322 -0.0967959 0.0127382
1 2.52562 43.3269 -0.0576756 0.00548325
1 3.63349 43.3336 -0.0528473 0.00756521
1 4.73725 43.3409 -0.0553456 0.0124857
1 5.83934 43.3484 -0.0454222 0.0217333
1 6.9416 43.3557 -0.0370505 0.0192354
1 8.04366 43.3625 -0.0317249 0.0143198
1 9.14613 43.3687 -0.0262976 0.0157655
1 10.2495 43.3751 -0.0259078 0.0180591
1 11.3528 43.3816 -0.0294875 0.0207497
1 12.4561 43.388 -0.0274265 0.0255279
1 13.5599 43.3943 -0.0218127 0.0270273
1 14.6635 43.4008 -0.0209498 0.0296592
1 15.7672 43.4073 -0.0175112 0.0358822
1 16.8718 43.4133 -0.0123573 0.0387607
1 17.9769 43.4197 -0.0156804 0.0413012
1 19.0819 43.4267 -0.0132385 0.0436595
1 20.1871 43.4331 -0.00378235 0.0424156
1 21.2917 43.4377 0.00155352 0.0420047
1 22.3956 43.4386 0.00816673 0.0432667
1 23.5004 43.4355 0.00263522 0.0439504
1 24.6057 43.4299 -0.000586224 0.0445963
1 25.7105 43.4229 0.0100334 0.0443049
1 26.8155 43.4163 0.0136611 0.0419272
1 27.9204 43.4103 0.0145483 0.0359231
1 29.0245 43.4038 0.0215684 0.031918
1 30.1283 43.3972 0.024262 0.0299814
1 31.2322 43.3909 0.023836 0.0249096
1 32.3354 43.3844 0.0298439 0.0221117
1 33.4387 43.3779 0.0294573 0.0211159
1 34.542 43.3716 0.0251988 0.0164806
1 35.645 43.3654 0.0336351 0.0150287
1 36.7474 43.3591 0.0396335 0.0181126
1 37.8496 43.352 0.0445264 0.0198691
1 38.952 43.3443 0.0524035 0.017388
1 40.0545 43.3368 0.0560645 0.0103544
1 41.1602 43.33 0.0518318 0.00342239
1 42.2707 43.324 0.0678032 0.00374013
1 43.3865 43.3207 0.10749 0.0260105
1 0.856578 44.2754 -0.105173 0.00830834
1 1.97091 44.2808 -0.0719581 0.00477042
1 3.07937 44.2885 -0.0630928 0.0131035
1 4.18339 44.2965 -0.0640713 0.0235816
1 5.28532 44.3046 -0.0517992 0.0291561
1 6.38778 44.3115 -0.0365555 0.0261534
1 7.49076 44.3179 -0.0325999 0.0273862
1 8.59345 44.3241 -0.0328633 0.0349524
1 9.69623 44.3303 -0.0279647 0.0371578
1 10.7996 44.3365 -0.0277183 0.0404377
1 11.9031 44.3426 -0.0282978 0.0448621
1 13.0064 44.3488 -0.0244265 0.0496403
1 14.1102 44.3549 -0.0215088 0.0545673
1 15.2141 44.361 -0.0194694 0.0565442
1 16.3181 44.3671 -0.0139965 0.0641526
1 17.4228 44.3728 -0.0127298 0.0706636
1 18.5281 44.3791 -0.012162 0.0709683
1 19.6334 44.3863 -0.00258323 0.0723139
1 20.7387 44.3926 -0.00197686 0.0714376
1 21.8436 44.396 -0.00406199 0.0707178
1 22.9484 44.3946 0.000189197 0.0736699
1 24.0537 44.3894 0.00357043 0.0754162
1 25.1591 44.3825 0.0127954 0.0714039
1 26.2646 44.3756 0.0150882 0.0721724
1 27.3697 44.37 0.0117779 0.0693513
1 28.474 44.3639 0.0178296 0.0571911
1 29.578 44.3575 0.0208675 0.0547589
1 30.6819 44.3516 0.0204764 0.0527688
1 31.7853 44.3454 0.0264738 0.046314
1 32.8887 44.3391 0.0280063 0.0420054
1 33.9922 44.333 0.023655 0.038513
1 35.095 44.3269 0.0288295 0.0368171
1 36.1977 44.3209 0.0338865 0.0306055
1 37.3005 44.3146 0.0345858 0.026036
1 38.4035 44.3079 0.0458628 0.0285717
1 39.5056 44.3003 0.0590281 0.0254301
1 40.608 44.2922 0.0616144 0.0189931
1 41.7142 44.2845 0.0624401 0.00980782
1 42.8251 44.2776 0.0929119 0.0022151
1 43.948 44.2747 0.161951 0.0129039
1 0.293977 45.2296 -0.149625 -0.01178
1 1.41462 45.2354 -0.0993254 -0.00532944
1 2.52346 45.2443 -0.0702885 0.00707803
1 3.62841 45.2528 -0.0609189 0.0167051
1 4.73098 45.2603 -0.0490546 0.0185064
1 5.83389 45.2668 -0.0336879 0.0249332
1 6.93731 45.2726 -0.0313853 0.0313738
1 8.04009 45.2787 -0.0315355 0.0380014
1 9.14248 45.2846 -0.0273553 0.0440595
1 10.2459 45.2902 -0.0228703 0.0493103
1 11.3494 45.2959 -0.0229126 0.0548597
1 12.4525 45.3019 -0.0232862 0.0618611
1 13.5561 45.3074 -0.0190637 0.0678296
1 14.6603 45.3129 -0.0178406 0.0703957
1 15.764 45.3189 -0.0152652 0.0770345
1 16.8683 45.3244 -0.013257 0.0870371
1 17.9736 45.3295 -0.0137742 0.0905999
1 19.079 45.3362 -0.0130667 0.0898358
1 20.1848 45.3438 -0.00526874 0.0875667
1 21.2908 45.3497 0.0021486 0.0909231
1 22.396 45.3509 0.00404069 0.0924197
1 23.5019 45.3468 0.000584513 0.0887846
1 24.6081 45.3397 0.00542321 0.091397
1 25.7137 45.3325 0.0133462 0.0942773
1 26.8191 45.3269 0.0117821 0.0899212
1 27.9238 45.3218 0.0135825 0.0793625
1 29.0277 45.3155 0.0205457 0.071564
1 30.1319 45.3097 0.018013 0.0690256
1 31.2357 45.3043 0.0200621 0.0636096
1 32.339 45.2984 0.0293765 0.0587283
1 33.4426 45.2926 0.0241037 0.0530198
1 34.546 45.2871 0.021896 0.045677
1 35.6488 45.2816 0.0320588 0.0418372
1 36.7515 45.2756 0.0314234 0.0327525
1 37.8544 45.2695 0.0276753 0.0260012
1 38.9576 45.2635 0.0411525 0.0222307
1 40.0603 45.2563 0.0567255 0.0192477
1 41.1638 45.2484 0.0642388 0.011492
1 42.2708 45.24 0.0766316 0.00182159
1 43.3829 45.2315 0.104536 -0.00889483
1 0.853389 46.1908 -0.116553 -0.0205117
1 1.96425 46.2025 -0.0774549 -0.0134009
1 3.07112 46.2111 -0.0545014 -0.00996212
1 4.17582 46.2181 -0.0420431 -0.00157293
1 5.27931 46.224 -0.031247 0.0059892
1 6.38238 46.2298 -0.0255747 0.0160275
1 7.4854 46.2349 -0.0267604 0.0208468
1 8.58838 46.2405 -0.0237564 0.024923
1 9.69113 46.2459 -0.0178811 0.0344671
1 10.7946 46.2506 -0.0224717 0.0414941
1 11.8983 46.2563 -0.021475 0.0418265
1 13.0015 46.2617 -0.0161335 0.0508309
1 14.1055 46.2661 -0.0182348 0.0582675
1 15.2097 46.2717 -0.0160837 0.0535699
1 16.3136 46.2778 -0.0104618 0.0640597
1 17.4183 46.282 -0.0121672 0.0771924
1 18.5238 46.2869 -0.0109587 0.074474
1 19.6294 46.2945 -0.00434543 0.0667911
1 20.7362 46.3026 -0.00377896 0.067828
1 21.8432 46.3073 -0.00314596 0.0743934
1 22.9499 46.3051 0.00107416 0.0736807
1 24.057 46.2981 0.00650924 0.0713226
1 25.1633 46.2904 0.012353 0.0729133
1 26.269 46.2843 0.0115591 0.0758068
1 27.3741 46.28 0.00922609 0.0710228
1 28.4785 46.2748 0.015689 0.0561187
1 29.5825 46.2686 0.0154624 0.0528731
1 30.6865 46.2635 0.0130738 0.0541378
1 31.79 46.2587 0.0189715 0.0480379
1 32.8933 46.2532 0.0210653 0.0406662
1 33.9969 46.2478 0.0189114 0.0366303
1 35.1001 46.2429 0.0248696 0.032239
1 36.2032 46.2378 0.0280038 0.0208432
1 37.3059 46.2323 0.0255991 0.0168131
1 38.4093 46.2268 0.0313374 0.0107085
1 39.5128 46.2209 0.0384085 0.00107643
1 40.6166 46.2145 0.0488079 -0.00537238
1 41.7224 46.2069 0.0668299 -0.00640811
1 42.8308 46.198 0.106864 -0.0149045
1 43.9475 46.1851 0.152912 -0.034011
1 0.284178 47.1463 -0.154725 -0.0293515
1 1.40092 47.1656 -0.0940717 -0.0362771
1 2.51122 47.1746 -0.050724 -0.0337434
1 3.61879 47.1823 -0.0378409 -0.0220765
1 4.72341 47.188 -0.0343052 -0.00821321
1 5.82674 47.1942 -0.0265599 -0.00778658
1 6.93044 47.1991 -0.0208047 0.00242753
1 8.03334 47.2035 -0.0208774 0.001929
1 9.13623 47.2096 -0.0249591 0.0109117
1 10.2397 47.2135 -0.0146857 0.0217768
1 11.3429 47.2182 -0.0164451 0.0139657
1 12.4467 47.2244 -0.0190006 0.0245163
1 13.5501 47.2283 -0.00946841 0.0346791
1 14.6538 47.2326 -0.0150021 0.0271167
1 15.7579 47.2391 -0.0150387 0.0293224
1 16.8625 47.244 -0.0126759 0.0448335
1 17.968 47.2473 -0.00806191 0.0488419
1 19.0728 47.253 -0.00780523 0.0398147
1 20.179 47.262 -0.00766521 0.0352364
1 21.2877 47.2693 -0.000965244 0.0419203
1 22.3971 47.2706 0.000323574 0.0459526
1 23.5067 47.2656 0.00460506 0.0415015
1 24.6144 47.2569 0.00811282 0.0403934
1 25.7194 47.2497 0.00698238 0.0462271
1 26.8247 47.2458 0.0107236 0.0472421
1 27.9299 47.2418 0.0136149 0.0353029
1 29.034 47.2356 0.0157632 0.0249911
1 30.138 47.23 0.0106816 0.0306653
1 31.2416 47.2262 0.0172038 0.0318553
1 32.3453 47.2212 0.0211091 0.0188007
1 33.4488 47.2155 0.0141449 0.0168989
1 34.5522 47.2114 0.0200886 0.0155024
1 35.6552 47.2063 0.0195943 0.00449577
1 36.7578 47.2012 0.0225037 0.00176721
1 37.8615 47.1965 0.0254565 -0.00411511
1 38.9653 47.1908 0.0319331 -0.00709265
1 40.0694 47.1852 0.0413133 -0.0146544
1 41.176 47.1783 0.0477728 -0.0271304
1 42.2864 47.1708 0.0776936 -0.0319876
1 43.4018 47.1596 0.135692 -0.0326963
