1 0.801889 0.280862 0.0718597 0.0727085
1 1.91896 0.274157 0.0735864 0.0763658
1 3.03316 0.271147 0.0736711 0.0747998
1 4.14686 0.268736 0.0697662 0.0764186
1 5.26064 0.267371 0.0716036 0.0746125
1 6.37347 0.265639 0.0723623 0.0791625
1 7.48675 0.264128 0.0643703 0.0707232
1 8.59895 0.263919 0.0615195 0.0714516
1 9.70972 0.261393 0.0334499 0.0738393
1 10.8178 0.258595 0.00217846 0.053489
1 11.9209 0.257172 -0.0306547 0.0384652
1 13.0218 0.253616 -0.037496 0.0446819
1 14.1237 0.247483 -0.0235311 0.0520089
1 15.2281 0.243106 -0.0234186 0.0417283
1 16.3328 0.242853 -0.0228113 0.02285
1 17.436 0.245106 -0.0147419 0.0150074
1 18.539 0.247609 -0.0128821 0.0169995
1 19.6415 0.249506 -0.011518 0.0182614
1 20.7428 0.250573 -0.00544948 0.0200105
1 21.8444 0.250912 -0.000723797 0.0216008
1 22.9465 0.250935 0.00283698 0.0214356
1 24.0477 0.250389 0.00678282 0.0191562
1 25.1495 0.248878 0.0122476 0.0175323
1 26.2524 0.24658 0.0142036 0.0135957
1 27.3553 0.243679 0.0194442 0.0141246
1 28.4593 0.241765 0.0259657 0.0309236
1 29.5645 0.243807 0.0213906 0.0515421
1 30.6678 0.2501 0.0284888 0.0531731
1 31.7688 0.255936 0.0405556 0.0405722
1 32.8703 0.257973 0.0136248 0.042829
1 33.9758 0.259661 -0.0215015 0.0662528
1 35.0857 0.263034 -0.048503 0.075321
1 36.1972 0.263832 -0.0649503 0.0673029
1 37.3101 0.264185 -0.0647422 0.0771042
1 38.4232 0.266932 -0.0723842 0.0767095
1 39.5364 0.267692 -0.0683613 0.0709465
1 40.6501 0.269624 -0.0709296 0.0795734
1 41.7642 0.272612 -0.0712012 0.0728818
1 42.8795 0.276327 -0.0692863 0.0762367
1 44.0002 0.292626 -0.0700307 0.0744681
1 0.24768 1.25243 0.0672437 0.0762083
1 1.36775 1.24397 0.0693075 0.075419
1 2.48036 1.23967 0.0718479 0.0759673
1 3.59296 1.2372 0.0684722 0.0750588
1 4.70578 1.23526 0.0712723 0.0774441
1 5.81872 1.23364 0.0673578 0.075395
1 6.93173 1.23236 0.0687973 0.0740426
1 8.0439 1.23142 0.0652598 0.0753999
1 9.15568 1.23008 0.0491595 0.0744224
1 10.2654 1.2281 0.0273322 0.0696008
1 11.3709 1.22677 -0.00319644 0.0572214
1 12.4737 1.22517 -0.0321985 0.0504683
1 13.5762 1.22111 -0.0279966 0.0492242
1 14.6786 1.21583 -0.0160839 0.0431752
1 15.7812 1.21299 -0.0201001 0.0321847
1 16.8842 1.21385 -0.0170647 0.0206151
1 17.987 1.21647 -0.0114476 0.0142874
1 19.0898 1.21886 -0.0127074 0.0160453
1 20.1918 1.22036 -0.00836151 0.0202048
1 21.2934 1.22122 -0.00168039 0.0202038
1 22.3954 1.22145 0.00048312 0.0196571
1 23.4973 1.22101 0.00405873 0.020668
1 24.599 1.21993 0.0118511 0.018425
1 25.7016 1.21799 0.0114799 0.0134458
1 26.8043 1.21516 0.0119612 0.0148148
1 27.907 1.21266 0.0206871 0.0239301
1 29.0101 1.21295 0.0212075 0.036207
1 30.1129 1.21742 0.019589 0.0504537
1 31.2152 1.22337 0.0300392 0.0559344
1 32.3175 1.22642 0.020778 0.0508434
1 33.4215 1.22715 -0.0119737 0.0616676
1 34.5293 1.22911 -0.0403456 0.0761096
1 35.6405 1.23086 -0.0565902 0.0716068
1 36.7527 1.23117 -0.0679116 0.0736743
1 37.865 1.2329 -0.0714958 0.0797635
1 38.978 1.23473 -0.0699493 0.0747258
1 40.0906 1.23596 -0.073308 0.0735125
1 41.2032 1.23826 -0.0739582 0.0773456
1 42.3155 1.24161 -0.0708998 0.076397
1 43.4287 1.24854 -0.0724188 0.0725184
1 0.814759 2.20922 0.0738146 0.0757693
1 1.92816 2.20461 0.0716882 0.0743984
1 3.03992 2.20158 0.0732325 0.0765002
1 4.15177 2.19913 0.0736509 0.0760116
1 5.26403 2.19746 0.0693964 0.0750952
1 6.37662 2.19596 0.0709126 0.0755131
1 7.48872 2.19479 0.0696267 0.0739207
1 8.6006 2.19373 0.0571953 0.0748428
1 9.71143 2.19213 0.0401662 0.0740151
1 10.8188 2.19091 0.0153592 0.0668599
1 11.923 2.18982 -0.0142091 0.0621537
1 13.0262 2.1879 -0.017917 0.0580124
1 14.1293 2.18466 -0.00884385 0.051503
1 15.2321 2.18094 -0.0183939 0.0379891
1 16.3343 2.17953 -0.0235193 0.0216075
1 17.436 2.181 -0.0103084 0.0155335
1 18.5383 2.18348 -0.00834755 0.0163724
1 19.6408 2.18548 -0.0118624 0.0161387
1 20.7424 2.18673 -0.00488442 0.0175848
1 21.8443 2.18734 -5.13508e-05 0.0205841
1 22.9467 2.18722 0.00105511 0.0193159
1 24.0482 2.18641 0.00759495 0.0161091
1 25.1502 2.18483 0.0117696 0.0155314
1 26.2531 2.18231 0.0102949 0.0141446
1 27.3551 2.17972 0.017759 0.0159965
1 28.4568 2.17922 0.0198262 0.0291615
1 29.5591 2.18195 0.00824687 0.0459853
1 30.6621 2.18587 0.0130335 0.0566831
1 31.7654 2.18879 0.0212719 0.0630365
1 32.8689 2.19049 0.00235209 0.0651599
1 33.9747 2.19149 -0.0267962 0.0684656
1 35.0841 2.19279 -0.0513497 0.0745219
1 36.1954 2.19399 -0.0656221 0.0742062
1 37.3075 2.19502 -0.0672575 0.0760651
1 38.4199 2.19669 -0.0713396 0.0773364
1 39.5322 2.1985 -0.0691152 0.0755076
1 40.6444 2.20017 -0.0700096 0.0739359
1 41.7561 2.20292 -0.0718851 0.0743547
1 42.8681 2.20752 -0.0710281 0.0754686
1 43.989 2.21135 -0.0701357 0.0770165
1 0.253322 3.17152 0.0703488 0.0758973
1 1.37419 3.16891 0.0723014 0.0771738
1 2.48612 3.16554 0.072626 0.0743437
1 3.59779 3.16302 0.0708021 0.0753383
1 4.70962 3.16105 0.0740132 0.0757339
1 5.82167 3.15923 0.0705006 0.0752891
1 6.93375 3.15802 0.0722285 0.0739881
1 8.04532 3.15672 0.062725 0.0760222
1 9.15649 3.15528 0.0487273 0.0733923
1 10.2652 3.1542 0.0256489 0.0698138
1 11.3709 3.15309 -0.00400979 0.0671604
1 12.4744 3.15166 -0.0155176 0.0645862
1 13.5781 3.15015 -0.00376335 0.0597472
1 14.6821 3.14811 0.00556189 0.0510642
1 15.7849 3.14628 -0.00959181 0.0343268
1 16.8865 3.14623 -0.0189595 0.0177972
1 17.9879 3.14774 -0.0119303 0.0115685
1 19.0899 3.14986 -0.01047 0.013711
1 20.1917 3.1516 -0.00733419 0.0168503
1 21.2933 3.15246 -0.00131831 0.0177169
1 22.3954 3.15265 0.00134106 0.0178295
1 23.4974 3.15229 0.00410682 0.0176608
1 24.5991 3.15104 0.00953071 0.0154757
1 25.7013 3.14894 0.008169 0.0110159
1 26.8027 3.14677 0.0139812 0.0114391
1 27.9039 3.14559 0.0191707 0.0236501
1 29.0064 3.14627 0.00486992 0.0437588
1 30.1103 3.1485 -0.00230221 0.0598004
1 31.2144 3.15073 0.00831405 0.0644898
1 32.3174 3.1523 0.00785875 0.065183
1 33.4214 3.15364 -0.0112244 0.0687746
1 34.5289 3.15482 -0.0394252 0.0714519
1 35.639 3.15587 -0.0597696 0.0735029
1 36.7504 3.15708 -0.0680376 0.0743615
1 37.8622 3.15837 -0.0690557 0.0751056
1 38.9744 3.16009 -0.0698479 0.076299
1 40.0863 3.16192 -0.0714501 0.0730502
1 41.198 3.16435 -0.0723937 0.077033
1 42.3095 3.16729 -0.0719065 0.0767932
1 43.4237 3.17027 -0.0717723 0.0751921
1 0.817557 4.13131 0.0696754 0.0766085
1 1.93179 4.12916 0.0736498 0.075725
1 3.04351 4.12673 0.0696963 0.0773308
1 4.15526 4.12442 0.0705975 0.0762593
1 5.267 4.12276 0.0682438 0.0754545
1 6.37898 4.12123 0.0693349 0.0771653
1 7.49076 4.11973 0.0661361 0.076046
1 8.60213 4.11847 0.0572257 0.0746108
1 9.71151 4.11722 0.040383 0.0742874
1 10.8182 4.1161 0.00797814 0.0689294
1 11.9221 4.11494 -0.00794329 0.067641
1 13.0247 4.11365 -0.00102454 0.0659289
1 14.1288 4.11274 0.00814501 0.0608344
1 15.2337 4.11168 0.00306329 0.0528171
1 16.3375 4.1115 -0.00908439 0.0346978
1 17.4391 4.11295 -0.00658302 0.017205
1 18.5401 4.11477 -0.0100873 0.0112707
1 19.6413 4.11619 -0.0152221 0.0134689
1 20.7425 4.11734 -0.00428006 0.0168074
1 21.8443 4.11799 0.000808597 0.0187235
1 22.9466 4.11781 -0.000447794 0.0184263
1 24.0479 4.11695 0.00956406 0.0154754
1 25.1493 4.11569 0.0152964 0.011052
1 26.2507 4.1139 0.0102935 0.0111818
1 27.352 4.11181 0.0095837 0.0240223
1 28.4546 4.11083 -0.00282243 0.0449206
1 29.5584 4.11156 -0.0176265 0.0588565
1 30.6627 4.1127 -0.00141892 0.0636531
1 31.7666 4.11393 0.0168157 0.068121
1 32.8697 4.11552 0.00498502 0.0704808
1 33.9749 4.11677 -0.0218166 0.070292
1 35.0836 4.11766 -0.0456455 0.0735198
1 36.1944 4.119 -0.0644841 0.0772632
1 37.3058 4.12032 -0.0700271 0.0747727
1 38.4176 4.12167 -0.0729353 0.0757538
1 39.5293 4.12365 -0.0730028 0.078224
1 40.6409 4.12556 -0.0741272 0.0770473
1 41.7525 4.12788 -0.0741744 0.0742946
1 42.865 4.13039 -0.0730544 0.0781485
1 43.9863 4.13205 -0.0697415 0.0779396
1 0.255574 5.09345 0.070025 0.075951
1 1.37642 5.09209 0.0725249 0.0742447
1 2.48861 5.09015 0.0742654 0.0753643
1 3.60031 5.08819 0.0735007 0.0733309
1 4.71199 5.08627 0.0748792 0.076501
1 5.8237 5.08455 0.0711497 0.0740387
1 6.93545 5.08321 0.0698994 0.0748606
1 8.04687 5.0817 0.0616727 0.0755886
1 9.15693 5.0805 0.050175 0.072188
1 10.2647 5.07939 0.0185822 0.0703055
1 11.3698 5.07811 -0.00877927 0.0688624
1 12.4724 5.07685 -0.0111659 0.0662428
1 13.5759 5.07613 0.000671713 0.0615411
1 14.6808 5.07567 0.0195763 0.0594048
1 15.7849 5.07551 0.0148182 0.0495808
1 16.8882 5.07706 0.00231456 0.0327316
1 17.9906 5.07961 -0.00122528 0.0199852
1 19.0923 5.08166 -0.0119334 0.0118912
1 20.193 5.08283 -0.0134184 0.0104216
1 21.2935 5.08324 -0.00387481 0.0154556
1 22.3953 5.08329 0.00176022 0.0174534
1 23.4968 5.08316 0.00882123 0.0123617
1 24.5974 5.08244 0.014926 0.00968855
1 25.6988 5.08081 0.00241355 0.0152323
1 26.8003 5.07826 -0.0046191 0.0251863
1 27.9029 5.0757 -0.000836177 0.0388573
1 29.0075 5.07467 -0.00937207 0.0555619
1 30.1126 5.07535 -0.0146443 0.0654359
1 31.2165 5.07635 -0.00205937 0.064211
1 32.3187 5.07727 0.00912301 0.0647694
1 33.4221 5.07858 -0.00614134 0.0712979
1 34.5285 5.08001 -0.0370154 0.0719861
1 35.6379 5.08096 -0.0550724 0.0720739
1 36.7489 5.08217 -0.0674539 0.0760207
1 37.8602 5.08379 -0.0682411 0.07579
1 38.9722 5.08532 -0.0670142 0.0753107
1 40.0838 5.08718 -0.071135 0.0731597
1 41.1955 5.0892 -0.0706339 0.0751373
1 42.3074 5.09122 -0.0721359 0.0757503
1 43.4216 5.09255 -0.069029 0.0735884
1 0.819611 6.05438 0.0729519 0.0748786
1 1.93375 6.05333 0.0734102 0.0754969
1 3.04544 6.05157 0.0725895 0.076961
1 4.15713 6.04978 0.0728252 0.0773518
1 5.26872 6.04814 0.0707988 0.0753225
1 6.38048 6.0466 0.0710103 0.079044
1 7.49193 6.04494 0.0671697 0.0762292
1 8.60259 6.04393 0.0575469 0.0743686
1 9.71135 6.04268 0.032386 0.0762679
1 10.8177 6.04119 -0.000350619 0.0713803
1 11.9205 6.04022 -0.00701942 0.0658813
1 13.0222 6.03947 0.00116747 0.0655776
1 14.1262 6.03889 0.0137727 0.0643098
1 15.2312 6.03868 0.0139074 0.0595774
1 16.3359 6.0398 0.00375664 0.0463163
1 17.4394 6.04271 0.013554 0.033482
1 18.5417 6.04599 0.0102879 0.0256981
1 19.6436 6.04832 -0.00891878 0.0193307
1 20.7443 6.04927 -0.00892123 0.0134793
1 21.8447 6.04933 -0.0012076 0.0107955
1 22.9455 6.04937 0.00350604 0.0116412
1 24.0457 6.04905 0.0102424 0.0153495
1 25.1472 6.04735 0.00372801 0.0212065
1 26.2499 6.04428 -0.0103819 0.0295469
1 27.3528 6.04092 -0.0110272 0.0405486
1 28.4565 6.03862 -0.0165762 0.0517549
1 29.5608 6.03802 -0.0214797 0.0609496
1 30.6655 6.03861 -0.0027527 0.06717
1 31.7689 6.03962 0.014782 0.0683871
1 32.871 6.04066 0.00948738 0.0685977
1 33.9753 6.0419 -0.0182493 0.0737512
1 35.0831 6.04327 -0.0473348 0.0757261
1 36.1931 6.0444 -0.0647319 0.0746507
1 37.304 6.04567 -0.0709972 0.0765448
1 38.4156 6.04715 -0.0693787 0.0752804
1 39.5272 6.04879 -0.0705057 0.078151
1 40.639 6.05068 -0.0704639 0.0770829
1 41.7506 6.05233 -0.0725252 0.0756363
1 42.8628 6.05403 -0.0697984 0.0756943
1 43.9832 6.05528 -0.0660763 0.0756216
1 0.257991 7.01694 0.0659835 0.0746595
1 1.37787 7.01627 0.0696811 0.0769898
1 2.49 7.01461 0.0725897 0.0741622
1 3.60152 7.01308 0.0706369 0.0735637
1 4.71344 7.0114 0.0697596 0.0763541
1 5.82533 7.00973 0.0695988 0.0757857
1 6.93672 7.00835 0.0724966 0.0737131
1 8.04746 7.00717 0.0624495 0.0760724
1 9.15725 7.0057 0.0440139 0.0752336
1 10.2647 7.00437 0.013235 0.0709892
1 11.3684 7.00336 -0.00910454 0.0672014
1 12.4699 7.00259 -0.0142978 0.0646702
1 13.5734 7.0018 0.00162315 0.0643779
1 14.6779 7.00138 0.0233414 0.061909
1 15.7819 7.00201 0.0162803 0.0516246
1 16.8858 7.00458 0.013027 0.0396273
1 17.9891 7.00821 0.018811 0.0350002
1 19.0922 7.01158 0.00722811 0.0301807
1 20.1943 7.01427 0.00314718 0.0206957
1 21.2946 7.01585 0.00641466 0.0117761
1 22.395 7.01616 -0.00152668 0.00925696
1 23.4954 7.01528 -0.00636015 0.0154584
1 24.5965 7.01317 -0.00429947 0.0251964
1 25.6994 7.00994 -0.0164746 0.0316922
1 26.8023 7.00609 -0.0190617 0.0366863
1 27.9057 7.00274 -0.00738635 0.0460297
1 29.0104 7.00103 -0.0114762 0.056955
1 30.1154 7.00105 -0.0159631 0.0638961
1 31.219 7.00182 -0.00474663 0.0655011
1 32.3205 7.00275 0.0113447 0.0658381
1 33.4229 7.00371 0.00313332 0.0700457
1 34.5287 7.00507 -0.0324426 0.0749893
1 35.6375 7.00648 -0.0539184 0.0738772
1 36.7483 7.00759 -0.0680707 0.0742366
1 37.8592 7.00905 -0.0709999 0.0752506
1 38.9708 7.01046 -0.0724562 0.0746737
1 40.0821 7.01199 -0.0744468 0.0744668
1 41.1938 7.01397 -0.0722629 0.0768917
1 42.3056 7.0156 -0.0736202 0.074715
1 43.4195 7.01667 -0.0719195 0.0716144
1 0.820382 7.97909 0.0725994 0.0733837
1 1.93469 7.97789 0.0737347 0.075908
1 3.04645 7.97651 0.0724072 0.0789854
1 4.15813 7.97476 0.0731837 0.0762684
1 5.26968 7.97338 0.0701453 0.0743707
1 6.38141 7.97185 0.0710218 0.0766859
1 7.49257 7.9705 0.0661056 0.074576
1 8.60321 7.96926 0.0533531 0.075882
1 9.71164 7.96778 0.0292515 0.0755012
1 10.8169 7.96669 -0.0038351 0.069235
1 11.9185 7.96606 -0.0113779 0.0637984
1 13.0199 7.9653 0.00141576 0.0669677
1 14.1235 7.96428 0.0164524 0.065033
1 15.2282 7.96456 0.00941937 0.0544132
1 16.3329 7.96671 0.00320328 0.0438743
1 17.4363 7.97003 0.0223566 0.0388068
1 18.5389 7.97376 0.0247151 0.0339454
1 19.6415 7.97768 0.0147368 0.0272951
1 20.7429 7.98094 0.0159349 0.0231881
1 21.8443 7.98253 0.005378 0.0221269
1 22.9464 7.98201 -0.0133985 0.0223422
1 24.0476 7.97956 -0.0171405 0.0248651
1 25.1496 7.97584 -0.016337 0.0300751
1 26.2528 7.97176 -0.020379 0.034928
1 27.3559 7.96791 -0.0152803 0.0404071
1 28.4594 7.96497 -0.0177819 0.0498266
1 29.5633 7.96379 -0.0189219 0.0604612
1 30.6681 7.9643 0.00127763 0.0661469
1 31.7714 7.96538 0.0144535 0.066938
1 32.8722 7.96628 0.0117649 0.0666167
1 33.9755 7.96707 -0.0103578 0.0713949
1 35.0828 7.96834 -0.0433025 0.0767744
1 36.1927 7.96986 -0.0612099 0.0769049
1 37.3036 7.97123 -0.0719771 0.0759005
1 38.4149 7.97263 -0.0734507 0.074528
1 39.5262 7.97414 -0.0741497 0.0746263
1 40.6378 7.97564 -0.0714379 0.0771846
1 41.7495 7.97727 -0.0746384 0.0750181
1 42.8615 7.97868 -0.0723658 0.0777807
1 43.9815 7.97923 -0.0722084 0.076524
1 0.259082 8.94217 0.0714848 0.0744999
1 1.37904 8.94093 0.0717659 0.0755955
1 2.49111 8.93957 0.0726624 0.0755189
1 3.60279 8.93808 0.0739114 0.0745411
1 4.71422 8.93678 0.0747656 0.0768383
1 5.82584 8.93517 0.0720938 0.0772429
1 6.93712 8.93387 0.071554 0.074749
1 8.04797 8.93249 0.0597799 0.0791575
1 9.15776 8.93076 0.039325 0.0770823
1 10.2645 8.92988 0.00905177 0.0692407
1 11.367 8.92946 -0.0133289 0.0678948
1 12.4678 8.92846 -0.017995 0.069795
1 13.5712 8.92717 -0.00107605 0.0676011
1 14.6757 8.92703 0.0168565 0.0571876
1 15.7795 8.92873 0.0130187 0.048471
1 16.8826 8.93177 0.0186027 0.0413767
1 17.985 8.93563 0.0283135 0.0343754
1 19.0876 8.93999 0.0198557 0.031192
1 20.1898 8.94387 0.0161019 0.0345203
1 21.292 8.94627 0.0112336 0.0387704
1 22.3959 8.94676 -0.00369435 0.0389577
1 23.4994 8.94531 -0.0146875 0.0362623
1 24.6014 8.94215 -0.0184983 0.0330919
1 25.7037 8.93787 -0.0297269 0.031876
1 26.8058 8.93346 -0.0242848 0.0355883
1 27.9087 8.92971 -0.00566171 0.043662
1 29.0128 8.92716 -0.010724 0.0537617
1 30.1172 8.9265 -0.0147392 0.0640624
1 31.221 8.92742 0.00200961 0.0697771
1 32.3223 8.92878 0.0171317 0.0685893
1 33.4237 8.92954 0.00609428 0.068594
1 34.5283 8.93021 -0.0299385 0.0738509
1 35.6367 8.93154 -0.0504922 0.0780324
1 36.7476 8.9331 -0.0639307 0.076733
1 37.8586 8.93444 -0.0683555 0.0768002
1 38.9704 8.9361 -0.0679361 0.0766702
1 40.082 8.93738 -0.0725345 0.0734783
1 41.1935 8.93885 -0.0720611 0.076812
1 42.3055 8.94046 -0.0758528 0.0759195
1 43.4197 8.94162 -0.0730487 0.0732664
1 0.821832 9.90405 0.0699597 0.0773762
1 1.93554 9.90301 0.0712766 0.0756277
1 3.04723 9.90157 0.0697974 0.0749095
1 4.15883 9.90027 0.0712813 0.0733147
1 5.27041 9.89878 0.0692694 0.073481
1 6.38209 9.89739 0.0689504 0.0754737
1 7.49348 9.89572 0.0624262 0.0777043
1 8.60424 9.89409 0.0511175 0.074446
1 9.71186 9.89329 0.0296699 0.0690557
1 10.816 9.89284 -0.0101746 0.067802
1 11.9172 9.89172 -0.0201521 0.069003
1 13.0185 9.89041 -0.00427039 0.0660293
1 14.1222 9.88983 0.0120396 0.0575193
1 15.2264 9.89108 0.00819375 0.047198
1 16.3299 9.89401 0.00839885 0.0374009
1 17.4319 9.89799 0.0287652 0.0298881
1 18.5336 9.90233 0.0266101 0.029828
1 19.6363 9.90603 0.0109919 0.0367159
1 20.7392 9.90843 0.00703169 0.0432342
1 21.8435 9.90953 0.0010662 0.0457259
1 22.9488 9.90921 -0.00606559 0.0442086
1 24.0523 9.90743 -0.00753596 0.0398144
1 25.1551 9.90435 -0.0160334 0.0336448
1 26.2576 9.9002 -0.02842 0.0287881
1 27.3594 9.89574 -0.020153 0.0310824
1 28.4618 9.89193 -0.0155197 0.0407863
1 29.565 9.88972 -0.0168913 0.0531127
1 30.6694 9.88949 0.00276969 0.062984
1 31.7726 9.89072 0.0207861 0.0696614
1 32.8732 9.89221 0.019733 0.0693941
1 33.9756 9.89304 -0.00644399 0.067086
1 35.082 9.89348 -0.0417944 0.0713843
1 36.1917 9.89484 -0.0573153 0.0773272
1 37.3028 9.8965 -0.0683756 0.0747292
1 38.4142 9.89782 -0.0705078 0.0738892
1 39.5258 9.8995 -0.0708935 0.0765285
1 40.6376 9.90112 -0.0730033 0.0738161
1 41.7491 9.9023 -0.0746431 0.0744368
1 42.8614 9.9036 -0.0708996 0.0771091
1 43.9818 9.90477 -0.0718563 0.0742267
1 0.259479 10.8666 0.0672244 0.0782528
1 1.37968 10.866 0.0724575 0.0740576
1 2.49165 10.8647 0.0742037 0.0739712
1 3.60306 10.8634 0.0715113 0.0737821
1 4.71481 10.8618 0.0716202 0.075108
1 5.82661 10.8602 0.0683096 0.074608
1 6.93834 10.8585 0.0664245 0.0755576
1 8.04932 10.8569 0.0597889 0.073745
1 9.15835 10.856 0.0393372 0.0682544
1 10.2644 10.8556 0.00237219 0.0682868
1 11.3666 10.8545 -0.0234724 0.0704279
1 12.4672 10.853 -0.0247929 0.0666753
1 13.5705 10.8522 -0.00531109 0.0581886
1 14.6745 10.8531 0.0188349 0.0463005
1 15.7768 10.856 0.0193603 0.0354672
1 16.8784 10.8601 0.0201363 0.0295383
1 17.9803 10.8642 0.0212698 0.0315808
1 19.0834 10.8674 0.0073183 0.0391874
1 20.187 10.8695 0.000536023 0.0455867
1 21.2909 10.8708 0.000242345 0.0480884
1 22.3963 10.8711 -0.00138278 0.0482995
1 23.5013 10.8703 0.000561546 0.0464514
1 24.605 10.8686 -0.000835594 0.0426021
1 25.7084 10.8659 -0.0202026 0.036025
1 26.8104 10.8622 -0.0255195 0.0299487
1 27.912 10.8579 -0.0104067 0.0296832
1 29.0146 10.854 -0.0128041 0.0382432
1 30.118 10.8519 -0.0132179 0.0520657
1 31.2215 10.852 0.00789884 0.064808
1 32.3228 10.8534 0.0274586 0.0702712
1 33.4239 10.855 0.0151197 0.0707259
1 34.5282 10.8558 -0.0267323 0.0685469
1 35.6357 10.8563 -0.0510796 0.0705694
1 36.7463 10.8576 -0.0630014 0.0745327
1 37.8574 10.8593 -0.0681277 0.0756578
1 38.9691 10.8609 -0.0669207 0.0739587
1 40.0807 10.8625 -0.0696579 0.0744076
1 41.1923 10.864 -0.0678806 0.0743891
1 42.3041 10.8653 -0.0672095 0.0748165
1 43.4182 10.8665 -0.0657233 0.0738306
1 0.82249 11.8288 0.0715836 0.0695937
1 1.93643 11.828 0.0719153 0.0672029
1 3.04796 11.8266 0.071556 0.066419
1 4.15968 11.8247 0.0700409 0.0668636
1 5.27146 11.8229 0.0679952 0.0662037
1 6.38333 11.821 0.0683381 0.0664845
1 7.49467 11.8193 0.0633948 0.0634558
1 8.60499 11.8183 0.0502175 0.0587883
1 9.71234 11.8178 0.0242908 0.0588075
1 10.8164 11.8166 -0.0214226 0.0605269
1 11.9176 11.815 -0.0324098 0.0581867
1 13.0187 11.814 -0.00871104 0.0477348
1 14.1215 11.8148 0.0174916 0.0338515
1 15.2241 11.8176 0.0145697 0.0228734
1 16.3264 11.8215 0.00421509 0.0195543
1 17.4284 11.8252 0.0147949 0.0233141
1 18.5312 11.828 0.0101254 0.029321
1 19.635 11.8298 -0.0042332 0.0337963
1 20.7389 11.831 -0.0036622 0.035489
1 21.8436 11.8317 -0.00153689 0.0365496
1 22.9489 11.8315 -0.000216404 0.0365071
1 24.053 11.8305 0.00648206 0.0349058
1 25.1569 11.829 0.00217788 0.0314162
1 26.2608 11.8266 -0.0124189 0.0262119
1 27.3631 11.8233 -0.0129595 0.0212608
1 28.4648 11.8194 -0.017967 0.0195988
1 29.5665 11.8158 -0.0229562 0.0258218
1 30.6696 11.8137 0.00159884 0.0385575
1 31.7721 11.8138 0.0279195 0.0536078
1 32.8725 11.8154 0.0319336 0.0627537
1 33.975 11.8171 0.00335965 0.0612795
1 35.0813 11.818 -0.0385058 0.0586666
1 36.1904 11.8187 -0.0577752 0.0612375
1 37.3011 11.8201 -0.0660766 0.0652288
1 38.4126 11.822 -0.0659507 0.065373
1 39.5243 11.8237 -0.0666786 0.0661132
1 40.6362 11.8256 -0.066289 0.0663697
1 41.7478 11.8272 -0.0690269 0.0651846
1 42.8597 11.8286 -0.0650209 0.0691434
1 43.9794 11.8298 -0.0587621 0.0742525
1 0.261061 12.7918 0.0586943 0.0600692
1 1.38026 12.791 0.0638001 0.0627323
1 2.49219 12.7895 0.0656319 0.059894
1 3.60415 12.7873 0.0630677 0.0602109
1 4.71624 12.7851 0.0655906 0.0569472
1 5.82825 12.7829 0.0634685 0.0556341
1 6.93995 12.7808 0.0641418 0.0516685
1 8.05046 12.7797 0.058501 0.0460588
1 9.15926 12.779 0.0329996 0.0446481
1 10.2657 12.7776 -0.0114305 0.048138
1 11.3684 12.7756 -0.0368507 0.0440116
1 12.4683 12.7745 -0.0258363 0.0297821
1 13.5701 12.7754 0.000920789 0.014367
1 14.6726 12.7781 0.0204191 0.00524547
1 15.7745 12.7815 0.00932883 0.00345476
1 16.8768 12.7846 0.00328891 0.00594984
1 17.9797 12.7871 0.00551563 0.00970295
1 19.0836 12.7888 -0.00515844 0.0119609
1 20.1876 12.79 -0.0071795 0.0123488
1 21.2914 12.7908 -0.000964761 0.0134724
1 22.3962 12.7911 -0.000236264 0.0148723
1 23.5007 12.7906 0.00393096 0.0138107
1 24.6044 12.7895 0.00857743 0.0124025
1 25.7085 12.788 -0.00486614 0.0105719
1 26.8117 12.7859 -0.00804131 0.00749075
1 27.9142 12.7831 0.00241423 0.00374645
1 29.0169 12.7796 -0.00950358 0.00256738
1 30.1192 12.7763 -0.0176689 0.00778342
1 31.2211 12.7744 0.00524003 0.0211954
1 32.3213 12.7744 0.0349944 0.0365517
1 33.4222 12.7761 0.027864 0.0472798
1 34.5268 12.7781 -0.0181134 0.0482115
1 35.6344 12.7793 -0.0475382 0.0449464
1 36.7446 12.7801 -0.060777 0.0483998
1 37.8556 12.7818 -0.0629861 0.0545812
1 38.9675 12.784 -0.062617 0.055183
1 40.0793 12.7859 -0.0663734 0.0571319
1 41.191 12.7884 -0.0652959 0.0617853
1 42.3027 12.7903 -0.0687357 0.0608063
1 43.4163 12.7916 -0.0684957 0.061206
1 0.822493 13.7541 0.0628492 0.045515
1 1.93658 13.7515 0.0620164 0.0466795
1 3.04876 13.7483 0.0600877 0.0457093
1 4.16088 13.7455 0.0607036 0.038637
1 5.27319 13.7428 0.0569564 0.0375784
1 6.38544 13.7403 0.062125 0.0305208
1 7.49628 13.7389 0.060416 0.0212633
1 8.6065 13.7377 0.0408104 0.0219861
1 9.71471 13.7356 0.0103396 0.024066
1 10.8191 13.7333 -0.0307432 0.0166616
1 11.9194 13.7322 -0.0331128 0.00126345
1 13.0189 13.7328 -0.00691307 -0.0138935
1 14.1206 13.735 0.0112196 -0.0232691
1 15.2234 13.7379 0.000177205 -0.0260757
1 16.3266 13.7406 -0.0117778 -0.0251254
1 17.4296 13.7427 0.00193287 -0.023157
1 18.5327 13.7444 0.000857961 -0.0228567
1 19.6364 13.7457 -0.00959082 -0.0236281
1 20.74 13.7466 -0.00353399 -0.0234074
1 21.8439 13.747 0.000213859 -0.0216407
1 22.9483 13.7468 -0.000722334 -0.021484
1 24.0517 13.7462 0.00754513 -0.0226395
1 25.1554 13.7451 0.00826477 -0.0233871
1 26.2594 13.7436 -0.000688386 -0.0238651
1 27.3625 13.7417 0.00247559 -0.0245975
1 28.4652 13.7392 -0.00297513 -0.0257472
1 29.5675 13.7364 -0.0134299 -0.0257538
1 30.67 13.7336 0.00244863 -0.0213
1 31.771 13.7319 0.0264039 -0.00903451
1 32.87 13.7321 0.0390959 0.00906952
1 33.9724 13.7341 0.016909 0.020851
1 35.0794 13.7364 -0.0273627 0.0230798
1 36.1889 13.7381 -0.054076 0.0214484
1 37.2992 13.7394 -0.0641437 0.0246436
1 38.4106 13.7413 -0.061459 0.0344295
1 39.5225 13.7441 -0.0608458 0.0387419
1 40.6345 13.7468 -0.0596667 0.0423094
1 41.7465 13.7499 -0.0608589 0.0453655
1 42.8586 13.7527 -0.0591292 0.0464822
1 43.9779 13.7543 -0.0545807 0.0466631
1 0.260918 14.7169 0.038544 0.0281431
1 1.38099 14.7132 0.0483814 0.03126
1 2.49357 14.709 0.0510536 0.0292095
1 3.60586 14.705 0.051522 0.0227821
1 4.71819 14.7014 0.0547993 0.0175605
1 5.83022 14.6982 0.057439 0.00732502
1 6.94149 14.6963 0.0580926 -0.000583896
1 8.05232 14.6944 0.045101 0.000195372
1 9.1623 14.6916 0.0180842 -0.000185144
1 10.2692 14.6888 -0.0206256 -0.00771049
1 11.3709 14.6872 -0.0419048 -0.0236334
1 12.4696 14.6875 -0.032791 -0.0404542
1 13.5707 14.6891 -0.0132211 -0.0506604
1 14.6738 14.6913 0.00277929 -0.0547656
1 15.7764 14.6934 -0.00478249 -0.0561034
1 16.8792 14.6952 -0.00581337 -0.0574087
1 17.9822 14.6968 -0.000391636 -0.058659
1 19.0857 14.6982 -0.00915223 -0.0600897
1 20.1891 14.6991 -0.00734042 -0.0607503
1 21.2921 14.6996 0.00197438 -0.0601114
1 22.396 14.6997 -0.000145611 -0.059446
1 23.4996 14.6993 0.00197809 -0.0600712
1 24.6027 14.6987 0.0090463 -0.0599512
1 25.7062 14.6976 -0.00134544 -0.0594106
1 26.8092 14.6961 0.00015079 -0.0588994
1 27.9122 14.6943 0.0158727 -0.0580061
1 29.0155 14.6923 0.00714206 -0.0563763
1 30.1185 14.69 -0.00286401 -0.0531579
1 31.2203 14.688 0.0134434 -0.0464029
1 32.3194 14.6869 0.0389584 -0.0343907
1 33.419 14.6874 0.0343171 -0.0174602
1 34.5233 14.6897 -0.0051164 -0.00340713
1 35.6322 14.6928 -0.0322482 -6.1123e-05
1 36.7431 14.6952 -0.0537053 -0.00173313
1 37.8538 14.697 -0.0600943 0.00279775
1 38.9655 14.6997 -0.0521844 0.0130526
1 40.0779 14.7031 -0.0517955 0.0186636
1 41.1903 14.7067 -0.0509806 0.0250834
1 42.3028 14.711 -0.0523569 0.0315607
1 43.4175 14.7148 -0.052296 0.031916
1 0.822995 15.6737 0.0357618 0.0170975
1 1.93778 15.6684 0.0379771 0.0233268
1 3.05052 15.6634 0.0408406 0.0205647
1 4.16307 15.6591 0.0455674 0.0153264
1 5.2753 15.6554 0.0490308 0.00895236
1 6.38699 15.6527 0.0527171 0.00283001
1 7.49829 15.65 0.0442484 0.00450662
1 8.60992 15.6465 0.0229384 0.00671906
1 9.7188 15.643 -0.00223202 -0.000243476
1 10.8226 15.641 -0.0421349 -0.0150846
1 11.9221 15.6408 -0.0484892 -0.0298846
1 13.0213 15.6418 -0.0250296 -0.0388313
1 14.1233 15.6433 -0.00662866 -0.0446424
1 15.2264 15.645 -0.0131674 -0.0489344
1 16.3296 15.6465 -0.0205349 -0.0522849
1 17.4325 15.6479 -0.00395562 -0.0544309
1 18.5352 15.6491 -0.00270579 -0.0558118
1 19.6382 15.6501 -0.0105977 -0.0571995
1 20.7409 15.6506 -0.00162862 -0.0579477
1 21.844 15.6508 0.00140513 -0.057655
1 22.9476 15.6507 -0.00230876 -0.0580128
1 24.0504 15.6503 0.00704817 -0.0579067
1 25.1533 15.6496 0.0100476 -0.0567168
1 26.2567 15.6485 0.00283416 -0.0552902
1 27.3595 15.6472 0.00949641 -0.0535183
1 28.4621 15.6457 0.00910165 -0.0508022
1 29.5647 15.6441 0.00455907 -0.0477832
1 30.6677 15.6423 0.021806 -0.0433494
1 31.7688 15.6409 0.0417886 -0.0356129
1 32.8671 15.6404 0.0499548 -0.0227001
1 33.9685 15.6415 0.0259988 -0.00828869
1 35.0754 15.6443 -0.0122669 0.00286829
1 36.1862 15.648 -0.0346875 0.00718817
1 37.2979 15.6513 -0.049501 0.00183436
1 38.4094 15.6538 -0.0533706 0.00305704
1 39.5211 15.6569 -0.050436 0.0127323
1 40.6336 15.661 -0.0468263 0.0180926
1 41.7461 15.6656 -0.0462198 0.0218483
1 42.8595 15.6706 -0.0386198 0.0208087
1 43.9815 15.6751 -0.0249284 0.00685077
1 0.256262 16.631 0.00689774 -0.00816278
1 1.38102 16.6266 0.0282056 0.00826451
1 2.49489 16.6214 0.0384105 0.0127932
1 3.60753 16.6167 0.0391515 0.0145947
1 4.71996 16.6126 0.0456546 0.0118763
1 5.83176 16.6095 0.0464984 0.0098937
1 6.94381 16.6063 0.0397469 0.0170979
1 8.05615 16.602 0.0260675 0.0224501
1 9.16689 16.5979 0.00372935 0.0159144
1 10.2735 16.5955 -0.0342932 0.00439157
1 11.3746 16.5949 -0.0581235 -0.00663428
1 12.473 16.5954 -0.049201 -0.0155229
1 13.5742 16.5966 -0.0288261 -0.0212717
1 14.6772 16.5978 -0.010864 -0.0254225
1 15.7796 16.599 -0.0144879 -0.0287216
1 16.882 16.6001 -0.0123973 -0.0317663
1 17.9846 16.6012 -0.00459589 -0.0336729
1 19.0875 16.602 -0.0113528 -0.0351224
1 20.1901 16.6026 -0.00788168 -0.0363358
1 21.2925 16.6028 0.00243085 -0.0372865
1 22.3957 16.6028 -0.000746649 -0.0377688
1 23.4988 16.6026 0.00165234 -0.0376877
1 24.6013 16.6022 0.0105079 -0.0362626
1 25.7041 16.6015 0.00159132 -0.0345747
1 26.8065 16.6006 0.00556132 -0.0330698
1 27.9092 16.5995 0.0242238 -0.0307778
1 29.0122 16.5983 0.0187677 -0.0274303
1 30.115 16.597 0.0124569 -0.0232112
1 31.217 16.5958 0.0313496 -0.0184444
1 32.3161 16.5948 0.0565833 -0.0118834
1 33.4153 16.5947 0.047846 -0.00131729
1 34.5189 16.5962 0.00684337 0.0110147
1 35.6279 16.5996 -0.016036 0.0196774
1 36.7402 16.6039 -0.0340218 0.0198464
1 37.8524 16.6078 -0.045379 0.0138945
1 38.9643 16.6109 -0.0452903 0.00988166
1 40.0762 16.6144 -0.0439471 0.0122456
1 41.1887 16.6188 -0.0376829 0.0141571
1 42.3016 16.6237 -0.0315674 0.0116509
1 43.4172 16.6289 -0.0251857 -0.00152845
1 0.824059 17.5827 0.0177872 -0.0130132
1 1.94016 17.5792 0.0312829 0.00179255
1 3.05302 17.575 0.0386991 0.00913482
1 4.16533 17.571 0.0447408 0.0106086
1 5.27725 17.5678 0.0428041 0.0142993
1 6.38977 17.564 0.0377833 0.0238367
1 7.50265 17.5593 0.0282031 0.0293477
1 8.61502 17.5549 0.0104873 0.0255446
1 9.72362 17.5521 -0.0118133 0.0162096
1 10.8267 17.5511 -0.0521794 0.00610533
1 11.9258 17.5515 -0.0596571 -0.00217118
1 13.0248 17.5523 -0.0355528 -0.00748735
1 14.1266 17.5532 -0.0169432 -0.0118735
1 15.2293 17.5542 -0.0223714 -0.0157949
1 16.332 17.555 -0.0277208 -0.019358
1 17.4345 17.5557 -0.00869628 -0.0218944
1 18.5367 17.5563 -0.00505276 -0.0235301
1 19.6391 17.5568 -0.0122312 -0.0255546
1 20.7414 17.557 -0.00280535 -0.0274248
1 21.8441 17.5571 0.000713954 -0.0283543
1 22.9473 17.5571 -0.00235439 -0.0285043
1 24.0497 17.5569 0.00890335 -0.0274649
1 25.1522 17.5565 0.0129171 -0.0253565
1 26.2549 17.5559 0.0063009 -0.0229955
1 27.3572 17.5553 0.0147933 -0.0205487
1 28.4594 17.5545 0.0171609 -0.017558
1 29.5615 17.5536 0.0153421 -0.0141866
1 30.6643 17.5526 0.033207 -0.0101352
1 31.7652 17.5516 0.0535429 -0.00474962
1 32.8633 17.551 0.0623612 0.00226293
1 33.9642 17.5512 0.0362439 0.0111105
1 35.0705 17.5529 -0.00248105 0.0213078
1 36.1815 17.5567 -0.0208899 0.0302595
1 37.2944 17.5616 -0.0323834 0.028374
1 38.4072 17.5659 -0.0403791 0.0180589
1 39.5192 17.5693 -0.0437361 0.0116296
1 40.6316 17.5728 -0.0382136 0.00980918
1 41.7447 17.5769 -0.0343999 0.00374365
1 42.8596 17.5806 -0.0202086 -0.00552133
1 43.9872 17.5828 0.00435223 -0.0222958
1 0.251756 18.5335 -0.00361436 -0.0303475
1 1.38147 18.5334 0.0172334 -0.0195463
1 2.49724 18.5316 0.0326632 -0.00518903
1 3.61049 18.5285 0.0388116 0.00397866
1 4.72287 18.5252 0.0430524 0.0107809
1 5.83557 18.5213 0.035955 0.0216816
1 6.94906 18.5164 0.0287024 0.0290284
1 8.06194 18.5118 0.0207257 0.0264173
1 9.17211 18.5088 0.00223118 0.0165349
1 10.2777 18.5077 -0.0360875 0.00806294
1 11.3782 18.5078 -0.0619753 0.00259635
1 12.4761 18.5085 -0.0547508 -0.00247264
1 13.577 18.5092 -0.036269 -0.00680576
1 14.6797 18.51 -0.0194733 -0.0102064
1 15.7816 18.5105 -0.0220106 -0.0127623
1 16.8836 18.511 -0.0177009 -0.0154438
1 17.9858 18.5114 -0.00784262 -0.0182395
1 19.0882 18.5116 -0.0137902 -0.0209152
1 20.1905 18.5117 -0.0101364 -0.0233174
1 21.2927 18.5118 0.00120694 -0.0248635
1 22.3956 18.5118 -0.00115137 -0.0253277
1 23.4985 18.5117 0.00266952 -0.0249071
1 24.6008 18.5116 0.0130923 -0.022944
1 25.7031 18.5114 0.00499831 -0.0202211
1 26.8052 18.511 0.010493 -0.0173475
1 27.9074 18.5106 0.0309342 -0.0142242
1 29.0099 18.51 0.0267875 -0.011141
1 30.1123 18.5094 0.0203425 -0.00776682
1 31.2139 18.5087 0.0379466 -0.00447029
1 32.3127 18.5079 0.062319 -0.000508433
1 33.4114 18.5074 0.0518001 0.00539815
1 34.5142 18.5078 0.00957371 0.0129818
1 35.6224 18.5098 -0.0121054 0.0216815
1 36.7347 18.5136 -0.0256533 0.0286383
1 37.8478 18.5186 -0.032235 0.0281369
1 38.9612 18.5233 -0.0369092 0.0170074
1 40.0735 18.5267 -0.0428724 0.00603397
1 41.186 18.5299 -0.0374701 0.000495931
1 42.2994 18.5325 -0.0300222 -0.0135786
1 43.4162 18.5335 -0.0137872 -0.0291664
1 0.823548 19.4835 0.0147274 -0.0418725
1 1.94134 19.4846 0.027403 -0.0296532
1 3.05566 19.4834 0.0367886 -0.0137685
1 4.16876 19.4809 0.0410738 -0.00278961
1 5.28202 19.4771 0.0336934 0.0109868
1 6.39603 19.4721 0.031618 0.0178913
1 7.50913 19.4675 0.0304902 0.0135559
1 8.62052 19.4646 0.0166318 0.00564989
1 9.72788 19.4634 -0.00604626 -0.000628895
1 10.83 19.4634 -0.0496241 -0.00505061
1 11.9285 19.4639 -0.0606251 -0.00792706
1 13.0272 19.4646 -0.0387561 -0.00934676
1 14.1287 19.4651 -0.0219249 -0.0107272
1 15.2309 19.4655 -0.0284665 -0.0123498
1 16.3331 19.4657 -0.0337137 -0.0141841
1 17.4353 19.4659 -0.0137046 -0.0166199
1 18.5372 19.4659 -0.00903703 -0.0194832
1 19.6393 19.4658 -0.0154936 -0.0221733
1 20.7415 19.4657 -0.0049218 -0.0241163
1 21.8441 19.4657 -3.51902e-05 -0.0247763
1 22.9471 19.4657 -0.00179499 -0.0246271
1 24.0495 19.4657 0.01142 -0.023636
1 25.1518 19.4658 0.0168694 -0.0215718
1 26.2542 19.4658 0.0112598 -0.0184365
1 27.3563 19.4656 0.020636 -0.0151412
1 28.4579 19.4654 0.0237609 -0.0129433
1 29.5595 19.4651 0.0217349 -0.0112633
1 30.662 19.4646 0.0372192 -0.00965471
1 31.7626 19.464 0.0550097 -0.00779883
1 32.8603 19.4634 0.0619139 -0.0062281
1 33.9605 19.463 0.0326119 -0.00376156
1 35.0656 19.4634 -0.00841717 0.00191157
1 36.1754 19.4654 -0.0250126 0.0107181
1 37.2878 19.4693 -0.0302991 0.0170328
1 38.4015 19.4743 -0.0326298 0.0158156
1 39.5149 19.4789 -0.0381194 0.00577713
1 40.6282 19.4821 -0.0381127 -0.00702656
1 41.7421 19.4841 -0.032129 -0.0211386
1 42.8587 19.4841 -0.0179674 -0.0384124
1 43.9886 19.4828 -0.00456561 -0.0393601
1 0.252459 20.4324 0.0158744 -0.0441109
1 1.38154 20.4346 0.0227592 -0.0467939
1 2.49894 20.4363 0.0303489 -0.0318286
1 3.61389 20.4355 0.033123 -0.0132
1 4.72834 20.4322 0.0341226 0.00323425
1 5.84265 20.4274 0.0334019 0.0101004
1 6.95611 20.4229 0.03615 0.00674023
1 8.06765 20.4201 0.0326793 -0.00090802
1 9.17629 20.419 0.0127641 -0.00796306
1 10.2808 20.419 -0.0296049 -0.0114176
1 11.3807 20.4194 -0.0588835 -0.0117894
1 12.4783 20.42 -0.0536286 -0.0116439
1 13.5788 20.4204 -0.0371989 -0.0114698
1 14.6811 20.4207 -0.0228897 -0.0118898
1 15.7825 20.4208 -0.0269317 -0.0125974
1 16.884 20.4209 -0.0230972 -0.0139295
1 17.9859 20.4208 -0.0133774 -0.016742
1 19.0881 20.4206 -0.0188635 -0.0195158
1 20.1904 20.4203 -0.0137252 -0.0212391
1 21.2926 20.4202 -0.000128557 -0.0222134
1 22.3956 20.4202 -0.000834545 -0.022398
1 23.4985 20.4202 0.00471177 -0.0218324
1 24.6008 20.4204 0.0172436 -0.0204852
1 25.7031 20.4206 0.0106254 -0.0183139
1 26.8049 20.4207 0.0168956 -0.0151946
1 27.9068 20.4207 0.0368445 -0.0127828
1 29.0087 20.4206 0.0310698 -0.011853
1 30.1106 20.4203 0.022407 -0.0112068
1 31.2118 20.42 0.0376969 -0.0114456
1 32.3104 20.4194 0.0600986 -0.0115799
1 33.4086 20.4189 0.0465855 -0.0108972
1 34.5106 20.4186 0.000587121 -0.00908602
1 35.6174 20.4191 -0.0236578 -0.00506003
1 36.728 20.4209 -0.0365416 0.00235116
1 37.8403 20.4246 -0.0348608 0.00975582
1 38.9544 20.4296 -0.029428 0.00922747
1 40.0688 20.4339 -0.0319101 -0.00434164
1 41.1835 20.4359 -0.0276499 -0.0224535
1 42.2993 20.4354 -0.0206502 -0.0397134
1 43.4181 20.433 -0.0185328 -0.0466225
1 0.821674 21.3833 0.0262265 -0.0419105
1 1.94056 21.3862 0.0200422 -0.0373643
1 3.05767 21.3881 0.0209144 -0.0181403
1 4.17406 21.3865 0.0260585 0.0046373
1 5.28945 21.3824 0.030983 0.0153838
1 6.40342 21.3783 0.0425328 0.0122662
1 7.5149 21.3756 0.0448698 0.0035193
1 8.62458 21.3746 0.0282688 -0.00264747
1 9.73077 21.3746 0.00137445 -0.00495024
1 10.8323 21.3749 -0.045389 -0.0056077
1 11.9304 21.3754 -0.0579482 -0.00526669
1 13.0288 21.3759 -0.0373173 -0.00437805
1 14.1299 21.3761 -0.0227748 -0.00378474
1 15.2316 21.3763 -0.0320601 -0.00391204
1 16.3333 21.3763 -0.0390243 -0.00451435
1 17.4351 21.3762 -0.019444 -0.00619619
1 18.5367 21.376 -0.0144364 -0.00873333
1 19.6388 21.3757 -0.0196803 -0.0105999
1 20.7412 21.3754 -0.00705861 -0.0116375
1 21.8441 21.3753 -0.000311984 -0.012038
1 22.9473 21.3754 -0.000605202 -0.0116645
1 24.0498 21.3755 0.0146473 -0.0107317
1 25.1522 21.3758 0.0218008 -0.00936911
1 26.2545 21.376 0.017033 -0.00709109
1 27.3562 21.3761 0.0264596 -0.0046469
1 28.4574 21.3761 0.0284086 -0.00383885
1 29.5585 21.376 0.0241217 -0.00349296
1 30.6605 21.3758 0.0371129 -0.0036877
1 31.7609 21.3754 0.05301 -0.00426848
1 32.8582 21.375 0.0583725 -0.00522051
1 33.9579 21.3745 0.0263397 -0.0058776
1 35.0622 21.3742 -0.0184591 -0.00412937
1 36.1704 21.3747 -0.0386571 0.000735643
1 37.281 21.3765 -0.0438267 0.00796117
1 38.3935 21.3799 -0.0386977 0.0147111
1 39.5082 21.3843 -0.0291206 0.0125732
1 40.6244 21.3875 -0.0240272 -0.00472199
1 41.7412 21.3874 -0.025723 -0.028661
1 42.8593 21.3848 -0.0269454 -0.0404025
1 43.9871 21.3824 -0.0342069 -0.0413836
1 0.253322 22.3336 0.046107 -0.0311814
1 1.38052 22.3354 0.0316178 -0.0305098
1 2.4989 22.3379 0.0197924 -0.0253536
1 3.61734 22.3384 0.014174 -0.00477794
1 4.73473 22.3361 0.0262828 0.00829867
1 5.84935 22.333 0.0404123 0.00876772
1 6.9614 22.3309 0.0485041 0.00234828
1 8.07132 22.33 0.0431682 -0.00302828
1 9.17884 22.3298 0.0194612 -0.00606169
1 10.2827 22.3301 -0.0259706 -0.00637572
1 11.3822 22.3304 -0.0568089 -0.00511885
1 12.4795 22.3307 -0.0522335 -0.00388275
1 13.5798 22.3309 -0.0370296 -0.00291472
1 14.6817 22.3311 -0.0246301 -0.00255863
1 15.7826 22.3311 -0.0302938 -0.00235669
1 16.8837 22.3311 -0.0269755 -0.00261834
1 17.9853 22.3309 -0.0170882 -0.00411816
1 19.0875 22.3307 -0.0220088 -0.00567043
1 20.1899 22.3305 -0.0156926 -0.00634151
1 21.2924 22.3303 -0.000671073 -0.00673151
1 22.3957 22.3303 -0.000322751 -0.00671109
1 23.4989 22.3303 0.00623066 -0.00613376
1 24.6014 22.3305 0.0200246 -0.00520511
1 25.7036 22.3308 0.0141703 -0.00404163
1 26.8052 22.3309 0.0208913 -0.00253979
1 27.9068 22.3309 0.0406158 -0.00189143
1 29.0083 22.3309 0.0333802 -0.00207772
1 30.1098 22.3308 0.022719 -0.00224857
1 31.2107 22.3306 0.0367188 -0.00327426
1 32.309 22.3303 0.058436 -0.00431482
1 33.4069 22.33 0.0439567 -0.00509489
1 34.5084 22.3297 -0.00420945 -0.00553138
1 35.6144 22.3296 -0.0320505 -0.00459404
1 36.7236 22.33 -0.0492376 -0.000641659
1 37.8342 22.3315 -0.0467761 0.00616488
1 38.9474 22.3343 -0.0314588 0.0105479
1 40.0634 22.3373 -0.0184814 0.00414277
1 41.1816 22.3385 -0.0116229 -0.0138557
1 42.3 22.3368 -0.0213285 -0.0294072
1 43.4187 22.3347 -0.0342138 -0.0314183
1 0.821806 23.2871 0.0369437 -0.0145281
1 1.94008 23.2879 0.0240471 -0.01415
1 3.05885 23.2887 0.00878565 -0.00791165
1 4.178 23.2883 0.0171286 -0.000830333
1 5.29424 23.2872 0.0342983 0.00137584
1 6.40746 23.2863 0.0514251 -0.000343849
1 7.51765 23.2858 0.0527986 -0.00292867
1 8.62644 23.2856 0.0330285 -0.00420003
1 9.73213 23.2857 0.00391441 -0.00440141
1 10.8334 23.2858 -0.0440359 -0.00429658
1 11.9313 23.2859 -0.0570107 -0.00369038
1 13.0295 23.286 -0.0367988 -0.00315177
1 14.1303 23.2861 -0.0228293 -0.00288672
1 15.2317 23.2861 -0.0329282 -0.00269203
1 16.3331 23.2861 -0.0406869 -0.00263153
1 17.4347 23.286 -0.0213394 -0.00292247
1 18.5363 23.2859 -0.0160645 -0.00350881
1 19.6384 23.2858 -0.0207581 -0.00382215
1 20.7409 23.2857 -0.00742663 -0.00385205
1 21.844 23.2857 -0.000158914 -0.00380084
1 22.9475 23.2857 0.000102071 -0.00351597
1 24.0502 23.2857 0.0160824 -0.00307425
1 25.1526 23.2858 0.023459 -0.00264911
1 26.2549 23.2859 0.0184425 -0.00218083
1 27.3565 23.2859 0.0277517 -0.00190816
1 28.4574 23.2859 0.0296397 -0.00212921
1 29.5582 23.2859 0.0245709 -0.00226887
1 30.66 23.2858 0.0365228 -0.0025685
1 31.7601 23.2858 0.0521572 -0.00306875
1 32.8572 23.2857 0.0575609 -0.00375649
1 33.9567 23.2855 0.0247224 -0.00417475
1 35.0607 23.2854 -0.0219561 -0.00413429
1 36.1682 23.2854 -0.0450387 -0.00342249
1 37.2776 23.2857 -0.0530511 -0.00141639
1 38.3889 23.2864 -0.0446812 0.00115272
1 39.5034 23.2875 -0.0258905 0.00147738
1 40.6216 23.2883 -0.0083272 -0.00328081
1 41.7414 23.2882 -0.015069 -0.0103244
1 42.8601 23.2874 -0.0336816 -0.0108008
1 43.9869 23.2869 -0.05442 -0.00999822
1 0.253232 24.2405 0.0537842 0.00915463
1 1.38006 24.24 0.0340372 0.0102946
1 2.49872 24.239 0.0149951 0.0104923
1 3.61839 24.2388 0.00783718 0.00270598
1 4.7365 24.2397 0.0252975 -0.00215077
1 5.85099 24.2408 0.0434797 -0.00161591
1 6.96253 24.2415 0.0518549 0.0011256
1 8.07208 24.2418 0.0453361 0.00300214
1 9.17937 24.2418 0.0206469 0.00375225
1 10.2831 24.2417 -0.0252717 0.00382403
1 11.3825 24.2416 -0.0563332 0.00330897
1 12.4798 24.2415 -0.0519492 0.00265598
1 13.5799 24.2414 -0.0370651 0.00217349
1 14.6817 24.2414 -0.024765 0.00185425
1 15.7825 24.2413 -0.0306419 0.00163145
1 16.8836 24.2413 -0.0275546 0.00137009
1 17.9852 24.2414 -0.0177263 0.0017899
1 19.0873 24.2414 -0.0224475 0.00229239
1 20.1897 24.2415 -0.0157487 0.00258447
1 21.2923 24.2416 -0.000444588 0.00298224
1 22.3957 24.2416 7.22532e-05 0.00330825
1 23.499 24.2415 0.00682608 0.003368
1 24.6015 24.2414 0.0207874 0.0032872
1 25.7037 24.2413 0.0146495 0.00305896
1 26.8053 24.2412 0.0210327 0.00253878
1 27.9068 24.2412 0.040761 0.00229412
1 29.0083 24.2412 0.033616 0.00227632
1 30.1096 24.2412 0.0225645 0.00239941
1 31.2105 24.2412 0.0361587 0.00282512
1 32.3087 24.2413 0.0579541 0.00330499
1 33.4065 24.2414 0.0435807 0.0036573
1 34.5079 24.2415 -0.00499562 0.00387423
1 35.6138 24.2416 -0.0334477 0.00376426
1 36.7227 24.2414 -0.0516868 0.00251147
1 37.8328 24.241 -0.0496987 8.07964e-06
1 38.9458 24.24 -0.0334421 -0.00182358
1 40.062 24.2389 -0.0164292 0.000126223
1 41.1811 24.2385 -0.00748756 0.00768919
1 42.3 24.2393 -0.0229736 0.0143649
1 43.4183 24.2403 -0.0368475 0.01423
1 0.821568 25.1927 0.0342772 0.0314786
1 1.94023 25.1905 0.0217503 0.0303233
1 3.05847 25.1888 0.0131404 0.0149697
1 4.17658 25.19 0.0198337 -0.00339618
1 5.29257 25.193 0.0326007 -0.0095472
1 6.40608 25.1958 0.048418 -0.00538372
1 7.51672 25.1972 0.0501895 0.001287
1 8.6258 25.1977 0.0314644 0.00546547
1 9.73165 25.1976 0.00325503 0.00651573
1 10.833 25.1973 -0.044454 0.00609023
1 11.931 25.1969 -0.0573868 0.00530948
1 13.0292 25.1967 -0.0371453 0.00427295
1 14.1302 25.1965 -0.0230232 0.00332629
1 15.2317 25.1964 -0.0330232 0.00299876
1 16.3332 25.1964 -0.0406777 0.00273091
1 17.4348 25.1964 -0.0211164 0.00352057
1 18.5364 25.1966 -0.0156032 0.00517896
1 19.6385 25.1968 -0.0201253 0.00633873
1 20.7409 25.197 -0.0068472 0.00711145
1 21.844 25.1971 0.000305389 0.00776073
1 22.9474 25.197 0.000346569 0.00778465
1 24.05 25.1969 0.0159984 0.00732771
1 25.1524 25.1966 0.0231484 0.00653379
1 26.2547 25.1964 0.0180228 0.00516789
1 27.3563 25.1963 0.0272738 0.00388278
1 28.4573 25.1963 0.0291491 0.00355564
1 29.5583 25.1963 0.0243256 0.00347295
1 30.6601 25.1964 0.0366746 0.00379635
1 31.7603 25.1966 0.0524806 0.00493465
1 32.8576 25.1969 0.0578797 0.00602398
1 33.9571 25.1972 0.0254206 0.00715184
1 35.0612 25.1974 -0.0206953 0.00673187
1 36.169 25.1973 -0.0427914 0.00380122
1 37.2788 25.1964 -0.04968 -0.00163311
1 38.3906 25.1942 -0.0421005 -0.00762317
1 39.5052 25.1912 -0.0269885 -0.00761303
1 40.6226 25.1888 -0.0151123 0.00579153
1 41.7411 25.1893 -0.0200211 0.0264345
1 42.8596 25.1919 -0.030821 0.0316792
1 43.9868 25.1938 -0.047159 0.0313859
1 0.253019 26.1451 0.0344323 0.0422879
1 1.38099 26.1426 0.0275627 0.0408143
1 2.49906 26.14 0.0258864 0.0280879
1 3.61572 26.14 0.024064 0.00389096
1 4.73178 26.1432 0.0293661 -0.0130405
1 5.84644 26.1476 0.0366662 -0.0153129
1 6.95919 26.151 0.0431401 -0.00846488
1 8.0698 26.1528 0.039171 -0.00135305
1 9.17777 26.1532 0.0171035 0.00361537
1 10.2819 26.153 -0.0270558 0.00531877
1 11.3815 26.1525 -0.0574916 0.00468551
1 12.479 26.152 -0.0528784 0.00351769
1 13.5794 26.1516 -0.0372927 0.00280894
1 14.6814 26.1514 -0.0242608 0.00260605
1 15.7825 26.1513 -0.0294932 0.0028169
1 16.8838 26.1513 -0.0259926 0.00356959
1 17.9856 26.1514 -0.016131 0.00612152
1 19.0877 26.1516 -0.0208292 0.00844831
1 20.1901 26.1519 -0.014492 0.00977417
1 21.2925 26.1521 0.000241229 0.0106926
1 22.3956 26.1521 0.000324572 0.0110503
1 23.4987 26.152 0.00648223 0.0106708
1 24.601 26.1518 0.0194586 0.00958112
1 25.7032 26.1514 0.0130736 0.00772093
1 26.8049 26.1512 0.0194017 0.00528845
1 27.9067 26.1512 0.0389718 0.00367862
1 29.0084 26.1512 0.0322504 0.00307187
1 30.11 26.1513 0.0223837 0.00286818
1 31.2111 26.1515 0.0370101 0.00355813
1 32.3095 26.152 0.0590491 0.00447942
1 33.4076 26.1525 0.04488 0.00483521
1 34.5093 26.1528 -0.00250714 0.00422494
1 35.6157 26.1528 -0.0289489 0.0021004
1 36.7255 26.1518 -0.0441626 -0.00394688
1 37.8368 26.1492 -0.0415242 -0.012557
1 38.9506 26.145 -0.0302096 -0.016453
1 40.0659 26.1409 -0.0251118 -0.00554373
1 41.1822 26.1393 -0.0199723 0.0170391
1 42.2994 26.1411 -0.0190368 0.0370573
1 43.4185 26.144 -0.0252873 0.042724
1 0.822262 27.0943 0.0181063 0.0471149
1 1.94096 27.0919 0.0215468 0.0393252
1 3.05667 27.0915 0.0292767 0.0220823
1 4.1712 27.0936 0.0333137 0.00422045
1 5.28565 27.0979 0.0305405 -0.00905753
1 6.39985 27.1028 0.0348985 -0.0100599
1 7.51226 27.1065 0.0376041 -0.00243556
1 8.62274 27.1083 0.0229831 0.00502966
1 9.72945 27.1088 -0.00158956 0.00900268
1 10.8313 27.1085 -0.047221 0.0107939
1 11.9295 27.108 -0.0592116 0.0114567
1 13.0281 27.1074 -0.0380735 0.0111232
1 14.1293 27.1071 -0.0226237 0.0109206
1 15.2313 27.1069 -0.0308167 0.0116478
1 16.3332 27.1067 -0.0369907 0.0126702
1 17.4352 27.1067 -0.0171415 0.0149736
1 18.537 27.1068 -0.0121046 0.0179549
1 19.6391 27.107 -0.0174871 0.0202009
1 20.7413 27.1072 -0.0053712 0.0216519
1 21.844 27.1072 0.00081443 0.0222143
1 22.9471 27.1072 -0.000144919 0.0220098
1 24.0495 27.1071 0.0138897 0.0211112
1 25.1518 27.1068 0.0199029 0.0193833
1 26.2542 27.1066 0.0144511 0.0165067
1 27.3561 27.1065 0.023587 0.0137183
1 28.4575 27.1066 0.0258762 0.0123005
1 29.5589 27.1067 0.0226669 0.0117139
1 30.6611 27.107 0.0370922 0.0113777
1 31.7616 27.1074 0.0539856 0.0114402
1 32.8591 27.108 0.0597954 0.0114261
1 33.9591 27.1084 0.02883 0.0110676
1 35.0637 27.1084 -0.0141808 0.00775934
1 36.1726 27.1073 -0.0324118 0.000795937
1 37.2841 27.1044 -0.0365944 -0.00669311
1 38.3975 27.1 -0.0354621 -0.0101774
1 39.5116 27.0952 -0.0339976 -0.00370187
1 40.6261 27.0919 -0.0339832 0.012681
1 41.7411 27.0911 -0.0306617 0.030855
1 42.8586 27.0926 -0.021833 0.0463782
1 43.9877 27.0948 -0.0159562 0.0449565
1 0.251629 28.0444 0.00318351 0.0399054
1 1.38157 28.0432 0.0183235 0.0386118
1 2.49811 28.0433 0.0318036 0.021463
1 3.61192 28.0454 0.0374773 0.00786459
1 4.72508 28.0486 0.038689 -0.00483997
1 5.83871 28.0532 0.0326588 -0.014953
1 6.95247 28.0582 0.030329 -0.0161475
1 8.06485 28.062 0.025442 -0.00970898
1 9.17428 28.064 0.00685411 -0.00116434
1 10.2794 28.0644 -0.0332857 0.00438772
1 11.3794 28.0641 -0.0610433 0.00691891
1 12.4772 28.0635 -0.0549458 0.00856878
1 13.5779 28.0629 -0.0375552 0.0104045
1 14.6804 28.0624 -0.021916 0.0121761
1 15.782 28.0621 -0.0248521 0.0138907
1 16.8837 28.0618 -0.0203431 0.0160201
1 17.9858 28.0617 -0.0104335 0.0193489
1 19.0881 28.0617 -0.015965 0.0222759
1 20.1904 28.0617 -0.0112888 0.0244202
1 21.2926 28.0618 0.00144955 0.0255838
1 22.3956 28.0618 -6.59777e-05 0.0256299
1 23.4984 28.0618 0.00439072 0.0249646
1 24.6006 28.0617 0.0153482 0.0231078
1 25.7028 28.0616 0.00769164 0.0204423
1 26.8047 28.0616 0.0135411 0.0174837
1 27.9069 28.0618 0.0338072 0.014846
1 29.0091 28.062 0.0290214 0.0131077
1 30.1112 28.0624 0.0217081 0.0117005
1 31.2127 28.0629 0.038216 0.0103004
1 32.3114 28.0635 0.0614282 0.0086808
1 33.4099 28.0641 0.0492119 0.0057478
1 34.5122 28.064 0.00510185 0.00105925
1 35.6197 28.0628 -0.0173667 -0.0050994
1 36.7312 28.0599 -0.0296425 -0.0126438
1 37.8441 28.0554 -0.0316341 -0.0168103
1 38.958 28.0503 -0.0327464 -0.0099714
1 40.0712 28.0465 -0.0400725 0.00376596
1 41.1843 28.044 -0.0356698 0.0140953
1 42.2986 28.0428 -0.0267482 0.0297893
1 43.4164 28.0437 -0.0144469 0.0423923
1 0.8241 28.9938 0.0146029 0.0289064
1 1.94071 28.995 0.0310717 0.0128092
1 3.054 28.9977 0.0389983 -0.000821695
1 4.16649 29.0009 0.0441102 -0.00615679
1 5.27892 29.0043 0.0380543 -0.0170175
1 6.39236 29.0089 0.0325515 -0.0280096
1 7.50565 29.0139 0.0267148 -0.0285666
1 8.61774 29.0177 0.0116033 -0.0216751
1 9.72579 29.0197 -0.0103576 -0.012954
1 10.8284 29.0201 -0.0521639 -0.00554381
1 11.9272 29.0196 -0.0614198 0.000288803
1 13.0261 29.0189 -0.0384685 0.00407406
1 14.1277 29.0181 -0.0205335 0.00733226
1 15.2301 29.0175 -0.0262002 0.0108262
1 16.3325 29.0169 -0.0309199 0.0139301
1 17.4348 29.0165 -0.0108997 0.0169482
1 18.5369 29.0161 -0.00644195 0.019664
1 19.6391 29.0159 -0.0132493 0.0223989
1 20.7414 29.0158 -0.00326521 0.0243729
1 21.8441 29.0158 0.0010132 0.0248183
1 22.9471 29.0158 -0.0015258 0.0243023
1 24.0494 29.0158 0.010458 0.0228503
1 25.1517 29.0159 0.0148882 0.0205116
1 26.2543 29.0162 0.00865707 0.0177677
1 27.3565 29.0165 0.0178168 0.0151069
1 28.4584 29.017 0.0209706 0.0124547
1 29.5603 29.0176 0.0193771 0.0098615
1 30.6629 29.0183 0.0360257 0.00639841
1 31.7637 29.019 0.0548487 0.00219204
1 32.8616 29.0197 0.0627239 -0.00272436
1 33.9621 29.0198 0.0355497 -0.00834563
1 35.0679 29.0187 -0.00375215 -0.0167176
1 36.1783 29.0157 -0.020675 -0.0265859
1 37.2912 29.0111 -0.0291765 -0.0290902
1 38.4046 29.0062 -0.0362159 -0.0216913
1 39.5171 29.0023 -0.0426458 -0.0107843
1 40.6295 28.9991 -0.0397473 -0.00424064
1 41.7428 28.9959 -0.0334231 0.00472662
1 42.8586 28.9939 -0.0174385 0.0190876
1 43.9881 28.9938 0.00376203 0.030515
1 0.253161 29.9445 -0.0051547 0.0215391
1 1.38064 29.9469 0.0206148 0.00473566
1 2.49541 29.9506 0.0340964 -0.004168
1 3.6084 29.9547 0.0375637 -0.00991318
1 4.72079 29.9582 0.0442946 -0.0116867
1 5.83297 29.9616 0.0404641 -0.0182055
1 6.94588 29.9659 0.0322139 -0.0284121
1 8.05877 29.9708 0.0212385 -0.0303738
1 9.16938 29.9745 0.00104206 -0.021344
1 10.2756 29.9762 -0.0368162 -0.0109489
1 11.3764 29.9765 -0.0616734 -0.00246361
1 12.4746 29.9759 -0.0534096 0.00434452
1 13.5756 29.9749 -0.0336447 0.00986721
1 14.6784 29.9739 -0.0157978 0.0138829
1 15.7805 29.973 -0.0182945 0.0171761
1 16.8827 29.9722 -0.014599 0.0201081
1 17.9852 29.9715 -0.00554126 0.0226678
1 19.0878 29.9709 -0.011956 0.0249638
1 20.1902 29.9706 -0.0086896 0.0269219
1 21.2925 29.9704 0.00190806 0.028007
1 22.3956 29.9703 -0.000882735 0.0279058
1 23.4985 29.9704 0.0023737 0.0269786
1 24.6008 29.9707 0.0122022 0.0250881
1 25.7033 29.9711 0.00371981 0.0231762
1 26.8055 29.9717 0.00839094 0.0215267
1 27.908 29.9725 0.0278819 0.0191445
1 29.0108 29.9733 0.0230629 0.015712
1 30.1134 29.9742 0.0167261 0.011575
1 31.2151 29.9752 0.0350311 0.00689631
1 32.3142 29.976 0.060469 0.00170642
1 33.4132 29.9763 0.0517434 -0.00623779
1 34.5165 29.9753 0.0109132 -0.0163582
1 35.6252 29.9725 -0.0110782 -0.0254671
1 36.7377 29.9682 -0.0274301 -0.0292401
1 37.8504 29.9635 -0.0378503 -0.0241483
1 38.9628 29.9597 -0.0418724 -0.0146047
1 40.0746 29.9564 -0.0436817 -0.0107483
1 41.1869 29.9524 -0.0374889 -0.00941135
1 42.2998 29.9482 -0.0313211 -0.00230252
1 43.416 29.9446 -0.0186678 0.0121242
1 0.822795 30.8987 0.0257973 7.64607e-05
1 1.93835 30.9039 0.0324093 -0.0119065
1 3.05123 30.9088 0.0390286 -0.014122
1 4.16375 30.9131 0.0450914 -0.0124208
1 5.27576 30.9166 0.0464526 -0.0103528
1 6.3878 30.9197 0.0454122 -0.0144116
1 7.50004 30.9236 0.0349736 -0.0204191
1 8.61224 30.9279 0.01551 -0.0201331
1 9.7211 30.9312 -0.00800218 -0.0113797
1 10.8245 30.9327 -0.0485309 0.000733679
1 11.9238 30.9326 -0.0557059 0.0111847
1 13.0229 30.9317 -0.0319063 0.0179087
1 14.1249 30.9304 -0.0127608 0.0225463
1 15.2278 30.9291 -0.0181852 0.0268095
1 16.3307 30.9279 -0.0240942 0.0301791
1 17.4335 30.9268 -0.00585534 0.0324564
1 18.5359 30.9259 -0.00301888 0.0339326
1 19.6385 30.9252 -0.0106633 0.0356339
1 20.741 30.9248 -0.00206983 0.0369735
1 21.844 30.9246 0.000584135 0.0370236
1 22.9473 30.9246 -0.00284829 0.0367007
1 24.0498 30.9249 0.00818124 0.0358027
1 25.1524 30.9254 0.0123351 0.0344369
1 26.2554 30.9263 0.00542572 0.0329321
1 27.358 30.9273 0.0126968 0.0312299
1 28.4604 30.9284 0.01343 0.0283276
1 29.5628 30.9296 0.0104326 0.0249761
1 30.6658 30.9309 0.0285226 0.0206524
1 31.7669 30.932 0.049476 0.0147839
1 32.8652 30.9326 0.0586582 0.00569177
1 33.9664 30.9319 0.0336509 -0.00521314
1 35.0731 30.9295 -0.00523815 -0.0163332
1 36.1841 30.9255 -0.0258784 -0.0227602
1 37.2964 30.9212 -0.0401397 -0.0175788
1 38.4084 30.918 -0.0464604 -0.0104031
1 39.52 30.9148 -0.045218 -0.0123331
1 40.6325 30.9107 -0.0400786 -0.0148904
1 41.7452 30.9061 -0.0390831 -0.0128081
1 42.859 30.9008 -0.0284625 -0.0090061
1 43.9836 30.8964 -0.00817939 0.00692149
1 0.258682 31.8526 0.0257412 -0.00859919
1 1.3806 31.8571 0.0394692 -0.0213154
1 2.4939 31.862 0.0457766 -0.0219884
1 3.60639 31.8665 0.0459573 -0.0180448
1 4.71887 31.8706 0.0509212 -0.012762
1 5.83075 31.8737 0.0534171 -0.00324038
1 6.94226 31.8762 0.0489919 -0.0020677
1 8.05396 31.8794 0.0349664 -0.00708824
1 9.16453 31.8832 0.0107488 -0.00288337
1 10.2713 31.8859 -0.0266136 0.00822439
1 11.3726 31.8869 -0.0493379 0.0226684
1 12.4709 31.8865 -0.0412858 0.0353925
1 13.5721 31.885 -0.022007 0.0434254
1 14.6752 31.8833 -0.00513485 0.0480666
1 15.7778 31.8816 -0.0102182 0.0509842
1 16.8805 31.8802 -0.00896704 0.0536599
1 17.9834 31.8789 -0.00164764 0.0555811
1 19.0865 31.8778 -0.00901767 0.0569865
1 20.1895 31.877 -0.00670268 0.0579719
1 21.2922 31.8767 0.00199784 0.0581681
1 22.3956 31.8765 -0.00154205 0.0579565
1 23.499 31.8767 0.00111036 0.0581763
1 24.6017 31.8773 0.0101732 0.0573683
1 25.7048 31.8782 0.00105825 0.0560019
1 26.8075 31.8795 0.00355173 0.0546317
1 27.9104 31.8809 0.0204914 0.0523622
1 29.0136 31.8824 0.0136655 0.0490254
1 30.1167 31.8841 0.00630696 0.0450136
1 31.2187 31.8857 0.0243828 0.0390106
1 32.3179 31.8866 0.0494805 0.0297683
1 33.4173 31.8864 0.0416264 0.0148815
1 34.5213 31.8844 0.00125292 0.000141557
1 35.6303 31.8809 -0.0235096 -0.00692655
1 36.742 31.8774 -0.0433671 -0.00470798
1 37.8532 31.8747 -0.0527182 -0.00296801
1 38.9648 31.872 -0.0479161 -0.0088723
1 40.0769 31.8683 -0.0445706 -0.0153369
1 41.1894 31.8641 -0.039921 -0.0205319
1 42.3023 31.8591 -0.0376065 -0.0234937
1 43.4171 31.8539 -0.0360114 -0.0176202
1 0.822591 32.8129 0.0529365 -0.0326884
1 1.93709 32.8167 0.0528623 -0.0313808
1 3.04959 32.8208 0.05213 -0.0249722
1 4.16201 32.8244 0.0532885 -0.0185141
1 5.27445 32.8278 0.053372 -0.0132548
1 6.38627 32.8304 0.0600558 -0.00288043
1 7.49709 32.8322 0.0542598 0.00176668
1 8.60801 32.8346 0.0315188 0.000177347
1 9.71674 32.8376 0.00446031 0.00333973
1 10.8209 32.8399 -0.0344963 0.0174887
1 11.9205 32.8404 -0.0378307 0.0343667
1 13.0196 32.8393 -0.0141026 0.0464852
1 14.1214 32.8373 0.00264518 0.0533225
1 15.2244 32.835 -0.00668114 0.0568095
1 16.3278 32.8329 -0.0162236 0.0582992
1 17.4308 32.8312 -0.000675678 0.0589731
1 18.5338 32.8297 -0.000162993 0.0596553
1 19.6372 32.8286 -0.00923499 0.0603406
1 20.7403 32.8279 -0.00224745 0.0603927
1 21.8437 32.8276 0.000108719 0.0596408
1 22.9477 32.8277 -0.00247743 0.0603321
1 24.0508 32.8282 0.00732226 0.0610654
1 25.1541 32.8291 0.0098884 0.0602393
1 26.2578 32.8304 0.00159376 0.0587899
1 27.3608 32.832 0.00647706 0.0575137
1 28.4636 32.8339 0.00391844 0.0562522
1 29.5662 32.836 -0.00324484 0.0548362
1 30.6692 32.8383 0.0129163 0.0508942
1 31.7703 32.8399 0.0330819 0.0408111
1 32.8689 32.8401 0.0424103 0.0238602
1 33.9707 32.8385 0.0201158 0.00813104
1 35.0777 32.8358 -0.0195291 0.000395775
1 36.188 32.833 -0.0445824 -0.000415483
1 37.2988 32.8311 -0.0583434 0.000552069
1 38.41 32.8291 -0.0574184 -0.00746633
1 39.5219 32.826 -0.0544952 -0.0176024
1 40.6343 32.8224 -0.0524041 -0.0226793
1 41.7466 32.8184 -0.0517252 -0.0287162
1 42.8592 32.8144 -0.0481879 -0.0312061
1 43.9793 32.8108 -0.0400828 -0.0289831
1 0.261953 33.7736 0.054392 -0.0470822
1 1.38137 33.7751 0.0598622 -0.0475013
1 2.49341 33.7778 0.0608149 -0.0472986
1 3.60543 33.7808 0.0593932 -0.0443578
1 4.71742 33.7835 0.0612052 -0.0407476
1 5.82949 33.7862 0.0611624 -0.0365948
1 6.94094 33.7882 0.0634564 -0.0271965
1 8.05126 33.7894 0.0543668 -0.0237945
1 9.16057 33.7911 0.0257168 -0.0255373
1 10.2674 33.7934 -0.017293 -0.0233055
1 11.3697 33.7953 -0.0384949 -0.0113368
1 12.4688 33.7955 -0.0263721 0.0068119
1 13.5699 33.7937 -0.00308669 0.0190528
1 14.6724 33.791 0.0127896 0.0235581
1 15.7748 33.7881 0.00194107 0.0235108
1 16.8775 33.7857 -0.00201304 0.0224788
1 17.9806 33.7837 0.00172397 0.0216171
1 19.0845 33.7822 -0.00774576 0.0211831
1 20.1882 33.7812 -0.00750231 0.0204977
1 21.2915 33.7806 0.000241538 0.019457
1 22.3958 33.7804 -0.000330334 0.0194275
1 23.4999 33.7808 0.00328932 0.0210735
1 24.6034 33.7817 0.00947038 0.0212523
1 25.7073 33.783 -0.00213188 0.0205975
1 26.8105 33.7847 -0.00228634 0.0210371
1 27.9133 33.7868 0.0113916 0.0228639
1 29.0166 33.7895 0.000588162 0.0237882
1 30.1194 33.7924 -0.0108618 0.0210244
1 31.2211 33.7946 0.00632366 0.011572
1 32.3206 33.7953 0.0341376 -0.00335679
1 33.4208 33.7942 0.0305867 -0.0186455
1 34.5254 33.7919 -0.0108994 -0.0259544
1 35.6337 33.7899 -0.0412295 -0.0240608
1 36.7441 33.7887 -0.0592589 -0.0235837
1 37.8548 33.7872 -0.0616144 -0.032912
1 38.9669 33.7847 -0.0558355 -0.0397957
1 40.0792 33.782 -0.0595398 -0.0412381
1 41.1913 33.7792 -0.0594489 -0.0476147
1 42.3035 33.7762 -0.0618034 -0.0481569
1 43.4178 33.7736 -0.0621618 -0.0459069
1 0.82363 34.7361 0.0688002 -0.0615823
1 1.93724 34.7374 0.0688568 -0.0613034
1 3.04878 34.7394 0.0658814 -0.062679
1 4.16056 34.7418 0.0672766 -0.0581163
1 5.27235 34.7437 0.0637964 -0.0568146
1 6.3844 34.7459 0.0637364 -0.0558872
1 7.49558 34.7475 0.0619127 -0.0499212
1 8.60569 34.7483 0.047346 -0.0463976
1 9.71325 34.7495 0.0177961 -0.049685
1 10.8176 34.7514 -0.028077 -0.0486016
1 11.9185 34.7531 -0.0340652 -0.037515
1 13.0188 34.7531 -0.00573215 -0.0220936
1 14.1207 34.7512 0.0179764 -0.00885413
1 15.223 34.7478 0.00977879 -0.0037456
1 16.3257 34.7444 -0.00336878 -0.00504042
1 17.4283 34.7416 0.00751299 -0.00868419
1 18.5315 34.7395 0.00366695 -0.0115795
1 19.6355 34.738 -0.00888306 -0.0134856
1 20.7392 34.737 -0.0043199 -0.0147851
1 21.8434 34.7365 8.43078e-05 -0.0159174
1 22.9483 34.7367 0.000612462 -0.0148433
1 24.0523 34.7375 0.007415 -0.0135137
1 25.1562 34.7387 0.00576946 -0.0130382
1 26.2603 34.7405 -0.00445128 -0.0108726
1 27.3632 34.7429 -0.00259523 -0.00723301
1 28.4655 34.7461 -0.00976378 -0.00463101
1 29.5674 34.7495 -0.0206302 -0.00641879
1 30.6699 34.7521 -0.00153858 -0.0151981
1 31.7716 34.7531 0.025903 -0.0308095
1 32.8715 34.752 0.0372951 -0.0450552
1 33.9742 34.7501 0.0106777 -0.0492582
1 35.0808 34.7486 -0.0347449 -0.0459278
1 36.1898 34.7479 -0.0579489 -0.0471227
1 37.3003 34.7467 -0.0647244 -0.0526498
1 38.412 34.7447 -0.0637878 -0.0571075
1 39.5238 34.7425 -0.0653209 -0.0585773
1 40.636 34.7403 -0.0633646 -0.0615014
1 41.748 34.7381 -0.0659074 -0.0608319
1 42.86 34.7366 -0.0632779 -0.0632487
1 43.9793 34.7359 -0.059016 -0.059856
1 0.26046 35.6978 0.0574798 -0.0742396
1 1.38017 35.699 0.0650278 -0.0689638
1 2.49203 35.7004 0.0684586 -0.0647542
1 3.60365 35.702 0.0658724 -0.0658247
1 4.71557 35.7038 0.0669802 -0.0656627
1 5.8274 35.7055 0.0657263 -0.0653671
1 6.93905 35.7073 0.0654157 -0.0653356
1 8.04982 35.7087 0.0584811 -0.0617201
1 9.1587 35.7094 0.0370285 -0.0588407
1 10.2648 35.7103 -0.00423413 -0.0611015
1 11.3672 35.712 -0.0317126 -0.0626708
1 12.4677 35.7136 -0.0276216 -0.0535472
1 13.5704 35.7137 -0.00216411 -0.0387473
1 14.6735 35.7116 0.0228235 -0.0261306
1 15.7752 35.708 0.0179694 -0.0198851
1 16.8768 35.7041 0.0137099 -0.0212028
1 17.9792 35.7008 0.0131718 -0.0264708
1 19.0829 35.6985 -0.00174194 -0.0315672
1 20.1869 35.6969 -0.00631558 -0.035057
1 21.2909 35.6959 -0.000260341 -0.0366683
1 22.396 35.6957 0.00138518 -0.036813
1 23.5009 35.6964 0.00340969 -0.035678
1 24.6049 35.6977 0.00403561 -0.0340816
1 25.7089 35.6995 -0.0110854 -0.02962
1 26.8116 35.7023 -0.0151169 -0.0235162
1 27.9136 35.706 -0.00524049 -0.0197302
1 29.0159 35.7098 -0.0146345 -0.0230272
1 30.1185 35.7127 -0.0173901 -0.0340757
1 31.2212 35.7135 0.00830993 -0.0477114
1 32.3224 35.7125 0.0333693 -0.0577561
1 33.4236 35.7109 0.0208791 -0.0604626
1 34.5278 35.7097 -0.0248095 -0.059111
1 35.6353 35.7091 -0.0503149 -0.0588995
1 36.7457 35.7081 -0.0622816 -0.0634507
1 37.8569 35.7064 -0.0674905 -0.0663669
1 38.9686 35.7045 -0.0666924 -0.0654972
1 40.0803 35.7027 -0.0691557 -0.0666826
1 41.192 35.7008 -0.0707944 -0.0660265
1 42.3037 35.6995 -0.071361 -0.0671165
1 43.4176 35.6987 -0.0706342 -0.0691191
1 0.821659 36.661 0.0665606 -0.0743103
1 1.93567 36.6622 0.0674558 -0.074973
1 3.04743 36.6636 0.0678536 -0.0746904
1 4.15908 36.665 0.0697487 -0.0746082
1 5.27078 36.6666 0.0678806 -0.0745548
1 6.38264 36.6682 0.0686546 -0.0760869
1 7.49398 36.6699 0.0641489 -0.0752772
1 8.60445 36.6711 0.0513572 -0.0714956
1 9.71186 36.6717 0.0262287 -0.0688738
1 10.816 36.6725 -0.0155825 -0.0711495
1 11.9171 36.674 -0.0262456 -0.0709525
1 13.0184 36.6755 -0.00803357 -0.0655751
1 14.1219 36.6755 0.0132713 -0.053044
1 15.2253 36.6734 0.0125646 -0.039315
1 16.328 36.6696 0.00937611 -0.030616
1 17.4296 36.6653 0.0251214 -0.0307289
1 18.5316 36.6616 0.0190225 -0.0367229
1 19.6349 36.6589 0.00064384 -0.0433972
1 20.7385 36.6571 -0.000659623 -0.0472303
1 21.8434 36.6564 0.0010062 -0.0490754
1 22.9489 36.6567 -0.000787166 -0.048959
1 24.0529 36.658 -0.000173058 -0.0463595
1 25.1564 36.6601 -0.00681441 -0.0400425
1 26.2597 36.6633 -0.0203929 -0.0324885
1 27.3616 36.6674 -0.0192041 -0.0305779
1 28.4632 36.6715 -0.0193154 -0.0363915
1 29.5655 36.6744 -0.0189367 -0.0473044
1 30.6695 36.6753 0.0046905 -0.0589275
1 31.7727 36.6745 0.0248893 -0.0671598
1 32.8732 36.673 0.0236456 -0.0708504
1 33.9756 36.672 -0.0032764 -0.0688111
1 35.0818 36.6715 -0.0412755 -0.0691265
1 36.191 36.6706 -0.0593231 -0.0744321
1 37.302 36.6689 -0.0671775 -0.0761164
1 38.4136 36.6672 -0.0680293 -0.0747588
1 39.5253 36.6656 -0.0704328 -0.075385
1 40.6371 36.664 -0.0712286 -0.0739684
1 41.7485 36.6627 -0.0740441 -0.0744452
1 42.8605 36.6615 -0.0716569 -0.0741764
1 43.9808 36.6609 -0.0670128 -0.0784721
1 0.258133 37.6227 0.0706275 -0.074628
1 1.37852 37.6239 0.0709916 -0.0772123
1 2.49073 37.6253 0.0741556 -0.0738618
1 3.60229 37.6264 0.0730377 -0.073126
1 4.71413 37.628 0.0718062 -0.0754146
1 5.82598 37.6297 0.0707218 -0.0728577
1 6.93746 37.631 0.0679578 -0.0734532
1 8.04855 37.6326 0.0580089 -0.0755912
1 9.15799 37.634 0.0401238 -0.0696832
1 10.2642 37.6344 0.00558764 -0.0659237
1 11.3666 37.6352 -0.0195865 -0.0677225
1 12.4673 37.6367 -0.0204364 -0.0682901
1 13.5706 37.6379 -0.00310332 -0.0619756
1 14.675 37.6377 0.0172395 -0.0517296
1 15.7782 37.6355 0.0159025 -0.0394875
1 16.8806 37.6317 0.0206925 -0.0298007
1 17.9824 37.6273 0.0288038 -0.0275257
1 19.0848 37.6232 0.0164092 -0.0323381
1 20.1875 37.6201 0.0076979 -0.038606
1 21.291 37.6183 0.00536488 -0.0428674
1 22.3961 37.618 -0.00131709 -0.0445268
1 23.5006 37.6191 -0.00699446 -0.0421089
1 24.6035 37.6215 -0.0110294 -0.0354957
1 25.7064 37.6251 -0.0273947 -0.0286587
1 26.8082 37.6295 -0.0287449 -0.0288304
1 27.9101 37.6335 -0.00920373 -0.0363297
1 29.0135 37.6364 -0.00882207 -0.0460041
1 30.1178 37.6377 -0.0124409 -0.056264
1 31.2214 37.6371 0.00401847 -0.0648031
1 32.3227 37.6358 0.0211889 -0.0674125
1 33.4239 37.6347 0.00963238 -0.0663154
1 34.5282 37.6342 -0.0300916 -0.0675663
1 35.6361 37.6335 -0.0512756 -0.0727813
1 36.7469 37.6318 -0.0618676 -0.076293
1 37.8581 37.6301 -0.0684055 -0.0741703
1 38.9696 37.6287 -0.0682404 -0.0720911
1 40.0812 37.6272 -0.0707796 -0.072397
1 41.1928 37.6258 -0.0692892 -0.0744476
1 42.3046 37.6244 -0.0706461 -0.0755986
1 43.4184 37.6233 -0.0688362 -0.0774353
1 0.820136 38.5858 0.0733803 -0.0732601
1 1.9344 38.587 0.075721 -0.0748963
1 3.04628 38.5886 0.0724009 -0.0755621
1 4.15795 38.5901 0.073172 -0.0719228
1 5.26961 38.5913 0.0686477 -0.0751669
1 6.3815 38.593 0.0690018 -0.0752731
1 7.49272 38.5943 0.0646554 -0.0745997
1 8.60354 38.5958 0.0502651 -0.0760146
1 9.71173 38.5971 0.0285704 -0.0714053
1 10.8163 38.5978 -0.00677668 -0.0663186
1 11.9176 38.5985 -0.0163122 -0.0667846
1 13.019 38.5999 -0.00253152 -0.0676701
1 14.1228 38.6008 0.0148569 -0.0620988
1 15.2272 38.6002 0.0104338 -0.0519197
1 16.3313 38.5977 0.00489482 -0.0415928
1 17.4343 38.5939 0.024501 -0.0337983
1 18.5363 38.5895 0.0290458 -0.0301146
1 19.6384 38.5853 0.0183759 -0.031222
1 20.7404 38.5821 0.0146593 -0.0346012
1 21.8438 38.5806 0.00349203 -0.0373521
1 22.9478 38.5811 -0.0117983 -0.0371787
1 24.05 38.5835 -0.0158669 -0.0329986
1 25.1523 38.5874 -0.0196505 -0.0295145
1 26.255 38.5917 -0.0280006 -0.032507
1 27.3573 38.5956 -0.018071 -0.0396932
1 28.4605 38.5987 -0.0128161 -0.0468942
1 29.5643 38.6004 -0.0168577 -0.055503
1 30.6688 38.6002 0.000739437 -0.0656107
1 31.7721 38.599 0.0183782 -0.0678019
1 32.8727 38.5979 0.0135659 -0.0659578
1 33.9754 38.5975 -0.00931403 -0.0666535
1 35.0823 38.5967 -0.0406221 -0.0748773
1 36.1924 38.595 -0.0592923 -0.0771993
1 37.3033 38.5936 -0.0722834 -0.0728543
1 38.4144 38.5923 -0.0720956 -0.0751375
1 39.5259 38.5906 -0.0738442 -0.0752417
1 40.6373 38.5893 -0.0736022 -0.0729924
1 41.749 38.5877 -0.0726682 -0.0744135
1 42.8612 38.5864 -0.0711468 -0.0747473
1 43.9813 38.585 -0.0725329 -0.0742794
1 0.258554 39.5483 0.0715784 -0.0763533
1 1.37849 39.5487 0.072482 -0.0781007
1 2.4904 39.5502 0.0743782 -0.075305
1 3.60215 39.5517 0.0720568 -0.0774861
1 4.71389 39.5532 0.0752418 -0.0751956
1 5.82527 39.5547 0.0735334 -0.0751976
1 6.93668 39.5561 0.0717289 -0.0761963
1 8.04753 39.5575 0.0613821 -0.0769199
1 9.15731 39.5589 0.0416913 -0.0764751
1 10.2645 39.5602 0.00954143 -0.0717623
1 11.3677 39.561 -0.0117366 -0.0662345
1 12.4686 39.5619 -0.0140972 -0.0669086
1 13.572 39.563 -0.00134035 -0.0659615
1 14.6768 39.5635 0.0192485 -0.059969
1 15.7807 39.5623 0.0177876 -0.0497508
1 16.8841 39.5594 0.0155089 -0.0405843
1 17.9873 39.5556 0.0207716 -0.0346935
1 19.0903 39.5515 0.016367 -0.0300327
1 20.1923 39.5478 0.0172314 -0.0249825
1 21.2933 39.5453 0.0130223 -0.0222572
1 22.3953 39.5448 -0.00540948 -0.0220373
1 23.4969 39.5463 -0.0160364 -0.0232911
1 24.5983 39.5496 -0.0146502 -0.0273888
1 25.7011 39.5535 -0.0253781 -0.0341075
1 26.8038 39.5573 -0.0223131 -0.0388818
1 27.9071 39.5606 -0.00375265 -0.044161
1 29.0118 39.5628 -0.00973021 -0.0546323
1 30.1164 39.5631 -0.0166697 -0.0650154
1 31.22 39.5621 -0.00179918 -0.0668928
1 32.3213 39.5613 0.0122398 -0.0635068
1 33.423 39.5607 0.00374362 -0.06917
1 34.5284 39.5596 -0.0301219 -0.0756701
1 35.637 39.5581 -0.0531482 -0.0757122
1 36.7478 39.5569 -0.0654612 -0.0747893
1 37.8588 39.5555 -0.0705611 -0.0767496
1 38.9704 39.554 -0.0702628 -0.0745537
1 40.0819 39.5526 -0.0728953 -0.0764106
1 41.1936 39.5508 -0.0722765 -0.079042
1 42.3054 39.5495 -0.0731716 -0.0758009
1 43.4198 39.5482 -0.0716764 -0.0727156
1 0.8205 40.5108 0.0730571 -0.0712815
1 1.93441 40.5118 0.074278 -0.0741045
1 3.04622 40.5134 0.072034 -0.0758643
1 4.15793 40.5154 0.0748157 -0.0740153
1 5.26924 40.517 0.0723438 -0.0743311
1 6.38097 40.5184 0.0716849 -0.0748756
1 7.49209 40.5198 0.0684924 -0.0730802
1 8.60276 40.5208 0.0538899 -0.0732986
1 9.71144 40.5222 0.0309082 -0.073649
1 10.8171 40.5236 -0.0033963 -0.0691046
1 11.9195 40.5246 -0.0111044 -0.065093
1 13.021 40.5255 0.00415229 -0.0640667
1 14.1246 40.5263 0.0154934 -0.0626096
1 15.2297 40.5263 0.0106767 -0.0559248
1 16.3344 40.5247 0.0069072 -0.0445132
1 17.4378 40.5213 0.0194485 -0.0355755
1 18.5406 40.5175 0.0158866 -0.0306172
1 19.6433 40.5143 0.00389846 -0.024053
1 20.7443 40.5121 0.00624181 -0.0145422
1 21.8446 40.5112 0.00181009 -0.0084046
1 22.9451 40.5115 -0.00681801 -0.0105367
1 24.0455 40.513 -0.00282806 -0.0194908
1 25.1476 40.5157 -0.00690869 -0.0293406
1 26.2509 40.5191 -0.0186203 -0.0342953
1 27.3541 40.5228 -0.0132049 -0.0386447
1 28.4581 40.5254 -0.0162158 -0.0506943
1 29.5621 40.526 -0.0226248 -0.061015
1 30.6666 40.5256 -0.00128472 -0.0634261
1 31.77 40.5249 0.015369 -0.0635733
1 32.8714 40.5241 0.00928692 -0.0664309
1 33.9751 40.5231 -0.0139109 -0.0698016
1 35.0828 40.5217 -0.0448462 -0.0742001
1 36.1928 40.5203 -0.0621706 -0.0751497
1 37.3036 40.5191 -0.0724922 -0.0730225
1 38.4149 40.5177 -0.0700428 -0.0747647
1 39.5266 40.516 -0.0688276 -0.0755814
1 40.6385 40.5143 -0.0704775 -0.0726002
1 41.75 40.5127 -0.0732177 -0.0732524
1 42.8623 40.5111 -0.0691326 -0.0762424
1 43.9823 40.5104 -0.0670657 -0.0738545
1 0.257194 41.4723 0.0660682 -0.0742471
1 1.37741 41.4735 0.0711426 -0.0753192
1 2.48946 41.4752 0.0721041 -0.0756624
1 3.60107 41.4768 0.0704634 -0.0773059
1 4.71294 41.4787 0.0717061 -0.0783208
1 5.82468 41.4804 0.0692174 -0.0748127
1 6.93639 41.4819 0.0710026 -0.0755251
1 8.04725 41.4831 0.0640999 -0.0734408
1 9.15705 41.4842 0.0464131 -0.0744994
1 10.2646 41.4855 0.0168974 -0.0729366
1 11.3689 41.4868 -0.00977387 -0.0675798
1 12.4711 41.4879 -0.0141484 -0.0675034
1 13.5746 41.4889 0.00312131 -0.0660401
1 14.6793 41.4895 0.0218447 -0.0596809
1 15.7835 41.489 0.0166533 -0.0502319
1 16.8873 41.4867 0.0108202 -0.0391243
1 17.9902 41.4834 0.0105887 -0.0282256
1 19.0927 41.4803 -0.00338422 -0.0202169
1 20.1941 41.4786 -0.00957965 -0.0142263
1 21.2943 41.4782 -0.00368214 -0.0105128
1 22.3949 41.4782 0.00136553 -0.00935652
1 23.4955 41.4782 0.00868187 -0.011961
1 24.5962 41.4791 0.00842331 -0.0179889
1 25.6983 41.4815 -0.0112441 -0.0248976
1 26.8007 41.4848 -0.013221 -0.032706
1 27.9042 41.4877 -0.00432204 -0.0453883
1 29.0088 41.4889 -0.0143122 -0.0584068
1 30.1137 41.4887 -0.0139743 -0.0630919
1 31.2177 41.4882 -0.00126656 -0.0647415
1 32.3194 41.4874 0.00737554 -0.0650679
1 33.4222 41.4864 0.000323971 -0.0704114
1 34.5287 41.4849 -0.0336509 -0.0755605
1 35.6376 41.4836 -0.0570739 -0.0727601
1 36.7483 41.4827 -0.0664464 -0.0751169
1 37.8596 41.481 -0.0705084 -0.078002
1 38.9713 41.4794 -0.0710857 -0.0748886
1 40.0828 41.4777 -0.0721127 -0.0771492
1 41.1945 41.4759 -0.0732187 -0.077589
1 42.3063 41.4741 -0.0731487 -0.075656
1 43.4204 41.473 -0.07213 -0.0743625
1 0.818587 42.435 0.0702153 -0.0732834
1 1.93273 42.4363 0.0731815 -0.0756473
1 3.04459 42.4384 0.0701654 -0.0756069
1 4.15623 42.4404 0.0716842 -0.0735612
1 5.26798 42.4423 0.0672696 -0.0753872
1 6.38005 42.4438 0.0687292 -0.0757503
1 7.4915 42.4454 0.0678792 -0.0753346
1 8.60239 42.4466 0.0551442 -0.071644
1 9.71166 42.4475 0.0357404 -0.0714511
1 10.8179 42.4489 0.0060114 -0.0711342
1 11.9212 42.4503 -0.00869255 -0.0648051
1 13.0236 42.4512 0.00217947 -0.0643025
1 14.1275 42.4523 0.0138998 -0.0657148
1 15.2326 42.453 0.00858653 -0.0554902
1 16.3372 42.4521 0.000134188 -0.0382371
1 17.4397 42.4495 0.00417633 -0.0248983
1 18.5412 42.447 -0.003122 -0.015174
1 19.6424 42.4453 -0.0149183 -0.0097357
1 20.743 42.4446 -0.00912882 -0.012114
1 21.8443 42.4444 -0.00156532 -0.0172164
1 22.9463 42.4444 0.00371812 -0.0152087
1 24.0469 42.4448 0.0139844 -0.00991717
1 25.1476 42.4459 0.0119003 -0.011545
1 26.2494 42.4479 0.00172327 -0.0202136
1 27.3518 42.4505 -0.0021027 -0.03321
1 28.4552 42.4521 -0.014848 -0.0499159
1 29.5593 42.452 -0.0189298 -0.0596207
1 30.6641 42.4516 -0.00060942 -0.0615161
1 31.7675 42.4509 0.0117916 -0.0661609
1 32.87 42.4496 0.00886865 -0.0689045
1 33.9751 42.4483 -0.0196898 -0.0701321
1 35.083 42.4472 -0.0508898 -0.0718614
1 36.1933 42.446 -0.0622781 -0.075161
1 37.3047 42.4445 -0.069498 -0.0742613
1 38.4164 42.4431 -0.071645 -0.0736779
1 39.528 42.4414 -0.0737175 -0.076227
1 40.6395 42.4394 -0.0730369 -0.0739744
1 41.7513 42.4373 -0.0745769 -0.0760541
1 42.8635 42.4354 -0.0714373 -0.0746291
1 43.9846 42.4341 -0.0699281 -0.0757253
1 0.254248 43.3956 0.0695029 -0.0777707
1 1.37532 43.3972 0.0734322 -0.0774157
1 2.48759 43.3997 0.0738145 -0.0741167
1 3.59911 43.4019 0.074319 -0.0768474
1 4.71086 43.4038 0.0741892 -0.0790007
1 5.82274 43.4058 0.0719217 -0.0761901
1 6.93461 43.4071 0.0698048 -0.0751182
1 8.04602 43.4084 0.0640156 -0.0775005
1 9.15658 43.4097 0.0452584 -0.0742636
1 10.2652 43.4106 0.0209436 -0.0711006
1 11.3703 43.4118 -0.00451551 -0.0713309
1 12.4735 43.4134 -0.0158842 -0.0691922
1 13.5775 43.4147 0.00196585 -0.0644762
1 14.6817 43.4159 0.018347 -0.0591865
1 15.7854 43.4168 0.00317163 -0.045144
1 16.888 43.4159 -0.00991131 -0.0243745
1 17.9893 43.4137 -0.00998972 -0.0116914
1 19.0906 43.4119 -0.0147836 -0.0118992
1 20.192 43.4106 -0.00852389 -0.0163646
1 21.2932 43.4097 0.000402203 -0.0190759
1 22.3954 43.4095 -0.000639789 -0.0192735
1 23.4973 43.4101 0.00370253 -0.0176076
1 24.5985 43.4112 0.0147365 -0.0142214
1 25.6999 43.4126 0.00926958 -0.0114559
1 26.8009 43.4144 0.00695015 -0.0178005
1 27.9026 43.4159 0.00798894 -0.0358616
1 29.0063 43.4158 -0.00457584 -0.0538444
1 30.1111 43.4148 -0.00948977 -0.0617787
1 31.2152 43.414 0.000583362 -0.0669273
1 32.3177 43.4127 0.0085277 -0.0683435
1 33.4216 43.4115 -0.00784436 -0.0695074
1 34.5284 43.4103 -0.0418424 -0.0753594
1 35.6379 43.4091 -0.0574223 -0.0753766
1 36.7493 43.4078 -0.0656032 -0.0763657
1 37.8609 43.4062 -0.068367 -0.0771428
1 38.9729 43.4047 -0.0679409 -0.0751643
1 40.0846 43.4031 -0.0698637 -0.076035
1 41.1964 43.4007 -0.0695262 -0.077554
1 42.3081 43.3983 -0.0724545 -0.0755146
1 43.4223 43.3962 -0.0690441 -0.0766202
1 0.816493 44.3575 0.072092 -0.0749274
1 1.93063 44.3605 0.0728922 -0.0759565
1 3.04205 44.3633 0.072309 -0.0759563
1 4.15377 44.3656 0.0715414 -0.0724921
1 5.26573 44.3674 0.0690234 -0.0756312
1 6.37799 44.3691 0.0690788 -0.0742506
1 7.49 44.3703 0.0686228 -0.0738241
1 8.60132 44.3715 0.0598014 -0.0732121
1 9.71138 44.3726 0.0386413 -0.0714985
1 10.8187 44.3738 0.0114231 -0.068945
1 11.9227 44.3751 -0.00743684 -0.0649049
1 13.0257 44.3767 -0.00886337 -0.0637943
1 14.1298 44.3791 0.000843099 -0.059056
1 15.2337 44.3814 -0.00580326 -0.0430676
1 16.3362 44.3822 -0.0193648 -0.0234814
1 17.4373 44.381 -0.0133765 -0.0114744
1 18.5387 44.3788 -0.00866525 -0.0109348
1 19.6407 44.3767 -0.00951525 -0.0153452
1 20.7424 44.3754 -0.00423127 -0.0174363
1 21.8443 44.375 -0.00108488 -0.0176363
1 22.9465 44.3751 0.000931935 -0.0176828
1 24.0481 44.3759 0.00792588 -0.0165839
1 25.15 44.3776 0.0106123 -0.0133333
1 26.252 44.3797 0.0118499 -0.0110116
1 27.3533 44.3812 0.0184525 -0.017505
1 28.4549 44.3812 0.0093716 -0.0345379
1 29.5579 44.3795 -0.00505919 -0.0516186
1 30.6618 44.3775 0.00372861 -0.059899
1 31.7655 44.376 0.0159573 -0.0641381
1 32.8689 44.3746 0.00408431 -0.0668661
1 33.9746 44.3735 -0.0266643 -0.0696115
1 35.0834 44.3724 -0.0490137 -0.0729793
1 36.1947 44.3709 -0.0626949 -0.0759258
1 37.3064 44.3696 -0.0716362 -0.0733002
1 38.4184 44.3684 -0.0698093 -0.0743261
1 39.5303 44.3665 -0.0723814 -0.0741051
1 40.6421 44.3646 -0.0701209 -0.0742037
1 41.7538 44.362 -0.0726034 -0.0733975
1 42.8658 44.3587 -0.0719568 -0.076825
1 43.9868 44.3561 -0.0705278 -0.076563
1 0.251308 45.3163 0.0703677 -0.0767079
1 1.37211 45.3203 0.0714591 -0.0759946
1 2.48404 45.3249 0.0718778 -0.0750949
1 3.59569 45.3275 0.0704559 -0.0745628
1 4.70797 45.3292 0.0699225 -0.0761393
1 5.82039 45.3309 0.0710616 -0.0775564
1 6.93283 45.3325 0.0678244 -0.0757562
1 8.0449 45.3335 0.0656351 -0.0745104
1 9.15603 45.3347 0.0507359 -0.0750709
1 10.2653 45.336 0.0255936 -0.0686503
1 11.3711 45.337 -0.00287241 -0.0651636
1 12.4747 45.3387 -0.0213292 -0.0629217
1 13.578 45.3417 -0.0132312 -0.0561424
1 14.681 45.3458 -0.0081631 -0.0456447
1 15.7832 45.3486 -0.0196456 -0.0295405
1 16.8848 45.3481 -0.0176874 -0.0164394
1 17.9869 45.3455 -0.0100386 -0.0145865
1 19.0897 45.343 -0.0118979 -0.0159649
1 20.1917 45.3413 -0.00671295 -0.0164859
1 21.2931 45.3405 -0.000943166 -0.0195586
1 22.3954 45.3403 -3.41246e-05 -0.0209219
1 23.4975 45.3409 0.00417984 -0.0178704
1 24.5991 45.3421 0.0117424 -0.0163958
1 25.7016 45.3441 0.00825272 -0.0162861
1 26.804 45.3465 0.0104316 -0.0155301
1 27.9056 45.348 0.0231055 -0.0220051
1 29.0078 45.3466 0.0179484 -0.0385615
1 30.1105 45.343 0.00770032 -0.0522801
1 31.2137 45.3399 0.0172084 -0.0587839
1 32.3168 45.338 0.0143122 -0.0623985
1 33.4211 45.3368 -0.0155066 -0.0667007
1 34.5286 45.3356 -0.0406953 -0.0737502
1 35.6394 45.334 -0.0561199 -0.0750365
1 36.7514 45.333 -0.0686422 -0.0740513
1 37.8634 45.3317 -0.0700541 -0.0758924
1 38.9759 45.3302 -0.0689126 -0.0751535
1 40.0882 45.3285 -0.0730972 -0.0761123
1 41.2001 45.3261 -0.0735972 -0.0766373
1 42.3118 45.323 -0.0715493 -0.0744918
1 43.4252 45.3185 -0.0739447 -0.0762724
1 0.811446 46.2793 0.0728774 -0.073435
1 1.92462 46.2863 0.0715055 -0.0763604
1 3.03692 46.2895 0.0731902 -0.0772726
1 4.14956 46.2917 0.0729464 -0.0735829
1 5.26224 46.2929 0.0702035 -0.0743217
1 6.37524 46.2947 0.0724454 -0.0794226
1 7.48761 46.2963 0.0687875 -0.0734862
1 8.59982 46.2966 0.0570511 -0.0712884
1 9.71085 46.2984 0.0398039 -0.0755524
1 10.8185 46.3003 0.0106464 -0.0613948
1 11.9224 46.3011 -0.021631 -0.0503909
1 13.0248 46.3042 -0.0306669 -0.0552939
1 14.1271 46.3102 -0.0203395 -0.0498955
1 15.2299 46.3148 -0.0218043 -0.0354202
1 16.3331 46.3152 -0.0211668 -0.0232665
1 17.4357 46.3127 -0.0113732 -0.0150687
1 18.5384 46.3098 -0.011535 -0.0137362
1 19.6409 46.3078 -0.0117428 -0.0182001
1 20.7426 46.3067 -0.00415785 -0.0203467
1 21.8443 46.3062 -0.000579152 -0.0196411
1 22.9464 46.3064 0.00141519 -0.0201535
1 24.0481 46.3072 0.00855844 -0.019558
1 25.1501 46.3087 0.0128595 -0.0157505
1 26.253 46.311 0.0116695 -0.0139856
1 27.3557 46.3136 0.0166179 -0.0201464
1 28.4586 46.3145 0.0202774 -0.0318316
1 29.5612 46.3118 0.0168125 -0.0430069
1 30.6636 46.3066 0.0281518 -0.0494615
1 31.7661 46.3025 0.0323432 -0.0505075
1 32.8689 46.301 0.00273734 -0.0574651
1 33.9746 46.2997 -0.028226 -0.0692996
1 35.0844 46.2977 -0.049485 -0.0736466
1 36.1963 46.2963 -0.0644263 -0.0751585
1 37.3084 46.2953 -0.068062 -0.0739876
1 38.4214 46.294 -0.067321 -0.0749369
1 39.5342 46.2923 -0.0705394 -0.0765635
1 40.647 46.2904 -0.0684551 -0.0739647
1 41.7596 46.288 -0.0720187 -0.075608
1 42.8722 46.2838 -0.0694071 -0.0752082
1 43.9923 46.2753 -0.067707 -0.0762024
1 0.239946 47.2351 0.0718964 -0.073649
1 1.36061 47.2516 0.0706 -0.0761273
1 2.476 47.2552 0.0711767 -0.0723576
1 3.59008 47.258 0.0705738 -0.0794836
1 4.70389 47.2599 0.0685396 -0.0713272
1 5.81722 47.2606 0.0723802 -0.0770377
1 6.93028 47.2633 0.0665038 -0.0775057
1 8.04317 47.2636 0.0655411 -0.067227
1 9.15447 47.2644 0.0484707 -0.0751715
1 10.2642 47.2678 0.019476 -0.0657915
1 11.3695 47.2695 -0.0144747 -0.0427623
1 12.4711 47.2716 -0.0407953 -0.0406182
1 13.5722 47.2774 -0.0286331 -0.0532341
1 14.6754 47.2838 -0.0217061 -0.0515758
1 15.7806 47.286 -0.0258184 -0.0309084
1 16.8847 47.2841 -0.0198208 -0.0142646
1 17.9876 47.2812 -0.0139064 -0.0143425
1 19.0904 47.2788 -0.0126892 -0.0180754
1 20.1922 47.2774 -0.00642317 -0.0196957
1 21.2934 47.2768 -0.00313396 -0.021839
1 22.3954 47.2767 0.000535241 -0.0221955
1 23.4971 47.277 0.00556865 -0.0202352
1 24.5984 47.278 0.0110083 -0.0186008
1 25.701 47.2799 0.0130491 -0.0168405
1 26.804 47.2823 0.0154706 -0.0149896
1 27.9072 47.2846 0.0230294 -0.0233086
1 29.0118 47.2844 0.0237443 -0.0424246
1 30.1161 47.2801 0.0229896 -0.0526169
1 31.2181 47.274 0.0380117 -0.0445872
1 32.3189 47.2705 0.0303834 -0.0383966
1 33.4221 47.2691 -0.00338699 -0.0541064
1 34.5304 47.2664 -0.0345213 -0.0743255
1 35.6413 47.2638 -0.0613611 -0.0721281
1 36.7535 47.2636 -0.0635229 -0.0712552
1 37.8666 47.262 -0.0716826 -0.0791208
1 38.9793 47.2602 -0.0718492 -0.0736276
1 40.0931 47.2589 -0.0697565 -0.0751028
1 41.2068 47.2565 -0.0739768 -0.0737381
1 42.321 47.2536 -0.0733615 -0.0762796
1 43.4381 47.2469 -0.072162 -0.0734611
