1 0.569987 0.119676 -0.0482211 -0.084132
1 1.68673 0.112115 -0.036449 -0.0651218
1 2.80093 0.108198 -0.0371975 -0.0751794
1 3.91524 0.10524 -0.0532191 -0.0734683
1 5.03172 0.102978 -0.0586334 -0.0867155
1 6.14905 0.102103 -0.0546561 -0.0822958
1 7.26575 0.0987283 -0.0426369 -0.0721222
1 8.38337 0.0968811 -0.0357279 -0.0717331
1 9.5026 0.1002 -0.0417843 -0.064816
1 10.6215 0.108606 -0.0500323 -0.0651011
1 11.7395 0.122937 -0.0441572 -0.0714864
1 12.8552 0.136749 -0.0375862 -0.0652292
1 13.9694 0.144153 -0.0247078 -0.0491469
1 15.0853 0.14562 -0.0225986 -0.0146478
1 16.2042 0.144468 -0.0223399 0.0152708
1 17.3253 0.145217 -0.00801904 0.0249584
1 18.4485 0.146126 0.00518471 0.0266732
1 19.574 0.144913 0.0195102 0.0334926
1 20.7036 0.145543 0.0179803 0.0502379
1 21.8362 0.14827 0.00446142 0.0597703
1 22.9692 0.146998 -0.00747301 0.0539803
1 24.101 0.14457 -0.0212458 0.0432773
1 25.228 0.146146 -0.0183556 0.0331153
1 26.352 0.146839 0.00129035 0.0238469
1 27.4749 0.145105 0.0180846 0.0236336
1 28.5956 0.145846 0.0257839 0.0088654
1 29.7133 0.145968 0.0212451 -0.0342097
1 30.8282 0.140919 0.0286968 -0.0625872
1 31.9426 0.130324 0.0402266 -0.0753973
1 33.059 0.114479 0.0483668 -0.0803914
1 34.1779 0.102311 0.0519045 -0.0614359
1 35.2977 0.0983817 0.0403715 -0.0589472
1 36.4164 0.0987921 0.0362882 -0.0679411
1 37.533 0.102132 0.045499 -0.0729995
1 38.6493 0.104589 0.0489299 -0.0858564
1 39.7653 0.104268 0.0508484 -0.0906846
1 40.8807 0.105676 0.0500811 -0.0718701
1 41.9961 0.109457 0.0441352 -0.0695394
1 43.1125 0.11449 0.0523402 -0.0704565
1 44.2342 0.133717 0.0468649 -0.0818507
1 0.0155191 1.09142 -0.0627348 -0.0718868
1 1.13582 1.08209 -0.0541818 -0.0727026
1 2.24856 1.07757 -0.0483334 -0.0731562
1 3.36152 1.07378 -0.0525031 -0.0756229
1 4.47599 1.0704 -0.0544905 -0.0796315
1 5.59223 1.06882 -0.05492 -0.0920883
1 6.70822 1.06705 -0.0442524 -0.0800035
1 7.82392 1.0639 -0.0397861 -0.0730828
1 8.94037 1.06464 -0.041288 -0.0755123
1 10.0563 1.07073 -0.043306 -0.0706366
1 11.1723 1.08238 -0.0463481 -0.072337
1 12.2891 1.09628 -0.0515455 -0.070174
1 13.4068 1.10624 -0.0473375 -0.0588868
1 14.5252 1.11061 -0.04466 -0.0378935
1 15.6445 1.11063 -0.0420194 -0.00647038
1 16.7647 1.11028 -0.024387 0.0139922
1 17.8873 1.11075 -0.0108606 0.0163028
1 19.0121 1.10954 0.00278938 0.028544
1 20.1388 1.10804 0.0114729 0.0383325
1 21.2694 1.10882 0.0047611 0.0485338
1 22.4029 1.1092 -0.0015001 0.0542676
1 23.5352 1.10799 -0.00674387 0.0428143
1 24.6638 1.10871 -0.00812531 0.0335858
1 25.7896 1.11095 0.00107517 0.0220399
1 26.9138 1.11108 0.0170636 0.015292
1 28.0355 1.1107 0.0338332 0.00912508
1 29.1554 1.11151 0.0410497 -0.018189
1 30.2741 1.10925 0.0430634 -0.0512537
1 31.3921 1.10165 0.0519639 -0.0720908
1 32.5096 1.08905 0.0465594 -0.0792343
1 33.6256 1.07496 0.0420951 -0.0743645
1 34.7412 1.06659 0.0442801 -0.0650536
1 35.8574 1.06487 0.0398433 -0.0670654
1 36.9735 1.06696 0.0474047 -0.0727043
1 38.0898 1.06984 0.0573118 -0.0878434
1 39.2062 1.07086 0.0592185 -0.0932976
1 40.3211 1.07165 0.0553372 -0.080641
1 41.4344 1.07468 0.0570218 -0.07383
1 42.5475 1.07935 0.0540019 -0.0719689
1 43.6606 1.08787 0.0584439 -0.0682393
1 0.58278 2.04949 -0.0528111 -0.0645927
1 1.696 2.04331 -0.0462295 -0.0720035
1 2.80837 2.03967 -0.0547299 -0.0766093
1 3.92105 2.03556 -0.0597114 -0.0746777
1 5.03555 2.0321 -0.0604719 -0.0846048
1 6.15132 2.03078 -0.062632 -0.0869279
1 7.26703 2.02832 -0.0571792 -0.0729607
1 8.38179 2.02707 -0.0441115 -0.0750917
1 9.49563 2.03162 -0.0450749 -0.0780055
1 10.6092 2.04056 -0.0474913 -0.067153
1 11.7248 2.05142 -0.053393 -0.0565487
1 12.8437 2.06128 -0.0627334 -0.0565295
1 13.9637 2.06827 -0.0582002 -0.0485526
1 15.0839 2.07118 -0.0508842 -0.024267
1 16.2045 2.07162 -0.0465739 -0.00100463
1 17.3265 2.07141 -0.02955 0.0157221
1 18.4513 2.0701 -0.0130763 0.0241213
1 19.5774 2.06793 -0.00270635 0.0334725
1 20.7054 2.06688 0.00215024 0.0425579
1 21.8365 2.06676 0.00417202 0.0440535
1 22.9685 2.06641 0.000340673 0.0439308
1 24.0978 2.06725 -0.00462095 0.0378596
1 25.2242 2.06938 0.00616656 0.0265339
1 26.3502 2.0711 0.023013 0.0218082
1 27.4744 2.07195 0.0354747 0.0110102
1 28.5957 2.07205 0.0510927 -0.0101467
1 29.7165 2.07021 0.0569443 -0.0355479
1 30.8368 2.06523 0.0619226 -0.0561171
1 31.9564 2.05649 0.0631003 -0.0628276
1 33.0737 2.04529 0.0484003 -0.0666812
1 34.1876 2.0349 0.0448534 -0.0700146
1 35.3013 2.02918 0.0440342 -0.0689336
1 36.4159 2.02855 0.0483345 -0.0704776
1 37.5314 2.03101 0.0579618 -0.0761228
1 38.6472 2.03343 0.0536636 -0.085956
1 39.762 2.03444 0.0466236 -0.0868051
1 40.8744 2.03706 0.0464659 -0.0801337
1 41.9865 2.04099 0.0471272 -0.0676883
1 43.0986 2.04666 0.0421667 -0.0648536
1 44.2189 2.05174 0.0433152 -0.0614761
1 0.0229199 3.01429 -0.0331367 -0.0757165
1 1.1428 3.01035 -0.0393259 -0.0666907
1 2.25503 3.00518 -0.0462835 -0.0718598
1 3.36737 3.0015 -0.0480083 -0.07334
1 4.4802 2.99684 -0.051326 -0.0766637
1 5.5943 2.99432 -0.0577636 -0.084717
1 6.70955 2.99236 -0.0592573 -0.0775375
1 7.82407 2.99089 -0.0495024 -0.0762215
1 8.93712 2.99373 -0.0463931 -0.0829868
1 10.0498 3.00077 -0.0489086 -0.0645933
1 11.164 3.00878 -0.0568755 -0.0484484
1 12.281 3.01639 -0.0676925 -0.046099
1 13.4009 3.02304 -0.0656416 -0.0482075
1 14.5221 3.02863 -0.0628635 -0.0412632
1 15.6433 3.03144 -0.0587458 -0.0175478
1 16.7661 3.03177 -0.0504758 0.00890968
1 17.891 3.03027 -0.0334633 0.0198387
1 19.0171 3.02825 -0.0122452 0.028098
1 20.144 3.02659 0.000540869 0.0327299
1 21.2724 3.02569 0.00238115 0.0361352
1 22.4022 3.02539 -0.00138536 0.0358464
1 23.5312 3.02589 -0.00449692 0.0319661
1 24.6582 3.02747 0.00100848 0.0306224
1 25.7844 3.02944 0.0209877 0.0242561
1 26.9106 3.0313 0.0475442 0.0130326
1 28.0351 3.03216 0.0575962 -0.00253281
1 29.1572 3.03067 0.0636187 -0.0284684
1 30.2785 3.02589 0.0669347 -0.0477566
1 31.3998 3.01945 0.0688171 -0.048577
1 32.5187 3.01253 0.0603931 -0.0470947
1 33.6338 3.00433 0.0482732 -0.0587381
1 34.7463 2.99668 0.0416563 -0.072484
1 35.8584 2.99276 0.0423978 -0.0748525
1 36.9722 2.99252 0.0577328 -0.0740843
1 38.0879 2.99437 0.0708414 -0.0757558
1 39.2036 2.99682 0.0638617 -0.080174
1 40.3169 3.00031 0.0497548 -0.0765523
1 41.4281 3.00335 0.0495583 -0.0811219
1 42.5397 3.00738 0.0543467 -0.0669188
1 43.654 3.01171 0.0625128 -0.0696851
1 0.586875 3.97548 -0.0704356 -0.0704537
1 1.70167 3.97185 -0.0585731 -0.072059
1 2.81337 3.96751 -0.0551884 -0.0779831
1 3.92549 3.96279 -0.0550637 -0.0706425
1 5.03839 3.95847 -0.0584718 -0.0790638
1 6.15294 3.95573 -0.0695149 -0.0850515
1 7.26772 3.95499 -0.0580654 -0.0854209
1 8.38092 3.95678 -0.0460442 -0.0814281
1 9.49254 3.96204 -0.0492364 -0.0748307
1 10.6054 3.96842 -0.0553504 -0.0511695
1 11.7208 3.97401 -0.0605365 -0.0372734
1 12.8392 3.97849 -0.0713319 -0.0427597
1 13.96 3.98355 -0.0725887 -0.0474251
1 15.0819 3.9887 -0.0714504 -0.034448
1 16.2053 3.99073 -0.0718385 -0.0112505
1 17.3309 3.9902 -0.0564197 0.00791029
1 18.4572 3.98854 -0.0273052 0.0134153
1 19.5834 3.98723 -0.00298688 0.0156428
1 20.71 3.98653 0.00844364 0.021084
1 21.8375 3.98592 0.00483864 0.0216539
1 22.9655 3.98611 -0.00363872 0.0203723
1 24.0921 3.98679 -0.00352274 0.0191037
1 25.2179 3.9879 0.0124972 0.0157542
1 26.3446 3.98953 0.0432102 0.0106275
1 27.4715 3.99078 0.0664029 -0.0018237
1 28.5968 3.99034 0.0697864 -0.020639
1 29.7198 3.98652 0.0660254 -0.0431017
1 30.8408 3.98071 0.0675503 -0.0501564
1 31.9598 3.97608 0.0716238 -0.039194
1 33.0765 3.971 0.0622568 -0.0445322
1 34.191 3.96484 0.0568675 -0.0644248
1 35.3038 3.95937 0.0500379 -0.0768461
1 36.4166 3.95631 0.048925 -0.0786557
1 37.5305 3.95621 0.0548389 -0.0814938
1 38.6446 3.95826 0.0540149 -0.0826604
1 39.7587 3.96145 0.0501791 -0.0732839
1 40.8717 3.9659 0.0507123 -0.0798137
1 41.9839 3.96983 0.045055 -0.0783379
1 43.0962 3.97334 0.0402103 -0.0771773
1 44.2162 3.9743 0.039001 -0.0757662
1 0.0256098 4.93899 -0.0572367 -0.074502
1 1.14511 4.93742 -0.0527516 -0.0768112
1 2.25789 4.93384 -0.0561486 -0.0721028
1 3.37108 4.92879 -0.0585218 -0.0737364
1 4.48355 4.9242 -0.0452262 -0.0750969
1 5.59619 4.92072 -0.0483736 -0.0762039
1 6.70969 4.9189 -0.0527932 -0.0806959
1 7.82315 4.91985 -0.0502814 -0.0814894
1 8.93566 4.92395 -0.0483607 -0.0759942
1 10.0486 4.92952 -0.0559864 -0.0566531
1 11.1636 4.93385 -0.0665389 -0.0367984
1 12.2801 4.937 -0.0689896 -0.0298786
1 13.3988 4.93967 -0.0670199 -0.035831
1 14.5198 4.944 -0.0748087 -0.0392708
1 15.6433 4.94778 -0.0748982 -0.0218979
1 16.7692 4.94892 -0.0693716 -0.00582244
1 17.8966 4.94851 -0.0486039 -0.00015226
1 19.0231 4.94812 -0.013903 0.00399972
1 20.1487 4.94821 0.00883989 0.00708985
1 21.2748 4.94796 0.00813975 0.0100891
1 22.4016 4.94777 -0.00626152 0.0132821
1 23.5275 4.94807 -0.0111088 0.00862044
1 24.6527 4.94801 -0.00216181 0.00511853
1 25.7785 4.94844 0.0238694 0.002522
1 26.9053 4.94905 0.0643195 -0.00315894
1 28.0331 4.94871 0.0806513 -0.012338
1 29.1588 4.94646 0.0801396 -0.0306475
1 30.281 4.94188 0.0742865 -0.0418525
1 31.4008 4.93806 0.0678139 -0.0348447
1 32.5186 4.93534 0.0629049 -0.0346335
1 33.634 4.9312 0.0586577 -0.0466013
1 34.7473 4.92659 0.0522645 -0.0651739
1 35.8595 4.92209 0.053042 -0.0771783
1 36.9731 4.91997 0.0616997 -0.0774978
1 38.0877 4.92042 0.0672429 -0.0792545
1 39.2021 4.9228 0.0582566 -0.0730711
1 40.3149 4.92728 0.0537588 -0.0730463
1 41.4276 4.93176 0.0541635 -0.0708755
1 42.5404 4.93637 0.0528664 -0.0765988
1 43.6551 4.9384 0.0517517 -0.0784377
1 0.586762 5.90312 -0.0602174 -0.0746336
1 1.70168 5.89982 -0.0622074 -0.0661545
1 2.81461 5.89482 -0.0611647 -0.0670277
1 3.92654 5.89083 -0.0531265 -0.0704037
1 5.03878 5.88665 -0.0645126 -0.0666158
1 6.15242 5.88323 -0.0718412 -0.067862
1 7.26668 5.88329 -0.0627717 -0.0750273
1 8.37964 5.88667 -0.0540572 -0.0759626
1 9.4915 5.891 -0.0598915 -0.0637669
1 10.6055 5.89483 -0.0634875 -0.0431649
1 11.722 5.8977 -0.0657049 -0.0252152
1 12.84 5.89865 -0.066042 -0.0199282
1 13.9598 5.90052 -0.0726983 -0.0271781
1 15.0819 5.90398 -0.0769504 -0.0258659
1 16.2065 5.90645 -0.0748375 -0.0132868
1 17.3338 5.90786 -0.0622421 -0.00615555
1 18.4612 5.90868 -0.0262292 -0.00564619
1 19.587 5.90962 0.00383524 -0.00199741
1 20.7123 5.91075 0.0174789 0.00410486
1 21.8382 5.91068 0.0110632 0.00782946
1 22.9643 5.91068 -0.0084117 0.00843029
1 24.0892 5.91031 -0.0134968 0.00343617
1 25.2142 5.90928 0.00409084 -0.00415962
1 26.3408 5.90854 0.0392988 -0.00497342
1 27.4687 5.90743 0.0674903 -0.0103243
1 28.5958 5.90558 0.0776919 -0.0219986
1 29.7199 5.9024 0.0749199 -0.0280815
1 30.8405 5.89937 0.0680231 -0.0241365
1 31.9587 5.89839 0.0736456 -0.0252734
1 33.0756 5.89603 0.0684633 -0.037764
1 34.1909 5.89243 0.0591477 -0.0493416
1 35.3043 5.88887 0.0558843 -0.0694647
1 36.4174 5.88482 0.0524402 -0.0737549
1 37.531 5.88385 0.0555105 -0.0702782
1 38.6442 5.88538 0.0525411 -0.0692841
1 39.7565 5.88911 0.0481772 -0.0676244
1 40.869 5.8929 0.056593 -0.066158
1 41.982 5.89839 0.0654961 -0.0669759
1 43.096 5.90238 0.0575499 -0.0710524
1 44.2149 5.90403 0.0631009 -0.0874683
1 0.0293128 6.86937 -0.0662659 -0.0839107
1 1.14846 6.86593 -0.0683964 -0.0652784
1 2.2617 6.86063 -0.0675953 -0.064109
1 3.37375 6.85635 -0.0635196 -0.0724988
1 4.48552 6.85221 -0.0596721 -0.0645985
1 5.59786 6.84834 -0.0626306 -0.0710024
1 6.70976 6.84696 -0.05809 -0.0800599
1 7.82209 6.84896 -0.0538874 -0.0807926
1 8.93492 6.85285 -0.0594067 -0.067779
1 10.0488 6.85589 -0.0676476 -0.053261
1 11.1649 6.85806 -0.0818665 -0.0362794
1 12.2828 6.85881 -0.0797482 -0.0193142
1 13.4014 6.8589 -0.0664509 -0.0197942
1 14.5213 6.8606 -0.0652826 -0.0272977
1 15.6436 6.86348 -0.0611649 -0.027745
1 16.7691 6.86591 -0.061617 -0.0234711
1 17.8967 6.8681 -0.0417107 -0.0224455
1 19.0239 6.87036 -0.00361306 -0.0184064
1 20.1496 6.87257 0.0165435 -0.0118881
1 21.275 6.87371 0.0153396 -0.00588066
1 22.4011 6.8738 -0.00568578 -0.00385208
1 23.527 6.87325 -0.0219924 -0.00950477
1 24.6523 6.87153 -0.0120604 -0.0161265
1 25.7786 6.86936 0.0174195 -0.0200225
1 26.9059 6.86738 0.0544675 -0.0208475
1 28.0331 6.86508 0.0670334 -0.0254987
1 29.1574 6.86228 0.0687472 -0.0302959
1 30.2781 6.85972 0.0649099 -0.02455
1 31.3969 6.85919 0.0657335 -0.0182484
1 32.5156 6.859 0.0770686 -0.0310335
1 33.6326 6.85664 0.0739423 -0.0484206
1 34.7464 6.85387 0.0683167 -0.063052
1 35.8593 6.85038 0.0726188 -0.0729331
1 36.973 6.84787 0.0761569 -0.0741689
1 38.0868 6.84803 0.0827208 -0.0733916
1 39.1999 6.85084 0.0758951 -0.0676958
1 40.312 6.85452 0.0675306 -0.0735036
1 41.4238 6.85834 0.0780586 -0.0675589
1 42.5376 6.86308 0.0850956 -0.0616918
1 43.6539 6.86895 0.0935332 -0.0775353
1 0.592014 7.83227 -0.105586 -0.0714842
1 1.70804 7.82635 -0.0943953 -0.0683082
1 2.82049 7.82183 -0.0820283 -0.0709952
1 3.93226 7.81839 -0.0764928 -0.0712104
1 5.04376 7.81417 -0.0740345 -0.0731466
1 6.15501 7.81242 -0.0743284 -0.0788882
1 7.26712 7.8128 -0.0724811 -0.0788158
1 8.37983 7.81491 -0.0733697 -0.0708704
1 9.49305 7.81703 -0.0802201 -0.0560114
1 10.6086 7.81874 -0.0831611 -0.0404043
1 11.7269 7.81943 -0.0837186 -0.0262129
1 12.8457 7.8193 -0.0658498 -0.0196441
1 13.9638 7.82005 -0.0563733 -0.024152
1 15.0823 7.82188 -0.0524109 -0.0316674
1 16.2042 7.82427 -0.0529544 -0.0309814
1 17.3303 7.82712 -0.0510865 -0.0285567
1 18.4576 7.83018 -0.0202872 -0.0300447
1 19.5846 7.83317 0.0119524 -0.0232768
1 20.7111 7.83578 0.0275433 -0.012641
1 21.8377 7.83674 0.0136916 -0.00907584
1 22.9652 7.83617 -0.0164408 -0.0137434
1 24.0914 7.83448 -0.0225167 -0.0191906
1 25.2173 7.83162 0.00092052 -0.0275612
1 26.3448 7.82885 0.0337888 -0.0294529
1 27.472 7.82623 0.0472629 -0.0273225
1 28.5962 7.8236 0.0485504 -0.0317083
1 29.7168 7.82121 0.0511304 -0.0291234
1 30.8352 7.8199 0.0564792 -0.0209716
1 31.9529 7.81983 0.0878311 -0.0254678
1 33.0716 7.81918 0.0980539 -0.0383691
1 34.1887 7.81788 0.0723031 -0.0489242
1 35.3026 7.81565 0.0601225 -0.0676875
1 36.4148 7.81315 0.061458 -0.0736176
1 37.527 7.81225 0.0724278 -0.0755182
1 38.6387 7.81368 0.0760292 -0.0730785
1 39.7503 7.8166 0.076764 -0.072547
1 40.862 7.82025 0.0815849 -0.0746097
1 41.9741 7.82377 0.0908678 -0.0710449
1 43.0867 7.82973 0.0898011 -0.0674031
1 44.2059 7.83868 0.0853706 -0.078558
1 0.0402488 8.80196 -0.088923 -0.0654925
1 1.15878 8.79329 -0.0905898 -0.0648844
1 2.27092 8.78849 -0.0941191 -0.0697964
1 3.3823 8.78458 -0.0879578 -0.0719579
1 4.49376 8.78138 -0.0741615 -0.0726571
1 5.6036 8.7794 -0.0707573 -0.0787019
1 6.71356 8.77875 -0.0708485 -0.0754898
1 7.82515 8.77858 -0.0692745 -0.0627002
1 8.93831 8.77913 -0.0792466 -0.0515387
1 10.0537 8.77962 -0.0937319 -0.0390368
1 11.1717 8.78006 -0.106111 -0.0330787
1 12.2903 8.7807 -0.091251 -0.0283379
1 13.4077 8.78148 -0.0564361 -0.0276116
1 14.5242 8.7832 -0.0438538 -0.0276571
1 15.6423 8.78511 -0.039287 -0.0302602
1 16.7645 8.78686 -0.045908 -0.0301821
1 17.8908 8.7896 -0.0393957 -0.0319611
1 19.0187 8.7931 -0.00746165 -0.0310353
1 20.1459 8.79625 0.0204593 -0.0230218
1 21.2728 8.79828 0.0171776 -0.0131774
1 22.4019 8.79885 -0.0104169 -0.0128775
1 23.5303 8.7974 -0.0249147 -0.0205728
1 24.6569 8.79452 -0.00988242 -0.0283383
1 25.7841 8.79142 0.0193222 -0.031946
1 26.9114 8.78862 0.0463186 -0.0292999
1 28.0361 8.78647 0.0463716 -0.0287223
1 29.1563 8.78482 0.0463884 -0.0319427
1 30.2732 8.783 0.0539249 -0.0310728
1 31.3899 8.78145 0.0683011 -0.0258243
1 32.5083 8.78049 0.0928841 -0.0298935
1 33.6272 8.77985 0.0990984 -0.0376582
1 34.7434 8.77956 0.0914433 -0.0491782
1 35.8565 8.77905 0.0778521 -0.0585307
1 36.9684 8.77852 0.072543 -0.0728296
1 38.0795 8.77852 0.0789591 -0.0758834
1 39.1899 8.78064 0.0816306 -0.0714884
1 40.3005 8.78394 0.0848965 -0.0740001
1 41.4113 8.78687 0.0987652 -0.0756616
1 42.5223 8.79147 0.106038 -0.0714494
1 43.6366 8.79829 0.114668 -0.068054
1 0.60934 9.76218 -0.103289 -0.0628952
1 1.7227 9.75574 -0.0971405 -0.0648349
1 2.83359 9.7517 -0.0907967 -0.0723729
1 3.94333 9.74855 -0.0796457 -0.0814236
1 5.05252 9.74672 -0.0731683 -0.0822221
1 6.16189 9.74545 -0.0833923 -0.0770544
1 7.27357 9.74413 -0.0906846 -0.0597832
1 8.38694 9.742 -0.0969556 -0.046182
1 9.50122 9.74074 -0.108751 -0.0417053
1 10.618 9.74055 -0.106865 -0.0411552
1 11.736 9.74145 -0.0961908 -0.0387594
1 12.8538 9.74316 -0.0707325 -0.0395439
1 13.9701 9.74591 -0.0579326 -0.0428003
1 15.0855 9.74811 -0.0489963 -0.0372615
1 16.2035 9.74907 -0.0427875 -0.0343639
1 17.3265 9.75039 -0.0462656 -0.0350243
1 18.4529 9.75283 -0.0245526 -0.0398377
1 19.5804 9.75609 0.0116793 -0.0410626
1 20.7079 9.75902 0.026989 -0.0346024
1 21.837 9.76037 0.00920008 -0.0280287
1 22.9673 9.75993 -0.01329 -0.0311268
1 24.0951 9.75762 -0.0167317 -0.0380297
1 25.2221 9.75447 0.00445355 -0.0421111
1 26.3497 9.75173 0.0349113 -0.0385145
1 27.4746 9.75007 0.0391704 -0.0323871
1 28.5951 9.7494 0.0365689 -0.0333301
1 29.7122 9.74799 0.042659 -0.0414461
1 30.8278 9.74504 0.0554658 -0.0431068
1 31.9442 9.74243 0.0938116 -0.0430752
1 33.0616 9.74126 0.114871 -0.0437515
1 34.1793 9.74097 0.109502 -0.0420264
1 35.2954 9.74142 0.0971406 -0.0433194
1 36.4091 9.74326 0.0809052 -0.051211
1 37.5208 9.74529 0.0760379 -0.0713196
1 38.6299 9.74621 0.068389 -0.0816248
1 39.7385 9.74785 0.0728735 -0.0797885
1 40.8485 9.75097 0.0899031 -0.0777504
1 41.9586 9.75475 0.0926234 -0.0739491
1 43.0698 9.75913 0.0891287 -0.067142
1 44.1882 9.76666 0.0904121 -0.0494507
1 0.0567365 10.7294 -0.0839055 -0.0485704
1 1.17494 10.7238 -0.0815433 -0.0640736
1 2.28544 10.719 -0.0831136 -0.0729316
1 3.39539 10.716 -0.0756012 -0.0809886
1 4.5043 10.7141 -0.0656563 -0.0880221
1 5.61289 10.7126 -0.0757537 -0.0785206
1 6.7236 10.7101 -0.0941323 -0.056149
1 7.83757 10.7059 -0.0964615 -0.0385622
1 8.95218 10.7029 -0.101752 -0.0378473
1 10.0679 10.7019 -0.105033 -0.0436014
1 11.1843 10.7028 -0.108187 -0.0501187
1 12.3001 10.7047 -0.0906121 -0.0503055
1 13.4158 10.7076 -0.0523505 -0.0530616
1 14.5314 10.7117 -0.0407182 -0.0463427
1 15.6474 10.7135 -0.0342307 -0.0345525
1 16.7659 10.7135 -0.0332893 -0.0329907
1 17.8893 10.7142 -0.0299866 -0.0359394
1 19.0161 10.7162 -0.00443834 -0.0421505
1 20.1433 10.719 0.0240163 -0.0470279
1 21.2714 10.7211 0.018453 -0.0463262
1 22.4025 10.7217 -0.0121101 -0.0438582
1 23.532 10.7202 -0.027551 -0.0455086
1 24.6595 10.7174 -0.0137684 -0.0472966
1 25.7869 10.7152 0.0140925 -0.0388326
1 26.912 10.714 0.0352375 -0.031203
1 28.0332 10.7141 0.0341692 -0.0315502
1 29.1506 10.7139 0.0428295 -0.0415158
1 30.2656 10.7108 0.0566407 -0.0542617
1 31.3811 10.7066 0.0717491 -0.0531701
1 32.4975 10.7041 0.0897236 -0.0509753
1 33.6139 10.7025 0.09879 -0.0492323
1 34.7295 10.7024 0.108189 -0.0420625
1 35.8437 10.7047 0.107779 -0.0372545
1 36.9582 10.7087 0.103038 -0.0459927
1 38.0711 10.712 0.0921366 -0.0700797
1 39.1807 10.7137 0.0721606 -0.0862206
1 40.2892 10.7156 0.0672221 -0.0850703
1 41.3983 10.7182 0.0772132 -0.0725555
1 42.5086 10.7218 0.0829365 -0.0679652
1 43.6215 10.7269 0.0835422 -0.0571322
1 0.620259 11.691 -0.0726106 -0.0550788
1 1.73375 11.6875 -0.0696397 -0.0694117
1 2.84349 11.6841 -0.0643236 -0.0832396
1 3.95249 11.6825 -0.0594256 -0.0866838
1 5.06241 11.6804 -0.076895 -0.0816403
1 6.17435 11.677 -0.101405 -0.0633022
1 7.28903 11.6719 -0.102366 -0.0464042
1 8.40378 11.6675 -0.0958622 -0.0418619
1 9.51712 11.6652 -0.0888966 -0.0474095
1 10.6316 11.6657 -0.078187 -0.0583684
1 11.747 11.6678 -0.0734761 -0.0567255
1 12.8621 11.6705 -0.0604127 -0.0600478
1 13.9768 11.6749 -0.0489981 -0.0643167
1 15.0919 11.6786 -0.0353543 -0.0502526
1 16.2089 11.6796 -0.0256985 -0.0398876
1 17.329 11.6791 -0.0253067 -0.0369234
1 18.4531 11.6788 -0.0048094 -0.0420467
1 19.5796 11.6803 0.0273387 -0.0524212
1 20.7068 11.6828 0.0361775 -0.059756
1 21.8371 11.6838 0.0120815 -0.0600367
1 22.9687 11.6833 -0.0197332 -0.0597448
1 24.0963 11.6815 -0.0338437 -0.0592109
1 25.2229 11.6795 -0.0126521 -0.0499542
1 26.3486 11.6789 0.0168533 -0.0370323
1 27.4707 11.6797 0.0187345 -0.0356644
1 28.5892 11.6802 0.0223756 -0.042057
1 29.7054 11.6779 0.0338499 -0.0578847
1 30.8207 11.6732 0.0454853 -0.0665183
1 31.9357 11.6695 0.0783057 -0.0627682
1 33.0504 11.6673 0.0909683 -0.059605
1 34.165 11.6658 0.0812132 -0.052235
1 35.2789 11.6667 0.0784706 -0.044498
1 36.3927 11.67 0.0834322 -0.0447759
1 37.5074 11.6753 0.0947854 -0.0510006
1 38.6199 11.6796 0.0791043 -0.0750231
1 39.73 11.682 0.0559373 -0.0837213
1 40.8392 11.6839 0.0586163 -0.08492
1 41.9483 11.6865 0.062165 -0.0772181
1 43.0585 11.6899 0.0551497 -0.0604175
1 44.1765 11.6925 0.0618042 -0.0501065
1 0.0655413 12.6575 -0.0497388 -0.0462431
1 1.18248 12.655 -0.0404821 -0.0656046
1 2.29271 12.6529 -0.0466381 -0.077377
1 3.40231 12.6506 -0.0543387 -0.0835842
1 4.51284 12.6475 -0.0545223 -0.0740562
1 5.6248 12.6438 -0.0709701 -0.0653234
1 6.7384 12.6386 -0.0769281 -0.0510181
1 7.85254 12.6333 -0.05937 -0.0477726
1 8.96537 12.6303 -0.054287 -0.0449053
1 10.078 12.6295 -0.0589176 -0.0513234
1 11.1917 12.6312 -0.0719243 -0.0614561
1 12.306 12.6337 -0.0647207 -0.063391
1 13.4208 12.6374 -0.0372565 -0.0656234
1 14.5359 12.6423 -0.0294531 -0.064055
1 15.6522 12.6454 -0.0210479 -0.0496966
1 16.7707 12.6457 -0.0145119 -0.0387568
1 17.8923 12.6445 -0.0030686 -0.0391919
1 19.017 12.6441 0.0234937 -0.0504177
1 20.1429 12.6452 0.0427744 -0.0582649
1 21.271 12.6463 0.0277714 -0.0643863
1 22.4028 12.6464 -0.0105619 -0.0664164
1 23.5327 12.6455 -0.0428861 -0.0617033
1 24.6597 12.6443 -0.0378382 -0.0554083
1 25.7852 12.6442 -0.00869521 -0.0435454
1 26.9082 12.6453 0.0121789 -0.0378263
1 28.029 12.6463 0.0147863 -0.0430715
1 29.1466 12.6449 0.0294431 -0.0547834
1 30.2617 12.6406 0.041017 -0.0670169
1 31.3764 12.6362 0.0492836 -0.0654812
1 32.4907 12.6332 0.0584048 -0.0608401
1 33.6049 12.6309 0.0509615 -0.0580388
1 34.7177 12.6305 0.0560154 -0.0494071
1 35.8297 12.6325 0.0709605 -0.0468268
1 36.9435 12.6364 0.0841657 -0.0480401
1 38.0587 12.6419 0.0898369 -0.0570035
1 39.1722 12.6464 0.0692494 -0.06966
1 40.2835 12.65 0.0539844 -0.0792705
1 41.3932 12.6523 0.0523967 -0.0809481
1 42.5035 12.6546 0.0497661 -0.0703312
1 43.6173 12.6561 0.0556713 -0.0626307
1 0.624165 13.6221 -0.0458442 -0.0719626
1 1.73731 13.6203 -0.0416143 -0.0751738
1 2.84806 13.6179 -0.0402839 -0.071598
1 3.95902 13.6147 -0.0450327 -0.0668136
1 5.07102 13.61 -0.0553789 -0.0604733
1 6.18447 13.6046 -0.0699614 -0.0522583
1 7.29884 13.5994 -0.0607554 -0.0468219
1 8.41218 13.5956 -0.0524217 -0.0464198
1 9.52372 13.594 -0.0418962 -0.0446091
1 10.6359 13.5946 -0.0373691 -0.0491943
1 11.7497 13.5971 -0.0455155 -0.0553223
1 12.864 13.6001 -0.0442325 -0.0608069
1 13.9784 13.6043 -0.0378025 -0.0598769
1 15.0937 13.6087 -0.0257021 -0.0499425
1 16.2119 13.6109 -0.0160148 -0.0360644
1 17.3327 13.6105 -0.0103173 -0.0268445
1 18.4555 13.6093 0.01669 -0.0293823
1 19.5808 13.6084 0.0478002 -0.0372565
1 20.7071 13.6084 0.047647 -0.0462861
1 21.8371 13.6086 0.0128304 -0.0532597
1 22.9688 13.6083 -0.0310795 -0.0518244
1 24.0961 13.6082 -0.0528789 -0.0433272
1 25.2213 13.6087 -0.0306397 -0.0333042
1 26.3455 13.61 -0.00223345 -0.027877
1 27.4676 13.6113 0.0118149 -0.033209
1 28.587 13.6105 0.0204617 -0.0403537
1 29.7036 13.6071 0.0234017 -0.0514808
1 30.8192 13.6027 0.0282692 -0.0592483
1 31.9336 13.5991 0.0576517 -0.0587593
1 33.0477 13.5963 0.0605472 -0.055521
1 34.1611 13.5951 0.0394714 -0.0472258
1 35.2726 13.5958 0.0319537 -0.0441469
1 36.3843 13.5982 0.0338643 -0.0478483
1 37.4977 13.6027 0.0485942 -0.0503694
1 38.6111 13.6078 0.0544094 -0.0571433
1 39.7234 13.6129 0.0434681 -0.0617904
1 40.8352 13.617 0.0460121 -0.0681506
1 41.9463 13.6196 0.038394 -0.0717421
1 43.0575 13.6214 0.0306966 -0.0737062
1 44.1742 13.622 0.0328376 -0.0563379
1 0.0667603 14.5881 -0.0194249 -0.0727407
1 1.18371 14.5882 -0.0248107 -0.0754973
1 2.29521 14.5858 -0.035629 -0.0769651
1 3.40667 14.582 -0.0360782 -0.0674144
1 4.51871 14.5773 -0.0293442 -0.0643977
1 5.63073 14.5718 -0.0357448 -0.0625899
1 6.7431 14.5666 -0.0377437 -0.0658765
1 7.85583 14.5622 -0.0217869 -0.0629389
1 8.96766 14.5601 -0.0192831 -0.0638118
1 10.0794 14.5597 -0.0302295 -0.0595493
1 11.1923 14.5609 -0.0495773 -0.065289
1 12.3061 14.5639 -0.0464361 -0.0716266
1 13.4208 14.5673 -0.0253304 -0.0702836
1 14.5359 14.5711 -0.0234468 -0.0633491
1 15.6524 14.5744 -0.01868 -0.052783
1 16.7724 14.5758 -0.0133946 -0.0427415
1 17.8947 14.5751 0.000401451 -0.0369519
1 19.0188 14.5736 0.0356325 -0.0379901
1 20.1442 14.5718 0.0558364 -0.045433
1 21.2717 14.5711 0.032102 -0.0572914
1 22.4029 14.5712 -0.0122267 -0.0618141
1 23.5324 14.5716 -0.0534905 -0.0519497
1 24.6584 14.5727 -0.052172 -0.0413376
1 25.7829 14.5745 -0.0167461 -0.0396155
1 26.906 14.576 0.0118755 -0.0412088
1 28.0278 14.5757 0.0177676 -0.0462529
1 29.1464 14.5731 0.0213764 -0.0568384
1 30.262 14.5695 0.0294215 -0.0672145
1 31.3763 14.5661 0.0403437 -0.0688024
1 32.4905 14.5629 0.0406142 -0.0671406
1 33.6044 14.5609 0.0271773 -0.0616322
1 34.7164 14.5608 0.0301963 -0.0595241
1 35.8277 14.5619 0.035343 -0.061151
1 36.9408 14.5653 0.0408168 -0.0627305
1 38.0543 14.5698 0.048724 -0.0662586
1 39.1668 14.5752 0.0346942 -0.0633989
1 40.2789 14.5801 0.0297793 -0.0654248
1 41.3904 14.5843 0.0361061 -0.0711045
1 42.502 14.5873 0.0383599 -0.0754365
1 43.6162 14.5888 0.0355278 -0.0735669
1 0.624852 15.5559 -0.0288496 -0.0773584
1 1.73992 15.5541 -0.0299233 -0.0792793
1 2.85201 15.551 -0.0297455 -0.0822237
1 3.96298 15.5461 -0.0213927 -0.0802256
1 5.07439 15.5409 -0.0244166 -0.0819823
1 6.18625 15.5356 -0.0346528 -0.0871103
1 7.299 15.5314 -0.0332123 -0.0858985
1 8.41111 15.528 -0.026669 -0.0844386
1 9.52242 15.5268 -0.0202473 -0.0803984
1 10.6352 15.5271 -0.0238854 -0.0792755
1 11.7491 15.5292 -0.03686 -0.0853387
1 12.8633 15.5323 -0.0349467 -0.0887447
1 13.9778 15.5357 -0.0271043 -0.0850413
1 15.093 15.5387 -0.0228045 -0.0752969
1 16.2115 15.5409 -0.0189332 -0.06743
1 17.3335 15.5418 -0.0163599 -0.0643961
1 18.4569 15.541 0.0116402 -0.0607066
1 19.5819 15.5384 0.0523782 -0.0616528
1 20.7078 15.5362 0.0575145 -0.0706911
1 21.8373 15.5356 0.0135656 -0.0775491
1 22.9685 15.5358 -0.0382145 -0.0742416
1 24.0953 15.5375 -0.0574171 -0.0660578
1 25.22 15.5402 -0.0311586 -0.061394
1 26.3445 15.5421 0.00154591 -0.0629882
1 27.4679 15.5418 0.0195369 -0.06432
1 28.5881 15.5401 0.0196434 -0.0713556
1 29.7046 15.5375 0.0157036 -0.0820548
1 30.8194 15.5341 0.018693 -0.0844934
1 31.9338 15.531 0.0427248 -0.0849219
1 33.0481 15.5288 0.0428414 -0.0829828
1 34.1614 15.5277 0.0258765 -0.0769824
1 35.2732 15.5279 0.0153548 -0.0837402
1 36.385 15.5301 0.0181194 -0.0858806
1 37.4976 15.5341 0.0283986 -0.0855981
1 38.6095 15.5388 0.0230894 -0.0787926
1 39.7208 15.5439 0.0155626 -0.0810916
1 40.832 15.5489 0.0296327 -0.0801992
1 41.9436 15.5529 0.0303031 -0.0818132
1 43.0562 15.5554 0.0187524 -0.0738089
1 44.1738 15.5559 0.017519 -0.0817886
1 0.0697409 16.5248 -0.0192482 -0.0871393
1 1.18641 16.522 -0.0157981 -0.0745759
1 2.29862 16.52 -0.0207555 -0.0748089
1 3.41023 16.5163 -0.0182524 -0.076256
1 4.52055 16.5112 -0.0116432 -0.0777474
1 5.63092 16.5063 -0.0155771 -0.080113
1 6.74201 16.5017 -0.021502 -0.0814996
1 7.85458 16.498 -0.0140878 -0.0802948
1 8.96604 16.4954 -0.0118721 -0.0774663
1 10.0778 16.4948 -0.0203572 -0.0717189
1 11.1915 16.4959 -0.04048 -0.0697943
1 12.3058 16.4986 -0.0416679 -0.0734046
1 13.4202 16.5019 -0.0214225 -0.0743185
1 14.5349 16.505 -0.021707 -0.0637217
1 15.6507 16.507 -0.0210188 -0.0551339
1 16.7705 16.5081 -0.018124 -0.0535918
1 17.8944 16.5084 -0.00384021 -0.0518337
1 19.0197 16.5068 0.0344665 -0.0508172
1 20.1448 16.5037 0.0591021 -0.0520055
1 21.2717 16.5011 0.0363572 -0.0513295
1 22.4029 16.5007 -0.0142454 -0.05186
1 23.5319 16.5027 -0.0599173 -0.0518323
1 24.6573 16.5057 -0.0564816 -0.050858
1 25.7827 16.5082 -0.0110755 -0.0521517
1 26.9075 16.5089 0.0228847 -0.0524842
1 28.0298 16.5079 0.0229291 -0.0532942
1 29.1481 16.5063 0.0208632 -0.0598427
1 30.2631 16.5037 0.0275512 -0.0702005
1 31.3768 16.5004 0.0337539 -0.0763593
1 32.4911 16.4977 0.0314576 -0.0711528
1 33.6054 16.4957 0.0205565 -0.0672117
1 34.718 16.4955 0.0220227 -0.0735999
1 35.8295 16.4971 0.0235905 -0.0795935
1 36.9419 16.5002 0.0292157 -0.0799721
1 38.0545 16.5043 0.0309768 -0.0777501
1 39.1659 16.5093 0.0204616 -0.0789281
1 40.2768 16.5142 0.016013 -0.0762683
1 41.3877 16.5183 0.0222697 -0.0757794
1 42.5003 16.5209 0.0229144 -0.0734178
1 43.6155 16.5234 0.0347557 -0.0792046
1 0.62777 17.4911 -0.0374376 -0.0770614
1 1.74142 17.4883 -0.0254689 -0.0716748
1 2.85326 17.4853 -0.0161809 -0.0678016
1 3.96413 17.4817 -0.0075353 -0.0671342
1 5.07449 17.4768 -0.0179513 -0.071056
1 6.18537 17.4718 -0.0309166 -0.0694225
1 7.29762 17.4671 -0.0269149 -0.0695561
1 8.40987 17.4638 -0.0227574 -0.0643006
1 9.52127 17.4617 -0.0195575 -0.0592127
1 10.634 17.4617 -0.0202014 -0.0533777
1 11.7483 17.4636 -0.0311388 -0.0482771
1 12.8625 17.4666 -0.0332539 -0.0479673
1 13.9764 17.47 -0.0323204 -0.0469225
1 15.0909 17.4721 -0.0260325 -0.0353057
1 16.2083 17.4729 -0.0190146 -0.0259448
1 17.3305 17.4727 -0.0183451 -0.0309853
1 18.4564 17.4715 0.011743 -0.0355351
1 19.5833 17.4693 0.056893 -0.0329384
1 20.7095 17.4662 0.061791 -0.0242212
1 21.8377 17.4642 0.0132334 -0.0193892
1 22.9674 17.465 -0.0395872 -0.0186768
1 24.094 17.4681 -0.0620608 -0.0267053
1 25.2196 17.4711 -0.0361896 -0.0342983
1 26.3461 17.4727 0.00239964 -0.0340145
1 27.4708 17.4731 0.0172079 -0.0276721
1 28.5907 17.473 0.0204408 -0.0299634
1 29.7064 17.4715 0.0263624 -0.0408775
1 30.8207 17.4685 0.0241134 -0.0485749
1 31.935 17.4653 0.0388223 -0.049039
1 33.0495 17.4628 0.0442625 -0.0514957
1 34.1629 17.4618 0.0229607 -0.0531086
1 35.2748 17.4631 0.00389566 -0.0597117
1 36.3863 17.4659 0.00675368 -0.0673454
1 37.4983 17.4696 0.018907 -0.07068
1 38.6092 17.4745 0.0138733 -0.0729429
1 39.7193 17.4792 0.00303425 -0.0691208
1 40.8298 17.4836 0.0122236 -0.0661953
1 41.9414 17.4868 0.0140645 -0.0699076
1 43.0527 17.4894 0.0136866 -0.0751131
1 44.1682 17.4937 0.0156491 -0.0757836
1 0.0738016 18.46 -0.00669692 -0.0646258
1 1.18917 18.4574 -0.0133773 -0.0735604
1 2.29926 18.4539 -0.0185679 -0.0690998
1 3.40974 18.4497 -0.0117474 -0.0649346
1 4.52053 18.4454 0.000971509 -0.0617014
1 5.63102 18.4408 -0.0107436 -0.063182
1 6.74192 18.4357 -0.0180057 -0.0662429
1 7.85356 18.4314 -0.00532717 -0.0622444
1 8.96481 18.4279 -0.00319067 -0.0486396
1 10.0762 18.4263 -0.0189654 -0.042483
1 11.1897 18.4272 -0.0456202 -0.0404269
1 12.3036 18.4298 -0.045657 -0.0344801
1 13.4174 18.433 -0.0267735 -0.0327579
1 14.5317 18.4358 -0.0271044 -0.0319187
1 15.6474 18.4365 -0.0190061 -0.0293055
1 16.7673 18.4352 -0.00900695 -0.0285792
1 17.8927 18.4334 0.00446271 -0.0349668
1 19.0204 18.4316 0.0373393 -0.0428817
1 20.1469 18.4298 0.0568536 -0.0372455
1 21.2734 18.4277 0.0352411 -0.021094
1 22.4023 18.4272 -0.0112616 -0.0181941
1 23.5297 18.4291 -0.0545155 -0.0282783
1 24.6558 18.431 -0.0561494 -0.0392031
1 25.7836 18.4327 -0.0201247 -0.0371189
1 26.9105 18.4348 0.00727368 -0.0315941
1 28.0332 18.4364 0.014699 -0.0291058
1 29.1512 18.4367 0.0279279 -0.0314406
1 30.266 18.4348 0.0320467 -0.0327153
1 31.3794 18.4317 0.0342799 -0.0336993
1 32.4928 18.4287 0.0393937 -0.0365171
1 33.6066 18.4268 0.0228006 -0.0412099
1 34.7191 18.4272 0.0135261 -0.0459837
1 35.8303 18.4298 0.0203554 -0.0522593
1 36.9423 18.4338 0.0319821 -0.0605864
1 38.0546 18.4385 0.0303989 -0.0643698
1 39.166 18.4434 0.00902994 -0.0617703
1 40.2764 18.4478 0.00406672 -0.0621887
1 41.3868 18.4518 0.017601 -0.0657498
1 42.4977 18.4557 0.025322 -0.072443
1 43.6102 18.4593 0.0331211 -0.0711962
1 0.629931 19.4262 -0.0227933 -0.0608627
1 1.74289 19.4232 -0.0233638 -0.0650815
1 2.85347 19.4186 -0.0218888 -0.0618495
1 3.96337 19.4137 -0.00692938 -0.0604283
1 5.07354 19.409 -0.00765348 -0.0579044
1 6.18505 19.4044 -0.0277673 -0.0600176
1 7.29759 19.4 -0.0291302 -0.0610013
1 8.40944 19.3958 -0.0199949 -0.0595349
1 9.51989 19.3929 -0.0177792 -0.0468665
1 10.6317 19.3919 -0.0249025 -0.0404237
1 11.745 19.3943 -0.042349 -0.0422721
1 12.8582 19.3978 -0.0416032 -0.0401791
1 13.9715 19.4006 -0.0343146 -0.0458322
1 15.0865 19.4018 -0.0225682 -0.0545114
1 16.2055 19.4007 -0.0115147 -0.0573506
1 17.3291 19.3978 -0.00503697 -0.059709
1 18.4562 19.3954 0.0218501 -0.064272
1 19.5839 19.3949 0.0532512 -0.0658294
1 20.7101 19.3946 0.0450125 -0.0582054
1 21.8377 19.3937 0.00654665 -0.0519496
1 22.9667 19.394 -0.0263823 -0.0525668
1 24.0933 19.3948 -0.0499065 -0.0620075
1 25.2195 19.3952 -0.0399325 -0.066649
1 26.3471 19.3966 -0.00867376 -0.0605504
1 27.4732 19.3997 0.00717242 -0.0569967
1 28.5945 19.4021 0.0134683 -0.0566068
1 29.7111 19.4018 0.0228855 -0.0510537
1 30.8253 19.3997 0.0292234 -0.0406382
1 31.9387 19.3965 0.0509409 -0.039999
1 33.0523 19.3931 0.0507517 -0.0436651
1 34.1651 19.3924 0.0224819 -0.0445458
1 35.2756 19.3945 0.00592482 -0.0541925
1 36.386 19.3978 0.00681684 -0.060957
1 37.4979 19.4023 0.0152834 -0.0596434
1 38.6094 19.4068 0.00930202 -0.0554786
1 39.7199 19.4114 0.00371272 -0.058996
1 40.8298 19.4162 0.0162373 -0.0607963
1 41.9398 19.4212 0.016574 -0.0649684
1 43.05 19.425 0.00630556 -0.0640441
1 44.1662 19.4264 -0.00713504 -0.0553859
1 0.0711075 20.3923 0.0161055 -0.0431997
1 1.18887 20.3913 -0.000473128 -0.0511069
1 2.30035 20.3879 -0.0171451 -0.0586417
1 3.41082 20.3833 -0.0195431 -0.0639683
1 4.52031 20.3782 -0.0114064 -0.0672215
1 5.63036 20.3729 -0.0194299 -0.0668911
1 6.74166 20.3687 -0.0254286 -0.0669935
1 7.85382 20.3652 -0.00988107 -0.0657077
1 8.96426 20.3625 -0.0123426 -0.0615869
1 10.074 20.3607 -0.0339888 -0.0536056
1 11.1851 20.3613 -0.0586108 -0.0531111
1 12.2978 20.3647 -0.0526133 -0.0532899
1 13.4119 20.3681 -0.0251716 -0.0619245
1 14.527 20.3699 -0.0168345 -0.0756908
1 15.6445 20.3691 -0.00971887 -0.0827994
1 16.7667 20.3662 -0.00632544 -0.0845796
1 17.8927 20.3637 0.0037746 -0.0846676
1 19.0193 20.3631 0.0319797 -0.0833688
1 20.1453 20.3636 0.0472509 -0.080932
1 21.2725 20.364 0.0269089 -0.079971
1 22.4027 20.364 -0.00646808 -0.0826771
1 23.531 20.3637 -0.0429103 -0.0824845
1 24.657 20.3632 -0.0482463 -0.0830804
1 25.7838 20.3632 -0.0190242 -0.082045
1 26.9104 20.3651 0.00414897 -0.083349
1 28.0349 20.3682 0.00852926 -0.0822322
1 29.1553 20.3702 0.0169883 -0.0815997
1 30.2712 20.3696 0.0284693 -0.0692724
1 31.3851 20.367 0.0448794 -0.05591
1 32.4984 20.3633 0.0517279 -0.0521408
1 33.6107 20.3609 0.0331564 -0.0531104
1 34.7211 20.3617 0.0285455 -0.0569395
1 35.8308 20.364 0.0238235 -0.063986
1 36.9422 20.3671 0.0258794 -0.0639505
1 38.0547 20.3709 0.0304304 -0.0664211
1 39.1657 20.3757 0.0170981 -0.0655878
1 40.2753 20.3808 0.0111829 -0.0659063
1 41.3848 20.3862 0.0193325 -0.0605148
1 42.4961 20.3904 0.0148649 -0.0550843
1 43.6099 20.3922 0.0109828 -0.0518528
1 0.629013 21.357 -0.00530149 -0.0390086
1 1.74422 21.3553 -0.00628521 -0.0420052
1 2.85644 21.3522 -0.0111908 -0.0479347
1 3.9663 21.3481 -0.0113703 -0.0551021
1 5.0757 21.3432 -0.0234559 -0.0623334
1 6.18579 21.3388 -0.0382468 -0.0628902
1 7.29714 21.3353 -0.0355913 -0.0572507
1 8.40786 21.3333 -0.0281473 -0.0522494
1 9.51705 21.3323 -0.0336844 -0.0460703
1 10.6268 21.3322 -0.0432171 -0.0441388
1 11.7384 21.334 -0.054699 -0.0490102
1 12.852 21.337 -0.0377026 -0.0582228
1 13.9671 21.3392 -0.0224031 -0.0672401
1 15.0846 21.3391 -0.0150656 -0.0760276
1 16.2054 21.3371 -0.0131514 -0.0806322
1 17.3292 21.335 -0.0121326 -0.0758137
1 18.455 21.334 0.0106233 -0.0702779
1 19.5817 21.3342 0.0467816 -0.0710879
1 20.7081 21.3352 0.0478849 -0.0752741
1 21.8373 21.3355 0.0107353 -0.0784261
1 22.9683 21.3354 -0.0286501 -0.0765824
1 24.0957 21.3345 -0.0503097 -0.0730229
1 25.2212 21.3339 -0.0323526 -0.0704441
1 26.3474 21.3344 0.000817696 -0.0720886
1 27.4728 21.3362 0.0126649 -0.0785753
1 28.5951 21.3386 0.0108768 -0.0802018
1 29.7141 21.3398 0.0126608 -0.0720301
1 30.8307 21.3386 0.0196329 -0.0623808
1 31.9453 21.336 0.051671 -0.0527341
1 33.058 21.3335 0.065564 -0.045517
1 34.1684 21.3325 0.0437945 -0.042441
1 35.2773 21.3331 0.0223796 -0.0471859
1 36.3869 21.3345 0.0191159 -0.0583109
1 37.4981 21.3371 0.0339521 -0.0614813
1 38.6083 21.3411 0.027705 -0.0628881
1 39.7177 21.3458 0.0150679 -0.0582179
1 40.8273 21.3506 0.0173933 -0.0527479
1 41.939 21.3542 0.012754 -0.0430987
1 43.0519 21.3567 -0.00277127 -0.0387062
1 44.1713 21.3566 -0.0248737 -0.0411566
1 0.0678938 22.3206 0.0281458 -0.0267086
1 1.18789 22.3198 0.00789685 -0.0239786
1 2.30192 22.3184 -0.00384359 -0.025114
1 3.41435 22.3163 -0.00913524 -0.031429
1 4.52456 22.3131 -0.0160145 -0.0376656
1 5.63381 22.3098 -0.0336673 -0.0466681
1 6.74273 22.3066 -0.0439626 -0.0436832
1 7.85196 22.3049 -0.0332761 -0.0391673
1 8.96033 22.3043 -0.0339526 -0.0268674
1 10.0688 22.3046 -0.0444822 -0.0237917
1 11.1794 22.3056 -0.0598638 -0.0296659
1 12.2924 22.3068 -0.0474439 -0.040976
1 13.4084 22.3083 -0.0194074 -0.0492411
1 14.526 22.309 -0.0126251 -0.0500336
1 15.6448 22.3083 -0.0137764 -0.0529813
1 16.7668 22.307 -0.0206608 -0.0551612
1 17.8919 22.306 -0.00926872 -0.051044
1 19.0179 22.3057 0.0315783 -0.0449712
1 20.1436 22.3061 0.0562104 -0.0468994
1 21.2714 22.307 0.0327056 -0.0543969
1 22.4028 22.3072 -0.0102139 -0.0567298
1 23.5324 22.3065 -0.0503369 -0.0514167
1 24.6589 22.3058 -0.0499146 -0.0446282
1 25.7853 22.3058 -0.0100735 -0.0459132
1 26.9108 22.3065 0.0203151 -0.0535501
1 28.0348 22.3078 0.0188636 -0.0546605
1 29.1559 22.309 0.0134579 -0.0514781
1 30.2738 22.3092 0.0164406 -0.0494952
1 31.3896 22.3081 0.0326373 -0.0455251
1 32.5037 22.307 0.0495609 -0.0339255
1 33.6155 22.3058 0.0421044 -0.0253139
1 34.7252 22.3046 0.043533 -0.024687
1 35.8336 22.3047 0.0475142 -0.0341593
1 36.9428 22.3056 0.0541176 -0.0432936
1 38.0525 22.3084 0.0537069 -0.0445007
1 39.162 22.3117 0.0246844 -0.0430856
1 40.2718 22.3152 0.0062652 -0.0335352
1 41.3831 22.3176 0.00828156 -0.0290992
1 42.4966 22.3196 0.0071347 -0.0255292
1 43.6127 22.3206 0.0086926 -0.0256433
1 0.628219 23.2826 -0.00518778 -0.0101479
1 1.74425 23.2824 -0.0041435 -0.00872111
1 2.8579 23.2817 -0.000573736 -0.0128592
1 3.96919 23.2809 -0.00211591 -0.0159431
1 5.07906 23.2795 -0.0221671 -0.0179071
1 6.18828 23.2782 -0.0552088 -0.0202048
1 7.29711 23.2772 -0.067594 -0.0210715
1 8.40511 23.2768 -0.0629786 -0.0142991
1 9.51257 23.2769 -0.0472825 -0.0117837
1 10.6225 23.2775 -0.0356771 -0.0119274
1 11.7356 23.2778 -0.0379859 -0.0147358
1 12.8502 23.2778 -0.0263687 -0.0227349
1 13.9662 23.2783 -0.0231635 -0.0229893
1 15.0842 23.2785 -0.0212764 -0.0207746
1 16.205 23.2783 -0.0208109 -0.0223364
1 17.3287 23.278 -0.023071 -0.0244522
1 18.4544 23.2778 0.00346097 -0.0209198
1 19.5808 23.2776 0.0503717 -0.0181348
1 20.707 23.2779 0.05939 -0.021166
1 21.8369 23.2783 0.0137607 -0.0251834
1 22.969 23.2781 -0.0383567 -0.0235403
1 24.0966 23.2776 -0.0572603 -0.0186041
1 25.222 23.2776 -0.0273308 -0.0183967
1 26.348 23.2777 0.0121486 -0.0228432
1 27.4735 23.278 0.0216198 -0.0230395
1 28.5957 23.2785 0.0171488 -0.0209121
1 29.7146 23.2789 0.0164665 -0.0211591
1 30.8319 23.2788 0.0135734 -0.0233564
1 31.9475 23.2786 0.0360344 -0.0177779
1 33.0619 23.2785 0.0558382 -0.0114998
1 34.1737 23.2778 0.0456827 -0.0113176
1 35.2816 23.2772 0.0406894 -0.0111316
1 36.3884 23.2773 0.0445333 -0.0166809
1 37.4959 23.278 0.0520036 -0.0216984
1 38.6043 23.2791 0.0336381 -0.0236623
1 39.7138 23.2804 0.0112378 -0.0171887
1 40.8251 23.2816 0.00862663 -0.015265
1 41.9381 23.2821 0.0043508 -0.0102106
1 43.0529 23.2827 -0.00642097 -0.00943483
1 44.1738 23.2837 -0.0313661 -0.0065067
1 0.0667065 24.244 0.0296359 0.00617456
1 1.18746 24.2449 0.00556501 0.00839802
1 2.30197 24.2454 -0.00353065 0.00879668
1 3.41499 24.2459 -0.00799816 0.0136747
1 4.52619 24.2471 -0.0126277 0.0158327
1 5.63552 24.2484 -0.0355291 0.021795
1 6.74378 24.2495 -0.0543232 0.0209648
1 7.85155 24.2502 -0.044901 0.0155253
1 8.95857 24.2505 -0.0409972 0.0101942
1 10.0666 24.25 -0.0457551 0.00992844
1 11.1783 24.2492 -0.055272 0.0109671
1 12.2923 24.2488 -0.036243 0.0167139
1 13.4081 24.2484 -0.0143682 0.0217383
1 14.5256 24.2483 -0.0178353 0.0187749
1 15.6442 24.2488 -0.0176594 0.0188603
1 16.7661 24.2494 -0.0212165 0.0215141
1 17.8916 24.2496 -0.0135356 0.021529
1 19.0178 24.2498 0.0260864 0.0174933
1 20.1433 24.2497 0.0582288 0.0178297
1 21.2709 24.2492 0.0399416 0.0218399
1 22.4031 24.249 -0.0114938 0.0243831
1 23.5329 24.2494 -0.0575848 0.0208453
1 24.6591 24.2497 -0.0496371 0.0177077
1 25.7854 24.2495 -0.00505114 0.0194749
1 26.911 24.2493 0.022108 0.022447
1 28.035 24.2491 0.0196885 0.0200202
1 29.156 24.2488 0.0202963 0.0190686
1 30.2739 24.2489 0.0214999 0.0214199
1 31.3898 24.2495 0.0267662 0.0217219
1 32.5046 24.2498 0.0393775 0.0141326
1 33.6176 24.2502 0.0361753 0.0101391
1 34.7274 24.2509 0.0479644 0.0105756
1 35.8347 24.2509 0.064883 0.0138497
1 36.9427 24.2504 0.0682839 0.0204626
1 38.0515 24.2492 0.0567439 0.0190392
1 39.1607 24.2479 0.0222211 0.0161235
1 40.2707 24.2466 0.00317695 0.0139611
1 41.3821 24.2458 0.000443211 0.0112977
1 42.4959 24.2451 0.00446449 0.00769597
1 43.612 24.245 0.00560583 0.00991121
1 0.627721 25.2071 -0.00826206 0.0254698
1 1.74369 25.2081 -0.00710872 0.0255987
1 2.85699 25.21 -0.00908213 0.0297294
1 3.96805 25.2124 -0.00649398 0.0341581
1 5.07778 25.216 -0.0253928 0.0440067
1 6.18721 25.2191 -0.052559 0.0451178
1 7.29696 25.2218 -0.0540331 0.0429204
1 8.40618 25.2228 -0.0463518 0.034376
1 9.51468 25.2229 -0.0434925 0.0256302
1 10.6246 25.2218 -0.0413884 0.0258839
1 11.7366 25.2205 -0.0479184 0.0345117
1 12.8505 25.2191 -0.0321854 0.0456865
1 13.9664 25.2179 -0.0182548 0.0493023
1 15.0842 25.2183 -0.0148545 0.0501964
1 16.2052 25.2195 -0.0199575 0.0540524
1 17.3289 25.2209 -0.0214776 0.0530463
1 18.4544 25.2216 0.00760151 0.0453537
1 19.581 25.2215 0.0503239 0.043416
1 20.7076 25.2208 0.0518466 0.0501249
1 21.8372 25.2201 0.0109625 0.0558204
1 22.9687 25.2204 -0.0312725 0.0537287
1 24.0965 25.2212 -0.0546933 0.0474389
1 25.222 25.2215 -0.0322021 0.0444735
1 26.3478 25.2212 0.00855786 0.0493141
1 27.4729 25.2202 0.0215268 0.0536277
1 28.5952 25.219 0.0137285 0.052238
1 29.7142 25.2183 0.011625 0.0495718
1 30.8317 25.219 0.0180904 0.0489854
1 31.9473 25.2206 0.0468832 0.0414002
1 33.0606 25.2218 0.0599347 0.0306171
1 34.1714 25.223 0.0447481 0.0250014
1 35.2799 25.2233 0.0348621 0.0278019
1 36.3881 25.2227 0.0338062 0.0405688
1 37.4971 25.2209 0.0427428 0.0436939
1 38.6061 25.2177 0.0334072 0.0473727
1 39.7155 25.2144 0.0152042 0.0376553
1 40.8257 25.2112 0.0101703 0.0318319
1 41.9381 25.2091 0.00407116 0.0250445
1 43.0523 25.2078 -0.00788439 0.0245907
1 44.1724 25.207 -0.027982 0.0268351
1 0.069195 26.1711 0.0223077 0.0409245
1 1.1884 26.1711 0.00170392 0.0390392
1 2.30108 26.1735 -0.0133788 0.0432784
1 3.4126 26.1772 -0.0174549 0.0527168
1 4.52226 26.1819 -0.0164874 0.0585375
1 5.63162 26.1866 -0.0281973 0.0627298
1 6.74167 26.1905 -0.0356137 0.0621385
1 7.85299 26.1931 -0.0203286 0.0581006
1 8.96287 26.1945 -0.0224506 0.0477217
1 10.0719 26.195 -0.0439397 0.0432459
1 11.1823 26.194 -0.066047 0.046788
1 12.2947 26.1914 -0.0519455 0.0538997
1 13.4094 26.1886 -0.0206376 0.0638266
1 14.5261 26.1874 -0.013337 0.0723893
1 15.6447 26.1887 -0.0100944 0.0804889
1 16.7668 26.1912 -0.0120075 0.07925
1 17.8922 26.1931 -0.00273159 0.0727575
1 19.0185 26.1935 0.0305835 0.070261
1 20.1442 26.1928 0.0504529 0.0725477
1 21.2717 26.192 0.0302247 0.0764696
1 22.4029 26.1918 -0.00956719 0.0787097
1 23.532 26.1923 -0.0459479 0.0760211
1 24.6583 26.1931 -0.0457292 0.0715588
1 25.7848 26.1933 -0.0120655 0.0698005
1 26.9107 26.1923 0.0112037 0.0753124
1 28.0346 26.1901 0.012266 0.0806744
1 29.1556 26.1882 0.0136746 0.0776214
1 30.2731 26.1882 0.0199796 0.0677887
1 31.3881 26.1904 0.0378298 0.0590542
1 32.5016 26.1934 0.0564531 0.0496291
1 33.6132 26.1951 0.0439772 0.046012
1 34.7228 26.1952 0.0346729 0.0470928
1 35.832 26.1942 0.0296079 0.0530358
1 36.9427 26.1923 0.0369541 0.0574689
1 38.0541 26.1888 0.0401727 0.0632006
1 39.1642 26.1844 0.0237618 0.0626065
1 40.2736 26.1794 0.0119848 0.0550902
1 41.3836 26.1753 0.011601 0.0473414
1 42.496 26.1723 0.00694828 0.0419164
1 43.6112 26.1705 0.00665763 0.0395237
1 0.630407 27.1356 -0.0116356 0.0512377
1 1.74415 27.1375 -0.0151352 0.0559062
1 2.85521 27.1416 -0.0196178 0.0609604
1 3.96462 27.147 -0.0110041 0.0664893
1 5.07417 27.1521 -0.0170466 0.0656116
1 6.18513 27.1568 -0.028832 0.066514
1 7.29753 27.1605 -0.0246326 0.0643619
1 8.40901 27.1635 -0.0227523 0.064026
1 9.51888 27.1657 -0.0279998 0.0574802
1 10.6294 27.1665 -0.0329682 0.0532755
1 11.7418 27.1641 -0.0510607 0.0535428
1 12.8551 27.1604 -0.0447716 0.0568282
1 13.969 27.1576 -0.0300229 0.0703496
1 15.0848 27.1572 -0.017811 0.0815623
1 16.2049 27.1593 -0.00897423 0.083187
1 17.3292 27.1623 -0.00438675 0.0840203
1 18.4558 27.1641 0.0173485 0.0825086
1 19.5828 27.1642 0.0491479 0.0829615
1 20.709 27.1636 0.04457 0.0827783
1 21.8375 27.1635 0.00729741 0.0833979
1 22.9677 27.1635 -0.0261972 0.0804899
1 24.0949 27.1639 -0.0463652 0.0808473
1 25.2205 27.1643 -0.0329118 0.0828546
1 26.3471 27.1636 -0.00519819 0.0846794
1 27.4731 27.1611 0.00654616 0.0848399
1 28.5955 27.1583 0.00973346 0.0839651
1 29.7132 27.1575 0.0159208 0.0774754
1 30.8282 27.1593 0.024059 0.0621568
1 31.942 27.1627 0.0525564 0.0536814
1 33.055 27.166 0.0588947 0.0538553
1 34.1661 27.1667 0.0339771 0.0546667
1 35.2758 27.1648 0.0127024 0.0618693
1 36.3861 27.1623 0.00853921 0.0656903
1 37.4983 27.1588 0.0236915 0.0665793
1 38.6097 27.1547 0.0188595 0.0671058
1 39.7197 27.1494 0.0107642 0.0679297
1 40.8292 27.1442 0.0205352 0.0646627
1 41.9397 27.1396 0.0170962 0.0590904
1 43.0514 27.1362 0.000658411 0.05035
1 44.1694 27.135 -0.015761 0.0428791
1 0.0740581 28.1013 0.00624301 0.0547835
1 1.19019 28.1029 -0.00730689 0.0641209
1 2.30026 28.1067 -0.0171556 0.0661517
1 3.41015 28.1117 -0.0150318 0.0618019
1 4.52008 28.1163 -0.00427406 0.0596399
1 5.63057 28.121 -0.00960577 0.0569462
1 6.74208 28.1254 -0.0160196 0.060233
1 7.85399 28.1297 -0.00724072 0.0613229
1 8.96459 28.133 -0.00603798 0.0545497
1 10.0753 28.135 -0.0229952 0.0448014
1 11.188 28.1343 -0.0516523 0.0436644
1 12.3013 28.1309 -0.0519447 0.0401579
1 13.4148 28.1278 -0.0299618 0.0415159
1 14.529 28.1257 -0.0225967 0.0513553
1 15.6454 28.1255 -0.0120698 0.0566944
1 16.7665 28.1279 -0.00529478 0.057422
1 17.8925 28.1308 0.00796877 0.0610466
1 19.0202 28.1323 0.0391995 0.0666877
1 20.1466 28.1327 0.0504362 0.0621959
1 21.2734 28.1336 0.0272358 0.0525951
1 22.4024 28.1338 -0.00513033 0.0512512
1 23.53 28.133 -0.0438613 0.0575051
1 24.6562 28.1326 -0.0533664 0.0648374
1 25.7836 28.1321 -0.0238967 0.0636494
1 26.9108 28.1297 0.00378405 0.0600112
1 28.0345 28.1268 0.0100297 0.0582325
1 29.1537 28.1257 0.0205924 0.0562048
1 30.2688 28.1271 0.0317428 0.0463512
1 31.3818 28.1297 0.0414664 0.0403483
1 32.4949 28.1332 0.0435682 0.0416637
1 33.6082 28.1355 0.0258435 0.0413371
1 34.7198 28.1345 0.0184987 0.0475706
1 35.8301 28.1316 0.0207537 0.0597439
1 36.942 28.1274 0.0300441 0.0613386
1 38.0548 28.1231 0.0287244 0.0606402
1 39.1664 28.1186 0.00766244 0.0584925
1 40.2767 28.1139 0.00761115 0.0617567
1 41.3866 28.1088 0.0225881 0.0637699
1 42.4973 28.1043 0.0241871 0.0658396
1 43.6104 28.1013 0.0232244 0.0607478
1 0.629776 29.0685 -0.0326199 0.0707021
1 1.74239 29.0722 -0.0244262 0.071276
1 2.85324 29.0761 -0.0160884 0.0652215
1 3.9636 29.08 -0.00286605 0.0615879
1 5.07389 29.0844 -0.00883681 0.0614989
1 6.18527 29.0892 -0.0292776 0.0638037
1 7.29755 29.0939 -0.0305328 0.0606365
1 8.40951 29.0978 -0.0206974 0.0522995
1 9.52074 29.1004 -0.0142903 0.0453235
1 10.6334 29.1007 -0.0231109 0.0399495
1 11.7473 29.0988 -0.0385986 0.0357841
1 12.8607 29.0958 -0.0350253 0.0333392
1 13.9743 29.0928 -0.0336719 0.0323577
1 15.089 29.0909 -0.0289483 0.030448
1 16.2068 29.0913 -0.0151986 0.029147
1 17.3292 29.0928 -0.00822784 0.0318091
1 18.4561 29.0948 0.0182716 0.0376165
1 19.5842 29.0966 0.0571194 0.0398321
1 20.7104 29.0986 0.0565775 0.0277013
1 21.838 29.1003 0.012305 0.0173296
1 22.9668 29.0999 -0.0339501 0.0209498
1 24.0931 29.0978 -0.0564596 0.0357893
1 25.2193 29.096 -0.0374593 0.0423206
1 26.347 29.0942 -0.0046482 0.0349576
1 27.4725 29.0925 0.00947214 0.0290315
1 28.5925 29.0912 0.0186712 0.0301075
1 29.7083 29.092 0.0256109 0.0325988
1 30.8225 29.0947 0.0254113 0.0316326
1 31.9362 29.0978 0.0451144 0.0333555
1 33.0504 29.1003 0.046141 0.0396921
1 34.1639 29.1012 0.0205833 0.0416391
1 35.2752 29.0995 0.00347814 0.0487983
1 36.3863 29.096 0.00472375 0.0619597
1 37.4979 29.0917 0.0167391 0.0660727
1 38.6089 29.0867 0.0107049 0.0622267
1 39.7195 29.0821 -0.0018823 0.061401
1 40.8303 29.0778 0.0127267 0.0647705
1 41.9409 29.0736 0.0185598 0.0692018
1 43.0511 29.07 0.0128387 0.0738737
1 44.1666 29.0676 0.00483943 0.0647392
1 0.0718967 30.0338 -0.0166186 0.0760779
1 1.18736 30.0383 -0.0139818 0.0735282
1 2.29859 30.041 -0.0136595 0.0684512
1 3.41019 30.0442 -0.0109318 0.0652147
1 4.52077 30.0486 -0.00240486 0.0672984
1 5.63092 30.0532 -0.0121374 0.0721098
1 6.74173 30.0581 -0.0200539 0.069839
1 7.8537 30.0617 -0.00754806 0.0678585
1 8.96537 30.0645 -0.00522374 0.0592232
1 10.0773 30.0657 -0.0222935 0.0529883
1 11.1908 30.0647 -0.0437113 0.050698
1 12.3049 30.0622 -0.0388818 0.0489624
1 13.4194 30.059 -0.0251904 0.0482841
1 14.5337 30.0561 -0.0276878 0.0396291
1 15.6492 30.0547 -0.0212681 0.0291597
1 16.769 30.0545 -0.0163805 0.0276735
1 17.8936 30.0549 -0.00243683 0.0348036
1 19.0201 30.0564 0.0367229 0.0355787
1 20.146 30.0594 0.0625112 0.027991
1 21.2728 30.0624 0.0405652 0.0196433
1 22.4026 30.0633 -0.0120018 0.0195055
1 23.5307 30.0612 -0.0594954 0.0243945
1 24.6567 30.0584 -0.0567962 0.0329339
1 25.7834 30.0561 -0.0131874 0.0363779
1 26.9092 30.0549 0.0172989 0.0312871
1 28.0316 30.0547 0.0182432 0.0260997
1 29.1491 30.0556 0.0242485 0.0354499
1 30.2637 30.0578 0.0305136 0.0466469
1 31.3775 30.061 0.0327061 0.0472503
1 32.4916 30.0639 0.0320934 0.0476615
1 33.6058 30.0658 0.0208302 0.0537375
1 34.7184 30.0658 0.020414 0.0590936
1 35.8298 30.0638 0.0234184 0.0638588
1 36.9421 30.0603 0.0285252 0.0690125
1 38.0544 30.0556 0.0314948 0.068714
1 39.1654 30.0506 0.0172149 0.0696948
1 40.2759 30.0457 0.0076033 0.0659978
1 41.3868 30.0422 0.0170678 0.0667065
1 42.4987 30.0392 0.0261722 0.071318
1 43.6123 30.0363 0.0383452 0.0768943
1 0.62448 31.0041 -0.0348758 0.0778784
1 1.73983 31.0066 -0.0227054 0.0719419
1 2.85236 31.0093 -0.0207955 0.0746181
1 3.96339 31.0134 -0.0152081 0.0750841
1 5.07428 31.0184 -0.020128 0.0785585
1 6.18555 31.0233 -0.030324 0.0784108
1 7.29806 31.0274 -0.028639 0.081594
1 8.41033 31.0305 -0.02373 0.080943
1 9.52186 31.032 -0.0220896 0.0746173
1 10.6346 31.0318 -0.0211461 0.0677936
1 11.749 31.0298 -0.0301703 0.0723333
1 12.8633 31.027 -0.0336756 0.0771463
1 13.9772 31.0237 -0.0284803 0.0700458
1 15.092 31.0212 -0.0220621 0.059782
1 16.2101 31.0196 -0.023422 0.0537288
1 17.3322 31.0185 -0.0239303 0.0531429
1 18.4569 31.0191 0.00931915 0.0528356
1 19.5826 31.0216 0.0563064 0.051946
1 20.7083 31.0246 0.0622567 0.0526339
1 21.8375 31.0266 0.0160841 0.0535312
1 22.9685 31.0262 -0.0350053 0.0517635
1 24.0951 31.0237 -0.0583884 0.0521472
1 25.2199 31.0207 -0.0334162 0.0520014
1 26.3452 31.019 0.00364481 0.0525952
1 27.4692 31.0193 0.0184013 0.0544716
1 28.5891 31.0205 0.0196137 0.0564681
1 29.705 31.0226 0.0192498 0.0642444
1 30.8197 31.0257 0.020102 0.0741864
1 31.9341 31.0289 0.0421405 0.073845
1 33.0486 31.0315 0.0418206 0.0709243
1 34.1623 31.0326 0.0223577 0.0723697
1 35.274 31.0319 0.0118959 0.0787785
1 36.3853 31.0294 0.0144759 0.0805525
1 37.4978 31.0256 0.0211026 0.0825198
1 38.6091 31.0209 0.0171154 0.0800454
1 39.7193 31.016 0.010976 0.0779818
1 40.8296 31.011 0.0178958 0.0755827
1 41.9413 31.0074 0.019631 0.0739006
1 43.0537 31.0053 0.014653 0.0746716
1 44.1704 31.0025 0.018504 0.0864804
1 0.0664129 31.9718 -0.0181741 0.0802819
1 1.18392 31.9721 -0.0187673 0.0735384
1 2.29629 31.9746 -0.030928 0.0802489
1 3.40802 31.9786 -0.0297116 0.078809
1 4.51934 31.9836 -0.0168153 0.0806065
1 5.63089 31.9888 -0.0225541 0.0795718
1 6.74261 31.9935 -0.0296909 0.0860772
1 7.85514 31.9975 -0.0180426 0.086081
1 8.96706 31.9996 -0.0157626 0.0829986
1 10.0789 31.9997 -0.0247301 0.0762654
1 11.1921 31.9987 -0.0416067 0.0825142
1 12.3062 31.9965 -0.0417577 0.0846726
1 13.4207 31.9932 -0.0199638 0.0848217
1 14.5354 31.99 -0.018405 0.0816045
1 15.6517 31.9873 -0.0214123 0.0707788
1 16.7717 31.9856 -0.0195516 0.0640056
1 17.895 31.9853 -0.00202102 0.0620496
1 19.0195 31.987 0.0316689 0.0605369
1 20.1446 31.9897 0.0580077 0.0657216
1 21.2717 31.9914 0.0393868 0.0738792
1 22.4031 31.9918 -0.0113745 0.0773897
1 23.5325 31.9912 -0.0555672 0.0709152
1 24.6581 31.9892 -0.0525231 0.0619162
1 25.7827 31.9865 -0.0133726 0.0607907
1 26.9061 31.9856 0.0151233 0.0644735
1 28.0283 31.9865 0.0187832 0.0676214
1 29.147 31.9887 0.0218982 0.0750346
1 30.2623 31.9919 0.0270467 0.0848565
1 31.3768 31.9952 0.0354715 0.0871929
1 32.491 31.9982 0.0387626 0.0843183
1 33.6048 32.0002 0.0238678 0.078801
1 34.7174 32.0004 0.0202915 0.0788643
1 35.8287 31.9993 0.027063 0.0834402
1 36.9408 31.9958 0.03461 0.0857378
1 38.0536 31.9916 0.0353843 0.087288
1 39.1655 31.9863 0.0240938 0.0826838
1 40.2769 31.9812 0.0216404 0.0803249
1 41.3879 31.9763 0.0312304 0.0815019
1 42.5002 31.9733 0.0300333 0.0786784
1 43.6154 31.9714 0.0288849 0.078134
1 0.62396 32.9388 -0.033138 0.0738295
1 1.73798 32.9403 -0.0370668 0.075925
1 2.84957 32.9431 -0.0345506 0.0702804
1 3.96113 32.9474 -0.0301237 0.0647204
1 5.07333 32.9524 -0.0367282 0.0636797
1 6.18586 32.9579 -0.0500086 0.0663484
1 7.29923 32.9623 -0.0410396 0.0625321
1 8.41227 32.9656 -0.0356365 0.0607305
1 9.52358 32.9667 -0.0307183 0.0595705
1 10.6357 32.9666 -0.028019 0.0609999
1 11.7496 32.9647 -0.0392485 0.0666529
1 12.8639 32.9615 -0.0400556 0.0684275
1 13.9783 32.9581 -0.0302103 0.0668823
1 15.0937 32.9545 -0.0229774 0.0575088
1 16.212 32.9518 -0.0182922 0.0463465
1 17.3335 32.9514 -0.0125511 0.040959
1 18.4567 32.9528 0.0155176 0.0394923
1 19.5816 32.9546 0.0518416 0.0416771
1 20.7079 32.9557 0.0550363 0.0521229
1 21.8375 32.9562 0.0140051 0.0619406
1 22.9686 32.9564 -0.0313535 0.0583649
1 24.0959 32.9559 -0.0552963 0.0466523
1 25.2208 32.9541 -0.0353434 0.0392613
1 26.3448 32.9525 -0.00106799 0.0377962
1 27.4671 32.9517 0.0137346 0.0430324
1 28.5873 32.953 0.0175838 0.0530744
1 29.7041 32.9564 0.0214877 0.0628355
1 30.8193 32.9603 0.0249901 0.0690178
1 31.9339 32.9635 0.0480714 0.0706332
1 33.048 32.9665 0.0518452 0.0645258
1 34.1609 32.9676 0.0314782 0.0592708
1 35.2725 32.9671 0.0186495 0.0630553
1 36.3842 32.9651 0.0216518 0.0620584
1 37.4969 32.9608 0.0376433 0.0661683
1 38.6093 32.9556 0.0369363 0.0635992
1 39.721 32.9501 0.02837 0.0642266
1 40.8331 32.9453 0.0365159 0.0666771
1 41.9447 32.9416 0.0356685 0.0764961
1 43.0565 32.9392 0.0249138 0.0752153
1 44.1736 32.9391 0.0189057 0.0740311
1 0.0661552 33.9057 -0.032764 0.0570202
1 1.18274 33.9064 -0.0303041 0.0737698
1 2.29372 33.9078 -0.0381595 0.0720308
1 3.40471 33.9105 -0.04595 0.0692117
1 4.51647 33.9147 -0.0460151 0.0624741
1 5.62893 33.9199 -0.0549021 0.0567019
1 6.74235 33.925 -0.0495417 0.0508481
1 7.85583 33.9294 -0.0342232 0.0491769
1 8.96769 33.9319 -0.0327646 0.0455816
1 10.0791 33.9326 -0.0381412 0.0480066
1 11.1925 33.9313 -0.0579493 0.0566869
1 12.3064 33.9285 -0.0564982 0.0597778
1 13.421 33.9249 -0.0287209 0.0603478
1 14.5364 33.9206 -0.0256509 0.0529687
1 15.6528 33.9171 -0.0215525 0.0417312
1 16.7719 33.9163 -0.0107539 0.034863
1 17.8939 33.9174 0.0023271 0.0288513
1 19.0182 33.9186 0.0306917 0.0341114
1 20.1439 33.9191 0.0531774 0.0446231
1 21.2715 33.919 0.0319291 0.0527157
1 22.4033 33.9189 -0.01094 0.0543634
1 23.5331 33.9192 -0.046169 0.0470418
1 24.6592 33.9194 -0.0478655 0.0389185
1 25.7841 33.9185 -0.0182437 0.0310406
1 26.907 33.9172 0.00953737 0.0286179
1 28.0279 33.9167 0.015421 0.036917
1 29.1463 33.9188 0.0245105 0.0501497
1 30.2619 33.9231 0.0374883 0.0608832
1 31.3762 33.9274 0.0442042 0.061704
1 32.4905 33.9304 0.0465762 0.0567016
1 33.6042 33.9329 0.0356086 0.0497289
1 34.7162 33.9334 0.0412214 0.0454931
1 35.8277 33.9317 0.0521279 0.0480699
1 36.941 33.928 0.0606315 0.0482649
1 38.0555 33.923 0.0695709 0.0526716
1 39.1688 33.9176 0.0554694 0.0610709
1 40.2808 33.9127 0.046433 0.0669962
1 41.3919 33.9094 0.0420502 0.0703067
1 42.5028 33.907 0.0417756 0.0750318
1 43.6161 33.9054 0.0461975 0.072294
1 0.622932 34.8715 -0.0552481 0.0614863
1 1.73669 34.873 -0.0494233 0.0702099
1 2.84671 34.8752 -0.0501763 0.0831057
1 3.95629 34.8775 -0.0535241 0.0801695
1 5.06762 34.8812 -0.0692426 0.0692547
1 6.18126 34.8857 -0.0899047 0.0564193
1 7.29636 34.8912 -0.0841977 0.0469133
1 8.41027 34.8951 -0.0718728 0.0462623
1 9.52221 34.8971 -0.0570135 0.0483175
1 10.6353 34.8967 -0.0517263 0.0574356
1 11.7494 34.8944 -0.0567626 0.0605312
1 12.8639 34.8914 -0.0484841 0.0648727
1 13.9786 34.887 -0.0412701 0.0668159
1 15.0936 34.8827 -0.0305969 0.0550697
1 16.211 34.8812 -0.0145548 0.042934
1 17.3315 34.8821 -0.0121056 0.0372239
1 18.4544 34.8832 0.00789477 0.0426088
1 19.5802 34.8829 0.0386554 0.0542734
1 20.7075 34.8817 0.0449176 0.061305
1 21.8375 34.881 0.0132155 0.0650343
1 22.9693 34.8813 -0.0272323 0.0632326
1 24.0971 34.8825 -0.0434294 0.0571255
1 25.2226 34.8836 -0.0247147 0.0501554
1 26.3472 34.8832 0.00191943 0.0387537
1 27.4689 34.8819 0.0150669 0.0371977
1 28.5877 34.882 0.0199 0.0486807
1 29.7043 34.885 0.0269985 0.0636504
1 30.8194 34.8899 0.0362111 0.0661422
1 31.934 34.8936 0.0653036 0.0635189
1 33.0485 34.8962 0.0739447 0.060616
1 34.1622 34.8978 0.0591268 0.0510154
1 35.2748 34.8971 0.053039 0.0438046
1 36.3874 34.8941 0.0584497 0.0475411
1 37.5014 34.8888 0.0761327 0.0504847
1 38.6151 34.8837 0.0714594 0.0650602
1 39.7271 34.8798 0.0546326 0.0730014
1 40.8377 34.8766 0.0562572 0.0836244
1 41.9473 34.8743 0.0465531 0.0776579
1 43.0577 34.8724 0.0398747 0.0653299
1 44.1747 34.8703 0.0487483 0.0461138
1 0.0637776 35.8352 -0.0623553 0.0493139
1 1.18163 35.8376 -0.0560102 0.0605728
1 2.29167 35.8411 -0.0620896 0.0783452
1 3.40076 35.8436 -0.0584773 0.0868431
1 4.50992 35.8455 -0.0561368 0.0854368
1 5.62 35.8478 -0.078685 0.0751956
1 6.73251 35.8521 -0.0948337 0.0520426
1 7.84719 35.8574 -0.08427 0.0452063
1 8.9611 35.8606 -0.0791557 0.044392
1 10.0751 35.8616 -0.0812533 0.0519564
1 11.1898 35.8603 -0.0886774 0.0593184
1 12.3043 35.858 -0.0775282 0.062081
1 13.4196 35.8544 -0.0464749 0.0668716
1 14.5349 35.8496 -0.0364604 0.0585437
1 15.6509 35.8473 -0.0220084 0.0426298
1 16.7691 35.8477 -0.0170577 0.0364348
1 17.891 35.8485 -0.017318 0.0372107
1 19.0167 35.8478 0.0120583 0.0493244
1 20.1438 35.8458 0.0344103 0.0587125
1 21.2717 35.844 0.0209085 0.0588294
1 22.4032 35.8436 -0.00891901 0.0595192
1 23.5333 35.8448 -0.0349322 0.0587632
1 24.6602 35.8473 -0.027537 0.0525922
1 25.7865 35.8487 0.00258505 0.0420039
1 26.9107 35.8485 0.0241015 0.0368531
1 28.031 35.8479 0.0246081 0.0392715
1 29.1482 35.8486 0.0336814 0.0504326
1 30.2633 35.8523 0.0485684 0.0653176
1 31.378 35.8567 0.0616122 0.0611427
1 32.4932 35.8595 0.0743919 0.056693
1 33.6085 35.8616 0.0770477 0.0585224
1 34.7227 35.8621 0.0872833 0.0476654
1 35.836 35.8598 0.0943602 0.0419369
1 36.9506 35.8555 0.101823 0.04722
1 38.0654 35.8503 0.102505 0.0636618
1 39.1776 35.8469 0.0780622 0.0816599
1 40.2876 35.8447 0.0599304 0.087901
1 41.3965 35.843 0.0658451 0.0846871
1 42.5063 35.8397 0.0690684 0.0707776
1 43.6197 35.8364 0.072056 0.0549442
1 0.618689 36.8007 -0.0827069 0.0569235
1 1.73151 36.8058 -0.0821097 0.0681673
1 2.84165 36.8096 -0.0760129 0.0729588
1 3.95071 36.8122 -0.0671779 0.0849407
1 5.05928 36.8139 -0.0711453 0.0861887
1 6.16892 36.8156 -0.0913298 0.069943
1 7.2818 36.819 -0.102274 0.0454914
1 8.39614 36.823 -0.107122 0.0375066
1 9.5103 36.8252 -0.108932 0.0416035
1 10.6263 36.8252 -0.0992913 0.0486949
1 11.7428 36.8236 -0.0895928 0.0504018
1 12.8592 36.8213 -0.0706536 0.0528177
1 13.9748 36.8171 -0.0570671 0.0543732
1 15.0898 36.8139 -0.0436753 0.0417963
1 16.207 36.8136 -0.0341863 0.0320109
1 17.328 36.8137 -0.0365605 0.0312369
1 18.453 36.8125 -0.0157955 0.0390251
1 19.5805 36.8101 0.0146939 0.047062
1 20.7083 36.8073 0.0295727 0.0459941
1 21.8378 36.8059 0.0155238 0.0439762
1 22.9688 36.8067 -0.0173739 0.0468245
1 24.0965 36.8088 -0.0243587 0.0475772
1 25.2232 36.8116 0.00327373 0.0428564
1 26.35 36.8135 0.0286514 0.0362765
1 27.4737 36.8142 0.0332415 0.0322735
1 28.5926 36.8141 0.0337796 0.0336834
1 29.7089 36.8158 0.0381993 0.0457459
1 30.8244 36.8197 0.051499 0.0537319
1 31.9398 36.8228 0.0911012 0.0517481
1 33.0557 36.8248 0.10933 0.0501614
1 34.1721 36.8257 0.10433 0.0435934
1 35.2877 36.8247 0.100951 0.0378031
1 36.4021 36.8218 0.0963283 0.0381506
1 37.5161 36.8174 0.0942824 0.0553713
1 38.627 36.8148 0.0759334 0.077995
1 39.7357 36.8132 0.0649719 0.0882484
1 40.8447 36.8114 0.0743239 0.0813472
1 41.9544 36.8085 0.0825499 0.0743488
1 43.0651 36.8036 0.0800694 0.0644096
1 44.1833 36.798 0.0830094 0.0480973
1 0.0520284 37.7609 -0.0906053 0.0489847
1 1.17046 37.7685 -0.0896414 0.0674145
1 2.28141 37.773 -0.0924267 0.074308
1 3.39153 37.7768 -0.0894543 0.0778021
1 4.50162 37.7797 -0.0730057 0.0797396
1 5.61022 37.7813 -0.0691953 0.0805568
1 6.71931 37.7824 -0.0767927 0.070815
1 7.83101 37.7844 -0.0817095 0.0506128
1 8.94468 37.7862 -0.0968861 0.043442
1 10.0608 37.7867 -0.10972 0.0420365
1 11.1785 37.7864 -0.114169 0.043898
1 12.2959 37.7853 -0.0937667 0.0413169
1 13.4126 37.7828 -0.0560333 0.0428424
1 14.5282 37.7798 -0.0449588 0.0414267
1 15.645 37.7783 -0.037333 0.03453
1 16.7651 37.7776 -0.0406293 0.0330246
1 17.8899 37.7759 -0.037951 0.0382897
1 19.0175 37.7731 -0.00670657 0.0412788
1 20.1451 37.7699 0.0161856 0.0381428
1 21.2731 37.7677 0.0146365 0.0312366
1 22.4033 37.7673 -0.00571502 0.0290335
1 23.5321 37.7687 -0.0253654 0.0352648
1 24.6593 37.7716 -0.0104011 0.0415989
1 25.7866 37.7747 0.0244951 0.0395656
1 26.9133 37.7772 0.0470233 0.03493
1 28.0366 37.7785 0.0438769 0.0335882
1 29.1549 37.7794 0.0482087 0.0366737
1 30.2702 37.7815 0.0557122 0.0430061
1 31.3862 37.7842 0.0713065 0.0404117
1 32.5039 37.7861 0.0966583 0.0401215
1 33.6219 37.7871 0.107755 0.0417459
1 34.7385 37.7869 0.107891 0.0422609
1 35.8528 37.7856 0.0978398 0.0454052
1 36.9661 37.7834 0.0914804 0.0585934
1 38.0779 37.7819 0.0843709 0.0764982
1 39.1873 37.7805 0.0733467 0.0819413
1 40.2965 37.7788 0.0791013 0.0825394
1 41.4063 37.7758 0.0915386 0.0735609
1 42.5171 37.7717 0.0972922 0.0658677
1 43.6306 37.7651 0.103695 0.0628909
1 0.603811 38.7292 -0.114655 0.0678961
1 1.71808 38.7361 -0.106217 0.0717636
1 2.82896 38.7408 -0.096621 0.0769337
1 3.93957 38.7436 -0.0840526 0.074911
1 5.05015 38.7467 -0.0808898 0.0728015
1 6.16051 38.7488 -0.0795354 0.0758011
1 7.27158 38.7489 -0.0733311 0.0721844
1 8.38355 38.7485 -0.077433 0.0593777
1 9.49651 38.748 -0.090678 0.0497019
1 10.6129 38.7476 -0.0980784 0.0387703
1 11.7319 38.747 -0.0925273 0.029862
1 12.8504 38.7462 -0.0681454 0.0257236
1 13.9671 38.7447 -0.0561382 0.0310967
1 15.084 38.7428 -0.0477472 0.0330138
1 16.204 38.741 -0.0464063 0.0300404
1 17.3283 38.7388 -0.046461 0.0297184
1 18.4555 38.7359 -0.0197973 0.0317318
1 19.583 38.7328 0.0108918 0.0278101
1 20.71 38.73 0.0257091 0.0203793
1 21.8385 38.7286 0.012769 0.0136297
1 22.9675 38.7292 -0.0162371 0.0138905
1 24.0941 38.7312 -0.0203861 0.0238628
1 25.2208 38.7342 0.00637898 0.031222
1 26.3487 38.7377 0.0379036 0.0316317
1 27.4752 38.7405 0.045272 0.0302981
1 28.5978 38.7423 0.0392045 0.0306369
1 29.7161 38.7442 0.0422791 0.0284306
1 30.8325 38.7458 0.0555272 0.0277362
1 31.9496 38.7467 0.0916279 0.0297525
1 33.0683 38.7474 0.107719 0.0345389
1 34.1863 38.7479 0.0938855 0.0399322
1 35.3016 38.7484 0.0784483 0.0525505
1 36.4147 38.7488 0.0686535 0.062941
1 37.5264 38.7484 0.0710367 0.0750609
1 38.6363 38.7478 0.0699908 0.0795561
1 39.746 38.7458 0.0742991 0.0751599
1 40.8574 38.7428 0.0873678 0.0733328
1 41.9689 38.7389 0.0956494 0.0713698
1 43.0812 38.734 0.0904684 0.0660969
1 44.1997 38.7252 0.088403 0.0667472
1 0.0344889 39.6887 -0.0842437 0.0794679
1 1.15373 39.6979 -0.0907854 0.0665157
1 2.26604 39.704 -0.0894893 0.0714434
1 3.37807 39.7075 -0.0816805 0.0751551
1 4.48978 39.7109 -0.0762519 0.0730462
1 5.6013 39.7138 -0.0764121 0.0733638
1 6.71293 39.7152 -0.0721285 0.0747085
1 7.82518 39.7144 -0.063052 0.073256
1 8.93758 39.7119 -0.0619503 0.066714
1 10.0515 39.7097 -0.0717157 0.0493526
1 11.1685 39.7084 -0.0969102 0.0379687
1 12.2871 39.7079 -0.0876846 0.0253705
1 13.405 39.7079 -0.0582058 0.0206135
1 14.5234 39.7066 -0.0526185 0.0290817
1 15.6438 39.704 -0.0489675 0.032079
1 16.7678 39.7013 -0.0487208 0.0267509
1 17.895 39.6987 -0.0355234 0.0289545
1 19.0223 39.6959 -0.00159443 0.0274217
1 20.1486 39.693 0.0227427 0.0187392
1 21.2751 39.6914 0.0172696 0.0132594
1 22.4026 39.691 -0.0116896 0.00934474
1 23.529 39.6919 -0.0265929 0.013224
1 24.6552 39.6943 -0.0117919 0.0235949
1 25.782 39.6972 0.0196372 0.0291132
1 26.9095 39.7003 0.0508922 0.028385
1 28.0358 39.7033 0.0538509 0.0311187
1 29.1579 39.7057 0.0525908 0.0315297
1 30.2766 39.7075 0.0546666 0.0238159
1 31.3944 39.7082 0.0658471 0.0191528
1 32.5131 39.7081 0.084618 0.0274333
1 33.6314 39.7089 0.08448 0.04064
1 34.7468 39.7106 0.0804268 0.0565254
1 35.86 39.7126 0.0746985 0.0703036
1 36.9728 39.7146 0.072363 0.0787645
1 38.0849 39.7149 0.0742005 0.0789925
1 39.196 39.7131 0.0731554 0.0737842
1 40.3074 39.7091 0.0771915 0.0712085
1 41.4193 39.7056 0.0829864 0.0714716
1 42.5319 39.7011 0.0950019 0.0689676
1 43.648 39.6951 0.106226 0.0723252
1 0.586522 40.6584 -0.0937478 0.0781175
1 1.70264 40.6646 -0.084972 0.0613919
1 2.81635 40.6693 -0.0783751 0.0677448
1 3.92806 40.6731 -0.0674006 0.0729719
1 5.04015 40.6767 -0.075789 0.0675523
1 6.15314 40.6794 -0.081131 0.0725947
1 7.26691 40.6795 -0.0763473 0.0732079
1 8.38061 40.6771 -0.0717606 0.0718921
1 9.49358 40.6737 -0.0690785 0.0626277
1 10.6075 40.6709 -0.0723729 0.0483998
1 11.7245 40.6687 -0.0754202 0.0293497
1 12.8431 40.6686 -0.0658086 0.0183854
1 13.9621 40.6681 -0.0676357 0.0247609
1 15.0828 40.6654 -0.0692219 0.0305747
1 16.207 40.6624 -0.0667131 0.0249885
1 17.334 40.6601 -0.0548897 0.0206818
1 18.4612 40.6583 -0.0184268 0.0201055
1 19.5875 40.6562 0.0128694 0.0159049
1 20.7131 40.6545 0.0228041 0.00933895
1 21.839 40.6539 0.00657537 0.00357391
1 22.9653 40.654 -0.0152291 0.00472784
1 24.0905 40.655 -0.0162442 0.0119506
1 25.2158 40.6571 0.00244161 0.0183894
1 26.3429 40.6593 0.0394107 0.0226686
1 27.4706 40.6616 0.0603854 0.0233176
1 28.5963 40.6641 0.0619626 0.0269042
1 29.7191 40.6669 0.064909 0.0271055
1 30.8389 40.6686 0.0661189 0.0201446
1 31.9572 40.6687 0.0802431 0.0194273
1 33.0752 40.6695 0.0823602 0.0369344
1 34.1913 40.6717 0.0680048 0.0534032
1 35.3051 40.6748 0.0583087 0.0674884
1 36.4178 40.6784 0.0539359 0.0797633
1 37.5301 40.6803 0.0579306 0.0797859
1 38.642 40.679 0.0611847 0.0710301
1 39.7543 40.6752 0.0603375 0.0636158
1 40.8661 40.671 0.0638674 0.0722367
1 41.9782 40.6668 0.0684053 0.0641921
1 43.0916 40.6615 0.0676574 0.0657427
1 44.2107 40.6579 0.0663867 0.0864654
1 0.025435 41.623 -0.0644514 0.0891342
1 1.14427 41.6251 -0.0584678 0.070943
1 2.25796 41.6291 -0.0656189 0.0658901
1 3.37106 41.6345 -0.0569334 0.0653066
1 4.48354 41.6383 -0.0477645 0.0665014
1 5.59588 41.6419 -0.0526949 0.0690993
1 6.70898 41.6434 -0.0555792 0.0701732
1 7.82269 41.6424 -0.0532853 0.0732728
1 8.93584 41.6385 -0.0563473 0.0689632
1 10.0494 41.6349 -0.0587513 0.0487073
1 11.1646 41.6314 -0.0670902 0.0364406
1 12.2813 41.6293 -0.0721223 0.0246458
1 13.3997 41.6283 -0.0681714 0.023123
1 14.5204 41.6251 -0.0753961 0.0283757
1 15.6442 41.6217 -0.0781463 0.0221762
1 16.771 41.6199 -0.0692716 0.0095518
1 17.8989 41.6189 -0.0417571 0.00433241
1 19.0254 41.6183 -0.00583529 0.00303555
1 20.1508 41.6174 0.0137914 -0.00458516
1 21.276 41.617 0.0104035 -0.00941284
1 22.402 41.6169 -0.00797213 -0.00898813
1 23.5278 41.6168 -0.0161467 -0.00497938
1 24.6528 41.6178 -0.0047166 0.00140486
1 25.7784 41.6187 0.024895 0.00466993
1 26.9059 41.6196 0.0614751 0.0058393
1 28.0335 41.6211 0.075636 0.0125227
1 29.1584 41.6234 0.077527 0.0246945
1 30.2806 41.6269 0.0717714 0.027333
1 31.4003 41.6289 0.0659586 0.0200397
1 32.5181 41.6297 0.06546 0.0253629
1 33.6344 41.6326 0.0637417 0.042734
1 34.7483 41.6364 0.0591409 0.0629059
1 35.8601 41.6406 0.0548586 0.0754623
1 36.9732 41.6439 0.063262 0.0748703
1 38.0874 41.644 0.0726309 0.0672076
1 39.2011 41.6406 0.0645742 0.0655379
1 40.3132 41.6363 0.0535135 0.0702514
1 41.4252 41.6325 0.0619162 0.0666847
1 42.5383 41.6274 0.0639226 0.0643576
1 43.6534 41.624 0.0607647 0.0760258
1 0.585019 42.5889 -0.0530823 0.0787329
1 1.69971 42.5911 -0.0528397 0.0759475
1 2.81243 42.5956 -0.0537672 0.0697871
1 3.9251 42.6001 -0.053215 0.0723974
1 5.03808 42.6046 -0.0578175 0.072422
1 6.15241 42.607 -0.0663476 0.0792255
1 7.26696 42.6074 -0.0615915 0.078442
1 8.3805 42.6052 -0.0531386 0.075863
1 9.49267 42.6009 -0.0532443 0.0646009
1 10.6062 42.5962 -0.0580893 0.0449746
1 11.7216 42.5924 -0.0617562 0.0332753
1 12.8395 42.5897 -0.0671617 0.034512
1 13.9595 42.5858 -0.0746728 0.0416203
1 15.0815 42.5811 -0.0800852 0.0318502
1 16.2069 42.5787 -0.0807328 0.0124502
1 17.3343 42.5784 -0.0649965 0.00289082
1 18.461 42.5793 -0.0248033 -0.00229502
1 19.587 42.5798 0.00366784 -0.00580524
1 20.7127 42.5797 0.0114889 -0.00891284
1 21.8387 42.58 0.00650623 -0.0132128
1 22.9656 42.5798 -0.00761513 -0.00986334
1 24.0913 42.5794 -0.00872126 -0.00678559
1 25.2165 42.5794 0.0130002 -0.0033713
1 26.343 42.579 0.0474252 0.000802353
1 27.4704 42.5787 0.0676596 0.005286
1 28.5967 42.5798 0.0742076 0.0208689
1 29.7205 42.5835 0.0746233 0.0384841
1 30.8415 42.5879 0.066912 0.0368207
1 31.9598 42.5906 0.0687913 0.0294182
1 33.0763 42.5937 0.0674763 0.0366997
1 34.1914 42.598 0.056719 0.0548263
1 35.3044 42.6034 0.0481583 0.0750546
1 36.4168 42.6074 0.050926 0.0807238
1 37.5302 42.6083 0.0527002 0.0812412
1 38.6437 42.6066 0.0473787 0.0758867
1 39.7563 42.6031 0.0443462 0.0737453
1 40.8688 42.5984 0.0588467 0.0732278
1 41.982 42.5934 0.0565314 0.070992
1 43.0949 42.5898 0.052428 0.0758312
1 44.2145 42.5881 0.0576795 0.0762156
1 0.0239637 43.5529 -0.0396342 0.0765467
1 1.14402 43.554 -0.0414011 0.0759732
1 2.25628 43.5575 -0.0448796 0.0773173
1 3.36838 43.5615 -0.0510013 0.0793064
1 4.48152 43.5658 -0.0496879 0.0746091
1 5.59552 43.569 -0.0559541 0.0833497
1 6.70963 43.5711 -0.0558716 0.0829184
1 7.82343 43.571 -0.0493536 0.0803276
1 8.93633 43.5679 -0.0499769 0.0758572
1 10.0491 43.5624 -0.0565676 0.0630977
1 11.1636 43.5564 -0.0621241 0.0440018
1 12.2803 43.5515 -0.0725566 0.0387749
1 13.3997 43.5468 -0.0692086 0.0493643
1 14.5207 43.541 -0.0663911 0.0434031
1 15.6433 43.5371 -0.0704885 0.0209663
1 16.7682 43.5366 -0.0676432 0.00238887
1 17.895 43.5379 -0.0444866 -0.0111123
1 19.0217 43.5397 -0.0121624 -0.0164795
1 20.1479 43.5408 0.0044404 -0.0190493
1 21.2747 43.5415 0.00491893 -0.0208294
1 22.4028 43.5417 -0.00370466 -0.0223167
1 23.5301 43.541 -0.00813772 -0.0214121
1 24.6563 43.5402 0.00219808 -0.0154067
1 25.7823 43.5388 0.027508 -0.0133877
1 26.9088 43.5372 0.0567465 -0.00729512
1 28.0345 43.5368 0.0716597 0.0109125
1 29.1582 43.5387 0.0710514 0.0332158
1 30.2802 43.5439 0.072424 0.0469842
1 31.401 43.5491 0.0713279 0.0425314
1 32.5193 43.5535 0.0621978 0.0376618
1 33.6346 43.5589 0.0568922 0.0505851
1 34.7473 43.5651 0.0495386 0.0745482
1 35.8589 43.5704 0.0455129 0.0819107
1 36.9722 43.5723 0.0573436 0.0857079
1 38.0868 43.5714 0.0702982 0.0861875
1 39.2013 43.5688 0.0589856 0.0794033
1 40.3142 43.5644 0.0551373 0.0705199
1 41.4264 43.5597 0.0563884 0.0777845
1 42.5382 43.5553 0.0582587 0.0710979
1 43.6531 43.5516 0.0706708 0.0708749
1 0.586162 44.5155 -0.0608766 0.069878
1 1.70048 44.5198 -0.0526963 0.0664916
1 2.81202 44.524 -0.0489716 0.0802503
1 3.92336 44.5269 -0.049492 0.0775893
1 5.03659 44.5305 -0.0642213 0.0810466
1 6.15222 44.533 -0.070981 0.0759648
1 7.26782 44.5348 -0.058625 0.0737185
1 8.38158 44.5346 -0.0435236 0.0739566
1 9.49365 44.5307 -0.0420582 0.0719935
1 10.6063 44.5231 -0.0482261 0.0585236
1 11.7216 44.5148 -0.0608688 0.0478152
1 12.8407 44.5079 -0.0697875 0.0491835
1 13.962 44.5015 -0.0676712 0.0470409
1 15.0832 44.4968 -0.0632902 0.0282331
1 16.2049 44.4953 -0.0574074 0.00313943
1 17.3292 44.4961 -0.0470688 -0.0129889
1 18.4553 44.498 -0.0209501 -0.0238508
1 19.5817 44.5 0.000362405 -0.0308141
1 20.7089 44.5016 0.00447278 -0.0320382
1 21.838 44.5021 0.0013018 -0.0358791
1 22.9678 44.5018 -0.00301399 -0.0358086
1 24.0959 44.5008 -0.00137216 -0.0330572
1 25.2225 44.4991 0.0123745 -0.0275366
1 26.3487 44.497 0.0335314 -0.0194667
1 27.4737 44.4957 0.049879 -0.00777675
1 28.5965 44.496 0.0590077 0.0175347
1 29.718 44.4988 0.0622541 0.0398166
1 30.8391 44.5043 0.0656369 0.0474492
1 31.959 44.511 0.0674324 0.046399
1 33.076 44.5186 0.0586938 0.048879
1 34.1903 44.5265 0.0505283 0.0647357
1 35.3029 44.5335 0.0454748 0.0829947
1 36.4158 44.5364 0.0486506 0.0768305
1 37.5302 44.5349 0.0586038 0.0750844
1 38.6455 44.5329 0.0578321 0.0848681
1 39.7595 44.5302 0.0509323 0.0762199
1 40.8723 44.5256 0.0484232 0.0742811
1 41.9847 44.5219 0.0467063 0.0720251
1 43.0971 44.5167 0.0399578 0.0658598
1 44.2171 44.5127 0.0330707 0.0748799
1 0.0215983 45.4756 -0.0426958 0.0624149
1 1.14187 45.4806 -0.0414153 0.0644732
1 2.25382 45.4864 -0.0469231 0.0669031
1 3.36581 45.4904 -0.0473805 0.0791646
1 4.47838 45.493 -0.0475517 0.0860554
1 5.593 45.4941 -0.0538538 0.0853079
1 6.70877 45.4966 -0.056321 0.0754175
1 7.82413 45.499 -0.047519 0.0692213
1 8.93883 45.4984 -0.0446183 0.0688855
1 10.0525 45.4926 -0.0436471 0.0684564
1 11.1665 45.4823 -0.0488572 0.0659973
1 12.2837 45.4709 -0.0633837 0.062451
1 13.4035 45.4623 -0.0623283 0.0557541
1 14.5239 45.4573 -0.0571822 0.0341796
1 15.6445 45.4555 -0.051138 0.00922526
1 16.7657 45.4556 -0.0354631 -0.0106537
1 17.8896 45.4564 -0.0231381 -0.0211917
1 19.0155 45.4581 -0.00668728 -0.0262654
1 20.1422 45.4603 0.00521746 -0.0385914
1 21.2717 45.4611 0.000720574 -0.0444112
1 22.4038 45.4609 -0.00375992 -0.0442996
1 23.5345 45.4607 -0.00226983 -0.0422592
1 24.6624 45.4595 0.00196907 -0.0335111
1 25.7885 45.4573 0.0127028 -0.0248449
1 26.9134 45.456 0.0300118 -0.0159268
1 28.0356 45.4559 0.0466566 0.000805604
1 29.1561 45.4563 0.050762 0.0235888
1 30.2763 45.4593 0.058059 0.048044
1 31.3964 45.4662 0.0619617 0.0559493
1 32.5151 45.4761 0.0533872 0.0554581
1 33.6308 45.4869 0.0478368 0.0660767
1 34.7441 45.4957 0.0441694 0.0771252
1 35.8578 45.5004 0.043875 0.0755178
1 36.9727 45.4992 0.0551477 0.0707579
1 38.0884 45.4966 0.0635398 0.0852879
1 39.2042 45.4952 0.0600706 0.0834887
1 40.3186 45.4918 0.0612295 0.0740939
1 41.4313 45.4876 0.0549051 0.0753648
1 42.5437 45.4839 0.0473878 0.0709853
1 43.6571 45.4776 0.0540459 0.0640522
1 0.579819 46.4395 -0.057205 0.0678639
1 1.69284 46.448 -0.053354 0.0730397
1 2.80592 46.4528 -0.0565095 0.0749901
1 3.91929 46.4558 -0.0557163 0.0820538
1 5.03412 46.4566 -0.0588619 0.0937532
1 6.15041 46.4577 -0.0567741 0.0880523
1 7.26664 46.4607 -0.0474734 0.0735111
1 8.38252 46.4628 -0.0398423 0.0692908
1 9.49864 46.4609 -0.0451617 0.067989
1 10.6143 46.4524 -0.0425137 0.0751636
1 11.7305 46.4383 -0.0472944 0.0811182
1 12.8482 46.4257 -0.0515679 0.0725586
1 13.9663 46.4181 -0.0434209 0.0519903
1 15.0849 46.4159 -0.0412188 0.0195792
1 16.2047 46.4167 -0.0338764 -0.00767251
1 17.3262 46.4164 -0.0174575 -0.0137887
1 18.4503 46.4165 -0.00161439 -0.0201995
1 19.5761 46.4187 0.00904997 -0.0329453
1 20.7049 46.4193 0.00703202 -0.0420575
1 21.8372 46.4183 0.00103021 -0.0532731
1 22.9706 46.4188 -0.00573924 -0.0465928
1 24.1012 46.4195 -0.0115911 -0.037154
1 25.2276 46.4177 -0.00357807 -0.0279596
1 26.3525 46.4164 0.0108416 -0.0163344
1 27.4753 46.417 0.0227252 -0.0126304
1 28.5955 46.4168 0.0413121 0.00814737
1 29.7149 46.417 0.0450866 0.0397377
1 30.8332 46.4213 0.0469839 0.0601656
1 31.9506 46.4312 0.0528732 0.0713713
1 33.0675 46.4449 0.0468734 0.0739861
1 34.1835 46.4566 0.043437 0.0707169
1 35.2995 46.4627 0.0416325 0.0767945
1 36.4158 46.4635 0.0390703 0.0750618
1 37.5315 46.4604 0.0450422 0.0807683
1 38.6474 46.4585 0.0555746 0.0922413
1 39.7637 46.4569 0.056016 0.0809269
1 40.8781 46.4536 0.0517978 0.0756024
1 41.991 46.4496 0.0478355 0.074195
1 43.104 46.445 0.0542187 0.0730491
1 44.2241 46.4355 0.0633807 0.0727881
1 0.00657694 47.3937 -0.045729 0.0813824
1 1.128 47.4128 -0.0509406 0.070468
1 2.24437 47.418 -0.0447835 0.0700787
1 3.35959 47.4218 -0.0490783 0.0727772
1 4.47504 47.4232 -0.0508156 0.091189
1 5.59092 47.4228 -0.0468869 0.0860126
1 6.70714 47.4254 -0.0449575 0.0725203
1 7.82385 47.429 -0.0377024 0.0690715
1 8.94244 47.4292 -0.0399743 0.0609099
1 10.0622 47.425 -0.0504333 0.0622907
1 11.1809 47.4128 -0.0470055 0.0799872
1 12.2975 47.3969 -0.0383489 0.0745359
1 13.412 47.3863 -0.0285205 0.0620339
1 14.527 47.3813 -0.0203044 0.0340955
1 15.6445 47.3816 -0.0279722 -0.00873254
1 16.765 47.3824 -0.0186235 -0.0235298
1 17.8879 47.3806 -0.00208859 -0.0240241
1 19.0119 47.3812 0.0177226 -0.0328989
1 20.139 47.3827 0.0221894 -0.0435969
1 21.2708 47.3803 0.008399 -0.0537903
1 22.4038 47.3793 -0.00413759 -0.0593777
1 23.5363 47.3821 -0.0175139 -0.0503098
1 24.666 47.3825 -0.0202645 -0.0348827
1 25.7914 47.381 -0.00551051 -0.0276261
1 26.9146 47.3818 0.00690956 -0.0257311
1 28.0358 47.3829 0.0207751 -0.0149008
1 29.1547 47.382 0.0214472 0.0148572
1 30.2708 47.3835 0.0249254 0.0484938
1 31.3849 47.3907 0.0367402 0.0653371
1 32.5003 47.4043 0.0447091 0.0711659
1 33.618 47.4186 0.0508142 0.0654386
1 34.737 47.4271 0.0417317 0.0647561
1 35.8562 47.4304 0.0347436 0.0714676
1 36.9739 47.4287 0.0411801 0.0731989
1 38.0906 47.4253 0.0541617 0.0820201
1 39.208 47.4243 0.060212 0.0860727
1 40.3245 47.422 0.0545494 0.0738516
1 41.4388 47.419 0.0376521 0.075326
1 42.5531 47.415 0.0360192 0.0637826
1 43.67 47.4073 0.0475385 0.084141
