1 0.756208 0.232167 0.0713715 0.074646
1 1.87332 0.225567 0.071541 0.0782673
1 2.98798 0.22238 0.0728264 0.0748207
1 4.10175 0.219939 0.0722936 0.0779245
1 5.21543 0.218533 0.0695696 0.0718245
1 6.32846 0.217702 0.0750956 0.0792277
1 7.44169 0.215249 0.0657652 0.0794107
1 8.55561 0.215045 0.0686671 0.0672349
1 9.66864 0.215782 0.0716718 0.0752004
1 10.7821 0.21373 0.0677063 0.0846189
1 11.896 0.211768 0.0656765 0.0748659
1 13.0106 0.213468 0.060522 0.0584835
1 14.1244 0.218468 0.0621484 0.0474124
1 15.2356 0.224374 0.0563123 0.0447351
1 16.3438 0.22926 0.0294618 0.0413931
1 17.4475 0.23263 -0.00157079 0.0321999
1 18.5467 0.234293 -0.0199433 0.0249521
1 19.6452 0.234751 -0.0164008 0.0240079
1 20.7451 0.235034 -0.00296626 0.0262393
1 21.845 0.235258 0.000406496 0.0271072
1 22.9448 0.235308 -0.000325041 0.0269841
1 24.045 0.235199 0.00956187 0.0248884
1 25.1443 0.234945 0.020945 0.0244803
1 26.2426 0.233844 0.0126933 0.0286245
1 27.3437 0.231183 -0.0139424 0.038141
1 28.45 0.226999 -0.0461263 0.0441918
1 29.5597 0.221308 -0.0626467 0.0433942
1 30.6724 0.21504 -0.0586435 0.0485341
1 31.787 0.210982 -0.0619307 0.0652775
1 32.9013 0.211414 -0.0684804 0.0838999
1 34.0149 0.214726 -0.0671359 0.0852751
1 35.1282 0.215748 -0.0715113 0.0691966
1 36.2414 0.214815 -0.0688893 0.0721725
1 37.355 0.216823 -0.0715804 0.0817237
1 38.4678 0.218383 -0.0707051 0.0704672
1 39.5814 0.218361 -0.0685399 0.0751766
1 40.6951 0.221393 -0.0709082 0.0809034
1 41.8095 0.223646 -0.0695944 0.0723556
1 42.925 0.227509 -0.073523 0.0786287
1 44.0458 0.24419 -0.0700639 0.0770684
1 0.20175 1.20384 0.0688002 0.0768209
1 1.32195 1.19539 0.0685478 0.0747156
1 2.43486 1.19095 0.071554 0.0788015
1 3.54763 1.18828 0.0676195 0.0769321
1 4.66062 1.18657 0.0698846 0.0759101
1 5.77335 1.18522 0.0684157 0.0797036
1 6.88673 1.1836 0.0685053 0.0765322
1 7.99945 1.18256 0.0722829 0.0759718
1 9.11228 1.18236 0.0689933 0.073713
1 10.226 1.18197 0.0659514 0.0776236
1 11.3394 1.17996 0.0725145 0.0824266
1 12.4518 1.17955 0.0736871 0.068519
1 13.5647 1.18307 0.0647069 0.0538108
1 14.6769 1.18882 0.0611652 0.0476611
1 15.7867 1.19484 0.0485577 0.0455935
1 16.8934 1.19986 0.0201234 0.0447718
1 17.9958 1.20337 -0.00448102 0.0394487
1 19.0954 1.2054 -0.0129736 0.0301523
1 20.1952 1.20614 -0.00916726 0.0245977
1 21.2952 1.20609 -0.00331578 0.0247086
1 22.3947 1.20609 0.00126183 0.0250956
1 23.4946 1.20638 0.00576089 0.0238594
1 24.5948 1.20621 0.0123884 0.0269344
1 25.6943 1.20478 0.0103416 0.0358981
1 26.795 1.20189 -0.00630472 0.0436903
1 27.8997 1.19753 -0.0354953 0.0457326
1 29.0081 1.1918 -0.0594312 0.0459468
1 30.1191 1.1855 -0.0643569 0.0480436
1 31.2318 1.1801 -0.0668861 0.0558359
1 32.3446 1.17805 -0.0700314 0.0756126
1 33.4576 1.18022 -0.0675606 0.0884107
1 34.5711 1.18248 -0.0692619 0.0764304
1 35.6844 1.18237 -0.0690394 0.0713163
1 36.7973 1.18296 -0.0717667 0.0793834
1 37.9101 1.18488 -0.0706314 0.0783901
1 39.0233 1.18572 -0.0720735 0.072311
1 40.1358 1.18695 -0.0727464 0.080722
1 41.2487 1.18986 -0.0715177 0.0788511
1 42.3613 1.1928 -0.0736474 0.0765676
1 43.4742 1.1997 -0.074723 0.0784292
1 0.768953 2.16055 0.0748436 0.0797217
1 1.88242 2.15583 0.0739342 0.0743939
1 2.99422 2.15271 0.0726461 0.0765338
1 4.10637 2.15027 0.0738568 0.0777378
1 5.21845 2.14863 0.0713581 0.0767885
1 6.33126 2.14718 0.0696667 0.0762137
1 7.44384 2.14605 0.0734907 0.0759914
1 8.5562 2.1452 0.0718864 0.0742338
1 9.66939 2.14476 0.0688324 0.0745645
1 10.7825 2.14377 0.0714716 0.0807221
1 11.8948 2.14261 0.0726819 0.0746753
1 13.0069 2.14419 0.068752 0.0595239
1 14.1189 2.14891 0.0667062 0.0489171
1 15.2292 2.15504 0.0604655 0.0457484
1 16.3373 2.16078 0.0354071 0.0472144
1 17.4423 2.16548 0.0100317 0.045156
1 18.5437 2.16917 -0.000951617 0.0408847
1 19.6445 2.17156 -0.00152957 0.0352808
1 20.7455 2.17271 0.00145424 0.0257502
1 21.8451 2.17314 0.000640917 0.018669
1 22.9442 2.1731 -0.002019 0.0211033
1 24.0449 2.17248 -0.000373056 0.0306384
1 25.1461 2.17074 0.001311 0.0388843
1 26.2468 2.1676 -0.00317534 0.0440072
1 27.3497 2.16334 -0.0204669 0.0474796
1 28.4565 2.15802 -0.0486188 0.0456488
1 29.5661 2.15161 -0.0636975 0.0440829
1 30.6777 2.14562 -0.0676033 0.0532074
1 31.7895 2.14223 -0.0778555 0.067328
1 32.901 2.14219 -0.0739246 0.0775431
1 34.0139 2.1438 -0.066037 0.0796829
1 35.1272 2.14495 -0.0696225 0.0766319
1 36.24 2.14564 -0.0694623 0.0738004
1 37.3526 2.1466 -0.0711813 0.0761048
1 38.465 2.14808 -0.069585 0.0777148
1 39.5776 2.14945 -0.0657855 0.0750933
1 40.6899 2.15121 -0.06804 0.0773998
1 41.802 2.15415 -0.0687088 0.0782419
1 42.9141 2.15881 -0.0685715 0.0733945
1 44.0351 2.16237 -0.0664698 0.0741068
1 0.207542 3.12265 0.0672583 0.0761889
1 1.3284 3.12011 0.0702703 0.0752808
1 2.4404 3.11702 0.0727426 0.0766149
1 3.55211 3.11417 0.0697322 0.0762488
1 4.66401 3.11229 0.0716163 0.075616
1 5.77592 3.11042 0.0695526 0.0774535
1 6.8883 3.10924 0.0721096 0.0733412
1 8.00038 3.10836 0.0706805 0.0773337
1 9.11323 3.10711 0.0663955 0.0763046
1 10.2262 3.10665 0.0692546 0.0736017
1 11.3386 3.10605 0.0749306 0.0756537
1 12.4499 3.10624 0.0798537 0.0661811
1 13.561 3.10943 0.0714061 0.0536094
1 14.672 3.11484 0.062112 0.0478432
1 15.7812 3.1208 0.0477937 0.0459326
1 16.8875 3.12625 0.0217239 0.0455628
1 17.9904 3.13074 0.00492892 0.0450877
1 19.0914 3.13424 0.00661397 0.0419669
1 20.1932 3.1371 0.0158218 0.0348362
1 21.2946 3.13921 0.0134205 0.0284001
1 22.3948 3.13976 -0.00451345 0.0266198
1 23.4958 3.13846 -0.0171144 0.0309768
1 24.5978 3.13593 -0.0109301 0.0388987
1 25.6992 3.13274 -0.00448842 0.0443759
1 26.8008 3.12869 -0.0104075 0.0461474
1 27.9055 3.12365 -0.0355261 0.0462078
1 29.0134 3.11773 -0.0604018 0.0452373
1 30.1235 3.11153 -0.0675716 0.0474423
1 31.2347 3.10668 -0.0720624 0.0583605
1 32.3461 3.10501 -0.0724007 0.07357
1 33.4582 3.10583 -0.0703525 0.0777543
1 34.5706 3.10674 -0.0745734 0.0748883
1 35.6831 3.10771 -0.0728165 0.0768346
1 36.7955 3.10889 -0.0737274 0.0744621
1 37.9075 3.10989 -0.073762 0.0744159
1 39.0197 3.1115 -0.0717331 0.0753689
1 40.1317 3.11296 -0.0679022 0.0741195
1 41.2436 3.11544 -0.0695115 0.0772106
1 42.3554 3.11874 -0.0719531 0.0751849
1 43.4698 3.12148 -0.071626 0.077254
1 0.7718 4.08288 0.0707728 0.0772645
1 1.88589 4.08059 0.0734327 0.0765992
1 2.9977 4.07803 0.0705056 0.0773313
1 4.10965 4.07576 0.0684554 0.0792085
1 5.2214 4.07385 0.0708963 0.076199
1 6.33324 4.07257 0.0726908 0.0766342
1 7.44508 4.07113 0.0721923 0.0811675
1 8.55753 4.06989 0.0710352 0.0767231
1 9.66968 4.06936 0.0790396 0.0757757
1 10.7814 4.06893 0.0734526 0.0773975
1 11.8935 4.06882 0.0700909 0.0718649
1 13.0049 4.07065 0.0724783 0.0616248
1 14.1157 4.07491 0.0675494 0.0532683
1 15.2251 4.08063 0.0598972 0.0482299
1 16.3323 4.08645 0.0337168 0.048266
1 17.4366 4.09144 0.00927729 0.0472036
1 18.5378 4.09572 0.00861596 0.0435928
1 19.6388 4.09952 0.0179138 0.0418118
1 20.7414 4.10257 0.0197372 0.0435276
1 21.8441 4.10412 0.005321 0.0458019
1 22.9469 4.10367 -0.0146465 0.0451386
1 24.05 4.10134 -0.0206571 0.0424829
1 25.152 4.09781 -0.0143435 0.0425672
1 26.2527 4.09376 -0.00688383 0.0458072
1 27.3551 4.0891 -0.0185435 0.0483107
1 28.4611 4.08355 -0.0480275 0.0473256
1 29.5698 4.07738 -0.062152 0.0482502
1 30.6806 4.07193 -0.069608 0.05588
1 31.7911 4.06868 -0.0835807 0.0674324
1 32.9018 4.06806 -0.0753391 0.0764294
1 34.014 4.0687 -0.0652946 0.0776097
1 35.1266 4.06947 -0.0685856 0.0783392
1 36.239 4.07066 -0.0704429 0.0791382
1 37.3513 4.07192 -0.0700007 0.0758587
1 38.4633 4.07318 -0.0734298 0.078266
1 39.5749 4.07504 -0.0723051 0.0766902
1 40.6865 4.07682 -0.0739911 0.0758167
1 41.7979 4.0792 -0.0731907 0.078633
1 42.9103 4.08188 -0.0728778 0.0753715
1 44.0311 4.08403 -0.072699 0.0763029
1 0.210012 5.04518 0.0716002 0.0744932
1 1.33054 5.04382 0.0709517 0.075816
1 2.4429 5.04148 0.0745282 0.0771204
1 3.55445 5.03935 0.0720602 0.0737751
1 4.66613 5.03751 0.0711703 0.0744702
1 5.77768 5.03573 0.0698097 0.0768515
1 6.88966 5.03411 0.0723006 0.0759469
1 8.00151 5.03291 0.0695978 0.0746998
1 9.11366 5.03213 0.0703629 0.074983
1 10.2256 5.0316 0.0693417 0.0728288
1 11.3379 5.03164 0.071221 0.0703635
1 12.4488 5.03247 0.0845786 0.0663169
1 13.5589 5.03552 0.0739056 0.0548522
1 14.6692 5.04073 0.0602583 0.0471685
1 15.7775 5.04653 0.0460076 0.0458174
1 16.8826 5.05202 0.0206785 0.0431425
1 17.9842 5.057 0.00922355 0.0395735
1 19.0844 5.06117 0.0120656 0.0421009
1 20.187 5.06424 0.0138723 0.0491769
1 21.2914 5.06599 0.0087414 0.0545741
1 22.3959 5.06635 -0.00317181 0.0556549
1 23.5007 5.06536 -0.0125884 0.0525351
1 24.6047 5.06297 -0.0124772 0.0458781
1 25.706 5.05932 -0.0100871 0.0403459
1 26.8064 5.05467 -0.0114556 0.0409619
1 27.9099 5.04932 -0.0349675 0.0446306
1 29.0166 5.04349 -0.0622576 0.0458269
1 30.1256 5.03764 -0.0672558 0.0485207
1 31.2362 5.03304 -0.0689965 0.0577315
1 32.3474 5.03096 -0.0709038 0.070125
1 33.4589 5.03107 -0.0753103 0.075895
1 34.5703 5.03166 -0.0773763 0.0732901
1 35.6823 5.03227 -0.0719675 0.074683
1 36.7943 5.03355 -0.0745673 0.0780449
1 37.9061 5.03506 -0.0707146 0.0758344
1 39.0181 5.03675 -0.0727226 0.0745675
1 40.1296 5.03852 -0.0710762 0.0751581
1 41.2412 5.04076 -0.0717322 0.0736693
1 42.3529 5.04279 -0.0754332 0.075058
1 43.4669 5.0442 -0.0748034 0.078112
1 0.773393 6.0062 0.0728013 0.0764356
1 1.8878 6.00467 0.0734686 0.0763807
1 2.99948 6.00306 0.074311 0.0754973
1 4.11121 6.00111 0.07241 0.0786475
1 5.22269 5.9992 0.0720271 0.07709
1 6.33451 5.99752 0.0729554 0.0781871
1 7.44614 5.99585 0.0726923 0.0784629
1 8.55807 5.99502 0.0722937 0.0738457
1 9.66958 5.99476 0.0798406 0.0745807
1 10.781 5.99432 0.0706574 0.0752616
1 11.893 5.99461 0.071468 0.0719113
1 13.0037 5.99677 0.0726067 0.0606747
1 14.1141 6.00129 0.06492 0.0513493
1 15.2227 6.00696 0.062038 0.0474189
1 16.3282 6.01282 0.036381 0.0442412
1 17.431 6.01827 0.00777382 0.042982
1 18.5315 6.02253 0.00101289 0.0483139
1 19.6334 6.02531 0.00250444 0.0565418
1 20.7383 6.02688 0.00347806 0.0616825
1 21.8436 6.02754 0.000799232 0.0632959
1 22.9488 6.02736 -0.0034825 0.0628392
1 24.0544 6.02627 -0.00322399 0.0596711
1 25.1582 6.02415 -0.00194067 0.0530191
1 26.2589 6.02068 -0.00323666 0.0453207
1 27.36 6.01572 -0.0186651 0.0424216
1 28.4644 6.00981 -0.0491406 0.0450006
1 29.5719 6.00383 -0.0643091 0.0490868
1 30.6817 5.9985 -0.0733404 0.0543788
1 31.7915 5.99478 -0.0819666 0.0637108
1 32.9023 5.99348 -0.0696092 0.0749709
1 34.0144 5.994 -0.066477 0.0782894
1 35.1263 5.99469 -0.0708607 0.0756411
1 36.238 5.99536 -0.0717338 0.0767866
1 37.3497 5.99667 -0.0703783 0.0778572
1 38.4617 5.99838 -0.0692104 0.0785238
1 39.5734 6.00025 -0.0686129 0.0778789
1 40.6853 6.00234 -0.0687998 0.0765609
1 41.7971 6.00392 -0.0742663 0.0773681
1 42.9095 6.00576 -0.0721622 0.0770245
1 44.03 6.00616 -0.0706264 0.0772624
1 0.211441 6.96862 0.0663017 0.0775078
1 1.33169 6.9677 0.0690085 0.0754346
1 2.44397 6.96642 0.0715834 0.073512
1 3.55571 6.96464 0.0690774 0.0733003
1 4.66737 6.96293 0.0692591 0.0746317
1 5.77908 6.9609 0.0670176 0.0792118
1 6.89106 6.95907 0.0723192 0.0751926
1 8.00225 6.95831 0.0736979 0.0714351
1 9.11372 6.95787 0.0693288 0.0741147
1 10.2259 6.95701 0.0634407 0.0767993
1 11.3382 6.95689 0.0720262 0.0716167
1 12.4485 6.95842 0.0867493 0.0634241
1 13.5581 6.96224 0.0736403 0.0514755
1 14.6675 6.96779 0.0659597 0.0452663
1 15.7741 6.97379 0.049685 0.0440647
1 16.8781 6.97931 0.0109421 0.0460398
1 17.9797 6.98345 -0.00921031 0.0520163
1 19.0811 6.98598 -0.00676058 0.0592069
1 20.1853 6.98742 -0.00187377 0.0634867
1 21.2909 6.98819 0.000155755 0.0643212
1 22.3961 6.98834 -0.000482765 0.0642795
1 23.5018 6.98791 0.000103328 0.0639615
1 24.6073 6.98684 0.00604895 0.0616967
1 25.7101 6.98491 0.00951836 0.0563104
1 26.811 6.98167 0.00209415 0.0491812
1 27.9138 6.97673 -0.0319507 0.0437484
1 29.0192 6.97065 -0.0660516 0.0430792
1 30.1269 6.96463 -0.070924 0.0481772
1 31.2367 6.95976 -0.0725429 0.0562637
1 32.3471 6.95679 -0.0708294 0.0657242
1 33.4586 6.95614 -0.0715252 0.0753154
1 34.57 6.957 -0.075617 0.0772649
1 35.6818 6.95781 -0.0706655 0.0727457
1 36.7933 6.95853 -0.0760942 0.0753088
1 37.9047 6.95999 -0.0711321 0.0775107
1 39.0167 6.96181 -0.0711084 0.0757924
1 40.1283 6.96365 -0.0696198 0.077398
1 41.2405 6.96582 -0.0701046 0.0754431
1 42.3524 6.9673 -0.0762871 0.0723558
1 43.4669 6.96814 -0.0751992 0.0754093
1 0.774983 7.93041 0.0757625 0.074283
1 1.88871 7.92975 0.0764009 0.0748151
1 3.00043 7.92837 0.072699 0.0779391
1 4.11233 7.92647 0.0706787 0.0769001
1 5.22409 7.92445 0.0689145 0.0774497
1 6.33594 7.92264 0.0736429 0.0754402
1 7.44685 7.9217 0.076221 0.0736367
1 8.5585 7.921 0.0686855 0.0762206
1 9.6706 7.92006 0.074888 0.078826
1 10.782 7.9193 0.0735509 0.0760906
1 11.8932 7.92038 0.0744081 0.065525
1 13.0033 7.9238 0.073675 0.0529158
1 14.1127 7.92916 0.07163 0.0469426
1 15.22 7.93499 0.0621648 0.0482325
1 16.3254 7.94021 0.0201691 0.0524826
1 17.4289 7.94416 -0.0153191 0.0579503
1 18.5303 7.94665 -0.0174247 0.0626484
1 19.6331 7.94805 -0.00862789 0.0652723
1 20.7385 7.94888 -0.00317876 0.0659932
1 21.8437 7.94928 -0.000900664 0.0657436
1 22.9486 7.94919 0.000512353 0.0657382
1 24.0543 7.94856 0.0055486 0.0656041
1 25.1589 7.94744 0.0135771 0.0640596
1 26.2606 7.94558 0.0187395 0.0610052
1 27.3625 7.94245 0.000797878 0.0560276
1 28.4672 7.93779 -0.0411801 0.0491717
1 29.5741 7.93194 -0.0671018 0.0449981
1 30.6826 7.926 -0.0793763 0.0490248
1 31.7913 7.92143 -0.0865755 0.0595117
1 32.9013 7.91912 -0.0696874 0.0703617
1 34.0134 7.91897 -0.0623043 0.0769767
1 35.1255 7.92012 -0.0670705 0.0788022
1 36.2375 7.92117 -0.0703973 0.0752291
1 37.3486 7.92194 -0.0742788 0.0740915
1 38.4601 7.92333 -0.0694743 0.0788681
1 39.5719 7.9255 -0.0690627 0.078634
1 40.6837 7.92731 -0.0680726 0.0758779
1 41.7955 7.92902 -0.0692249 0.077598
1 42.908 7.93025 -0.065694 0.0751781
1 44.0278 7.93152 -0.0644255 0.0703556
1 0.213742 8.89336 0.0667993 0.0704405
1 1.3332 8.89304 0.0718088 0.0706398
1 2.4452 8.89164 0.0721992 0.0752177
1 3.55699 8.88972 0.069562 0.0766328
1 4.66881 8.88778 0.0705864 0.0775656
1 5.78033 8.88584 0.0715939 0.0754685
1 6.89169 8.88476 0.0721703 0.0724003
1 8.00306 8.88395 0.0685368 0.0762026
1 9.11507 8.88255 0.0659157 0.0800323
1 10.2274 8.88148 0.063988 0.0777425
1 11.3392 8.88214 0.0733802 0.0648901
1 12.4486 8.88539 0.090147 0.05279
1 13.5571 8.89039 0.0784803 0.0482932
1 14.6658 8.89575 0.0601456 0.0516653
1 15.7732 8.9005 0.0293945 0.0571895
1 16.8785 8.90423 -0.0111586 0.0619895
1 17.9806 8.90677 -0.024701 0.0649769
1 19.082 8.90831 -0.0146003 0.0660915
1 20.1863 8.90928 -0.00561673 0.0660158
1 21.2915 8.90984 -0.00156485 0.0659031
1 22.396 8.90998 -6.02057e-05 0.0661862
1 23.501 8.90966 0.00213888 0.0660128
1 24.6063 8.9089 0.011496 0.0656434
1 25.7092 8.90763 0.0226518 0.0653721
1 26.8104 8.90563 0.0220863 0.0643662
1 27.914 8.90256 -0.0115068 0.0606233
1 29.0204 8.89829 -0.0524858 0.0538175
1 30.1285 8.89298 -0.0687259 0.0480478
1 31.2374 8.88746 -0.0785536 0.0486065
1 32.3465 8.88307 -0.0782536 0.0581344
1 33.4569 8.8811 -0.0730838 0.0715673
1 34.5682 8.88152 -0.0714578 0.0794523
1 35.6805 8.88295 -0.0639524 0.0774321
1 36.7924 8.88419 -0.0740129 0.0746076
1 37.9032 8.88513 -0.0725665 0.0736367
1 39.0149 8.88663 -0.0680016 0.0765277
1 40.1268 8.88857 -0.0667341 0.0766087
1 41.2388 8.89042 -0.0671382 0.0759722
1 42.3507 8.89225 -0.0710103 0.0736509
1 43.4645 8.89359 -0.071495 0.0715856
1 0.775069 9.85662 0.0740275 0.071297
1 1.88932 9.85537 0.0722023 0.0763373
1 3.00161 9.85348 0.0686305 0.076159
1 4.11384 9.85149 0.0669647 0.0767383
1 5.22567 9.84952 0.068955 0.0745547
1 6.33713 9.84838 0.0729622 0.0723112
1 7.44811 9.8473 0.072389 0.0765725
1 8.56033 9.84557 0.0623609 0.0818334
1 9.67277 9.84411 0.072871 0.0766845
1 10.7836 9.84455 0.0767439 0.0641231
1 11.8936 9.84762 0.0797951 0.0523239
1 13.0028 9.85221 0.0733349 0.0505998
1 14.1125 9.85693 0.0597352 0.0548878
1 15.2212 9.86113 0.0416846 0.0593206
1 16.3279 9.86462 0.0032909 0.0634316
1 17.4315 9.86725 -0.0262573 0.0657642
1 18.5324 9.86906 -0.0238562 0.0652892
1 19.6347 9.87024 -0.0106486 0.0645143
1 20.7396 9.87096 -0.00357101 0.0644556
1 21.844 9.87126 -0.000989121 0.0644355
1 22.948 9.87119 0.000646802 0.0646008
1 24.053 9.87072 0.00587913 0.0646915
1 25.157 9.86976 0.0175466 0.0644306
1 26.2583 9.86823 0.0292857 0.0652624
1 27.36 9.86602 0.0150111 0.0655759
1 28.4653 9.86301 -0.0244234 0.0623186
1 29.5736 9.85911 -0.0506692 0.0564547
1 30.6832 9.85445 -0.0701603 0.0512261
1 31.7918 9.84953 -0.0891031 0.0501194
1 32.9005 9.84554 -0.0775097 0.0574745
1 34.0113 9.84369 -0.0667658 0.0704034
1 35.1229 9.84442 -0.0649491 0.0804012
1 36.2355 9.84636 -0.064162 0.0795302
1 37.3471 9.8478 -0.0693598 0.0719762
1 38.4586 9.8487 -0.0686726 0.0730297
1 39.5701 9.85039 -0.0675409 0.0756754
1 40.6819 9.85238 -0.0677528 0.073999
1 41.7936 9.85423 -0.0702158 0.0762287
1 42.9057 9.8563 -0.0711474 0.0748104
1 44.0248 9.85737 -0.0729746 0.0744773
1 0.214594 10.8208 0.0740217 0.0717082
1 1.33413 10.8188 0.0690265 0.0798732
1 2.44652 10.8166 0.0703398 0.0794649
1 3.55852 10.8147 0.064807 0.0801294
1 4.67072 10.8128 0.066675 0.0788492
1 5.78206 10.8115 0.0695821 0.0759665
1 6.89358 10.8103 0.0664593 0.0819495
1 8.00582 10.8082 0.0606612 0.0872687
1 9.11815 10.8064 0.064762 0.0800395
1 10.2295 10.8069 0.0689399 0.0671364
1 11.34 10.8096 0.0751961 0.0594742
1 12.4491 10.8136 0.0821011 0.0589382
1 13.5586 10.8177 0.062398 0.0619114
1 14.6689 10.8214 0.0436336 0.0654003
1 15.7772 10.8248 0.0191039 0.0691771
1 16.8823 10.8274 -0.0169648 0.0716903
1 17.9836 10.8295 -0.0300908 0.0709382
1 19.0842 10.831 -0.0176165 0.0695988
1 20.1877 10.8319 -0.00583666 0.0691046
1 21.2923 10.8324 -0.000981482 0.0688196
1 22.3958 10.8325 2.5515e-05 0.0688821
1 23.5 10.8322 0.00135164 0.0692595
1 24.6044 10.8316 0.01195 0.0695022
1 25.7066 10.8303 0.0274483 0.0699024
1 26.807 10.8285 0.0296164 0.0711159
1 27.9102 10.8261 -0.0034712 0.0711362
1 29.0169 10.8232 -0.0407234 0.0683391
1 30.1261 10.8196 -0.0529757 0.0640424
1 31.2365 10.8156 -0.0644009 0.0585109
1 32.3461 10.8113 -0.0741074 0.0565106
1 33.4556 10.8077 -0.077401 0.0623289
1 34.5656 10.8061 -0.0749877 0.0750493
1 35.6776 10.807 -0.0614964 0.0851259
1 36.79 10.8093 -0.0689656 0.0858293
1 37.9014 10.8111 -0.0719009 0.0778608
1 39.0128 10.8121 -0.0699175 0.0746142
1 40.1244 10.8137 -0.0676578 0.0795037
1 41.2366 10.8158 -0.0665165 0.0792959
1 42.3487 10.8178 -0.0706879 0.0779706
1 43.4629 10.8197 -0.0749034 0.0747307
1 0.777667 11.7831 0.0652179 0.0744626
1 1.89224 11.7802 0.0671347 0.0753819
1 3.00447 11.7779 0.0655681 0.0763609
1 4.11653 11.7759 0.0678059 0.0730865
1 5.22779 11.7747 0.06897 0.0722155
1 6.33948 11.7732 0.0654618 0.0795085
1 7.45151 11.7708 0.0648437 0.0828474
1 8.56398 11.769 0.060776 0.0759406
1 9.67559 11.7692 0.0741376 0.0652242
1 10.7856 11.7714 0.072639 0.0585829
1 11.8958 11.7748 0.0678578 0.0566395
1 13.0062 11.7785 0.0584832 0.0589417
1 14.117 11.7819 0.0487661 0.0625074
1 15.2262 11.7849 0.0376365 0.0654645
1 16.3325 11.7876 0.00219985 0.0680885
1 17.4351 11.7898 -0.0301113 0.0680298
1 18.5351 11.7916 -0.0280155 0.0665471
1 19.6366 11.7928 -0.0113926 0.0657029
1 20.7407 11.7935 -0.00274141 0.0651861
1 21.8443 11.7938 -0.000412295 0.0649262
1 22.9474 11.7937 0.000385935 0.0653209
1 24.0516 11.7933 0.00511048 0.0659459
1 25.1547 11.7923 0.0189594 0.0663461
1 26.255 11.7908 0.0338032 0.0671054
1 27.3558 11.7887 0.01887 0.0679025
1 28.4605 11.7862 -0.0211978 0.0668939
1 29.5688 11.7834 -0.0436954 0.0643721
1 30.6793 11.7802 -0.0575582 0.061321
1 31.7892 11.7766 -0.0749807 0.0578685
1 32.8987 11.773 -0.0695833 0.0562491
1 34.0092 11.7699 -0.0676361 0.0594869
1 35.1198 11.7685 -0.0673277 0.0703722
1 36.2318 11.7695 -0.060582 0.0824394
1 37.3443 11.772 -0.0618168 0.0829557
1 38.4564 11.7742 -0.0667893 0.0757071
1 39.5677 11.7754 -0.0682028 0.0720542
1 40.6796 11.7771 -0.0628129 0.0738026
1 41.7918 11.7792 -0.0662075 0.0744058
1 42.9045 11.7814 -0.0689515 0.0761961
1 44.0247 11.7834 -0.0713287 0.0743431
1 0.217405 12.7475 0.0580426 0.0789992
1 1.33791 12.7441 0.0579174 0.0794861
1 2.45048 12.7416 0.06061 0.0782093
1 3.56234 12.7396 0.0618476 0.0752352
1 4.67388 12.7382 0.0639809 0.0759769
1 5.78554 12.7363 0.0595672 0.082479
1 6.89813 12.7337 0.05601 0.0847599
1 8.01056 12.7317 0.0564617 0.0793295
1 9.12221 12.7316 0.0622477 0.0688857
1 10.2331 12.7335 0.0621847 0.0617271
1 11.344 12.7365 0.064561 0.0608292
1 12.454 12.7397 0.0722705 0.0620683
1 13.5641 12.7428 0.0576857 0.0643798
1 14.6744 12.7457 0.0442702 0.0671738
1 15.7822 12.7483 0.0211672 0.0695741
1 16.8864 12.7505 -0.0185886 0.0705525
1 17.9868 12.7525 -0.0344283 0.0692195
1 19.0866 12.754 -0.0195549 0.0681362
1 20.1892 12.755 -0.00576264 0.0677896
1 21.2929 12.7555 -0.000862771 0.0670425
1 22.3956 12.7556 0.00053464 0.0668452
1 23.499 12.7553 0.00175661 0.0677768
1 24.6026 12.7546 0.0122254 0.0685703
1 25.7036 12.7534 0.0298818 0.0689527
1 26.8032 12.7516 0.0328252 0.0698193
1 27.9055 12.7494 -0.00291938 0.0699432
1 29.0117 12.7469 -0.0414444 0.0684085
1 30.1207 12.7442 -0.0513707 0.0664284
1 31.2314 12.7412 -0.0572848 0.0630919
1 32.3419 12.738 -0.0624489 0.0607786
1 33.4523 12.7348 -0.0676246 0.0609436
1 34.5623 12.7323 -0.0707624 0.0643658
1 35.6735 12.7312 -0.0603192 0.0732093
1 36.7855 12.7323 -0.0626276 0.0836679
1 37.8978 12.735 -0.0599836 0.0872329
1 39.0103 12.7375 -0.0629435 0.0791326
1 40.1218 12.739 -0.0674701 0.0746811
1 41.2337 12.7407 -0.0650059 0.0786443
1 42.346 12.743 -0.0668899 0.0789942
1 43.4603 12.7454 -0.0651838 0.0800172
1 0.783484 13.7078 0.0639569 0.081747
1 1.89732 13.705 0.0636619 0.08081
1 3.0091 13.7026 0.0614429 0.0795062
1 4.12068 13.701 0.060782 0.0792626
1 5.23254 13.699 0.0552468 0.086623
1 6.3454 13.696 0.053632 0.0906274
1 7.45774 13.6937 0.060203 0.0836983
1 8.56956 13.6935 0.0577754 0.0735479
1 9.68076 13.695 0.068724 0.0676616
1 10.7909 13.6975 0.0662879 0.0655638
1 11.9015 13.7005 0.0636781 0.0656514
1 13.012 13.7034 0.058784 0.0680961
1 14.1226 13.7061 0.0519021 0.0715927
1 15.2313 13.7085 0.0409379 0.0735896
1 16.3369 13.7108 0.00244916 0.0747218
1 17.4389 13.7128 -0.0331691 0.0747006
1 18.538 13.7146 -0.0308188 0.0741436
1 19.6386 13.7159 -0.0125785 0.0737178
1 20.7417 13.7166 -0.00375985 0.0730181
1 21.8445 13.7169 -0.000498197 0.0724925
1 22.9469 13.7168 0.00181403 0.0729226
1 24.0501 13.7163 0.00658586 0.0738817
1 25.1522 13.7153 0.0204471 0.0745578
1 26.2516 13.7138 0.0358983 0.0750029
1 27.3516 13.7118 0.0197278 0.0749247
1 28.4557 13.7096 -0.0225028 0.0736628
1 29.5635 13.7072 -0.0460391 0.0720486
1 30.6736 13.7046 -0.0591566 0.0700545
1 31.7835 13.7018 -0.0730299 0.0678984
1 32.8933 13.699 -0.0633537 0.0661162
1 34.0042 13.6962 -0.0604008 0.0655795
1 35.1148 13.6939 -0.0618483 0.0696391
1 36.2263 13.6932 -0.0565932 0.078272
1 37.3384 13.6945 -0.0543266 0.0870999
1 38.4514 13.6973 -0.0538909 0.0905485
1 39.5638 13.7001 -0.0579667 0.0859794
1 40.6756 13.7019 -0.0599692 0.0792168
1 41.7871 13.7038 -0.0596327 0.0804229
1 42.8995 13.7063 -0.0564958 0.0800265
1 44.0196 13.7098 -0.0515548 0.0790575
1 0.225158 14.672 0.0486029 0.0799286
1 1.34483 14.6689 0.057107 0.0750208
1 2.45663 14.6663 0.0611202 0.0727629
1 3.56788 14.6645 0.0565698 0.0737136
1 4.68011 14.6619 0.0513824 0.0825151
1 5.79289 14.6585 0.0492329 0.0847128
1 6.90561 14.6561 0.0525776 0.0777118
1 8.01736 14.6556 0.0563588 0.0692007
1 9.12843 14.6569 0.061778 0.0623265
1 10.2391 14.6592 0.061984 0.059697
1 11.3499 14.6619 0.0657374 0.0615097
1 12.4597 14.6645 0.0754434 0.0638391
1 13.5695 14.667 0.0617598 0.0659371
1 14.6793 14.6693 0.0477155 0.0677369
1 15.7867 14.6715 0.0230429 0.0689276
1 16.8904 14.6735 -0.0190402 0.0700866
1 17.9902 14.6754 -0.0362238 0.070124
1 19.0891 14.6769 -0.0210265 0.0699214
1 20.1908 14.6779 -0.00748537 0.0696588
1 21.2935 14.6785 -0.00226173 0.069073
1 22.3954 14.6786 0.00143337 0.0689397
1 23.4979 14.6782 0.00405285 0.0696076
1 24.6006 14.6774 0.0139974 0.0703407
1 25.7007 14.6761 0.0312784 0.0706305
1 26.7995 14.6744 0.033431 0.0706388
1 27.9012 14.6725 -0.00424389 0.0697588
1 29.0069 14.6703 -0.0443216 0.0682057
1 30.1155 14.6681 -0.0549578 0.0667834
1 31.2258 14.6657 -0.0606725 0.0643685
1 32.336 14.663 -0.0639748 0.0621155
1 33.4464 14.6604 -0.0672413 0.0611815
1 34.5563 14.6579 -0.0688997 0.0613821
1 35.6672 14.656 -0.0587817 0.0648613
1 36.7786 14.6554 -0.0610346 0.0730045
1 37.8904 14.657 -0.0525795 0.0830039
1 39.0036 14.6601 -0.0491944 0.0849452
1 40.1162 14.6632 -0.0539543 0.0776044
1 41.2282 14.6654 -0.0572532 0.0723252
1 42.34 14.6675 -0.0599129 0.07379
1 43.4538 14.6703 -0.0614198 0.0747905
1 0.7903 15.633 0.0600986 0.0725489
1 1.90412 15.6305 0.0599118 0.0738563
1 3.01579 15.6282 0.055637 0.077128
1 4.12824 15.6252 0.0501505 0.0861334
1 5.2411 15.6215 0.0494977 0.088725
1 6.35383 15.6187 0.0554335 0.0820707
1 7.4652 15.618 0.0645733 0.0711163
1 8.57611 15.6191 0.0613521 0.064603
1 9.6868 15.6212 0.0722053 0.064004
1 10.7966 15.6235 0.0701305 0.0650127
1 11.9069 15.6259 0.0679299 0.0662184
1 13.0171 15.6283 0.0637417 0.0681925
1 14.1273 15.6305 0.0557768 0.0704168
1 15.2356 15.6325 0.0432776 0.0715649
1 16.3409 15.6345 0.00334631 0.0725288
1 17.4424 15.6364 -0.0335811 0.0734808
1 18.5409 15.638 -0.0318881 0.0737426
1 19.6407 15.6393 -0.014072 0.0738013
1 20.7429 15.6402 -0.00566906 0.0738175
1 21.8447 15.6405 -0.000912084 0.0738121
1 22.9461 15.6404 0.00371152 0.0739636
1 24.0485 15.6397 0.00882153 0.0741286
1 25.1498 15.6386 0.0219097 0.0741779
1 26.2484 15.6371 0.0364549 0.0742692
1 27.3478 15.6354 0.0187622 0.0736269
1 28.4514 15.6335 -0.0248198 0.0720339
1 29.5589 15.6314 -0.0489504 0.0706177
1 30.6687 15.6293 -0.0629512 0.0692332
1 31.7782 15.627 -0.0776741 0.067821
1 32.8877 15.6247 -0.0677641 0.0657018
1 33.9983 15.6222 -0.0642248 0.0634578
1 35.1085 15.6199 -0.0652925 0.064264
1 36.2193 15.6183 -0.0600666 0.0683092
1 37.3304 15.618 -0.0559953 0.0755535
1 38.4427 15.6196 -0.0501399 0.0852431
1 39.5557 15.6232 -0.0461922 0.089349
1 40.6687 15.6268 -0.0496261 0.0813837
1 41.7805 15.6293 -0.0572411 0.074166
1 42.8921 15.632 -0.0584288 0.0739612
1 44.0108 15.6352 -0.0554845 0.0739176
1 0.232835 16.5978 0.0623592 0.068354
1 1.35167 16.5945 0.0597771 0.0734052
1 2.4635 16.5915 0.0573548 0.078808
1 3.57586 16.5879 0.0470655 0.0889299
1 4.68929 16.5837 0.0474601 0.0909747
1 5.80178 16.5806 0.054351 0.081323
1 6.91327 16.5799 0.060719 0.071038
1 8.02388 16.5808 0.0635121 0.0661672
1 9.13422 16.5826 0.0675634 0.0642684
1 10.2444 16.5848 0.0670712 0.064873
1 11.3549 16.5869 0.0701711 0.067214
1 12.4644 16.589 0.0794054 0.0688575
1 13.5739 16.5911 0.0647191 0.0698312
1 14.6836 16.593 0.0497124 0.0709812
1 15.7907 16.5949 0.0247838 0.0722083
1 16.8941 16.5968 -0.0180774 0.0737369
1 17.9934 16.5984 -0.0364375 0.0746972
1 19.0916 16.5999 -0.0219809 0.0754121
1 20.1925 16.601 -0.00902639 0.0763699
1 21.2943 16.6016 -0.00343723 0.0771535
1 22.3951 16.6017 0.00205475 0.0772937
1 23.4966 16.6013 0.00591093 0.07688
1 24.5984 16.6004 0.0156322 0.0761409
1 25.6979 16.5991 0.032234 0.0753783
1 26.7961 16.5975 0.0331318 0.0746586
1 27.8974 16.5958 -0.0060664 0.0734382
1 29.0027 16.5939 -0.0469596 0.0720402
1 30.111 16.592 -0.057896 0.0707303
1 31.2211 16.59 -0.0641617 0.0689497
1 32.3311 16.5879 -0.0678168 0.0672187
1 33.4411 16.5857 -0.0715731 0.0663248
1 34.5507 16.5835 -0.0738919 0.0649716
1 35.6611 16.5815 -0.0650633 0.0641904
1 36.7715 16.5799 -0.069056 0.0679494
1 37.8821 16.5798 -0.0598854 0.0772939
1 38.9943 16.5818 -0.0518003 0.0871561
1 40.1072 16.5856 -0.0488194 0.0918322
1 41.2203 16.5899 -0.0518511 0.0854994
1 42.3325 16.5933 -0.0599863 0.0755856
1 43.4463 16.5965 -0.0631792 0.0693917
1 0.79691 17.5592 0.0672969 0.0698957
1 1.91105 17.5552 0.0621945 0.076287
1 3.02387 17.5507 0.0519805 0.0851247
1 4.13733 17.5459 0.0512225 0.0839429
1 5.24972 17.5427 0.0583306 0.0740469
1 6.36112 17.5417 0.065918 0.0639191
1 7.47128 17.5424 0.0735672 0.0572277
1 8.58142 17.5441 0.0681091 0.0556022
1 9.6917 17.546 0.0774552 0.0569471
1 10.8013 17.5479 0.0739054 0.0577905
1 11.9114 17.5499 0.0709266 0.0583738
1 13.0214 17.5518 0.0668251 0.0595579
1 14.1314 17.5537 0.0584815 0.0609433
1 15.2395 17.5555 0.0457401 0.0620166
1 16.3446 17.5572 0.005499 0.0631756
1 17.4458 17.5589 -0.0321403 0.0646733
1 18.5438 17.5603 -0.0310205 0.0661678
1 19.6428 17.5615 -0.0137217 0.0678454
1 20.7441 17.5623 -0.00588843 0.0695829
1 21.8449 17.5627 -0.000937722 0.0706665
1 22.9453 17.5625 0.00412005 0.070338
1 24.0467 17.5619 0.00892283 0.0688277
1 25.1472 17.5608 0.0214821 0.067055
1 26.2453 17.5595 0.0354439 0.065663
1 27.3443 17.5579 0.0168156 0.064298
1 28.4476 17.5562 -0.0274301 0.0628294
1 29.5549 17.5545 -0.0515171 0.0615408
1 30.6645 17.5526 -0.065726 0.0604353
1 31.7738 17.5507 -0.0810079 0.0596191
1 32.8832 17.5488 -0.0716701 0.0584045
1 33.9935 17.5468 -0.0689713 0.0564691
1 35.1033 17.5448 -0.0713371 0.0559796
1 36.2136 17.543 -0.0683221 0.0568324
1 37.3237 17.5418 -0.066266 0.0596261
1 38.4345 17.5418 -0.0611794 0.0682196
1 39.5463 17.5439 -0.0513668 0.0806393
1 40.6596 17.5482 -0.0449109 0.0866024
1 41.7729 17.5531 -0.0520948 0.0808708
1 42.8856 17.5573 -0.0609179 0.0733624
1 44.0051 17.5613 -0.0684487 0.0700581
1 0.23695 18.5233 0.0675576 0.0766591
1 1.35754 18.5187 0.0583209 0.0795213
1 2.4711 18.5134 0.0514275 0.0846314
1 3.58463 18.508 0.0490308 0.0806732
1 4.69743 18.5044 0.0580927 0.0682462
1 5.80844 18.5032 0.0661303 0.0557636
1 6.91874 18.5037 0.0695966 0.0491673
1 8.02867 18.505 0.0699314 0.0474497
1 9.13868 18.5066 0.072003 0.0458248
1 10.2487 18.5084 0.0705047 0.0455361
1 11.3591 18.5102 0.0732535 0.0466438
1 12.4685 18.512 0.0820511 0.0475388
1 13.5779 18.5138 0.0668509 0.048004
1 14.6874 18.5156 0.0519127 0.0487903
1 15.7943 18.5172 0.0275851 0.0502249
1 16.8974 18.5188 -0.0153121 0.0518814
1 17.9963 18.5202 -0.0338581 0.0536199
1 19.094 18.5214 -0.0194969 0.055954
1 20.1941 18.5223 -0.007297 0.0586752
1 21.295 18.5229 -0.00272615 0.0606644
1 22.3948 18.523 0.0018725 0.0610403
1 23.4953 18.5226 0.00481654 0.0597152
1 24.5963 18.5218 0.0135729 0.0573304
1 25.6952 18.5207 0.0298906 0.0547694
1 26.7929 18.5194 0.0308001 0.0527719
1 27.894 18.5179 -0.00870907 0.0512809
1 28.999 18.5163 -0.0497923 0.0499486
1 30.1072 18.5146 -0.0608351 0.0487853
1 31.217 18.5128 -0.06697 0.0474519
1 32.3269 18.5109 -0.0700708 0.0463424
1 33.4369 18.5091 -0.0741619 0.0466856
1 34.5464 18.5073 -0.0775899 0.0465134
1 35.6565 18.5056 -0.0701152 0.0457866
1 36.7665 18.504 -0.0767544 0.0473217
1 37.8761 18.5031 -0.0706444 0.0524564
1 38.9869 18.5033 -0.0638147 0.0610634
1 40.0987 18.5057 -0.0559373 0.0742292
1 41.2122 18.5103 -0.0505484 0.0847481
1 42.326 18.516 -0.0587521 0.0842258
1 43.4409 18.5211 -0.067087 0.0799699
1 0.801469 19.4803 0.061312 0.0849372
1 1.91721 19.4741 0.0535288 0.0859206
1 3.0313 19.4681 0.051113 0.0763397
1 4.14427 19.4642 0.0597485 0.0593264
1 5.25531 19.4627 0.0683995 0.0447003
1 6.36565 19.4627 0.0729312 0.0360136
1 7.47532 19.4637 0.0776448 0.0302087
1 8.58531 19.465 0.0700933 0.0274817
1 9.69561 19.4665 0.0785429 0.0262215
1 10.8052 19.4681 0.0750399 0.0246198
1 11.9154 19.4698 0.0722901 0.0233337
1 13.0253 19.4716 0.0686681 0.0235393
1 14.1351 19.4733 0.0608476 0.0245522
1 15.2431 19.4749 0.0487603 0.02573
1 16.3479 19.4764 0.00900861 0.0274484
1 17.4487 19.4777 -0.0285035 0.0294538
1 18.5462 19.4788 -0.0271195 0.0321172
1 19.6446 19.4797 -0.0101369 0.0354827
1 20.7452 19.4804 -0.00358838 0.0382637
1 21.8451 19.4807 -0.000520657 0.0395852
1 22.9446 19.4805 0.0026326 0.0391522
1 24.0452 19.48 0.00591089 0.0369039
1 25.145 19.4792 0.0176814 0.0336807
1 26.2425 19.4782 0.0317374 0.0306529
1 27.3412 19.4769 0.0133082 0.0284493
1 28.4442 19.4755 -0.0305732 0.0264786
1 29.5512 19.4739 -0.0540223 0.02488
1 30.6607 19.4722 -0.0680573 0.0242227
1 31.7699 19.4705 -0.082866 0.0239909
1 32.8792 19.4688 -0.0729998 0.0241101
1 33.9895 19.4671 -0.0704898 0.024281
1 35.0994 19.4655 -0.0732154 0.0263108
1 36.2096 19.4641 -0.0713505 0.0292227
1 37.3194 19.4629 -0.0715676 0.0321183
1 38.4296 19.4622 -0.0701907 0.0388636
1 39.54 19.4628 -0.0628287 0.0515809
1 40.6521 19.4655 -0.052209 0.0683343
1 41.7656 19.4707 -0.0485119 0.0835488
1 42.8802 19.4771 -0.0530262 0.0879598
1 44.0024 19.4828 -0.0627014 0.0860826
1 0.23798 20.4393 0.0480413 0.0823183
1 1.36215 20.4331 0.0447338 0.079656
1 2.47714 20.4264 0.0484991 0.0637427
1 3.59006 20.422 0.0546479 0.0419382
1 4.70158 20.42 0.0638823 0.0242085
1 5.81177 20.4196 0.0685061 0.0121705
1 6.92183 20.4201 0.0692721 0.00472079
1 8.03185 20.4209 0.068647 -0.000210735
1 9.14204 20.422 0.0705345 -0.00549411
1 10.2523 20.4234 0.0693258 -0.00924836
1 11.3628 20.4248 0.0728473 -0.0115774
1 12.4722 20.4264 0.0828698 -0.0132771
1 13.5816 20.428 0.0687257 -0.0138561
1 14.6909 20.4295 0.054625 -0.0135642
1 15.7976 20.431 0.0314308 -0.0120178
1 16.9003 20.4322 -0.0107699 -0.01
1 17.9987 20.4331 -0.0288396 -0.00784389
1 19.0958 20.4339 -0.014463 -0.00454319
1 20.1953 20.4345 -0.00338886 -0.00115299
1 21.2955 20.4349 -0.000984694 0.00070617
1 22.3946 20.4349 0.00125513 0.000974424
1 23.4944 20.4347 0.00182299 -0.00014953
1 24.5947 20.4341 0.00905501 -0.00286966
1 25.6929 20.4334 0.0247632 -0.00654054
1 26.7902 20.4325 0.0260572 -0.00930292
1 27.8908 20.4314 -0.0129651 -0.0112126
1 28.9956 20.43 -0.0530605 -0.012978
1 30.1035 20.4285 -0.0630535 -0.0137791
1 31.2133 20.427 -0.0683887 -0.0140513
1 32.3231 20.4253 -0.0704676 -0.0134471
1 33.4332 20.4238 -0.0737489 -0.0104035
1 34.5429 20.4224 -0.0764353 -0.00709737
1 35.6532 20.4212 -0.0685266 -0.00355304
1 36.7633 20.4201 -0.0757092 0.00123828
1 37.8729 20.4194 -0.0713761 0.00812293
1 38.9832 20.4193 -0.0678688 0.0172687
1 40.0938 20.4204 -0.0618049 0.0317914
1 41.2061 20.4235 -0.0504452 0.0524664
1 42.3201 20.4292 -0.0446453 0.0727904
1 43.4366 20.4362 -0.0466687 0.0819049
1 0.805446 21.3898 0.0322716 0.0688049
1 1.92219 21.383 0.0414882 0.0560192
1 3.03537 21.3782 0.0511867 0.0344628
1 4.14696 21.3758 0.0601465 0.0167642
1 5.25726 21.3749 0.0651262 0.0048833
1 6.36754 21.3748 0.0670808 -0.0032553
1 7.47747 21.3751 0.0712325 -0.0104411
1 8.5878 21.3757 0.0642889 -0.0159933
1 9.69842 21.3766 0.0738933 -0.0206603
1 10.8083 21.3776 0.0716371 -0.0250753
1 11.9186 21.3788 0.0700767 -0.0290297
1 13.0286 21.3801 0.0682653 -0.0310991
1 14.1384 21.3814 0.0621968 -0.0315626
1 15.2462 21.3826 0.0516772 -0.0314087
1 16.3507 21.3837 0.0131853 -0.0302145
1 17.451 21.3845 -0.023624 -0.0286479
1 18.5481 21.3851 -0.0217994 -0.0263607
1 19.6459 21.3855 -0.00550683 -0.0232121
1 20.7458 21.3859 -0.000793367 -0.0210764
1 21.8452 21.386 -9.93916e-05 -0.0204927
1 22.9441 21.386 0.000710307 -0.0207266
1 24.0441 21.3857 0.00203589 -0.0221855
1 25.1434 21.3852 0.0125292 -0.0251738
1 26.2403 21.3847 0.0265935 -0.0280237
1 27.3385 21.384 0.00877615 -0.0297628
1 28.4412 21.383 -0.0341027 -0.0313679
1 29.548 21.3818 -0.0559867 -0.0322193
1 30.6573 21.3805 -0.0687953 -0.0315075
1 31.7665 21.3792 -0.0820207 -0.0300934
1 32.876 21.3779 -0.0702871 -0.0275083
1 33.9865 21.3768 -0.0663367 -0.0242616
1 35.0967 21.3757 -0.0679266 -0.0191057
1 36.2072 21.375 -0.065201 -0.0132034
1 37.3174 21.3745 -0.0649108 -0.00761141
1 38.4277 21.3743 -0.0648863 3.4997e-05
1 39.5378 21.3747 -0.0605948 0.0102309
1 40.6489 21.3763 -0.0527382 0.024396
1 41.7613 21.3797 -0.0445052 0.0443855
1 42.8764 21.3855 -0.0345231 0.0645026
1 44.0027 21.3919 -0.0241733 0.0655651
1 0.236422 22.3425 -0.00180685 0.0391902
1 1.36481 22.3374 0.0277141 0.043397
1 2.47955 22.3332 0.0455214 0.0293313
1 3.59131 22.3309 0.0523984 0.0166101
1 4.70222 22.3299 0.0579327 0.00803466
1 5.81242 22.3294 0.0601082 0.00176692
1 6.92279 22.3294 0.0602508 -0.00290467
1 8.03321 22.3296 0.0600823 -0.00685365
1 9.14376 22.3299 0.0631654 -0.0112178
1 10.2543 22.3305 0.0632408 -0.0148443
1 11.3651 22.3312 0.0679234 -0.0176057
1 12.4748 22.332 0.0800403 -0.0196655
1 13.5842 22.3328 0.0683801 -0.0209234
1 14.6934 22.3336 0.0558675 -0.0217284
1 15.7999 22.3344 0.0340672 -0.0215586
1 16.9024 22.335 -0.00708848 -0.0205626
1 18.0005 22.3354 -0.0246638 -0.0193227
1 19.0971 22.3356 -0.0105982 -0.0174628
1 20.1961 22.3358 -0.000670162 -0.0156202
1 21.2958 22.336 0.000221535 -0.0148693
1 22.3945 22.336 0.000629441 -0.0149619
1 23.4938 22.3359 -0.000505868 -0.0153724
1 24.5936 22.3357 0.00551675 -0.0167915
1 25.6914 22.3354 0.0206014 -0.0189687
1 26.7882 22.3351 0.0220732 -0.0204794
1 27.8885 22.3345 -0.0163436 -0.021462
1 28.993 22.3338 -0.0549987 -0.0222086
1 30.1009 22.333 -0.0630692 -0.0220793
1 31.2107 22.3321 -0.0664561 -0.0212577
1 32.3207 22.3312 -0.0669642 -0.0194246
1 33.431 22.3304 -0.0686712 -0.0160634
1 34.5409 22.3298 -0.0693364 -0.0129198
1 35.6516 22.3293 -0.0604518 -0.00936194
1 36.7621 22.329 -0.0669162 -0.00524122
1 37.8721 22.3289 -0.0624749 -0.000530182
1 38.9826 22.3291 -0.0604969 0.00437845
1 40.0929 22.3297 -0.0583131 0.0115294
1 41.2041 22.3313 -0.0511023 0.0225439
1 42.3165 22.3345 -0.0418434 0.0372561
1 43.4327 22.3396 -0.0260001 0.0468105
1 0.808254 23.2894 0.0272456 0.0170153
1 1.92402 23.2874 0.0459173 0.0129644
1 3.03589 23.2862 0.0528343 0.00787324
1 4.14686 23.2857 0.0569183 0.00452091
1 5.25714 23.2854 0.0594022 0.00254942
1 6.36763 23.2853 0.060632 0.000763612
1 7.47786 23.2853 0.0648402 -0.000743773
1 8.5885 23.2854 0.0583976 -0.00179957
1 9.69942 23.2856 0.0687914 -0.00293355
1 10.8095 23.2858 0.0679214 -0.00421722
1 11.92 23.286 0.0677751 -0.0050919
1 13.0302 23.2863 0.0670902 -0.00553747
1 14.14 23.2865 0.0622495 -0.00580933
1 15.2478 23.2868 0.0530681 -0.00602424
1 16.3521 23.287 0.0157746 -0.00584204
1 17.4523 23.2872 -0.0206785 -0.00545208
1 18.5491 23.2872 -0.0191552 -0.00491972
1 19.6466 23.2873 -0.0035549 -0.00430956
1 20.7462 23.2873 0.000356767 -0.00399828
1 21.8452 23.2874 7.30836e-05 -0.00395536
1 22.9439 23.2873 -0.000299788 -0.00404196
1 24.0435 23.2873 0.000141416 -0.00444291
1 25.1424 23.2872 0.00998877 -0.00509692
1 26.2391 23.2871 0.0237654 -0.00581488
1 27.3371 23.2869 0.00608462 -0.00626327
1 28.4396 23.2867 -0.0361289 -0.00658607
1 29.5463 23.2864 -0.0570253 -0.0067237
1 30.6557 23.2861 -0.0684298 -0.00640009
1 31.765 23.2858 -0.0796237 -0.00584896
1 32.8746 23.2855 -0.0665725 -0.00489377
1 33.9854 23.2852 -0.0617276 -0.00381576
1 35.0958 23.285 -0.0624233 -0.0024335
1 36.2066 23.2849 -0.0591015 -0.00111539
1 37.3171 23.2849 -0.0584339 0.000203428
1 38.4277 23.2849 -0.0585458 0.00174441
1 39.538 23.285 -0.0557284 0.00337452
1 40.6488 23.2854 -0.0506217 0.00582085
1 41.7603 23.2862 -0.0439221 0.00977228
1 42.8748 23.2877 -0.0248925 0.0139216
1 44.0043 23.2896 0.0193169 0.0114755
1 0.2358 24.2374 -0.0202859 -0.0119453
1 1.36534 24.2395 0.0243927 -0.0149462
1 2.47977 24.241 0.0454141 -0.00984607
1 3.59122 24.2418 0.0515973 -0.00628891
1 4.70206 24.2421 0.0560023 -0.00410086
1 5.81233 24.2423 0.0579963 -0.00238911
1 6.9228 24.2423 0.058147 -0.000804317
1 8.03334 24.2423 0.0582688 0.000446235
1 9.144 24.2422 0.0614764 0.00185269
1 10.2547 24.242 0.0618195 0.00333636
1 11.3655 24.2418 0.0671334 0.00433178
1 12.4752 24.2415 0.0797785 0.00522415
1 13.5846 24.2412 0.0684781 0.00580753
1 14.6939 24.2409 0.0562369 0.00625804
1 15.8004 24.2406 0.0348496 0.00625094
1 16.9029 24.2403 -0.00597427 0.00584626
1 18.0009 24.2402 -0.0236613 0.00535916
1 19.0974 24.2401 -0.00990577 0.00466872
1 20.1963 24.24 -0.000248785 0.00384807
1 21.2958 24.2399 0.000329028 0.00344543
1 22.3944 24.2399 0.00035475 0.00345268
1 23.4936 24.2399 -0.00108082 0.00345643
1 24.5933 24.24 0.0046455 0.00382138
1 25.6909 24.24 0.0195235 0.00453862
1 26.7877 24.2401 0.0209349 0.00491941
1 27.8879 24.2403 -0.0173734 0.00527264
1 28.9924 24.2405 -0.0556553 0.00549335
1 30.1003 24.2407 -0.0632628 0.00534228
1 31.2101 24.241 -0.0659493 0.00514747
1 32.3202 24.2413 -0.0658484 0.00441671
1 33.4306 24.2415 -0.0673436 0.00339753
1 34.5406 24.2417 -0.0678296 0.00241266
1 35.6514 24.2418 -0.0587148 0.00127336
1 36.762 24.2419 -0.0648746 2.35484e-05
1 37.8721 24.2419 -0.0603563 -0.00153996
1 38.9827 24.2418 -0.0585658 -0.00318225
1 40.093 24.2415 -0.0572687 -0.00522109
1 41.2041 24.2409 -0.0519917 -0.00854367
1 42.3161 24.2397 -0.0447027 -0.0136371
1 43.4318 24.2376 -0.027398 -0.0176569
1 0.807294 25.1876 0.0266496 -0.0470215
1 1.92353 25.1928 0.0425275 -0.0367368
1 3.03588 25.196 0.0517719 -0.0216509
1 4.14702 25.1975 0.0578739 -0.0107685
1 5.25728 25.1982 0.0611118 -0.0036408
1 6.36769 25.1984 0.0625011 0.00144733
1 7.4778 25.1983 0.0669415 0.00605757
1 8.58832 25.198 0.0603353 0.0101303
1 9.69911 25.1975 0.0706914 0.0136548
1 10.8091 25.1969 0.0692541 0.017052
1 11.9195 25.1961 0.0686695 0.020359
1 13.0296 25.1952 0.0675162 0.0221067
1 14.1394 25.1944 0.0622284 0.0230169
1 15.2472 25.1935 0.0525523 0.0233898
1 16.3515 25.1928 0.0147945 0.0227565
1 17.4518 25.1923 -0.021861 0.0216762
1 18.5487 25.1919 -0.020269 0.0200859
1 19.6463 25.1917 -0.00442425 0.0179042
1 20.746 25.1915 -0.000195091 0.0163472
1 21.8452 25.1913 -0.000130423 0.0159312
1 22.9439 25.1914 -0.000113772 0.0159348
1 24.0437 25.1915 0.000624725 0.0166709
1 25.1427 25.1917 0.0106581 0.0185798
1 26.2395 25.192 0.024621 0.0203547
1 27.3376 25.1924 0.00703869 0.0214029
1 28.4401 25.1929 -0.0353231 0.02237
1 29.5468 25.1937 -0.0565282 0.0226719
1 30.6562 25.1945 -0.0684083 0.0220543
1 31.7654 25.1953 -0.0802262 0.0207339
1 32.875 25.1961 -0.0675574 0.018412
1 33.9857 25.1968 -0.0629715 0.0157115
1 35.096 25.1974 -0.0640454 0.0121436
1 36.2068 25.1977 -0.0610003 0.00773854
1 37.3171 25.1979 -0.0605567 0.00375246
1 38.4276 25.1978 -0.0606376 -0.00100237
1 39.5378 25.1974 -0.0573256 -0.0070878
1 40.6487 25.1963 -0.0511976 -0.0159494
1 41.7605 25.194 -0.0439407 -0.0291063
1 42.8752 25.1898 -0.0283662 -0.0431394
1 44.0032 25.1848 6.44101e-06 -0.0391089
1 0.237596 26.1355 0.0241731 -0.0661598
1 1.36377 26.1419 0.0346323 -0.0646439
1 2.47877 26.1478 0.0463274 -0.0450025
1 3.59105 26.1512 0.0537032 -0.0249741
1 4.70216 26.1527 0.061119 -0.0107115
1 5.81231 26.1531 0.064271 -0.000394791
1 6.92251 26.1529 0.0646531 0.00714646
1 8.03273 26.1524 0.0644386 0.0127595
1 9.14311 26.1517 0.0669959 0.0186262
1 10.2535 26.1507 0.0666395 0.0236952
1 11.3641 26.1495 0.0708663 0.0271449
1 12.4737 26.1482 0.0819537 0.0297746
1 13.583 26.1469 0.0690906 0.0311753
1 14.6923 26.1456 0.0556432 0.0319609
1 15.7988 26.1444 0.0329945 0.0311898
1 16.9014 26.1434 -0.00866685 0.029644
1 17.9996 26.1427 -0.0266121 0.0278611
1 19.0965 26.1422 -0.012446 0.0249932
1 20.1957 26.1418 -0.00197699 0.0219704
1 21.2956 26.1415 -0.000597459 0.0205231
1 22.3945 26.1414 0.000563648 0.0202783
1 23.494 26.1416 0.000128841 0.0208562
1 24.594 26.1419 0.00656391 0.0229331
1 25.692 26.1423 0.0220665 0.0260735
1 26.789 26.1429 0.0235871 0.0283156
1 27.8894 26.1437 -0.0150653 0.0297629
1 28.994 26.1448 -0.0542007 0.0310151
1 30.1019 26.146 -0.0630718 0.0312772
1 31.2117 26.1473 -0.0673987 0.0308967
1 32.3216 26.1486 -0.0686496 0.0288107
1 33.4318 26.1498 -0.0712172 0.0246625
1 34.5416 26.1508 -0.0728666 0.0202532
1 35.6521 26.1517 -0.064327 0.0155681
1 36.7624 26.1523 -0.0711672 0.0100023
1 37.8722 26.1526 -0.0669584 0.0027067
1 38.9826 26.1525 -0.0644299 -0.00532701
1 40.0929 26.1516 -0.0605466 -0.0172328
1 41.2046 26.1492 -0.0508399 -0.0349021
1 42.3178 26.1444 -0.0413188 -0.0563878
1 43.4343 26.1376 -0.0329986 -0.0694165
1 0.803324 27.0915 0.0468495 -0.0824843
1 1.91992 27.0983 0.0459475 -0.0738038
1 3.03383 27.104 0.0512211 -0.0535768
1 4.14608 27.1071 0.0615368 -0.0329617
1 5.25661 27.1081 0.0687233 -0.0183756
1 6.36682 27.108 0.0716651 -0.0093213
1 7.47656 27.1073 0.0758574 -0.00226878
1 8.58669 27.1062 0.0683941 0.00273038
1 9.69713 27.105 0.077625 0.00620197
1 10.8068 27.1036 0.0744507 0.00943433
1 11.917 27.1021 0.0720889 0.0124908
1 13.027 27.1004 0.0691883 0.0132047
1 14.1368 27.0989 0.0622249 0.0129167
1 15.2446 27.0974 0.0507289 0.0120251
1 16.3492 27.096 0.0113522 0.0102859
1 17.4498 27.0949 -0.0259585 0.00838521
1 18.5471 27.094 -0.0245315 0.00569347
1 19.6452 27.0933 -0.00803152 0.00206698
1 20.7455 27.0928 -0.0025504 -0.000660961
1 21.8451 27.0925 -0.000785654 -0.00183557
1 22.9442 27.0926 0.00109842 -0.00167046
1 24.0445 27.0929 0.00337747 0.000261373
1 25.144 27.0935 0.0145675 0.00354389
1 26.2412 27.0943 0.0287291 0.00681966
1 27.3397 27.0952 0.0107552 0.00906134
1 28.4425 27.0965 -0.0325224 0.0111473
1 29.5494 27.0979 -0.055149 0.0126869
1 30.6588 27.0995 -0.068662 0.0129471
1 31.768 27.101 -0.0829858 0.0123025
1 32.8774 27.1026 -0.0724827 0.0107519
1 33.9878 27.1041 -0.0693364 0.0085951
1 35.0978 27.1054 -0.0716148 0.00463363
1 36.2081 27.1065 -0.0693979 -0.000675926
1 37.3181 27.1074 -0.0694522 -0.00566289
1 38.4283 27.1078 -0.0690345 -0.0133313
1 39.5385 27.1074 -0.0634869 -0.0254845
1 40.65 27.1054 -0.0540849 -0.0429124
1 41.7629 27.1011 -0.0473614 -0.0643939
1 42.8779 27.0945 -0.0457562 -0.0807156
1 44.0019 27.0881 -0.0507594 -0.0839141
1 0.237445 28.0452 0.062143 -0.0866429
1 1.35985 28.0507 0.0530185 -0.0880697
1 2.47441 28.057 0.0502908 -0.0836318
1 3.58782 28.0621 0.0532484 -0.0686739
1 4.69991 28.0648 0.06333 -0.0521222
1 5.81036 28.0654 0.0695411 -0.039741
1 6.92042 28.0647 0.0712196 -0.0329443
1 8.03032 28.0636 0.0706437 -0.0299052
1 9.14037 28.0621 0.0722247 -0.0269489
1 10.2505 28.0605 0.0706163 -0.0251669
1 11.3609 28.0588 0.0735922 -0.0248664
1 12.4703 28.0571 0.0828862 -0.0247521
1 13.5796 28.0554 0.0681518 -0.0250416
1 14.689 28.0537 0.0534919 -0.0257656
1 15.7958 28.0521 0.0295027 -0.0275187
1 16.8987 28.0507 -0.0132063 -0.0294679
1 17.9974 28.0494 -0.0317264 -0.0315542
1 19.0948 28.0484 -0.0175044 -0.0345284
1 20.1946 28.0476 -0.00597234 -0.0377539
1 21.2951 28.0471 -0.00249033 -0.0399366
1 22.3946 28.047 0.000963954 -0.040445
1 23.4947 28.0473 0.00291083 -0.0391788
1 24.5953 28.0479 0.0110433 -0.0364792
1 25.6938 28.0488 0.0273055 -0.0331406
1 26.7914 28.0499 0.0285592 -0.0304156
1 27.8922 28.0512 -0.0106215 -0.0283577
1 28.9971 28.0527 -0.0511713 -0.0265572
1 30.1052 28.0544 -0.0617781 -0.0254084
1 31.215 28.056 -0.0677354 -0.0243815
1 32.3249 28.0578 -0.0705455 -0.0240264
1 33.4349 28.0595 -0.0744176 -0.0253098
1 34.5444 28.0611 -0.0778041 -0.0269312
1 35.6546 28.0626 -0.0703744 -0.0280231
1 36.7646 28.064 -0.0775876 -0.0307176
1 37.8741 28.0649 -0.0727397 -0.0365331
1 38.9846 28.065 -0.0676829 -0.0454402
1 40.0957 28.0635 -0.0601909 -0.059778
1 41.2088 28.0595 -0.0508043 -0.0766959
1 42.323 28.0535 -0.0529821 -0.0860203
1 43.4387 28.0474 -0.0619732 -0.0852188
1 0.799133 29.0068 0.0672725 -0.0798224
1 1.91403 29.0118 0.0594374 -0.0848686
1 3.02772 29.0175 0.0514035 -0.0858119
1 4.14114 29.0221 0.0558301 -0.0753956
1 5.25284 29.0244 0.0644842 -0.0623163
1 6.36359 29.0247 0.0707009 -0.0537836
1 7.47338 29.0237 0.0768023 -0.0487312
1 8.58335 29.0221 0.0700712 -0.0473868
1 9.69358 29.0204 0.0786446 -0.0480167
1 10.8031 29.0187 0.0748761 -0.0480787
1 11.9133 29.0168 0.0718897 -0.0478053
1 13.0232 29.015 0.0678742 -0.0489424
1 14.1331 29.0132 0.0597482 -0.050245
1 15.2412 29.0115 0.0472426 -0.0514811
1 16.3461 29.0099 0.00718438 -0.0528125
1 17.4471 29.0084 -0.0305795 -0.0543884
1 18.5449 29.007 -0.029583 -0.05635
1 19.6436 29.0059 -0.0126125 -0.0588272
1 20.7445 29.0051 -0.00553924 -0.0611521
1 21.8449 29.0048 -0.00145605 -0.0625237
1 22.9447 29.0049 0.00287837 -0.0621204
1 24.0457 29.0054 0.00712894 -0.0601396
1 25.1459 29.0063 0.019516 -0.0575297
1 26.2437 29.0075 0.0338046 -0.0552325
1 27.3426 29.0089 0.0154797 -0.0533323
1 28.4457 29.0105 -0.028584 -0.051625
1 29.5529 29.0122 -0.0525165 -0.050305
1 30.6625 29.014 -0.0668538 -0.0494062
1 31.7717 29.0157 -0.0819919 -0.0488568
1 32.8811 29.0175 -0.0724553 -0.0480558
1 33.9914 29.0194 -0.0700669 -0.0471469
1 35.1012 29.0212 -0.0729313 -0.0474333
1 36.2114 29.0228 -0.070744 -0.0488055
1 37.3213 29.024 -0.0701998 -0.0504638
1 38.4317 29.0246 -0.067132 -0.0569239
1 39.5427 29.0233 -0.0579862 -0.0694939
1 40.6555 29.0197 -0.0482476 -0.0819158
1 41.7692 29.0144 -0.050017 -0.085749
1 42.8828 29.0091 -0.0588516 -0.079786
1 44.0033 29.0045 -0.0684034 -0.0760026
1 0.23473 29.9663 0.066885 -0.0690503
1 1.35443 29.9704 0.0600274 -0.0722833
1 2.46708 29.9746 0.053639 -0.0803055
1 3.58027 29.9795 0.0459533 -0.0857328
1 4.6936 29.9838 0.0517216 -0.0796578
1 5.80535 29.9859 0.0604744 -0.0674275
1 6.91615 29.9858 0.0658458 -0.0589016
1 8.02631 29.9846 0.0675249 -0.0565247
1 9.13641 29.9829 0.0704826 -0.0556701
1 10.2465 29.9808 0.0692769 -0.055881
1 11.3569 29.9788 0.0720455 -0.0577797
1 12.4664 29.9769 0.0808814 -0.0591188
1 13.5758 29.975 0.0658264 -0.0600552
1 14.6854 29.9732 0.0508841 -0.0610596
1 15.7924 29.9714 0.0263306 -0.0624271
1 16.8956 29.9697 -0.0166364 -0.0639055
1 17.9947 29.9682 -0.0353454 -0.0651358
1 19.0926 29.9668 -0.021259 -0.0665298
1 20.1931 29.9658 -0.00897497 -0.0683145
1 21.2945 29.9651 -0.00396012 -0.0697591
1 22.3948 29.9649 0.00134858 -0.0700059
1 23.4957 29.9653 0.00509698 -0.069041
1 24.5971 29.9661 0.0145511 -0.0673593
1 25.6963 29.9673 0.0311715 -0.065591
1 26.7943 29.9688 0.0322579 -0.0641453
1 27.8955 29.9704 -0.00704952 -0.0627445
1 29.0007 29.9722 -0.0482057 -0.0615474
1 30.1089 29.974 -0.0593821 -0.0604986
1 31.2189 29.9758 -0.0656954 -0.0589714
1 32.3288 29.9778 -0.0691847 -0.0576825
1 33.4389 29.9798 -0.0732894 -0.0572707
1 34.5484 29.9817 -0.0763551 -0.0566223
1 35.6586 29.9836 -0.0682161 -0.0552497
1 36.7687 29.9852 -0.0735286 -0.0567149
1 37.8787 29.9859 -0.0657737 -0.0633793
1 38.9902 29.9849 -0.0577461 -0.0731262
1 40.1027 29.9817 -0.0515475 -0.0829629
1 41.2163 29.9769 -0.0512593 -0.0841979
1 42.3292 29.9724 -0.061477 -0.0756241
1 43.4433 29.9684 -0.0666205 -0.0693435
1 0.79356 30.9311 0.0626198 -0.0686083
1 1.9074 30.9344 0.0605778 -0.074602
1 3.0195 30.9378 0.0524452 -0.084211
1 4.13261 30.9421 0.048483 -0.0903928
1 5.24545 30.9459 0.0526384 -0.08591
1 6.35756 30.9479 0.0602569 -0.0760417
1 7.46828 30.9477 0.0691312 -0.0670609
1 8.57875 30.9462 0.0648869 -0.0632602
1 9.6892 30.9442 0.0749157 -0.0639376
1 10.7989 30.942 0.0720894 -0.0652847
1 11.9091 30.9398 0.0694856 -0.0662874
1 13.0192 30.9377 0.0652067 -0.0681224
1 14.1293 30.9357 0.0569598 -0.0698939
1 15.2375 30.9338 0.0444603 -0.0711901
1 16.3427 30.9319 0.00445764 -0.0724699
1 17.444 30.9302 -0.0329609 -0.0737849
1 18.5422 30.9286 -0.0318908 -0.0745436
1 19.6415 30.9273 -0.0146796 -0.0751719
1 20.7433 30.9264 -0.00670768 -0.0759618
1 21.8446 30.926 -0.00165302 -0.0764352
1 22.9455 30.9261 0.0036625 -0.0762619
1 24.0474 30.9268 0.00899545 -0.0754191
1 25.1483 30.9279 0.0219849 -0.0744862
1 26.2466 30.9293 0.0363442 -0.0738128
1 27.3459 30.9309 0.0182253 -0.0727732
1 28.4493 30.9328 -0.0258535 -0.071294
1 29.5567 30.9347 -0.0502358 -0.0701126
1 30.6664 30.9366 -0.0644791 -0.0688928
1 31.7758 30.9387 -0.0794867 -0.0679071
1 32.8852 30.9407 -0.0698845 -0.0661322
1 33.9956 30.9429 -0.0668386 -0.0638503
1 35.1056 30.9451 -0.0685153 -0.0632426
1 36.2161 30.9469 -0.0643987 -0.0653579
1 37.3267 30.9478 -0.0610425 -0.0703387
1 38.4383 30.947 -0.0548823 -0.0803136
1 39.5508 30.944 -0.0471103 -0.0897702
1 40.6642 30.9397 -0.0461478 -0.0875581
1 41.7767 30.9361 -0.0556124 -0.0775145
1 42.8885 30.9331 -0.0601371 -0.0729729
1 44.0073 30.9299 -0.0626611 -0.0683492
1 0.229041 31.8924 0.0540847 -0.0736309
1 1.34787 31.8956 0.0575235 -0.0744383
1 2.45948 31.8983 0.0586266 -0.0745897
1 3.5712 31.9009 0.0504929 -0.0819697
1 4.68426 31.9045 0.0466966 -0.0895555
1 5.79716 31.908 0.0496646 -0.0854267
1 6.90937 31.9097 0.055672 -0.0756456
1 8.02055 31.9094 0.0592927 -0.0684668
1 9.13124 31.9078 0.0644037 -0.0644482
1 10.2417 31.9054 0.0644348 -0.0634214
1 11.3523 31.903 0.0678915 -0.0658742
1 12.462 31.9007 0.077455 -0.0679714
1 13.5716 31.8984 0.0631837 -0.0694721
1 14.6814 31.8963 0.048506 -0.0708307
1 15.7886 31.8942 0.0236953 -0.0722368
1 16.8921 31.8923 -0.0186582 -0.0738201
1 17.9916 31.8906 -0.0364143 -0.0743323
1 19.0901 31.8891 -0.0217771 -0.0742914
1 20.1913 31.888 -0.00880595 -0.0742939
1 21.2936 31.8873 -0.00351587 -0.0740965
1 22.395 31.8872 0.00132117 -0.0739146
1 23.497 31.8876 0.00487969 -0.0739777
1 24.5993 31.8884 0.0149255 -0.0739369
1 25.6991 31.8897 0.0320406 -0.0737634
1 26.7976 31.8914 0.0336469 -0.0735957
1 27.8992 31.8932 -0.00491706 -0.0727688
1 29.0046 31.8952 -0.0456638 -0.0716313
1 30.113 31.8972 -0.0566658 -0.0705205
1 31.2232 31.8994 -0.0627735 -0.0684307
1 32.3333 31.9017 -0.0662138 -0.0664568
1 33.4435 31.9041 -0.0694438 -0.0649312
1 34.5533 31.9065 -0.0711402 -0.0638934
1 35.6639 31.9086 -0.0615768 -0.0649817
1 36.7748 31.9097 -0.064685 -0.0713758
1 37.886 31.909 -0.0552432 -0.0824913
1 38.9988 31.9062 -0.0487078 -0.0891806
1 40.1117 31.9024 -0.0504556 -0.0866981
1 41.2242 31.8994 -0.0549615 -0.0778133
1 42.336 31.8971 -0.0592979 -0.0743926
1 43.4497 31.8945 -0.0607694 -0.0727588
1 0.786062 32.8572 0.0612236 -0.0743805
1 1.89991 32.86 0.060355 -0.0730926
1 3.01165 32.8622 0.0580685 -0.0715951
1 4.12363 32.8643 0.0538888 -0.0767137
1 5.23619 32.8674 0.0500058 -0.083677
1 6.34926 32.8705 0.0528452 -0.0820065
1 7.4612 32.8721 0.0613594 -0.0720014
1 8.57261 32.8715 0.0588324 -0.0633428
1 9.68362 32.8696 0.0698332 -0.0602137
1 10.7937 32.8671 0.0678503 -0.0601271
1 11.9041 32.8644 0.0657683 -0.0607235
1 13.0145 32.8618 0.0615309 -0.0630149
1 14.1248 32.8594 0.0539296 -0.0655914
1 15.2334 32.8572 0.0418905 -0.0670432
1 16.3388 32.855 0.00260215 -0.0683576
1 17.4405 32.8531 -0.0334613 -0.0693052
1 18.5393 32.8514 -0.0312027 -0.0694145
1 19.6394 32.8501 -0.0132225 -0.0690576
1 20.742 32.8493 -0.00492481 -0.0682794
1 21.8443 32.8489 -0.00106697 -0.0676512
1 22.9462 32.849 0.0025071 -0.0677817
1 24.0491 32.8496 0.00758923 -0.0683342
1 25.1508 32.8507 0.021216 -0.068661
1 26.2498 32.8522 0.0363215 -0.068882
1 27.3496 32.854 0.0192289 -0.0686271
1 28.4534 32.856 -0.0240114 -0.0675259
1 29.561 32.8582 -0.0480418 -0.0664247
1 30.6709 32.8605 -0.0615955 -0.0647297
1 31.7805 32.863 -0.0756626 -0.0626981
1 32.8902 32.8656 -0.0654072 -0.0602842
1 34.001 32.8682 -0.0616216 -0.0585449
1 35.1114 32.8706 -0.0627078 -0.0609603
1 36.2226 32.8719 -0.0573595 -0.0679851
1 37.3343 32.8714 -0.0534904 -0.076706
1 38.4471 32.869 -0.050234 -0.0836842
1 39.5599 32.8656 -0.0510652 -0.0817101
1 40.6721 32.863 -0.0556629 -0.0727902
1 41.7835 32.8611 -0.0595697 -0.0721931
1 42.8953 32.8585 -0.0577406 -0.0744212
1 44.0149 32.8552 -0.0497667 -0.0796602
1 0.22039 33.8179 0.0507496 -0.0784567
1 1.3406 33.8213 0.0559793 -0.0791755
1 2.45286 33.8237 0.0610764 -0.0799845
1 3.5643 33.8256 0.0607501 -0.0786452
1 4.67612 33.8274 0.0583787 -0.0849664
1 5.78852 33.8302 0.0535064 -0.0896413
1 6.90137 33.833 0.0538357 -0.0861203
1 8.01354 33.8342 0.0558141 -0.0775912
1 9.12492 33.8335 0.0607155 -0.0688314
1 10.2358 33.8312 0.0605108 -0.0646378
1 11.3467 33.8284 0.0636947 -0.0653423
1 12.4567 33.8256 0.0731325 -0.0672458
1 13.5667 33.8228 0.0594924 -0.0693893
1 14.6767 33.8202 0.0458242 -0.0713953
1 15.7843 33.8178 0.0215449 -0.0730908
1 16.8883 33.8156 -0.0196737 -0.0744563
1 17.9884 33.8137 -0.0358708 -0.0743499
1 19.0876 33.8121 -0.0202607 -0.0739991
1 20.1897 33.8111 -0.00644181 -0.0734122
1 21.2929 33.8106 -0.00156233 -0.0723121
1 22.3952 33.8105 0.000856442 -0.0718537
1 23.4982 33.8108 0.00286629 -0.0724856
1 24.6014 33.8116 0.013319 -0.0732226
1 25.7021 33.8129 0.0308879 -0.0735695
1 26.8012 33.8147 0.0331941 -0.0741313
1 27.9032 33.8167 -0.00393903 -0.0740976
1 29.009 33.819 -0.0433451 -0.0727712
1 30.1178 33.8214 -0.0531428 -0.0709039
1 31.2282 33.824 -0.0582352 -0.0676141
1 32.3387 33.8269 -0.0618537 -0.0651824
1 33.4492 33.8299 -0.0655965 -0.0646724
1 34.5592 33.8324 -0.0677878 -0.0668081
1 35.6704 33.8339 -0.0576118 -0.0729573
1 36.7822 33.8337 -0.0600286 -0.0827009
1 37.8944 33.8314 -0.0539947 -0.0895499
1 39.0073 33.8285 -0.0548086 -0.0859114
1 40.1192 33.8264 -0.0608286 -0.078381
1 41.2309 33.8248 -0.060443 -0.0786426
1 42.3428 33.8225 -0.0631125 -0.0802253
1 43.4566 33.8196 -0.0640761 -0.0815662
1 0.779718 34.7822 0.064751 -0.0798041
1 1.89402 34.7846 0.0676166 -0.0791124
1 3.00617 34.7869 0.066049 -0.0787072
1 4.11801 34.7885 0.0673898 -0.0747621
1 5.22943 34.7901 0.0636387 -0.0791945
1 6.34187 34.7925 0.0598041 -0.0873271
1 7.45424 34.7952 0.0628642 -0.0834428
1 8.56635 34.7963 0.060259 -0.0729226
1 9.67768 34.7952 0.071381 -0.0643936
1 10.7878 34.7927 0.0682621 -0.0610745
1 11.8983 34.7895 0.0642729 -0.0608048
1 13.0088 34.7862 0.0576292 -0.0632589
1 14.1196 34.7833 0.0501038 -0.0666874
1 15.2286 34.7806 0.0392511 -0.0686397
1 16.3345 34.7781 0.00162595 -0.06998
1 17.4369 34.7759 -0.0327465 -0.0699695
1 18.5364 34.7741 -0.0297632 -0.0692574
1 19.6374 34.7729 -0.0113901 -0.0688279
1 20.7409 34.7722 -0.00256612 -0.0680578
1 21.844 34.7719 -0.00020409 -0.0672621
1 22.9469 34.772 0.00104609 -0.0673878
1 24.0506 34.7725 0.00581335 -0.0679926
1 25.1533 34.7735 0.0196115 -0.0684359
1 26.2532 34.775 0.0344375 -0.0695332
1 27.3535 34.777 0.0185341 -0.0706666
1 28.4578 34.7793 -0.0223745 -0.0696525
1 29.5659 34.7819 -0.0445788 -0.0672775
1 30.6762 34.7847 -0.0571623 -0.0645492
1 31.7862 34.7878 -0.0719332 -0.0620928
1 32.8961 34.791 -0.0641754 -0.061068
1 34.0069 34.7939 -0.0619749 -0.0620392
1 35.1176 34.7958 -0.0632273 -0.0687812
1 36.2294 34.7957 -0.0571281 -0.0788871
1 37.3418 34.7938 -0.0565869 -0.0849278
1 38.4545 34.7912 -0.0598254 -0.0824923
1 39.5661 34.7893 -0.0636401 -0.0761239
1 40.6777 34.7879 -0.0612358 -0.0752001
1 41.7896 34.7858 -0.0595684 -0.0779292
1 42.9023 34.7833 -0.0589463 -0.0796833
1 44.0227 34.78 -0.0599492 -0.0792068
1 0.215302 35.744 0.0700464 -0.074548
1 1.33555 35.7462 0.0679965 -0.0766079
1 2.44814 35.7483 0.0672351 -0.0747379
1 3.56033 35.7505 0.0634343 -0.0743099
1 4.67216 35.7521 0.0684559 -0.0728287
1 5.78345 35.7534 0.0667817 -0.0762323
1 6.89555 35.7555 0.0611369 -0.0828087
1 8.0081 35.758 0.0596827 -0.0825197
1 9.12001 35.759 0.0659382 -0.0703273
1 10.2308 35.7575 0.0677232 -0.0596429
1 11.3414 35.7545 0.0697725 -0.0566835
1 12.451 35.7508 0.0755287 -0.0585937
1 13.561 35.7473 0.0584472 -0.0617618
1 14.6714 35.7441 0.043395 -0.0647509
1 15.7795 35.7412 0.0198365 -0.0672985
1 16.8842 35.7388 -0.018848 -0.0683699
1 17.985 35.7367 -0.0335102 -0.067383
1 19.0852 35.7351 -0.0186308 -0.066732
1 20.1883 35.7342 -0.00485635 -0.0665253
1 21.2923 35.7338 -9.388e-05 -0.0658502
1 22.3954 35.7337 0.000655953 -0.0654676
1 23.4992 35.734 0.00167872 -0.0657886
1 24.6033 35.7347 0.0119357 -0.0661177
1 25.7049 35.7359 0.0279442 -0.0668741
1 26.8049 35.7377 0.0300875 -0.0684627
1 27.9076 35.7399 -0.0036634 -0.0686148
1 29.014 35.7426 -0.0399771 -0.0659028
1 30.1233 35.7456 -0.0499842 -0.0627501
1 31.234 35.749 -0.0581965 -0.0591514
1 32.3443 35.7527 -0.0659634 -0.0572752
1 33.4544 35.756 -0.071734 -0.0591152
1 34.5644 35.7582 -0.0730216 -0.0653466
1 35.6759 35.7585 -0.060744 -0.075861
1 36.7883 35.7567 -0.0647502 -0.0829417
1 37.9003 35.7543 -0.0657406 -0.0797789
1 39.0121 35.7528 -0.0681563 -0.072979
1 40.1234 35.7516 -0.0677331 -0.073816
1 41.2355 35.7495 -0.0642628 -0.076865
1 42.3479 35.7472 -0.0664866 -0.0754722
1 43.4624 35.7444 -0.0658543 -0.0744837
1 0.776908 36.7079 0.074151 -0.0743378
1 1.89122 36.7098 0.0707765 -0.0781272
1 3.00327 36.7118 0.0679069 -0.0795524
1 4.11543 36.7138 0.067661 -0.0796931
1 5.22693 36.7154 0.0702232 -0.0745157
1 6.33825 36.7165 0.0711209 -0.0776334
1 7.44975 36.7182 0.0685141 -0.0853388
1 8.5623 36.7205 0.0613484 -0.085107
1 9.67432 36.7213 0.0762663 -0.0751083
1 10.7844 36.7197 0.0779767 -0.0624376
1 11.894 36.7161 0.0754654 -0.0567679
1 13.0038 36.7118 0.0644774 -0.0588995
1 14.1142 36.7078 0.0517884 -0.0640857
1 15.2234 36.7043 0.0383865 -0.0682266
1 16.3299 36.7013 0.00184658 -0.071145
1 17.433 36.6989 -0.029772 -0.0711785
1 18.5335 36.6971 -0.0273393 -0.0699011
1 19.6355 36.6959 -0.0112609 -0.0695032
1 20.7399 36.6952 -0.00238746 -0.0693733
1 21.8439 36.695 0.000232316 -0.0690685
1 22.9475 36.6951 0.00115647 -0.0689269
1 24.0521 36.6956 0.00591883 -0.0691145
1 25.1557 36.6965 0.0178538 -0.0696401
1 26.2564 36.698 0.0304111 -0.0710359
1 27.3576 36.7 0.0170782 -0.0717031
1 28.4628 36.7027 -0.0205171 -0.0692238
1 29.5713 36.706 -0.0441515 -0.0654284
1 30.6816 36.7098 -0.0613127 -0.0619758
1 31.791 36.7139 -0.0810248 -0.0588438
1 32.9001 36.7178 -0.0745769 -0.0595259
1 34.0105 36.7205 -0.0682674 -0.0672832
1 35.1216 36.7209 -0.0660298 -0.0801706
1 36.2341 36.7192 -0.0613249 -0.0868593
1 37.3463 36.7171 -0.0667454 -0.0817326
1 38.4579 36.716 -0.0692339 -0.0758958
1 39.5693 36.7148 -0.0665515 -0.0790066
1 40.6815 36.7128 -0.0639132 -0.080408
1 41.7936 36.7109 -0.0687791 -0.0796274
1 42.906 36.7086 -0.0696846 -0.0796235
1 44.0255 36.7067 -0.0747738 -0.0712424
1 0.215267 37.6704 0.071238 -0.0736791
1 1.33437 37.6713 0.0701075 -0.0741166
1 2.44644 37.6733 0.071651 -0.0759654
1 3.558 37.6752 0.0685754 -0.0734667
1 4.66982 37.6771 0.067312 -0.0748669
1 5.78135 37.6787 0.0687877 -0.0722715
1 6.89276 37.6796 0.068935 -0.0713267
1 8.00446 37.681 0.0638266 -0.0791245
1 9.11686 37.6829 0.0635271 -0.0799834
1 10.2287 37.6836 0.0674612 -0.0705757
1 11.3396 37.6818 0.0782236 -0.0575933
1 12.4484 37.6778 0.0900502 -0.0499823
1 13.5571 37.6728 0.0710751 -0.0509048
1 14.6667 37.6682 0.0499233 -0.0565232
1 15.7748 37.6643 0.0227225 -0.0622654
1 16.88 37.6613 -0.0149523 -0.0654136
1 17.9817 37.6591 -0.0290012 -0.0651482
1 19.0828 37.6576 -0.0174314 -0.0644163
1 20.1868 37.6566 -0.00569096 -0.0646674
1 21.2917 37.6562 -0.00040849 -0.0646016
1 22.3957 37.6561 0.00113381 -0.0642807
1 23.5003 37.6564 0.00254841 -0.0644188
1 24.6052 37.6572 0.0113638 -0.0646388
1 25.7077 37.6584 0.0239075 -0.0652928
1 26.8085 37.6601 0.0261224 -0.0656628
1 27.9121 37.6628 -0.00470263 -0.0634529
1 29.019 37.6663 -0.0437543 -0.059284
1 30.1279 37.6705 -0.060647 -0.0549051
1 31.2375 37.6752 -0.0733343 -0.0504137
1 32.3466 37.6798 -0.0784863 -0.0519315
1 33.4564 37.6828 -0.0759356 -0.0639353
1 34.5671 37.6832 -0.0714756 -0.0764388
1 35.6795 37.6818 -0.0622625 -0.0813139
1 36.7916 37.68 -0.0726314 -0.0761784
1 37.9026 37.679 -0.0733568 -0.0715563
1 39.0142 37.6779 -0.0683921 -0.0740133
1 40.1261 37.676 -0.0669511 -0.0759615
1 41.2383 37.674 -0.0670972 -0.0753854
1 42.3507 37.672 -0.0717645 -0.0757083
1 43.4648 37.6708 -0.0745708 -0.0712932
1 0.775493 38.634 0.0707781 -0.0717028
1 1.88934 38.6353 0.0717151 -0.0740915
1 3.00115 38.6371 0.0688864 -0.0762008
1 4.11314 38.6389 0.066891 -0.0768425
1 5.22492 38.6408 0.0680988 -0.0763065
1 6.33654 38.6422 0.0717909 -0.0737417
1 7.4475 38.6432 0.0731248 -0.0750812
1 8.55942 38.6443 0.0639582 -0.0782575
1 9.67178 38.6458 0.0722569 -0.0802251
1 10.7832 38.6461 0.0735177 -0.0722813
1 11.8937 38.6442 0.078998 -0.0588441
1 13.0029 38.6398 0.0782674 -0.0493803
1 14.1119 38.6343 0.0680196 -0.0487396
1 15.2198 38.629 0.0505608 -0.0544752
1 16.326 38.6247 0.010157 -0.0614362
1 17.4297 38.6216 -0.0222054 -0.0650707
1 18.5309 38.6196 -0.0227116 -0.0661184
1 19.6337 38.6184 -0.0111107 -0.0665308
1 20.7389 38.6176 -0.00318755 -0.0667019
1 21.8437 38.6173 0.000322106 -0.0668885
1 22.9482 38.6175 0.00181005 -0.0667925
1 24.0536 38.6181 0.0059177 -0.0668745
1 25.1578 38.619 0.0149358 -0.0668502
1 26.2593 38.6206 0.0248111 -0.0658298
1 27.3614 38.6231 0.0111173 -0.0628011
1 28.4668 38.6268 -0.0308292 -0.0579373
1 29.5744 38.6316 -0.0609522 -0.0522384
1 30.6831 38.6369 -0.0776613 -0.0490982
1 31.7916 38.6419 -0.0887848 -0.0538944
1 32.901 38.6452 -0.0724341 -0.0655116
1 34.0126 38.6458 -0.0631002 -0.0775917
1 35.1247 38.6448 -0.0668365 -0.0807508
1 36.2368 38.6433 -0.0681357 -0.0767204
1 37.3481 38.6425 -0.0719858 -0.0726821
1 38.4596 38.6415 -0.0708497 -0.0757831
1 39.5711 38.6396 -0.0705715 -0.0775943
1 40.683 38.6377 -0.0685437 -0.076483
1 41.7948 38.6358 -0.0708864 -0.0750996
1 42.9069 38.6343 -0.0726171 -0.0710707
1 44.0262 38.6339 -0.0677967 -0.07137
1 0.212426 39.5962 0.0631498 -0.0710435
1 1.33226 39.5974 0.0646576 -0.0767446
1 2.44454 39.5987 0.0702201 -0.0790202
1 3.5563 39.6003 0.0687921 -0.0773422
1 4.66809 39.602 0.0683298 -0.0795785
1 5.77978 39.6042 0.0694935 -0.0797433
1 6.89133 39.6055 0.0738299 -0.0751362
1 8.00248 39.6063 0.0704619 -0.0765331
1 9.11438 39.6072 0.0665521 -0.0800087
1 10.2267 39.6084 0.0630155 -0.0783681
1 11.3388 39.6082 0.0705844 -0.0711809
1 12.4488 39.6059 0.0879879 -0.0601572
1 13.5576 39.6013 0.0799696 -0.0496858
1 14.6661 39.5954 0.0660715 -0.0460228
1 15.7729 39.5896 0.039876 -0.0498998
1 16.8775 39.5849 -0.000721335 -0.0565753
1 17.9794 39.5818 -0.0186618 -0.0618324
1 19.081 39.5799 -0.0133945 -0.0646948
1 20.1855 39.5788 -0.0053069 -0.0662084
1 21.2911 39.5782 -0.000179088 -0.066493
1 22.3959 39.5781 0.00124699 -0.0665411
1 23.5014 39.5786 0.00199736 -0.0667145
1 24.6068 39.5794 0.00904034 -0.0659881
1 25.7097 39.5808 0.0174279 -0.0634206
1 26.8111 39.5833 0.0150138 -0.0587311
1 27.9146 39.5872 -0.0215203 -0.053297
1 29.0202 39.5924 -0.0638392 -0.0490769
1 30.1277 39.5983 -0.0722774 -0.0476223
1 31.237 39.6036 -0.0737916 -0.0537115
1 32.347 39.607 -0.0736242 -0.0663891
1 33.458 39.6081 -0.0728836 -0.0771001
1 34.5693 39.6074 -0.0745704 -0.079727
1 35.6813 39.6064 -0.0680858 -0.0766524
1 36.7929 39.6057 -0.0767689 -0.0749079
1 37.9037 39.6047 -0.0735588 -0.0765418
1 39.0157 39.603 -0.0680707 -0.07862
1 40.1276 39.601 -0.0695346 -0.0782022
1 41.2395 39.5991 -0.0707229 -0.079181
1 42.3513 39.5977 -0.0757996 -0.0759244
1 43.465 39.5971 -0.0762766 -0.075437
1 0.773282 40.5595 0.0742527 -0.0758818
1 1.8877 40.5604 0.0766867 -0.0725653
1 2.99951 40.5618 0.0718204 -0.0752776
1 4.11168 40.5639 0.070357 -0.0767446
1 5.22322 40.5657 0.0712369 -0.0753421
1 6.33517 40.5674 0.07109 -0.0774814
1 7.44663 40.5689 0.0753021 -0.0752947
1 8.55819 40.5695 0.0715201 -0.0729847
1 9.67004 40.5703 0.0759276 -0.0766218
1 10.7816 40.5712 0.0725202 -0.0746312
1 11.8931 40.5705 0.0715208 -0.0648389
1 13.0037 40.5676 0.0726646 -0.0554928
1 14.1135 40.5627 0.0705491 -0.0473605
1 15.2211 40.5567 0.064368 -0.0420702
1 16.3262 40.5506 0.0306306 -0.0427618
1 17.429 40.5457 -0.00259139 -0.048254
1 18.53 40.5425 -0.00980017 -0.055427
1 19.6326 40.5406 -0.00577874 -0.0607702
1 20.7381 40.5395 -0.00126953 -0.0630417
1 21.8436 40.5391 0.000662888 -0.0636016
1 22.9488 40.5393 0.000255679 -0.0636058
1 24.0545 40.54 0.00237312 -0.062606
1 25.1588 40.5415 0.00705763 -0.058504
1 26.2602 40.544 0.0095105 -0.0513054
1 27.3618 40.5481 -0.0108444 -0.0452192
1 28.466 40.5536 -0.0509867 -0.0432068
1 29.5727 40.5596 -0.0668253 -0.0442996
1 30.6821 40.5652 -0.0734094 -0.050528
1 31.7916 40.569 -0.0855585 -0.0625478
1 32.9019 40.5705 -0.0709248 -0.0710941
1 34.0141 40.5704 -0.062898 -0.0759147
1 35.1261 40.5696 -0.0700689 -0.07359
1 36.2376 40.5691 -0.0738672 -0.070964
1 37.3488 40.5683 -0.0723029 -0.0750624
1 38.4607 40.5665 -0.0667184 -0.0789447
1 39.5725 40.5645 -0.0692961 -0.0742355
1 40.6842 40.5628 -0.067745 -0.0729649
1 41.796 40.561 -0.0705109 -0.0734418
1 42.9084 40.5598 -0.0698884 -0.075305
1 44.0286 40.559 -0.067291 -0.0780932
1 0.210236 41.5214 0.0694223 -0.0780396
1 1.33074 41.5219 0.0713361 -0.077621
1 2.44301 41.5237 0.0750563 -0.0780853
1 3.55466 41.5252 0.069429 -0.0775378
1 4.66662 41.5271 0.0679839 -0.0789345
1 5.77833 41.5289 0.0692993 -0.0801686
1 6.8903 41.5305 0.0711617 -0.0796166
1 8.00196 41.5318 0.0714686 -0.0782825
1 9.11369 41.5325 0.0708093 -0.077035
1 10.2257 41.5332 0.0671985 -0.0795076
1 11.3379 41.5337 0.071087 -0.0759311
1 12.4487 41.5324 0.0836088 -0.0647401
1 13.5586 41.5287 0.0738281 -0.0554874
1 14.6683 41.5234 0.0633207 -0.0501984
1 15.7757 41.5174 0.0482752 -0.0460202
1 16.88 41.5115 0.0186153 -0.0434357
1 17.9812 41.5066 0.0033923 -0.0464065
1 19.0817 41.5032 0.00260644 -0.0539447
1 20.1854 41.5011 0.00359506 -0.0607607
1 21.2909 41.5 0.00343837 -0.0638525
1 22.3961 41.4998 -0.000521286 -0.0645496
1 23.5016 41.5004 -0.00443071 -0.0630457
1 24.6065 41.502 -0.00223176 -0.0577278
1 25.7085 41.5048 -0.00116193 -0.0495491
1 26.809 41.5091 -0.00810842 -0.0441847
1 27.9118 41.5145 -0.0380843 -0.045315
1 29.0175 41.5204 -0.0636851 -0.0486264
1 30.1263 41.526 -0.0653626 -0.0523251
1 31.2366 41.5305 -0.0727197 -0.0614894
1 32.3472 41.5327 -0.0714237 -0.0727785
1 33.459 41.533 -0.0700433 -0.0763438
1 34.5703 41.5325 -0.0799246 -0.0760641
1 35.6818 41.5322 -0.0719264 -0.0748629
1 36.7937 41.5314 -0.074 -0.0799562
1 37.9052 41.5297 -0.0728026 -0.0793245
1 39.0171 41.528 -0.0718588 -0.0781481
1 40.1286 41.5262 -0.0709412 -0.0797264
1 41.2403 41.5243 -0.0719369 -0.0763319
1 42.3521 41.5228 -0.0728844 -0.0770661
1 43.4665 41.5214 -0.074021 -0.0769303
1 0.773025 42.4834 0.0731724 -0.0782914
1 1.88703 42.4848 0.0754405 -0.0747558
1 2.99873 42.4868 0.0733143 -0.0734078
1 4.11044 42.4889 0.0725399 -0.074881
1 5.22192 42.4906 0.0728976 -0.0746982
1 6.33378 42.4922 0.0707575 -0.0764667
1 7.44571 42.4937 0.0738767 -0.0782423
1 8.55773 42.4949 0.0726315 -0.0748933
1 9.66981 42.4956 0.07761 -0.0733417
1 10.7812 42.4962 0.0764059 -0.0760627
1 11.8929 42.4963 0.0713182 -0.0703337
1 13.0042 42.4942 0.0693126 -0.0580695
1 14.1149 42.4896 0.066971 -0.0488272
1 15.2237 42.4837 0.0605961 -0.0460064
1 16.3302 42.4779 0.0332684 -0.0448301
1 17.4337 42.4726 0.0107232 -0.0411425
1 18.5341 42.468 0.00992658 -0.040526
1 19.6353 42.4644 0.0128454 -0.0459661
1 20.7391 42.462 0.0115222 -0.0525975
1 21.8437 42.461 0.00331189 -0.0556957
1 22.9483 42.4614 -0.0086075 -0.0548317
1 24.0528 42.4631 -0.0133556 -0.0498513
1 25.1554 42.4662 -0.0118196 -0.0426753
1 26.2557 42.4704 -0.00852594 -0.039926
1 27.3573 42.4754 -0.02031 -0.0435935
1 28.4626 42.4809 -0.0472918 -0.0461039
1 29.571 42.4867 -0.0610709 -0.0472955
1 30.6813 42.4918 -0.0735025 -0.0550816
1 31.7913 42.4949 -0.0834602 -0.0663035
1 32.9022 42.4957 -0.0703859 -0.0702607
1 34.0144 42.4958 -0.0692774 -0.072986
1 35.1261 42.4952 -0.070691 -0.0752728
1 36.2383 42.4944 -0.07033 -0.0747327
1 37.3502 42.4931 -0.0719972 -0.0760539
1 38.4622 42.4915 -0.0697706 -0.0768621
1 39.5738 42.4897 -0.0715655 -0.0740745
1 40.6854 42.4879 -0.0709471 -0.0731251
1 41.797 42.4859 -0.0732911 -0.0769632
1 42.9095 42.4837 -0.0716475 -0.0759309
1 44.0301 42.4824 -0.0730946 -0.0750236
1 0.208947 43.4436 0.0721591 -0.0761532
1 1.32977 43.4457 0.0722742 -0.0752082
1 2.44218 43.4484 0.0738124 -0.0779494
1 3.55358 43.4507 0.0748094 -0.0754882
1 4.66518 43.4524 0.0719168 -0.0764782
1 5.77674 43.4542 0.0732086 -0.077819
1 6.88875 43.4554 0.0707484 -0.0752259
1 8.00103 43.4567 0.0699376 -0.0785497
1 9.11338 43.4578 0.0684464 -0.0777234
1 10.2261 43.4586 0.0657193 -0.0768795
1 11.3385 43.4593 0.0764899 -0.0760481
1 12.4491 43.4586 0.0849775 -0.0671753
1 13.5597 43.4554 0.0703769 -0.0556605
1 14.6704 43.4499 0.0611597 -0.0476163
1 15.779 43.4438 0.0467589 -0.0467391
1 16.8849 43.4383 0.0187353 -0.0478879
1 17.9873 43.4337 0.00766521 -0.0450847
1 19.0879 43.4297 0.0144609 -0.0418885
1 20.1898 43.4262 0.021072 -0.0419504
1 21.2928 43.4238 0.0148162 -0.0443794
1 22.3954 43.4233 -0.00504465 -0.045473
1 23.4985 43.4248 -0.0207886 -0.0435222
1 24.6011 43.4279 -0.0174027 -0.0417912
1 25.7022 43.4317 -0.00879905 -0.0434289
1 26.8034 43.436 -0.00971677 -0.0470549
1 27.9077 43.4411 -0.0352044 -0.0478462
1 29.0151 43.4469 -0.0614489 -0.0475068
1 30.1246 43.4526 -0.068126 -0.0526496
1 31.2354 43.4568 -0.0723315 -0.0611771
1 32.3466 43.4586 -0.0698524 -0.0715284
1 33.4586 43.4585 -0.0728005 -0.0767623
1 34.5702 43.4581 -0.0790431 -0.0750823
1 35.6823 43.4575 -0.0705664 -0.0760795
1 36.7947 43.4562 -0.0737151 -0.0800394
1 37.9065 43.4547 -0.0731453 -0.0757757
1 39.0185 43.4535 -0.0709828 -0.0757154
1 40.1302 43.4516 -0.0671577 -0.0786841
1 41.2421 43.4494 -0.0685827 -0.0767142
1 42.354 43.4469 -0.073363 -0.0760142
1 43.4681 43.4447 -0.0725223 -0.0769
1 0.770283 44.406 0.0707942 -0.0776226
1 1.88468 44.4088 0.0722037 -0.0755256
1 2.99642 44.4121 0.0710865 -0.0771232
1 4.10839 44.4145 0.0692576 -0.0740041
1 5.22034 44.416 0.0719561 -0.0753845
1 6.33239 44.4176 0.0736797 -0.0746617
1 7.44452 44.4185 0.072785 -0.0744838
1 8.55697 44.4196 0.0729235 -0.0764247
1 9.66951 44.4206 0.0743464 -0.074675
1 10.782 44.4215 0.0705052 -0.0776978
1 11.8942 44.4224 0.0723136 -0.0733981
1 13.0057 44.4207 0.07205 -0.0583846
1 14.1169 44.4159 0.0672881 -0.0477296
1 15.2269 44.4097 0.059016 -0.0454844
1 16.3346 44.4038 0.034004 -0.0460355
1 17.4393 44.3988 0.0101847 -0.0457948
1 18.5409 44.3948 0.0043155 -0.0442271
1 19.6421 44.3917 0.0112311 -0.0386383
1 20.744 44.3892 0.0165711 -0.0308657
1 21.8448 44.3878 0.00515937 -0.0267441
1 22.9451 44.3882 -0.0136656 -0.0285698
1 24.0466 44.3903 -0.0157894 -0.0352453
1 25.1484 44.3932 -0.00655506 -0.0426553
1 26.2496 44.3968 -0.00444434 -0.0455673
1 27.3525 44.4013 -0.0213716 -0.0458124
1 28.4589 44.4068 -0.048663 -0.045836
1 29.5681 44.4128 -0.0630804 -0.0477061
1 30.6791 44.4181 -0.0709306 -0.0535869
1 31.7902 44.4213 -0.0782095 -0.0660908
1 32.9015 44.4214 -0.0736255 -0.0756336
1 34.0138 44.4209 -0.0688296 -0.073482
1 35.1266 44.4204 -0.0662935 -0.0757531
1 36.2395 44.4191 -0.0710846 -0.0768556
1 37.3516 44.4182 -0.0722803 -0.0729653
1 38.4639 44.417 -0.0699634 -0.0770069
1 39.5759 44.4151 -0.0723914 -0.0755399
1 40.6878 44.4132 -0.0692648 -0.0763524
1 41.7996 44.4104 -0.071994 -0.0768854
1 42.9116 44.4074 -0.0707072 -0.0748107
1 44.0325 44.4049 -0.0681114 -0.0753859
1 0.205015 45.3651 0.0661306 -0.0731595
1 1.32615 45.3686 0.0688676 -0.0729335
1 2.43815 45.3733 0.0693735 -0.0777428
1 3.55019 45.3762 0.0688726 -0.0773366
1 4.66253 45.378 0.0659201 -0.0752611
1 5.77503 45.3794 0.0700082 -0.0779268
1 6.88755 45.3808 0.0714212 -0.0765874
1 8.00013 45.3816 0.0690471 -0.0744076
1 9.11281 45.3823 0.0694732 -0.0767583
1 10.2263 45.3835 0.0662477 -0.0794107
1 11.3392 45.3851 0.0746263 -0.0775162
1 12.4507 45.3851 0.078745 -0.0675914
1 13.5626 45.3817 0.0678904 -0.0540655
1 14.6741 45.3757 0.0629271 -0.0448642
1 15.7836 45.3692 0.0473306 -0.045867
1 16.8904 45.364 0.0202701 -0.0474333
1 17.9933 45.3599 0.00346701 -0.0436202
1 19.0938 45.3568 -0.00172691 -0.0386622
1 20.1949 45.3551 0.000703267 -0.030783
1 21.2955 45.3544 0.0019526 -0.021604
1 22.3945 45.3542 -4.41009e-05 -0.0190389
1 23.4942 45.3545 -0.00211075 -0.0259614
1 24.5954 45.3557 0.00182161 -0.0358392
1 25.6963 45.3582 0.000802938 -0.0419693
1 26.7977 45.362 -0.010292 -0.0460649
1 27.9027 45.3668 -0.0360398 -0.0477929
1 29.011 45.3725 -0.0612009 -0.0460508
1 30.1214 45.3786 -0.066775 -0.0491346
1 31.2333 45.3833 -0.0685562 -0.0596385
1 32.3454 45.3848 -0.0726916 -0.0748818
1 33.4575 45.3837 -0.0709287 -0.0806965
1 34.5705 45.3827 -0.0688713 -0.0742987
1 35.6837 45.3822 -0.071381 -0.0747732
1 36.796 45.3813 -0.0743693 -0.0759763
1 37.9084 45.3801 -0.0703074 -0.0755393
1 39.0213 45.3786 -0.071772 -0.076369
1 40.1334 45.377 -0.073371 -0.0779883
1 41.2455 45.3746 -0.0715754 -0.0767903
1 42.3575 45.3715 -0.0735481 -0.074203
1 43.471 45.3669 -0.0744515 -0.0788763
1 0.766014 46.3276 0.0742831 -0.0770386
1 1.87883 46.3347 0.0735091 -0.0742684
1 2.9913 46.3377 0.0722648 -0.0763708
1 4.10428 46.3406 0.0731632 -0.0780676
1 5.21677 46.3418 0.0718775 -0.0707295
1 6.32995 46.3426 0.0704731 -0.0771153
1 7.44284 46.3444 0.0710968 -0.0773235
1 8.55567 46.3449 0.0692893 -0.0690553
1 9.66905 46.3449 0.0692747 -0.074829
1 10.7825 46.3472 0.0677663 -0.0868903
1 11.8956 46.3494 0.0705226 -0.0736428
1 13.0085 46.3473 0.0670787 -0.0538241
1 14.1213 46.3419 0.064601 -0.0461982
1 15.2322 46.3355 0.0592015 -0.0440203
1 16.3405 46.3298 0.0344234 -0.0429724
1 17.4451 46.3256 0.00573559 -0.0405071
1 18.5457 46.3229 -0.0104531 -0.0329689
1 19.6451 46.3216 -0.0116929 -0.0246549
1 20.7452 46.3213 -0.00622939 -0.0219525
1 21.845 46.3214 -0.00103454 -0.0231038
1 22.9446 46.3213 0.00377732 -0.022427
1 24.0446 46.3212 0.00917246 -0.0221395
1 25.1444 46.3219 0.012789 -0.0284573
1 26.2441 46.3241 0.00458637 -0.0379722
1 27.3466 46.3277 -0.0204342 -0.0432678
1 28.4534 46.3328 -0.0499933 -0.0437127
1 29.5633 46.3388 -0.0625753 -0.0452962
1 30.6755 46.3445 -0.064588 -0.0509901
1 31.7882 46.3481 -0.0727778 -0.0658244
1 32.9007 46.3476 -0.0717118 -0.0808399
1 34.014 46.3456 -0.0654163 -0.0763596
1 35.1275 46.3452 -0.0695382 -0.0717968
1 36.2404 46.3449 -0.0724841 -0.0734514
1 37.3531 46.3437 -0.068132 -0.0741951
1 38.4664 46.3421 -0.0682175 -0.0772635
1 39.5792 46.3408 -0.0699356 -0.073661
1 40.6921 46.3391 -0.0669858 -0.0748864
1 41.805 46.3364 -0.0705312 -0.0772871
1 42.918 46.332 -0.0686245 -0.073319
1 44.0382 46.3237 -0.0687428 -0.0763053
1 0.194464 47.2832 0.0689737 -0.0766249
1 1.31518 47.2999 0.072972 -0.0783422
1 2.43052 47.3039 0.0694082 -0.0723234
1 3.54485 47.3062 0.0713601 -0.0816268
1 4.65862 47.3093 0.0687596 -0.0766838
1 5.77232 47.3092 0.0704182 -0.0713685
1 6.8852 47.3107 0.071396 -0.0824038
1 7.99873 47.3127 0.0683576 -0.072618
1 9.11185 47.3118 0.0715479 -0.0696808
1 10.2252 47.3129 0.0675665 -0.0851693
1 11.3389 47.3162 0.0700165 -0.0842126
1 12.4531 47.3167 0.0631054 -0.0660716
1 13.568 47.3126 0.0591027 -0.048808
1 14.6806 47.3062 0.062148 -0.0431709
1 15.7902 47.3005 0.0447921 -0.043561
1 16.8963 47.2965 0.0131636 -0.0371347
1 17.9973 47.294 -0.0123591 -0.0277869
1 19.0955 47.293 -0.0207724 -0.0239151
1 20.1949 47.2928 -0.00906428 -0.0252429
1 21.295 47.2925 0.000270779 -0.0268805
1 22.3948 47.2924 -6.38889e-05 -0.0267858
1 23.4948 47.2925 0.0027712 -0.025698
1 24.5946 47.2927 0.0168001 -0.0240716
1 25.6932 47.2933 0.0203124 -0.0253084
1 26.7925 47.2951 0.000842849 -0.0328114
1 27.8963 47.2986 -0.0311446 -0.0420033
1 29.0046 47.3035 -0.0579067 -0.0447063
1 30.1158 47.3094 -0.0623236 -0.0469283
1 31.2297 47.3144 -0.0599093 -0.0580769
1 32.3441 47.3161 -0.0657665 -0.0747776
1 33.4579 47.314 -0.0674668 -0.0846665
1 34.5713 47.312 -0.0721836 -0.0755482
1 35.6843 47.3127 -0.0690272 -0.067508
1 36.7981 47.3124 -0.0662849 -0.079374
1 37.9112 47.3098 -0.0749454 -0.0795919
1 39.0243 47.3089 -0.0689469 -0.0730734
1 40.138 47.3075 -0.071191 -0.0793629
1 41.2518 47.305 -0.071437 -0.0763226
1 42.3665 47.3018 -0.0707165 -0.0790374
1 43.4837 47.2953 -0.0716413 -0.0739858
