1 0.663096 0.130617 0.0712272 0.0735535
1 1.78045 0.124101 0.0695832 0.0809522
1 2.89545 0.120649 0.0679973 0.073228
1 4.00949 0.119526 0.0738201 0.0788313
1 5.12302 0.116157 0.0653536 0.0851776
1 6.2382 0.114554 0.0590199 0.0677883
1 7.35265 0.117801 0.0698887 0.0527211
1 8.46569 0.123223 0.0705694 0.0513407
1 9.57796 0.128625 0.0769673 0.0524982
1 10.6888 0.133659 0.0860818 0.0543006
1 11.7986 0.138241 0.0893271 0.055438
1 12.9078 0.14268 0.0954881 0.0561574
1 14.0164 0.146726 0.0890605 0.063798
1 15.1274 0.149467 0.0564524 0.0761382
1 16.2426 0.150757 0.0249306 0.0855523
1 17.3607 0.151177 0.00779458 0.0900904
1 18.4801 0.151271 0.00129672 0.0912655
1 19.6 0.151364 1.46419e-05 0.091646
1 20.72 0.151333 -0.000212484 0.0916545
1 21.84 0.151334 -0.000168125 0.0918952
1 22.9601 0.151221 0.000129712 0.0917417
1 24.0801 0.151194 6.04867e-06 0.091733
1 25.2 0.151194 -0.000494533 0.0914371
1 26.3197 0.151156 -0.00356952 0.0908339
1 27.4387 0.150915 -0.0142456 0.0886546
1 28.5555 0.150137 -0.0389384 0.0816626
1 29.6687 0.148213 -0.0741332 0.069779
1 30.7781 0.144822 -0.0956801 0.0588676
1 31.8867 0.140526 -0.0921792 0.0554874
1 32.9962 0.136095 -0.0893285 0.0551633
1 34.1061 0.131365 -0.0833753 0.0531527
1 35.2176 0.126165 -0.070625 0.051984
1 36.3304 0.120429 -0.0687791 0.0487279
1 37.4441 0.114816 -0.0654818 0.0549128
1 38.5594 0.113534 -0.0626602 0.081507
1 39.6737 0.11776 -0.0708608 0.0897684
1 40.7878 0.120428 -0.064191 0.0725864
1 41.9026 0.121972 -0.0695978 0.0786255
1 43.0177 0.127496 -0.0662247 0.0773947
1 44.1384 0.141772 -0.0679029 0.0707475
1 0.109496 1.10235 0.0697582 0.0770663
1 1.22935 1.09357 0.0660047 0.0769306
1 2.34243 1.08941 0.0672935 0.0762647
1 3.45503 1.08731 0.0650722 0.0768222
1 4.56871 1.08507 0.0656416 0.0803353
1 5.68163 1.08251 0.0727098 0.0777457
1 6.79437 1.0832 0.0716648 0.0625602
1 7.90688 1.08776 0.0724721 0.0493364
1 9.01895 1.09368 0.0739955 0.0493624
1 10.1303 1.09916 0.0828847 0.052217
1 11.2403 1.10421 0.0886537 0.0533619
1 12.3499 1.10884 0.087974 0.05794
1 13.4596 1.11249 0.085013 0.0678268
1 14.5703 1.11488 0.0650988 0.0785044
1 15.6841 1.11606 0.0347813 0.0862915
1 16.8013 1.1165 0.0134668 0.0899783
1 17.9203 1.11662 0.00332908 0.0914653
1 19.04 1.11666 0.00053348 0.0921253
1 20.16 1.11668 -0.000188858 0.0917583
1 21.2801 1.11665 -0.000230385 0.0917518
1 22.4002 1.11659 -6.89514e-05 0.0921011
1 23.5202 1.11654 0.000416658 0.0917545
1 24.6401 1.11654 -0.000146861 0.0917586
1 25.76 1.11654 -0.00152926 0.0919189
1 26.8794 1.11648 -0.00689342 0.0912117
1 27.9976 1.1162 -0.0224648 0.0885734
1 29.1134 1.11548 -0.0496254 0.082845
1 30.2255 1.11381 -0.0771834 0.0732832
1 31.3353 1.11085 -0.087611 0.0625465
1 32.4449 1.10672 -0.0887914 0.0548566
1 33.5545 1.1019 -0.0868915 0.0526648
1 34.665 1.09672 -0.0773181 0.0513734
1 35.7768 1.09088 -0.0754288 0.0479302
1 36.8887 1.08476 -0.071416 0.0500525
1 38.002 1.08108 -0.0612209 0.0676063
1 39.1156 1.08248 -0.0684966 0.0865484
1 40.2289 1.08623 -0.0696277 0.0833886
1 41.3424 1.08815 -0.072261 0.0733865
1 42.4547 1.09134 -0.0742213 0.0824023
1 43.5686 1.09944 -0.0750645 0.0774686
1 0.675564 2.05947 0.0731687 0.0830253
1 1.78903 2.05417 0.0736102 0.077661
1 2.90074 2.0512 0.0718512 0.0720472
1 4.01321 2.04937 0.0675667 0.0773102
1 5.1257 2.04661 0.0708126 0.0845108
1 6.238 2.04542 0.0658237 0.0677854
1 7.35017 2.04867 0.074414 0.0508914
1 8.4611 2.05422 0.0798495 0.048562
1 9.57201 2.05995 0.0802293 0.0494541
1 10.6825 2.0654 0.0844695 0.0520431
1 11.7927 2.06996 0.0793261 0.0607894
1 12.9036 2.07321 0.0766517 0.070715
1 14.0144 2.07533 0.0720718 0.0786397
1 15.1269 2.07655 0.0491209 0.0847847
1 16.2425 2.07712 0.0236791 0.0887658
1 17.3607 2.07731 0.00810054 0.0908342
1 18.4801 2.07734 0.00153391 0.0912341
1 19.6 2.07736 0.00013373 0.0912548
1 20.72 2.07737 -8.65054e-05 0.0912678
1 21.8401 2.07733 -0.000127796 0.0910629
1 22.9602 2.07728 1.18196e-05 0.0910332
1 24.0801 2.07726 -0.000230527 0.0912734
1 25.2 2.07725 -0.000871409 0.0912274
1 26.3197 2.07722 -0.00378509 0.0911638
1 27.4387 2.07713 -0.0142036 0.0901808
1 28.5557 2.07679 -0.0351934 0.087029
1 29.6698 2.07595 -0.061579 0.0818701
1 30.7812 2.07438 -0.0759228 0.0749057
1 31.8919 2.07183 -0.0777822 0.0661333
1 33.0023 2.06804 -0.0848246 0.0562119
1 34.1122 2.06301 -0.082481 0.0495058
1 35.2234 2.05722 -0.0729089 0.0474813
1 36.3348 2.05105 -0.0781611 0.0473898
1 37.4457 2.04588 -0.0777762 0.0584971
1 38.5576 2.04478 -0.0709725 0.0760609
1 39.67 2.04699 -0.0675462 0.0807312
1 40.7828 2.04972 -0.0679873 0.0810176
1 41.895 2.05288 -0.067214 0.0790455
1 43.0071 2.05728 -0.0712055 0.0770447
1 44.128 2.06166 -0.073742 0.0734207
1 0.113984 3.02111 0.0717263 0.0820947
1 1.23484 3.01864 0.0703922 0.0808262
1 2.34693 3.01543 0.0719111 0.077303
1 3.45853 3.01316 0.0655218 0.0792299
1 4.57136 3.01043 0.0665646 0.0842442
1 5.6829 3.0085 0.0778093 0.0752175
1 6.79392 3.01025 0.0781016 0.0580997
1 7.90433 3.01488 0.0821584 0.0511424
1 9.01468 3.02058 0.0766319 0.0503629
1 10.1257 3.02607 0.0759098 0.055355
1 11.2365 3.03035 0.0735816 0.0657443
1 12.348 3.03327 0.0692933 0.0750139
1 13.4595 3.03525 0.0730461 0.0807742
1 14.5709 3.03662 0.0632811 0.0857503
1 15.6846 3.03737 0.0367667 0.0902556
1 16.8015 3.03765 0.0149552 0.09291
1 17.9203 3.03773 0.00406464 0.0938461
1 19.04 3.03775 0.000823731 0.0939665
1 20.16 3.03775 -7.45196e-06 0.093866
1 21.2801 3.03775 0.000327706 0.0937847
1 22.4002 3.03774 -6.45099e-05 0.0937638
1 23.5202 3.0377 -1.5801e-05 0.0937737
1 24.6401 3.03766 -0.000347971 0.0938674
1 25.7599 3.03765 -0.00176198 0.0939419
1 26.8792 3.0376 -0.00810709 0.0936229
1 27.9973 3.03743 -0.024619 0.091837
1 29.1127 3.03697 -0.0503184 0.0881175
1 30.225 3.03597 -0.0702867 0.0829575
1 31.3363 3.03437 -0.0706765 0.0781699
1 32.4479 3.03208 -0.0707251 0.0714256
1 33.5589 3.02863 -0.0776359 0.0611126
1 34.6696 3.0237 -0.0770565 0.0512415
1 35.7803 3.01768 -0.0813171 0.0474113
1 36.8903 3.01179 -0.078694 0.051974
1 38.0013 3.00824 -0.0682175 0.0669225
1 39.113 3.00843 -0.0694619 0.0804091
1 40.225 3.01117 -0.0665358 0.083339
1 41.3372 3.01403 -0.0667817 0.0774389
1 42.4491 3.01703 -0.0653643 0.0803684
1 43.5633 3.02046 -0.0665758 0.0820755
1 0.677698 3.98128 0.0716897 0.075384
1 1.79209 3.9792 0.0679321 0.0742961
1 2.90387 3.97674 0.0673466 0.0750171
1 4.01614 3.97404 0.0673363 0.0811051
1 5.1276 3.97168 0.0732106 0.0770511
1 6.23871 3.97211 0.0656985 0.0593066
1 7.34952 3.97603 0.080893 0.050001
1 8.45872 3.98119 0.0826976 0.0507321
1 9.56949 3.98619 0.068203 0.0565497
1 10.6813 3.99015 0.0675028 0.0654231
1 11.7931 3.99287 0.0656967 0.0730832
1 12.9049 3.99481 0.0699867 0.0771303
1 14.016 3.99631 0.0737897 0.0807259
1 15.1279 3.99727 0.0545173 0.0853263
1 16.2429 3.99769 0.0275184 0.0887831
1 17.3608 3.99783 0.00948551 0.0902928
1 18.4801 3.99785 0.00179655 0.0903644
1 19.6 3.99786 0.000640444 0.0903298
1 20.72 3.99788 0.000241944 0.0904464
1 21.8401 3.99787 -0.000173198 0.090325
1 22.9602 3.99785 -1.39677e-06 0.0903113
1 24.0802 3.99783 -0.000621519 0.0904777
1 25.2 3.99778 -0.00159912 0.0903654
1 26.3197 3.99774 -0.00463623 0.0902857
1 27.4385 3.99767 -0.016538 0.0897269
1 28.5551 3.99744 -0.0397262 0.0872239
1 29.6684 3.99681 -0.0657377 0.082841
1 30.7796 3.99562 -0.0735849 0.0785809
1 31.891 3.99395 -0.0669582 0.0756581
1 33.0029 3.99175 -0.0688311 0.0706754
1 34.1144 3.98858 -0.068155 0.0617597
1 35.2261 3.98401 -0.0680914 0.0516384
1 36.3366 3.97837 -0.0825834 0.0461659
1 37.4459 3.97324 -0.0850019 0.0536119
1 38.5558 3.97097 -0.0788786 0.068155
1 39.6669 3.97197 -0.0657182 0.078826
1 40.7793 3.97498 -0.0622832 0.0800258
1 41.8912 3.97804 -0.0654697 0.073816
1 43.0036 3.98044 -0.0675004 0.0721452
1 44.124 3.98242 -0.0651564 0.0842014
1 0.117186 4.94384 0.0632677 0.0704679
1 1.23684 4.94286 0.0652552 0.0739354
1 2.34933 4.9408 0.0654589 0.0769788
1 3.46136 4.93777 0.0606898 0.0813744
1 4.57397 4.93513 0.064549 0.0763455
1 5.6847 4.93495 0.0793828 0.0642796
1 6.79431 4.93791 0.0846452 0.0538887
1 7.90355 4.94231 0.0791885 0.0551485
1 9.01453 4.9466 0.0594114 0.0598281
1 10.127 4.95019 0.0608731 0.0666453
1 11.2388 4.95282 0.067164 0.0730706
1 12.3504 4.95478 0.0678387 0.0765584
1 13.4617 4.95635 0.076429 0.0795258
1 14.5723 4.95747 0.0699507 0.0843127
1 15.6852 4.95804 0.0418065 0.0885217
1 16.8017 4.95822 0.0172493 0.0905617
1 17.9204 4.95827 0.00459793 0.0911491
1 19.04 4.95831 0.00117427 0.0910492
1 20.16 4.95831 0.000244183 0.0911818
1 21.2801 4.95831 0.000235732 0.091197
1 22.4002 4.95831 -0.000107429 0.0910969
1 23.5202 4.95828 7.67543e-05 0.0912453
1 24.6402 4.95825 -0.00073378 0.0911399
1 25.76 4.95823 -0.00216868 0.0910487
1 26.8792 4.95817 -0.00896079 0.0908534
1 27.9969 4.95807 -0.0278337 0.0896417
1 29.1117 4.95775 -0.0566711 0.0864474
1 30.2232 4.95695 -0.0761328 0.0817206
1 31.3339 4.9556 -0.0714229 0.0778858
1 32.4456 4.95387 -0.0661401 0.0753161
1 33.5573 4.95168 -0.0667973 0.0712037
1 34.6692 4.94871 -0.0620936 0.0643465
1 35.7809 4.9447 -0.071463 0.0560878
1 36.8907 4.9399 -0.0768076 0.0505458
1 38.0008 4.93567 -0.0718541 0.0559593
1 39.111 4.93404 -0.0780477 0.0719471
1 40.222 4.936 -0.0692808 0.0823417
1 41.3342 4.93932 -0.070149 0.0790195
1 42.4461 4.94185 -0.072501 0.0735449
1 43.56 4.94345 -0.0756346 0.0752077
1 0.680273 5.90619 0.0713465 0.0698651
1 1.79438 5.90417 0.0683436 0.0782748
1 2.90675 5.90119 0.062413 0.0869186
1 4.01937 5.89811 0.0656594 0.0838466
1 5.12996 5.89749 0.0759545 0.070439
1 6.23991 5.8996 0.0655526 0.0628916
1 7.35056 5.9032 0.0689769 0.063324
1 8.46097 5.90681 0.0646721 0.0671248
1 9.57291 5.91001 0.0585269 0.0717617
1 10.6849 5.91256 0.0670565 0.0766895
1 11.7963 5.91453 0.0682328 0.0801741
1 12.9076 5.91612 0.0743532 0.0828941
1 14.0178 5.91731 0.0811534 0.0869001
1 15.1287 5.91797 0.0608605 0.0913859
1 16.2432 5.91823 0.0304861 0.0939413
1 17.3609 5.9183 0.0104622 0.0946252
1 18.4801 5.91834 0.00208029 0.0947966
1 19.6 5.91834 0.00062096 0.0948885
1 20.72 5.91834 0.000137795 0.094774
1 21.8401 5.91834 -0.000199521 0.0948759
1 22.9602 5.91833 6.64721e-05 0.0948194
1 24.0802 5.9183 -0.00045008 0.0948231
1 25.2001 5.91829 -0.00148164 0.0948957
1 26.3197 5.91826 -0.00497808 0.0947076
1 27.4383 5.91822 -0.0183236 0.0942253
1 28.5545 5.91808 -0.0446238 0.0927375
1 29.6671 5.91766 -0.0734465 0.0891414
1 30.7773 5.91673 -0.0796519 0.0846417
1 31.8881 5.91533 -0.0696092 0.0815322
1 32.9996 5.91357 -0.0689728 0.0789163
1 34.1111 5.91139 -0.0625642 0.0753432
1 35.2235 5.9086 -0.0557975 0.0704317
1 36.3351 5.90512 -0.0694478 0.0643988
1 37.4449 5.90121 -0.0785279 0.0612095
1 38.5544 5.89795 -0.08008 0.0646967
1 39.6643 5.89708 -0.0673247 0.0773045
1 40.7765 5.8992 -0.060288 0.088637
1 41.8889 5.90285 -0.0642425 0.085157
1 43.0012 5.90532 -0.0674265 0.0763485
1 44.1202 5.90638 -0.0660629 0.0645578
1 0.122348 6.87143 0.0658744 0.0681306
1 1.24101 6.86838 0.0617954 0.0724185
1 2.35368 6.86476 0.0562756 0.0817037
1 3.46601 6.86134 0.0570351 0.078211
1 4.57765 6.86026 0.0656909 0.066966
1 5.68752 6.86176 0.0750976 0.0612324
1 6.79732 6.86444 0.0731697 0.0594044
1 7.90758 6.86757 0.0672222 0.0611014
1 9.01916 6.87045 0.0563865 0.0649321
1 10.1314 6.87289 0.0646915 0.0691118
1 11.2424 6.87486 0.0720215 0.0724238
1 12.3533 6.87644 0.073034 0.0752651
1 13.4638 6.87764 0.0842308 0.0789453
1 14.5735 6.87839 0.077836 0.0833604
1 15.6856 6.87871 0.0461497 0.0863938
1 16.8018 6.87881 0.0188431 0.0875212
1 17.9204 6.87884 0.00487144 0.0878508
1 19.0399 6.87885 0.00109633 0.0878563
1 20.1599 6.87885 0.000141151 0.0878161
1 21.2801 6.87885 0.000106804 0.0877881
1 22.4002 6.87883 -8.22782e-05 0.0877878
1 23.5202 6.87882 0.000212066 0.0878232
1 24.6402 6.87881 -0.000677059 0.0877945
1 25.76 6.8788 -0.00221039 0.0878411
1 26.8791 6.87878 -0.00984134 0.0876396
1 27.9967 6.87874 -0.0308792 0.0869715
1 29.111 6.87855 -0.0631364 0.0849144
1 30.2216 6.87803 -0.0844165 0.0810668
1 31.3313 6.87703 -0.0777571 0.0768927
1 32.4424 6.87562 -0.0704032 0.0737296
1 33.5534 6.87384 -0.0698417 0.0709432
1 34.6649 6.87166 -0.0618224 0.0680264
1 35.7767 6.86906 -0.0646887 0.0644328
1 36.8874 6.86605 -0.0644752 0.0605295
1 37.9984 6.86291 -0.0618343 0.0581354
1 39.1086 6.86043 -0.0766078 0.0624587
1 40.2187 6.86006 -0.0671787 0.0730185
1 41.3311 6.8626 -0.0604659 0.0831029
1 42.4443 6.8664 -0.0649086 0.0802693
1 43.5591 6.86955 -0.0722812 0.0697021
1 0.684312 7.83266 0.0660201 0.0839568
1 1.79937 7.82823 0.0583571 0.0915989
1 2.91239 7.82439 0.0584725 0.0872955
1 4.02434 7.82286 0.0663219 0.0771274
1 5.13418 7.82376 0.0730063 0.0676328
1 6.24431 7.82606 0.0592221 0.065711
1 7.35546 7.82873 0.0642408 0.0668251
1 8.46602 7.8313 0.0661425 0.0702411
1 9.57744 7.83354 0.0641636 0.0736791
1 10.6886 7.83545 0.0727674 0.0768357
1 11.7993 7.83699 0.0740483 0.0803282
1 12.9098 7.83813 0.0820369 0.0843372
1 14.0191 7.83885 0.0896992 0.0886962
1 15.1293 7.83917 0.066272 0.0920903
1 16.2433 7.83927 0.0323371 0.0935988
1 17.3608 7.83928 0.0108239 0.0940068
1 18.4801 7.8393 0.00204438 0.0940465
1 19.6 7.8393 0.000495158 0.094016
1 20.72 7.8393 6.00972e-05 0.0939138
1 21.8401 7.83929 -0.000213254 0.0939535
1 22.9602 7.83929 4.91622e-05 0.0939444
1 24.0802 7.83927 -0.000414518 0.0939523
1 25.2001 7.83926 -0.00134595 0.0939426
1 26.3197 7.83926 -0.00511767 0.0939318
1 27.4383 7.83925 -0.0193203 0.093762
1 28.5542 7.83921 -0.0480617 0.0929445
1 29.6662 7.83901 -0.0806739 0.0904343
1 30.7755 7.83848 -0.088135 0.0863114
1 31.8854 7.83752 -0.0763021 0.0820882
1 32.9962 7.83617 -0.0742456 0.0784059
1 34.107 7.83442 -0.0671473 0.0752858
1 35.2188 7.83232 -0.0586719 0.072338
1 36.3301 7.82987 -0.0671879 0.0691169
1 37.4404 7.8272 -0.0706157 0.0675784
1 38.5506 7.82466 -0.0724533 0.0676482
1 39.6605 7.82286 -0.0662601 0.0708208
1 40.7717 7.82283 -0.0621951 0.082128
1 41.8839 7.82558 -0.056983 0.0931082
1 42.9974 7.83009 -0.0597717 0.0913356
1 44.117 7.83447 -0.0745531 0.0812988
1 0.125054 8.7958 0.0795139 0.0950193
1 1.24629 8.79068 0.0609709 0.102013
1 2.35996 8.78624 0.0598934 0.0947486
1 3.47155 8.78454 0.063906 0.0803846
1 4.58245 8.78528 0.0676661 0.0718534
1 5.6923 8.78721 0.0732526 0.0697427
1 6.80235 8.78946 0.072385 0.0699944
1 7.91257 8.7918 0.0697469 0.0714437
1 9.02367 8.79392 0.0615471 0.0746419
1 10.1352 8.79571 0.0701324 0.0778079
1 11.2455 8.79716 0.0782225 0.0814224
1 12.3556 8.79821 0.0807741 0.0856277
1 13.4652 8.79884 0.0925977 0.0896348
1 14.574 8.79913 0.0838153 0.0926341
1 15.6858 8.7992 0.0485073 0.0939505
1 16.8018 8.7992 0.0192303 0.0941691
1 17.9204 8.7992 0.00486586 0.09417
1 19.0399 8.7992 0.00104369 0.0941343
1 20.1599 8.79921 1.71981e-05 0.0940816
1 21.2801 8.79921 9.99484e-05 0.0940459
1 22.4002 8.7992 -0.000121113 0.0940332
1 23.5202 8.79919 0.000246715 0.0940312
1 24.6402 8.79919 -0.000505783 0.0940305
1 25.76 8.79918 -0.00219585 0.0941139
1 26.8791 8.79918 -0.0100796 0.0941362
1 27.9967 8.79919 -0.0320657 0.0940528
1 29.1107 8.79915 -0.0672427 0.0933385
1 30.2206 8.79897 -0.0919506 0.091076
1 31.3295 8.7985 -0.0860267 0.0873838
1 32.4396 8.79764 -0.0773143 0.0832069
1 33.5499 8.79635 -0.0751233 0.0792404
1 34.6607 8.79466 -0.0664652 0.0762565
1 35.7719 8.79268 -0.068691 0.0736299
1 36.8822 8.79043 -0.0654999 0.0712473
1 37.9933 8.78805 -0.0593531 0.0694326
1 39.1037 8.78577 -0.0733994 0.0705754
1 40.2135 8.78428 -0.0674723 0.0773449
1 41.3249 8.78468 -0.0599442 0.0878857
1 42.4377 8.78774 -0.0552983 0.0994852
1 43.5533 8.79319 -0.0579403 0.0997917
1 0.690933 9.75305 0.0560621 0.106622
1 1.80644 9.74835 0.0588712 0.0931165
1 2.91845 9.74661 0.064812 0.0772394
1 4.02939 9.74716 0.0699248 0.0681827
1 5.139 9.74889 0.0738191 0.0639019
1 6.24922 9.75104 0.0604137 0.0639151
1 7.36026 9.75316 0.0681443 0.0655983
1 8.47037 9.75513 0.071872 0.0683783
1 9.58118 9.75679 0.0700586 0.0716511
1 10.6917 9.75814 0.0793588 0.0755131
1 11.8016 9.75908 0.0820428 0.0801688
1 12.9112 9.7596 0.0901671 0.0843662
1 14.0197 9.75982 0.0957788 0.0872833
1 15.1294 9.75986 0.0689415 0.0886231
1 16.2433 9.75984 0.0328533 0.0888834
1 17.3608 9.75983 0.010742 0.0888348
1 18.4801 9.75983 0.00190203 0.0887765
1 19.6 9.75983 0.000388646 0.088771
1 20.72 9.75983 1.08915e-05 0.0887512
1 21.8401 9.75983 -0.000196967 0.0887045
1 22.9602 9.75983 0.000106506 0.0886707
1 24.0802 9.75982 -0.00033965 0.0886898
1 25.2001 9.75982 -0.00122064 0.0887012
1 26.3197 9.75982 -0.00501202 0.0887589
1 27.4383 9.75982 -0.0193932 0.0888547
1 28.5542 9.75983 -0.0495046 0.0887842
1 29.6658 9.75982 -0.0852492 0.0879134
1 30.7745 9.75969 -0.0956361 0.0856481
1 31.8835 9.75931 -0.0845364 0.0819897
1 32.9934 9.75855 -0.0816472 0.0774838
1 34.1035 9.75735 -0.0729739 0.0732224
1 35.2147 9.75577 -0.0635862 0.0697473
1 36.3255 9.75387 -0.0712094 0.0667917
1 37.4355 9.75176 -0.0734841 0.0654475
1 38.5456 9.74962 -0.0741169 0.0648884
1 39.6554 9.74758 -0.0676529 0.0654092
1 40.7662 9.74618 -0.0665142 0.071232
1 41.8774 9.74647 -0.0628026 0.0848045
1 42.991 9.74969 -0.0579934 0.101306
1 44.1141 9.75512 -0.0706711 0.10835
1 0.128901 10.7138 0.0581408 0.112858
1 1.25244 10.7096 0.0579342 0.0991967
1 2.36564 10.7083 0.0645559 0.0811248
1 3.4764 10.7091 0.0680453 0.0705659
1 4.58699 10.7108 0.0695063 0.0673724
1 5.6968 10.7128 0.0753842 0.0676186
1 6.80675 10.7148 0.0757651 0.068655
1 7.91665 10.7166 0.0747705 0.0706282
1 9.02723 10.7182 0.0678705 0.0746321
1 10.1381 10.7194 0.0775728 0.0792225
1 11.2476 10.7201 0.0865019 0.084027
1 12.357 10.7205 0.0886525 0.0883927
1 13.4658 10.7206 0.0986339 0.0913583
1 14.5742 10.7205 0.0867462 0.0927411
1 15.6858 10.7205 0.049118 0.0929706
1 16.8018 10.7204 0.0191344 0.0928099
1 17.9204 10.7204 0.00477078 0.0927116
1 19.0399 10.7204 0.000937467 0.0926647
1 20.1599 10.7204 -9.90484e-05 0.0926464
1 21.2801 10.7204 0.000109363 0.0926145
1 22.4002 10.7204 -8.01293e-05 0.0925775
1 23.5202 10.7204 0.000296767 0.0925843
1 24.6402 10.7204 -0.000391478 0.0926067
1 25.76 10.7204 -0.00211392 0.0926841
1 26.8791 10.7204 -0.0100502 0.0927387
1 27.9967 10.7204 -0.0322924 0.0928329
1 29.1106 10.7205 -0.0689834 0.0928059
1 30.2202 10.7206 -0.0967091 0.0919683
1 31.3284 10.7206 -0.0932986 0.0896761
1 32.4378 10.7203 -0.0854665 0.0858745
1 33.5473 10.7197 -0.082805 0.0811419
1 34.6574 10.7186 -0.0730345 0.0766619
1 35.768 10.7172 -0.074345 0.072696
1 36.8778 10.7154 -0.0699815 0.0695984
1 37.9887 10.7135 -0.0625079 0.0673053
1 39.0989 10.7114 -0.0755173 0.0664547
1 40.2085 10.7094 -0.0711878 0.0692702
1 41.3192 10.708 -0.0679138 0.0754234
1 42.4304 10.708 -0.063575 0.090283
1 43.5451 10.7109 -0.0572496 0.111661
1 0.698433 11.6698 0.062232 0.103298
1 1.81239 11.6692 0.0673576 0.0825301
1 2.9232 11.6704 0.0694854 0.0724156
1 4.03369 11.6722 0.0720898 0.0693267
1 5.14322 11.6742 0.0758389 0.0682839
1 6.25332 11.6762 0.0638327 0.0703511
1 7.36405 11.6778 0.0738241 0.0739862
1 8.47363 11.6792 0.079178 0.0780188
1 9.5838 11.6802 0.0780676 0.0827077
1 10.6936 11.6808 0.0876269 0.0873628
1 11.8028 11.6811 0.0895726 0.0914098
1 12.9118 11.681 0.0959002 0.0942036
1 14.0199 11.6809 0.09891 0.095445
1 15.1294 11.6807 0.0697307 0.0954259
1 16.2433 11.6806 0.0327403 0.0950315
1 17.3608 11.6806 0.0105545 0.0947348
1 18.4801 11.6806 0.00180027 0.0946416
1 19.6 11.6806 0.000348291 0.0946187
1 20.72 11.6806 -2.4112e-05 0.094558
1 21.8401 11.6806 -0.000218316 0.0945725
1 22.9602 11.6806 0.000130475 0.0945621
1 24.0802 11.6806 -0.000301704 0.09457
1 25.2001 11.6806 -0.00115728 0.094619
1 26.3197 11.6806 -0.00488839 0.0946577
1 27.4383 11.6806 -0.0191905 0.0948113
1 28.5542 11.6806 -0.0497841 0.0951561
1 29.6658 11.6808 -0.0873018 0.0953778
1 30.7741 11.6809 -0.100371 0.0947445
1 31.8826 11.681 -0.0913747 0.0926049
1 32.9918 11.6809 -0.0898068 0.0890758
1 34.1011 11.6804 -0.0811358 0.0846882
1 35.2116 11.6796 -0.0707009 0.0798324
1 36.3219 11.6783 -0.0769745 0.0751167
1 37.4315 11.6767 -0.0780698 0.0719957
1 38.5413 11.6749 -0.0776934 0.0700068
1 39.651 11.6729 -0.0702525 0.0687394
1 40.7614 11.6709 -0.0693791 0.0695371
1 41.8718 11.6692 -0.0667165 0.0760665
1 42.984 11.6688 -0.056608 0.0909778
1 44.1064 11.6711 -0.0440854 0.110779
1 0.139001 12.6305 0.0408044 0.0975356
1 1.25938 12.6303 0.0595957 0.077958
1 2.37074 12.6319 0.0678978 0.0693588
1 3.4807 12.6339 0.0702403 0.0672152
1 4.591 12.6359 0.0730014 0.0689125
1 5.70049 12.6376 0.0813896 0.0721881
1 6.81004 12.6391 0.0829084 0.0763301
1 7.91946 12.6402 0.082802 0.0810328
1 9.02947 12.641 0.0765922 0.0860773
1 10.1397 12.6415 0.0863249 0.0907338
1 11.2486 12.6416 0.0937926 0.0943246
1 12.3575 12.6415 0.0938264 0.0968661
1 13.4659 12.6412 0.101773 0.0982159
1 14.5742 12.6409 0.0877693 0.0983032
1 15.6857 12.6408 0.0490064 0.0977766
1 16.8017 12.6407 0.0189378 0.0973389
1 17.9204 12.6407 0.00471213 0.0971577
1 19.0399 12.6407 0.00089598 0.0971192
1 20.1599 12.6407 -0.000160332 0.0971078
1 21.2801 12.6407 0.000112414 0.0970944
1 22.4002 12.6407 -8.37152e-05 0.0970771
1 23.5202 12.6407 0.000279457 0.0970602
1 24.6402 12.6407 -0.000380229 0.0970581
1 25.76 12.6407 -0.00209669 0.0970941
1 26.8791 12.6407 -0.010031 0.0971518
1 27.9967 12.6407 -0.03216 0.0974509
1 29.1106 12.6408 -0.0693485 0.0979888
1 30.2202 12.6411 -0.098886 0.0982778
1 31.3281 12.6413 -0.0977117 0.0974836
1 32.437 12.6415 -0.091797 0.0954016
1 33.5459 12.6415 -0.0908429 0.0921877
1 34.6554 12.6412 -0.0818563 0.0879939
1 35.7654 12.6405 -0.0833576 0.0831128
1 36.8746 12.6395 -0.0779157 0.078193
1 37.985 12.6381 -0.0679071 0.0734375
1 39.0951 12.6364 -0.0789311 0.0695668
1 40.2045 12.6345 -0.073459 0.067661
1 41.3148 12.6325 -0.0704476 0.0675007
1 42.4252 12.6304 -0.0691585 0.0717295
1 43.5385 12.6292 -0.0657952 0.0856741
1 0.704232 13.5914 0.0697025 0.0669817
1 1.81703 13.5934 0.0718697 0.0644601
1 2.92717 13.5955 0.0730836 0.0670633
1 4.0373 13.5973 0.076543 0.0713979
1 5.14646 13.5988 0.0822455 0.0761067
1 6.25612 13.6 0.0722928 0.0815322
1 7.36629 13.6008 0.0837358 0.087121
1 8.47529 13.6013 0.0888464 0.0915877
1 9.58492 13.6016 0.0865842 0.0953686
1 10.6943 13.6015 0.0944887 0.0981966
1 11.8031 13.6014 0.0942897 0.0997868
1 12.9119 13.6011 0.0988391 0.100593
1 14.0198 13.6007 0.10006 0.10048
1 15.1293 13.6004 0.0696054 0.0995003
1 16.2433 13.6003 0.0324029 0.0985671
1 17.3608 13.6002 0.0103656 0.0980879
1 18.4801 13.6002 0.00171036 0.0979817
1 19.6 13.6002 0.000343964 0.0979818
1 20.72 13.6002 -2.91347e-05 0.0979473
1 21.8401 13.6002 -0.000231179 0.097963
1 22.9602 13.6002 0.000148178 0.0979381
1 24.0802 13.6002 -0.000323471 0.0979119
1 25.2001 13.6002 -0.00114939 0.0979406
1 26.3197 13.6002 -0.00475921 0.0979968
1 27.4383 13.6002 -0.018867 0.0982397
1 28.5543 13.6003 -0.0494776 0.0989609
1 29.6659 13.6006 -0.0877828 0.100006
1 30.7741 13.6009 -0.102561 0.100601
1 31.8824 13.6012 -0.0953441 0.100121
1 32.9913 13.6014 -0.0958861 0.0988424
1 34.1001 13.6015 -0.0892855 0.0965533
1 35.2101 13.6014 -0.0797476 0.092963
1 36.3198 13.6009 -0.0861116 0.0884329
1 37.4289 13.6002 -0.0866336 0.083429
1 38.5383 13.5991 -0.0853463 0.0783609
1 39.6475 13.5978 -0.0764742 0.0733345
1 40.7575 13.5961 -0.0744293 0.0682672
1 41.8671 13.5942 -0.0719848 0.0649281
1 42.9776 13.5921 -0.0642689 0.0641528
1 44.0955 13.5909 -0.0496689 0.0713007
1 0.148292 14.5549 0.0652499 0.0440463
1 1.26477 14.5563 0.0732215 0.0477101
1 2.37466 14.558 0.0773332 0.0546157
1 3.48389 14.5593 0.0786602 0.0610805
1 4.59364 14.5604 0.0820297 0.0672986
1 5.70258 14.5612 0.0909407 0.0726044
1 6.81158 14.5617 0.0918058 0.0767028
1 7.92053 14.5619 0.0907341 0.0801116
1 9.03011 14.562 0.0834776 0.0823833
1 10.14 14.5619 0.0919253 0.0837795
1 11.2486 14.5617 0.0974026 0.084013
1 12.3574 14.5615 0.0959032 0.083621
1 13.4658 14.5612 0.102804 0.0828584
1 14.574 14.5609 0.0876965 0.0813907
1 15.6856 14.5607 0.048571 0.0798424
1 16.8017 14.5606 0.018711 0.0789197
1 17.9204 14.5606 0.00471533 0.0785793
1 19.0399 14.5606 0.000940272 0.0784856
1 20.1599 14.5606 -0.000169534 0.0784654
1 21.2801 14.5606 9.97855e-05 0.0784605
1 22.4002 14.5606 -0.000150438 0.078468
1 23.5202 14.5606 0.000201486 0.0784896
1 24.6402 14.5606 -0.000402698 0.0785008
1 25.76 14.5606 -0.00210707 0.0785519
1 26.8791 14.5606 -0.00997032 0.0787167
1 27.9968 14.5607 -0.0318143 0.0793133
1 29.1108 14.5608 -0.0689707 0.0805938
1 30.2203 14.561 -0.0993519 0.0822122
1 31.3282 14.5613 -0.0994517 0.0832957
1 32.437 14.5616 -0.0947218 0.0837583
1 33.5458 14.5618 -0.0955208 0.0837323
1 34.6549 14.5619 -0.0883069 0.0827107
1 35.7645 14.5619 -0.0916129 0.0808155
1 36.8731 14.5617 -0.0874499 0.0779878
1 37.983 14.5613 -0.0768974 0.0737737
1 39.0926 14.5606 -0.0873657 0.0685428
1 40.2015 14.5597 -0.0815179 0.0631214
1 41.3113 14.5584 -0.0778294 0.0567811
1 42.4212 14.5569 -0.0769583 0.0496585
1 43.5337 14.5552 -0.0767061 0.0428378
1 0.707615 15.5219 0.0836145 0.0223146
1 1.81992 15.5229 0.0829947 0.0289697
1 2.92961 15.5237 0.0833245 0.0351089
1 4.03923 15.5243 0.0863073 0.0400963
1 5.14792 15.5247 0.0906755 0.0441033
1 6.25717 15.525 0.0796328 0.0467904
1 7.36692 15.5251 0.0904164 0.0487396
1 8.47552 15.5251 0.0936471 0.0495082
1 9.58489 15.525 0.0894066 0.0496829
1 10.6941 15.5249 0.0957954 0.0493542
1 11.8029 15.5248 0.0946928 0.0484947
1 12.9117 15.5246 0.0987473 0.0475358
1 14.0196 15.5244 0.0994064 0.0463304
1 15.1292 15.5243 0.0687635 0.0449146
1 16.2432 15.5242 0.0318754 0.0438931
1 17.3608 15.5242 0.0101556 0.0434297
1 18.4801 15.5242 0.00168967 0.0432938
1 19.6 15.5242 0.0003676 0.0432485
1 20.72 15.5242 -2.28021e-05 0.0432371
1 21.8401 15.5242 -0.000249434 0.0432419
1 22.9602 15.5242 0.000121402 0.0432678
1 24.0802 15.5242 -0.000328143 0.0432835
1 25.2001 15.5242 -0.00112316 0.043314
1 26.3197 15.5242 -0.00463272 0.0433949
1 27.4384 15.5242 -0.0184592 0.0436402
1 28.5544 15.5242 -0.0487572 0.0443589
1 29.6661 15.5244 -0.0869971 0.045631
1 30.7743 15.5245 -0.102235 0.0470068
1 31.8826 15.5247 -0.095574 0.0480159
1 32.9915 15.5248 -0.0970536 0.048865
1 34.1001 15.525 -0.0918712 0.0493832
1 35.2099 15.525 -0.0835581 0.0493396
1 36.3193 15.5251 -0.0912514 0.0488009
1 37.4281 15.525 -0.0937925 0.0473032
1 38.537 15.5248 -0.0944509 0.0447912
1 39.6457 15.5244 -0.086394 0.0415062
1 40.7552 15.5239 -0.0848231 0.0367449
1 41.8643 15.5232 -0.0845301 0.0312972
1 42.9738 15.5223 -0.0813477 0.0251799
1 44.0895 15.5215 -0.080497 0.0200692
1 0.151335 16.4901 0.0883337 0.00757981
1 1.26678 16.4904 0.086778 0.0116126
1 2.37625 16.4908 0.0877069 0.0152895
1 3.48511 16.491 0.0875015 0.0181216
1 4.5945 16.4912 0.0893602 0.0200968
1 5.7031 16.4913 0.0962984 0.0215438
1 6.81184 16.4914 0.0951144 0.022321
1 7.9206 16.4914 0.0925462 0.0226978
1 9.03005 16.4913 0.0843216 0.0224882
1 10.1398 16.4913 0.0919089 0.0221246
1 11.2484 16.4912 0.0966079 0.021543
1 12.3572 16.4911 0.0948954 0.020881
1 13.4656 16.4911 0.101754 0.0202165
1 14.5739 16.491 0.0866284 0.0194278
1 15.6856 16.4909 0.0478732 0.0187328
1 16.8017 16.4909 0.0184226 0.0183487
1 17.9204 16.4909 0.00465841 0.0182046
1 19.0399 16.4909 0.000918823 0.0181564
1 20.1599 16.4909 -0.00018161 0.0181415
1 21.2801 16.4909 0.000112703 0.0181407
1 22.4002 16.4909 -0.000136408 0.0181525
1 23.5202 16.4909 0.000192792 0.0181706
1 24.6402 16.4909 -0.00038117 0.0181829
1 25.76 16.4909 -0.00207632 0.0182082
1 26.8791 16.4909 -0.00984021 0.0182822
1 27.9968 16.4909 -0.0313403 0.0185248
1 29.1109 16.491 -0.0680371 0.0190659
1 30.2205 16.491 -0.0982486 0.0198442
1 31.3284 16.4911 -0.0985076 0.0205615
1 32.4372 16.4912 -0.0938932 0.0211932
1 33.5459 16.4912 -0.095185 0.0218133
1 34.655 16.4913 -0.0888243 0.022208
1 35.7644 16.4913 -0.0932498 0.0224107
1 36.8729 16.4913 -0.0908518 0.022331
1 37.9826 16.4913 -0.0817782 0.0218046
1 39.0918 16.4912 -0.0934968 0.0204936
1 40.2005 16.4911 -0.0892189 0.0187422
1 41.31 16.4909 -0.0872313 0.0163322
1 42.4195 16.4906 -0.087864 0.0128122
1 43.5317 16.4902 -0.0887542 0.00864931
1 0.708476 17.4596 0.0907989 0.00249019
1 1.82067 17.4597 0.0894492 0.00429049
1 2.93019 17.4597 0.088541 0.00578878
1 4.03964 17.4597 0.0902495 0.00694863
1 5.14819 17.4598 0.0932903 0.00739117
1 6.25732 17.4598 0.0814301 0.00752881
1 7.36695 17.4598 0.0914428 0.00770784
1 8.47547 17.4598 0.0936868 0.00749249
1 9.58479 17.4598 0.0888107 0.0072388
1 10.694 17.4597 0.0948661 0.0069694
1 11.8028 17.4597 0.0937219 0.00662155
1 12.9116 17.4597 0.0978321 0.00628709
1 14.0195 17.4597 0.0985159 0.00595265
1 15.1291 17.4597 0.0681101 0.00560796
1 16.2432 17.4597 0.0315504 0.0053872
1 17.3608 17.4597 0.0100344 0.00528248
1 18.4801 17.4596 0.00165968 0.00524526
1 19.6 17.4596 0.00036949 0.00523507
1 20.72 17.4596 -1.64353e-05 0.00522522
1 21.8401 17.4596 -0.000243131 0.00523531
1 22.9602 17.4596 0.000132923 0.00524064
1 24.0802 17.4596 -0.000316936 0.00524582
1 25.2001 17.4596 -0.00110734 0.00525763
1 26.3197 17.4596 -0.00457177 0.00526972
1 27.4384 17.4597 -0.0182502 0.00533327
1 28.5544 17.4597 -0.0482858 0.00549082
1 29.6661 17.4597 -0.0862218 0.00577727
1 30.7744 17.4597 -0.101336 0.00611773
1 31.8827 17.4597 -0.0946565 0.00642608
1 32.9916 17.4597 -0.0961692 0.00678347
1 34.1002 17.4598 -0.0912998 0.00713357
1 35.2099 17.4598 -0.0833697 0.00737022
1 36.3193 17.4598 -0.0914821 0.00745636
1 37.428 17.4598 -0.0950061 0.00748047
1 38.5368 17.4598 -0.0970867 0.00744057
1 39.6453 17.4598 -0.0903204 0.00719295
1 40.7547 17.4597 -0.0898321 0.00629938
1 41.8636 17.4597 -0.090796 0.00498513
1 42.973 17.4596 -0.0892463 0.00314657
1 44.0884 17.4594 -0.0925912 0.00149833
1 0.151734 18.4294 0.0934487 -1.9649e-05
1 1.26709 18.4294 0.090543 0.000297219
1 2.37648 18.4295 0.090667 0.00126354
1 3.48528 18.4295 0.0893392 0.00175786
1 4.59461 18.4295 0.0906701 0.001913
1 5.70315 18.4295 0.0972007 0.00206323
1 6.81183 18.4295 0.0954079 0.00209746
1 7.92056 18.4295 0.0922962 0.00209767
1 9.03 18.4295 0.0838828 0.00200018
1 10.1397 18.4294 0.0914069 0.00197326
1 11.2484 18.4294 0.0960434 0.0019309
1 12.3571 18.4294 0.0943362 0.00185325
1 13.4655 18.4294 0.101243 0.00177033
1 14.5739 18.4294 0.0862397 0.00168851
1 15.6856 18.4294 0.0476475 0.00163197
1 16.8017 18.4294 0.018328 0.00160819
1 17.9204 18.4294 0.00462333 0.00159611
1 19.0399 18.4294 0.000905254 0.00159525
1 20.1599 18.4294 -0.000185503 0.001593
1 21.2801 18.4294 0.000122734 0.00159323
1 22.4002 18.4294 -0.000123347 0.00159585
1 23.5202 18.4294 0.000206375 0.00159168
1 24.6402 18.4294 -0.000369161 0.00159344
1 25.76 18.4294 -0.00205616 0.0015978
1 26.8791 18.4294 -0.0098038 0.00160181
1 27.9968 18.4294 -0.031204 0.00162228
1 29.1109 18.4294 -0.0677394 0.00165697
1 30.2205 18.4294 -0.0978196 0.00172075
1 31.3285 18.4294 -0.0980052 0.00178829
1 32.4373 18.4294 -0.0933174 0.00186241
1 33.546 18.4294 -0.0945777 0.0019595
1 34.6551 18.4294 -0.0883646 0.002058
1 35.7645 18.4295 -0.0931437 0.00209374
1 36.8729 18.4295 -0.0910671 0.0019873
1 37.9825 18.4295 -0.0821159 0.00204747
1 39.0918 18.4295 -0.0943749 0.00201742
1 40.2003 18.4295 -0.0909067 0.00178829
1 41.3098 18.4295 -0.0892053 0.00158079
1 42.4194 18.4294 -0.0902054 0.00107125
1 43.5316 18.4294 -0.0921409 0.000501412
1 0.708544 19.3992 0.0923017 -0.000152179
1 1.82071 19.3993 0.0904846 -0.000197914
1 2.93022 19.3993 0.0893709 -8.9329e-05
1 4.03967 19.3993 0.0908692 0.000182471
1 5.14818 19.3993 0.0938246 0.000289969
1 6.25728 19.3993 0.0816442 0.000207885
1 7.3669 19.3993 0.091259 0.000232357
1 8.47544 19.3993 0.0934054 0.00013163
1 9.58477 19.3993 0.0886018 0.000135172
1 10.694 19.3993 0.0946604 0.000163168
1 11.8027 19.3993 0.0934932 0.000156295
1 12.9115 19.3993 0.0976373 0.00012878
1 14.0195 19.3993 0.0983543 0.000112943
1 15.1291 19.3993 0.0680064 0.000103069
1 16.2432 19.3993 0.0315068 0.000101028
1 17.3608 19.3993 0.010026 0.000104934
1 18.4801 19.3993 0.00165109 9.91097e-05
1 19.6 19.3993 0.000370539 0.000102384
1 20.72 19.3993 -1.48186e-05 0.000104224
1 21.8401 19.3993 -0.000240769 0.000100687
1 22.9602 19.3993 0.000142027 9.82687e-05
1 24.0802 19.3993 -0.000320143 0.000103414
1 25.2001 19.3993 -0.00110501 0.00010518
1 26.3197 19.3993 -0.00456175 0.000104479
1 27.4384 19.3993 -0.0182278 0.000108129
1 28.5544 19.3993 -0.0482226 0.000100808
1 29.6661 19.3993 -0.0861072 0.000100993
1 30.7744 19.3993 -0.101186 0.000109622
1 31.8827 19.3993 -0.0944701 0.000124525
1 32.9916 19.3993 -0.0959107 0.000149239
1 34.1003 19.3993 -0.0910542 0.000170913
1 35.21 19.3993 -0.0832173 0.00020408
1 36.3194 19.3993 -0.0914603 0.000202631
1 37.428 19.3993 -0.0949263 0.000225772
1 38.5368 19.3993 -0.0969433 0.000165295
1 39.6454 19.3993 -0.0906173 0.00019692
1 40.7547 19.3993 -0.0905427 -3.09316e-05
1 41.8636 19.3993 -0.0914584 -0.000157838
1 42.973 19.3992 -0.0901706 0.000209054
1 44.0883 19.3992 -0.0939109 0.000154036
1 0.151713 20.369 0.0938805 0.000209352
1 1.26704 20.3691 0.0906422 0.000348709
1 2.37643 20.3691 0.0906892 1.29453e-05
1 3.48524 20.3692 0.0894169 -0.000117162
1 4.59459 20.3692 0.0908259 -0.000141559
1 5.70311 20.3692 0.0973333 -4.62684e-05
1 6.81179 20.3691 0.0953376 -0.000182341
1 7.92053 20.3691 0.0921474 -0.000221586
1 9.02998 20.3691 0.0838097 -0.00026029
1 10.1397 20.3692 0.0913583 -0.000259624
1 11.2484 20.3692 0.0959667 -0.000282078
1 12.3571 20.3692 0.0942458 -0.000294619
1 13.4655 20.3692 0.101172 -0.00031242
1 14.5739 20.3692 0.0862092 -0.0003281
1 15.6856 20.3692 0.0476443 -0.000338483
1 16.8017 20.3692 0.0183342 -0.00035082
1 17.9204 20.3692 0.00462989 -0.000344714
1 19.0399 20.3692 0.000905644 -0.00034612
1 20.1599 20.3692 -0.000188376 -0.000348596
1 21.2801 20.3692 0.000124717 -0.000350453
1 22.4002 20.3692 -0.000121798 -0.000349761
1 23.5202 20.3692 0.000205682 -0.000345131
1 24.6402 20.3692 -0.000370344 -0.000346868
1 25.76 20.3692 -0.00205805 -0.000342726
1 26.8791 20.3692 -0.00980675 -0.000342153
1 27.9968 20.3692 -0.0312064 -0.000349141
1 29.1109 20.3692 -0.0677312 -0.000339366
1 30.2205 20.3692 -0.0977809 -0.000330967
1 31.3284 20.3692 -0.0979333 -0.000304966
1 32.4373 20.3692 -0.0932333 -0.000275851
1 33.546 20.3692 -0.094496 -0.000262871
1 34.6551 20.3692 -0.0882826 -0.000253078
1 35.7645 20.3691 -0.0930908 -0.000232653
1 36.8729 20.3691 -0.091105 -0.000179464
1 37.9825 20.3692 -0.0821891 -5.82944e-05
1 39.0918 20.3692 -0.094324 -0.000232559
1 40.2004 20.3692 -0.090817 -0.00021176
1 41.3098 20.3692 -0.0892512 -0.000143673
1 42.4194 20.3691 -0.0904609 -0.000107877
1 43.5316 20.3691 -0.0919666 -0.000139262
1 0.708401 21.3391 0.0918327 0.000127021
1 1.8206 21.3392 0.0903706 -0.000110138
1 2.93013 21.3392 0.0892284 -0.000216871
1 4.03959 21.3392 0.0906547 -1.52051e-05
1 5.14813 21.3392 0.0935421 0.000131089
1 6.25726 21.3392 0.0814932 -7.78941e-05
1 7.36689 21.3392 0.091288 -8.9364e-05
1 8.47542 21.3392 0.0934138 -0.000119295
1 9.58476 21.3392 0.0885507 -0.000139023
1 10.694 21.3392 0.0945973 -0.000173631
1 11.8027 21.3392 0.0934257 -0.000179545
1 12.9115 21.3392 0.0975503 -0.000185372
1 14.0195 21.3392 0.0983114 -0.00020874
1 15.1291 21.3392 0.0680019 -0.000219346
1 16.2432 21.3392 0.0315169 -0.000223718
1 17.3608 21.3392 0.0100246 -0.0002165
1 18.4801 21.3392 0.00165164 -0.000212996
1 19.6 21.3392 0.000372035 -0.000214046
1 20.72 21.3392 -1.53356e-05 -0.000209506
1 21.8401 21.3392 -0.000243386 -0.000216348
1 22.9602 21.3392 0.000141626 -0.000214911
1 24.0802 21.3392 -0.000313755 -0.000212287
1 25.2001 21.3392 -0.00110792 -0.000214645
1 26.3197 21.3392 -0.00456298 -0.000212579
1 27.4384 21.3392 -0.0182334 -0.000218831
1 28.5544 21.3392 -0.0482317 -0.00022614
1 29.6661 21.3392 -0.0860841 -0.000223589
1 30.7744 21.3392 -0.101113 -0.000199303
1 31.8827 21.3392 -0.0943674 -0.000162433
1 32.9916 21.3392 -0.0958485 -0.000150335
1 34.1003 21.3392 -0.0910105 -0.000149642
1 35.21 21.3392 -0.0831491 -0.000142812
1 36.3194 21.3392 -0.0913638 -0.000149825
1 37.4281 21.3392 -0.0950454 -2.58452e-05
1 38.5368 21.3392 -0.0972856 -6.14658e-05
1 39.6453 21.3392 -0.0906063 8.7553e-05
1 40.7547 21.3392 -0.0902446 -9.77157e-05
1 41.8636 21.3392 -0.0914733 -0.000238553
1 42.973 21.3391 -0.0902144 -0.000488022
1 44.0883 21.3392 -0.0937638 -0.000145734
1 0.151605 22.3091 0.0935583 4.5206e-05
1 1.26694 22.3091 0.0907027 0.000133063
1 2.37634 22.3091 0.0907353 0.000517405
1 3.48516 22.3092 0.0895213 0.000549185
1 4.59451 22.3092 0.0906635 0.00045522
1 5.70307 22.3092 0.0969707 0.000708077
1 6.81178 22.3092 0.0952951 0.000707636
1 7.92051 22.3091 0.0922623 0.000753671
1 9.02996 22.3091 0.0838107 0.000741241
1 10.1397 22.3091 0.0912982 0.000769462
1 11.2484 22.3091 0.0959285 0.000815208
1 12.3571 22.3091 0.0942224 0.000845152
1 13.4655 22.3091 0.101138 0.000876588
1 14.5739 22.3091 0.08618 0.000912412
1 15.6856 22.3091 0.0476425 0.000927651
1 16.8017 22.3091 0.0183389 0.00093971
1 17.9204 22.3091 0.00463278 0.000948474
1 19.0399 22.3091 0.000905306 0.000949911
1 20.1599 22.3091 -0.000182875 0.000950903
1 21.2801 22.3091 0.000122497 0.000950548
1 22.4002 22.3091 -0.00012082 0.000947538
1 23.5202 22.3091 0.000202546 0.00094969
1 24.6402 22.3091 -0.000373351 0.000947105
1 25.76 22.3091 -0.00206273 0.000946852
1 26.8791 22.3091 -0.00980479 0.00094689
1 27.9968 22.3091 -0.0312105 0.000932429
1 29.1109 22.3091 -0.0677245 0.000918568
1 30.2205 22.3091 -0.0977379 0.000896605
1 31.3285 22.3091 -0.0978775 0.000867927
1 32.4373 22.3091 -0.0931836 0.000847512
1 33.546 22.3091 -0.0944736 0.00082282
1 34.6551 22.3091 -0.0882917 0.00076968
1 35.7645 22.3091 -0.0930228 0.000709731
1 36.873 22.3091 -0.0909857 0.00064598
1 37.9826 22.3092 -0.082249 0.000760303
1 39.0918 22.3092 -0.0944926 0.000619827
1 40.2004 22.3092 -0.090882 0.000547085
1 41.3099 22.3092 -0.0894318 0.000670349
1 42.4194 22.3091 -0.0907254 0.000592079
1 43.5316 22.3091 -0.0926125 0.00043656
1 0.708384 23.279 0.0924442 -0.000383123
1 1.82057 23.2789 0.0904478 -0.000538921
1 2.9301 23.2789 0.0892878 -0.000723169
1 4.03957 23.279 0.0908435 -0.000678071
1 5.14811 23.279 0.0936355 -0.000657226
1 6.25724 23.279 0.0815563 -0.000613295
1 7.36687 23.279 0.0913753 -0.00054436
1 8.47539 23.279 0.0934661 -0.000694509
1 9.58473 23.279 0.0885402 -0.000748706
1 10.6939 23.279 0.0945909 -0.00078288
1 11.8027 23.279 0.0934384 -0.00080753
1 12.9115 23.279 0.0975465 -0.000818607
1 14.0195 23.279 0.098284 -0.000844262
1 15.1291 23.279 0.0679919 -0.000855314
1 16.2432 23.279 0.0315184 -0.000843937
1 17.3608 23.279 0.0100282 -0.000844608
1 18.4801 23.279 0.00165144 -0.000837491
1 19.6 23.279 0.000373122 -0.000835702
1 20.72 23.279 -1.10616e-05 -0.000845086
1 21.8401 23.279 -0.000240826 -0.000836078
1 22.9602 23.279 0.000137365 -0.000838391
1 24.0802 23.279 -0.000320236 -0.000842306
1 25.2001 23.279 -0.00111229 -0.000838825
1 26.3197 23.279 -0.00456581 -0.000847372
1 27.4384 23.279 -0.0182397 -0.000849954
1 28.5544 23.279 -0.0482329 -0.000846996
1 29.6661 23.279 -0.0860663 -0.000847425
1 30.7744 23.279 -0.101077 -0.000831008
1 31.8828 23.279 -0.0943521 -0.000801733
1 32.9916 23.279 -0.0958552 -0.000781083
1 34.1003 23.279 -0.0910357 -0.000747956
1 35.21 23.279 -0.0832013 -0.00070365
1 36.3194 23.279 -0.0913918 -0.000711764
1 37.4281 23.279 -0.094893 -0.000602482
1 38.5368 23.279 -0.0969772 -0.000625303
1 39.6454 23.279 -0.090451 -0.000546393
1 40.7548 23.279 -0.0903835 -0.00064149
1 41.8637 23.279 -0.0916136 -0.000519456
1 42.9731 23.279 -0.0902244 -0.000118753
1 44.0884 23.2789 -0.0938234 6.32656e-05
1 0.151569 24.2489 0.0936273 7.50654e-05
1 1.26692 24.2489 0.0907446 0.000311493
1 2.37632 24.2489 0.0906974 0.000109708
1 3.48516 24.2489 0.0893225 -5.75694e-05
1 4.59452 24.2489 0.090749 -0.000280324
1 5.70307 24.2489 0.0973101 -0.000122035
1 6.81176 24.2489 0.0955091 -1.16536e-05
1 7.92049 24.2489 0.0922913 1.04085e-05
1 9.02994 24.2489 0.0837989 -7.26578e-05
1 10.1397 24.2489 0.0912947 -7.59166e-05
1 11.2483 24.2489 0.0959276 -6.28435e-05
1 12.3571 24.2489 0.0941964 -5.0048e-05
1 13.4655 24.2489 0.101091 -4.86665e-05
1 14.5739 24.2489 0.0861456 -4.91137e-05
1 15.6856 24.2489 0.0476206 -3.55378e-05
1 16.8017 24.2489 0.0183342 -2.51736e-05
1 17.9204 24.2489 0.0046164 -2.10686e-05
1 19.0399 24.2489 0.000904868 -1.51245e-05
1 20.1599 24.2489 -0.00017554 -2.01228e-05
1 21.2801 24.2489 0.000123077 -2.04997e-05
1 22.4002 24.2489 -0.000120807 -1.51404e-05
1 23.5202 24.2489 0.000211183 -1.89371e-05
1 24.6402 24.2489 -0.000378473 -1.72968e-05
1 25.76 24.2489 -0.00205624 -1.85205e-05
1 26.8791 24.2489 -0.0098024 -2.39831e-05
1 27.9968 24.2489 -0.0312119 -2.85272e-05
1 29.1109 24.2489 -0.0676952 -3.72404e-05
1 30.2205 24.2489 -0.0976887 -4.49943e-05
1 31.3285 24.2489 -0.0978269 -4.64036e-05
1 32.4373 24.2489 -0.0931661 -5.47117e-05
1 33.546 24.2489 -0.0944873 -6.20712e-05
1 34.6551 24.2489 -0.0883151 -5.54775e-05
1 35.7645 24.2489 -0.0930406 -6.70193e-05
1 36.873 24.2489 -0.0909451 -0.000104331
1 37.9826 24.2489 -0.0821088 3.62793e-05
1 39.0919 24.2489 -0.094338 -0.000202371
1 40.2005 24.2489 -0.0908242 -0.000216278
1 41.3099 24.2489 -0.0894084 6.37077e-07
1 42.4195 24.2489 -0.090513 2.25192e-06
1 43.5317 24.2489 -0.0919981 -0.000135464
1 0.708369 25.2188 0.0919773 0.000120486
1 1.82054 25.2188 0.0905553 8.0186e-05
1 2.93006 25.2188 0.089358 0.000169919
1 4.03953 25.2188 0.0907371 0.000310482
1 5.14808 25.2187 0.0935519 0.000388515
1 6.25722 25.2187 0.0815568 0.000216383
1 7.36686 25.2187 0.0913178 0.000316213
1 8.47539 25.2187 0.0934295 0.000280237
1 9.58473 25.2187 0.0885676 0.000303751
1 10.6939 25.2187 0.0946184 0.000331523
1 11.8027 25.2187 0.0934346 0.000334375
1 12.9115 25.2187 0.097529 0.000334565
1 14.0195 25.2187 0.098258 0.000336341
1 15.1291 25.2187 0.0679732 0.000346909
1 16.2432 25.2187 0.0315206 0.000354452
1 17.3608 25.2187 0.0100359 0.000354172
1 18.4801 25.2187 0.00164903 0.000348568
1 19.6 25.2187 0.000375661 0.000353679
1 20.72 25.2187 -1.09978e-05 0.000361181
1 21.8401 25.2187 -0.000243831 0.00035351
1 22.9602 25.2187 0.000139914 0.000350395
1 24.0802 25.2187 -0.000324995 0.000355108
1 25.2001 25.2187 -0.00111468 0.000358795
1 26.3197 25.2187 -0.00456385 0.000355306
1 27.4384 25.2187 -0.0182438 0.000356825
1 28.5544 25.2187 -0.0482216 0.000358146
1 29.6661 25.2187 -0.0860308 0.000350263
1 30.7745 25.2187 -0.101055 0.000340671
1 31.8828 25.2187 -0.0943561 0.000327583
1 32.9916 25.2187 -0.0958481 0.000314017
1 34.1003 25.2187 -0.0910306 0.000307616
1 35.21 25.2187 -0.0832096 0.000319226
1 36.3194 25.2187 -0.0914107 0.000274172
1 37.4281 25.2187 -0.0949387 0.00029148
1 38.5369 25.2188 -0.0970706 0.000274425
1 39.6455 25.2187 -0.0906006 0.000285466
1 40.7548 25.2187 -0.0904292 0.000145737
1 41.8637 25.2187 -0.0914988 -3.56963e-05
1 42.9732 25.2187 -0.0901676 -0.000209094
1 44.0885 25.2187 -0.0939317 -0.000238229
1 0.151488 26.1885 0.0938075 -0.000209889
1 1.26687 26.1886 0.0907178 -0.000140604
1 2.37629 26.1886 0.0908025 0.000477118
1 3.48511 26.1885 0.0895329 0.000579726
1 4.59447 26.1885 0.0906682 0.000510332
1 5.70304 26.1885 0.0969918 0.000488583
1 6.81176 26.1885 0.0952953 0.00037828
1 7.9205 26.1885 0.0922891 0.000373285
1 9.02994 26.1885 0.0838518 0.000362076
1 10.1397 26.1885 0.0913069 0.000391598
1 11.2483 26.1885 0.0959225 0.000360944
1 12.3571 26.1885 0.0942029 0.00033391
1 13.4655 26.1885 0.101103 0.00031432
1 14.5739 26.1885 0.0861452 0.000285995
1 15.6856 26.1885 0.0476274 0.000264891
1 16.8017 26.1885 0.0183404 0.000254749
1 17.9204 26.1885 0.00462673 0.000250832
1 19.0399 26.1885 0.000906282 0.00024488
1 20.1599 26.1885 -0.000180212 0.000245236
1 21.2801 26.1885 0.000121675 0.000244837
1 22.4002 26.1885 -0.000121381 0.000246868
1 23.5202 26.1885 0.000209635 0.000249534
1 24.6402 26.1885 -0.000374674 0.000248807
1 25.76 26.1885 -0.00205743 0.000246026
1 26.8791 26.1885 -0.00980259 0.000253187
1 27.9968 26.1885 -0.0312105 0.000264778
1 29.1109 26.1885 -0.067686 0.000279862
1 30.2205 26.1885 -0.0976786 0.000307562
1 31.3285 26.1885 -0.097853 0.000329361
1 32.4373 26.1885 -0.0931988 0.000330966
1 33.546 26.1885 -0.094489 0.000339185
1 34.6551 26.1885 -0.0882944 0.000391608
1 35.7645 26.1885 -0.0930383 0.000420796
1 36.873 26.1885 -0.0909945 0.000342524
1 37.9826 26.1885 -0.082175 0.000457984
1 39.0919 26.1885 -0.0944264 0.000399264
1 40.2005 26.1885 -0.0910141 0.000492169
1 41.3099 26.1885 -0.089495 0.000509898
1 42.4195 26.1885 -0.0907122 0.00046426
1 43.5317 26.1885 -0.0926266 0.000167267
1 0.708298 27.1584 0.0923809 -0.000252253
1 1.82052 27.1584 0.0904306 -0.000623872
1 2.93007 27.1583 0.0893944 -0.000762315
1 4.03953 27.1583 0.0908595 -0.000663009
1 5.14807 27.1583 0.0936469 -0.000665498
1 6.25721 27.1583 0.0814227 -0.000797868
1 7.36686 27.1583 0.0911898 -0.000648528
1 8.4754 27.1583 0.0934261 -0.000728976
1 9.58473 27.1583 0.0885732 -0.000741801
1 10.6939 27.1584 0.0945764 -0.000709028
1 11.8027 27.1584 0.0933934 -0.000708963
1 12.9115 27.1584 0.0975116 -0.000715469
1 14.0195 27.1584 0.098275 -0.000699792
1 15.1291 27.1584 0.0679914 -0.000689755
1 16.2432 27.1584 0.0315302 -0.000686412
1 17.3608 27.1584 0.0100342 -0.000685435
1 18.4801 27.1584 0.00165177 -0.000689918
1 19.6 27.1584 0.000374627 -0.000688631
1 20.72 27.1584 -1.47672e-05 -0.000687506
1 21.8401 27.1584 -0.00024608 -0.000687007
1 22.9602 27.1584 0.000142095 -0.000687744
1 24.0802 27.1584 -0.000317582 -0.000687809
1 25.2001 27.1584 -0.00111582 -0.000689714
1 26.3197 27.1584 -0.00456542 -0.000689008
1 27.4384 27.1584 -0.018243 -0.000685363
1 28.5544 27.1584 -0.0482219 -0.000686668
1 29.6661 27.1584 -0.0860286 -0.000689995
1 30.7745 27.1584 -0.101053 -0.000698889
1 31.8828 27.1584 -0.0943568 -0.000714718
1 32.9916 27.1584 -0.0958565 -0.000716656
1 34.1003 27.1584 -0.0909893 -0.000717255
1 35.21 27.1584 -0.083151 -0.000706879
1 36.3194 27.1584 -0.0914733 -0.000749156
1 37.4281 27.1583 -0.0950964 -0.000749677
1 38.5368 27.1583 -0.0970935 -0.000725269
1 39.6454 27.1583 -0.0905208 -0.000589311
1 40.7548 27.1583 -0.090305 -0.00074486
1 41.8637 27.1583 -0.0916113 -0.000628687
1 42.9731 27.1584 -0.0903985 -4.7679e-05
1 44.0885 27.1584 -0.0938687 0.000264636
1 0.151583 28.1283 0.0935407 0.000221543
1 1.26693 28.1283 0.0905244 0.000221034
1 2.37634 28.1283 0.0906653 -0.000245971
1 3.48515 28.1283 0.0893638 -0.000472902
1 4.59452 28.1283 0.0906535 -0.000674397
1 5.70306 28.1283 0.0971682 -0.000583094
1 6.81176 28.1283 0.0952891 -0.000532319
1 7.92051 28.1283 0.0922054 -0.000380016
1 9.02996 28.1283 0.0838556 -0.000408861
1 10.1397 28.1283 0.0913431 -0.000365437
1 11.2483 28.1283 0.0959308 -0.000282032
1 12.3571 28.1283 0.0942031 -0.000227611
1 13.4655 28.1283 0.101131 -0.000171114
1 14.5739 28.1283 0.0861923 -0.000107056
1 15.6856 28.1283 0.0476513 -7.18396e-05
1 16.8017 28.1283 0.0183432 -4.364e-05
1 17.9204 28.1283 0.00463093 -4.12132e-05
1 19.0399 28.1283 0.000906756 -4.73581e-05
1 20.1599 28.1283 -0.000185304 -3.77762e-05
1 21.2801 28.1283 0.00012382 -3.63259e-05
1 22.4002 28.1283 -0.000122444 -4.37231e-05
1 23.5202 28.1283 0.000206374 -4.06999e-05
1 24.6402 28.1283 -0.000373926 -4.16355e-05
1 25.76 28.1283 -0.0020594 -4.75851e-05
1 26.8791 28.1283 -0.00980748 -4.60167e-05
1 27.9968 28.1283 -0.0312129 -5.67887e-05
1 29.1109 28.1283 -0.0677104 -9.1547e-05
1 30.2205 28.1283 -0.0977173 -0.000133326
1 31.3285 28.1283 -0.0978728 -0.00019148
1 32.4373 28.1283 -0.0932182 -0.000240716
1 33.546 28.1283 -0.0945071 -0.000291226
1 34.6551 28.1283 -0.0882842 -0.000365934
1 35.7645 28.1283 -0.0930771 -0.000443629
1 36.873 28.1283 -0.0911186 -0.000561075
1 37.9826 28.1283 -0.082223 -0.000519112
1 39.0919 28.1283 -0.0943021 -0.000569201
1 40.2004 28.1283 -0.0907805 -0.000532343
1 41.3099 28.1283 -0.0892686 -0.000321784
1 42.4195 28.1283 -0.0904931 -0.000293843
1 43.5317 28.1283 -0.0920251 -0.000110563
1 0.708463 29.0981 0.0916614 -0.000878983
1 1.82062 29.0981 0.090304 -0.00128134
1 2.93012 29.098 0.0890877 -0.00160838
1 4.03959 29.098 0.0904667 -0.00164796
1 5.14814 29.098 0.0935614 -0.00191222
1 6.25725 29.098 0.0816173 -0.00224211
1 7.36688 29.098 0.0913219 -0.002148
1 8.47542 29.098 0.0934568 -0.00212123
1 9.58475 29.098 0.0886228 -0.00210742
1 10.694 29.098 0.0946678 -0.00208493
1 11.8027 29.098 0.0934753 -0.00203154
1 12.9115 29.098 0.0976109 -0.00196677
1 14.0195 29.098 0.0983597 -0.00189566
1 15.1291 29.098 0.0680388 -0.00182324
1 16.2432 29.098 0.0315326 -0.00178064
1 17.3608 29.098 0.0100363 -0.00176772
1 18.4801 29.098 0.00165622 -0.00175307
1 19.6 29.098 0.000371731 -0.00175195
1 20.72 29.098 -1.43308e-05 -0.00175949
1 21.8401 29.098 -0.00024161 -0.00175029
1 22.9602 29.098 0.000138652 -0.00175166
1 24.0802 29.098 -0.000320625 -0.00176121
1 25.2001 29.098 -0.00110767 -0.00176308
1 26.3197 29.098 -0.00456857 -0.00176287
1 27.4384 29.098 -0.0182457 -0.00177855
1 28.5544 29.098 -0.0482453 -0.00180501
1 29.6661 29.098 -0.0861079 -0.0018621
1 30.7744 29.098 -0.101148 -0.00193185
1 31.8827 29.098 -0.0944342 -0.00197962
1 32.9916 29.098 -0.0959144 -0.0020264
1 34.1003 29.098 -0.091079 -0.00207347
1 35.21 29.098 -0.0832134 -0.00213522
1 36.3194 29.098 -0.0914277 -0.00225618
1 37.4281 29.098 -0.0949571 -0.00220968
1 38.5368 29.098 -0.0970151 -0.00209845
1 39.6454 29.098 -0.090495 -0.00170947
1 40.7548 29.098 -0.0902422 -0.00164036
1 41.8637 29.0981 -0.0911746 -0.00155853
1 42.9731 29.0981 -0.0898394 -0.00150707
1 44.0885 29.0982 -0.0933262 -0.00100773
1 0.151601 30.0679 0.0920775 -0.00262479
1 1.26694 30.0678 0.0895415 -0.00361166
1 2.37634 30.0677 0.0897909 -0.00449424
1 3.48518 30.0676 0.0886294 -0.00546695
1 4.59455 30.0675 0.0901919 -0.00641839
1 5.7031 30.0675 0.0969703 -0.00678093
1 6.8118 30.0675 0.0953706 -0.00713267
1 7.92054 30.0675 0.0923487 -0.00709225
1 9.02999 30.0675 0.0839375 -0.00693087
1 10.1397 30.0675 0.0914798 -0.00672267
1 11.2484 30.0676 0.0961406 -0.00648668
1 12.3571 30.0676 0.0944264 -0.00620413
1 13.4656 30.0676 0.10135 -0.005901
1 14.5739 30.0676 0.0863605 -0.00556388
1 15.6856 30.0676 0.0477294 -0.00529266
1 16.8017 30.0676 0.0183651 -0.00516125
1 17.9204 30.0676 0.00462665 -0.00510912
1 19.0399 30.0676 0.000909169 -0.00509381
1 20.1599 30.0676 -0.000182769 -0.00508492
1 21.2801 30.0676 0.000119246 -0.00508508
1 22.4002 30.0676 -0.000127292 -0.00509359
1 23.5202 30.0676 0.000210754 -0.00509724
1 24.6402 30.0676 -0.000373417 -0.00510296
1 25.76 30.0676 -0.00205963 -0.00511054
1 26.8791 30.0676 -0.00981914 -0.00513622
1 27.9968 30.0676 -0.0312624 -0.00522514
1 29.1109 30.0676 -0.067841 -0.00542438
1 30.2205 30.0676 -0.0979212 -0.00574236
1 31.3284 30.0676 -0.0980749 -0.00605316
1 32.4373 30.0676 -0.0934014 -0.00633045
1 33.546 30.0675 -0.0946933 -0.00661766
1 34.6551 30.0675 -0.0884535 -0.00684296
1 35.7645 30.0675 -0.0931511 -0.00703846
1 36.873 30.0675 -0.0909799 -0.00720889
1 37.9826 30.0675 -0.0819948 -0.00708555
1 39.0919 30.0675 -0.0941421 -0.00685242
1 40.2004 30.0676 -0.0903811 -0.0060634
1 41.3099 30.0677 -0.0885438 -0.00501893
1 42.4195 30.0678 -0.0894624 -0.0039555
1 43.5318 30.0679 -0.0912494 -0.00285848
1 0.70815 31.0373 0.0888255 -0.00917287
1 1.82038 31.0369 0.0872716 -0.0131582
1 2.92997 31.0366 0.0867291 -0.0165493
1 4.0395 31.0363 0.0890177 -0.0191338
1 5.14808 31.0362 0.0925312 -0.0209559
1 6.25725 31.0361 0.0808825 -0.0222107
1 7.36691 31.0361 0.0911164 -0.0227614
1 8.47546 31.0361 0.0936587 -0.0228439
1 9.58481 31.0361 0.088966 -0.022637
1 10.694 31.0362 0.095141 -0.0222482
1 11.8028 31.0363 0.094029 -0.0216212
1 12.9116 31.0363 0.0981439 -0.0209627
1 14.0195 31.0364 0.0988525 -0.0202195
1 15.1291 31.0365 0.0683675 -0.0194044
1 16.2432 31.0365 0.0316801 -0.0188545
1 17.3608 31.0365 0.0100803 -0.0186053
1 18.4801 31.0365 0.00166627 -0.018527
1 19.6 31.0365 0.000367504 -0.0185014
1 20.72 31.0365 -1.94009e-05 -0.0184867
1 21.8401 31.0365 -0.000246075 -0.0185005
1 22.9602 31.0365 0.000131092 -0.0185158
1 24.0802 31.0365 -0.000321018 -0.0185237
1 25.2001 31.0365 -0.00111255 -0.0185425
1 26.3197 31.0365 -0.00459228 -0.0185769
1 27.4384 31.0365 -0.0183317 -0.0187204
1 28.5544 31.0365 -0.0484779 -0.0191105
1 29.6661 31.0364 -0.0865273 -0.0198202
1 30.7744 31.0364 -0.101654 -0.0206336
1 31.8827 31.0363 -0.0949481 -0.0213025
1 32.9915 31.0362 -0.0964653 -0.0219732
1 34.1002 31.0361 -0.0915279 -0.0225356
1 35.2099 31.0361 -0.0835144 -0.0228223
1 36.3194 31.0361 -0.0915317 -0.0229672
1 37.4281 31.0361 -0.0947115 -0.0226751
1 38.5369 31.0361 -0.0962678 -0.0221077
1 39.6455 31.0362 -0.0890433 -0.0206315
1 40.7549 31.0364 -0.0881665 -0.0183502
1 41.8639 31.0367 -0.0885774 -0.0153342
1 42.9733 31.0371 -0.0865083 -0.0113358
1 44.0888 31.0376 -0.0888096 -0.00780716
1 0.150358 32.006 0.080337 -0.0199471
1 1.26608 32.0051 0.0814804 -0.0252868
1 2.37569 32.0042 0.0833465 -0.0319963
1 3.4847 32.0035 0.0839356 -0.0377981
1 4.5942 32.003 0.0865509 -0.0426644
1 5.70292 32.0026 0.0942901 -0.0459245
1 6.81175 32.0024 0.093942 -0.0482506
1 7.92057 32.0023 0.0919876 -0.0497525
1 9.03007 32.0023 0.0841167 -0.0504108
1 10.1399 32.0024 0.0920322 -0.0504807
1 11.2485 32.0026 0.0970439 -0.0499109
1 12.3573 32.0027 0.0954283 -0.0490078
1 13.4657 32.0029 0.102318 -0.0479631
1 14.5739 32.0031 0.0871622 -0.0465692
1 15.6856 32.0032 0.048204 -0.0452735
1 16.8017 32.0032 0.0185571 -0.04455
1 17.9204 32.0033 0.00468802 -0.0442791
1 19.0399 32.0033 0.000928416 -0.0441928
1 20.1599 32.0033 -0.000179635 -0.0441752
1 21.2801 32.0033 0.000103582 -0.0441744
1 22.4002 32.0033 -0.000148138 -0.0441865
1 23.5202 32.0033 0.000190488 -0.0442165
1 24.6402 32.0033 -0.000389904 -0.0442332
1 25.76 32.0033 -0.00208935 -0.044275
1 26.8791 32.0032 -0.00989903 -0.0444148
1 27.9968 32.0032 -0.0315636 -0.0448777
1 29.1108 32.0031 -0.0684988 -0.0459041
1 30.2204 32.003 -0.0988276 -0.0473393
1 31.3283 32.0028 -0.0990414 -0.0485737
1 32.4371 32.0026 -0.0944088 -0.0495432
1 33.5458 32.0025 -0.0955989 -0.0503728
1 34.655 32.0024 -0.0889902 -0.0506368
1 35.7644 32.0023 -0.0930116 -0.0504309
1 36.873 32.0023 -0.0899574 -0.0496964
1 37.9827 32.0024 -0.0803557 -0.0477661
1 39.0921 32.0027 -0.0914462 -0.0451257
1 40.2008 32.0031 -0.0861975 -0.041223
1 41.3104 32.0037 -0.0832873 -0.0359184
1 42.4201 32.0046 -0.0831275 -0.02957
1 43.5324 32.0056 -0.083347 -0.0227635
1 0.706285 32.9722 0.0758783 -0.0421396
1 1.81878 32.9704 0.0766858 -0.0484172
1 2.92865 32.9689 0.0777144 -0.055477
1 4.03848 32.9676 0.0812887 -0.0616894
1 5.14736 32.9667 0.0864961 -0.0673677
1 6.25678 32.966 0.0761847 -0.0724907
1 7.36671 32.9656 0.0875904 -0.0766185
1 8.47547 32.9654 0.0918322 -0.0795262
1 9.58495 32.9654 0.0885038 -0.0814699
1 10.6942 32.9655 0.0955993 -0.0824794
1 11.803 32.9657 0.0948965 -0.0824609
1 12.9118 32.966 0.0991346 -0.081995
1 14.0197 32.9663 0.099986 -0.0809384
1 15.1292 32.9665 0.069308 -0.0793416
1 16.2432 32.9666 0.03218 -0.0780942
1 17.3608 32.9667 0.0102678 -0.0775042
1 18.4801 32.9667 0.00170442 -0.0773448
1 19.6 32.9667 0.00035409 -0.0773038
1 20.72 32.9667 -3.22267e-05 -0.0772815
1 21.8401 32.9667 -0.000250037 -0.0772941
1 22.9602 32.9667 0.00012268 -0.0773092
1 24.0802 32.9667 -0.000328931 -0.0773117
1 25.2001 32.9667 -0.00113532 -0.0773487
1 26.3197 32.9667 -0.00469626 -0.0774429
1 27.4383 32.9667 -0.0186727 -0.0777564
1 28.5543 32.9666 -0.0491941 -0.078666
1 29.666 32.9664 -0.0876023 -0.0801861
1 30.7742 32.9661 -0.102761 -0.0816362
1 31.8825 32.9658 -0.0959566 -0.0823938
1 32.9913 32.9656 -0.0971942 -0.0827549
1 34.1 32.9654 -0.0915184 -0.0824328
1 35.2098 32.9653 -0.0826965 -0.0810522
1 36.3194 32.9654 -0.0897524 -0.0788853
1 37.4283 32.9657 -0.0913267 -0.0753998
1 38.5374 32.9662 -0.0909261 -0.0710667
1 39.6463 32.9669 -0.08192 -0.0658442
1 40.7561 32.968 -0.0795024 -0.05972
1 41.8654 32.9694 -0.0778653 -0.0533569
1 42.9753 32.971 -0.0725372 -0.0468978
1 44.0919 32.9724 -0.0656253 -0.0437179
1 0.144432 33.9366 0.0500409 -0.0707766
1 1.26247 33.9352 0.0649887 -0.0640695
1 2.37294 33.9332 0.0713989 -0.0645018
1 3.48248 33.9313 0.0734302 -0.0679103
1 4.59247 33.9296 0.076658 -0.0730122
1 5.70167 33.9283 0.0855512 -0.0780613
1 6.81094 33.9272 0.0870641 -0.0831358
1 7.92012 33.9265 0.0868028 -0.0880664
1 9.0299 33.9261 0.0802608 -0.0925645
1 10.1399 33.9259 0.0894844 -0.0961218
1 11.2487 33.926 0.0960155 -0.0983212
1 12.3575 33.9262 0.0952486 -0.0995762
1 13.4659 33.9266 0.102606 -0.100019
1 14.5741 33.9269 0.0879357 -0.0994053
1 15.6857 33.9271 0.0488817 -0.0983622
1 16.8017 33.9272 0.018865 -0.0976415
1 17.9204 33.9272 0.00473448 -0.0973675
1 19.0399 33.9272 0.000923483 -0.0973026
1 20.1599 33.9272 -0.00017023 -0.0972881
1 21.2801 33.9272 9.72035e-05 -0.0972777
1 22.4002 33.9272 -0.000130108 -0.097269
1 23.5202 33.9272 0.000223483 -0.0972641
1 24.6402 33.9272 -0.000405395 -0.0972656
1 25.76 33.9272 -0.00211585 -0.0973206
1 26.8791 33.9272 -0.0100265 -0.097447
1 27.9967 33.9272 -0.0320528 -0.0979311
1 29.1107 33.927 -0.0693346 -0.0989024
1 30.2202 33.9267 -0.0994791 -0.0998875
1 31.3281 33.9264 -0.0991487 -0.100052
1 32.4369 33.9261 -0.0940654 -0.0993241
1 33.5457 33.9259 -0.0942126 -0.0977691
1 34.6549 33.9259 -0.0861881 -0.0950051
1 35.7646 33.9261 -0.0884808 -0.0912525
1 36.8736 33.9266 -0.0833068 -0.0868499
1 37.9837 33.9275 -0.0725848 -0.0811944
1 39.0935 33.9286 -0.082906 -0.0756322
1 40.2027 33.9301 -0.0768141 -0.0710551
1 41.3128 33.9319 -0.0729588 -0.066578
1 42.423 33.9339 -0.0714847 -0.0637289
1 43.5359 33.936 -0.0697277 -0.0657829
1 0.701618 34.8981 0.0662191 -0.0847929
1 1.81487 34.8968 0.0692815 -0.0716379
1 2.92527 34.8949 0.0705506 -0.0678528
1 4.03557 34.8929 0.0733587 -0.0681315
1 5.14491 34.891 0.0782558 -0.0699339
1 6.25479 34.8893 0.067341 -0.0738588
1 7.36526 34.888 0.0780669 -0.078601
1 8.47457 34.8869 0.0835164 -0.0834476
1 9.58446 34.8863 0.0820671 -0.0882501
1 10.694 34.886 0.0909963 -0.0924524
1 11.803 34.8859 0.0919901 -0.095658
1 12.9119 34.8861 0.0974809 -0.0977757
1 14.0198 34.8864 0.0995773 -0.0986019
1 15.1293 34.8866 0.0697172 -0.0983221
1 16.2433 34.8867 0.0326034 -0.0977872
1 17.3608 34.8868 0.0104809 -0.0974469
1 18.4801 34.8868 0.00175466 -0.097358
1 19.6 34.8868 0.000348682 -0.097347
1 20.72 34.8868 -2.9517e-05 -0.0972907
1 21.8401 34.8868 -0.000229617 -0.0972993
1 22.9602 34.8868 0.000144106 -0.0972707
1 24.0802 34.8868 -0.000324524 -0.0972602
1 25.2001 34.8868 -0.00117419 -0.0973054
1 26.3197 34.8868 -0.00484592 -0.0973611
1 27.4383 34.8867 -0.0190708 -0.0975469
1 28.5542 34.8867 -0.0497159 -0.0980313
1 29.6658 34.8865 -0.087747 -0.0985711
1 30.7741 34.8862 -0.101871 -0.0984707
1 31.8824 34.886 -0.0939953 -0.0971324
1 32.9913 34.8858 -0.0936496 -0.0946888
1 34.1003 34.886 -0.0860024 -0.0911739
1 35.2105 34.8864 -0.0758501 -0.0865265
1 36.3204 34.8872 -0.0818659 -0.0813809
1 37.4298 34.8883 -0.0821572 -0.0766697
1 38.5394 34.8898 -0.0807983 -0.0727718
1 39.649 34.8915 -0.0725969 -0.069354
1 40.7593 34.8934 -0.0713115 -0.0675648
1 41.8693 34.8954 -0.0686841 -0.069452
1 42.9807 34.897 -0.0589703 -0.0772825
1 44.1012 34.8968 -0.0405872 -0.0960975
1 0.133622 35.8561 0.0436368 -0.109109
1 1.25604 35.8584 0.0570676 -0.0892347
1 2.36829 35.8581 0.0659176 -0.0753516
1 3.47857 35.8564 0.0685357 -0.0691646
1 4.589 35.8545 0.0704924 -0.0683561
1 5.69865 35.8525 0.0777721 -0.0693715
1 6.8084 35.8507 0.0785009 -0.0715091
1 7.91808 35.8491 0.0778805 -0.0745127
1 9.02839 35.8478 0.0714564 -0.0790526
1 10.1389 35.847 0.0814205 -0.0838237
1 11.2482 35.8465 0.0899422 -0.0882099
1 12.3573 35.8463 0.0912658 -0.0917707
1 13.4659 35.8464 0.100294 -0.0938874
1 14.5742 35.8466 0.0873462 -0.0945082
1 15.6857 35.8467 0.0491114 -0.0942853
1 16.8018 35.8468 0.0190577 -0.093954
1 17.9204 35.8468 0.0047602 -0.0937845
1 19.0399 35.8468 0.000934237 -0.0937089
1 20.1599 35.8468 -0.000129535 -0.0936641
1 21.2801 35.8468 0.000121239 -0.0936239
1 22.4002 35.8468 -8.38522e-05 -0.0935959
1 23.5202 35.8468 0.000285829 -0.0936075
1 24.6402 35.8468 -0.000397167 -0.0936427
1 25.76 35.8468 -0.00213876 -0.093724
1 26.8791 35.8468 -0.0100985 -0.0938071
1 27.9967 35.8468 -0.0323238 -0.0940653
1 29.1106 35.8467 -0.0694109 -0.0944629
1 30.2201 35.8465 -0.0982835 -0.0944776
1 31.3282 35.8463 -0.0962134 -0.0932816
1 32.4372 35.8463 -0.089484 -0.0905742
1 33.5463 35.8466 -0.087539 -0.0866447
1 34.656 35.8472 -0.0778066 -0.0821398
1 35.7663 35.8482 -0.0788419 -0.0774468
1 36.8758 35.8496 -0.0735615 -0.0733261
1 37.9865 35.8512 -0.0645497 -0.0698218
1 39.0967 35.8531 -0.0766003 -0.0681432
1 40.2063 35.8551 -0.0720841 -0.069017
1 41.3168 35.8569 -0.0695895 -0.0720045
1 42.4276 35.8581 -0.0675863 -0.0819624
1 43.5416 35.8573 -0.0621288 -0.102457
1 0.694918 36.8164 0.0564109 -0.11116
1 1.80964 36.8193 0.0631664 -0.0902689
1 2.92085 36.8194 0.0674831 -0.0755738
1 4.03146 36.818 0.0707781 -0.0692728
1 5.14102 36.8161 0.0742755 -0.0662685
1 6.25118 36.814 0.0615541 -0.0671753
1 7.36207 36.812 0.0703358 -0.0693676
1 8.47193 36.8103 0.0748233 -0.0723497
1 9.58244 36.8088 0.0733509 -0.0762219
1 10.6927 36.8078 0.0829619 -0.0807266
1 11.8022 36.8071 0.0855991 -0.085493
1 12.9116 36.8069 0.0930508 -0.089304
1 14.0198 36.8068 0.0974269 -0.0915986
1 15.1294 36.8069 0.0694019 -0.0924079
1 16.2433 36.807 0.0328346 -0.0924471
1 17.3608 36.807 0.0106875 -0.0923141
1 18.4801 36.807 0.00189586 -0.0922431
1 19.6 36.807 0.000405812 -0.0922113
1 20.72 36.807 1.38198e-05 -0.0921358
1 21.8401 36.807 -0.000207693 -0.0921027
1 22.9602 36.807 9.69148e-05 -0.0920779
1 24.0802 36.807 -0.000358481 -0.0921112
1 25.2001 36.807 -0.0012411 -0.0921751
1 26.3197 36.807 -0.00502449 -0.0922311
1 27.4383 36.807 -0.019403 -0.0923648
1 28.5542 36.8069 -0.0498891 -0.0925068
1 29.6658 36.8069 -0.0868041 -0.0922368
1 30.7742 36.8068 -0.0988143 -0.0908638
1 31.8829 36.8069 -0.0888765 -0.0879256
1 32.9923 36.8073 -0.0865013 -0.083663
1 34.1019 36.8081 -0.0774218 -0.0789485
1 35.2127 36.8092 -0.0671103 -0.0744364
1 36.3233 36.8108 -0.0737954 -0.0704797
1 37.4331 36.8127 -0.0755148 -0.0684535
1 38.5431 36.8146 -0.0756661 -0.0675827
1 39.6529 36.8166 -0.0691622 -0.0673957
1 40.7635 36.8183 -0.0684962 -0.070854
1 41.8743 36.8191 -0.0652975 -0.0816135
1 42.9875 36.8177 -0.0573749 -0.0997492
1 44.111 36.8135 -0.0581618 -0.112377
1 0.126041 37.7722 0.0699169 -0.108399
1 1.24907 37.7776 0.0583389 -0.101317
1 2.36267 37.7808 0.0618442 -0.0840676
1 3.47383 37.7812 0.0658458 -0.0702944
1 4.58453 37.7798 0.0680139 -0.0645102
1 5.69439 37.7777 0.074046 -0.0639006
1 6.80442 37.7756 0.0739268 -0.0643365
1 7.91448 37.7735 0.0723233 -0.0655714
1 9.02532 37.7716 0.0644725 -0.0685565
1 10.1365 37.77 0.0732538 -0.0720706
1 11.2465 37.7688 0.0817844 -0.0763507
1 12.3563 37.768 0.0844344 -0.0808741
1 13.4655 37.7676 0.0955606 -0.0845186
1 14.5741 37.7675 0.0852772 -0.0868089
1 15.6858 37.7675 0.0488091 -0.087639
1 16.8018 37.7675 0.0191908 -0.0877231
1 17.9204 37.7675 0.00483949 -0.0877002
1 19.0399 37.7675 0.00102754 -0.0876533
1 20.1599 37.7675 9.52318e-06 -0.0876002
1 21.2801 37.7675 0.000139405 -0.0875354
1 22.4002 37.7675 -9.37885e-05 -0.0874919
1 23.5202 37.7675 0.000231436 -0.087527
1 24.6402 37.7675 -0.000513989 -0.0875704
1 25.76 37.7675 -0.00222424 -0.08767
1 26.8791 37.7675 -0.0101406 -0.087713
1 27.9966 37.7675 -0.0323705 -0.0877161
1 29.1106 37.7675 -0.068588 -0.0874226
1 30.2203 37.7675 -0.095144 -0.086052
1 31.3287 37.7677 -0.0905541 -0.0831352
1 32.4384 37.7682 -0.0821054 -0.078988
1 33.5482 37.7692 -0.0793866 -0.074389
1 34.6587 37.7705 -0.0699306 -0.0705391
1 35.7695 37.7722 -0.0715521 -0.0673206
1 36.8796 37.7742 -0.0678566 -0.0647143
1 37.9906 37.7763 -0.061355 -0.0628776
1 39.1009 37.7785 -0.0750715 -0.062828
1 40.2106 37.7802 -0.0703712 -0.0673768
1 41.3215 37.7807 -0.0652543 -0.0764987
1 42.4335 37.779 -0.0592746 -0.09253
1 43.549 37.7742 -0.056711 -0.106208
1 0.686928 38.7341 0.05842 -0.0996636
1 1.80246 38.7395 0.0553897 -0.0990266
1 2.91514 38.7425 0.0598194 -0.0871165
1 4.02654 38.7429 0.0672784 -0.0763923
1 5.13631 38.7414 0.0726296 -0.069802
1 6.24654 38.7392 0.0589012 -0.0684977
1 7.3577 38.7367 0.0660574 -0.0701496
1 8.46801 38.7345 0.0692417 -0.0727803
1 9.57911 38.7325 0.0668941 -0.0755158
1 10.69 38.7308 0.0753311 -0.0785117
1 11.8004 38.7295 0.0773692 -0.0825539
1 12.9105 38.7286 0.0857448 -0.0868052
1 14.0194 38.7282 0.0926236 -0.0904892
1 15.1293 38.728 0.0675768 -0.092766
1 16.2433 38.728 0.032555 -0.0935378
1 17.3609 38.728 0.0107454 -0.093629
1 18.4801 38.728 0.00195895 -0.0936005
1 19.6 38.728 0.000468418 -0.0935794
1 20.72 38.728 0.000102008 -0.0935251
1 21.8401 38.728 -0.000147114 -0.0934783
1 22.9602 38.728 7.43348e-05 -0.0934659
1 24.0802 38.728 -0.000425421 -0.0935236
1 25.2001 38.728 -0.00131616 -0.0935589
1 26.3197 38.728 -0.00510321 -0.0936043
1 27.4382 38.728 -0.0194653 -0.0936304
1 28.5542 38.728 -0.0491902 -0.0933754
1 29.6659 38.728 -0.0837816 -0.0919815
1 30.7748 38.7283 -0.0927671 -0.0889749
1 31.8842 38.7289 -0.0809977 -0.0849429
1 32.9945 38.73 -0.0782607 -0.0806771
1 34.1048 38.7314 -0.0701601 -0.0769994
1 35.2163 38.7332 -0.0610783 -0.0738737
1 36.3273 38.7354 -0.069075 -0.0707345
1 37.4375 38.7377 -0.072045 -0.0692243
1 38.5476 38.74 -0.0731369 -0.0688472
1 39.6575 38.7419 -0.067437 -0.0709034
1 40.7684 38.7426 -0.0648825 -0.0794892
1 41.88 38.741 -0.0609923 -0.093896
1 42.9937 38.7366 -0.0608255 -0.101064
1 44.1148 38.7314 -0.0795237 -0.0951701
1 0.123241 39.6929 0.0747396 -0.0813845
1 1.24279 39.6973 0.0604873 -0.0916992
1 2.35622 39.7018 0.0565539 -0.0938399
1 3.46831 39.7045 0.0614815 -0.0831266
1 4.57953 39.7045 0.0666556 -0.0718954
1 5.68938 39.7027 0.0729083 -0.068685
1 6.79948 39.7001 0.0713234 -0.068507
1 7.90984 39.6974 0.0681481 -0.070024
1 9.02119 39.695 0.0594202 -0.0733317
1 10.133 39.6929 0.0673531 -0.0763287
1 11.2438 39.6911 0.0743876 -0.0793874
1 12.3544 39.6898 0.0761211 -0.0831037
1 13.4644 39.6888 0.0878772 -0.0873844
1 14.5737 39.6883 0.0805724 -0.0915456
1 15.6857 39.6881 0.0472009 -0.0939705
1 16.8018 39.6881 0.0188972 -0.094761
1 17.9204 39.6881 0.00477991 -0.0949252
1 19.0399 39.6881 0.00106353 -0.0949733
1 20.1599 39.6881 0.000119831 -0.094976
1 21.2801 39.6881 0.000183852 -0.0949456
1 22.4002 39.6881 -9.26918e-05 -0.0949039
1 23.5202 39.6881 0.000212653 -0.0948779
1 24.6402 39.6881 -0.000557716 -0.0948715
1 25.76 39.6881 -0.00219674 -0.0949244
1 26.8791 39.6881 -0.00997635 -0.0948888
1 27.9967 39.6881 -0.0316871 -0.0945582
1 29.1107 39.6881 -0.0658042 -0.0931146
1 30.2209 39.6885 -0.0889317 -0.0897541
1 31.3302 39.6892 -0.0822865 -0.0853051
1 32.4407 39.6903 -0.0741083 -0.0812478
1 33.5513 39.6918 -0.0727414 -0.0777587
1 34.6624 39.6937 -0.0640741 -0.0746451
1 35.7739 39.696 -0.066134 -0.071271
1 36.8844 39.6986 -0.0641488 -0.0679963
1 37.9955 39.7012 -0.0597599 -0.0668057
1 39.1057 39.7035 -0.0737471 -0.0687756
1 40.2156 39.7044 -0.066669 -0.0782641
1 41.3276 39.7029 -0.0586152 -0.0881375
1 42.4406 39.6991 -0.0584871 -0.0921932
1 43.5557 39.6947 -0.0661483 -0.0847841
1 0.68113 40.6579 0.0717008 -0.070411
1 1.79584 40.661 0.065087 -0.0809444
1 2.90898 40.6648 0.0607736 -0.0837309
1 4.02138 40.6673 0.0670928 -0.073629
1 5.13143 40.6669 0.0760197 -0.0629455
1 6.24143 40.6644 0.0614734 -0.0588099
1 7.35252 40.6613 0.0648371 -0.0611326
1 8.46322 40.6583 0.0649037 -0.0650376
1 9.57494 40.6557 0.0620445 -0.0686021
1 10.6865 40.6535 0.0700263 -0.0714982
1 11.7976 40.6517 0.0704117 -0.0742706
1 12.9086 40.6503 0.0774831 -0.0773924
1 14.0184 40.6493 0.0850139 -0.0815953
1 15.129 40.6488 0.0632925 -0.08552
1 16.2433 40.6486 0.0313026 -0.087636
1 17.3608 40.6486 0.0105894 -0.0882836
1 18.4801 40.6486 0.00200258 -0.088391
1 19.6 40.6485 0.000568853 -0.0883678
1 20.72 40.6486 0.000143036 -0.0883373
1 21.8401 40.6486 -0.000196792 -0.0883773
1 22.9602 40.6486 4.35571e-05 -0.0883935
1 24.0802 40.6486 -0.000449695 -0.0883674
1 25.2001 40.6486 -0.00134628 -0.0882696
1 26.3197 40.6486 -0.00499346 -0.08824
1 27.4383 40.6486 -0.0189931 -0.0880312
1 28.5543 40.6487 -0.046842 -0.0869715
1 29.6665 40.649 -0.0777141 -0.0838756
1 30.7762 40.6497 -0.0843972 -0.0794717
1 31.8865 40.6509 -0.073265 -0.0757414
1 32.9976 40.6525 -0.0719855 -0.0729065
1 34.1086 40.6544 -0.0646994 -0.0696032
1 35.2208 40.6569 -0.0558733 -0.0654881
1 36.3323 40.6597 -0.0665033 -0.0617621
1 37.4425 40.6629 -0.0728163 -0.06007
1 38.5524 40.6656 -0.0750003 -0.0620646
1 39.6623 40.6671 -0.065557 -0.0677007
1 40.7739 40.666 -0.0579711 -0.0789414
1 41.8863 40.6626 -0.0569944 -0.0825164
1 42.999 40.659 -0.0613631 -0.0735039
1 44.1176 40.656 -0.0660736 -0.0688854
1 0.119904 41.6209 0.0661854 -0.0655493
1 1.23892 41.6221 0.067878 -0.0763355
1 2.35124 41.6245 0.0637218 -0.084698
1 3.4635 41.6281 0.0599495 -0.0881423
1 4.57569 41.6302 0.0678224 -0.0769649
1 5.68559 41.6293 0.0803264 -0.0642001
1 6.795 41.626 0.0789985 -0.0609974
1 7.90489 41.6221 0.0701727 -0.0641171
1 9.01644 41.6187 0.0565309 -0.0700563
1 10.1289 41.6159 0.0628716 -0.0749968
1 11.2403 41.6137 0.0691474 -0.0783541
1 12.3517 41.6119 0.0695181 -0.0808688
1 13.4626 41.6105 0.0795876 -0.0838646
1 14.5728 41.6096 0.0734876 -0.0883652
1 15.6854 41.6092 0.0438049 -0.0921759
1 16.8017 41.609 0.0181252 -0.0938076
1 17.9204 41.609 0.00486305 -0.0941982
1 19.0399 41.609 0.00111365 -0.094235
1 20.1599 41.609 0.000162525 -0.0941291
1 21.2801 41.609 0.000178698 -0.0941536
1 22.4002 41.609 -9.26037e-05 -0.0942833
1 23.5202 41.609 7.63805e-05 -0.0942216
1 24.6402 41.609 -0.000723585 -0.0941928
1 25.76 41.609 -0.00219523 -0.0941474
1 26.8791 41.6091 -0.00960452 -0.0938654
1 27.9968 41.6091 -0.0298339 -0.0930653
1 29.1113 41.6093 -0.0604887 -0.0906064
1 30.2222 41.61 -0.0806956 -0.0861266
1 31.3324 41.6111 -0.0747347 -0.0821335
1 32.4437 41.6127 -0.0684006 -0.0795947
1 33.5551 41.6147 -0.0672531 -0.0761417
1 34.6669 41.6172 -0.0585895 -0.0713573
1 35.7789 41.6204 -0.064499 -0.0668073
1 36.8893 41.624 -0.0686688 -0.0629697
1 37.9998 41.6276 -0.0662337 -0.0626586
1 39.1099 41.6297 -0.0769966 -0.0703726
1 40.2206 41.6292 -0.0661646 -0.0834726
1 41.3332 41.6261 -0.0627671 -0.0865531
1 42.4456 41.6232 -0.0685136 -0.0781343
1 43.5597 41.6212 -0.0714805 -0.0699914
1 0.679981 42.584 0.0760677 -0.075347
1 1.79399 42.5856 0.0724648 -0.0735565
1 2.90585 42.5881 0.0698002 -0.0788711
1 4.01806 42.5914 0.0688619 -0.0820298
1 5.1289 42.5933 0.0769592 -0.0718359
1 6.23904 42.5917 0.0709739 -0.0560955
1 7.34918 42.5875 0.0770406 -0.0507656
1 8.459 42.5826 0.0717891 -0.0564425
1 9.57061 42.5786 0.062217 -0.0645403
1 10.6826 42.5757 0.0667184 -0.0714024
1 11.7943 42.5735 0.0660632 -0.0756239
1 12.906 42.5717 0.0711531 -0.078065
1 14.0168 42.5704 0.0767969 -0.0820061
1 15.1282 42.5696 0.0573909 -0.0868081
1 16.2431 42.5692 0.028833 -0.0900186
1 17.3608 42.5691 0.0100583 -0.091255
1 18.4801 42.5691 0.00214434 -0.0913424
1 19.6 42.5691 0.000604586 -0.0913716
1 20.72 42.5691 0.000155751 -0.0914487
1 21.8401 42.5691 -0.000152336 -0.0914255
1 22.9602 42.5691 -2.09036e-05 -0.0913722
1 24.0802 42.5691 -0.000510621 -0.0914665
1 25.2001 42.5691 -0.00162873 -0.0914424
1 26.3197 42.5692 -0.00517212 -0.0913449
1 27.4384 42.5692 -0.017814 -0.0907138
1 28.5547 42.5694 -0.0425788 -0.0885225
1 29.6676 42.5699 -0.0699583 -0.084326
1 30.7783 42.571 -0.0766135 -0.0798064
1 31.8894 42.5725 -0.0680773 -0.076715
1 33.0011 42.5745 -0.0672455 -0.0732865
1 34.113 42.5771 -0.0608018 -0.0669727
1 35.2255 42.5807 -0.0588192 -0.0600606
1 36.3364 42.585 -0.0783566 -0.0554756
1 37.4456 42.5894 -0.0840553 -0.0541167
1 38.5552 42.5923 -0.079132 -0.0644747
1 39.6659 42.5922 -0.0640367 -0.076285
1 40.7785 42.5896 -0.061238 -0.0812327
1 41.8906 42.5866 -0.0665869 -0.0768659
1 43.0031 42.5846 -0.0652259 -0.0741605
1 44.1227 42.5837 -0.0635492 -0.0708718
1 0.116102 43.5452 0.0649727 -0.0837554
1 1.23651 43.5471 0.0681643 -0.0724055
1 2.34886 43.5496 0.0648083 -0.0750257
1 3.46072 43.5526 0.0617611 -0.0813911
1 4.57308 43.5556 0.0663358 -0.0803363
1 5.68416 43.5566 0.0792663 -0.0695189
1 6.79408 43.5543 0.085569 -0.0551496
1 7.90338 43.5492 0.0833874 -0.0476086
1 9.01383 43.5436 0.068633 -0.0530431
1 10.1256 43.539 0.0681087 -0.063298
1 11.237 43.5358 0.0687825 -0.0721687
1 12.3488 43.5336 0.066662 -0.0770214
1 13.4603 43.5319 0.0735114 -0.0800508
1 14.5715 43.5307 0.0658506 -0.0844457
1 15.6848 43.5301 0.0387982 -0.0885429
1 16.8016 43.5298 0.0160197 -0.0907045
1 17.9204 43.5298 0.00424902 -0.0914889
1 19.04 43.5298 0.00108074 -0.0915566
1 20.16 43.5298 0.00039695 -0.0914249
1 21.2801 43.5297 5.58779e-05 -0.0914139
1 22.4002 43.5298 -3.28629e-05 -0.0915082
1 23.5202 43.5298 0.000173244 -0.0914421
1 24.6402 43.5298 -0.000762332 -0.0914469
1 25.76 43.5298 -0.00210749 -0.0915414
1 26.8792 43.5299 -0.00866777 -0.0913588
1 27.9971 43.53 -0.0265929 -0.0897698
1 29.1122 43.5304 -0.0536585 -0.0863844
1 30.224 43.5313 -0.0728889 -0.0818729
1 31.335 43.5327 -0.0701206 -0.0782815
1 32.4469 43.5347 -0.0657965 -0.07452
1 33.5586 43.5374 -0.0674331 -0.0670739
1 34.6703 43.5413 -0.0681437 -0.0580475
1 35.7812 43.5463 -0.0823731 -0.0522936
1 36.8903 43.5515 -0.0806126 -0.0516056
1 38.0011 43.5554 -0.0667376 -0.0608615
1 39.1123 43.5558 -0.0744774 -0.0785454
1 40.2238 43.5535 -0.0677323 -0.0827878
1 41.336 43.5508 -0.0678055 -0.0764936
1 42.4478 43.5484 -0.068423 -0.0751584
1 43.5622 43.5463 -0.0722075 -0.0756752
1 0.676955 44.5072 0.0662299 -0.0821114
1 1.79113 44.5105 0.0649816 -0.0803351
1 2.90293 44.5135 0.0666762 -0.077434
1 4.01503 44.5164 0.0664537 -0.0830594
1 5.12702 44.5191 0.0686087 -0.0802343
1 6.23862 44.5193 0.0675064 -0.0668056
1 7.34964 44.5157 0.078829 -0.0517067
1 8.45959 44.5098 0.0817007 -0.0471118
1 9.5702 44.5038 0.0770823 -0.0510895
1 10.6809 44.4989 0.077497 -0.0608772
1 11.792 44.4954 0.0710085 -0.0714244
1 12.9037 44.4931 0.0707278 -0.0782103
1 14.0149 44.4915 0.0708965 -0.0829771
1 15.1272 44.4904 0.0511495 -0.0879307
1 16.2427 44.49 0.025279 -0.0915409
1 17.3607 44.4898 0.00863081 -0.0932041
1 18.4801 44.4898 0.00168978 -0.0936397
1 19.6 44.4898 0.000496474 -0.0936075
1 20.72 44.4898 0.00012799 -0.093484
1 21.8401 44.4898 -0.000165628 -0.0934252
1 22.9602 44.4898 -9.45756e-07 -0.0934144
1 24.0802 44.4899 -0.000460349 -0.093455
1 25.2 44.4899 -0.00141441 -0.0935763
1 26.3197 44.4899 -0.00435549 -0.0934698
1 27.4386 44.49 -0.0154027 -0.0926532
1 28.5554 44.4902 -0.0376037 -0.0899107
1 29.6691 44.4909 -0.0633969 -0.0852123
1 30.7805 44.4923 -0.072801 -0.0801769
1 31.8919 44.4942 -0.0693711 -0.074772
1 33.0034 44.4971 -0.073687 -0.065645
1 34.1143 44.5014 -0.0757208 -0.0552873
1 35.2253 44.5069 -0.0761748 -0.0502956
1 36.3356 44.5126 -0.0816062 -0.0511441
1 37.446 44.5172 -0.0775374 -0.0580626
1 38.557 44.519 -0.0777661 -0.0750818
1 39.6685 44.5171 -0.0665778 -0.0842078
1 40.7813 44.5143 -0.066144 -0.0792904
1 41.893 44.5121 -0.0722673 -0.0774227
1 43.0051 44.5089 -0.069882 -0.0808397
1 44.1259 44.5064 -0.0718905 -0.0820836
1 0.112211 45.4661 0.073958 -0.0735732
1 1.23305 45.4704 0.0712888 -0.0766132
1 2.34519 45.4748 0.0667912 -0.078363
1 3.45733 45.4779 0.0675372 -0.0800339
1 4.57 45.4806 0.0678525 -0.0799093
1 5.68244 45.4828 0.0712565 -0.0753749
1 6.79419 45.4817 0.0782237 -0.057727
1 7.90517 45.4765 0.0789893 -0.0465863
1 9.01657 45.4704 0.0733019 -0.0468029
1 10.1277 45.4646 0.0825661 -0.0488986
1 11.2375 45.4595 0.0852865 -0.0563131
1 12.3479 45.4556 0.0779873 -0.0664002
1 13.4588 45.4531 0.0758224 -0.0751469
1 14.5702 45.4514 0.061601 -0.0821188
1 15.6842 45.4506 0.0346198 -0.0870571
1 16.8013 45.4503 0.0139877 -0.0900416
1 17.9203 45.4502 0.00345697 -0.0911574
1 19.04 45.4502 0.000644118 -0.0912443
1 20.16 45.4502 0.00012428 -0.0912575
1 21.2801 45.4502 -0.000197367 -0.0911195
1 22.4002 45.4502 1.86827e-06 -0.0909663
1 23.5202 45.4502 0.00037258 -0.0911356
1 24.6401 45.4503 -0.000433092 -0.0912962
1 25.76 45.4503 -0.00167699 -0.0911545
1 26.8793 45.4503 -0.00751264 -0.0909054
1 27.9975 45.4505 -0.0233422 -0.0889774
1 29.1131 45.451 -0.0489536 -0.0846739
1 30.2256 45.4522 -0.0713346 -0.0784934
1 31.3365 45.4543 -0.0766179 -0.070506
1 32.4472 45.4575 -0.0792419 -0.060628
1 33.5575 45.462 -0.0842638 -0.0518882
1 34.6678 45.4675 -0.0801811 -0.0489152
1 35.7788 45.4733 -0.0799072 -0.0479819
1 36.8897 45.4788 -0.07446 -0.0504175
1 38.0018 45.4821 -0.0664798 -0.0672708
1 39.1142 45.4809 -0.0714544 -0.0837732
1 40.2267 45.4782 -0.0679112 -0.0765814
1 41.3392 45.4763 -0.0719516 -0.0714022
1 42.4509 45.4734 -0.073359 -0.0770596
1 43.5644 45.4681 -0.0732658 -0.0825688
1 0.671541 46.4284 0.0753581 -0.0775385
1 1.78542 46.4364 0.0742361 -0.0825475
1 2.89777 46.4396 0.0724015 -0.073253
1 4.01118 46.4415 0.0695178 -0.0838587
1 5.12441 46.4452 0.0680704 -0.0868254
1 6.23789 46.4466 0.0610256 -0.0677429
1 7.35117 46.4429 0.0715301 -0.0502545
1 8.46313 46.4368 0.0755542 -0.0481208
1 9.57482 46.431 0.077657 -0.0519874
1 10.6854 46.4257 0.0874583 -0.0529419
1 11.7951 46.4209 0.0890187 -0.0553767
1 12.9046 46.4167 0.0876082 -0.0634843
1 14.0145 46.4137 0.0776899 -0.0739506
1 15.1266 46.412 0.0497079 -0.0833502
1 16.2423 46.4113 0.0226174 -0.0893907
1 17.3606 46.4111 0.00745349 -0.0918204
1 18.48 46.411 0.0012713 -0.0924914
1 19.6 46.411 9.0022e-05 -0.0924529
1 20.72 46.411 -0.000253859 -0.0925629
1 21.8401 46.411 -0.000273812 -0.0924105
1 22.9602 46.4111 0.000205849 -0.0924536
1 24.0802 46.4111 -5.40221e-05 -0.0924214
1 25.2001 46.4111 -0.00067267 -0.0924797
1 26.3198 46.4112 -0.00352221 -0.0921113
1 27.4388 46.4112 -0.0137237 -0.0908734
1 28.5559 46.4117 -0.0350395 -0.0868964
1 29.6698 46.4128 -0.0651224 -0.0788437
1 30.7805 46.4152 -0.0851665 -0.0681542
1 31.89 46.4188 -0.0879499 -0.0586258
1 32.9997 46.4234 -0.088338 -0.0534534
1 34.1097 46.4284 -0.0827439 -0.0524092
1 35.2209 46.4339 -0.0735211 -0.0498623
1 36.333 46.4398 -0.0720301 -0.0497196
1 37.4454 46.4444 -0.0716019 -0.0629812
1 38.5582 46.4451 -0.0726301 -0.0782724
1 39.6712 46.4425 -0.0654029 -0.0807604
1 40.7849 46.4403 -0.0659911 -0.0771989
1 41.8975 46.4382 -0.0679647 -0.0765577
1 43.0106 46.434 -0.0657987 -0.0769573
1 44.1305 46.4253 -0.0701472 -0.0768543
1 0.10172 47.386 0.067527 -0.0707911
1 1.22243 47.4002 0.0663071 -0.0771507
1 2.33759 47.4058 0.069495 -0.0784454
1 3.45235 47.4073 0.0638149 -0.0725942
1 4.56633 47.41 0.0708582 -0.0897813
1 5.6806 47.4142 0.0625319 -0.08146
1 6.79578 47.4129 0.0651397 -0.0549839
1 7.9095 47.4073 0.0695339 -0.0489564
1 9.0224 47.4016 0.0709904 -0.0521329
1 10.1339 47.3963 0.084191 -0.0534554
1 11.2437 47.3915 0.0895011 -0.0552974
1 12.3531 47.387 0.0922496 -0.0556604
1 13.4618 47.3828 0.0957157 -0.0590551
1 14.5712 47.3793 0.0742614 -0.0702087
1 15.6844 47.3774 0.0385559 -0.0817306
1 16.8013 47.3766 0.0144494 -0.0885028
1 17.9202 47.3764 0.00349793 -0.091224
1 19.0399 47.3764 0.000516671 -0.0916765
1 20.16 47.3764 -0.000463251 -0.0917232
1 21.28 47.3764 -8.04214e-06 -0.0918328
1 22.4002 47.3764 -0.00013587 -0.0919072
1 23.5202 47.3765 0.000255226 -0.0918523
1 24.6402 47.3765 -0.000119978 -0.0916147
1 25.76 47.3765 -0.00143024 -0.0914427
1 26.8794 47.3766 -0.0077733 -0.0903654
1 27.9975 47.377 -0.0248268 -0.0857227
1 29.1127 47.3783 -0.0565506 -0.0761706
1 30.2237 47.381 -0.0886207 -0.0637118
1 31.3323 47.385 -0.0958633 -0.0561287
1 32.4414 47.3894 -0.088888 -0.0556197
1 33.5512 47.394 -0.086085 -0.0543895
1 34.6619 47.3989 -0.0764505 -0.0525448
1 35.7741 47.4044 -0.0701141 -0.05138
1 36.8871 47.4098 -0.0699272 -0.0528714
1 38.0015 47.413 -0.0596166 -0.067989
1 39.1168 47.4114 -0.0655359 -0.0853367
1 40.2304 47.4081 -0.0741022 -0.0793476
1 41.3444 47.4069 -0.0683251 -0.0736341
1 42.4595 47.4035 -0.0695341 -0.0807913
1 43.5768 47.397 -0.0713229 -0.0733577
