1 0.598609 0.162681 -0.0779537 -0.0968613
1 1.71772 0.157022 -0.0720718 -0.0865287
1 2.83387 0.152026 -0.0592377 -0.0904456
1 3.94841 0.151483 -0.0585092 -0.0908212
1 5.06284 0.148525 -0.0765475 -0.0831813
1 6.17959 0.146213 -0.0782354 -0.0942243
1 7.29639 0.1473 -0.0713458 -0.109242
1 8.41215 0.149995 -0.060659 -0.11947
1 9.52776 0.15387 -0.0510849 -0.114242
1 10.6443 0.156187 -0.055351 -0.0821083
1 11.7613 0.154995 -0.0538196 -0.046766
1 12.8788 0.153432 -0.0480885 -0.0131125
1 13.9956 0.151848 -0.0569173 0.00355911
1 15.1117 0.150273 -0.0637782 -0.00332169
1 16.2286 0.146478 -0.0729724 -0.00418508
1 17.3481 0.139026 -0.0876252 -0.000478186
1 18.4708 0.133647 -0.0795778 0.00797892
1 19.594 0.132039 -0.0724022 0.0174637
1 20.7164 0.129236 -0.047104 0.0103474
1 21.8391 0.126082 -0.00904767 0.000572797
1 22.9617 0.127383 0.0232934 0.006417
1 24.0841 0.131256 0.0596046 0.0150587
1 25.2067 0.132707 0.0767544 0.0112234
1 26.3301 0.135238 0.0873971 0.00670566
1 27.4517 0.142793 0.0857127 0.000650432
1 28.57 0.149022 0.0667697 -0.0105029
1 29.686 0.151271 0.0606736 -0.00317418
1 30.8023 0.153859 0.0537131 0.000324306
1 31.9196 0.155715 0.0527418 -0.0292814
1 33.0372 0.157009 0.0563277 -0.0614841
1 34.1537 0.156493 0.0521751 -0.10384
1 35.2699 0.150714 0.054964 -0.129407
1 36.3861 0.146129 0.067228 -0.113914
1 37.5026 0.145391 0.0702664 -0.0952763
1 38.6195 0.147445 0.0741498 -0.0808791
1 39.7347 0.151702 0.0665844 -0.0782266
1 40.8485 0.154758 0.0524925 -0.0968047
1 41.9633 0.153858 0.067116 -0.104255
1 43.0801 0.157139 0.0777804 -0.0915309
1 44.2026 0.174367 0.0765445 -0.0761491
1 0.0432625 1.13526 -0.0561428 -0.0837641
1 1.16418 1.12451 -0.0693246 -0.0805951
1 2.2799 1.12062 -0.0635998 -0.0924914
1 3.39398 1.11878 -0.0611973 -0.0925663
1 4.50824 1.11697 -0.063957 -0.0792624
1 5.62296 1.11384 -0.0609985 -0.0852377
1 6.73802 1.11366 -0.0588825 -0.104821
1 7.85265 1.11529 -0.0590371 -0.109957
1 8.96826 1.11799 -0.0614522 -0.114541
1 10.0857 1.1209 -0.0692578 -0.101731
1 11.2038 1.12154 -0.0704621 -0.0668563
1 12.3218 1.12062 -0.0654241 -0.0292327
1 13.4394 1.1192 -0.0662347 -0.0056304
1 14.5561 1.11766 -0.0650535 0.00617959
1 15.6737 1.11453 -0.0723545 -0.000499015
1 16.7933 1.10833 -0.0887411 -0.00098745
1 17.9138 1.10177 -0.0872274 0.00493371
1 19.0352 1.09821 -0.0769442 0.00581614
1 20.1573 1.09639 -0.058369 0.00892857
1 21.2789 1.09377 -0.0229151 0.00075861
1 22.3998 1.0928 0.00708108 -0.00688838
1 23.521 1.0952 0.0360003 0.0054597
1 24.6431 1.09761 0.0683309 0.00738447
1 25.7653 1.0994 0.0863656 0.00532408
1 26.8863 1.10436 0.0888593 0.00566581
1 28.0063 1.11166 0.0788949 -0.000269299
1 29.1245 1.11666 0.0647362 0.00152431
1 30.2412 1.11924 0.0635459 -0.000290464
1 31.3583 1.12142 0.0669991 -0.0175915
1 32.4768 1.12253 0.0758506 -0.0485789
1 33.5954 1.12224 0.0788024 -0.0847769
1 34.7135 1.11953 0.066808 -0.112192
1 35.83 1.11489 0.0581418 -0.116917
1 36.9448 1.11278 0.0580133 -0.103724
1 38.0596 1.11355 0.0632524 -0.0897717
1 39.1746 1.11637 0.0674726 -0.0787038
1 40.2894 1.11965 0.0695565 -0.0842065
1 41.404 1.12141 0.0627507 -0.0954549
1 42.5172 1.12271 0.0595578 -0.0956197
1 43.6302 1.12929 0.0596578 -0.0771656
1 0.61389 2.09104 -0.0681299 -0.0778913
1 1.72665 2.08441 -0.0686211 -0.0785641
1 2.84012 2.08156 -0.0647668 -0.0891251
1 3.95352 2.07989 -0.0677866 -0.084575
1 5.06702 2.07738 -0.0650822 -0.0803297
1 6.18106 2.07638 -0.0583703 -0.0952104
1 7.29521 2.07724 -0.0608437 -0.100771
1 8.40987 2.07813 -0.0652189 -0.105406
1 9.5263 2.07975 -0.0700087 -0.100509
1 10.6449 2.08104 -0.085893 -0.0853073
1 11.7641 2.08176 -0.0877688 -0.0559623
1 12.8832 2.08131 -0.0773271 -0.0204626
1 14.0013 2.07993 -0.0747737 -0.00198873
1 15.1192 2.07704 -0.0745454 0.00354791
1 16.2382 2.07224 -0.0775399 -0.00150078
1 17.3577 2.06626 -0.0857078 -0.00262912
1 18.4776 2.06168 -0.0818589 -0.000348623
1 19.5984 2.0592 -0.0658172 -0.000523955
1 20.7193 2.05714 -0.0365764 -0.00387901
1 21.8396 2.05595 -0.00859705 -0.00873725
1 22.9596 2.05661 0.0197177 -0.00793361
1 24.0804 2.05828 0.0538609 -0.00373715
1 25.2015 2.06025 0.0720239 -0.000570766
1 26.3217 2.06351 0.0829836 0.000785236
1 27.4417 2.06884 0.087084 -0.00105264
1 28.5611 2.07471 0.073926 0.00296959
1 29.6789 2.07935 0.0743194 0.000675121
1 30.7969 2.08201 0.0825044 -0.0131528
1 31.9158 2.0831 0.0820538 -0.0376514
1 33.0352 2.08254 0.0889001 -0.0729955
1 34.1546 2.08043 0.0814832 -0.0965114
1 35.2728 2.07809 0.0688364 -0.104576
1 36.3882 2.07627 0.0635645 -0.101777
1 37.5024 2.07601 0.0555724 -0.0914124
1 38.6166 2.07751 0.0497521 -0.0844469
1 39.73 2.08001 0.0539701 -0.0823859
1 40.8433 2.08232 0.0573275 -0.0857227
1 41.9573 2.08432 0.0600245 -0.0858068
1 43.0706 2.08887 0.0553498 -0.0808188
1 44.1912 2.09097 0.0546197 -0.0790856
1 0.0528 3.05364 -0.0661296 -0.0746802
1 1.1739 3.05086 -0.0658856 -0.0722973
1 2.28691 3.04464 -0.0620541 -0.0844118
1 3.39964 3.04313 -0.057049 -0.0902139
1 4.51207 3.04112 -0.0563195 -0.0817207
1 5.62455 3.03939 -0.0540103 -0.0909818
1 6.73812 3.03971 -0.0599296 -0.0991296
1 7.85232 3.04022 -0.0629813 -0.092697
1 8.96769 3.03944 -0.0700688 -0.0893005
1 10.0853 3.0392 -0.0841485 -0.0862321
1 11.2048 3.04042 -0.0938706 -0.0718114
1 12.3252 3.04139 -0.0946968 -0.0415128
1 13.4451 3.04074 -0.0925072 -0.0174738
1 14.5643 3.03894 -0.0797572 -0.00377004
1 15.6828 3.0351 -0.072182 -0.00455329
1 16.8014 3.03028 -0.073881 -0.00852627
1 17.9204 3.026 -0.0734665 -0.00688799
1 19.0398 3.02275 -0.0682848 -0.00831778
1 20.1599 3.02074 -0.0495735 -0.00923103
1 21.2799 3.01958 -0.022112 -0.0131345
1 22.3995 3.01946 0.00342282 -0.0146971
1 23.5192 3.0204 0.0318888 -0.00949226
1 24.6395 3.02182 0.0590244 -0.0115207
1 25.7596 3.02423 0.0717666 -0.00704072
1 26.8788 3.02771 0.0759836 -0.00372088
1 27.9974 3.03236 0.0777339 -0.0084787
1 29.1155 3.03732 0.073772 -0.0030916
1 30.2339 3.0408 0.0832825 -0.00675754
1 31.3539 3.04262 0.0985159 -0.027512
1 32.4749 3.04252 0.100379 -0.0600348
1 33.5951 3.04032 0.0902311 -0.0843275
1 34.7133 3.03891 0.0759739 -0.0896597
1 35.8298 3.03873 0.0663085 -0.0946094
1 36.9442 3.03858 0.0615518 -0.093196
1 38.0581 3.03961 0.0650674 -0.0875232
1 39.172 3.04129 0.0710414 -0.0866765
1 40.2853 3.04305 0.0696765 -0.0854802
1 41.3988 3.04496 0.070013 -0.0905498
1 42.5126 3.04847 0.0722024 -0.0780009
1 43.6284 3.05203 0.0747888 -0.0911902
1 0.616281 4.0149 -0.083184 -0.0908642
1 1.7321 4.01041 -0.0758295 -0.0848775
1 2.84486 4.00706 -0.0728453 -0.0923436
1 3.95781 4.00484 -0.0816312 -0.0890993
1 5.07063 4.00359 -0.0753956 -0.0915148
1 6.18334 4.0036 -0.070085 -0.097797
1 7.29669 4.00361 -0.0710926 -0.0926523
1 8.41108 4.00174 -0.0717001 -0.078028
1 9.52721 3.99956 -0.0792881 -0.0735046
1 10.6449 3.99879 -0.100472 -0.0732352
1 11.7654 3.99986 -0.112742 -0.0573484
1 12.8873 4.00065 -0.106796 -0.0329007
1 14.0081 3.99985 -0.0910022 -0.0183139
1 15.1271 3.99794 -0.0731069 -0.0114545
1 16.2448 3.99454 -0.0676454 -0.012978
1 17.3624 3.99092 -0.0674062 -0.0139764
1 18.4808 3.98785 -0.0653846 -0.00966465
1 19.6004 3.98552 -0.054944 -0.0103058
1 20.72 3.98418 -0.0328797 -0.0146596
1 21.8396 3.98385 -0.00614808 -0.0159078
1 22.9593 3.98418 0.0195452 -0.0127635
1 24.079 3.98498 0.0453743 -0.0129017
1 25.1991 3.98678 0.0608089 -0.0118976
1 26.3184 3.98925 0.0674681 -0.00989726
1 27.4365 3.99252 0.0672601 -0.0135855
1 28.5538 3.99638 0.0621457 -0.0138261
1 29.6712 3.99951 0.0761923 -0.0127042
1 30.7904 4.00137 0.103878 -0.0228628
1 31.9121 4.00182 0.114366 -0.0457345
1 33.0345 4.00025 0.111566 -0.0698876
1 34.1541 3.99912 0.091328 -0.0774103
1 35.2709 4.00004 0.0789252 -0.0790898
1 36.3864 4.00153 0.0779024 -0.0864703
1 37.5002 4.00268 0.0676434 -0.08968
1 38.6133 4.00373 0.062554 -0.0898431
1 39.726 4.00515 0.0635361 -0.0884441
1 40.8383 4.00698 0.0717955 -0.0950877
1 41.9519 4.00893 0.0718413 -0.0874907
1 43.0658 4.01371 0.0793801 -0.0924048
1 44.1853 4.01823 0.0596486 -0.106644
1 0.0608806 4.98197 -0.0643487 -0.105754
1 1.17998 4.97597 -0.081368 -0.0886585
1 2.29338 4.97165 -0.081791 -0.0855924
1 3.40659 4.96853 -0.0797927 -0.0843848
1 4.51855 4.96739 -0.0688992 -0.09779
1 5.62955 4.96749 -0.0623186 -0.0981975
1 6.74187 4.96745 -0.0758025 -0.0912793
1 7.85585 4.96547 -0.0849225 -0.0778552
1 8.97096 4.96175 -0.086515 -0.065764
1 10.0878 4.95827 -0.0997975 -0.0610653
1 11.2073 4.95776 -0.114876 -0.0621024
1 12.3288 4.95911 -0.121486 -0.049604
1 13.4502 4.95981 -0.112105 -0.0344074
1 14.5697 4.95969 -0.0783864 -0.0252406
1 15.6867 4.95805 -0.0604526 -0.0202922
1 16.8036 4.95558 -0.0604041 -0.0176615
1 17.9212 4.95316 -0.0612991 -0.0146926
1 19.0399 4.9505 -0.0595892 -0.015961
1 20.1597 4.94906 -0.0466196 -0.0157672
1 21.2796 4.9486 -0.0230339 -0.016209
1 22.3996 4.9483 0.00382007 -0.0162511
1 23.5197 4.94886 0.0268314 -0.014331
1 24.6395 4.94996 0.0521494 -0.0146823
1 25.7592 4.95197 0.0678105 -0.014859
1 26.8775 4.95443 0.0637028 -0.0160087
1 27.9943 4.95705 0.0642347 -0.0219032
1 29.1106 4.95935 0.070134 -0.0231499
1 30.2286 4.96039 0.0891766 -0.026423
1 31.3493 4.96056 0.116307 -0.0427555
1 32.4719 4.95937 0.126824 -0.0628232
1 33.5929 4.95823 0.110298 -0.0627163
1 34.7101 4.96026 0.0848238 -0.0613593
1 35.825 4.96315 0.0819362 -0.0789581
1 36.9393 4.96529 0.0882896 -0.0862056
1 38.0528 4.96672 0.0870879 -0.0913839
1 39.1659 4.9673 0.0878257 -0.0911298
1 40.2784 4.96866 0.0911003 -0.0873412
1 41.3913 4.97092 0.0864433 -0.084805
1 42.504 4.97502 0.09305 -0.0907905
1 43.6194 4.98111 0.0980536 -0.0904799
1 0.628175 5.94374 -0.0980978 -0.0882726
1 1.74224 5.93755 -0.0904033 -0.0789921
1 2.85468 5.93291 -0.0876034 -0.0820477
1 3.96592 5.93081 -0.0839691 -0.0961255
1 5.0769 5.93143 -0.0854712 -0.101415
1 6.18924 5.93142 -0.0912099 -0.0945814
1 7.3031 5.92916 -0.0973853 -0.0819745
1 8.4182 5.92522 -0.0953953 -0.0680874
1 9.53374 5.92035 -0.101141 -0.0532867
1 10.6504 5.91652 -0.112617 -0.0584763
1 11.7697 5.91706 -0.120395 -0.0647577
1 12.8912 5.91907 -0.12252 -0.0553826
1 14.0115 5.92028 -0.0986478 -0.042398
1 15.1293 5.92078 -0.0742595 -0.0355617
1 16.2452 5.9199 -0.066649 -0.03123
1 17.3614 5.91805 -0.06553 -0.0242377
1 18.4794 5.91608 -0.0696422 -0.0221962
1 19.5991 5.91438 -0.0588596 -0.0259979
1 20.7191 5.91343 -0.0351243 -0.0235754
1 21.8394 5.9129 -0.00671621 -0.0203484
1 22.9602 5.91322 0.0237395 -0.0231717
1 24.0804 5.91409 0.0472208 -0.02338
1 25.2001 5.91548 0.0639832 -0.0229363
1 26.3192 5.91738 0.0681849 -0.0246303
1 27.4368 5.91918 0.0651202 -0.0279921
1 28.5528 5.92065 0.0649778 -0.0330521
1 29.6691 5.92098 0.0823558 -0.0413567
1 30.7875 5.92035 0.114137 -0.0502442
1 31.908 5.91914 0.122891 -0.0599323
1 33.0292 5.91732 0.116514 -0.0631979
1 34.1478 5.91848 0.105516 -0.0525526
1 35.2638 5.92336 0.0943335 -0.0603188
1 36.3787 5.92729 0.0916678 -0.0791026
1 37.4922 5.92987 0.0836956 -0.0945961
1 38.6044 5.93031 0.0741203 -0.098062
1 39.7153 5.93111 0.0784989 -0.0939002
1 40.8262 5.93246 0.0954261 -0.0855182
1 41.9383 5.93634 0.103785 -0.0810358
1 43.0511 5.94179 0.107037 -0.0828974
1 44.1696 5.95186 0.0998803 -0.0876794
1 0.0774176 6.91331 -0.10266 -0.0729325
1 1.19586 6.90519 -0.108905 -0.0824359
1 2.30778 6.8995 -0.100183 -0.0794564
1 3.41854 6.89709 -0.0883507 -0.0966566
1 4.52754 6.89656 -0.0799624 -0.102185
1 5.63813 6.89614 -0.0864203 -0.0966981
1 6.75153 6.89413 -0.106383 -0.0835348
1 7.86674 6.88989 -0.112288 -0.071263
1 8.98231 6.88454 -0.106363 -0.0575799
1 10.0979 6.87915 -0.109516 -0.0533842
1 11.2142 6.87739 -0.113087 -0.0658151
1 12.3329 6.87898 -0.12443 -0.0651797
1 13.4526 6.88119 -0.125377 -0.057484
1 14.5709 6.8828 -0.0967144 -0.0494931
1 15.687 6.88365 -0.0760496 -0.042058
1 16.8029 6.8833 -0.0736748 -0.0318809
1 17.9203 6.882 -0.0806025 -0.0265158
1 19.0391 6.88053 -0.0766118 -0.0276781
1 20.1592 6.87971 -0.0549853 -0.0258502
1 21.2793 6.87886 -0.0314559 -0.0240237
1 22.3997 6.87848 0.00529985 -0.0255014
1 23.5202 6.87937 0.0403163 -0.0256463
1 24.6404 6.88036 0.0648528 -0.0245382
1 25.7603 6.88151 0.0813622 -0.0276082
1 26.8786 6.88295 0.0800301 -0.031256
1 27.9947 6.88371 0.0808217 -0.0369058
1 29.11 6.88365 0.0859339 -0.0456424
1 30.2271 6.88262 0.101227 -0.052738
1 31.3463 6.88088 0.119968 -0.0608314
1 32.466 6.87891 0.123283 -0.0690794
1 33.5836 6.87867 0.118482 -0.0608881
1 34.6989 6.88247 0.11177 -0.0527679
1 35.8145 6.88749 0.111142 -0.0654873
1 36.9301 6.89226 0.116872 -0.0772468
1 38.0446 6.8953 0.102987 -0.0965338
1 39.1562 6.89587 0.085114 -0.103826
1 40.266 6.89645 0.0905899 -0.0985585
1 41.3758 6.89887 0.0932395 -0.0843642
1 42.4871 6.90326 0.0991032 -0.079034
1 43.5999 6.91031 0.10467 -0.0800673
1 0.644969 7.87249 -0.0981517 -0.0750187
1 1.75786 7.86744 -0.0940845 -0.0850235
1 2.86809 7.86402 -0.0859788 -0.0958135
1 3.97729 7.86328 -0.0874869 -0.101129
1 5.08727 7.86174 -0.100826 -0.0962237
1 6.20078 7.85912 -0.123109 -0.0864239
1 7.31682 7.85445 -0.130524 -0.0740691
1 8.43326 7.84921 -0.118894 -0.0675055
1 9.54808 7.84417 -0.109453 -0.0605393
1 10.6618 7.84082 -0.110577 -0.0647439
1 11.7771 7.84088 -0.113007 -0.0719361
1 12.8948 7.84259 -0.121121 -0.0678823
1 14.0135 7.84435 -0.109383 -0.0592616
1 15.1306 7.8463 -0.0939843 -0.0554383
1 16.2456 7.84769 -0.0854549 -0.0502083
1 17.3616 7.84754 -0.0844999 -0.0417136
1 18.4799 7.84691 -0.0923637 -0.0369944
1 19.5997 7.84624 -0.0726346 -0.0332372
1 20.7197 7.84544 -0.0408882 -0.0314687
1 21.8397 7.84513 -0.0106636 -0.0332795
1 22.9597 7.84552 0.0304523 -0.0340496
1 24.0797 7.84598 0.0598573 -0.0328583
1 25.1998 7.84661 0.0803691 -0.0352592
1 26.3189 7.84748 0.0882845 -0.0387634
1 27.4364 7.84786 0.0839766 -0.0446044
1 28.5521 7.84721 0.0804489 -0.0526863
1 29.6681 7.8457 0.0968766 -0.0586708
1 30.7855 7.84411 0.125824 -0.0633798
1 31.903 7.84271 0.120238 -0.0682189
1 33.0197 7.84173 0.104626 -0.068563
1 34.1345 7.84308 0.105252 -0.0626237
1 35.2487 7.84715 0.107379 -0.0655021
1 36.3639 7.85224 0.119826 -0.069606
1 37.4799 7.85712 0.125069 -0.0806439
1 38.5946 7.86068 0.100731 -0.0926994
1 39.7053 7.86277 0.0785588 -0.101922
1 40.8134 7.86389 0.0801165 -0.100159
1 41.9229 7.86618 0.0900231 -0.0865622
1 43.0333 7.87141 0.0961991 -0.0836631
1 44.1512 7.87673 0.0838637 -0.0678556
1 0.0913975 8.83788 -0.0720725 -0.0768785
1 1.20897 8.83423 -0.0779513 -0.0833448
1 2.31938 8.83163 -0.0809611 -0.0898505
1 3.42864 8.82987 -0.0816555 -0.0914698
1 4.53841 8.82743 -0.0889071 -0.0780054
1 5.65117 8.82314 -0.109195 -0.0719363
1 6.76695 8.8183 -0.123603 -0.0714153
1 7.88265 8.81357 -0.111921 -0.0695612
1 8.99724 8.80905 -0.0926938 -0.0674957
1 10.1103 8.80584 -0.0918392 -0.0658296
1 11.2239 8.80485 -0.0928464 -0.0652785
1 12.3387 8.80557 -0.106464 -0.0621528
1 13.4549 8.80656 -0.119522 -0.0621721
1 14.5718 8.80775 -0.0946513 -0.0589904
1 15.6873 8.80988 -0.0771688 -0.0529249
1 16.803 8.81175 -0.0808065 -0.0464855
1 17.9208 8.81227 -0.092641 -0.0420388
1 19.0401 8.81216 -0.086695 -0.035717
1 20.16 8.81214 -0.0597066 -0.0314377
1 21.2798 8.81193 -0.0351919 -0.0316257
1 22.3997 8.81192 0.00433958 -0.0305846
1 23.5193 8.81217 0.0416583 -0.0315426
1 24.6395 8.81232 0.0711445 -0.0355972
1 25.7597 8.81231 0.0943603 -0.0383829
1 26.8783 8.81221 0.0906905 -0.0438608
1 27.9948 8.81115 0.0878463 -0.0513713
1 29.1097 8.80895 0.0928398 -0.0566794
1 30.2258 8.80742 0.103397 -0.057168
1 31.3429 8.80682 0.105322 -0.0591775
1 32.459 8.80616 0.0942485 -0.0644193
1 33.5727 8.80648 0.092761 -0.0645699
1 34.685 8.80847 0.0934723 -0.0678682
1 35.7985 8.81167 0.10014 -0.0710988
1 36.914 8.81621 0.12527 -0.0697111
1 38.0303 8.82112 0.126811 -0.0712436
1 39.1452 8.82578 0.103115 -0.0748716
1 40.2563 8.82918 0.0860363 -0.0854966
1 41.3652 8.83128 0.0767578 -0.0944405
1 42.4749 8.83407 0.0775493 -0.0842821
1 43.5878 8.83677 0.0781691 -0.0747429
1 0.652877 9.79987 -0.0699362 -0.085018
1 1.76527 9.79864 -0.0658583 -0.0881789
1 2.87608 9.7973 -0.0746819 -0.0835547
1 3.98672 9.79338 -0.0883303 -0.0713022
1 5.09894 9.78798 -0.0985418 -0.0649292
1 6.21407 9.78254 -0.106718 -0.0729371
1 7.32964 9.77813 -0.101824 -0.08069
1 8.44422 9.77451 -0.0818316 -0.0837715
1 9.55685 9.77211 -0.0714017 -0.0794736
1 10.6686 9.77074 -0.0750573 -0.0742991
1 11.7817 9.77079 -0.0760992 -0.0686067
1 12.8967 9.77093 -0.0913174 -0.0590089
1 14.013 9.7708 -0.093684 -0.057534
1 15.1286 9.77172 -0.0868052 -0.0583654
1 16.2433 9.77378 -0.083995 -0.051236
1 17.3601 9.77581 -0.0848005 -0.0452832
1 18.4794 9.77722 -0.0927213 -0.0424213
1 19.5996 9.77779 -0.074659 -0.0332184
1 20.7198 9.778 -0.0437889 -0.0285882
1 21.84 9.77832 -0.00912618 -0.0311749
1 22.9598 9.77843 0.0319893 -0.0278863
1 24.0799 9.77811 0.0591276 -0.030198
1 25.2006 9.77768 0.0866798 -0.0386882
1 26.3201 9.77675 0.0917441 -0.0426537
1 27.4384 9.77512 0.0786356 -0.0488505
1 28.5543 9.77288 0.0720706 -0.0559107
1 29.6693 9.77117 0.083419 -0.0584246
1 30.7852 9.77135 0.10086 -0.0560032
1 31.8999 9.772 0.0859266 -0.0604663
1 33.0137 9.772 0.072946 -0.0694359
1 34.1267 9.77231 0.074149 -0.0770357
1 35.2392 9.774 0.0724119 -0.0831778
1 36.3527 9.77681 0.0893685 -0.083394
1 37.4674 9.78051 0.0980782 -0.0773459
1 38.5823 9.78544 0.0911965 -0.0650529
1 39.6959 9.79151 0.0850297 -0.0666138
1 40.8067 9.79618 0.0768125 -0.0782572
1 41.9175 9.79861 0.0676011 -0.0836131
1 43.0289 9.79986 0.0614006 -0.0877709
1 44.1469 9.80028 0.0525638 -0.0792395
1 0.0919571 10.7632 -0.0479758 -0.0816918
1 1.21038 10.7652 -0.0657434 -0.0936855
1 2.32245 10.764 -0.0736039 -0.0866862
1 3.43491 10.7608 -0.074587 -0.0773999
1 4.54642 10.7552 -0.0737007 -0.0770564
1 5.65911 10.7489 -0.0753133 -0.0855961
1 6.77287 10.7444 -0.079022 -0.0984221
1 7.8868 10.7415 -0.0725287 -0.108857
1 9.00005 10.7395 -0.0601663 -0.106853
1 10.1124 10.7381 -0.0639248 -0.102372
1 11.2253 10.7383 -0.0630197 -0.0930118
1 12.3388 10.7385 -0.0745218 -0.077053
1 13.4529 10.7371 -0.0886584 -0.068245
1 14.5679 10.7362 -0.0700633 -0.0695962
1 15.6827 10.7368 -0.0629916 -0.0724269
1 16.7984 10.7389 -0.0761438 -0.0699502
1 17.9169 10.7415 -0.0920874 -0.0647599
1 19.0376 10.7431 -0.0880071 -0.0586299
1 20.1588 10.7441 -0.0655346 -0.0533246
1 21.2792 10.7451 -0.0368572 -0.0504712
1 22.3997 10.7453 0.00828234 -0.0480674
1 23.5203 10.7448 0.0420895 -0.0495781
1 24.6414 10.7441 0.0761638 -0.0563452
1 25.7629 10.7427 0.0986374 -0.0604434
1 26.883 10.7404 0.0828998 -0.0678885
1 27.9998 10.738 0.077792 -0.072363
1 29.1139 10.7363 0.0799051 -0.0717549
1 30.2288 10.7369 0.0804295 -0.0694747
1 31.3441 10.7386 0.0763325 -0.0701164
1 32.4586 10.7394 0.0637125 -0.0830237
1 33.5718 10.7391 0.0619616 -0.0962297
1 34.6834 10.7397 0.0578339 -0.104892
1 35.7956 10.741 0.0626726 -0.109686
1 36.9095 10.7433 0.0819209 -0.103294
1 38.0238 10.7469 0.0824814 -0.0916367
1 39.1377 10.7522 0.0792124 -0.0793202
1 40.2501 10.7586 0.0744446 -0.0745722
1 41.3621 10.7631 0.0686816 -0.083523
1 42.4747 10.7649 0.060673 -0.0905241
1 43.5879 10.7644 0.0522784 -0.0872165
1 0.649865 11.7289 -0.044925 -0.0832781
1 1.76436 11.7302 -0.0565249 -0.0843036
1 2.87742 11.7279 -0.0674264 -0.0841685
1 3.98965 11.7232 -0.066771 -0.0787594
1 5.10159 11.7173 -0.0653098 -0.0864567
1 6.2145 11.7127 -0.070113 -0.0984455
1 7.32801 11.709 -0.0713512 -0.107428
1 8.44154 11.7072 -0.0563867 -0.114922
1 9.55406 11.7062 -0.053132 -0.109301
1 10.6659 11.7059 -0.0579128 -0.104014
1 11.7793 11.7067 -0.0572164 -0.0909774
1 12.8942 11.7062 -0.0658334 -0.0705942
1 14.0089 11.7039 -0.0715109 -0.0634307
1 15.1227 11.7024 -0.0685325 -0.0684521
1 16.2365 11.703 -0.0669109 -0.0736905
1 17.3534 11.7055 -0.0811614 -0.0715286
1 18.4741 11.7083 -0.0988349 -0.0695925
1 19.5964 11.7102 -0.0798294 -0.065476
1 20.7185 11.7117 -0.0502629 -0.0588251
1 21.8398 11.7126 -0.0104519 -0.0575015
1 22.961 11.7125 0.0351235 -0.058374
1 24.0826 11.7114 0.0626078 -0.0606282
1 25.2046 11.7096 0.0925551 -0.0661107
1 26.3259 11.7071 0.0938874 -0.0714681
1 27.4449 11.7045 0.0725351 -0.0739681
1 28.56 11.7026 0.0560433 -0.0702603
1 29.6741 11.7033 0.0588037 -0.0675015
1 30.7887 11.7055 0.0783837 -0.0661002
1 31.9027 11.7073 0.0715838 -0.0763395
1 33.0168 11.7071 0.0591489 -0.0973702
1 34.13 11.7065 0.0544938 -0.105887
1 35.2424 11.7074 0.0496028 -0.109587
1 36.3556 11.7086 0.061147 -0.112555
1 37.4687 11.7111 0.0627293 -0.104662
1 38.5811 11.715 0.052139 -0.094623
1 39.6928 11.7204 0.0555451 -0.0781233
1 40.8041 11.7259 0.0686147 -0.0793012
1 41.9172 11.7291 0.0738266 -0.0814153
1 43.0304 11.73 0.0648275 -0.0820542
1 44.1494 11.727 0.0495656 -0.0838819
1 0.0895785 12.6925 -0.0481426 -0.0822533
1 1.20763 12.6947 -0.0594603 -0.06863
1 2.32152 12.6941 -0.064176 -0.0658908
1 3.4347 12.691 -0.0625845 -0.0693383
1 4.54565 12.6861 -0.0502975 -0.0695018
1 5.65651 12.6812 -0.0431991 -0.080235
1 6.76865 12.6774 -0.0481803 -0.0852054
1 7.88112 12.6748 -0.0502672 -0.0968739
1 8.99412 12.6735 -0.0420918 -0.0933475
1 10.1067 12.6726 -0.0471059 -0.0861864
1 11.2201 12.6733 -0.0547085 -0.0769677
1 12.3345 12.6739 -0.0647589 -0.0582008
1 13.4492 12.6725 -0.0675812 -0.0394062
1 14.5637 12.6699 -0.0506203 -0.0327496
1 15.6769 12.668 -0.0469108 -0.0383933
1 16.7914 12.6688 -0.0649233 -0.0452167
1 17.9104 12.6714 -0.0932288 -0.0442376
1 19.0324 12.6741 -0.0943017 -0.0430891
1 20.1555 12.6762 -0.0673884 -0.0399312
1 21.2779 12.678 -0.0372413 -0.0342638
1 22.4002 12.6783 0.00987873 -0.0337699
1 23.523 12.6772 0.0491079 -0.0371314
1 24.6458 12.6755 0.0848337 -0.0410774
1 25.7687 12.6731 0.0979572 -0.0433155
1 26.89 12.6702 0.0728376 -0.0430343
1 28.0064 12.6684 0.0599874 -0.0407172
1 29.1193 12.6691 0.0559195 -0.0363655
1 30.2326 12.6719 0.0597988 -0.0366894
1 31.3471 12.674 0.0658567 -0.0477936
1 32.4628 12.6744 0.0565315 -0.0696249
1 33.5772 12.6734 0.0509225 -0.0830794
1 34.6891 12.6734 0.0474123 -0.0882323
1 35.8018 12.6742 0.0533207 -0.0946786
1 36.9153 12.6763 0.0643613 -0.0879895
1 38.0286 12.68 0.0581908 -0.077977
1 39.141 12.684 0.0486325 -0.0742607
1 40.2516 12.6891 0.0551165 -0.069882
1 41.3634 12.6929 0.0560077 -0.069488
1 42.4773 12.6946 0.0497913 -0.0663121
1 43.5928 12.6933 0.0482125 -0.0730869
1 0.644781 13.6593 -0.0512601 -0.065573
1 1.7596 13.6588 -0.0466526 -0.0593998
1 2.87375 13.6572 -0.043944 -0.0602434
1 3.98601 13.6538 -0.0442008 -0.064309
1 5.09638 13.6493 -0.0418314 -0.0667821
1 6.20795 13.6449 -0.0515248 -0.071816
1 7.32085 13.6412 -0.0572942 -0.0753211
1 8.43446 13.6388 -0.0500128 -0.083765
1 9.54738 13.6376 -0.0441371 -0.0824869
1 10.6595 13.6372 -0.0461654 -0.0722586
1 11.774 13.6379 -0.0520874 -0.058105
1 12.8902 13.638 -0.0593594 -0.0409223
1 14.0056 13.6361 -0.0556108 -0.0249942
1 15.1191 13.633 -0.0499908 -0.0207628
1 16.2313 13.6314 -0.0499493 -0.028103
1 17.3475 13.632 -0.0690338 -0.0340757
1 18.4687 13.6346 -0.0951363 -0.0373217
1 19.5918 13.6375 -0.0817507 -0.0413597
1 20.7155 13.6394 -0.0532612 -0.0371919
1 21.8391 13.6402 -0.0130667 -0.0308377
1 22.9627 13.6401 0.0391803 -0.0349803
1 24.0862 13.6387 0.0693512 -0.0383152
1 25.2098 13.636 0.0890226 -0.0380092
1 26.3325 13.6334 0.0869318 -0.0359552
1 27.4509 13.6317 0.0610733 -0.0304869
1 28.5643 13.6324 0.03626 -0.0227282
1 29.6775 13.6353 0.0410828 -0.0202813
1 30.792 13.6379 0.0667772 -0.0315755
1 31.9073 13.6388 0.0637202 -0.0516661
1 33.0232 13.638 0.0529779 -0.0679479
1 34.1369 13.6375 0.0475983 -0.0772506
1 35.2495 13.6384 0.0390576 -0.0822991
1 36.3626 13.6402 0.0422689 -0.0778316
1 37.4749 13.6432 0.0438822 -0.0710655
1 38.5868 13.6473 0.0381445 -0.0701446
1 39.6972 13.6519 0.0420507 -0.0650287
1 40.8082 13.6557 0.0482103 -0.0623708
1 41.9213 13.6581 0.0522806 -0.0586208
1 43.0345 13.6591 0.0545281 -0.0640278
1 44.1511 13.6588 0.0417042 -0.071074
1 0.0870989 14.6262 -0.0291919 -0.0532779
1 1.20329 14.6247 -0.0518875 -0.0612303
1 2.31535 14.6223 -0.0488533 -0.0630068
1 3.428 14.6196 -0.0382019 -0.060996
1 4.53914 14.6166 -0.0318927 -0.0674921
1 5.64992 14.6123 -0.036251 -0.0710621
1 6.76187 14.6081 -0.0434972 -0.0790279
1 7.87411 14.6044 -0.0433951 -0.0813492
1 8.98723 14.6023 -0.0377192 -0.0869626
1 10.1003 14.6013 -0.0445771 -0.088196
1 11.2141 14.6013 -0.051915 -0.0801461
1 12.3297 14.6018 -0.0627622 -0.0644015
1 13.4459 14.6014 -0.0634959 -0.0510286
1 14.5616 14.5997 -0.0397733 -0.0450875
1 15.6746 14.597 -0.0350241 -0.0437737
1 16.7879 14.5956 -0.0535358 -0.0521389
1 17.9059 14.5962 -0.0786295 -0.0627026
1 19.028 14.5988 -0.0867 -0.067963
1 20.1522 14.6015 -0.067828 -0.0706507
1 21.2766 14.6029 -0.0390432 -0.0723737
1 22.4006 14.603 0.0115403 -0.070721
1 23.5253 14.6022 0.0524246 -0.0693796
1 24.65 14.6002 0.0800579 -0.0702636
1 25.7735 14.5976 0.087241 -0.0661973
1 26.894 14.5957 0.0635473 -0.0551628
1 28.0094 14.5962 0.0440697 -0.0469006
1 29.1216 14.5988 0.0451279 -0.0424832
1 30.2352 14.6013 0.0594004 -0.0453944
1 31.3517 14.6024 0.0610981 -0.0580465
1 32.469 14.602 0.0501687 -0.0754838
1 33.5836 14.6016 0.0481937 -0.0851332
1 34.6957 14.6019 0.0389177 -0.0877443
1 35.8087 14.6032 0.0440282 -0.0837395
1 36.9221 14.6064 0.0574198 -0.0777952
1 38.0349 14.6105 0.0500379 -0.0746383
1 39.1469 14.6149 0.0359307 -0.0679638
1 40.2577 14.6182 0.0394447 -0.0630094
1 41.3698 14.6214 0.0428911 -0.0610803
1 42.4828 14.6236 0.0489133 -0.0628933
1 43.5963 14.6256 0.0502031 -0.0583567
1 0.642225 15.592 -0.0381107 -0.0435398
1 1.75546 15.5895 -0.0412462 -0.0576535
1 2.86745 15.5866 -0.0420842 -0.0633652
1 3.97891 15.5831 -0.0381034 -0.063824
1 5.09012 15.5801 -0.036556 -0.0653259
1 6.20248 15.5764 -0.0470369 -0.0751829
1 7.3157 15.5728 -0.0554654 -0.0831959
1 8.42875 15.5692 -0.0442967 -0.0900218
1 9.54137 15.5675 -0.0398908 -0.0964332
1 10.6539 15.5672 -0.0442357 -0.0978582
1 11.7688 15.5675 -0.0522758 -0.0909308
1 12.886 15.5677 -0.0643807 -0.0787589
1 14.0032 15.5676 -0.0573914 -0.0702044
1 15.1182 15.5667 -0.0456425 -0.0693081
1 16.2308 15.5648 -0.0457675 -0.0716002
1 17.3461 15.5636 -0.0613915 -0.079428
1 18.4662 15.5647 -0.086356 -0.0891012
1 19.5893 15.567 -0.0782665 -0.0969045
1 20.714 15.5689 -0.0488829 -0.101312
1 21.839 15.5698 -0.0103054 -0.104052
1 22.9636 15.5696 0.0377192 -0.105215
1 24.0883 15.5681 0.0666202 -0.100268
1 25.2128 15.5657 0.0817767 -0.0911919
1 26.3349 15.564 0.0755529 -0.0840328
1 27.452 15.5641 0.050181 -0.0762947
1 28.565 15.5661 0.0344689 -0.0692438
1 29.6787 15.5677 0.0424464 -0.0678617
1 30.7952 15.5682 0.0651876 -0.0749284
1 31.9123 15.5682 0.0650484 -0.0861353
1 33.0283 15.5678 0.0554794 -0.0930929
1 34.1425 15.5675 0.0451537 -0.0969164
1 35.2555 15.5684 0.0378582 -0.0964932
1 36.3682 15.571 0.0471841 -0.0863144
1 37.4808 15.5747 0.0457392 -0.0802356
1 38.5933 15.5784 0.0288168 -0.0687672
1 39.7045 15.5818 0.0309907 -0.0659883
1 40.815 15.5848 0.040749 -0.0632036
1 41.9266 15.588 0.0516046 -0.0621724
1 43.0381 15.5909 0.0476131 -0.0510936
1 44.1549 15.5922 0.0210233 -0.0395563
1 0.0818089 16.557 -0.0115792 -0.0263977
1 1.20026 16.5565 -0.0360265 -0.040151
1 2.31224 16.5539 -0.045168 -0.0561034
1 3.42389 16.5508 -0.0438575 -0.068654
1 4.53367 16.5474 -0.0353851 -0.073934
1 5.64439 16.5441 -0.0340138 -0.0760082
1 6.75716 16.5409 -0.0448846 -0.0812571
1 7.87047 16.538 -0.0445019 -0.092616
1 8.98322 16.5356 -0.0397871 -0.101539
1 10.096 16.5343 -0.0490303 -0.105056
1 11.21 16.5344 -0.0528362 -0.104718
1 12.3259 16.5348 -0.0649023 -0.0958701
1 13.4431 16.5351 -0.0715473 -0.0894967
1 14.5604 16.5357 -0.0469765 -0.0860601
1 15.6753 16.5357 -0.0382026 -0.082878
1 16.7891 16.5344 -0.0527327 -0.0873062
1 17.906 16.5338 -0.0716468 -0.0952251
1 19.0273 16.5347 -0.0788457 -0.100698
1 20.1515 16.5367 -0.0653721 -0.108708
1 21.2761 16.538 -0.0376902 -0.119428
1 22.4007 16.5383 0.0126993 -0.120864
1 23.5259 16.5374 0.0497047 -0.113761
1 24.651 16.5357 0.0731989 -0.105209
1 25.7738 16.5342 0.0823286 -0.0968196
1 26.8933 16.534 0.062361 -0.0892001
1 28.0087 16.5353 0.0461195 -0.0840013
1 29.122 16.536 0.0484265 -0.0850232
1 30.2374 16.5357 0.0622319 -0.0877337
1 31.3551 16.5356 0.0660546 -0.091414
1 32.4726 16.5351 0.0535567 -0.0991839
1 33.5878 16.5345 0.0481411 -0.10695
1 34.7002 16.535 0.0399635 -0.104754
1 35.8125 16.5369 0.0455324 -0.0980128
1 36.9259 16.5396 0.0584036 -0.0864928
1 38.0401 16.5426 0.0486229 -0.0790241
1 39.1528 16.5458 0.0416445 -0.0743634
1 40.2631 16.5493 0.0436305 -0.0699353
1 41.3737 16.5529 0.0411845 -0.0652083
1 42.4856 16.5555 0.0350231 -0.0500745
1 43.5993 16.557 0.0263161 -0.0317536
1 0.638363 17.5205 -0.0145632 -0.0218424
1 1.75343 17.5196 -0.0238043 -0.0349982
1 2.86621 17.5177 -0.0328748 -0.0515812
1 3.97711 17.515 -0.0414842 -0.0602
1 5.08692 17.5115 -0.0447364 -0.068438
1 6.19866 17.5083 -0.0547157 -0.0700434
1 7.31244 17.5053 -0.0585166 -0.0756424
1 8.42657 17.5035 -0.0445184 -0.0849856
1 9.53937 17.502 -0.0451246 -0.0913877
1 10.6517 17.5014 -0.0524065 -0.0966683
1 11.7665 17.5016 -0.0537785 -0.0901685
1 12.8841 17.5019 -0.0639834 -0.0803491
1 14.0019 17.5028 -0.0639562 -0.0756721
1 15.1181 17.504 -0.0534 -0.0748734
1 16.2322 17.5045 -0.0500698 -0.0726378
1 17.3477 17.5043 -0.0640271 -0.0750514
1 18.4667 17.504 -0.0847085 -0.0795599
1 19.5888 17.5044 -0.0741301 -0.086349
1 20.7137 17.5057 -0.0480818 -0.0967192
1 21.8392 17.5067 -0.0141292 -0.106142
1 22.9642 17.5064 0.0332565 -0.105278
1 24.0889 17.505 0.065547 -0.0924272
1 25.2125 17.5041 0.0823515 -0.0808536
1 26.3333 17.5042 0.0748266 -0.0776529
1 27.4502 17.5045 0.0560785 -0.0733268
1 28.5645 17.5045 0.0456227 -0.0721263
1 29.6797 17.5037 0.0481064 -0.0771208
1 30.7972 17.5027 0.06756 -0.078213
1 31.9146 17.5021 0.0684026 -0.0826735
1 33.0308 17.5018 0.0576314 -0.0934169
1 34.1448 17.5019 0.0467415 -0.0947692
1 35.2575 17.5031 0.0372706 -0.0868989
1 36.3706 17.5048 0.0414035 -0.0795058
1 37.484 17.507 0.0458372 -0.0757973
1 38.5964 17.51 0.043048 -0.0735582
1 39.7066 17.5133 0.0417644 -0.0656318
1 40.8164 17.5166 0.0407942 -0.0565002
1 41.9286 17.5192 0.0395871 -0.0419632
1 43.0417 17.5204 0.0306856 -0.0299815
1 44.1611 17.5197 0.00814568 -0.0184585
1 0.0768449 18.4822 -0.00749883 -0.014775
1 1.19726 18.4822 -0.0244791 -0.0161659
1 2.31146 18.482 -0.032454 -0.0249598
1 3.42432 18.4808 -0.0358067 -0.0366958
1 4.53474 18.4785 -0.0385923 -0.0483051
1 5.64495 18.4757 -0.0463883 -0.0600993
1 6.75685 18.4727 -0.0543971 -0.0640018
1 7.86939 18.4702 -0.047766 -0.0679852
1 8.98257 18.4688 -0.0341041 -0.0754677
1 10.0956 18.4682 -0.0479027 -0.0772009
1 11.2096 18.468 -0.0610499 -0.0792376
1 12.3253 18.4682 -0.0681053 -0.0723817
1 13.4423 18.4685 -0.0682142 -0.0615758
1 14.56 18.4696 -0.0489957 -0.0564173
1 15.6757 18.4716 -0.0469124 -0.0575117
1 16.79 18.4732 -0.0612065 -0.0573558
1 17.9069 18.4735 -0.080112 -0.0557651
1 19.0273 18.4727 -0.0845295 -0.0604008
1 20.1505 18.4725 -0.0653345 -0.0743932
1 21.2753 18.4733 -0.033152 -0.0855666
1 22.4014 18.4737 0.0132693 -0.0866594
1 23.5273 18.473 0.0464077 -0.0778889
1 24.6515 18.4726 0.0720315 -0.0672671
1 25.7732 18.4731 0.0887164 -0.0576131
1 26.8923 18.4735 0.0718586 -0.056647
1 28.0079 18.4724 0.0553771 -0.058726
1 29.1219 18.4707 0.0529512 -0.0567686
1 30.2383 18.4693 0.063832 -0.0556165
1 31.3558 18.4687 0.0674434 -0.0657654
1 32.4726 18.4682 0.0578942 -0.0776896
1 33.5877 18.4683 0.052415 -0.0781454
1 34.7004 18.469 0.0423172 -0.0732158
1 35.8136 18.4698 0.049275 -0.0728881
1 36.9277 18.4716 0.0662452 -0.067664
1 38.0409 18.4745 0.061243 -0.0640517
1 39.1526 18.4773 0.0452197 -0.0545056
1 40.2626 18.48 0.0324557 -0.0438101
1 41.3745 18.4818 0.0232703 -0.0324643
1 42.4886 18.4826 0.0212251 -0.0216355
1 43.6043 18.4826 0.0110245 -0.0127818
1 0.635882 19.443 -0.0158011 -0.00752407
1 1.75163 19.4437 -0.0238472 -0.012507
1 2.86607 19.4438 -0.0210031 -0.0209843
1 3.97845 19.4429 -0.0254572 -0.0319641
1 5.08928 19.4415 -0.0375119 -0.0436093
1 6.20124 19.4392 -0.0578227 -0.0551926
1 7.31403 19.4365 -0.0704014 -0.0602277
1 8.42725 19.4341 -0.0563901 -0.0658345
1 9.53993 19.433 -0.0437824 -0.0658676
1 10.6528 19.4324 -0.0499058 -0.064955
1 11.7678 19.4326 -0.0570646 -0.0635192
1 12.8849 19.4329 -0.0713598 -0.0537578
1 14.0021 19.4331 -0.0679702 -0.0415117
1 15.1176 19.4349 -0.0550279 -0.0386364
1 16.2313 19.4379 -0.0601642 -0.04054
1 17.3474 19.44 -0.0822519 -0.0417694
1 18.4667 19.4399 -0.0932645 -0.0454502
1 19.5884 19.4385 -0.0678851 -0.0534314
1 20.7126 19.4377 -0.0403167 -0.0626743
1 21.8387 19.4375 -0.0121716 -0.0682771
1 22.965 19.4376 0.0278139 -0.0667817
1 24.09 19.4381 0.0569112 -0.0577945
1 25.213 19.4394 0.0822705 -0.0477114
1 26.3335 19.4403 0.0900032 -0.044214
1 27.4508 19.4392 0.0729262 -0.0427464
1 28.5652 19.4364 0.0496108 -0.0389439
1 29.68 19.4341 0.048458 -0.0381441
1 30.7966 19.4333 0.0724994 -0.0458585
1 31.9133 19.4329 0.0724345 -0.0600914
1 33.0294 19.4326 0.0591941 -0.0641675
1 34.1437 19.433 0.0491383 -0.0625709
1 35.2568 19.4337 0.0419185 -0.0672659
1 36.3695 19.4353 0.0525961 -0.0641923
1 37.4819 19.438 0.055893 -0.056504
1 38.5939 19.4406 0.0424623 -0.0478632
1 39.7048 19.4425 0.029068 -0.0393074
1 40.8163 19.4435 0.0254898 -0.0256948
1 41.9303 19.4441 0.0294591 -0.0161241
1 43.0452 19.4437 0.0214843 -0.00712881
1 44.166 19.4437 0.0028638 -0.0077958
1 0.0734131 20.4025 -0.00352665 0.00095056
1 1.19436 20.4038 -0.0267353 -0.002301
1 2.30929 20.4043 -0.0295493 -0.00708578
1 3.42354 20.4044 -0.02147 -0.0112593
1 4.5354 20.4044 -0.0212435 -0.0175923
1 5.64746 20.4036 -0.0333807 -0.0246243
1 6.76042 20.4019 -0.0511253 -0.0336926
1 7.87295 20.3991 -0.0586579 -0.0420391
1 8.98519 20.3971 -0.0516903 -0.0529049
1 10.0977 20.3961 -0.0573848 -0.0488828
1 11.2113 20.3953 -0.0632497 -0.0416092
1 12.3271 20.3954 -0.0755877 -0.0341612
1 13.444 20.396 -0.0769416 -0.0242416
1 14.5601 20.3974 -0.0545518 -0.0132199
1 15.6737 20.3999 -0.0542034 -0.0101132
1 16.7876 20.4029 -0.0736112 -0.0158486
1 17.9058 20.4045 -0.0915852 -0.0254899
1 19.0273 20.4037 -0.082933 -0.0329417
1 20.1509 20.4016 -0.0512674 -0.0371755
1 21.2756 20.4 -0.0222896 -0.0352408
1 22.4013 20.3997 0.00879877 -0.0345108
1 23.5267 20.4007 0.0330713 -0.0352888
1 24.651 20.4027 0.0642007 -0.0366236
1 25.7737 20.4045 0.0951214 -0.0296489
1 26.8943 20.4041 0.0842975 -0.0206344
1 28.0107 20.4014 0.0645792 -0.0133296
1 29.1234 20.3987 0.0621304 -0.0109239
1 30.2374 20.3969 0.073937 -0.0165227
1 31.3541 20.3961 0.0739807 -0.029751
1 32.4712 20.3954 0.0582644 -0.0376153
1 33.586 20.3957 0.05666 -0.0431224
1 34.6981 20.3967 0.0493251 -0.0505989
1 35.8101 20.3982 0.0558813 -0.0496816
1 36.9231 20.4008 0.0681892 -0.0367146
1 38.0367 20.403 0.0507168 -0.0290206
1 39.1499 20.4041 0.030936 -0.019734
1 40.2619 20.4044 0.0200551 -0.0138682
1 41.375 20.4046 0.0221386 -0.00793146
1 42.4899 20.4041 0.0267107 -0.00282315
1 43.6058 20.404 0.0209967 0.00066683
1 0.63326 21.3633 -0.0243279 0.00326924
1 1.74908 21.3643 -0.0243659 4.03008e-05
1 2.86386 21.3647 -0.0192347 -0.0041327
1 3.97758 21.3651 -0.0175181 -0.00703381
1 5.0903 21.3652 -0.0262301 -0.0104531
1 6.20435 21.3646 -0.0431548 -0.0146082
1 7.31926 21.3629 -0.0566299 -0.0232547
1 8.43263 21.3611 -0.0513243 -0.035243
1 9.5443 21.3595 -0.0567318 -0.0410238
1 10.656 21.3581 -0.0673532 -0.0398654
1 11.7696 21.3572 -0.0665836 -0.0279561
1 12.8857 21.3574 -0.0808893 -0.013232
1 14.0021 21.3589 -0.080991 -0.00292441
1 15.1159 21.3614 -0.0671398 0.00221705
1 16.2279 21.3638 -0.0622689 -0.00144071
1 17.3444 21.3656 -0.0790367 -0.0121329
1 18.4664 21.366 -0.0900864 -0.025093
1 19.5903 21.3646 -0.0663506 -0.0306381
1 20.7146 21.3624 -0.0403079 -0.020626
1 21.8392 21.361 -0.0130161 -0.0107274
1 22.9634 21.3616 0.0255704 -0.0146197
1 24.0876 21.3636 0.0545758 -0.0279732
1 25.2119 21.3656 0.0791743 -0.0300403
1 26.3352 21.3661 0.0868788 -0.0194888
1 27.4544 21.365 0.0734212 -0.00595225
1 28.568 21.3628 0.0605398 0.00247465
1 29.6807 21.3602 0.0635361 0.000743731
1 30.7961 21.3583 0.084925 -0.00756767
1 31.9124 21.3574 0.0819691 -0.0186867
1 33.0271 21.3578 0.0717027 -0.0336856
1 34.1398 21.3587 0.0652692 -0.0424975
1 35.252 21.3603 0.0485546 -0.039189
1 36.3643 21.3623 0.0476953 -0.0279546
1 37.4778 21.3641 0.0425445 -0.0157311
1 38.592 21.3651 0.0238517 -0.0141021
1 39.7048 21.3652 0.0141985 -0.00881896
1 40.817 21.365 0.0187037 -0.00559849
1 41.9314 21.3645 0.0299532 -0.0022375
1 43.0461 21.364 0.0267516 0.00191982
1 44.167 21.3638 0.00657798 0.00827066
1 0.0713512 22.3231 -0.00830783 0.00789637
1 1.19203 22.324 -0.0287667 -0.000292266
1 2.30689 22.3243 -0.0293756 -0.00117118
1 3.42165 22.3246 -0.0202659 -0.00579559
1 4.53485 22.3249 -0.0154394 -0.00482784
1 5.64834 22.3251 -0.0243892 -0.00830939
1 6.76344 22.3245 -0.035378 -0.0101374
1 7.87789 22.3235 -0.0387585 -0.0172158
1 8.99093 22.3221 -0.042673 -0.0245375
1 10.1029 22.3209 -0.0675924 -0.032713
1 11.2148 22.32 -0.0865983 -0.0266156
1 12.3282 22.319 -0.10001 -0.0107173
1 13.4427 22.3196 -0.0943333 7.874e-05
1 14.5574 22.3219 -0.0640243 0.00659877
1 15.6705 22.324 -0.0552095 0.00629661
1 16.785 22.3253 -0.0633307 -0.00391919
1 17.9048 22.3257 -0.0761952 -0.0169851
1 19.0287 22.3253 -0.0807081 -0.0209605
1 20.1535 22.3241 -0.0673247 -0.0155822
1 21.2773 22.3227 -0.0379964 -0.00523012
1 22.4002 22.3223 0.0134568 -0.00155133
1 23.5241 22.3233 0.0503237 -0.00977986
1 24.6489 22.3248 0.0728966 -0.02106
1 25.7737 22.3257 0.0852377 -0.0225599
1 26.8962 22.3259 0.0690805 -0.011826
1 28.0134 22.325 0.0570208 0.00241331
1 29.1262 22.3232 0.0653594 0.00832423
1 30.2394 22.3208 0.0881435 0.00492888
1 31.3541 22.3192 0.0991378 -0.003979
1 32.4687 22.3195 0.0868895 -0.0180356
1 33.5816 22.3205 0.0752163 -0.0314334
1 34.6928 22.3216 0.0506198 -0.0291626
1 35.805 22.3231 0.0452753 -0.0203347
1 36.9193 22.324 0.0518212 -0.0129444
1 38.035 22.3251 0.0376818 -0.00695577
1 39.1501 22.3252 0.0209144 -0.00580924
1 40.2632 22.3252 0.0135034 -0.00527374
1 41.3766 22.3244 0.016344 -0.00434747
1 42.4908 22.3243 0.0235956 0.00104902
1 43.6061 22.3235 0.0208014 0.00321195
1 0.631804 23.2838 -0.0199506 0.0023328
1 1.74757 23.2836 -0.0202595 0.000233976
1 2.86227 23.2837 -0.0123635 -0.000987151
1 3.97634 23.2839 -0.0127167 0.00141313
1 5.08949 23.2839 -0.0184715 0.00021376
1 6.20473 23.2842 -0.0370194 0.0024868
1 7.32124 23.2839 -0.0461476 0.00137063
1 8.4364 23.2834 -0.0403183 -0.00340491
1 9.54894 23.2829 -0.0506346 -0.00762387
1 10.6603 23.2825 -0.0798354 -0.00906825
1 11.7725 23.2821 -0.0945237 -0.00304618
1 12.8856 23.2819 -0.108509 0.00217159
1 13.9991 23.2825 -0.0965716 0.00570621
1 15.1126 23.2834 -0.0637131 0.00814572
1 16.2261 23.2841 -0.0427385 0.00499291
1 17.344 23.2844 -0.0594436 -0.00175982
1 18.467 23.2844 -0.0881767 -0.004618
1 19.5916 23.2841 -0.0815668 -0.00302884
1 20.716 23.2836 -0.0556714 0.00193289
1 21.8395 23.2834 -0.0156779 0.00290789
1 22.9624 23.2834 0.0375397 0.00214316
1 24.0861 23.2838 0.0721141 -0.00156679
1 25.211 23.2844 0.086673 -0.00481627
1 26.3351 23.2847 0.0742457 -0.00465108
1 27.4553 23.2846 0.0499546 0.00020781
1 28.5705 23.2842 0.0453186 0.00738341
1 29.6841 23.2833 0.0670193 0.00872698
1 30.7979 23.2822 0.108172 0.00433403
1 31.9107 23.2818 0.115414 -0.000400251
1 33.0234 23.2823 0.0952319 -0.00624951
1 34.1355 23.2829 0.0657586 -0.0075251
1 35.2477 23.2834 0.0355366 -0.00390547
1 36.3611 23.2838 0.031098 -0.00154037
1 37.4758 23.2841 0.0287481 0.00194706
1 38.5916 23.2843 0.021468 0.00100403
1 39.7053 23.2842 0.0162721 0.00301404
1 40.8187 23.284 0.0202267 0.000744527
1 41.9329 23.284 0.0284891 6.37585e-05
1 43.0473 23.2839 0.0293844 -0.00125451
1 44.1677 23.2827 0.0129878 0.00351914
1 0.0723189 24.2448 -0.0127727 -0.00391311
1 1.1927 24.2436 -0.0287082 0.00146963
1 2.30722 24.2434 -0.0288913 0.000970987
1 3.42151 24.2433 -0.0206648 0.00035232
1 4.53491 24.2432 -0.0159708 -0.00203594
1 5.64874 24.2431 -0.0235222 1.51712e-06
1 6.76433 24.2433 -0.0299828 -0.000444885
1 7.87894 24.2436 -0.0320143 0.00259117
1 8.99224 24.2439 -0.0362368 0.00531972
1 10.1045 24.2442 -0.0670895 0.00837634
1 11.2165 24.2448 -0.0959222 0.00619245
1 12.3291 24.2454 -0.11508 6.76623e-06
1 13.4421 24.2451 -0.107497 -0.00462318
1 14.556 24.244 -0.0658021 -0.00863918
1 15.6696 24.2432 -0.0437184 -0.0073117
1 16.7847 24.2428 -0.0494806 -0.000204191
1 17.9049 24.2428 -0.0731692 0.00470523
1 19.029 24.2431 -0.0859016 0.00479487
1 20.1539 24.2437 -0.0731472 0.0017375
1 21.2775 24.244 -0.0399037 -0.00207646
1 22.4003 24.2441 0.0138447 -0.00265324
1 23.5239 24.2438 0.0544287 -0.00174291
1 24.6484 24.2435 0.0806618 0.00312889
1 25.7731 24.2431 0.0875139 0.00490795
1 26.8961 24.2431 0.0596843 0.00206338
1 28.0141 24.2433 0.0444282 -0.00471859
1 29.1277 24.2439 0.0629405 -0.00824739
1 30.241 24.2447 0.0962058 -0.00603069
1 31.3543 24.2453 0.109816 -0.00195823
1 32.4673 24.2451 0.0960496 0.00304252
1 33.5796 24.2446 0.0802047 0.00944448
1 34.6908 24.2444 0.0485015 0.00857005
1 35.8034 24.2439 0.0402241 0.00434899
1 36.9186 24.2435 0.0485798 5.77988e-06
1 38.0352 24.2432 0.0389835 -0.00106363
1 39.1507 24.2434 0.0185729 0.000830736
1 40.2638 24.2434 0.0114071 -0.000202258
1 41.3778 24.2437 0.0130129 0.00176578
1 42.4925 24.2438 0.0215564 0.000371886
1 43.6083 24.2437 0.0204542 -0.0023439
1 0.633942 25.2041 -0.019927 -0.00284449
1 1.74935 25.2034 -0.022321 -0.00104734
1 2.86365 25.2031 -0.0152802 0.0041518
1 3.9771 25.2024 -0.0146507 0.00445446
1 5.09016 25.2024 -0.0208687 0.00507811
1 6.2051 25.2025 -0.0364624 0.00629229
1 7.32073 25.2036 -0.0496576 0.0127131
1 8.43506 25.2045 -0.0459503 0.0206875
1 9.54715 25.2059 -0.0520588 0.0299876
1 10.6584 25.2068 -0.0743357 0.0320404
1 11.7711 25.2077 -0.0847333 0.0175668
1 12.8858 25.2082 -0.0975945 0.00304143
1 14.0007 25.2066 -0.0881919 -0.00482086
1 15.1141 25.2042 -0.0662383 -0.00812586
1 16.2268 25.2025 -0.0554845 -0.0026046
1 17.3439 25.2017 -0.0682178 0.0117242
1 18.4664 25.2019 -0.0851202 0.0227355
1 19.591 25.2029 -0.0733509 0.0211644
1 20.7158 25.2043 -0.0510784 0.0100523
1 21.8396 25.2053 -0.0155138 0.00150527
1 22.9626 25.2049 0.0357212 0.00501898
1 24.0864 25.2036 0.0658307 0.0157048
1 25.2113 25.2023 0.0804035 0.0212418
1 26.3352 25.2019 0.0764917 0.0171969
1 27.455 25.2023 0.0639019 0.00459863
1 28.5696 25.2035 0.056818 -0.00643895
1 29.6828 25.2055 0.064866 -0.00701286
1 30.7972 25.2078 0.0947777 -9.15415e-05
1 31.9116 25.2083 0.0995403 0.0111459
1 33.0251 25.2074 0.0854983 0.0266729
1 34.137 25.2065 0.0666012 0.033257
1 35.2489 25.2053 0.0423059 0.0243607
1 36.362 25.204 0.0383473 0.0175104
1 37.4766 25.203 0.0340624 0.00912175
1 38.5918 25.2024 0.0220747 0.00864657
1 39.7052 25.2027 0.0153702 0.00426478
1 40.8184 25.2029 0.0192366 0.00513293
1 41.9331 25.2032 0.0286486 0.000398198
1 43.0479 25.2036 0.0290391 -4.46105e-05
1 44.1685 25.2045 0.0082807 -0.00777115
1 0.0730526 26.1639 -0.00581493 -0.00713311
1 1.19402 26.1637 -0.0255728 -0.00102153
1 2.30877 26.1632 -0.0293931 0.00331157
1 3.42319 26.1627 -0.0185828 0.00682344
1 4.53542 26.1625 -0.0137665 0.0094854
1 5.64826 26.1626 -0.0259557 0.0142674
1 6.76247 26.1636 -0.043949 0.0178147
1 7.8759 26.1655 -0.0492909 0.029292
1 8.98812 26.1674 -0.049869 0.0418582
1 10.1003 26.1688 -0.0658564 0.0445306
1 11.2129 26.1696 -0.0717128 0.0361025
1 12.3274 26.17 -0.0822239 0.0195039
1 13.4437 26.1693 -0.0843978 0.00859873
1 14.5594 26.1673 -0.0628244 0.000404446
1 15.6722 26.1647 -0.0592226 -0.00134161
1 16.7857 26.1625 -0.0721968 0.00716294
1 17.9049 26.1614 -0.0858758 0.0210237
1 19.0281 26.1621 -0.0796649 0.030961
1 20.1524 26.164 -0.0556421 0.0292868
1 21.2765 26.166 -0.02718 0.016386
1 22.4007 26.1666 0.0129009 0.0115327
1 23.5252 26.1652 0.0393037 0.0213351
1 24.6496 26.163 0.0653062 0.0317762
1 25.7736 26.1616 0.0895587 0.0267514
1 26.8957 26.162 0.0792424 0.0140079
1 28.0123 26.1638 0.0635304 0.00306578
1 29.1244 26.1662 0.0665158 -0.00151231
1 30.238 26.1686 0.0809396 0.00364941
1 31.3542 26.1701 0.0820383 0.0152131
1 32.4703 26.1703 0.0678687 0.0300788
1 33.5839 26.1694 0.0679908 0.0415119
1 34.6954 26.1681 0.055753 0.0425575
1 35.8071 26.1664 0.0517944 0.0374341
1 36.9205 26.1647 0.0588323 0.0245775
1 38.0355 26.1629 0.0437511 0.0157532
1 39.1497 26.1624 0.0264166 0.0112675
1 40.2625 26.1625 0.0166704 0.00827794
1 41.3761 26.1629 0.020412 0.0049085
1 42.4909 26.1633 0.0256558 0.000172178
1 43.6066 26.1643 0.0250184 -0.00352206
1 0.634426 27.1238 -0.0206533 -0.000506652
1 1.75035 27.1236 -0.0248637 0.00323897
1 2.86521 27.1231 -0.0206346 0.00812277
1 3.97836 27.1233 -0.0207395 0.0140868
1 5.09032 27.1236 -0.030968 0.0205575
1 6.20325 27.1248 -0.0506408 0.0295941
1 7.31681 27.1269 -0.0666143 0.0378343
1 8.42989 27.1294 -0.0557433 0.0497287
1 9.54182 27.1308 -0.0500713 0.0520168
1 10.654 27.1318 -0.0556932 0.0446449
1 11.7687 27.132 -0.0565793 0.0381895
1 12.8858 27.1315 -0.0726636 0.0297842
1 14.0026 27.1306 -0.0742804 0.017468
1 15.1169 27.1288 -0.0636663 0.0118395
1 16.2295 27.126 -0.0640051 0.0140438
1 17.3458 27.1234 -0.0843706 0.0207966
1 18.4664 27.123 -0.0956982 0.029581
1 19.589 27.1248 -0.0650132 0.0367526
1 20.7133 27.1268 -0.0330563 0.0357078
1 21.8388 27.1279 -0.0100371 0.0351178
1 22.9643 27.1275 0.0216773 0.0348975
1 24.089 27.1259 0.0503383 0.0371215
1 25.2125 27.1238 0.0824396 0.0335554
1 26.3342 27.123 0.0927278 0.0260968
1 27.4524 27.1246 0.0753928 0.0167766
1 28.5665 27.1277 0.0561353 0.0110458
1 29.6801 27.1301 0.0559012 0.0139402
1 30.7959 27.1313 0.0773281 0.0247799
1 31.9127 27.1321 0.0751326 0.0353591
1 33.0286 27.1322 0.062381 0.0419005
1 34.1423 27.1315 0.0565606 0.0497303
1 35.2548 27.1304 0.0504603 0.0532571
1 36.367 27.1284 0.0577557 0.0432146
1 37.4796 27.1257 0.050142 0.0339777
1 38.5925 27.1239 0.0311183 0.0254487
1 39.7046 27.1232 0.0213925 0.0179476
1 40.8164 27.1232 0.0208432 0.010629
1 41.9306 27.1233 0.0300454 0.00756686
1 43.0455 27.1238 0.0266797 0.00255257
1 44.1664 27.125 0.00323489 -0.00136426
1 0.0741578 28.0843 -0.00302646 0.00733804
1 1.19503 28.0842 -0.0221703 0.00587776
1 2.30993 28.0839 -0.029217 0.0142447
1 3.42381 28.0844 -0.0273861 0.0247361
1 4.53531 28.0853 -0.0296424 0.0376403
1 5.64617 28.0872 -0.0447278 0.0454878
1 6.75827 28.0897 -0.0569464 0.0540783
1 7.87064 28.0924 -0.0539414 0.0609602
1 8.98342 28.094 -0.0426847 0.0647472
1 10.0965 28.0947 -0.049552 0.0596144
1 11.2107 28.095 -0.0590868 0.0619654
1 12.3265 28.0947 -0.0720687 0.0571695
1 13.4432 28.0944 -0.0723251 0.0442464
1 14.56 28.0935 -0.0482257 0.0365227
1 15.6748 28.0911 -0.0485052 0.0369836
1 16.7892 28.0884 -0.0718798 0.0398312
1 17.9065 28.0873 -0.0897565 0.0417991
1 19.0268 28.0882 -0.0836424 0.0452445
1 20.15 28.0895 -0.057953 0.0552623
1 21.275 28.09 -0.0282822 0.0643157
1 22.4013 28.0901 0.0123846 0.0658602
1 23.5272 28.0899 0.0403433 0.0601381
1 24.6515 28.0891 0.0677503 0.0513702
1 25.7733 28.0877 0.0932126 0.0434379
1 26.8928 28.0876 0.0830351 0.0395639
1 28.009 28.0898 0.061394 0.0384085
1 29.1228 28.0927 0.0541665 0.0365585
1 30.238 28.0943 0.0678639 0.0393268
1 31.355 28.0946 0.0722465 0.0520735
1 32.472 28.0951 0.0582382 0.0614693
1 33.5871 28.0953 0.0501099 0.0615775
1 34.6998 28.0946 0.0428282 0.061811
1 35.8125 28.0935 0.0565212 0.0639525
1 36.9257 28.0911 0.0726359 0.0576675
1 38.0386 28.0884 0.0590278 0.0530311
1 39.1508 28.0861 0.0380937 0.0406922
1 40.2616 28.0848 0.0244895 0.0297454
1 41.3739 28.0839 0.022388 0.0192293
1 42.4883 28.084 0.0259748 0.0110815
1 43.604 28.0845 0.0165592 0.00716982
1 0.635771 29.0453 -0.0106482 0.0129758
1 1.75153 29.0453 -0.0201275 0.0213165
1 2.86559 29.0461 -0.0228296 0.0327343
1 3.97752 29.0479 -0.0340917 0.0439811
1 5.08753 29.0505 -0.0457683 0.0552475
1 6.19905 29.0532 -0.0604339 0.0625921
1 7.31224 29.0561 -0.0644386 0.0661831
1 8.42635 29.0579 -0.0485634 0.0707828
1 9.53951 29.0586 -0.0426155 0.0721442
1 10.6523 29.0592 -0.0514419 0.0769475
1 11.7673 29.0593 -0.0563143 0.076006
1 12.8841 29.059 -0.0657995 0.0645549
1 14.0017 29.0584 -0.0639243 0.0554648
1 15.1182 29.0568 -0.0540531 0.0561396
1 16.2322 29.055 -0.0557544 0.0574768
1 17.3477 29.054 -0.0729964 0.0553838
1 18.4667 29.0544 -0.0897444 0.0565195
1 19.5883 29.0549 -0.0727097 0.0661678
1 20.7126 29.0545 -0.0463054 0.0767524
1 21.8385 29.0538 -0.0137714 0.0854396
1 22.9646 29.0543 0.0319578 0.0854166
1 24.0895 29.0549 0.064632 0.0736253
1 25.2126 29.0548 0.0846129 0.0597164
1 26.3332 29.054 0.0818788 0.0546599
1 27.4502 29.0544 0.0636929 0.0565979
1 28.5646 29.0559 0.0485856 0.056429
1 29.6801 29.0579 0.0493403 0.0552985
1 30.7976 29.0589 0.0677702 0.0602745
1 31.9144 29.0593 0.0681016 0.0722928
1 33.0303 29.0597 0.0611523 0.0778548
1 34.1444 29.0595 0.0462115 0.075385
1 35.2574 29.0587 0.0326737 0.0733187
1 36.3706 29.0573 0.0458472 0.0673062
1 37.4832 29.0548 0.0544278 0.0632141
1 38.595 29.0519 0.0455563 0.0594809
1 39.7052 29.0491 0.0384051 0.0481608
1 40.8156 29.0468 0.0345614 0.0362384
1 41.9285 29.0457 0.0328057 0.024423
1 43.0427 29.0454 0.0247981 0.0162833
1 44.1629 29.0454 0.00806566 0.0147154
1 0.0789147 30.008 -0.00837568 0.0188529
1 1.19825 30.0075 -0.0308428 0.0305071
1 2.31143 30.0087 -0.0404954 0.042766
1 3.4236 30.0112 -0.0426133 0.0573997
1 4.53337 30.0144 -0.0431197 0.0665032
1 5.64367 30.0175 -0.0443917 0.0746683
1 6.75624 30.0204 -0.0456144 0.0765548
1 7.86959 30.0226 -0.0424363 0.0804154
1 8.98276 30.0242 -0.0371999 0.0874733
1 10.0956 30.0254 -0.0471735 0.0951704
1 11.2094 30.0254 -0.0568604 0.0940316
1 12.3253 30.0253 -0.0675754 0.0833998
1 13.4426 30.0248 -0.0676534 0.0797788
1 14.5602 30.0236 -0.0487783 0.0782082
1 15.6756 30.0227 -0.0451077 0.0728575
1 16.7898 30.0227 -0.0542998 0.0730923
1 17.9067 30.023 -0.0729659 0.0779139
1 19.0272 30.0231 -0.0824998 0.0813407
1 20.1509 30.0221 -0.0664406 0.0926765
1 21.2755 30.0208 -0.0352462 0.10537
1 22.4004 30.0205 0.0125092 0.107077
1 23.5261 30.0215 0.0476685 0.0976916
1 24.6512 30.0228 0.073991 0.087302
1 25.7736 30.0232 0.0838506 0.0800316
1 26.8926 30.023 0.0636552 0.0755478
1 28.0081 30.0228 0.0505441 0.0730933
1 29.1222 30.0231 0.0531692 0.0751392
1 30.2381 30.0243 0.0644493 0.0761973
1 31.3558 30.0252 0.0651501 0.0817252
1 32.4733 30.0257 0.0542728 0.0919637
1 33.5881 30.026 0.0522065 0.097067
1 34.7003 30.0253 0.0433507 0.0914328
1 35.8131 30.0238 0.0439976 0.0859371
1 36.9273 30.022 0.0592537 0.0763188
1 38.0412 30.0191 0.0557121 0.0715256
1 39.1531 30.0159 0.0451507 0.0689032
1 40.2629 30.0124 0.041423 0.0611464
1 41.3737 30.0097 0.0341911 0.0514331
1 42.4867 30.0079 0.0255235 0.0351312
1 43.6017 30.0071 0.0151042 0.0216378
1 0.640605 30.9709 -0.0266421 0.0317287
1 1.75429 30.9724 -0.0345825 0.0500939
1 2.86614 30.9751 -0.0408635 0.0658035
1 3.97686 30.9785 -0.0440576 0.0695704
1 5.08739 30.9818 -0.0427905 0.0748335
1 6.19994 30.9849 -0.048146 0.0788471
1 7.31403 30.9879 -0.0573343 0.0861355
1 8.4275 30.9906 -0.0447666 0.0969689
1 9.53976 30.9923 -0.0414655 0.104345
1 10.6524 30.9929 -0.048312 0.106779
1 11.7675 30.9923 -0.0536422 0.0981235
1 12.885 30.992 -0.0644818 0.090927
1 14.0028 30.9918 -0.0617538 0.0879724
1 15.1183 30.9913 -0.0483893 0.0846107
1 16.2315 30.992 -0.0450477 0.082868
1 17.3468 30.9933 -0.0623536 0.08835
1 18.4663 30.9932 -0.0832073 0.0961482
1 19.5889 30.9916 -0.0737649 0.104376
1 20.7138 30.9899 -0.0504507 0.112716
1 21.8389 30.9891 -0.0132544 0.119924
1 22.9635 30.9893 0.0361485 0.118798
1 24.0883 30.9906 0.0649771 0.108261
1 25.2126 30.9925 0.0787072 0.10014
1 26.3342 30.9935 0.0736677 0.0944623
1 27.4512 30.9929 0.0542538 0.0867848
1 28.5648 30.9916 0.0377416 0.0818793
1 29.6796 30.9915 0.0455645 0.0853876
1 30.7967 30.9921 0.0707648 0.0893495
1 31.9138 30.9926 0.0655436 0.0960892
1 33.03 30.9931 0.0536033 0.104787
1 34.1441 30.9931 0.0488673 0.104786
1 35.2567 30.9917 0.0395165 0.100708
1 36.3694 30.9894 0.0426779 0.091347
1 37.4828 30.9865 0.0444252 0.0809594
1 38.5956 30.9834 0.0331234 0.0755649
1 39.7063 30.9801 0.0356043 0.0741436
1 40.816 30.9767 0.0434906 0.0686364
1 41.9277 30.9735 0.0456543 0.0555469
1 43.0397 30.971 0.0367327 0.0388983
1 44.1581 30.9707 0.0119716 0.025725
1 0.0847221 31.9357 -0.0220271 0.0382991
1 1.20162 31.937 -0.0474552 0.0510055
1 2.31317 31.94 -0.0504 0.0622662
1 3.42492 31.943 -0.0410685 0.0635809
1 4.53548 31.9458 -0.0311319 0.0658999
1 5.64674 31.9492 -0.0299666 0.068553
1 6.75934 31.9528 -0.0445413 0.079149
1 7.87198 31.9564 -0.0472358 0.0855034
1 8.98469 31.9591 -0.0378059 0.0961463
1 10.0978 31.96 -0.0454277 0.096921
1 11.2118 31.9598 -0.0544881 0.0925058
1 12.3275 31.9594 -0.064657 0.0856684
1 13.4447 31.9594 -0.0662769 0.0748184
1 14.5613 31.9598 -0.0440526 0.0676865
1 15.6751 31.9614 -0.0346436 0.0689901
1 16.7882 31.9633 -0.0483233 0.0758356
1 17.9053 31.9635 -0.0731697 0.0837467
1 19.0272 31.9617 -0.0816256 0.0909679
1 20.1515 31.9594 -0.0668385 0.0997881
1 21.2761 31.958 -0.0391559 0.104843
1 22.4006 31.9578 0.0100706 0.104262
1 23.5257 31.9586 0.0485669 0.101344
1 24.6507 31.9605 0.0774483 0.0967917
1 25.774 31.9627 0.0849656 0.0886948
1 26.8942 31.9637 0.0611549 0.0792232
1 28.0094 31.9626 0.0462935 0.0717575
1 29.122 31.9607 0.0456366 0.069302
1 30.2368 31.9597 0.0575606 0.0699712
1 31.3538 31.9598 0.0655853 0.0789625
1 32.471 31.9601 0.0521909 0.0915813
1 33.5859 31.9604 0.0442978 0.0972626
1 34.6983 31.96 0.0385362 0.0963477
1 35.8108 31.9582 0.0441509 0.0892143
1 36.9239 31.9546 0.0554322 0.0819188
1 38.0373 31.951 0.0472693 0.074397
1 39.1501 31.9474 0.0357051 0.0647619
1 40.2612 31.9444 0.0385105 0.0637758
1 41.3726 31.9408 0.0434435 0.0636051
1 42.4845 31.9378 0.0421352 0.0578821
1 43.5977 31.9354 0.0379335 0.0423089
1 0.643393 32.9022 -0.0505012 0.0580498
1 1.7571 32.9043 -0.0464617 0.0629121
1 2.87023 32.9065 -0.0411132 0.0614788
1 3.98238 32.9095 -0.0390542 0.0643198
1 5.09337 32.9127 -0.0359317 0.0687489
1 6.2052 32.917 -0.0486191 0.0751842
1 7.31794 32.921 -0.0566435 0.0783545
1 8.43121 32.9243 -0.0446101 0.084803
1 9.54418 32.9256 -0.0407138 0.0883754
1 10.6565 32.926 -0.0477455 0.0859801
1 11.771 32.9256 -0.0502575 0.0761884
1 12.8882 32.9252 -0.0607098 0.059922
1 14.0048 32.9262 -0.0598941 0.046805
1 15.1186 32.9286 -0.0457164 0.0431819
1 16.231 32.9312 -0.0431339 0.0477848
1 17.3463 32.9317 -0.0628196 0.0563559
1 18.4668 32.9298 -0.087905 0.0672949
1 19.59 32.9272 -0.0804587 0.0712945
1 20.7145 32.9253 -0.0526387 0.0705717
1 21.839 32.9245 -0.0122619 0.0718436
1 22.963 32.9245 0.0375479 0.0740133
1 24.0876 32.9259 0.0674518 0.0721619
1 25.2119 32.9285 0.0863297 0.0689248
1 26.3342 32.9311 0.080371 0.0641674
1 27.4523 32.9318 0.0549141 0.0538937
1 28.5655 32.9304 0.0346326 0.0453532
1 29.6784 32.9278 0.0380346 0.0464873
1 30.7938 32.926 0.0629791 0.0524247
1 31.91 32.9257 0.063903 0.0653604
1 33.0258 32.9263 0.0529812 0.0812047
1 34.1398 32.9262 0.0449676 0.0887817
1 35.2527 32.9252 0.0376456 0.0875825
1 36.3657 32.9229 0.0432975 0.0819692
1 37.478 32.9192 0.0442483 0.0795968
1 38.59 32.915 0.034959 0.071622
1 39.7009 32.9108 0.0316383 0.0678671
1 40.812 32.9078 0.0374836 0.0614613
1 41.9247 32.9051 0.0498982 0.0645474
1 43.0366 32.9026 0.0518774 0.0628523
1 44.1529 32.901 0.0292031 0.0526951
1 0.0883712 33.869 -0.0422031 0.0717069
1 1.20536 33.8688 -0.0549805 0.0631767
1 2.3188 33.8698 -0.0520471 0.0587122
1 3.43194 33.8722 -0.0495005 0.062126
1 4.54308 33.8758 -0.0422331 0.0659342
1 5.6535 33.8804 -0.0389687 0.07083
1 6.76547 33.8844 -0.0433856 0.0715934
1 7.87769 33.8875 -0.0423995 0.0789072
1 8.99068 33.8893 -0.039176 0.0831466
1 10.1033 33.8902 -0.0468792 0.078056
1 11.2169 33.8897 -0.0517958 0.068446
1 12.3325 33.8889 -0.0627763 0.0529249
1 13.4478 33.8897 -0.0677863 0.0318239
1 14.5625 33.8923 -0.0425422 0.0205808
1 15.6758 33.8952 -0.0365952 0.023268
1 16.7893 33.8958 -0.0598596 0.0311243
1 17.9077 33.8942 -0.085224 0.0368058
1 19.0302 33.8916 -0.0894687 0.0390252
1 20.1537 33.8889 -0.0697488 0.038428
1 21.277 33.8874 -0.0403164 0.0350957
1 22.4005 33.8872 0.0120065 0.0315475
1 23.5243 33.888 0.0531154 0.0376757
1 24.6482 33.8898 0.0815079 0.0421494
1 25.7715 33.8928 0.0946399 0.0381694
1 26.8928 33.8954 0.0696765 0.0356144
1 28.0089 33.8962 0.0506687 0.0297508
1 29.1211 33.8947 0.0488981 0.0221305
1 30.2343 33.8916 0.0546375 0.0249122
1 31.3495 33.8896 0.0606874 0.0406958
1 32.4657 33.8896 0.0527118 0.0587336
1 33.5804 33.8903 0.0469736 0.0726091
1 34.6924 33.8899 0.0428391 0.0838326
1 35.8052 33.8887 0.0503818 0.084409
1 36.9189 33.8862 0.0588691 0.0761547
1 38.0319 33.8824 0.0527385 0.0719164
1 39.1437 33.878 0.0410001 0.0675437
1 40.254 33.8736 0.0435651 0.0647572
1 41.3662 33.8704 0.0444853 0.0609692
1 42.4804 33.8687 0.0483926 0.0603148
1 43.5951 33.868 0.0518239 0.065928
1 0.647155 34.8343 -0.0477657 0.0728283
1 1.76267 34.8331 -0.049318 0.0649696
1 2.87666 34.8348 -0.0563395 0.0672333
1 3.98869 34.8385 -0.0548428 0.0686451
1 5.09952 34.8435 -0.0486662 0.0722912
1 6.2117 34.8475 -0.0575181 0.0785087
1 7.32481 34.8513 -0.0639726 0.0882114
1 8.43811 34.8534 -0.0542555 0.0956914
1 9.55092 34.8542 -0.0489419 0.0875121
1 10.663 34.8542 -0.0513468 0.0833128
1 11.7773 34.8533 -0.0558921 0.0696672
1 12.8927 34.8535 -0.0643958 0.0474516
1 14.0073 34.8556 -0.0605976 0.0358916
1 15.1209 34.8583 -0.0572194 0.0356313
1 16.2338 34.8591 -0.0598912 0.0399367
1 17.3503 34.8572 -0.0720026 0.0423075
1 18.4716 34.8544 -0.0981561 0.0426884
1 19.5942 34.8519 -0.085376 0.0398245
1 20.7168 34.8502 -0.0495022 0.0358369
1 21.8394 34.8491 -0.0117259 0.0324808
1 22.9618 34.8493 0.0358343 0.0331777
1 24.0844 34.851 0.0668447 0.0393588
1 25.2075 34.8532 0.0943935 0.0421523
1 26.3297 34.8559 0.0955304 0.0440471
1 27.4487 34.8586 0.066593 0.0453963
1 28.5631 34.8595 0.0467612 0.0381676
1 29.6764 34.8577 0.0491791 0.0320736
1 30.7906 34.8551 0.0667894 0.0384157
1 31.9051 34.8535 0.0664114 0.0563291
1 33.0198 34.854 0.0571963 0.0771384
1 34.1334 34.8548 0.0483944 0.08584
1 35.246 34.8539 0.0423851 0.0936976
1 36.3589 34.8526 0.0517071 0.0980409
1 37.4714 34.8498 0.0492177 0.0854522
1 38.5835 34.846 0.0410236 0.0788291
1 39.6943 34.8411 0.0483616 0.0685158
1 40.8052 34.8363 0.0611961 0.069713
1 41.9185 34.8333 0.0643365 0.0649258
1 43.0324 34.8327 0.0593342 0.0676922
1 44.1504 34.8345 0.0475888 0.0821396
1 0.0904437 35.8005 -0.0486384 0.0837367
1 1.20938 35.7974 -0.0648537 0.0823203
1 2.32277 35.7983 -0.0746313 0.0800655
1 3.43598 35.8015 -0.0690656 0.0765031
1 4.54751 35.8069 -0.0566577 0.0773205
1 5.65922 35.8124 -0.0545823 0.0943309
1 6.77154 35.8164 -0.0633433 0.103966
1 7.88452 35.819 -0.0604415 0.111438
1 8.99778 35.8202 -0.0493513 0.108422
1 10.1102 35.821 -0.0540606 0.105622
1 11.2232 35.8205 -0.0584992 0.0968416
1 12.3372 35.8202 -0.0701472 0.0769171
1 13.4511 35.8219 -0.0793729 0.0657944
1 14.5659 35.8241 -0.0600147 0.0670897
1 15.6799 35.8247 -0.0566141 0.0696639
1 16.7952 35.8228 -0.0711458 0.0727861
1 17.9141 35.8203 -0.0919732 0.0702106
1 19.0352 35.8179 -0.0934304 0.0647954
1 20.1572 35.8161 -0.0643882 0.0591715
1 21.2788 35.815 -0.037036 0.0572689
1 22.3999 35.8147 0.00822692 0.0568167
1 23.5214 35.8155 0.0501071 0.0581697
1 24.6436 35.817 0.0802528 0.0651122
1 25.7661 35.819 0.100071 0.0690554
1 26.8869 35.8218 0.0833361 0.0711872
1 28.0038 35.8244 0.0679749 0.0733552
1 29.1174 35.8252 0.0676886 0.0680026
1 30.2311 35.8236 0.071275 0.0625416
1 31.3458 35.8213 0.0673252 0.0690883
1 32.4607 35.8205 0.0584017 0.0889424
1 33.5742 35.8213 0.0582398 0.103538
1 34.6859 35.821 0.0521505 0.109293
1 35.7984 35.8202 0.05518 0.113679
1 36.9121 35.8184 0.0721736 0.107003
1 38.0255 35.8144 0.070514 0.0978625
1 39.1384 35.8098 0.0639432 0.086337
1 40.2502 35.8039 0.0653769 0.0778725
1 41.3624 35.7993 0.0682616 0.0844374
1 42.4757 35.797 0.0582474 0.0839119
1 43.5904 35.7983 0.0454019 0.0831068
1 0.652002 36.7631 -0.0518627 0.0889422
1 1.76525 36.7625 -0.0583445 0.0910209
1 2.87783 36.7641 -0.0680123 0.0830209
1 3.99009 36.7688 -0.0754932 0.0749637
1 5.10256 36.7752 -0.0813636 0.0797632
1 6.21627 36.7807 -0.0827038 0.0927551
1 7.33055 36.7844 -0.0812807 0.103091
1 8.44449 36.7866 -0.0636081 0.109464
1 9.55677 36.788 -0.0585806 0.104838
1 10.6684 36.7886 -0.061206 0.0966773
1 11.7814 36.7882 -0.0618454 0.0842117
1 12.8957 36.7889 -0.0759269 0.0713548
1 14.0112 36.7906 -0.081432 0.0702794
1 15.1263 36.791 -0.080739 0.0721443
1 16.2405 36.7894 -0.0768722 0.0728318
1 17.3574 36.7871 -0.0807981 0.0678651
1 18.4773 36.7848 -0.0978194 0.0599392
1 19.5984 36.7834 -0.0761707 0.0558266
1 20.7194 36.7828 -0.0428773 0.0501427
1 21.8399 36.7822 -0.0110654 0.0480658
1 22.9606 36.7823 0.0351848 0.0507921
1 24.0812 36.7833 0.0649398 0.0540008
1 25.2024 36.7843 0.0879252 0.0594369
1 26.3232 36.7859 0.0937871 0.0655638
1 27.4417 36.7886 0.0775472 0.0708491
1 28.5573 36.7907 0.0627749 0.0728876
1 29.6721 36.7914 0.0704334 0.0699036
1 30.787 36.7904 0.0886863 0.0683494
1 31.9011 36.7889 0.0751168 0.076046
1 33.0147 36.7889 0.0624603 0.0928683
1 34.1278 36.7891 0.0642358 0.10237
1 35.2401 36.7878 0.0608729 0.10793
1 36.3533 36.7858 0.0725825 0.108429
1 37.4673 36.783 0.0785491 0.0993002
1 38.5809 36.7784 0.0737424 0.0871386
1 39.6934 36.772 0.0729268 0.0782694
1 40.8047 36.7664 0.0738356 0.0777111
1 41.9175 36.7631 0.0739684 0.0867332
1 43.0295 36.7619 0.0665047 0.0945102
1 44.148 36.7641 0.0481254 0.0841257
1 0.0929674 37.7273 -0.0521538 0.0812824
1 1.21109 37.7276 -0.0601591 0.0880903
1 2.32262 37.7287 -0.0669072 0.0847794
1 3.43334 37.7311 -0.0772349 0.0782723
1 4.54415 37.7359 -0.0861 0.067045
1 5.65766 37.7421 -0.0929179 0.0665531
1 6.77263 37.7471 -0.099593 0.0779439
1 7.88733 37.7508 -0.0901307 0.0838762
1 9.00097 37.7537 -0.0729555 0.0836415
1 10.1135 37.7554 -0.0739751 0.0768721
1 11.2265 37.7558 -0.0725527 0.0705978
1 12.3399 37.7557 -0.0849215 0.061368
1 13.4548 37.7562 -0.101344 0.0568207
1 14.5709 37.7563 -0.0835499 0.0591855
1 15.6859 37.7546 -0.0721422 0.0566442
1 16.8018 37.7524 -0.0771555 0.0490724
1 17.92 37.7508 -0.0902206 0.0427169
1 19.0393 37.7499 -0.0867578 0.0387419
1 20.16 37.7496 -0.0595387 0.0309969
1 21.2799 37.7492 -0.0334332 0.0288427
1 22.3996 37.7493 0.00651978 0.0321006
1 23.52 37.7496 0.0430756 0.0288583
1 24.6404 37.7498 0.0743562 0.034073
1 25.7609 37.7504 0.093301 0.0437441
1 26.8803 37.7518 0.0870169 0.046193
1 27.997 37.7538 0.0852447 0.0519062
1 29.1115 37.7558 0.0861264 0.058786
1 30.2269 37.7567 0.0928706 0.0576059
1 31.3432 37.7566 0.0910895 0.0584717
1 32.4582 37.7566 0.078054 0.067562
1 33.5715 37.7564 0.0752039 0.0742395
1 34.6832 37.7551 0.0711343 0.0807008
1 35.7958 37.7528 0.0806998 0.0853627
1 36.9104 37.7493 0.102785 0.0821816
1 38.0259 37.745 0.107255 0.0741148
1 39.141 37.7395 0.0984295 0.0664356
1 40.2531 37.7339 0.0893717 0.0708406
1 41.3637 37.7297 0.0753576 0.082912
1 42.4746 37.7283 0.0668194 0.0882603
1 43.587 37.7272 0.06927 0.0865041
1 0.65231 38.6908 -0.079106 0.0752406
1 1.76524 38.6932 -0.0762062 0.0846429
1 2.87491 38.6959 -0.0763581 0.094001
1 3.98384 38.6981 -0.0859706 0.0850525
1 5.09487 38.7017 -0.10339 0.0750704
1 6.20965 38.7063 -0.125947 0.0711452
1 7.326 38.7112 -0.123842 0.0696398
1 8.4415 38.7157 -0.101648 0.0692629
1 9.55514 38.7192 -0.0938267 0.0662429
1 10.6675 38.7213 -0.0919175 0.0638878
1 11.7811 38.7215 -0.0918892 0.0650462
1 12.8971 38.7206 -0.106203 0.0594261
1 14.0143 38.72 -0.104772 0.0569726
1 15.1308 38.7185 -0.0935645 0.0557388
1 16.2458 38.7163 -0.0856696 0.0504586
1 17.3623 38.7153 -0.0873447 0.0431367
1 18.4807 38.7153 -0.0923511 0.0380949
1 19.6005 38.7154 -0.0702309 0.0360021
1 20.7205 38.7155 -0.0415257 0.0320909
1 21.84 38.7157 -0.00680227 0.0307093
1 22.9599 38.7155 0.0336795 0.03166
1 24.0799 38.7153 0.0588432 0.0312079
1 25.1997 38.7154 0.0851423 0.0361525
1 26.3192 38.7154 0.0922805 0.0419481
1 27.4371 38.7159 0.0809555 0.0461422
1 28.5526 38.7176 0.0762448 0.0516291
1 29.6681 38.7197 0.094698 0.0582932
1 30.7848 38.7208 0.119814 0.061248
1 31.901 38.7218 0.108197 0.061168
1 33.0161 38.7224 0.0930252 0.064001
1 34.1297 38.7213 0.0906592 0.0659071
1 35.2428 38.7181 0.0917191 0.0677097
1 36.3573 38.7138 0.110763 0.0693158
1 37.473 38.7091 0.122478 0.0713541
1 38.5888 38.7044 0.109134 0.0708467
1 39.7016 38.6998 0.0885674 0.0768793
1 40.8112 38.6971 0.0831969 0.0894563
1 41.9205 38.6951 0.0801843 0.0900787
1 43.0308 38.6927 0.0783089 0.0832772
1 44.1483 38.6892 0.071623 0.0770158
1 0.0887764 39.6511 -0.0843887 0.0670793
1 1.20674 39.656 -0.0950915 0.0838744
1 2.31724 39.661 -0.0908372 0.086881
1 3.42663 39.6634 -0.0808092 0.101429
1 4.53489 39.6646 -0.079221 0.102119
1 5.64557 39.6668 -0.100372 0.0936387
1 6.76025 39.6703 -0.125232 0.0810993
1 7.87623 39.6751 -0.120518 0.070135
1 8.99144 39.6803 -0.107164 0.064253
1 10.1057 39.6847 -0.106358 0.0623597
1 11.2204 39.686 -0.105051 0.0694435
1 12.3369 39.6848 -0.119666 0.0695707
1 13.4546 39.6832 -0.125346 0.0642434
1 14.5722 39.6817 -0.0970471 0.0594189
1 15.6882 39.6802 -0.0814754 0.0533263
1 16.8041 39.6796 -0.0840579 0.0451396
1 17.9215 39.68 -0.0882001 0.0394612
1 19.0403 39.681 -0.0811487 0.0362873
1 20.1603 39.6817 -0.0599836 0.0344289
1 21.2802 39.6821 -0.0312818 0.0353093
1 22.4 39.6823 0.00869136 0.0345487
1 23.5201 39.682 0.0401444 0.0323847
1 24.6401 39.6813 0.0724978 0.0343517
1 25.7601 39.6807 0.093405 0.0380609
1 26.8786 39.6801 0.0868222 0.0422587
1 27.9946 39.6798 0.087055 0.0503142
1 29.1095 39.6811 0.0939112 0.0557959
1 30.2264 39.683 0.108768 0.0606932
1 31.3449 39.6847 0.120596 0.0688303
1 32.4627 39.6864 0.115361 0.0717367
1 33.5781 39.6864 0.111241 0.0648457
1 34.6917 39.683 0.108604 0.0613962
1 35.8065 39.6781 0.117388 0.0686481
1 36.9229 39.6729 0.132199 0.0744287
1 38.039 39.6683 0.123562 0.0856593
1 39.1528 39.6656 0.100151 0.0960658
1 40.2627 39.6638 0.0877377 0.101551
1 41.3717 39.6629 0.0867337 0.0965586
1 42.4819 39.6595 0.0944032 0.0859323
1 43.5948 39.6545 0.0972318 0.0753788
1 0.640323 40.6173 -0.104471 0.0796683
1 1.7531 40.6241 -0.0984329 0.077984
1 2.86422 40.6285 -0.0928388 0.0854036
1 3.97419 40.6309 -0.0915803 0.0983168
1 5.08398 40.6316 -0.0868508 0.103273
1 6.19569 40.6323 -0.102858 0.0961216
1 7.31006 40.6353 -0.115281 0.0784371
1 8.42562 40.6401 -0.111217 0.0654412
1 9.54108 40.6453 -0.112145 0.0518208
1 10.6565 40.6491 -0.117751 0.0614122
1 11.774 40.6487 -0.122652 0.0702505
1 12.8939 40.6466 -0.121171 0.0614037
1 14.0132 40.6448 -0.101941 0.0525208
1 15.1305 40.6439 -0.0865566 0.046339
1 16.2457 40.6438 -0.0793832 0.0380511
1 17.3618 40.6446 -0.0785953 0.0315032
1 18.4799 40.6461 -0.0807832 0.0274024
1 19.5997 40.6473 -0.0647469 0.0250035
1 20.7198 40.6483 -0.0406895 0.0265918
1 21.8402 40.6491 -0.00721198 0.0265672
1 22.9606 40.6486 0.0303231 0.0247535
1 24.0808 40.6478 0.0542035 0.0263672
1 25.2009 40.6471 0.0760512 0.0281078
1 26.3199 40.6457 0.0811911 0.0270409
1 27.4373 40.6443 0.0740015 0.0322972
1 28.5531 40.6438 0.0753393 0.0418655
1 29.669 40.6446 0.0963662 0.0503224
1 30.7872 40.6462 0.125395 0.0583781
1 31.9066 40.6484 0.125309 0.0656385
1 33.0256 40.65 0.114628 0.0657113
1 34.1421 40.6482 0.109123 0.0528698
1 35.2576 40.6428 0.10689 0.0577046
1 36.3731 40.6376 0.111577 0.0722113
1 37.4883 40.6334 0.1063 0.0836224
1 38.6018 40.6312 0.0867416 0.0958741
1 39.7124 40.6306 0.0797865 0.101088
1 40.8214 40.63 0.0890298 0.0976881
1 41.932 40.6275 0.0993357 0.0803479
1 43.0437 40.6218 0.110122 0.0805986
1 44.162 40.6138 0.102449 0.0722022
1 0.0705371 41.5757 -0.100261 0.0866864
1 1.1891 41.5856 -0.105904 0.0817621
1 2.30195 41.591 -0.103424 0.0812684
1 3.41396 41.595 -0.094824 0.0867061
1 4.5249 41.5964 -0.0799338 0.0937371
1 5.63593 41.5972 -0.0755309 0.097311
1 6.74802 41.5978 -0.0851766 0.0940458
1 7.8615 41.6004 -0.0922591 0.0789742
1 8.9764 41.6044 -0.0938295 0.0608301
1 10.0924 41.6092 -0.106265 0.0545002
1 11.2109 41.6103 -0.116535 0.0644082
1 12.332 41.6084 -0.123982 0.0607893
1 13.4526 41.6071 -0.114101 0.0512501
1 14.5711 41.6065 -0.0822349 0.0422654
1 15.6874 41.607 -0.0656242 0.0342306
1 16.8034 41.6084 -0.0649548 0.0293102
1 17.9209 41.6102 -0.067412 0.0254469
1 19.04 41.6121 -0.0647051 0.0234181
1 20.1597 41.6135 -0.0481701 0.024073
1 21.2798 41.6143 -0.024933 0.0243703
1 22.4005 41.6146 0.0061904 0.0214326
1 23.5209 41.614 0.0340792 0.0243216
1 24.6409 41.6131 0.0586753 0.0269593
1 25.7608 41.6115 0.0701758 0.0235756
1 26.8789 41.6095 0.0679379 0.0247986
1 27.9951 41.6076 0.0682398 0.0315853
1 29.1108 41.6067 0.0733668 0.036897
1 30.2283 41.6072 0.0974233 0.0444877
1 31.3485 41.6083 0.121786 0.0563884
1 32.4699 41.6103 0.122411 0.0662399
1 33.5894 41.6109 0.114196 0.0596193
1 34.706 41.6071 0.101178 0.0537858
1 35.8216 41.6023 0.0948784 0.0681362
1 36.9367 41.5984 0.0991624 0.0816504
1 38.0506 41.596 0.0918856 0.094567
1 39.1631 41.5959 0.0849156 0.10035
1 40.274 41.5964 0.0838918 0.0965318
1 41.3851 41.5943 0.0881567 0.0831425
1 42.4975 41.5894 0.0913945 0.0783318
1 43.6116 41.5834 0.0980804 0.0873582
1 0.620916 42.5464 -0.0982879 0.0884775
1 1.73624 42.5524 -0.0926992 0.0908325
1 2.84895 42.5565 -0.0862064 0.0870006
1 3.96188 42.5589 -0.0908839 0.0885636
1 5.07438 42.5601 -0.0885048 0.0914613
1 6.18732 42.5608 -0.0860477 0.0911253
1 7.30075 42.5622 -0.0863757 0.0865626
1 8.41501 42.5645 -0.083544 0.0791486
1 9.52998 42.5674 -0.085896 0.0628947
1 10.6472 42.5692 -0.110197 0.064162
1 11.7682 42.5681 -0.126165 0.0628784
1 12.8907 42.5668 -0.116352 0.0426257
1 14.0115 42.5671 -0.0896452 0.0266803
1 15.1296 42.5682 -0.0699944 0.0233759
1 16.2459 42.5705 -0.0627465 0.0220268
1 17.3628 42.5731 -0.0619594 0.0157587
1 18.4811 42.5755 -0.0663395 0.0144636
1 19.6006 42.5774 -0.0524906 0.0146764
1 20.7203 42.5785 -0.0286683 0.014665
1 21.8402 42.5791 -0.00622319 0.0161338
1 22.9603 42.5788 0.0214579 0.0164634
1 24.0803 42.5783 0.0462574 0.0156446
1 25.2002 42.5769 0.059662 0.0152498
1 26.319 42.5742 0.0616163 0.0143096
1 27.4367 42.5718 0.0602971 0.0178603
1 28.5533 42.5694 0.0590927 0.0207336
1 29.6702 42.5677 0.0783555 0.0265221
1 30.7895 42.5675 0.112051 0.0347102
1 31.9107 42.5682 0.121785 0.0499599
1 33.0325 42.5696 0.115394 0.0630553
1 34.1521 42.569 0.101125 0.0612534
1 35.269 42.5656 0.0877877 0.0670441
1 36.384 42.562 0.0846105 0.0779756
1 37.498 42.56 0.0753965 0.0916945
1 38.6105 42.5598 0.0606967 0.0987135
1 39.7213 42.5599 0.0668062 0.0989549
1 40.8331 42.5588 0.0798048 0.0863324
1 41.9464 42.5554 0.0829052 0.0856455
1 43.0597 42.5511 0.0820985 0.0895406
1 44.1786 42.5453 0.0644606 0.105827
1 0.0548676 43.5093 -0.0600265 0.105255
1 1.17432 43.5138 -0.0792712 0.0914659
1 2.28835 43.5184 -0.0725961 0.0882804
1 3.40182 43.5205 -0.0715695 0.0956819
1 4.51425 43.5223 -0.06373 0.0887193
1 5.62687 43.5237 -0.06269 0.0884995
1 6.73998 43.5248 -0.0678415 0.0886859
1 7.85376 43.526 -0.0766539 0.0853867
1 8.96927 43.5276 -0.0783501 0.0796314
1 10.0861 43.5284 -0.090609 0.0788618
1 11.2056 43.5272 -0.111217 0.0701935
1 12.3277 43.5256 -0.114416 0.045435
1 13.4494 43.5261 -0.103883 0.0228448
1 14.5687 43.528 -0.0765008 0.0120759
1 15.6862 43.5312 -0.0621319 0.0125764
1 16.8037 43.535 -0.0669547 0.0125967
1 17.9219 43.5382 -0.0677436 0.00927254
1 19.0411 43.5406 -0.0619547 0.0113031
1 20.1611 43.5424 -0.0461952 0.0131915
1 21.2807 43.5433 -0.0211204 0.0131776
1 22.4002 43.5436 0.00551084 0.0160374
1 23.52 43.5432 0.0322968 0.0142885
1 24.6397 43.5419 0.054738 0.00952493
1 25.7594 43.5395 0.065186 0.0090279
1 26.8779 43.5365 0.0689977 0.0129903
1 27.9954 43.5329 0.0685289 0.0128584
1 29.1129 43.5295 0.0732583 0.0117041
1 30.2318 43.5275 0.0905288 0.0187368
1 31.3525 43.5267 0.107058 0.0323178
1 32.4744 43.5275 0.112944 0.0568951
1 33.5949 43.5286 0.101491 0.0737317
1 34.7126 43.5279 0.0785254 0.0742401
1 35.8286 43.5257 0.0703913 0.0783166
1 36.9431 43.5238 0.0722448 0.0916412
1 38.0565 43.5238 0.0714389 0.0976185
1 39.1693 43.5238 0.0752148 0.0910336
1 40.282 43.5225 0.0814149 0.0892372
1 41.3949 43.5202 0.0734324 0.0933584
1 42.5076 43.5167 0.0770451 0.0836727
1 43.6233 43.5124 0.0848074 0.0898587
1 0.611708 44.4755 -0.0734912 0.0914362
1 1.72739 44.479 -0.0717527 0.0786703
1 2.84121 44.4825 -0.0687289 0.0905338
1 3.95484 44.4846 -0.0691754 0.0850561
1 5.06823 44.4863 -0.0688858 0.0860615
1 6.18195 44.4879 -0.0638487 0.0864636
1 7.29585 44.4888 -0.0618869 0.0920619
1 8.41036 44.4889 -0.0670578 0.0929388
1 9.52677 44.4886 -0.0772241 0.0896477
1 10.6451 44.4872 -0.0902558 0.0834044
1 11.7652 44.4851 -0.0991555 0.0598468
1 12.8861 44.485 -0.0974172 0.026963
1 14.006 44.4869 -0.082611 0.00599945
1 15.1245 44.4903 -0.0726859 0.00190046
1 16.2427 44.4952 -0.0768138 0.00800571
1 17.3614 44.4997 -0.0755033 0.0034598
1 18.4806 44.5032 -0.0726131 0.0063043
1 19.6006 44.5057 -0.0608339 0.0111742
1 20.7208 44.5072 -0.0323314 0.00935111
1 21.8404 44.5081 -0.0039804 0.0149274
1 22.9601 44.5079 0.0217353 0.013405
1 24.0802 44.5067 0.0494597 0.00911943
1 25.2003 44.5047 0.0674521 0.00804961
1 26.3198 44.5014 0.0726904 0.00588596
1 27.4388 44.4972 0.0737901 0.00785638
1 28.5572 44.4924 0.0716189 0.00408189
1 29.6755 44.4885 0.0806671 0.00427753
1 30.7948 44.4867 0.0923985 0.0173329
1 31.9145 44.486 0.0930198 0.040584
1 33.035 44.487 0.0937987 0.0705716
1 34.1546 44.4883 0.0845095 0.0865858
1 35.2722 44.4881 0.0717781 0.0887287
1 36.3874 44.4873 0.0631398 0.091703
1 37.5017 44.4877 0.0605085 0.0973482
1 38.6153 44.4881 0.0537355 0.0905468
1 39.7278 44.4863 0.0553328 0.0818559
1 40.8401 44.4843 0.0556712 0.0908927
1 41.9528 44.4827 0.0618796 0.0841291
1 43.0657 44.4765 0.0657463 0.0713246
1 44.1868 44.4738 0.0652547 0.0754392
1 0.048714 45.4366 -0.0556491 0.0792885
1 1.16933 45.4386 -0.0546469 0.0807523
1 2.28256 45.4431 -0.0598096 0.0857931
1 3.39674 45.4451 -0.0572819 0.0846847
1 4.51012 45.4475 -0.0538231 0.0820093
1 5.62362 45.45 -0.0486919 0.0838947
1 6.73773 45.4513 -0.0557554 0.0924463
1 7.85199 45.451 -0.0633797 0.102227
1 8.96754 45.4494 -0.0683933 0.105595
1 10.0857 45.4469 -0.0810304 0.0964675
1 11.205 45.4449 -0.0876529 0.0728167
1 12.3241 45.4445 -0.0825329 0.0374921
1 13.443 45.4456 -0.0813615 0.0126824
1 14.5609 45.4482 -0.0736755 -0.00104284
1 15.6789 45.4528 -0.0733173 -0.00240639
1 16.7984 45.4586 -0.0865706 0.000552341
1 17.9184 45.4638 -0.0837944 -0.000713345
1 19.0385 45.4672 -0.0734559 0.000294743
1 20.1596 45.4693 -0.0546281 0.00277198
1 21.2805 45.4709 -0.0205648 0.00725915
1 22.4005 45.4715 0.00929261 0.00917696
1 23.5208 45.4703 0.0368264 0.00439372
1 24.6419 45.4683 0.0650531 0.000774607
1 25.7626 45.4658 0.0811312 0.00112258
1 26.8824 45.4612 0.0860069 0.00138443
1 28.0018 45.4551 0.0772805 0.000813417
1 29.1207 45.4502 0.0748385 -0.00298616
1 30.2387 45.4474 0.074928 0.0020784
1 31.3567 45.4461 0.076736 0.0216936
1 32.4757 45.4457 0.0872638 0.055976
1 33.5949 45.4463 0.0854004 0.0854454
1 34.7133 45.4477 0.0703704 0.100684
1 35.8299 45.4494 0.064493 0.106397
1 36.9445 45.4501 0.0620951 0.101091
1 38.0588 45.451 0.0577209 0.0947606
1 39.1729 45.4501 0.0653272 0.0808952
1 40.2863 45.4475 0.0662206 0.0842453
1 41.3995 45.4457 0.0652088 0.0898628
1 42.5131 45.443 0.0689568 0.0782827
1 43.6257 45.4363 0.066989 0.0771141
1 0.609598 46.3982 -0.0589946 0.0779988
1 1.72266 46.4048 -0.0580151 0.0945404
1 2.83587 46.406 -0.0616225 0.0952268
1 3.95062 46.4078 -0.0680156 0.0827698
1 5.06555 46.4111 -0.0673993 0.0791141
1 6.18042 46.4139 -0.0639046 0.0898123
1 7.29518 46.4145 -0.0588872 0.103907
1 8.41015 46.4124 -0.059283 0.116184
1 9.52648 46.408 -0.0659688 0.110773
1 10.6447 46.4052 -0.078593 0.0836014
1 11.7633 46.4051 -0.075699 0.0477394
1 12.8818 46.4063 -0.0681674 0.0164431
1 13.9989 46.4085 -0.0631645 0.000859892
1 15.1155 46.411 -0.0645935 -0.00218087
1 16.2337 46.4159 -0.0779472 0.000395699
1 17.3537 46.4231 -0.0878404 -0.00600208
1 18.4748 46.4281 -0.0861639 -0.00592563
1 19.5969 46.43 -0.0692237 -0.00853176
1 20.719 46.4324 -0.0369278 -0.00629824
1 21.8403 46.4348 -0.00861054 0.00636902
1 22.9613 46.4338 0.0221947 -0.000667507
1 24.0829 46.4312 0.0581946 -0.00875061
1 25.2051 46.4294 0.0771416 -0.00515647
1 26.3263 46.4258 0.0869035 -0.00565391
1 27.4467 46.4191 0.0883258 0.000539615
1 28.5661 46.4128 0.0718158 -0.000769978
1 29.6838 46.4097 0.0655518 -0.00615479
1 30.8006 46.4082 0.0675157 0.00552298
1 31.9181 46.4071 0.0649285 0.029521
1 33.0362 46.406 0.0705981 0.0662279
1 34.1544 46.4067 0.0702298 0.101153
1 35.2717 46.4095 0.0608411 0.113388
1 36.3873 46.4122 0.0597527 0.108862
1 37.5019 46.4138 0.0578558 0.103596
1 38.6168 46.4137 0.0610891 0.085597
1 39.7316 46.4106 0.0638754 0.0784481
1 40.8458 46.4086 0.0605275 0.0921401
1 41.9599 46.4067 0.0634213 0.0922683
1 43.0754 46.4028 0.0698 0.0797379
1 44.1966 46.392 0.0571766 0.0820841
1 0.0372697 47.3532 -0.0758258 0.0760284
1 1.15984 47.3704 -0.077009 0.0908873
1 2.27668 47.3735 -0.0651025 0.102915
1 3.39155 47.3725 -0.0526788 0.0961626
1 4.50533 47.3756 -0.0651574 0.0777319
1 5.62066 47.38 -0.0746438 0.0822612
1 6.73749 47.3818 -0.0706893 0.0971635
1 7.85408 47.3811 -0.0677525 0.112514
1 8.97031 47.3766 -0.05618 0.12809
1 10.0865 47.3708 -0.0510915 0.102632
1 11.203 47.3704 -0.0560567 0.0601769
1 12.3204 47.3718 -0.0530086 0.0281142
1 13.4377 47.3739 -0.0542336 -0.000863096
1 14.5539 47.3765 -0.0617801 0.002493
1 15.67 47.3786 -0.0654553 0.0105909
1 16.7882 47.3847 -0.0837963 -0.000931938
1 17.9099 47.3921 -0.0860938 -0.0076533
1 19.0333 47.3947 -0.0774236 -0.0125115
1 20.156 47.3963 -0.0612944 -0.015673
1 21.2785 47.4001 -0.024396 -0.00749452
1 22.4012 47.4014 0.0092827 -0.00144673
1 23.5238 47.3983 0.0462043 -0.0107611
1 24.6464 47.3956 0.0716181 -0.0177315
1 25.7695 47.394 0.0798564 -0.00832329
1 26.892 47.3885 0.0886587 0.000105261
1 28.0114 47.3808 0.0736731 0.00348596
1 29.1282 47.3768 0.063971 0.00276656
1 30.2443 47.3754 0.0568701 -0.00376801
1 31.3612 47.3741 0.0475476 0.012659
1 32.4788 47.3727 0.0528089 0.0460548
1 33.5957 47.3714 0.0562242 0.0819474
1 34.7121 47.3735 0.051704 0.113123
1 35.8277 47.3775 0.058963 0.119682
1 36.9433 47.3802 0.07012 0.108781
1 38.0601 47.3812 0.0767977 0.0946338
1 39.177 47.379 0.0762225 0.0829111
1 40.2915 47.376 0.0586505 0.0889739
1 41.4059 47.3753 0.0576253 0.0891018
1 42.5219 47.3702 0.0716682 0.0863603
1 43.6411 47.3645 0.0782165 0.0956095
