1 0.543393 0.0822527 -0.036326 -0.0674774
1 1.66141 0.0739607 -0.0337883 -0.0703815
1 2.7756 0.0708879 -0.0300511 -0.0689551
1 3.89143 0.0656624 -0.036219 -0.0596806
1 5.00935 0.0623045 -0.0401202 -0.0553467
1 6.12741 0.0599301 -0.0304136 -0.047017
1 7.24539 0.0628728 -0.0219125 -0.0482985
1 8.36362 0.0718772 -0.0249051 -0.032903
1 9.48116 0.0792546 -0.0277595 -0.0161893
1 10.6008 0.0843547 -0.0240538 -0.0283086
1 11.7219 0.0891958 -0.00762414 -0.0387915
1 12.8442 0.0960098 0.0196734 -0.0417269
1 13.9683 0.110502 0.0344311 -0.0422962
1 15.0932 0.129273 0.0414949 -0.0340651
1 16.2188 0.145841 0.0553577 -0.0238401
1 17.3445 0.158035 0.0633068 0.00208015
1 18.4687 0.165954 0.0500585 0.0301549
1 19.5918 0.17109 0.0156393 0.0321991
1 20.7145 0.171541 -0.00444289 0.027436
1 21.8384 0.16921 -0.000465254 0.0370262
1 22.9633 0.170544 0.00740829 0.0381503
1 24.0868 0.17212 -0.00299311 0.0303648
1 25.2097 0.168686 -0.0341623 0.0339767
1 26.3329 0.163093 -0.0621362 0.0213177
1 27.4571 0.153592 -0.0594684 -0.0169114
1 28.5828 0.138474 -0.0475645 -0.0352649
1 29.7079 0.119971 -0.0366399 -0.0420396
1 30.8331 0.101109 -0.0247924 -0.0466615
1 31.9574 0.0899593 -0.00615447 -0.0317988
1 33.0795 0.0868533 0.0145511 -0.0244695
1 34.2 0.0831282 0.0249468 -0.0221071
1 35.3184 0.0776336 0.0241103 -0.0252173
1 36.4355 0.0693244 0.0224196 -0.0451265
1 37.5537 0.0615908 0.0288682 -0.0542348
1 38.672 0.0604451 0.035376 -0.0482458
1 39.7896 0.0643218 0.0276122 -0.0533563
1 40.9058 0.067924 0.0256074 -0.0627455
1 42.0208 0.0733113 0.0310526 -0.0632486
1 43.1361 0.0779679 0.035275 -0.0697235
1 44.2571 0.0931847 0.0432718 -0.0637919
1 -0.00922062 1.0538 -0.0433676 -0.0550371
1 1.11177 1.04465 -0.0420327 -0.06191
1 2.22508 1.03967 -0.0355696 -0.0662057
1 3.33861 1.03542 -0.028523 -0.0597322
1 4.45329 1.031 -0.0327254 -0.0573692
1 5.5689 1.02834 -0.0281299 -0.0500925
1 6.68389 1.02856 -0.0222698 -0.0383588
1 7.8 1.03349 -0.0276398 -0.0336654
1 8.9175 1.04134 -0.0288883 -0.0224804
1 10.0362 1.04789 -0.025625 -0.0230084
1 11.1562 1.0527 -0.0155757 -0.036161
1 12.2763 1.05864 0.00694134 -0.0420348
1 13.3965 1.06889 0.0227933 -0.0418545
1 14.5187 1.08454 0.0323439 -0.0361055
1 15.6441 1.10129 0.0361291 -0.0296749
1 16.7726 1.11528 0.0353448 -0.0112376
1 17.9003 1.12497 0.0396275 0.0230083
1 19.0259 1.13166 0.0318301 0.0384569
1 20.1515 1.13488 0.00764351 0.0393098
1 21.276 1.13456 -0.00156225 0.0400909
1 22.4006 1.13435 0.00390792 0.0381399
1 23.5258 1.13503 0.00034334 0.0387713
1 24.6511 1.13373 -0.0192217 0.0403325
1 25.7766 1.12894 -0.0345346 0.0340167
1 26.9032 1.12151 -0.0393638 0.00444739
1 28.0311 1.10968 -0.0390278 -0.0251653
1 29.1579 1.09336 -0.0357627 -0.0363534
1 30.282 1.07555 -0.0311894 -0.0424882
1 31.4031 1.06135 -0.020439 -0.0386461
1 32.5233 1.05431 0.00274839 -0.0290332
1 33.6438 1.05101 0.0160533 -0.026872
1 34.7631 1.04652 0.0229875 -0.0240693
1 35.8809 1.0397 0.033099 -0.0328109
1 36.9978 1.03212 0.0342224 -0.0449065
1 38.1136 1.0279 0.0333495 -0.0462063
1 39.2291 1.0293 0.0408783 -0.0489223
1 40.3448 1.03309 0.0369404 -0.0579366
1 41.4593 1.03772 0.0382496 -0.0581022
1 42.573 1.04267 0.0455619 -0.0645723
1 43.6871 1.05011 0.0380936 -0.0591242
1 0.557533 2.01008 -0.0411303 -0.0575379
1 1.67161 2.00494 -0.0419981 -0.0643731
1 2.78439 2.0007 -0.0370222 -0.0652093
1 3.89764 1.99634 -0.0324235 -0.0618457
1 5.01161 1.99305 -0.0390408 -0.0608281
1 6.12525 1.99234 -0.0357343 -0.046024
1 7.23984 1.99329 -0.0357999 -0.0287992
1 8.35583 1.99882 -0.0387758 -0.037865
1 9.47339 2.00656 -0.0289194 -0.0357836
1 10.5923 2.01199 -0.016608 -0.0343814
1 11.7119 2.01788 -0.00689956 -0.0491935
1 12.8306 2.02685 0.0181604 -0.0486483
1 13.9495 2.03876 0.0293959 -0.0401145
1 15.0718 2.05288 0.0261439 -0.0346607
1 16.1992 2.06628 0.0208151 -0.0219193
1 17.3295 2.07724 0.0190517 -0.000176844
1 18.4579 2.0855 0.0197567 0.0205798
1 19.5846 2.09079 0.0189478 0.0326959
1 20.7111 2.0929 0.00537834 0.0397956
1 21.8379 2.09368 -0.00101518 0.0423565
1 22.965 2.09361 0.00404972 0.037067
1 24.0918 2.09213 -0.00774909 0.0349493
1 25.2183 2.08863 -0.0205524 0.0313464
1 26.3454 2.08234 -0.0201807 0.0101814
1 27.475 2.07279 -0.0169415 -0.0138527
1 28.6043 2.06041 -0.0279467 -0.027847
1 29.729 2.04567 -0.0329782 -0.0416346
1 30.8497 2.03117 -0.0251593 -0.0465141
1 31.9683 2.02044 -0.00607346 -0.043297
1 33.0878 2.01443 0.0194622 -0.0359947
1 34.2077 2.01023 0.0258488 -0.0324637
1 35.3261 2.00476 0.0294542 -0.0353749
1 36.4425 1.99806 0.0315483 -0.0405291
1 37.5581 1.99314 0.0326945 -0.0450537
1 38.672 1.99189 0.0358161 -0.055907
1 39.7858 1.99425 0.0318528 -0.0577693
1 40.8993 1.9983 0.0272911 -0.0617445
1 42.0124 2.00286 0.0344401 -0.0650792
1 43.1259 2.00828 0.032219 -0.063504
1 44.2482 2.01262 0.0395292 -0.068512
1 -0.0063845 2.97183 -0.0469342 -0.0678513
1 1.11572 2.96961 -0.0380416 -0.0690861
1 2.22868 2.96538 -0.0328748 -0.0683277
1 3.34126 2.9619 -0.0335994 -0.0667413
1 4.45439 2.95799 -0.0407656 -0.0622797
1 5.56753 2.95616 -0.0403044 -0.0544592
1 6.68132 2.95582 -0.0369548 -0.0355203
1 7.79546 2.9581 -0.0272067 -0.0383507
1 8.91085 2.96465 -0.0274436 -0.0408988
1 10.029 2.97124 -0.0291999 -0.0389911
1 11.1481 2.97678 -0.018831 -0.0461248
1 12.2667 2.98537 0.00548263 -0.053779
1 13.3846 2.99637 0.025061 -0.0464997
1 14.5043 3.0075 0.0270901 -0.0297906
1 15.6288 3.01794 0.0143422 -0.018573
1 16.7585 3.02796 0.00481057 -0.0133452
1 17.8886 3.03727 0.00738431 0.00120928
1 19.0165 3.0444 0.00802826 0.0147316
1 20.1436 3.04829 -0.000263999 0.031549
1 21.2719 3.05004 -0.00551539 0.0423201
1 22.4021 3.05058 0.00302331 0.0428054
1 23.5318 3.04946 0.00563831 0.0383752
1 24.6596 3.047 -0.00701465 0.0224822
1 25.7867 3.04162 -0.0104562 0.00659042
1 26.9155 3.03336 -0.00389139 -0.00886786
1 28.046 3.02353 -0.00372639 -0.0174119
1 29.1737 3.01292 -0.0214199 -0.0235708
1 30.2956 3.00138 -0.0266697 -0.0424477
1 31.4141 2.9895 -0.0188283 -0.0508335
1 32.532 2.97978 0.000826966 -0.0446369
1 33.6509 2.97396 0.0173736 -0.0387122
1 34.7696 2.96922 0.0264081 -0.0377032
1 35.8866 2.96326 0.0358647 -0.0381063
1 37.0019 2.95805 0.042032 -0.0419371
1 38.1159 2.95621 0.042159 -0.0495717
1 39.2289 2.95663 0.0381603 -0.0578521
1 40.3412 2.95982 0.0350436 -0.0605338
1 41.4535 2.96374 0.0390489 -0.066925
1 42.5664 2.96754 0.0502461 -0.0655991
1 43.6815 2.97161 0.0530362 -0.0709015
1 0.559346 3.93276 -0.0444129 -0.0734814
1 1.67412 3.93068 -0.0481758 -0.0670423
1 2.78618 3.92767 -0.0406804 -0.0663991
1 3.89854 3.92449 -0.0366942 -0.0548802
1 5.01026 3.92134 -0.0412513 -0.0515408
1 6.12301 3.91993 -0.0458493 -0.0404642
1 7.23666 3.92054 -0.0434388 -0.0337473
1 8.35087 3.92454 -0.0396993 -0.0360158
1 9.46734 3.93056 -0.0320409 -0.0369565
1 10.5857 3.93643 -0.0153371 -0.0378108
1 11.7035 3.94433 -0.00257583 -0.0515045
1 12.8215 3.95511 0.0105192 -0.0476211
1 13.9406 3.96531 0.0164552 -0.0289163
1 15.0631 3.97324 0.00795167 -0.0095558
1 16.1902 3.98031 0.00118026 -0.00382746
1 17.3199 3.98893 -0.00192242 -0.00734572
1 18.4487 3.99701 -0.00499603 0.00038637
1 19.5763 4.00238 -0.00849132 0.0190245
1 20.7046 4.00475 -0.0158424 0.0359562
1 21.8361 4.00564 -0.00442467 0.0454687
1 22.9688 4.00528 0.0160832 0.044222
1 24.0991 4.0039 0.0174578 0.0311641
1 25.2273 4.00051 0.00890473 0.0111341
1 26.3552 3.99357 0.00327115 -0.00628163
1 27.4846 3.9848 0.00152855 -0.00889836
1 28.6137 3.9769 -0.00897999 -0.0051386
1 29.7381 3.96952 -0.0233187 -0.0185313
1 30.8583 3.95966 -0.0200302 -0.0408679
1 31.9765 3.94877 -0.00556375 -0.0503724
1 33.0947 3.93975 0.0198341 -0.0439746
1 34.2136 3.93366 0.0296696 -0.0345299
1 35.3314 3.92849 0.0289341 -0.0324581
1 36.4467 3.92397 0.0268515 -0.0351099
1 37.56 3.92147 0.0326548 -0.0401623
1 38.6728 3.9208 0.0446471 -0.0496858
1 39.7847 3.92287 0.0444802 -0.0509879
1 40.8972 3.92631 0.0378544 -0.0606619
1 42.009 3.92932 0.0360498 -0.066846
1 43.1212 3.93233 0.0471832 -0.0692169
1 44.2426 3.93444 0.0413602 -0.0727512
1 -0.000978381 4.89638 -0.0350489 -0.0754275
1 1.11879 4.89564 -0.0385487 -0.0690814
1 2.23074 4.89374 -0.0384247 -0.0695801
1 3.34255 4.89063 -0.0410949 -0.0615532
1 4.45456 4.88743 -0.0450596 -0.0512079
1 5.56669 4.88486 -0.0453546 -0.0446568
1 6.67933 4.88456 -0.036818 -0.0420282
1 7.79249 4.88654 -0.031414 -0.0345028
1 8.90731 4.89023 -0.0295777 -0.0340813
1 10.0241 4.89589 -0.0290901 -0.0445186
1 11.1413 4.90345 -0.0150437 -0.0548
1 12.2596 4.91355 -0.00349474 -0.0552841
1 13.3793 4.92353 0.00580983 -0.0413978
1 14.5007 4.93125 0.0167622 -0.0161403
1 15.6252 4.93601 0.0115307 -0.00108063
1 16.7528 4.94189 0.00123462 -0.00957032
1 17.8817 4.94963 -0.00963193 -0.00873768
1 19.01 4.9555 -0.0232407 -0.000873737
1 20.1385 4.95868 -0.0331206 0.0172948
1 21.2692 4.9598 -0.0216339 0.0292392
1 22.4027 4.95977 0.0098688 0.0307514
1 23.5358 4.9593 0.026803 0.0269615
1 24.6655 4.95755 0.0232898 0.0112736
1 25.7935 4.95318 0.0179564 -0.00435679
1 26.9223 4.94595 0.00530165 -0.0121553
1 28.0504 4.93883 -0.00253632 -0.00637443
1 29.1766 4.93385 -0.00744081 -0.00606439
1 30.2997 4.92749 -0.00830173 -0.0325035
1 31.4201 4.9182 -0.00524244 -0.0490909
1 32.5389 4.90797 0.00215765 -0.0525086
1 33.6566 4.89919 0.0139821 -0.0487624
1 34.7737 4.89359 0.0277023 -0.0400621
1 35.8899 4.88919 0.0452868 -0.0343102
1 37.0048 4.88667 0.0544113 -0.0345335
1 38.1182 4.88586 0.0505221 -0.0500657
1 39.2301 4.88649 0.0397376 -0.0528171
1 40.3414 4.88878 0.0435638 -0.0581286
1 41.4534 4.8922 0.0433357 -0.0629806
1 42.565 4.89518 0.0460947 -0.0719316
1 43.6787 4.89613 0.0436532 -0.0667725
1 0.559585 5.86098 -0.0510001 -0.0714627
1 1.67298 5.85955 -0.0498137 -0.0666369
1 2.78543 5.85638 -0.0499073 -0.0610488
1 3.89756 5.85319 -0.0488491 -0.0590479
1 5.00942 5.85026 -0.0531001 -0.0499521
1 6.12229 5.84906 -0.0558751 -0.0482155
1 7.23603 5.84987 -0.0589137 -0.0380308
1 8.35005 5.85191 -0.0443672 -0.0355576
1 9.46486 5.85617 -0.024256 -0.0433678
1 10.5809 5.86291 -0.0184805 -0.0545774
1 11.6985 5.872 -0.0128565 -0.0579757
1 12.8186 5.88157 -0.00444094 -0.0461454
1 13.9401 5.88966 0.0062909 -0.0290054
1 15.0636 5.89456 0.00834 -0.0066669
1 16.1895 5.89793 0.00732298 -0.00111277
1 17.317 5.90305 -0.00607642 -0.00631717
1 18.4454 5.90862 -0.0244393 -0.00597461
1 19.5735 5.91225 -0.031702 -0.00119255
1 20.7031 5.91352 -0.029025 0.00855805
1 21.8359 5.91376 -0.00676837 0.0131841
1 22.9699 5.91369 0.0252552 0.00916233
1 24.1015 5.91287 0.0378785 0.00434785
1 25.2301 5.91061 0.0294739 0.00010377
1 26.3581 5.90633 0.0133053 -0.00674956
1 27.4861 5.90061 -0.00312364 -0.00613445
1 28.6127 5.89628 -0.0117315 -0.00210322
1 29.7371 5.8923 -0.0101921 -0.0195661
1 30.8601 5.88503 0.0015079 -0.0386907
1 31.9816 5.87628 0.0113774 -0.0500401
1 33.1009 5.86712 0.0228333 -0.0577302
1 34.2177 5.85969 0.0214335 -0.0470923
1 35.3332 5.8548 0.0200533 -0.0400225
1 36.4474 5.85153 0.0324314 -0.0381371
1 37.561 5.85051 0.0440466 -0.0435482
1 38.6744 5.85038 0.0459466 -0.0473514
1 39.7861 5.85243 0.0416069 -0.0597462
1 40.8975 5.85476 0.0322445 -0.061051
1 42.0089 5.85818 0.0316096 -0.0615054
1 43.121 5.8603 0.0344185 -0.0659352
1 44.2402 5.85957 0.0263192 -0.0600382
1 -0.000742614 6.82618 -0.0289574 -0.0618791
1 1.11808 6.82606 -0.0380256 -0.0649447
1 2.22991 6.82278 -0.0355138 -0.0600725
1 3.34171 6.81957 -0.0356476 -0.0595677
1 4.45399 6.8166 -0.051593 -0.04883
1 5.56699 6.81401 -0.0525442 -0.0473934
1 6.68029 6.81439 -0.0407177 -0.0444907
1 7.79372 6.81581 -0.0282211 -0.0383049
1 8.90726 6.81864 -0.0187403 -0.0391018
1 10.0216 6.82393 -0.0242516 -0.0488006
1 11.138 6.83184 -0.0262354 -0.0535756
1 12.2575 6.84014 -0.0180659 -0.0476934
1 13.3797 6.84764 -0.00608648 -0.034709
1 14.5035 6.85372 0.00997738 -0.0148445
1 15.6292 6.85715 0.00829284 0.00150707
1 16.7562 6.85987 0.00498935 0.00343676
1 17.8837 6.86358 -0.011935 0.000886698
1 19.011 6.86667 -0.0314894 -0.00201713
1 20.1384 6.86827 -0.0348275 -0.00472403
1 21.269 6.86856 -0.0206943 -0.00313212
1 22.4026 6.86854 0.00610283 -0.00330402
1 23.5357 6.86833 0.0282085 -0.00473147
1 24.6651 6.86725 0.032325 -0.00423456
1 25.7921 6.86523 0.0229761 0.000357359
1 26.9198 6.86185 0.00732986 0.00241843
1 28.0469 6.85849 -0.000711989 0.00305034
1 29.1731 6.85583 -0.00850226 -0.00689623
1 30.2976 6.85046 -0.00631745 -0.0284343
1 31.4201 6.84313 0.00988675 -0.0389775
1 32.5412 6.83546 0.0176777 -0.0476665
1 33.6595 6.82758 0.0202887 -0.0490039
1 34.7754 6.82181 0.0267694 -0.0435158
1 35.89 6.81793 0.041059 -0.037785
1 37.0038 6.81587 0.0557473 -0.0388455
1 38.1178 6.81502 0.0564847 -0.0478866
1 39.2311 6.81624 0.054023 -0.0471666
1 40.3437 6.81855 0.0439047 -0.0524009
1 41.4558 6.82177 0.0425463 -0.0616474
1 42.5684 6.8247 0.0448663 -0.0612058
1 43.6823 6.82542 0.0383602 -0.0667775
1 0.557623 7.79238 -0.0434996 -0.0661406
1 1.67187 7.79043 -0.0494777 -0.0636832
1 2.78454 7.78652 -0.0470067 -0.0591796
1 3.8975 7.78252 -0.0468652 -0.0503186
1 5.01044 7.77932 -0.0445433 -0.0469833
1 6.1234 7.77915 -0.0471427 -0.0539085
1 7.23697 7.77989 -0.0513247 -0.0432417
1 8.35077 7.78179 -0.0397224 -0.0411858
1 9.46524 7.78614 -0.0166998 -0.0479911
1 10.5804 7.79243 -0.0165679 -0.0494788
1 11.6987 7.79926 -0.0159993 -0.0435235
1 12.8199 7.8059 -0.00638218 -0.0343105
1 13.9429 7.81151 0.00298891 -0.0235507
1 15.0689 7.8158 0.00138089 -0.00602931
1 16.1972 7.81833 0.00167621 0.00490393
1 17.3247 7.82056 0.00014297 0.00291983
1 18.4514 7.82276 -0.0136299 0.000114137
1 19.5767 7.82399 -0.0179268 -0.00813143
1 20.7039 7.82413 -0.0151111 -0.0175183
1 21.8361 7.82412 -0.00528425 -0.0158915
1 22.9695 7.82407 0.0129354 -0.0178735
1 24.0995 7.82389 0.0255891 -0.0180485
1 25.2255 7.82324 0.0199319 -0.00464873
1 26.3508 7.8218 0.00256488 0.00373483
1 27.4775 7.81937 -0.000651548 0.00632942
1 28.606 7.81721 -0.00305738 0.00140879
1 29.7334 7.81378 -0.00959848 -0.0163284
1 30.8577 7.80807 0.00264085 -0.0317585
1 31.9806 7.80175 0.017444 -0.0427201
1 33.1014 7.79509 0.0254053 -0.0463819
1 34.2179 7.78937 0.0179156 -0.0433835
1 35.3322 7.78441 0.0130179 -0.0418987
1 36.4459 7.78179 0.0270027 -0.040702
1 37.5595 7.78012 0.0403284 -0.0504979
1 38.6733 7.77964 0.0492301 -0.0474087
1 39.787 7.78128 0.0545774 -0.0470385
1 40.9001 7.785 0.041555 -0.0554121
1 42.0129 7.78832 0.0345232 -0.0576738
1 43.1252 7.79207 0.03939 -0.0682565
1 44.2426 7.79105 0.0299011 -0.0817459
1 -0.000470669 8.76045 -0.0390189 -0.0821384
1 1.11647 8.75844 -0.0492335 -0.0681625
1 2.22896 8.75364 -0.0477912 -0.0616051
1 3.34215 8.74858 -0.0491251 -0.0551838
1 4.45518 8.74481 -0.0552207 -0.0576207
1 5.56783 8.74342 -0.0496124 -0.0554058
1 6.68212 8.74402 -0.0425612 -0.0490267
1 7.79607 8.74522 -0.0313979 -0.0473265
1 8.90934 8.74862 -0.0149062 -0.0522474
1 10.0227 8.75393 -0.0138156 -0.0457429
1 11.139 8.75915 -0.0203014 -0.0412795
1 12.2595 8.7643 -0.0146588 -0.0352894
1 13.3831 8.76895 -0.00475349 -0.0250186
1 14.5091 8.77304 0.0048722 -0.0141013
1 15.638 8.7759 0.00112029 -0.00381825
1 16.7674 8.77859 0.00914013 -0.00292915
1 17.8942 8.78111 0.00957489 -0.00447582
1 19.0183 8.78168 -0.00582831 -0.00861306
1 20.1418 8.78124 -0.0102711 -0.0259833
1 21.27 8.78078 -0.00464198 -0.0312967
1 22.4025 8.78058 0.00106441 -0.0288227
1 23.5337 8.78109 0.00423725 -0.0309985
1 24.6598 8.78177 0.00514812 -0.020085
1 25.783 8.78146 -0.00209046 -0.00519717
1 26.9081 8.77966 -0.010458 -0.00283639
1 28.0361 8.77716 0.00431349 -0.00476407
1 29.1661 8.77445 0.00588741 -0.0109884
1 30.2935 8.77061 -0.00158512 -0.0189537
1 31.4172 8.7663 0.008627 -0.031971
1 32.5393 8.76093 0.0174787 -0.0423136
1 33.6581 8.75592 0.0171738 -0.0359139
1 34.7741 8.75131 0.0203948 -0.0448597
1 35.8885 8.74743 0.0384482 -0.0477667
1 37.0024 8.74559 0.0536698 -0.0492852
1 38.1162 8.74428 0.0478506 -0.0555817
1 39.2295 8.74406 0.0478242 -0.0545153
1 40.3424 8.74673 0.0524172 -0.0512173
1 41.4563 8.75083 0.0544276 -0.0579682
1 42.5699 8.75615 0.0600081 -0.0649303
1 43.6854 8.76056 0.0556749 -0.0739541
1 0.558832 9.72903 -0.0656573 -0.0692087
1 1.67428 9.72203 -0.0671379 -0.0587418
1 2.7881 9.71604 -0.0595149 -0.0580504
1 3.90118 9.71139 -0.0519829 -0.0547718
1 5.01347 9.70924 -0.0510699 -0.0512572
1 6.12663 9.70837 -0.0538519 -0.0503051
1 7.24045 9.70948 -0.051564 -0.049187
1 8.35374 9.71236 -0.0340133 -0.0537076
1 9.4673 9.71714 -0.0145716 -0.0468749
1 10.5823 9.72095 -0.014078 -0.0350141
1 11.7013 9.72441 -0.0182757 -0.029599
1 12.8243 9.7276 -0.014842 -0.0209208
1 13.9493 9.73049 -0.00191031 -0.0142615
1 15.0777 9.73364 0.00323113 -0.00815302
1 16.2082 9.73679 0.00613046 -0.00981277
1 17.3363 9.74031 0.0206161 -0.0109939
1 18.4612 9.74211 0.0203443 -0.0057962
1 19.5834 9.74152 0.0135672 -0.0138858
1 20.7071 9.73987 0.00882669 -0.0276013
1 21.8367 9.73888 0.00278794 -0.0293814
1 22.968 9.73943 -0.00612897 -0.0308516
1 24.0948 9.74121 -0.00526378 -0.0239739
1 25.2172 9.7423 -0.00896435 -0.00649797
1 26.34 9.74142 -0.024106 -0.00773175
1 27.4663 9.73835 -0.0155441 -0.0127893
1 28.5961 9.73486 -0.00490348 -0.0114262
1 29.7259 9.73162 -0.00704409 -0.0142417
1 30.8523 9.72886 -0.000165502 -0.0165168
1 31.9765 9.72596 0.0118974 -0.0265231
1 33.0977 9.72223 0.0192124 -0.0336829
1 34.2139 9.7185 0.0200546 -0.0411261
1 35.328 9.71446 0.0243924 -0.050429
1 36.4421 9.7113 0.0404667 -0.0467656
1 37.5561 9.70963 0.0481687 -0.0478127
1 38.6698 9.70914 0.0570224 -0.0511633
1 39.7822 9.71041 0.0609683 -0.0558976
1 40.8946 9.71349 0.0603449 -0.0573702
1 42.0076 9.71903 0.0651684 -0.0569133
1 43.1208 9.72545 0.0749224 -0.0636922
1 44.2386 9.73438 0.0598004 -0.0816569
1 0.0078871 10.7027 -0.0611282 -0.065166
1 1.12664 10.6918 -0.0751154 -0.0573433
1 2.23914 10.6841 -0.0619653 -0.0539322
1 3.35141 10.6788 -0.0557166 -0.0567787
1 4.46278 10.6752 -0.0624627 -0.0533369
1 5.57496 10.6732 -0.0536577 -0.0471382
1 6.6879 10.6735 -0.0408317 -0.0515862
1 7.80062 10.676 -0.030755 -0.0592519
1 8.9134 10.6802 -0.017913 -0.0557962
1 10.027 10.6837 -0.020159 -0.0375916
1 11.1437 10.6857 -0.0248471 -0.0258797
1 12.2656 10.6868 -0.0162237 -0.0169748
1 13.3908 10.6883 -0.00393109 -0.0163529
1 14.5175 10.6909 0.0137155 -0.0178939
1 15.6465 10.694 0.0195744 -0.0200724
1 16.7763 10.6984 0.0252929 -0.0247098
1 17.9027 10.7022 0.0288395 -0.0212798
1 19.0252 10.7027 0.019006 -0.0167993
1 20.1468 10.7007 0.013203 -0.0229129
1 21.2723 10.6987 0.0085736 -0.030631
1 22.402 10.6982 -0.0065253 -0.0327406
1 23.5304 10.7001 -0.0179928 -0.0280737
1 24.6535 10.7025 -0.0173319 -0.016543
1 25.7749 10.703 -0.0209886 -0.0182142
1 26.8997 10.7006 -0.0271774 -0.0267378
1 28.0276 10.6961 -0.0156814 -0.0251502
1 29.1574 10.692 -0.00971165 -0.0199423
1 30.2855 10.6892 -0.00559342 -0.0181834
1 31.4104 10.6874 0.0111105 -0.0152584
1 32.5335 10.6865 0.0203378 -0.0214303
1 33.653 10.6849 0.0139401 -0.0343308
1 34.7685 10.6816 0.0111508 -0.0506651
1 35.8822 10.6774 0.0401419 -0.0594462
1 36.9955 10.6747 0.0653441 -0.0509163
1 38.1087 10.674 0.0610535 -0.0503248
1 39.2211 10.6745 0.0599395 -0.0500995
1 40.3324 10.6768 0.0659317 -0.0531493
1 41.4446 10.6813 0.0728784 -0.0560302
1 42.5577 10.6877 0.0877472 -0.0568752
1 43.6719 10.6977 0.0919459 -0.052416
1 0.577494 11.6626 -0.0822571 -0.042318
1 1.69105 11.6528 -0.0822731 -0.0557065
1 2.80267 11.6458 -0.0711321 -0.0579775
1 3.9143 11.6417 -0.0625202 -0.0510079
1 5.02515 11.6386 -0.059497 -0.0493771
1 6.1363 11.6382 -0.0537436 -0.0533559
1 7.24767 11.64 -0.0555232 -0.0607955
1 8.3596 11.6436 -0.0377295 -0.0611658
1 9.47318 11.6465 -0.022602 -0.0419743
1 10.5901 11.6478 -0.0323381 -0.0204215
1 11.7108 11.6479 -0.0293102 -0.0108297
1 12.8341 11.6474 -0.0146403 -0.0147412
1 13.9583 11.6488 0.0049063 -0.0206861
1 15.0852 11.6521 0.0164167 -0.0232028
1 16.214 11.6563 0.0185023 -0.0308077
1 17.3419 11.6611 0.0209271 -0.0332022
1 18.4668 11.6638 0.0157586 -0.0271418
1 19.5883 11.6631 0.0141206 -0.0236502
1 20.7107 11.6602 0.0177203 -0.0241404
1 21.8378 11.6585 0.0042576 -0.0245069
1 22.9662 11.6595 -0.0152743 -0.0249992
1 24.0908 11.6623 -0.00942377 -0.0205557
1 25.2115 11.6642 -0.00776705 -0.0225753
1 26.3343 11.6631 -0.0208337 -0.0321421
1 27.4609 11.6589 -0.0221755 -0.0347391
1 28.5892 11.6539 -0.0234509 -0.0278755
1 29.717 11.6503 -0.0177042 -0.0262513
1 30.8426 11.6479 0.00446562 -0.0196796
1 31.967 11.6473 0.0212792 -0.0100542
1 33.0901 11.6479 0.0324572 -0.0150077
1 34.2084 11.6475 0.0276617 -0.0326425
1 35.3221 11.6455 0.019219 -0.054983
1 36.4339 11.6416 0.0309426 -0.0641304
1 37.5456 11.6391 0.043384 -0.0525343
1 38.6577 11.6388 0.0584354 -0.05026
1 39.7686 11.6407 0.0649277 -0.0541761
1 40.8787 11.6438 0.057976 -0.0552603
1 41.9896 11.6491 0.0687367 -0.0536319
1 43.1007 11.6575 0.080247 -0.0507542
1 44.22 11.6699 0.0660943 -0.0391804
1 0.0296364 12.6339 -0.0547525 -0.0302956
1 1.14828 12.6222 -0.0659224 -0.0483011
1 2.2591 12.6145 -0.06268 -0.0538273
1 3.36914 12.6091 -0.0583299 -0.0610056
1 4.47892 12.6059 -0.0597069 -0.0560236
1 5.58879 12.6048 -0.0487199 -0.0600375
1 6.69916 12.6061 -0.0374607 -0.0607131
1 7.80972 12.609 -0.0374028 -0.0589036
1 8.92223 12.6109 -0.0378423 -0.0421977
1 10.0373 12.6105 -0.0497439 -0.0248297
1 11.1566 12.6097 -0.0499173 -0.0130063
1 12.2794 12.6091 -0.0254042 -0.0132508
1 13.4032 12.6099 -0.00620723 -0.0262666
1 14.5274 12.6123 0.0131908 -0.0314575
1 15.6533 12.616 0.0236766 -0.0314422
1 16.7808 12.6205 0.0199769 -0.0376588
1 17.9073 12.6245 0.00999615 -0.0366311
1 19.0298 12.6257 -0.00128695 -0.0288069
1 20.1506 12.6238 0.00328322 -0.0201427
1 21.2745 12.6212 0.00781798 -0.0186379
1 22.4013 12.6207 -0.00518332 -0.0165594
1 23.5272 12.6229 -0.00918383 -0.0151526
1 24.6489 12.6255 -0.00222182 -0.0227273
1 25.7704 12.6258 -0.0048725 -0.0357874
1 26.8955 12.623 -0.0114937 -0.0384597
1 28.0225 12.6183 -0.0156212 -0.0353653
1 29.1497 12.6141 -0.0188561 -0.0320469
1 30.2747 12.6109 -0.00794381 -0.0313502
1 31.3974 12.6091 0.0129462 -0.019194
1 32.5197 12.6096 0.0336387 -0.0126031
1 33.641 12.6107 0.0485789 -0.0178918
1 34.7591 12.6112 0.0426827 -0.0318372
1 35.8739 12.6103 0.0475819 -0.0574289
1 36.9854 12.6074 0.0554479 -0.0667892
1 38.0954 12.6056 0.0521808 -0.0632903
1 39.2054 12.6056 0.0568393 -0.0576167
1 40.3151 12.6081 0.0631542 -0.0588703
1 41.4252 12.6119 0.0688747 -0.0655184
1 42.5357 12.6183 0.0740233 -0.0542903
1 43.6485 12.6267 0.069512 -0.0384908
1 0.600221 13.5911 -0.0620146 -0.0396238
1 1.71294 13.5832 -0.0683065 -0.0543875
1 2.82352 13.5778 -0.0597806 -0.0635711
1 3.93311 13.5739 -0.0538752 -0.0660388
1 5.0414 13.5722 -0.0457049 -0.0670069
1 6.15024 13.573 -0.0491719 -0.0658538
1 7.26079 13.5746 -0.0651116 -0.0575789
1 8.37383 13.5752 -0.0648787 -0.0406669
1 9.48979 13.5743 -0.0531737 -0.0274812
1 10.608 13.5725 -0.0532197 -0.0204135
1 11.7283 13.5718 -0.036293 -0.0212538
1 12.8491 13.5722 -0.00810214 -0.0269644
1 13.9706 13.5744 0.0144917 -0.0369029
1 15.0944 13.5777 0.0212757 -0.0405647
1 16.2201 13.5813 0.0201973 -0.0441608
1 17.3463 13.585 0.0161214 -0.0495519
1 18.4713 13.5875 0.00210797 -0.0456736
1 19.5928 13.5872 -0.00702329 -0.0338687
1 20.7143 13.5851 0.00582553 -0.0229441
1 21.8387 13.5839 0.00278947 -0.0171944
1 22.9636 13.5846 -0.00973506 -0.0188307
1 24.0866 13.5866 0.00277234 -0.0256526
1 25.2072 13.5881 0.00517487 -0.0412504
1 26.3302 13.5869 -0.00837678 -0.0481835
1 27.456 13.5834 -0.0188059 -0.0461342
1 28.5822 13.5797 -0.0272367 -0.0446605
1 29.7065 13.5763 -0.0230695 -0.041487
1 30.8286 13.5735 0.000720285 -0.0319331
1 31.9508 13.5722 0.0198362 -0.0248365
1 33.0727 13.5722 0.0455041 -0.0220323
1 34.1916 13.5735 0.0554101 -0.0246485
1 35.3076 13.5752 0.0509584 -0.035453
1 36.4214 13.5757 0.048211 -0.0491547
1 37.5325 13.5744 0.0395904 -0.0610986
1 38.6425 13.5728 0.0404382 -0.0674124
1 39.7513 13.5734 0.0527303 -0.0691762
1 40.86 13.5764 0.0491126 -0.0687197
1 41.9696 13.5808 0.0480298 -0.0583365
1 43.08 13.587 0.0537503 -0.0504862
1 44.1986 13.5949 0.0390542 -0.0281289
1 0.0489601 14.558 -0.0313599 -0.0392502
1 1.1678 14.5513 -0.0478594 -0.0490135
1 2.27785 14.5456 -0.0423305 -0.0576742
1 3.38695 14.5419 -0.0358353 -0.0607157
1 4.49534 14.5399 -0.0433179 -0.0663655
1 5.60384 14.5396 -0.0439233 -0.0538792
1 6.71504 14.5401 -0.0468973 -0.0383794
1 7.8279 14.5397 -0.0521332 -0.0215083
1 8.94236 14.5381 -0.0497184 -0.0188631
1 10.0576 14.5364 -0.0439298 -0.0181197
1 11.1749 14.5354 -0.0303587 -0.0193131
1 12.295 14.5362 -0.0100832 -0.0201407
1 13.4152 14.538 0.00875452 -0.0277949
1 14.5361 14.5408 0.0303516 -0.0379454
1 15.66 14.544 0.0355188 -0.0405381
1 16.7857 14.5469 0.0308913 -0.044369
1 17.9112 14.549 0.0179228 -0.0454957
1 19.0342 14.5496 -0.00612595 -0.0380951
1 20.1546 14.5491 -0.00711906 -0.0255669
1 21.2766 14.5484 0.00633383 -0.014133
1 22.4008 14.5482 -0.00068981 -0.00868921
1 23.5241 14.5489 -0.000937362 -0.0176982
1 24.6449 14.5499 0.00313597 -0.0332405
1 25.7664 14.55 -0.00930748 -0.0425556
1 26.8912 14.5484 -0.0220646 -0.045374
1 28.017 14.5458 -0.0302543 -0.044696
1 29.1424 14.5429 -0.0330947 -0.0393003
1 30.2645 14.5396 -0.0244547 -0.0323551
1 31.3842 14.5375 -0.00509425 -0.0243948
1 32.5036 14.5361 0.0215252 -0.0238894
1 33.622 14.5359 0.0399008 -0.0179646
1 34.7389 14.5374 0.0418515 -0.0173161
1 35.8552 14.5394 0.0605353 -0.0202646
1 36.9693 14.5406 0.0701141 -0.030971
1 38.0814 14.5403 0.050125 -0.0499193
1 39.1908 14.5402 0.0350176 -0.0615955
1 40.2988 14.5414 0.0338257 -0.0617909
1 41.408 14.5444 0.0381737 -0.0615079
1 42.5182 14.5488 0.0503483 -0.0565229
1 43.6312 14.5548 0.04181 -0.0397095
1 0.614581 15.5183 -0.0337772 -0.0429212
1 1.72747 15.5141 -0.036359 -0.056848
1 2.83703 15.5107 -0.0289541 -0.0642935
1 3.94609 15.5077 -0.0259599 -0.0607637
1 5.05506 15.5067 -0.0341184 -0.0524284
1 6.16571 15.5058 -0.0493125 -0.0364589
1 7.27879 15.5046 -0.0613469 -0.0246579
1 8.39302 15.503 -0.0427251 -0.0184781
1 9.50783 15.502 -0.0283074 -0.0187663
1 10.623 15.5012 -0.0255726 -0.0202699
1 11.7395 15.5018 -0.0112057 -0.0243364
1 12.8578 15.5037 0.0126019 -0.0230508
1 13.9767 15.506 0.0376229 -0.031533
1 15.0985 15.5084 0.0451768 -0.0414599
1 16.2241 15.5107 0.0415019 -0.0464211
1 17.3503 15.5125 0.0356549 -0.0431313
1 18.4748 15.513 0.0152209 -0.0383193
1 19.5956 15.513 -0.00954308 -0.0309738
1 20.7156 15.5136 -0.0069371 -0.0164237
1 21.8387 15.5141 -0.000161688 -0.0118941
1 22.9627 15.5139 0.00120129 -0.0133266
1 24.0848 15.5134 0.0106946 -0.0224548
1 25.2044 15.5133 0.000256743 -0.0325709
1 26.3265 15.5132 -0.0268488 -0.040272
1 27.4522 15.512 -0.0423631 -0.0466874
1 28.5789 15.51 -0.0458647 -0.0454413
1 29.7024 15.5077 -0.0423934 -0.0367827
1 30.8221 15.5055 -0.0232079 -0.0291579
1 31.9415 15.5035 -0.00462115 -0.0250734
1 33.0598 15.5018 0.0123599 -0.0224428
1 34.1749 15.5019 0.01759 -0.0212637
1 35.2889 15.5028 0.0255996 -0.0204653
1 36.4024 15.5043 0.0436713 -0.0174982
1 37.5162 15.5057 0.0453993 -0.0301943
1 38.6287 15.507 0.0380847 -0.0437991
1 39.7387 15.5078 0.0329574 -0.0573018
1 40.8474 15.5098 0.0188344 -0.0613512
1 41.9563 15.5128 0.0195083 -0.0618913
1 43.0662 15.5166 0.024624 -0.0512551
1 44.1853 15.5222 0.0185678 -0.0477383
1 0.0585519 16.4848 -0.0146135 -0.044887
1 1.17663 16.4818 -0.0158583 -0.058434
1 2.28653 16.4793 -0.0093304 -0.0644129
1 3.39615 16.4766 -0.0148014 -0.0638437
1 4.50582 16.4739 -0.0275005 -0.0562638
1 5.61676 16.4721 -0.032053 -0.0413075
1 6.72984 16.4705 -0.0356444 -0.0261231
1 7.84327 16.4694 -0.0300578 -0.0226167
1 8.95595 16.4688 -0.0147007 -0.0213488
1 10.0684 16.469 -0.00945488 -0.0182197
1 11.1814 16.4697 -0.00137206 -0.0187435
1 12.2982 16.4712 0.00931266 -0.0241487
1 13.4171 16.4728 0.0297097 -0.0304929
1 14.5372 16.4745 0.0581634 -0.0402435
1 15.6612 16.4759 0.0604652 -0.0509484
1 16.7886 16.4773 0.0498871 -0.0523176
1 17.9144 16.4783 0.0301543 -0.0417929
1 19.0358 16.4786 -0.00357268 -0.0303688
1 20.154 16.4796 -0.015421 -0.0260675
1 21.2754 16.4806 -0.00670874 -0.0261389
1 22.4012 16.4807 0.00183212 -0.0249291
1 23.5253 16.4801 0.0113164 -0.0245731
1 24.6446 16.479 0.00824357 -0.0260454
1 25.764 16.4787 -0.0189832 -0.0340795
1 26.888 16.4783 -0.0405446 -0.0500631
1 28.0148 16.477 -0.0456789 -0.053377
1 29.1412 16.4759 -0.0546101 -0.0447128
1 30.2633 16.4745 -0.0536172 -0.0354094
1 31.3823 16.4727 -0.0249097 -0.0262848
1 32.4994 16.4711 0.00443043 -0.0206592
1 33.6143 16.47 0.0106903 -0.01892
1 34.7278 16.4696 0.00862359 -0.0211556
1 35.8411 16.4695 0.0273871 -0.0212281
1 36.9543 16.4702 0.0448107 -0.0271568
1 38.0676 16.4718 0.0377749 -0.0328377
1 39.1793 16.4735 0.0310347 -0.0489413
1 40.2892 16.4757 0.0198823 -0.0589625
1 41.3992 16.4786 0.015789 -0.0649752
1 42.5095 16.4811 0.0221344 -0.0620924
1 43.622 16.4835 0.0219962 -0.0548303
1 0.619227 17.4492 -0.0184504 -0.0623249
1 1.73187 17.4475 -0.0230435 -0.0619184
1 2.84296 17.4449 -0.0182964 -0.0552178
1 3.95427 17.4424 -0.0169322 -0.0479477
1 5.06491 17.4399 -0.0210833 -0.0381594
1 6.17641 17.438 -0.0321801 -0.0229418
1 7.28895 17.4367 -0.038839 -0.0108047
1 8.40133 17.4373 -0.0178966 -0.00232313
1 9.51324 17.4384 -0.00147182 -0.00107934
1 10.6254 17.4399 -0.00579421 0.00123816
1 11.7394 17.4409 0.00825378 -0.00219098
1 12.8565 17.4416 0.0341664 -0.0117492
1 13.9759 17.4425 0.0601409 -0.0214102
1 15.0988 17.4433 0.0653734 -0.0286355
1 16.2255 17.4442 0.0515232 -0.0363824
1 17.3522 17.4454 0.0344249 -0.0291346
1 18.4755 17.4466 0.0118522 -0.0112716
1 19.5944 17.4477 -0.00866707 -0.00294932
1 20.7134 17.4486 -0.00895877 -0.00669367
1 21.8382 17.4483 0.00157883 -0.0152892
1 22.9646 17.4483 0.00697089 -0.0116761
1 24.0868 17.4481 0.00946712 -0.00284404
1 25.2048 17.4471 -0.000583875 -0.00413948
1 26.3251 17.4463 -0.0268904 -0.0202603
1 27.4501 17.4452 -0.0494819 -0.0335927
1 28.5773 17.4443 -0.0654484 -0.0334671
1 29.7023 17.4436 -0.0671076 -0.0266437
1 30.8235 17.4427 -0.0383933 -0.0186539
1 31.9427 17.442 -0.0144803 -0.00448604
1 33.0592 17.4411 -0.00379314 0.00159565
1 34.1719 17.44 0.00168281 -0.000634544
1 35.2829 17.4385 0.00473364 -0.000230976
1 36.3942 17.4379 0.0132222 -0.00686589
1 37.5067 17.4379 0.0165585 -0.0177107
1 38.6188 17.4395 0.0216122 -0.0326496
1 39.7296 17.4417 0.0189286 -0.0413197
1 40.8402 17.4444 0.00516211 -0.05096
1 41.9508 17.4468 0.00497496 -0.0563847
1 43.0609 17.449 0.0087025 -0.0638754
1 44.1783 17.4497 -0.000383826 -0.0524514
1 0.0640821 18.4165 0.0135774 -0.0604605
1 1.18139 18.4161 -0.00425924 -0.0589213
1 2.29202 18.4136 -0.00383137 -0.0525601
1 3.40282 18.411 -0.00110296 -0.0422887
1 4.51353 18.4088 -0.00883819 -0.0289805
1 5.62399 18.4067 -0.0111773 -0.0182439
1 6.73534 18.4054 -0.0111037 -0.0015261
1 7.84584 18.4059 -0.0100372 0.0131457
1 8.95622 18.4079 0.00283335 0.0228842
1 10.0666 18.4103 0.002455 0.0201581
1 11.1792 18.4116 0.006548 0.0141171
1 12.2961 18.4115 0.0256126 0.00713675
1 13.416 18.4108 0.0504449 -0.00131847
1 14.5377 18.4111 0.0709919 -0.00673092
1 15.6627 18.412 0.0649471 -0.00737635
1 16.7897 18.4134 0.0466986 -0.00338913
1 17.914 18.415 0.0215208 0.00631228
1 19.0339 18.4163 -0.00272623 0.0210453
1 20.1522 18.4168 -0.00434281 0.0228239
1 21.2745 18.4165 0.00358846 0.0122695
1 22.4016 18.4161 -0.000865738 0.00941208
1 23.5267 18.4165 0.00432545 0.0191086
1 24.6465 18.4165 0.00505735 0.0239633
1 25.7652 18.4158 -0.0153948 0.0145147
1 26.8879 18.4143 -0.0355513 0.000316277
1 28.0139 18.413 -0.0480801 -0.00588537
1 29.1404 18.4122 -0.0669869 -0.00875655
1 30.2638 18.4117 -0.0692715 -0.0048042
1 31.3839 18.4118 -0.0444595 0.00654524
1 32.5017 18.4125 -0.0171023 0.010841
1 33.616 18.4119 -0.00263609 0.0170768
1 34.7277 18.41 -0.00248676 0.0237184
1 35.8391 18.4077 0.0151059 0.0177731
1 36.9508 18.4063 0.0316592 0.00456179
1 38.0618 18.4068 0.0246304 -0.00685569
1 39.1721 18.4085 0.00952892 -0.0237782
1 40.2823 18.4104 0.00811543 -0.038748
1 41.3935 18.4128 0.0164489 -0.0475607
1 42.505 18.4155 0.0251011 -0.0548079
1 43.6188 18.4167 0.0130727 -0.0609135
1 0.624637 19.3849 -0.00614145 -0.0586905
1 1.73868 19.3832 -0.0131714 -0.0518268
1 2.85024 19.3809 -0.00523067 -0.0511652
1 3.96057 19.3786 -5.03555e-05 -0.040778
1 5.06955 19.3769 -0.00417151 -0.0210288
1 6.17872 19.3758 -0.0156241 -0.00589283
1 7.2884 19.3765 -0.026784 0.0107302
1 8.39856 19.3783 -0.0133473 0.0200209
1 9.50952 19.3811 0.0115212 0.0203528
1 10.6221 19.3831 0.0129286 0.011757
1 11.7378 19.3833 0.0246692 0.0036347
1 12.8563 19.3815 0.0496064 -0.000619818
1 13.9764 19.3805 0.0696632 -0.00560735
1 15.0996 19.3813 0.0621294 -0.00116618
1 16.2257 19.3827 0.0444048 0.00176369
1 17.3512 19.3846 0.0328542 0.00582123
1 18.4741 19.3863 0.0153568 0.0151233
1 19.5933 19.3867 -0.00346344 0.0231835
1 20.7129 19.3861 -0.00241787 0.020621
1 21.838 19.3854 0.00347276 0.0143723
1 22.965 19.3857 -0.00185614 0.0144157
1 24.0876 19.3864 0.0011597 0.0208236
1 25.2061 19.3866 -0.0015038 0.0190176
1 26.3265 19.3856 -0.0214626 0.00912439
1 27.4508 19.384 -0.0409539 0.00387916
1 28.5771 19.3824 -0.0592548 0.00229003
1 29.7019 19.3813 -0.0726395 -0.00050826
1 30.8232 19.3815 -0.0565346 -0.00074653
1 31.9433 19.3835 -0.0345926 0.00115307
1 33.0616 19.3844 -0.0199896 0.00764315
1 34.1756 19.3831 -0.0133143 0.0177687
1 35.2862 19.3805 -0.00751 0.019875
1 36.3958 19.3781 0.00984621 0.0176562
1 37.5054 19.3768 0.0101719 0.00528004
1 38.6154 19.3768 0.00567869 -0.0112367
1 39.7248 19.3784 0.00483393 -0.0328873
1 40.8343 19.3802 -0.000900073 -0.0478933
1 41.9444 19.3823 0.00160222 -0.0513664
1 43.0555 19.3845 -0.000205027 -0.0513099
1 44.1729 19.3861 -0.0162167 -0.0643846
1 0.0728973 20.3576 0.0192289 -0.0615185
1 1.18865 20.3541 0.00683902 -0.0503701
1 2.29882 20.3524 0.0107098 -0.0455697
1 3.40854 20.3516 0.00995434 -0.0427536
1 4.51682 20.3508 -0.00620329 -0.0312214
1 5.62444 20.35 -0.0106372 -0.0110303
1 6.73321 20.3508 -0.00979767 0.00319577
1 7.84253 20.3525 -0.00545906 0.0107357
1 8.95234 20.3551 0.0132695 0.00927459
1 10.0635 20.357 0.0233027 0.00438789
1 11.1783 20.358 0.0293765 -0.00364767
1 12.2971 20.3573 0.0401813 -0.00256387
1 13.4172 20.3552 0.0561564 -0.00210513
1 14.5377 20.3547 0.0681593 -0.00201519
1 15.6622 20.3562 0.0601529 0.0032634
1 16.7888 20.3584 0.0461793 0.00787864
1 17.9131 20.3601 0.0207708 0.0106104
1 19.0338 20.3609 -0.0023455 0.0175826
1 20.1527 20.3604 -0.00232192 0.023319
1 21.2749 20.3596 0.00549218 0.0201085
1 22.4014 20.3593 -0.00343067 0.0174493
1 23.5264 20.36 0.00218651 0.0217144
1 24.6466 20.3609 0.00591332 0.0184405
1 25.7659 20.3609 -0.0157802 0.0105007
1 26.889 20.3593 -0.0356493 0.00782471
1 28.0147 20.3576 -0.0466889 0.00936472
1 29.1408 20.356 -0.0623329 0.00310343
1 30.263 20.3554 -0.0695185 -0.00236385
1 31.3823 20.3568 -0.0540864 -0.0019245
1 32.5012 20.3586 -0.031535 -0.00421281
1 33.6183 20.3583 -0.0183842 -0.00142672
1 34.7321 20.357 -0.0186738 0.00904808
1 35.8438 20.3547 0.00367154 0.0113524
1 36.9538 20.3524 0.0259592 0.00898417
1 38.0626 20.3507 0.0162115 -0.00499097
1 39.1705 20.3508 0.00539294 -0.0221002
1 40.2782 20.3514 -0.00247218 -0.0371715
1 41.3875 20.3522 -0.00333872 -0.0456412
1 42.4985 20.3531 0.00727344 -0.0475724
1 43.6122 20.3556 0.0111434 -0.0529411
1 0.632754 21.3277 -0.00672001 -0.0420499
1 1.74462 21.3255 -0.00613569 -0.0428103
1 2.85396 21.3252 0.0076359 -0.0365036
1 3.9624 21.3259 0.00808997 -0.025053
1 5.06932 21.3265 -0.00673698 -0.0114554
1 6.17607 21.3274 -0.0181043 -0.00043886
1 7.2845 21.3289 -0.0182272 0.0059161
1 8.39492 21.3307 0.00893266 0.00802021
1 9.50757 21.3322 0.0309069 0.00783972
1 10.6221 21.3335 0.0257476 0.00248375
1 11.7393 21.3339 0.0289895 0.00472377
1 12.8582 21.3329 0.0513891 0.0106978
1 13.9771 21.3318 0.072734 0.0152255
1 15.0989 21.3318 0.0638614 0.0189488
1 16.2249 21.3336 0.0510357 0.0244264
1 17.351 21.3357 0.0415459 0.0312283
1 18.4744 21.3366 0.0181503 0.0355775
1 19.594 21.3361 -0.00531244 0.0394956
1 20.7137 21.3356 0.000963812 0.0455726
1 21.8383 21.3356 0.00624627 0.0496883
1 22.9645 21.3357 -0.00449271 0.0467937
1 24.0868 21.3361 0.00257362 0.0408729
1 25.2059 21.3368 -0.000916884 0.0367314
1 26.327 21.3366 -0.029564 0.0332695
1 27.4513 21.335 -0.0521004 0.0292294
1 28.5776 21.3329 -0.0600747 0.0233129
1 29.7019 21.3322 -0.0734808 0.0178512
1 30.8217 21.3328 -0.0617419 0.0112365
1 31.9415 21.3339 -0.0400678 0.00621782
1 33.0607 21.3344 -0.031992 0.00278336
1 34.176 21.3336 -0.0353136 0.00325247
1 35.2886 21.3322 -0.0262657 0.00920888
1 36.3994 21.3303 0.000490079 0.00936365
1 37.5089 21.3285 0.011565 0.00360601
1 38.617 21.3272 0.01213 -0.00668413
1 39.7241 21.3263 0.00583876 -0.0160692
1 40.8314 21.3254 -0.0115557 -0.0309911
1 41.9399 21.325 -0.0114592 -0.0404342
1 43.0481 21.3264 -0.00774902 -0.044615
1 44.1618 21.3309 -0.0216653 -0.0347981
1 0.0830576 22.3035 0.024306 -0.0187888
1 1.19539 22.3007 0.00900508 -0.0320265
1 2.30138 22.2998 0.0031151 -0.0265568
1 3.40792 22.3004 0.00150518 -0.014826
1 4.51475 22.3017 -0.00520155 0.000446905
1 5.62178 22.3033 -0.00600704 0.00266103
1 6.73078 22.3046 -0.00549084 0.00607789
1 7.84076 22.3052 0.0105477 0.00909612
1 8.9517 22.3057 0.0336814 0.0163875
1 10.0643 22.3069 0.0354676 0.016912
1 11.1798 22.308 0.0330508 0.019605
1 12.2988 22.3081 0.0423322 0.0204675
1 13.4186 22.3074 0.0625159 0.0281682
1 14.5385 22.3064 0.078047 0.0398824
1 15.662 22.3069 0.0725448 0.0441434
1 16.7881 22.3087 0.0601519 0.0505981
1 17.9131 22.3095 0.0385442 0.0590375
1 19.0345 22.3091 0.0118254 0.0607441
1 20.1531 22.3086 -0.00131348 0.0653254
1 21.275 22.3088 -0.00145405 0.0725853
1 22.4014 22.3089 -0.00563194 0.0756544
1 23.5265 22.3088 0.00250092 0.070826
1 24.6462 22.3092 -0.00194528 0.0622209
1 25.7655 22.3099 -0.0290685 0.0600888
1 26.8891 22.3097 -0.0458828 0.0559234
1 28.015 22.3082 -0.0563975 0.0479751
1 29.1405 22.3068 -0.0723746 0.0421454
1 30.2622 22.3072 -0.0767002 0.0331164
1 31.3813 22.308 -0.0577458 0.0226528
1 32.4999 22.3086 -0.0377745 0.0220264
1 33.617 22.3084 -0.0318161 0.0176661
1 34.7317 22.307 -0.0357532 0.015968
1 35.8448 22.306 -0.0127344 0.0128794
1 36.9561 22.3051 0.0138589 0.00771488
1 38.0655 22.3044 0.0128299 0.00652737
1 39.1731 22.3026 0.00504123 0.0033777
1 40.2794 22.3012 -0.0027927 -0.00653956
1 41.3863 22.2997 -0.00267906 -0.0220908
1 42.4935 22.2999 0.00739383 -0.0312655
1 43.6035 22.3019 0.00299662 -0.0256587
1 0.638069 23.2766 -0.00211814 -0.00750058
1 1.7473 23.2759 -0.0170052 -0.0097065
1 2.85331 23.2758 -0.0116269 -0.00450378
1 3.9593 23.2765 -0.00241171 0.00250242
1 5.06555 23.2773 0.00295439 0.00519474
1 6.17389 23.278 -0.00534429 0.00567456
1 7.28465 23.2781 -0.00658129 0.0035269
1 8.39634 23.2782 0.014943 0.00640676
1 9.50876 23.2782 0.0346497 0.0103061
1 10.6228 23.279 0.0317805 0.0124592
1 11.74 23.2794 0.0451496 0.0148963
1 12.859 23.2791 0.0650468 0.0166542
1 13.9781 23.2787 0.0809234 0.0207091
1 15.0992 23.2785 0.0756037 0.0263382
1 16.2243 23.2789 0.0631928 0.0319585
1 17.3507 23.2793 0.056173 0.0322567
1 18.4746 23.2792 0.0365106 0.0330519
1 19.5938 23.2789 0.00526264 0.0365037
1 20.7131 23.2789 -0.00303572 0.0402803
1 21.8383 23.2792 0.00085586 0.0404809
1 22.9653 23.2793 -0.000898468 0.0395004
1 24.0875 23.2793 4.6097e-05 0.0394308
1 25.2056 23.2795 -0.0142207 0.0366703
1 26.3267 23.2798 -0.0446799 0.0337504
1 27.4518 23.2797 -0.0651438 0.0328896
1 28.5781 23.2791 -0.0722782 0.0285815
1 29.7012 23.2788 -0.0815795 0.022475
1 30.8205 23.2792 -0.0677671 0.0178347
1 31.9407 23.2797 -0.050358 0.0145904
1 33.0605 23.2797 -0.0387125 0.0135258
1 34.1761 23.279 -0.0368022 0.0134758
1 35.2879 23.2787 -0.0348394 0.011136
1 36.3989 23.2787 -0.0188333 0.00435045
1 37.5098 23.2785 -0.00995762 0.00635167
1 38.6201 23.2779 -0.00323692 0.007048
1 39.7273 23.2769 0.00487948 0.00656867
1 40.8332 23.2761 0.00328869 -0.00133904
1 41.9382 23.2759 0.00141499 -0.00629569
1 43.0427 23.276 -0.0104824 -0.0126356
1 44.1543 23.2765 -0.0324181 -0.0103899
1 0.0856321 24.2508 0.0303085 0.0106039
1 1.19709 24.2517 0.0106326 0.012556
1 2.30174 24.252 -0.000609873 0.00744794
1 3.40687 24.2519 -0.00292468 0.00224102
1 4.51289 24.2511 -0.00459988 -0.0054167
1 5.62025 24.2501 0.00278116 -0.0064981
1 6.73059 24.2496 0.00994618 -0.00648823
1 7.8413 24.2493 0.0184146 -0.00511493
1 8.95224 24.2492 0.0334905 -0.010986
1 10.0639 24.249 0.0350129 -0.0135044
1 11.1792 24.2483 0.0373274 -0.0128791
1 12.2989 24.2484 0.0499916 -0.0141786
1 13.4191 24.249 0.0669711 -0.016864
1 14.5386 24.2492 0.0794623 -0.0209437
1 15.6615 24.2488 0.0743216 -0.0265801
1 16.788 24.2481 0.0682251 -0.0310449
1 17.9133 24.2479 0.0468656 -0.0325958
1 19.0346 24.2483 0.0139704 -0.0361389
1 20.1528 24.2486 3.44375e-05 -0.0399289
1 21.2747 24.2487 -9.44061e-05 -0.0404618
1 22.4016 24.2487 -0.00250819 -0.0401447
1 23.527 24.2489 0.00390777 -0.0410689
1 24.6466 24.2489 -0.00488251 -0.0364809
1 25.7656 24.2486 -0.0360269 -0.0322704
1 26.8892 24.2485 -0.0566772 -0.0307249
1 28.0155 24.249 -0.063177 -0.03072
1 29.1406 24.2495 -0.0761575 -0.024735
1 30.2617 24.2494 -0.0802046 -0.0194241
1 31.3807 24.249 -0.0656756 -0.0160183
1 32.4997 24.2486 -0.0470887 -0.0143045
1 33.617 24.249 -0.0330298 -0.0116169
1 34.731 24.2497 -0.0332077 -0.00998727
1 35.8436 24.2498 -0.0138017 -0.00646251
1 36.9554 24.2499 0.00707804 -0.00322821
1 38.0662 24.2501 0.00555086 -0.00551958
1 39.1748 24.2507 -0.00215184 -0.00467706
1 40.2809 24.2516 0.00385316 -0.0014856
1 41.3866 24.2522 0.0117342 0.00631675
1 42.4926 24.2518 0.0168006 0.0109496
1 43.6021 24.2508 0.00094824 0.00774593
1 0.636232 25.2256 -0.00388418 0.026036
1 1.74602 25.2277 -0.0089054 0.0305734
1 2.8534 25.2281 0.00232711 0.0217519
1 3.96054 25.2266 0.00467099 0.00653326
1 5.06711 25.2253 -0.0032954 -0.00389298
1 6.17461 25.2236 -0.0116434 -0.00680205
1 7.2841 25.2228 -0.0123382 -0.00786963
1 8.39524 25.222 0.0138747 -0.0121702
1 9.50811 25.2209 0.0367286 -0.0152961
1 10.6227 25.2195 0.0309525 -0.0170081
1 11.7397 25.2193 0.036224 -0.0203368
1 12.8584 25.2199 0.0568279 -0.0215973
1 13.9775 25.2207 0.0762302 -0.0316813
1 15.0994 25.2209 0.0723515 -0.0406674
1 16.2248 25.2194 0.0582124 -0.0457923
1 17.3509 25.2178 0.0469475 -0.0543301
1 18.4747 25.2177 0.0306286 -0.0587683
1 19.5941 25.2185 0.00286873 -0.0611543
1 20.7137 25.2189 -0.00202251 -0.069518
1 21.8386 25.2188 0.00397037 -0.0750551
1 22.9651 25.2188 0.000657009 -0.0703307
1 24.0872 25.219 0.00163071 -0.0644304
1 25.2056 25.2185 -0.0127347 -0.0598974
1 26.3268 25.2182 -0.0386597 -0.0573267
1 27.4516 25.219 -0.0586124 -0.0498889
1 28.5776 25.2208 -0.0711255 -0.04308
1 29.7011 25.2214 -0.0795031 -0.038156
1 30.821 25.2205 -0.0629805 -0.0261634
1 31.9408 25.2199 -0.0428624 -0.0190824
1 33.0599 25.2199 -0.0340869 -0.0188142
1 34.1757 25.221 -0.0378155 -0.0160058
1 35.2884 25.2222 -0.035669 -0.0158648
1 36.3993 25.2227 -0.0109528 -0.00798349
1 37.5095 25.2234 0.00552674 -0.00579257
1 38.6185 25.2246 0.00478576 -0.00298724
1 39.7257 25.2262 0.00406722 -0.0011789
1 40.8324 25.2275 -0.0022655 0.0161248
1 41.939 25.228 -0.001713 0.0269633
1 43.0447 25.2267 -0.00683185 0.0324497
1 44.157 25.2239 -0.0248033 0.0194154
1 0.0780817 26.1966 0.0200173 0.0346279
1 1.19162 26.201 0.00752051 0.0443358
1 2.29991 26.2023 0.0102858 0.039943
1 3.40857 26.202 0.0107852 0.0301301
1 4.516 26.2012 -0.00569145 0.0165293
1 5.62313 26.2004 -0.0119134 0.00675928
1 6.73137 26.1992 -0.0109816 -0.00341382
1 7.84075 26.1974 -0.000285415 -0.00901246
1 8.95157 26.1955 0.0244487 -0.00769395
1 10.064 26.1939 0.0331304 -0.00242065
1 11.179 26.1932 0.0314136 -0.00230814
1 12.2979 26.1937 0.0391532 -0.00535286
1 13.4179 26.1947 0.0599878 -0.0112055
1 14.538 26.1953 0.0727298 -0.0177108
1 15.6623 26.1945 0.0631131 -0.0223509
1 16.7887 26.1922 0.0550605 -0.0282931
1 17.9131 26.1907 0.0299887 -0.0337229
1 19.0342 26.1906 -6.9986e-05 -0.0362981
1 20.1533 26.1913 -0.00170834 -0.0402941
1 21.2755 26.1917 0.00475277 -0.045565
1 22.4017 26.1918 -0.00625362 -0.0487152
1 23.5265 26.1917 0.000112751 -0.0446863
1 24.6463 26.1911 0.00570829 -0.0388684
1 25.7656 26.1907 -0.0190497 -0.0354603
1 26.8889 26.1917 -0.0433355 -0.0307708
1 28.0147 26.1938 -0.0509592 -0.0249688
1 29.1407 26.1956 -0.0640654 -0.0185186
1 30.2624 26.1957 -0.0723941 -0.0145338
1 31.3814 26.1947 -0.0521116 -0.00940197
1 32.5003 26.1938 -0.0302064 -0.00442715
1 33.6177 26.1942 -0.026383 -0.0011542
1 34.7322 26.1955 -0.0304338 -0.00736515
1 35.845 26.1969 -0.00850603 -0.00762169
1 36.9556 26.1987 0.0191387 -0.00533247
1 38.064 26.2001 0.0180587 0.000702167
1 39.1711 26.2011 0.00728994 0.0123472
1 40.2779 26.2017 -0.00747258 0.0254068
1 41.3863 26.2022 -0.00719963 0.0368376
1 42.4955 26.2019 0.00660083 0.0430132
1 43.6073 26.1996 0.0077777 0.0413171
1 0.627643 27.1718 -0.010293 0.0517574
1 1.74136 27.174 -0.00768427 0.0472897
1 2.8524 27.1749 0.00252272 0.0451673
1 3.9619 27.1758 0.0025818 0.0371112
1 5.06973 27.1763 -0.00425915 0.0220174
1 6.17738 27.1766 -0.0160777 0.00678858
1 7.28615 27.1749 -0.0246803 -0.00787144
1 8.39608 27.1726 -0.00207921 -0.0108133
1 9.50759 27.1703 0.0203735 -0.00897114
1 10.6213 27.169 0.0180546 0.000769754
1 11.7384 27.1687 0.0304671 0.00453849
1 12.8574 27.1704 0.0522257 0.00206611
1 13.9767 27.1718 0.0681895 0.00311488
1 15.0992 27.1711 0.0613901 -0.00296967
1 16.2252 27.1694 0.0473419 -0.00856558
1 17.3511 27.1677 0.0348899 -0.00867738
1 18.4742 27.1662 0.0161023 -0.010712
1 19.5938 27.1663 -0.004881 -0.0182336
1 20.7138 27.1671 -0.000586117 -0.0211329
1 21.8387 27.1678 0.00404874 -0.0168108
1 22.9652 27.1676 -0.00493308 -0.0188865
1 24.0876 27.1667 0.00174357 -0.0224397
1 25.2063 27.1661 0.000845862 -0.0172964
1 26.3268 27.1669 -0.0215557 -0.00975749
1 27.4509 27.1687 -0.044119 -0.00792968
1 28.5773 27.1708 -0.0579014 -0.00375892
1 29.7018 27.1724 -0.0681033 0.00204778
1 30.8222 27.172 -0.0559028 0.0026487
1 31.9423 27.17 -0.0401663 0.00240941
1 33.0615 27.1693 -0.0297645 0.0033893
1 34.1765 27.1703 -0.0253881 -0.00469265
1 35.2879 27.1722 -0.0155052 -0.00966353
1 36.3978 27.1747 0.00533902 -0.0105981
1 37.5073 27.1764 0.00962455 -0.00231901
1 38.616 27.1771 0.0103776 0.0122559
1 39.7236 27.1763 0.00670105 0.0318533
1 40.8317 27.1755 -0.00969584 0.04347
1 41.9413 27.1747 -0.0111801 0.0458194
1 43.0514 27.1733 -0.00705943 0.0501724
1 44.1672 27.1696 -0.020171 0.0601984
1 0.067162 28.1416 0.0171986 0.0629025
1 1.18447 28.1428 0.000994768 0.0501053
1 2.29564 28.1449 -0.00154603 0.050276
1 3.40588 28.1469 0.000575069 0.0457119
1 4.51557 28.1488 -0.00578925 0.0321664
1 5.62491 28.1505 -0.00708289 0.0118356
1 6.73487 28.1506 -0.0107282 -0.00420327
1 7.84434 28.1493 -0.00880277 -0.0168433
1 8.95405 28.1469 0.00666943 -0.0199124
1 10.0645 28.1444 0.0116605 -0.0179103
1 11.1782 28.1431 0.0192602 -0.00808483
1 12.2963 28.1439 0.0344553 -0.00120544
1 13.4164 28.1458 0.0560957 0.000792125
1 14.5377 28.1459 0.0725152 0.00104804
1 15.6626 28.1448 0.0615959 -0.00159162
1 16.7892 28.1431 0.0424986 -0.00382229
1 17.9136 28.1416 0.0211638 -0.00991186
1 19.0341 28.1407 0.000575787 -0.0182508
1 20.1527 28.1408 -0.00160598 -0.0199458
1 21.2751 28.1415 0.00185221 -0.0138464
1 22.4021 28.1418 -0.00465953 -0.0135037
1 23.5273 28.1412 0.00221332 -0.0197232
1 24.647 28.1405 0.0028471 -0.0218653
1 25.7659 28.1408 -0.0164575 -0.0137917
1 26.8887 28.1426 -0.0326493 -0.0047117
1 28.014 28.1446 -0.0431299 -0.00211216
1 29.14 28.1458 -0.0624459 0.00102977
1 30.2631 28.1467 -0.0706691 0.00526836
1 31.3833 28.1458 -0.0509815 0.000132981
1 32.5017 28.144 -0.0250998 -0.00437464
1 33.6176 28.1442 -0.0129547 -0.0123467
1 34.7303 28.1462 -0.0102908 -0.0210892
1 35.8415 28.1491 0.0145556 -0.0204792
1 36.9519 28.1508 0.0277145 -0.0103671
1 38.0616 28.1514 0.016905 0.00621923
1 39.1708 28.1502 0.00612293 0.0220514
1 40.2795 28.1485 0.00153272 0.0408035
1 41.3897 28.1462 0.0042757 0.0504171
1 42.5012 28.1442 0.0121536 0.051147
1 43.6154 28.1426 0.0057937 0.05817
1 0.621389 29.1108 -0.0113637 0.0603343
1 1.73503 29.1118 -0.0243069 0.0534322
1 2.84653 29.1144 -0.0173837 0.0456309
1 3.95789 29.1169 -0.00932 0.0367954
1 5.06822 29.119 -0.0107996 0.0223602
1 6.17849 29.1207 -0.0256258 0.00605607
1 7.28941 29.1213 -0.0316441 -0.0052447
1 8.40094 29.1198 -0.0146556 -0.0174677
1 9.51212 29.1176 0.00368517 -0.0234375
1 10.6237 29.1155 0.00245047 -0.0170048
1 11.738 29.1149 0.0171331 -0.0116272
1 12.8559 29.1155 0.0436373 -0.00715407
1 13.976 29.1157 0.06816 0.0041739
1 15.0995 29.115 0.0668192 0.00813204
1 16.226 29.1142 0.0495445 0.0060697
1 17.3522 29.1129 0.035417 -0.00106514
1 18.475 29.1116 0.0148558 -0.0154544
1 19.5939 29.1109 -0.00608876 -0.0247715
1 20.7135 29.1107 -0.00309618 -0.0192768
1 21.8386 29.1111 0.00169304 -0.010129
1 22.9654 29.1108 -0.00290451 -0.0132452
1 24.0879 29.1104 0.00384654 -0.0234221
1 25.2061 29.111 0.00145468 -0.0211185
1 26.3259 29.1123 -0.0217446 -0.00624502
1 27.45 29.1141 -0.044437 0.00286646
1 28.5768 29.1153 -0.0628154 0.00557284
1 29.7018 29.1162 -0.0709179 0.00560518
1 30.8233 29.1165 -0.0512858 0.000971144
1 31.9434 29.1158 -0.0254687 -0.00823498
1 33.0606 29.1157 -0.00695258 -0.0140963
1 34.1736 29.1171 -0.00368544 -0.0200019
1 35.2842 29.1195 -0.00401372 -0.0228414
1 36.3946 29.1214 0.0111438 -0.0139156
1 37.5052 29.122 0.011205 0.00131184
1 38.6163 29.1207 0.0115929 0.0178915
1 39.7267 29.1185 0.0105596 0.0279139
1 40.8372 29.1162 0.00190331 0.0414623
1 41.9479 29.1137 0.00426465 0.0514179
1 43.0586 29.1114 0.00382518 0.0581762
1 44.1761 29.1111 -0.0147203 0.0604428
1 0.0619898 30.0777 0.00115175 0.0529158
1 1.17929 30.0784 -0.00740876 0.0630379
1 2.2893 30.0805 -0.0039099 0.0557287
1 3.39985 30.0828 -0.00536236 0.0501917
1 4.5106 30.0856 -0.0197564 0.0405326
1 5.6214 30.0878 -0.0237575 0.0312574
1 6.73375 30.0895 -0.0174023 0.0158891
1 7.84612 30.0896 -0.0133628 0.00649866
1 8.95743 30.089 -0.00658536 -0.000400324
1 10.0682 30.0875 -0.00379631 0.000392473
1 11.1807 30.0863 0.00352843 -0.0017659
1 12.2969 30.0853 0.0145424 0.005148
1 13.416 30.0845 0.0384062 0.0182845
1 14.5374 30.0837 0.0676999 0.0265509
1 15.6624 30.083 0.0682548 0.0333588
1 16.7898 30.082 0.0519992 0.0326899
1 17.915 30.0811 0.0275198 0.0187497
1 19.0354 30.0803 -0.000520014 0.00271782
1 20.1534 30.0792 -0.00990622 0.00178743
1 21.2753 30.0788 -0.00645866 0.0100033
1 22.4019 30.0788 -0.00227107 0.0141667
1 23.5267 30.0786 0.00821713 0.00561548
1 24.646 30.0795 0.00716818 0.00154712
1 25.7646 30.0806 -0.0132164 0.0101951
1 26.8877 30.082 -0.0334334 0.0278237
1 28.0142 30.0832 -0.0495174 0.0344018
1 29.1409 30.0839 -0.0652075 0.0276856
1 30.2638 30.0847 -0.0613359 0.020794
1 31.3832 30.0856 -0.0355379 0.011931
1 32.5003 30.0863 -0.00828066 0.00234394
1 33.6145 30.0874 0.00549025 -0.00177195
1 34.7267 30.0888 0.00248669 0.00124122
1 35.8388 30.09 0.0185511 0.00218345
1 36.9513 30.0906 0.0388848 0.0103684
1 38.0638 30.0894 0.0326811 0.0225395
1 39.1753 30.0874 0.0226134 0.0379046
1 40.2858 30.0847 0.0179913 0.0472281
1 41.397 30.0823 0.0177357 0.054489
1 42.5081 30.0798 0.0234724 0.0614951
1 43.6209 30.0782 0.0193728 0.0625627
1 0.618145 31.0441 -0.0206953 0.0545077
1 1.73066 31.0465 -0.0221006 0.0617861
1 2.8409 31.049 -0.0164748 0.0652232
1 3.95078 31.0519 -0.019003 0.0589743
1 5.0607 31.054 -0.0302176 0.047503
1 6.17243 31.0556 -0.0377985 0.0312649
1 7.28584 31.0574 -0.0451859 0.0256819
1 8.39892 31.0581 -0.0279073 0.0204651
1 9.51196 31.0581 -0.00897186 0.0202237
1 10.6255 31.0576 -0.0110829 0.0190002
1 11.7402 31.0564 -0.00458203 0.0209687
1 12.8574 31.0547 0.024147 0.0263537
1 13.9764 31.0529 0.0528976 0.035296
1 15.0988 31.0516 0.0553666 0.0446908
1 16.2251 31.0504 0.0487131 0.0527938
1 17.352 31.0492 0.042181 0.0491558
1 18.4762 31.0488 0.0180138 0.0334271
1 19.5957 31.0485 -0.0100639 0.0257539
1 20.7149 31.0473 -0.0120966 0.0232807
1 21.8389 31.0467 -0.000671812 0.0234308
1 22.9644 31.0467 0.00671374 0.0250772
1 24.0862 31.0477 0.0144617 0.0254791
1 25.2044 31.0487 0.00183469 0.0291399
1 26.3257 31.0491 -0.0288768 0.040651
1 27.4513 31.0503 -0.0474688 0.0512103
1 28.5785 31.0516 -0.0579615 0.049474
1 29.7026 31.0528 -0.0579136 0.039733
1 30.8225 31.0544 -0.0308789 0.0304835
1 31.9414 31.0562 -0.0097975 0.0240028
1 33.0585 31.0576 0.000700419 0.0189281
1 34.1718 31.0583 0.00604876 0.0177252
1 35.2844 31.0586 0.0127177 0.0208827
1 36.3969 31.058 0.0308544 0.0224379
1 37.5104 31.0571 0.0361778 0.026074
1 38.6234 31.0554 0.0318724 0.0402597
1 39.7344 31.0536 0.0286271 0.0559728
1 40.8439 31.0508 0.0154153 0.0641593
1 41.9535 31.0481 0.00857836 0.0641431
1 43.0634 31.0457 0.0153415 0.0583546
1 44.1817 31.0429 0.0146618 0.0434015
1 0.05508 32.0055 -0.018351 0.0474904
1 1.17394 32.0109 -0.025611 0.0515117
1 2.28375 32.015 -0.0214327 0.0626456
1 3.39259 32.018 -0.0176508 0.062365
1 4.5014 32.0198 -0.0311091 0.0577184
1 5.61134 32.0206 -0.0373573 0.0437414
1 6.72393 32.0218 -0.0445262 0.0304835
1 7.83768 32.0234 -0.0434811 0.0182949
1 8.95126 32.0249 -0.0268534 0.0218441
1 10.0651 32.0258 -0.0205545 0.0225981
1 11.1801 32.0258 -0.0129734 0.0236608
1 12.2981 32.024 0.00507252 0.0259076
1 13.4175 32.022 0.0235013 0.0296649
1 14.5374 32.0199 0.0424769 0.0369841
1 15.6609 32.0175 0.0481477 0.045933
1 16.7879 32.0155 0.045071 0.04687
1 17.9137 32.0144 0.0284015 0.0411571
1 19.0358 32.0143 -0.000774675 0.0337776
1 20.1554 32.0141 -0.0112717 0.0226748
1 21.2772 32.0136 -0.00147031 0.0133992
1 22.4013 32.0134 -0.000877124 0.0119721
1 23.5247 32.0137 0.00476282 0.016288
1 24.6448 32.0143 0.00725228 0.0297329
1 25.7653 32.0145 -0.0152461 0.0382085
1 26.8897 32.0152 -0.034 0.0429164
1 28.0159 32.017 -0.0391583 0.0463682
1 29.1416 32.0191 -0.0446538 0.0415406
1 30.2631 32.0215 -0.039312 0.0319324
1 31.3818 32.0236 -0.0136722 0.0239518
1 32.5001 32.0255 0.0102122 0.025523
1 33.6168 32.0262 0.0243097 0.021988
1 34.7319 32.0254 0.0261916 0.0208793
1 35.847 32.0245 0.0420011 0.0201412
1 36.9613 32.023 0.0619515 0.0262474
1 38.0744 32.0218 0.0508804 0.0368832
1 39.1852 32.0208 0.0347739 0.052145
1 40.2942 32.0198 0.0263723 0.0616295
1 41.4031 32.0169 0.0282954 0.0667052
1 42.5126 32.0134 0.0364142 0.057988
1 43.6253 32.0092 0.0338284 0.0427523
1 0.609074 32.9726 -0.0409637 0.0398745
1 1.72185 32.9788 -0.0492141 0.0567643
1 2.83205 32.9832 -0.0390406 0.0607893
1 3.94137 32.9863 -0.0332116 0.0610919
1 5.04933 32.9873 -0.0336297 0.0615196
1 6.15857 32.9872 -0.0477413 0.0496175
1 7.27064 32.9869 -0.0684417 0.0306547
1 8.38472 32.9882 -0.0601408 0.0191522
1 9.50079 32.9901 -0.0438672 0.0168431
1 10.6178 32.9916 -0.0415848 0.0170947
1 11.7361 32.9913 -0.022484 0.0226045
1 12.8556 32.99 0.00430377 0.0235224
1 13.9754 32.9879 0.0237957 0.0310287
1 15.0977 32.9846 0.0341551 0.037634
1 16.2231 32.9817 0.0330619 0.0433037
1 17.3489 32.9791 0.0239229 0.0447615
1 18.4739 32.9776 0.00893888 0.0416212
1 19.5956 32.9778 -0.0042333 0.0330254
1 20.7162 32.9787 0.000469842 0.0164255
1 21.8394 32.9793 0.00232548 0.00779286
1 22.9633 32.979 -0.00532095 0.0126892
1 24.0855 32.9783 0.00646377 0.0238668
1 25.2059 32.9778 0.00496128 0.0355128
1 26.3288 32.9785 -0.0164695 0.0434133
1 27.4543 32.9808 -0.0297464 0.0427047
1 28.5798 32.9837 -0.0344795 0.0389901
1 29.7035 32.9867 -0.0311707 0.0370628
1 30.8243 32.9894 -0.00864684 0.0267376
1 31.9446 32.9911 0.009957 0.019942
1 33.0648 32.9919 0.0294998 0.0191412
1 34.1823 32.991 0.0411676 0.0185518
1 35.2977 32.9893 0.0484977 0.0186853
1 36.4122 32.9878 0.0524416 0.0211677
1 37.5253 32.9874 0.0478321 0.0371819
1 38.6364 32.9877 0.0441942 0.0531016
1 39.7449 32.9874 0.0428777 0.0670923
1 40.8531 32.9855 0.0352684 0.0611435
1 41.9622 32.9819 0.0408124 0.0586582
1 43.0721 32.9761 0.0473895 0.050262
1 44.1911 32.9692 0.0307623 0.0402335
1 0.0417426 33.9326 -0.0398254 0.0288051
1 1.16019 33.9406 -0.0537128 0.0512164
1 2.27053 33.9468 -0.0487452 0.0580514
1 3.38004 33.9513 -0.0490735 0.0671023
1 4.48894 33.9542 -0.0526524 0.0670881
1 5.5977 33.9548 -0.039215 0.0664873
1 6.70768 33.9532 -0.0379467 0.0595589
1 7.81878 33.9518 -0.0468501 0.0468211
1 8.93249 33.9523 -0.0513799 0.0340962
1 10.0484 33.9541 -0.0575939 0.02228
1 11.1671 33.9553 -0.0467373 0.0202015
1 12.2889 33.9554 -0.020142 0.021981
1 13.411 33.9541 -0.00146615 0.0294268
1 14.5333 33.9513 0.0218058 0.0392649
1 15.6577 33.9479 0.0287827 0.0426932
1 16.7841 33.9443 0.0202495 0.0445126
1 17.91 33.9408 0.00860326 0.0474062
1 19.0331 33.9396 -0.00635952 0.0406614
1 20.1538 33.9412 -0.00302284 0.0245752
1 21.2765 33.9431 0.0107827 0.0177326
1 22.4014 33.9438 -0.00238417 0.0164966
1 23.5258 33.9425 -0.00623394 0.0220871
1 24.6474 33.9403 0.00656693 0.0318009
1 25.7687 33.9401 -0.00131069 0.0434975
1 26.8936 33.9427 -0.0149694 0.0466377
1 28.0199 33.9464 -0.0178748 0.0422827
1 29.1457 33.95 -0.0202695 0.0390558
1 30.2692 33.9533 -0.0150707 0.0357156
1 31.3906 33.9553 0.00706882 0.0255427
1 32.5112 33.9557 0.0350453 0.0201686
1 33.6315 33.9549 0.052072 0.0193592
1 34.7499 33.9532 0.0518943 0.0258539
1 35.8662 33.9523 0.0657991 0.0386042
1 36.9794 33.9528 0.0666952 0.0548749
1 38.09 33.9542 0.0499087 0.064816
1 39.1989 33.9551 0.045145 0.066654
1 40.307 33.9536 0.0528731 0.0660693
1 41.4164 33.9498 0.0579801 0.0634061
1 42.527 33.9444 0.0685275 0.0543397
1 43.6397 33.9363 0.0628663 0.0400376
1 0.591806 34.9008 -0.0701771 0.0392739
1 1.70459 34.9094 -0.0736705 0.0542519
1 2.81488 34.9158 -0.0685258 0.0651735
1 3.9251 34.9196 -0.0622044 0.0592456
1 5.03484 34.9221 -0.0565334 0.0587729
1 6.14472 34.9221 -0.051282 0.0636419
1 7.25485 34.9202 -0.0548214 0.0678825
1 8.36632 34.9174 -0.0470084 0.0576336
1 9.4809 34.9165 -0.0438701 0.0327706
1 10.5989 34.917 -0.0497622 0.0192704
1 11.72 34.918 -0.0349098 0.0130176
1 12.8424 34.9185 -0.0138883 0.0193492
1 13.9652 34.9167 0.00668394 0.0318177
1 15.0903 34.9135 0.0195178 0.033124
1 16.2175 34.9094 0.0168592 0.0372404
1 17.3446 34.9046 0.0109957 0.0412832
1 18.4698 34.9019 0.00327057 0.0381445
1 19.5915 34.9022 0.000607761 0.025628
1 20.7131 34.9048 0.00918908 0.0174358
1 21.8389 34.907 0.00652332 0.0201445
1 22.9656 34.9065 -0.00664085 0.0214331
1 24.0895 34.9038 -0.00387434 0.0226349
1 25.2102 34.9019 0.00051962 0.0300721
1 26.3326 34.9031 -0.00813136 0.0379438
1 27.4591 34.9071 -0.0170352 0.039864
1 28.5865 34.9118 -0.0211558 0.0338211
1 29.7123 34.9154 -0.0147206 0.0335466
1 30.8363 34.9178 0.00511793 0.0276247
1 31.96 34.9186 0.025273 0.0145659
1 33.083 34.918 0.0496676 0.0140625
1 34.2025 34.9171 0.0485211 0.0261311
1 35.3178 34.9167 0.0380657 0.0419457
1 36.4304 34.9185 0.0383825 0.0594748
1 37.5411 34.9213 0.0379803 0.0617092
1 38.6513 34.9227 0.0487817 0.062073
1 39.7611 34.9216 0.0592616 0.0579201
1 40.8707 34.9185 0.0578571 0.0619467
1 41.9808 34.9132 0.0614031 0.0541542
1 43.0916 34.9055 0.0664438 0.0485973
1 44.2102 34.8936 0.0546786 0.0309172
1 0.0204195 35.8575 -0.065638 0.0388529
1 1.13948 35.8699 -0.0796475 0.0492271
1 2.25058 35.8784 -0.0698928 0.0517659
1 3.36149 35.8837 -0.0587276 0.0549853
1 4.47158 35.8869 -0.0646307 0.0535912
1 5.58255 35.8887 -0.0583138 0.0509798
1 6.6947 35.8883 -0.0431256 0.0528944
1 7.80628 35.8857 -0.0311326 0.0638152
1 8.91816 35.8819 -0.0204463 0.0547977
1 10.0319 35.8799 -0.0291116 0.0326175
1 11.1499 35.8794 -0.0327928 0.0155525
1 12.2726 35.8801 -0.0213853 0.0100106
1 13.397 35.8795 -0.00624205 0.0187776
1 14.5227 35.8771 0.0158958 0.0254958
1 15.6505 35.8736 0.0248998 0.0273738
1 16.779 35.8686 0.0240758 0.0347654
1 17.9056 35.8643 0.0221051 0.0332583
1 19.0286 35.8632 0.00640968 0.0235949
1 20.1494 35.8653 0.00726362 0.0208828
1 21.2739 35.8679 0.0149415 0.0254988
1 22.4024 35.869 -0.00348092 0.0242916
1 23.5296 35.8673 -0.0162631 0.0248166
1 24.6521 35.8644 -0.013996 0.0234362
1 25.7734 35.8637 -0.0156669 0.0271108
1 26.8981 35.8664 -0.0210894 0.0332805
1 28.0259 35.8712 -0.0171208 0.0322692
1 29.1547 35.8754 -0.0149019 0.0240865
1 30.2814 35.8787 -0.00507343 0.0209748
1 31.4055 35.8801 0.0139438 0.0151523
1 32.5287 35.8796 0.0287234 0.0110625
1 33.6496 35.8796 0.0313062 0.020541
1 34.7666 35.8808 0.0220754 0.0419698
1 35.8805 35.8836 0.0384671 0.0612308
1 36.9925 35.8872 0.0570931 0.0605168
1 38.1037 35.889 0.0541576 0.054338
1 39.2149 35.8888 0.0596859 0.0498418
1 40.3256 35.8857 0.063485 0.0503951
1 41.4371 35.8816 0.0710595 0.0573169
1 42.5488 35.8746 0.0831019 0.054965
1 43.6624 35.865 0.0830702 0.0435613
1 0.56813 36.8298 -0.0910132 0.0517427
1 1.6824 36.8399 -0.0881916 0.055782
1 2.79551 36.8462 -0.0741017 0.0548612
1 3.90776 36.8507 -0.0652394 0.052431
1 5.01913 36.853 -0.059228 0.0491505
1 6.13151 36.8535 -0.0591882 0.0496016
1 7.24465 36.8527 -0.0631502 0.0511926
1 8.35794 36.8499 -0.0396738 0.0580794
1 9.47152 36.8457 -0.0130503 0.0487673
1 10.5869 36.8426 -0.015527 0.0334732
1 11.7062 36.841 -0.0216893 0.0208708
1 12.8292 36.84 -0.011607 0.0139112
1 13.9541 36.8383 0.00544644 0.0161071
1 15.0823 36.8356 0.0118767 0.0178607
1 16.2124 36.8315 0.0169703 0.0238135
1 17.3405 36.827 0.0269594 0.0261832
1 18.4654 36.8246 0.0209323 0.0178324
1 19.5869 36.8251 0.017154 0.0162901
1 20.7098 36.8275 0.0191248 0.0271993
1 21.8381 36.8293 0.00685579 0.0314721
1 22.9678 36.8289 -0.00865915 0.0289374
1 24.0935 36.8269 -0.0147494 0.0215257
1 25.215 36.8249 -0.0204749 0.0156659
1 26.3372 36.8254 -0.0284423 0.0201903
1 27.4636 36.8291 -0.0240834 0.0249547
1 28.5932 36.8335 -0.0174643 0.0204582
1 29.7223 36.8367 -0.0141592 0.0175859
1 30.8487 36.8393 0.00218798 0.0154395
1 31.9739 36.8408 0.016184 0.0155237
1 33.096 36.8418 0.0240287 0.024459
1 34.213 36.8436 0.0188394 0.0358666
1 35.3267 36.847 0.017584 0.0547709
1 36.4396 36.8512 0.0312473 0.0589622
1 37.5523 36.8538 0.0413891 0.0512471
1 38.6651 36.8541 0.0533967 0.0460434
1 39.7772 36.8523 0.061777 0.0520473
1 40.8885 36.8486 0.0565833 0.0554709
1 42.0008 36.8433 0.0609221 0.0541709
1 43.1132 36.8358 0.076431 0.0564828
1 44.232 36.825 0.0627537 0.065115
1 0.00158003 37.7933 -0.0611911 0.0820884
1 1.11912 37.8021 -0.074649 0.0639263
1 2.23243 37.8084 -0.0671743 0.056465
1 3.34547 37.814 -0.0613042 0.0567453
1 4.45796 37.8172 -0.0613479 0.0547813
1 5.57053 37.8184 -0.0564293 0.0510078
1 6.68428 37.8179 -0.0465032 0.0482126
1 7.79811 37.8161 -0.0395088 0.0467896
1 8.91216 37.8128 -0.0255822 0.0497587
1 10.0261 37.8089 -0.0219973 0.0397637
1 11.1422 37.8053 -0.0202465 0.0333928
1 12.2631 37.8016 -0.0121202 0.0263116
1 13.3873 37.7986 -0.00113574 0.0162513
1 14.5137 37.7958 0.00765047 0.0127231
1 15.6437 37.7927 0.00702974 0.00975038
1 16.7737 37.7892 0.0166221 0.0123751
1 17.9 37.7861 0.0230723 0.00785423
1 19.023 37.7852 0.0064285 0.0063569
1 20.1454 37.7864 0.00326797 0.0241561
1 21.272 37.7881 0.00644472 0.0313093
1 22.4034 37.7886 -0.00199875 0.0284331
1 23.5332 37.7877 -0.00711515 0.0266916
1 24.657 37.7861 -0.013317 0.0134705
1 25.779 37.7856 -0.0207816 0.00580262
1 26.9036 37.7873 -0.0205063 0.0107175
1 28.0316 37.7907 -0.00429634 0.0103182
1 29.1622 37.7939 -0.000981657 0.00910687
1 30.2904 37.7972 0.00113512 0.0141211
1 31.4153 37.8 0.0135811 0.0199354
1 32.5383 37.8032 0.0171487 0.0285334
1 33.6575 37.8065 0.0124185 0.0331697
1 34.7726 37.8101 0.0138576 0.0452443
1 35.8863 37.8149 0.0349105 0.0536548
1 36.9996 37.8178 0.0526468 0.0496983
1 38.1133 37.819 0.0545386 0.0498209
1 39.2265 37.8182 0.0516376 0.0500044
1 40.3388 37.816 0.0525381 0.0538645
1 41.4518 37.8114 0.0600122 0.0577465
1 42.5657 37.8055 0.0669482 0.0587007
1 43.6811 37.7986 0.0664104 0.0681397
1 0.554742 38.767 -0.0562053 0.0733959
1 1.67012 38.7713 -0.0603349 0.0650693
1 2.78366 38.7766 -0.0548726 0.0579641
1 3.89778 38.7807 -0.0521879 0.0508666
1 5.01084 38.7834 -0.0470392 0.0537924
1 6.12407 38.7832 -0.0469536 0.0562866
1 7.23795 38.7818 -0.0520818 0.0492439
1 8.35171 38.7798 -0.0375756 0.0483388
1 9.46598 38.7759 -0.0199007 0.0448476
1 10.5818 38.7714 -0.0186093 0.0355992
1 11.7005 38.7665 -0.0175365 0.0417064
1 12.8224 38.7612 -0.00923268 0.0323923
1 13.9463 38.7567 0.00258663 0.0194765
1 15.0738 38.7529 -0.00345944 0.0102123
1 16.2039 38.7503 -0.0023799 0.00386416
1 17.3319 38.7478 0.0101273 0.00307808
1 18.4571 38.7459 0.00133877 0.00556635
1 19.5805 38.7456 -0.00618951 0.0208328
1 20.7064 38.7463 -0.00272855 0.0312846
1 21.8376 38.7467 0.000644898 0.0283479
1 22.9701 38.7465 0.00581267 0.0314658
1 24.0984 38.7462 0.00860535 0.026066
1 25.2219 38.7459 0.00359365 0.00955582
1 26.3458 38.7465 -0.0104813 0.00438622
1 27.4724 38.7488 -0.00832821 0.00310802
1 28.6017 38.7514 -1.36273e-05 0.00422017
1 29.7306 38.7544 -0.00538464 0.0149063
1 30.8565 38.7586 0.00258159 0.0251686
1 31.98 38.7632 0.0139779 0.03523
1 33.1008 38.7683 0.0188324 0.0404728
1 34.2173 38.7733 0.0120791 0.0445731
1 35.3307 38.7785 0.0137511 0.0520865
1 36.444 38.7819 0.0317912 0.04772
1 37.558 38.7833 0.0438044 0.0495359
1 38.6723 38.7839 0.0497884 0.0547879
1 39.7848 38.7825 0.0548955 0.057459
1 40.8978 38.7788 0.0498441 0.0548485
1 42.0111 38.7737 0.048148 0.0618685
1 43.1237 38.769 0.0498762 0.0678993
1 44.2408 38.7669 0.0397301 0.0815461
1 -0.00285362 39.7365 -0.030877 0.080905
1 1.11474 39.7355 -0.0397256 0.067602
1 2.22708 39.7392 -0.0356093 0.058546
1 3.34004 39.7424 -0.0420636 0.0553169
1 4.4532 39.7462 -0.0547216 0.0473747
1 5.56704 39.7479 -0.0495024 0.0486318
1 6.68092 39.7473 -0.0404027 0.0509937
1 7.7944 39.7456 -0.0261778 0.0426907
1 8.90804 39.7428 -0.014158 0.0423842
1 10.0222 39.7379 -0.0198939 0.0445154
1 11.1385 39.7322 -0.0267355 0.0463207
1 12.2591 39.7257 -0.0176289 0.0425282
1 13.3822 39.7192 -0.00433782 0.0324768
1 14.5065 39.7136 0.0101376 0.0167664
1 15.6338 39.7103 0.00573465 -0.0017415
1 16.7623 39.7081 0.00295646 -0.00648453
1 17.8889 39.7056 -0.00428195 -0.00383561
1 19.0145 39.704 -0.0213758 0.00404533
1 20.1406 39.7033 -0.0263052 0.0172564
1 21.2706 39.7031 -0.0132135 0.0170786
1 22.4041 39.7031 0.00644873 0.0153089
1 23.5363 39.7032 0.0173042 0.0167804
1 24.6635 39.7036 0.0190495 0.0081753
1 25.7889 39.7049 0.0134277 0.000264031
1 26.9153 39.707 -0.000590573 -0.00276395
1 28.0427 39.709 -0.00163206 -0.00473091
1 29.1707 39.7115 -0.00178567 0.00613435
1 30.2967 39.7159 -0.00314873 0.0240413
1 31.4197 39.7216 0.00467189 0.0342884
1 32.541 39.7282 0.0155961 0.0436481
1 33.6594 39.7349 0.0156941 0.0492457
1 34.7747 39.741 0.0169875 0.0481994
1 35.8892 39.7454 0.0407457 0.0415899
1 37.0031 39.7473 0.0526675 0.0440827
1 38.1166 39.7482 0.048469 0.0547723
1 39.2296 39.748 0.0444556 0.0481218
1 40.3425 39.7448 0.0479016 0.0499589
1 41.4555 39.7408 0.0471204 0.0599231
1 42.5683 39.7371 0.0488079 0.0643954
1 43.6827 39.7352 0.0434636 0.0655677
1 0.557768 40.7021 -0.037581 0.0667221
1 1.67163 40.7028 -0.0456616 0.0612012
1 2.78434 40.7056 -0.0432809 0.0620383
1 3.89651 40.7088 -0.0440358 0.0525495
1 5.00927 40.7113 -0.0539831 0.0471966
1 6.12244 40.7124 -0.0560383 0.0475222
1 7.23656 40.7116 -0.0550931 0.0384963
1 8.35023 40.7094 -0.0399014 0.0388407
1 9.46464 40.7055 -0.0257518 0.043181
1 10.5803 40.6997 -0.0221254 0.0484993
1 11.6986 40.6918 -0.0193356 0.0472573
1 12.8197 40.6842 -0.0126889 0.0392724
1 13.9423 40.6769 0.00567732 0.0281074
1 15.0669 40.6718 0.00935057 0.00672826
1 16.1932 40.6692 0.00307545 -0.00322121
1 17.3202 40.6657 -0.00658169 -0.00307273
1 18.448 40.6621 -0.02259 -0.00153196
1 19.5752 40.6599 -0.0324533 0.00365295
1 20.7044 40.6588 -0.0277804 0.0037537
1 21.8375 40.6587 -0.0053719 0.00175583
1 22.9711 40.6588 0.0204417 0.00167291
1 24.1019 40.6593 0.0337489 0.0037327
1 25.2292 40.661 0.0308338 0.00184864
1 26.3564 40.6641 0.011406 -0.00101453
1 27.4837 40.6676 -0.00359516 -0.0026986
1 28.6104 40.6702 -0.00789246 -0.0016504
1 29.736 40.6736 -0.0101976 0.0147415
1 30.8598 40.6798 0.00445421 0.0336651
1 31.982 40.6873 0.0187755 0.0470089
1 33.102 40.6956 0.0260658 0.0526264
1 34.2185 40.7033 0.0225711 0.0480414
1 35.3328 40.7086 0.0170261 0.0394953
1 36.4463 40.7114 0.0276966 0.0378004
1 37.5598 40.7129 0.0410538 0.0439244
1 38.6731 40.7133 0.0534153 0.0477124
1 39.786 40.7107 0.0525933 0.0492057
1 40.8984 40.7077 0.0351407 0.0599877
1 42.0102 40.7046 0.0342486 0.0602883
1 43.122 40.7014 0.0388204 0.064395
1 44.241 40.7014 0.0283876 0.0616804
1 -0.000117393 41.6678 -0.0242582 0.0605269
1 1.11899 41.6672 -0.0328176 0.0663968
1 2.23116 41.6692 -0.0330371 0.062218
1 3.34266 41.6724 -0.0324138 0.0603069
1 4.45397 41.675 -0.0430325 0.058326
1 5.56585 41.6771 -0.0455518 0.0466295
1 6.67928 41.6769 -0.0429628 0.0433726
1 7.79291 41.6758 -0.0320497 0.0368136
1 8.90703 41.6726 -0.0214759 0.0389803
1 10.0223 41.6676 -0.0230967 0.0458222
1 11.139 41.6601 -0.0236371 0.0558413
1 12.258 41.651 -0.0126193 0.0490745
1 13.3796 41.6423 -0.00335242 0.0376953
1 14.5027 41.6353 0.00922826 0.0175386
1 15.6272 41.6315 0.0130779 0.000881334
1 16.7539 41.6271 0.00423378 0.00441941
1 17.8821 41.6211 -0.0144698 0.00566136
1 19.0101 41.6167 -0.0302181 -0.000672853
1 20.1386 41.6143 -0.0382171 -0.00533632
1 21.2702 41.6136 -0.0249308 -0.00955068
1 22.4042 41.6137 0.00779837 -0.0139927
1 23.537 41.6141 0.0302586 -0.0103568
1 24.6666 41.6155 0.0332444 -0.000266963
1 25.7948 41.619 0.0244164 0.00558627
1 26.923 41.6245 0.00605776 0.00642641
1 28.0503 41.6295 -0.00542805 0.00124324
1 29.1761 41.6327 -0.00716786 0.00576022
1 30.2994 41.6376 -0.00612565 0.0270955
1 31.4211 41.6458 0.00303309 0.0442265
1 32.5413 41.6553 0.0119636 0.0553743
1 33.6591 41.6643 0.0160273 0.0525987
1 34.7751 41.6711 0.0240192 0.0425429
1 35.8899 41.6754 0.0444383 0.0351105
1 37.0039 41.6772 0.0598461 0.036977
1 38.1177 41.6781 0.056343 0.0480613
1 39.2306 41.677 0.0533804 0.0491655
1 40.3424 41.674 0.0497589 0.0582775
1 41.4545 41.6708 0.0503937 0.0611576
1 42.567 41.6679 0.050229 0.066536
1 43.6805 41.6664 0.0511955 0.0705295
1 0.56143 42.6314 -0.0426732 0.0666666
1 1.67518 42.6323 -0.0464218 0.0729159
1 2.78667 42.635 -0.0427562 0.0639835
1 3.89862 42.6387 -0.0432636 0.0586406
1 5.01011 42.641 -0.0397011 0.0533473
1 6.12205 42.6417 -0.048956 0.0505061
1 7.2355 42.6408 -0.0528054 0.0359175
1 8.35022 42.6383 -0.0442554 0.0350346
1 9.46621 42.6339 -0.0278496 0.0419048
1 10.5832 42.6281 -0.0155248 0.0499533
1 11.7008 42.6194 -0.00433018 0.0539977
1 12.8196 42.6091 0.00415263 0.0496519
1 13.94 42.6 0.00922986 0.0329254
1 15.0632 42.5938 0.00799982 0.00699602
1 16.1896 42.5889 0.0040121 0.00699873
1 17.3181 42.5816 -0.00579404 0.0127899
1 18.4469 42.5742 -0.016972 0.00606735
1 19.5747 42.5697 -0.0229284 -0.0095933
1 20.7042 42.568 -0.0264483 -0.025085
1 21.8373 42.5676 -0.00985155 -0.0296527
1 22.9708 42.5678 0.0213862 -0.0285567
1 24.1017 42.569 0.0325009 -0.0170975
1 25.2301 42.5721 0.0222484 0.00127745
1 26.3583 42.5779 0.00826383 0.0102583
1 27.487 42.5856 0.000228602 0.0119898
1 28.6146 42.5914 -0.00969353 0.00299687
1 29.739 42.596 -0.0173853 0.0168885
1 30.8603 42.6038 -0.00752119 0.0415402
1 31.98 42.6137 0.00318958 0.0553935
1 33.0985 42.6238 0.0135406 0.0552257
1 34.2159 42.6315 0.0259497 0.0458006
1 35.3327 42.6372 0.0288661 0.0359193
1 36.4476 42.6409 0.0321616 0.0349836
1 37.5608 42.6427 0.0378552 0.0431896
1 38.6733 42.6425 0.0451967 0.0450452
1 39.7854 42.6399 0.0440499 0.0517395
1 40.8974 42.6365 0.0410404 0.0623379
1 42.0092 42.6335 0.0378387 0.0701744
1 43.1211 42.6318 0.039055 0.0697837
1 44.2409 42.6311 0.0342124 0.0751441
1 -0.00215047 43.5933 -0.0407494 0.0717478
1 1.11907 43.5952 -0.046564 0.0701282
1 2.23123 43.5981 -0.0365516 0.0688423
1 3.34301 43.6011 -0.0373791 0.0610319
1 4.45553 43.6046 -0.04512 0.051533
1 5.56757 43.6067 -0.043328 0.0493426
1 6.68033 43.606 -0.0319822 0.040507
1 7.79361 43.6035 -0.0268367 0.0359374
1 8.90874 43.5991 -0.0288621 0.0328731
1 10.0264 43.5938 -0.0314442 0.0354977
1 11.145 43.5876 -0.0201375 0.0438041
1 12.263 43.5786 0.0046557 0.0504901
1 13.3814 43.5677 0.0200458 0.0404104
1 14.5016 43.5581 0.0221144 0.0181479
1 15.6261 43.5507 0.00994297 0.00560012
1 16.7555 43.5428 -0.00307386 0.00826043
1 17.8851 43.534 -0.00498029 0.00623201
1 19.0129 43.527 -0.00831386 -0.0101698
1 20.141 43.5234 -0.0165343 -0.0301893
1 21.2712 43.5222 -0.0159979 -0.0435174
1 22.4039 43.5219 0.0044371 -0.045214
1 23.5355 43.5228 0.0158994 -0.0366516
1 24.6638 43.5252 0.0107826 -0.0195806
1 25.7913 43.5305 0.00552016 -0.000532939
1 26.9201 43.5385 0.000933206 0.00843905
1 28.0497 43.5471 -0.000808815 0.00476137
1 29.1769 43.5541 -0.00771359 0.00896728
1 30.2992 43.5621 -0.0167821 0.0287456
1 31.4182 43.5722 -0.0113153 0.0471661
1 32.5361 43.5829 0.00170858 0.0519909
1 33.654 43.591 0.0136475 0.0377992
1 34.7724 43.5969 0.0317911 0.0364007
1 35.8891 43.6029 0.0405661 0.0369068
1 37.0033 43.6068 0.0443392 0.034105
1 38.1169 43.6074 0.0461139 0.0404721
1 39.2297 43.6059 0.0423727 0.0521447
1 40.3414 43.6027 0.0364361 0.05546
1 41.4536 43.5995 0.0407565 0.0677948
1 42.5657 43.5967 0.0484062 0.0680092
1 43.6805 43.5946 0.0450857 0.0729921
1 0.558881 44.5561 -0.0531198 0.0717495
1 1.67397 44.56 -0.0495925 0.0669493
1 2.78676 44.5638 -0.0385109 0.0682219
1 3.8991 44.5676 -0.0336321 0.059973
1 5.01142 44.5709 -0.0375077 0.058173
1 6.12432 44.5713 -0.0419476 0.0502979
1 7.23829 44.5695 -0.0420602 0.0424743
1 8.35354 44.5644 -0.0357145 0.0393843
1 9.47045 44.5584 -0.0262846 0.0389721
1 10.589 44.5535 -0.017281 0.0401465
1 11.7078 44.5476 -0.000711166 0.045308
1 12.8257 44.5378 0.0182327 0.0509362
1 13.9441 44.5262 0.0265369 0.0427261
1 15.0661 44.5146 0.0213746 0.0250902
1 16.1938 44.504 0.00410341 0.0177151
1 17.3246 44.4942 0.0031464 0.00833849
1 18.4536 44.486 0.0108151 -0.00604485
1 19.5806 44.4804 0.00700427 -0.0208192
1 20.7082 44.478 -0.00504648 -0.0367557
1 21.8379 44.4769 -0.0034358 -0.0422397
1 22.968 44.4775 0.00569942 -0.0416716
1 24.0965 44.4792 -0.000278306 -0.0310706
1 25.2236 44.4831 -0.00777137 -0.0144133
1 26.3514 44.4902 -0.00810638 0.00024989
1 27.4813 44.4993 -0.00541392 0.0145356
1 28.611 44.5094 -0.0141744 0.0194643
1 29.7356 44.5199 -0.0283469 0.0300903
1 30.8552 44.531 -0.0255206 0.0468097
1 31.9729 44.542 -0.00510805 0.0549648
1 33.0917 44.5507 0.0189527 0.0468822
1 34.2109 44.5562 0.0286539 0.0399018
1 35.3291 44.5628 0.0269177 0.0422144
1 36.4446 44.5693 0.0275424 0.0391594
1 37.5588 44.5716 0.0365163 0.0361154
1 38.6724 44.5712 0.0424435 0.0553502
1 39.7856 44.5693 0.0406744 0.0619668
1 40.8985 44.5652 0.0333608 0.0674016
1 42.0112 44.5618 0.0326346 0.0697634
1 43.1242 44.5577 0.0380703 0.0692218
1 44.2463 44.5554 0.0482485 0.0688702
1 -0.0076003 45.5152 -0.0397464 0.0694932
1 1.11464 45.5194 -0.032789 0.0647804
1 2.22807 45.5248 -0.034061 0.0670733
1 3.34114 45.5292 -0.0280732 0.0625401
1 4.45456 45.5333 -0.0307201 0.057049
1 5.56837 45.5357 -0.0343443 0.0557328
1 6.68225 45.5345 -0.0316021 0.0458477
1 7.79771 45.5295 -0.0310538 0.0404513
1 8.91433 45.5229 -0.0292587 0.0343618
1 10.0325 45.5175 -0.0257987 0.0328585
1 11.1523 45.5132 -0.0178856 0.0373342
1 12.2714 45.507 0.00675144 0.0446795
1 13.39 45.4965 0.0245137 0.0473852
1 14.5107 45.4821 0.0320606 0.0431393
1 15.6354 45.4672 0.0282576 0.029844
1 16.765 45.4548 0.0162607 0.0136309
1 17.8946 45.4454 0.0194167 -0.00989524
1 19.0218 45.4389 0.0206724 -0.030169
1 20.1483 45.4354 0.00820513 -0.0338645
1 21.2751 45.434 -0.00397105 -0.0369155
1 22.4022 45.4339 0.00145293 -0.0416187
1 23.529 45.4347 -0.00452479 -0.0393028
1 24.6554 45.4368 -0.0166584 -0.032004
1 25.7822 45.4421 -0.0192263 -0.0196252
1 26.9104 45.4502 -0.0206712 0.00141764
1 28.0404 45.461 -0.021184 0.0230608
1 29.1681 45.4745 -0.0254045 0.0352401
1 30.2904 45.4887 -0.0311202 0.0404026
1 31.4093 45.5008 -0.0187105 0.0488364
1 32.5279 45.5097 0.00519108 0.0488241
1 33.6475 45.5156 0.0161516 0.0362801
1 34.7664 45.521 0.0290337 0.0362885
1 35.884 45.5287 0.0389998 0.0384032
1 37.0001 45.5343 0.0370744 0.0281483
1 38.1147 45.5351 0.036027 0.0458777
1 39.2285 45.5342 0.0390687 0.061167
1 40.3423 45.5309 0.0322158 0.0615409
1 41.4556 45.5265 0.0373472 0.0663327
1 42.5684 45.5224 0.0420174 0.0659926
1 43.6825 45.5173 0.0410404 0.0586089
1 0.553417 46.4775 -0.0386133 0.0603856
1 1.66753 46.485 -0.0466832 0.0646974
1 2.78124 46.4898 -0.0378101 0.0577888
1 3.89564 46.4944 -0.0373644 0.0561998
1 5.01126 46.4983 -0.0406464 0.0477302
1 6.12657 46.4997 -0.0329817 0.0448898
1 7.24254 46.4954 -0.0332947 0.0435001
1 8.35947 46.4878 -0.0343374 0.0315175
1 9.47727 46.4811 -0.0228977 0.0209441
1 10.5964 46.4767 -0.0166364 0.0255712
1 11.7167 46.4733 -0.00420782 0.0291617
1 12.8367 46.4662 0.0185467 0.0377769
1 13.9578 46.4522 0.0295932 0.0426612
1 15.082 46.4342 0.0360286 0.0342718
1 16.2088 46.418 0.0395289 0.023038
1 17.3368 46.4062 0.0391218 -0.00692221
1 18.4635 46.3987 0.0352086 -0.0357682
1 19.589 46.3939 0.0189589 -0.0410212
1 20.7143 46.3926 -0.000398828 -0.0397999
1 21.8395 46.3933 -0.00367464 -0.0403235
1 22.9641 46.3931 0.000985901 -0.0421127
1 24.0885 46.3928 -0.00769766 -0.0405359
1 25.214 46.396 -0.0307188 -0.0388805
1 26.3396 46.4026 -0.0398634 -0.0236872
1 27.4672 46.4122 -0.0349264 0.00980728
1 28.5955 46.426 -0.036466 0.0278967
1 29.721 46.4428 -0.0318031 0.0341749
1 30.8433 46.4585 -0.0228302 0.0405099
1 31.9634 46.469 -0.00733576 0.040042
1 33.0836 46.4749 0.0160509 0.0353538
1 34.2038 46.4798 0.0251449 0.0215014
1 35.3225 46.4862 0.0286501 0.0221613
1 36.44 46.494 0.0296974 0.0317507
1 37.5561 46.4987 0.0243902 0.0370322
1 38.6711 46.499 0.0295888 0.0488369
1 39.7865 46.4962 0.0329799 0.0557871
1 40.9013 46.4917 0.0279389 0.0581001
1 42.0149 46.4874 0.0334404 0.0660647
1 43.1282 46.4826 0.0419443 0.0621165
1 44.2493 46.4736 0.043767 0.0554865
1 -0.0167156 47.4343 -0.0431339 0.0645675
1 1.10438 47.4497 -0.0371293 0.0705039
1 2.2197 47.4543 -0.0313702 0.0640293
1 3.33464 47.4597 -0.0275016 0.0628546
1 4.45066 47.4634 -0.0269702 0.0549592
1 5.56834 47.4673 -0.0343471 0.0497515
1 6.68676 47.4659 -0.0277228 0.0560713
1 7.80503 47.4581 -0.0219775 0.045871
1 8.92219 47.4499 -0.0242757 0.0245468
1 10.0404 47.4446 -0.0252493 0.0232571
1 11.1605 47.4408 -0.0157384 0.0264489
1 12.2823 47.4376 0.00472235 0.0331405
1 13.4068 47.4266 0.024051 0.0479262
1 14.5319 47.4077 0.0358621 0.0435333
1 15.657 47.3892 0.04845 0.0355459
1 16.7828 47.3741 0.0592199 0.0161059
1 17.9073 47.3646 0.0610464 -0.0211187
1 19.0303 47.3589 0.0349569 -0.0331241
1 20.1533 47.3555 0.00366649 -0.0292849
1 21.2769 47.3571 -0.00666213 -0.0374354
1 22.4017 47.3584 -0.000507446 -0.0373779
1 23.5255 47.3561 0.0041166 -0.027348
1 24.6481 47.3567 -0.015445 -0.0306818
1 25.7712 47.3618 -0.0486369 -0.0283912
1 26.8953 47.3696 -0.062384 -0.000830524
1 28.0209 47.3815 -0.0545713 0.023822
1 29.1465 47.3979 -0.0403206 0.0343671
1 30.2715 47.4168 -0.0349225 0.0427112
1 31.3956 47.4315 -0.0207452 0.042654
1 32.5179 47.4385 0.00581635 0.0395058
1 33.6391 47.4433 0.0245174 0.0288617
1 34.7588 47.4484 0.0285527 0.0173209
1 35.8766 47.4557 0.0252173 0.0330301
1 36.9946 47.4645 0.0232218 0.0496758
1 38.1125 47.4675 0.0310669 0.0489046
1 39.2306 47.465 0.04192 0.056142
1 40.3485 47.4614 0.0370962 0.0601268
1 41.4643 47.4561 0.0300139 0.0700143
1 42.5785 47.4532 0.0348396 0.0720943
1 43.6966 47.4451 0.0387184 0.0689994
