1 0.595364 0.0499765 0.0594623 0.093736
1 1.7133 0.0421141 0.0648554 0.0738754
1 2.82778 0.0443286 0.0719801 0.0509192
1 3.94027 0.0494577 0.073988 0.0548873
1 5.05181 0.0536441 0.0693176 0.0646491
1 6.16475 0.056215 0.0442391 0.0780433
1 7.28119 0.05725 0.0167967 0.0876724
1 8.40004 0.057554 0.00419924 0.0913027
1 9.51985 0.0576709 0.000907685 0.0922672
1 10.6399 0.0577315 -0.000191238 0.0921755
1 11.7601 0.0577304 0.000174717 0.0921679
1 12.8802 0.0576691 -0.00043414 0.0923153
1 14.0002 0.0575831 -0.000412854 0.0920408
1 15.1201 0.0575218 -0.000201995 0.0918477
1 16.2401 0.0575063 -3.40034e-05 0.0917107
1 17.36 0.0575291 0.000668539 0.0918319
1 18.4799 0.0576061 0.000797066 0.0922818
1 19.6 0.0577373 -7.06264e-05 0.0923288
1 20.72 0.0578 5.43291e-05 0.0921597
1 21.84 0.0577411 0.000264981 0.0923728
1 22.9601 0.0576201 -0.00038204 0.0924058
1 24.0801 0.0575651 -0.000136438 0.0920433
1 25.2001 0.0575693 0.000241743 0.0918842
1 26.3201 0.0575897 -8.43896e-05 0.091784
1 27.4399 0.0576025 -0.000230406 0.0916677
1 28.5598 0.0575861 -1.39737e-05 0.0918595
1 29.6798 0.0575722 -0.000206674 0.0920797
1 30.7998 0.0576054 -3.793e-06 0.0922084
1 31.9198 0.0576762 0.00020262 0.0923888
1 33.0399 0.0577318 -0.000286433 0.0921846
1 34.16 0.0577295 -2.86665e-05 0.0921404
1 35.2801 0.0576556 -0.00201287 0.0920238
1 36.3996 0.0574673 -0.00876975 0.0901327
1 37.5175 0.0568831 -0.0288204 0.0838954
1 38.6321 0.0551687 -0.0590768 0.0712617
1 39.744 0.0517286 -0.0737787 0.0589991
1 40.8556 0.0467436 -0.0779425 0.0515621
1 41.9683 0.0412745 -0.0707968 0.0554369
1 43.0851 0.0423134 -0.051523 0.0913043
1 44.207 0.062162 -0.0603308 0.0999082
1 0.0389959 1.02094 0.0694553 0.0879513
1 1.16044 1.01158 0.0623928 0.0816215
1 2.27326 1.01029 0.0717346 0.0605385
1 3.38378 1.01432 0.0810391 0.0561344
1 4.49494 1.0185 0.0664608 0.0665264
1 5.60761 1.02112 0.0512035 0.0777624
1 6.72263 1.02229 0.027351 0.0864945
1 7.84048 1.02263 0.00921069 0.0907078
1 8.95992 1.02272 0.00238312 0.0920928
1 10.0799 1.0228 -3.38115e-05 0.0921359
1 11.2 1.02283 -1.94965e-05 0.092241
1 12.3201 1.02279 0.0001614 0.0921262
1 13.4402 1.02272 -0.000738616 0.0921977
1 14.5601 1.02268 -0.000477094 0.0917758
1 15.6801 1.02266 -3.39237e-05 0.0915183
1 16.8 1.02265 -0.000105519 0.0918128
1 17.9199 1.0227 0.000317028 0.0920223
1 19.0398 1.02278 0.000252729 0.0920749
1 20.1599 1.02285 6.05558e-05 0.092195
1 21.2801 1.02286 6.24952e-05 0.0922051
1 22.4002 1.02278 1.60917e-05 0.0921176
1 23.5202 1.02271 0.00014218 0.0921252
1 24.6401 1.02268 0.000516105 0.0919836
1 25.7601 1.02271 4.10333e-05 0.0916904
1 26.88 1.02273 -5.19233e-05 0.091759
1 27.9999 1.02273 6.65431e-05 0.0918456
1 29.1198 1.02271 -0.000164093 0.0917229
1 30.2398 1.0227 0.000127541 0.0919421
1 31.3598 1.02273 0.000446652 0.0922813
1 32.4799 1.0228 -0.000312878 0.0921534
1 33.6 1.02283 -0.000108824 0.0922384
1 34.7201 1.02279 -0.00047807 0.092073
1 35.8399 1.0227 -0.00474751 0.0917414
1 36.9588 1.02251 -0.0168185 0.089333
1 38.0753 1.02187 -0.040915 0.0831231
1 39.1888 1.02013 -0.0603092 0.0725607
1 40.3009 1.01663 -0.066979 0.0586903
1 41.4119 1.01139 -0.08024 0.0520987
1 42.522 1.00851 -0.0772528 0.0732058
1 43.634 1.01567 -0.0680774 0.0884086
1 0.607895 1.97708 0.0587856 0.0834662
1 1.72084 1.97462 0.0713169 0.0654622
1 2.83002 1.97603 0.0791315 0.0608414
1 3.94036 1.97931 0.0633495 0.0643639
1 5.05231 1.98189 0.0592871 0.0732169
1 6.16535 1.98326 0.0440638 0.082161
1 7.28144 1.98372 0.018322 0.0873045
1 8.40007 1.98383 0.00483471 0.0888484
1 9.51981 1.98387 0.000779807 0.0893607
1 10.6399 1.9839 -0.000176043 0.0895121
1 11.7601 1.9839 0.000160608 0.0895048
1 12.8802 1.98387 -0.00016982 0.0893561
1 14.0002 1.98383 -0.000242 0.0890793
1 15.1201 1.98381 0.000396041 0.089045
1 16.24 1.9838 0.000226332 0.0890189
1 17.3599 1.98381 0.000559266 0.0891316
1 18.4799 1.98385 0.000838942 0.0894573
1 19.5999 1.98393 -0.000166773 0.089478
1 20.72 1.98394 5.65257e-05 0.0893238
1 21.8401 1.98393 0.000355387 0.0894942
1 22.9602 1.98386 -0.000476489 0.0895048
1 24.0802 1.98382 -0.000145646 0.0892235
1 25.2001 1.98383 -4.29126e-05 0.0891398
1 26.3201 1.98385 -0.000441263 0.0891345
1 27.4399 1.98386 -0.000146727 0.0890678
1 28.5598 1.98385 -0.000145634 0.0891567
1 29.6798 1.98384 -0.000661096 0.0892128
1 30.7997 1.98384 -0.000134689 0.0891803
1 31.9198 1.98387 -7.31934e-05 0.0893967
1 33.0399 1.9839 -0.00029104 0.0895138
1 34.1601 1.9839 -9.53803e-05 0.0894957
1 35.2801 1.98386 -0.00209494 0.0892415
1 36.3995 1.98378 -0.00981495 0.0882591
1 37.5171 1.98354 -0.0293646 0.0853714
1 38.6317 1.98272 -0.0536857 0.0786955
1 39.7442 1.98085 -0.0629453 0.0693185
1 40.8555 1.9776 -0.0747188 0.059048
1 41.9651 1.97392 -0.0734257 0.0557932
1 43.0764 1.97426 -0.0651332 0.0769481
1 44.1994 1.97669 -0.059602 0.0959161
1 0.0446236 2.93752 0.0515437 0.0969004
1 1.16624 2.93679 0.0558524 0.0779914
1 2.27816 2.93793 0.068754 0.0755906
1 3.38733 2.93972 0.0778443 0.0770507
1 4.49775 2.94185 0.0682794 0.0831034
1 5.60932 2.94317 0.0601041 0.0915374
1 6.72328 2.94368 0.0337448 0.0972081
1 7.84065 2.9438 0.01139 0.0991326
1 8.95995 2.94383 0.00280744 0.0996515
1 10.0799 2.94384 -0.000191443 0.0997488
1 11.2 2.94384 -2.84845e-05 0.0997414
1 12.3201 2.94383 0.000330354 0.0997355
1 13.4401 2.94382 -0.000819626 0.0996504
1 14.5601 2.94381 -0.000609127 0.0994661
1 15.68 2.94379 -4.86592e-05 0.0994768
1 16.8 2.94379 -0.000178309 0.0995484
1 17.9198 2.94381 0.000373959 0.0995878
1 19.0398 2.94384 0.000288326 0.0998505
1 20.1599 2.94387 -2.52881e-05 0.0998279
1 21.2801 2.94387 0.000166114 0.0998322
1 22.4002 2.94384 5.07559e-06 0.0998697
1 23.5202 2.94381 8.86368e-05 0.0996356
1 24.6402 2.9438 0.000509345 0.0996276
1 25.7602 2.94381 -7.45599e-05 0.099548
1 26.8801 2.94383 1.98178e-05 0.099505
1 27.9999 2.94383 0.000284049 0.0995938
1 29.1199 2.94382 -5.37326e-05 0.0996248
1 30.2398 2.94382 0.000243452 0.099576
1 31.3598 2.94383 0.000472486 0.0997013
1 32.4799 2.94384 -0.000518658 0.0997512
1 33.6 2.94384 -0.000134514 0.099741
1 34.72 2.94383 -0.000460174 0.0997202
1 35.8398 2.94381 -0.00579805 0.0994733
1 36.9584 2.94375 -0.0206816 0.0983055
1 38.0742 2.94345 -0.0482083 0.0947798
1 39.1867 2.94255 -0.0641965 0.0877378
1 40.2984 2.94071 -0.0636455 0.0795082
1 41.4088 2.93819 -0.0790067 0.0735521
1 42.518 2.93612 -0.0799777 0.0776643
1 43.631 2.93526 -0.0666567 0.0892161
1 0.61193 3.89714 0.0777888 0.0765763
1 1.72467 3.89883 0.0821436 0.067381
1 2.83384 3.90046 0.0851819 0.07234
1 3.94366 3.90189 0.0711049 0.0768897
1 5.05441 3.90295 0.0713926 0.0841068
1 6.16619 3.90338 0.0529003 0.0892218
1 7.28164 3.90348 0.0214944 0.091093
1 8.4001 3.90349 0.00555537 0.0914428
1 9.51983 3.90349 0.00100864 0.0915062
1 10.6399 3.90349 -9.21726e-05 0.0914791
1 11.7601 3.90349 5.79896e-05 0.0914746
1 12.8802 3.90349 -0.000373708 0.0914852
1 14.0002 3.90349 -0.000439412 0.0914154
1 15.12 3.90348 0.00018842 0.0913565
1 16.24 3.90347 0.000115058 0.0913494
1 17.3599 3.90348 0.000688607 0.0913839
1 18.4799 3.90349 0.000885675 0.0915168
1 19.5999 3.9035 -0.000316166 0.0916039
1 20.72 3.90351 6.30448e-05 0.0916209
1 21.8401 3.9035 0.000526202 0.0916083
1 22.9602 3.90349 -0.000484432 0.0915328
1 24.0802 3.90348 -0.000245272 0.0914238
1 25.2002 3.90348 2.89942e-05 0.0914096
1 26.3201 3.90349 -0.000345918 0.0914021
1 27.4399 3.90349 -7.37128e-05 0.0914188
1 28.5598 3.90349 3.22848e-05 0.0914418
1 29.6798 3.90349 -0.000500168 0.0914545
1 30.7998 3.90349 -1.59575e-05 0.0914653
1 31.9198 3.90349 8.18871e-05 0.0915028
1 33.0399 3.90349 -0.000212408 0.0914784
1 34.1601 3.90349 -0.000222622 0.0914759
1 35.2801 3.90349 -0.00255256 0.0914785
1 36.3994 3.90348 -0.011549 0.0912615
1 37.5166 3.90342 -0.0351451 0.0902047
1 38.6302 3.90315 -0.0645934 0.086607
1 39.7413 3.90231 -0.073373 0.0799366
1 40.8513 3.90083 -0.0796839 0.073552
1 41.9605 3.89896 -0.0691405 0.0688902
1 43.0721 3.89709 -0.0560762 0.0682211
1 44.1919 3.89654 -0.0436835 0.0822434
1 0.052364 4.85895 0.0498736 0.0630765
1 1.17058 4.86075 0.0639891 0.0595584
1 2.28169 4.86246 0.0764777 0.063057
1 3.39038 4.86343 0.0885274 0.0695023
1 4.49976 4.86408 0.0808454 0.0748792
1 5.61018 4.86435 0.06928 0.0790953
1 6.72349 4.86438 0.037264 0.080556
1 7.84067 4.86437 0.012158 0.0806723
1 8.95995 4.86436 0.00299501 0.0806191
1 10.0799 4.86435 -0.000149768 0.0806258
1 11.2 4.86436 -3.5875e-05 0.0806105
1 12.3201 4.86435 0.00026806 0.0806186
1 13.4401 4.86436 -0.000975031 0.080581
1 14.5601 4.86436 -0.000721255 0.0805547
1 15.68 4.86435 -8.56263e-05 0.0805364
1 16.8 4.86435 -0.000122479 0.0805397
1 17.9198 4.86435 0.000459495 0.0805893
1 19.0398 4.86435 0.00036692 0.0806611
1 20.1599 4.86435 -5.96563e-05 0.0806687
1 21.2801 4.86435 0.000209429 0.0806688
1 22.4002 4.86435 -5.11582e-05 0.0806631
1 23.5203 4.86435 4.72627e-05 0.0805991
1 24.6402 4.86435 0.000498336 0.0805675
1 25.7602 4.86435 -4.4471e-05 0.080575
1 26.8801 4.86436 5.48769e-05 0.0805988
1 27.9999 4.86436 0.000299612 0.0806033
1 29.1198 4.86436 -4.40978e-05 0.0806113
1 30.2398 4.86436 0.000282041 0.0805973
1 31.3598 4.86436 0.000574489 0.0805955
1 32.4799 4.86435 -0.000479984 0.080622
1 33.6 4.86436 -0.000140988 0.0806112
1 34.72 4.86435 -0.000550203 0.0806265
1 35.8398 4.86436 -0.00627075 0.0806135
1 36.9583 4.86437 -0.0227174 0.0805547
1 38.0737 4.86435 -0.0548398 0.0797689
1 39.1852 4.86417 -0.0761118 0.0766136
1 40.2955 4.86358 -0.0762605 0.0709598
1 41.4051 4.86252 -0.0879916 0.0639096
1 42.5141 4.86095 -0.0847269 0.0583221
1 43.6266 4.85886 -0.0776034 0.05683
1 0.614917 5.82396 0.08303 0.0383127
1 1.72719 5.82544 0.0915393 0.0467718
1 2.83599 5.82632 0.0953573 0.0529662
1 3.94519 5.82666 0.0820681 0.0570916
1 5.05513 5.82678 0.0795999 0.0595819
1 6.16637 5.82674 0.0562752 0.0601793
1 7.28166 5.82669 0.0221535 0.059847
1 8.4001 5.82667 0.00557825 0.0596003
1 9.51982 5.82667 0.0010139 0.0595177
1 10.6399 5.82666 -0.000118672 0.0595014
1 11.7601 5.82666 7.34745e-05 0.0595007
1 12.8802 5.82667 -0.000408647 0.0595052
1 14.0002 5.82667 -0.00046394 0.0595123
1 15.12 5.82667 0.000133873 0.0594988
1 16.24 5.82667 0.000103292 0.0594925
1 17.3599 5.82666 0.000760674 0.0595061
1 18.4799 5.82666 0.00101384 0.0594986
1 19.5999 5.82666 -0.000258234 0.0595013
1 20.72 5.82666 6.47124e-05 0.0595064
1 21.8401 5.82666 0.000475927 0.0594991
1 22.9602 5.82666 -0.000590916 0.0594939
1 24.0802 5.82666 -0.000280009 0.0595033
1 25.2002 5.82666 6.56191e-05 0.0595001
1 26.3201 5.82667 -0.000306958 0.0595216
1 27.4399 5.82667 -8.52116e-05 0.0595499
1 28.5598 5.82667 2.28369e-05 0.0595345
1 29.6798 5.82667 -0.000512615 0.0595243
1 30.7997 5.82667 -4.17945e-05 0.0595181
1 31.9198 5.82667 9.47585e-05 0.0595047
1 33.0399 5.82666 -0.00023533 0.0595003
1 34.1601 5.82666 -0.000203605 0.0595043
1 35.2801 5.82667 -0.00260428 0.0595357
1 36.3994 5.82668 -0.0118811 0.0596679
1 37.5165 5.82671 -0.0371313 0.05993
1 38.6297 5.82674 -0.0707677 0.0597399
1 39.74 5.82667 -0.0841609 0.0577656
1 40.8491 5.82636 -0.0927749 0.0538165
1 41.9574 5.82568 -0.08234 0.0481873
1 43.0677 5.82447 -0.0708152 0.0405344
1 44.1841 5.82297 -0.0657286 0.0340237
1 0.0575257 6.79072 0.0787014 0.0138518
1 1.17329 6.79131 0.0778942 0.0202969
1 2.28332 6.79178 0.0880491 0.0256834
1 3.39134 6.79202 0.0974848 0.0284311
1 4.50021 6.79206 0.0866539 0.0294417
1 5.61029 6.79203 0.0716521 0.0295231
1 6.72349 6.79199 0.0376361 0.0290139
1 7.84066 6.79197 0.012124 0.0286473
1 8.95994 6.79196 0.00299347 0.0284991
1 10.0799 6.79196 -0.000144133 0.0284696
1 11.2 6.79196 -3.74172e-05 0.0284668
1 12.3201 6.79196 0.000251102 0.0284684
1 13.4401 6.79196 -0.00101928 0.0284759
1 14.5601 6.79196 -0.000755954 0.0285017
1 15.68 6.79196 -8.50774e-05 0.0284934
1 16.8 6.79196 -0.000111239 0.0284857
1 17.9198 6.79196 0.000461244 0.0284868
1 19.0398 6.79195 0.000402469 0.0284575
1 20.1599 6.79195 -7.37075e-05 0.0284555
1 21.2801 6.79195 0.000224254 0.0284544
1 22.4002 6.79195 -8.22115e-05 0.0284531
1 23.5203 6.79196 6.07344e-05 0.0284779
1 24.6402 6.79196 0.000515695 0.0284753
1 25.7602 6.79196 -2.3372e-05 0.0284888
1 26.8801 6.79196 7.78778e-05 0.0285138
1 27.9999 6.79196 0.000279033 0.0285102
1 29.1198 6.79196 -8.4145e-05 0.0285047
1 30.2398 6.79196 0.000278939 0.0285019
1 31.3598 6.79196 0.000601147 0.0284725
1 32.4799 6.79196 -0.000467705 0.0284665
1 33.6 6.79196 -0.000139278 0.0284674
1 34.72 6.79196 -0.000552911 0.0284768
1 35.8398 6.79196 -0.00628042 0.0285359
1 36.9583 6.79198 -0.0229023 0.0287717
1 38.0736 6.792 -0.0563423 0.0292001
1 39.1848 6.79204 -0.0808346 0.0293564
1 40.2947 6.79201 -0.0841762 0.0285262
1 41.4037 6.79185 -0.0983528 0.0262484
1 42.5122 6.79146 -0.0963209 0.021835
1 43.6242 6.79084 -0.0898344 0.0156994
1 0.616335 7.75984 0.0935945 0.00496952
1 1.72815 7.76001 0.0990711 0.00757786
1 2.83648 7.7601 0.100432 0.00912923
1 3.94541 7.76013 0.085171 0.00974278
1 5.05517 7.76012 0.0808783 0.00974723
1 6.16635 7.7601 0.0563174 0.00948407
1 7.28164 7.76008 0.021989 0.00922707
1 8.40009 7.76008 0.00548296 0.00911902
1 9.51982 7.76007 0.000971926 0.00908161
1 10.6399 7.76007 -0.000120957 0.00907337
1 11.7601 7.76007 7.44738e-05 0.00907338
1 12.8802 7.76007 -0.000382412 0.00907856
1 14.0002 7.76008 -0.00044574 0.00909082
1 15.12 7.76008 0.000110289 0.00909094
1 16.24 7.76007 9.36362e-05 0.00909054
1 17.3599 7.76007 0.000758883 0.00908824
1 18.4799 7.76007 0.00101244 0.00907363
1 19.5999 7.76007 -0.000245912 0.00906458
1 20.72 7.76007 6.43201e-05 0.00906376
1 21.8401 7.76007 0.000462871 0.0090629
1 22.9602 7.76007 -0.000589084 0.00906923
1 24.0802 7.76007 -0.000274246 0.00908131
1 25.2002 7.76007 8.0054e-05 0.00908411
1 26.3201 7.76007 -0.000280816 0.0090911
1 27.4399 7.76007 -9.52038e-05 0.00909925
1 28.5598 7.76007 7.18156e-06 0.00909555
1 29.6798 7.76008 -0.000514212 0.0090913
1 30.7997 7.76008 -7.0693e-05 0.00908907
1 31.9198 7.76007 6.65837e-05 0.00907725
1 33.0399 7.76007 -0.00023538 0.00907303
1 34.1601 7.76007 -0.00019794 0.00907449
1 35.2801 7.76007 -0.0025498 0.0090891
1 36.3994 7.76008 -0.0117636 0.00915289
1 37.5165 7.76009 -0.0370713 0.00931969
1 38.6297 7.7601 -0.071456 0.00957569
1 39.7399 7.76011 -0.0867193 0.00963608
1 40.8487 7.7601 -0.0979233 0.00921954
1 41.9566 7.76003 -0.0902546 0.00812893
1 43.0665 7.7599 -0.0820249 0.0060091
1 44.182 7.75972 -0.0851893 0.00336969
1 0.058201 8.72945 0.0875574 0.000626907
1 1.17372 8.72956 0.0831653 0.00108032
1 2.28355 8.7296 0.091295 0.00143563
1 3.39141 8.72959 0.09895 0.00177872
1 4.50021 8.72959 0.0870586 0.00182743
1 5.61027 8.72958 0.0715059 0.00177182
1 6.72348 8.72957 0.0374381 0.00169044
1 7.84065 8.72957 0.0120398 0.0016398
1 8.95994 8.72957 0.00297205 0.00162549
1 10.0799 8.72957 -0.000132841 0.00161857
1 11.2 8.72957 -3.75096e-05 0.00161801
1 12.3201 8.72957 0.000237154 0.00161797
1 13.4401 8.72957 -0.00101778 0.00162178
1 14.5601 8.72957 -0.000757334 0.00162068
1 15.68 8.72957 -9.07451e-05 0.00162236
1 16.8 8.72957 -0.000113918 0.00162437
1 17.9198 8.72957 0.000444035 0.00161533
1 19.0398 8.72957 0.00038413 0.00161759
1 20.1599 8.72957 -7.97022e-05 0.0016081
1 21.2801 8.72957 0.000228513 0.00160762
1 22.4002 8.72957 -6.65212e-05 0.0016159
1 23.5203 8.72957 7.5646e-05 0.0016125
1 24.6402 8.72957 0.000520652 0.0016219
1 25.7602 8.72957 -9.84892e-06 0.0016231
1 26.8801 8.72957 8.71176e-05 0.00162244
1 27.9999 8.72957 0.000274399 0.00162299
1 29.1198 8.72957 -8.61214e-05 0.00162152
1 30.2398 8.72957 0.00027535 0.00162039
1 31.3598 8.72957 0.000598372 0.00162198
1 32.4799 8.72957 -0.00045363 0.00161811
1 33.6 8.72957 -0.000138387 0.00161804
1 34.72 8.72957 -0.000560091 0.00161889
1 35.8398 8.72957 -0.00624084 0.00162855
1 36.9583 8.72957 -0.0227815 0.00165238
1 38.0736 8.72957 -0.0562089 0.00170853
1 39.1848 8.72958 -0.081113 0.00174894
1 40.2946 8.72957 -0.0852927 0.00168867
1 41.4036 8.72956 -0.100703 0.00149519
1 42.5119 8.72956 -0.1003 0.00123469
1 43.6237 8.72955 -0.0952159 0.000742056
1 0.616329 9.69946 0.0954296 -0.000285984
1 1.72813 9.69946 0.100592 -0.00035817
1 2.83644 9.69946 0.100981 -0.000250769
1 3.94538 9.69945 0.0851677 -0.000322924
1 5.05515 9.69944 0.080738 -0.000409031
1 6.16634 9.69944 0.0561751 -0.000467726
1 7.28164 9.69944 0.0219128 -0.000494124
1 8.40009 9.69944 0.00545693 -0.000495678
1 9.51982 9.69944 0.000966607 -0.000505787
1 10.6399 9.69944 -0.000132868 -0.000499651
1 11.7601 9.69944 8.50963e-05 -0.00049987
1 12.8802 9.69944 -0.000381715 -0.000506775
1 14.0002 9.69944 -0.000440019 -0.000498685
1 15.12 9.69944 0.000118495 -0.000504626
1 16.24 9.69944 9.54245e-05 -0.000501623
1 17.3599 9.69944 0.00076068 -0.000499784
1 18.4799 9.69944 0.00101841 -0.000505815
1 19.5999 9.69944 -0.000235927 -0.000506321
1 20.72 9.69944 6.34111e-05 -0.000507477
1 21.8401 9.69944 0.000450532 -0.000506959
1 22.9602 9.69944 -0.000598027 -0.000507305
1 24.0802 9.69944 -0.000276967 -0.000501595
1 25.2002 9.69944 8.36083e-05 -0.000502952
1 26.3201 9.69944 -0.000277339 -0.00050404
1 27.4399 9.69944 -9.05169e-05 -0.000503421
1 28.5598 9.69944 6.74614e-06 -0.00050629
1 29.6798 9.69944 -0.000522526 -0.000506451
1 30.7997 9.69944 -7.73928e-05 -0.000498693
1 31.9198 9.69944 6.50088e-05 -0.000506399
1 33.0399 9.69944 -0.000246765 -0.000499708
1 34.1601 9.69944 -0.000186589 -0.00049978
1 35.2801 9.69944 -0.00254361 -0.000506014
1 36.3994 9.69944 -0.0117323 -0.000495054
1 37.5165 9.69944 -0.0369962 -0.000490857
1 38.6297 9.69944 -0.0713999 -0.000465042
1 39.7398 9.69944 -0.0868605 -0.000430913
1 40.8486 9.69943 -0.0984603 -0.000406638
1 41.9565 9.69942 -0.0912401 -0.00026958
1 43.0663 9.69945 -0.0835058 -0.000325863
1 44.1819 9.69957 -0.0876323 -0.000363772
1 0.0580989 10.6694 0.0873494 -0.000122988
1 1.17366 10.6694 0.0834786 0.00013941
1 2.2835 10.6694 0.0914174 0.000261387
1 3.39138 10.6694 0.0988445 0.000243907
1 4.50019 10.6694 0.0869334 0.000221119
1 5.61027 10.6694 0.071416 0.000204807
1 6.72347 10.6694 0.0373944 0.000198588
1 7.84065 10.6694 0.0120198 0.000196773
1 8.95994 10.6694 0.00295672 0.000196026
1 10.0799 10.6694 -0.000142167 0.000195416
1 11.2 10.6694 -3.80612e-05 0.000195594
1 12.3201 10.6694 0.00024477 0.000195411
1 13.4401 10.6694 -0.0010074 0.000195895
1 14.5601 10.6694 -0.000752959 0.000195904
1 15.68 10.6694 -8.88373e-05 0.000195123
1 16.8 10.6694 -0.00010668 0.000194486
1 17.9198 10.6694 0.000443125 0.000193776
1 19.0398 10.6694 0.000377016 0.000192793
1 20.1599 10.6694 -7.07146e-05 0.000192748
1 21.2801 10.6694 0.000218124 0.000192699
1 22.4002 10.6694 -6.13639e-05 0.000192555
1 23.5203 10.6694 7.45443e-05 0.000193122
1 24.6402 10.6694 0.00051391 0.000193182
1 25.7602 10.6694 -7.50155e-06 0.000193311
1 26.8801 10.6694 9.2952e-05 0.000194
1 27.9999 10.6694 0.000275769 0.000194615
1 29.1198 10.6694 -8.25484e-05 0.000195138
1 30.2398 10.6694 0.000272144 0.000195891
1 31.3598 10.6694 0.000587282 0.000195877
1 32.4799 10.6694 -0.000462239 0.000195401
1 33.6 10.6694 -0.00013879 0.000195596
1 34.72 10.6694 -0.000551917 0.000195461
1 35.8398 10.6694 -0.00622666 0.000196302
1 36.9583 10.6694 -0.0227642 0.000197918
1 38.0736 10.6694 -0.0561923 0.000201192
1 39.1848 10.6694 -0.0811438 0.000205288
1 40.2946 10.6694 -0.0854106 0.000214884
1 41.4035 10.6694 -0.100721 0.000215348
1 42.5118 10.6694 -0.100099 0.000312959
1 43.6236 10.6694 -0.0955347 0.00012289
1 0.616337 11.6394 0.0956055 7.69383e-05
1 1.72812 11.6394 0.100761 4.81018e-05
1 2.83643 11.6394 0.10097 3.95299e-05
1 3.94537 11.6394 0.0850951 7.89231e-05
1 5.05515 11.6394 0.0807057 0.0001512
1 6.16634 11.6394 0.0561692 0.000189634
1 7.28164 11.6394 0.0219118 0.000205086
1 8.40009 11.6394 0.00545681 0.000202553
1 9.51982 11.6394 0.000966923 0.000211521
1 10.6399 11.6394 -0.000133362 0.00020491
1 11.7601 11.6394 8.5593e-05 0.000205125
1 12.8802 11.6394 -0.000382096 0.000212365
1 14.0002 11.6394 -0.000440356 0.000204374
1 15.12 11.6394 0.000117605 0.000209895
1 16.24 11.6394 9.34116e-05 0.000205303
1 17.3599 11.6394 0.000759359 0.000201307
1 18.4799 11.6394 0.00101817 0.000205595
1 19.5999 11.6394 -0.00023645 0.000205075
1 20.72 11.6394 6.33429e-05 0.000205511
1 21.8401 11.6394 0.000450785 0.000205409
1 22.9602 11.6394 -0.000598434 0.000206097
1 24.0802 11.6394 -0.000276757 0.00020091
1 25.2002 11.6394 8.44129e-05 0.000203084
1 26.3201 11.6394 -0.000276986 0.000205203
1 27.4399 11.6394 -8.94724e-05 0.000205938
1 28.5598 11.6394 8.46932e-06 0.00021054
1 29.6798 11.6394 -0.000521817 0.000212015
1 30.7997 11.6394 -7.71273e-05 0.000204476
1 31.9198 11.6394 6.53747e-05 0.000211996
1 33.0399 11.6394 -0.000247259 0.000204959
1 34.1601 11.6394 -0.00018607 0.000205065
1 35.2801 11.6394 -0.00254372 0.000211952
1 36.3994 11.6394 -0.011731 0.000202954
1 37.5165 11.6394 -0.036992 0.00020476
1 38.6297 11.6394 -0.0713957 0.000189788
1 39.7399 11.6394 -0.0868611 0.000166306
1 40.8486 11.6394 -0.0984425 0.000151344
1 41.9565 11.6394 -0.0912006 -4.63618e-05
1 43.0664 11.6394 -0.0835078 0.000108364
1 44.1819 11.6393 -0.0879026 0.000230105
1 0.058189 12.6094 0.0879145 -2.11325e-05
1 1.17372 12.6093 0.0834683 -5.84834e-05
1 2.28355 12.6093 0.0914911 -9.96909e-05
1 3.39141 12.6093 0.0989535 -0.000370377
1 4.5002 12.6093 0.0869885 -0.000340725
1 5.61027 12.6093 0.0714499 -0.000331771
1 6.72348 12.6093 0.0374113 -0.000335956
1 7.84065 12.6093 0.0120327 -0.000333865
1 8.95994 12.6093 0.00297053 -0.000337675
1 10.0799 12.6093 -0.000132684 -0.000336093
1 11.2 12.6093 -3.74968e-05 -0.000336014
1 12.3201 12.6093 0.000236835 -0.000335661
1 13.4401 12.6093 -0.00101802 -0.000336785
1 14.5601 12.6093 -0.00075942 -0.000332825
1 15.68 12.6093 -9.37156e-05 -0.000336686
1 16.8 12.6093 -0.000117399 -0.000340992
1 17.9198 12.6093 0.000440609 -0.000335151
1 19.0398 12.6093 0.000381847 -0.000342715
1 20.1599 12.6093 -8.0041e-05 -0.000335347
1 21.2801 12.6093 0.000228352 -0.000335176
1 22.4002 12.6093 -6.53746e-05 -0.000342296
1 23.5203 12.6093 7.70233e-05 -0.000335152
1 24.6402 12.6093 0.000521665 -0.000342971
1 25.7602 12.6093 -8.27813e-06 -0.000341791
1 26.8801 12.6093 8.93262e-05 -0.000337533
1 27.9999 12.6093 0.000276785 -0.000336893
1 29.1198 12.6093 -8.40228e-05 -0.000334784
1 30.2398 12.6093 0.000276986 -0.000332553
1 31.3598 12.6093 0.000598521 -0.000337312
1 32.4799 12.6093 -0.000453286 -0.000335987
1 33.6 12.6093 -0.000138332 -0.000335988
1 34.72 12.6093 -0.000559891 -0.000335667
1 35.8398 12.6093 -0.00623733 -0.000336643
1 36.9583 12.6093 -0.0227679 -0.000331696
1 38.0736 12.6093 -0.0561765 -0.000326848
1 39.1848 12.6093 -0.081089 -0.000296671
1 40.2946 12.6093 -0.0853302 -0.000228658
1 41.4036 12.6094 -0.100809 -0.00023494
1 42.5119 12.6093 -0.100432 -0.000310991
1 43.6237 12.6093 -0.0953553 -0.00029205
1 0.61642 13.5793 0.0951061 -4.41568e-05
1 1.72822 13.5793 0.100124 -0.000333412
1 2.83651 13.5793 0.100942 -0.000317064
1 3.94541 13.5793 0.0852881 -0.000380441
1 5.05516 13.5793 0.0807896 -0.000359676
1 6.16634 13.5793 0.0561834 -0.000355629
1 7.28164 13.5793 0.0219232 -0.000355675
1 8.40009 13.5793 0.00546176 -0.000355929
1 9.51982 13.5793 0.000963901 -0.000355097
1 10.6399 13.5793 -0.000122037 -0.000355421
1 11.7601 13.5793 7.54276e-05 -0.000355423
1 12.8802 13.5793 -0.000377237 -0.000355098
1 14.0002 13.5793 -0.000442892 -0.000355896
1 15.12 13.5793 0.000107331 -0.000355578
1 16.24 13.5793 8.96903e-05 -0.000355277
1 17.3599 13.5793 0.00075368 -0.000355851
1 18.4799 13.5793 0.00100739 -0.000355666
1 19.5999 13.5793 -0.000244322 -0.000355252
1 20.72 13.5793 6.38208e-05 -0.000355678
1 21.8401 13.5793 0.000459664 -0.000355247
1 22.9602 13.5793 -0.000587068 -0.000355652
1 24.0802 13.5793 -0.000272733 -0.000355834
1 25.2002 13.5793 8.18028e-05 -0.00035525
1 26.3201 13.5793 -0.000276428 -0.000355551
1 27.4399 13.5793 -9.35178e-05 -0.000355784
1 28.5598 13.5793 7.14856e-06 -0.000355326
1 29.6798 13.5793 -0.000513976 -0.000355576
1 30.7997 13.5793 -7.43293e-05 -0.000355877
1 31.9198 13.5793 6.1465e-05 -0.000355086
1 33.0399 13.5793 -0.000236123 -0.00035542
1 34.1601 13.5793 -0.000196241 -0.000355429
1 35.2801 13.5793 -0.00253853 -0.000355163
1 36.3994 13.5793 -0.0117302 -0.000356369
1 37.5165 13.5793 -0.0369869 -0.00035769
1 38.6297 13.5793 -0.0713502 -0.000359652
1 39.7399 13.5793 -0.0867558 -0.000349183
1 40.8487 13.5793 -0.0983515 -0.000303167
1 41.9565 13.5793 -0.0912921 -0.000423224
1 43.0664 13.5793 -0.083582 -0.000394954
1 44.1819 13.5793 -0.0871856 -0.000182932
1 0.0581774 14.5491 0.0877602 4.35484e-05
1 1.17371 14.5492 0.0833584 0.000468892
1 2.28355 14.5492 0.0913319 0.000788064
1 3.39141 14.5492 0.098936 0.000847483
1 4.5002 14.5492 0.0870204 0.000857014
1 5.61027 14.5492 0.071455 0.000841772
1 6.72348 14.5492 0.0374069 0.000830406
1 7.84065 14.5492 0.0120307 0.000822435
1 8.95994 14.5492 0.00297 0.000823635
1 10.0799 14.5492 -0.00013294 0.000819988
1 11.2 14.5492 -3.7497e-05 0.000820558
1 12.3201 14.5492 0.000237065 0.000819557
1 13.4401 14.5492 -0.00101777 0.000822492
1 14.5601 14.5492 -0.000758995 0.00081937
1 15.68 14.5492 -9.32238e-05 0.00082217
1 16.8 14.5492 -0.000117191 0.000826982
1 17.9198 14.5492 0.0004405 0.000821436
1 19.0398 14.5492 0.000381663 0.000826951
1 20.1599 14.5492 -8.05575e-05 0.000820129
1 21.2801 14.5492 0.000228862 0.000819939
1 22.4002 14.5492 -6.52117e-05 0.000826457
1 23.5203 14.5492 7.70855e-05 0.000821268
1 24.6402 14.5492 0.000521417 0.000828707
1 25.7602 14.5492 -8.68787e-06 0.000827021
1 26.8801 14.5492 8.91401e-05 0.000823743
1 27.9999 14.5492 0.000276685 0.000822667
1 29.1198 14.5492 -8.4374e-05 0.00081995
1 30.2398 14.5492 0.000276628 0.000818872
1 31.3598 14.5492 0.000598297 0.0008229
1 32.4799 14.5492 -0.000453507 0.000819841
1 33.6 14.5492 -0.000138331 0.000820539
1 34.72 14.5492 -0.00055968 0.000819677
1 35.8398 14.5492 -0.0062373 0.000823178
1 36.9583 14.5492 -0.0227688 0.000822064
1 38.0736 14.5492 -0.0561781 0.00082325
1 39.1848 14.5492 -0.0810696 0.000803684
1 40.2946 14.5492 -0.0852433 0.000780822
1 41.4036 14.5492 -0.100718 0.000758238
1 42.5119 14.5492 -0.100588 0.00098245
1 43.6237 14.5492 -0.0957814 0.000518309
1 0.616331 15.5192 0.0957956 -0.000368471
1 1.72812 15.5192 0.100705 -0.000689332
1 2.83643 15.5192 0.100963 -0.00041387
1 3.94537 15.5192 0.0851081 -0.000418156
1 5.05515 15.5192 0.0807015 -0.000444726
1 6.16634 15.5192 0.0561618 -0.00047136
1 7.28164 15.5192 0.0219094 -0.000476683
1 8.40009 15.5192 0.00545646 -0.000469643
1 9.51982 15.5192 0.000966675 -0.000475408
1 10.6399 15.5192 -0.000133335 -0.00046915
1 11.7601 15.5192 8.55664e-05 -0.000469372
1 12.8802 15.5192 -0.000381888 -0.00047616
1 14.0002 15.5192 -0.000440432 -0.00047036
1 15.12 15.5192 0.000117454 -0.000475824
1 16.24 15.5192 9.34352e-05 -0.000470857
1 17.3599 15.5192 0.00075921 -0.000467749
1 18.4799 15.5192 0.00101789 -0.00047092
1 19.5999 15.5192 -0.000236551 -0.000468045
1 20.72 15.5192 6.33421e-05 -0.000469004
1 21.8401 15.5192 0.000450883 -0.000468321
1 22.9602 15.5192 -0.00059816 -0.000471249
1 24.0802 15.5192 -0.000276633 -0.00046701
1 25.2002 15.5192 8.43521e-05 -0.000468158
1 26.3201 15.5192 -0.000276858 -0.000470829
1 27.4399 15.5192 -8.93597e-05 -0.000471942
1 28.5598 15.5192 8.47766e-06 -0.000475602
1 29.6798 15.5192 -0.000521648 -0.000477527
1 30.7997 15.5192 -7.70475e-05 -0.00047021
1 31.9198 15.5192 6.5169e-05 -0.000475684
1 33.0399 15.5192 -0.00024723 -0.000469182
1 34.1601 15.5192 -0.000186091 -0.000469357
1 35.2801 15.5192 -0.0025435 -0.000476173
1 36.3994 15.5192 -0.0117313 -0.000471523
1 37.5165 15.5192 -0.0369946 -0.0004811
1 38.6297 15.5192 -0.0714038 -0.000484197
1 39.7398 15.5192 -0.0868645 -0.000488187
1 40.8486 15.5192 -0.0984143 -0.000487049
1 41.9565 15.5192 -0.0911638 -0.000465403
1 43.0664 15.5192 -0.083473 -0.000233263
1 44.1819 15.5193 -0.0877979 5.74671e-05
1 0.0581234 16.4891 0.0874384 0.000272126
1 1.17367 16.4891 0.0835568 0.000329037
1 2.2835 16.4892 0.091535 0.000285278
1 3.39137 16.4891 0.0989194 0.000175221
1 4.50018 16.4892 0.0869295 0.000234409
1 5.61026 16.4892 0.0714019 0.00025953
1 6.72347 16.4892 0.0373905 0.000263935
1 7.84065 16.4892 0.0120197 0.000264859
1 8.95994 16.4892 0.00295708 0.000264798
1 10.0799 16.4892 -0.000142033 0.000264724
1 11.2 16.4892 -3.80614e-05 0.000265109
1 12.3201 16.4892 0.000244636 0.00026472
1 13.4401 16.4892 -0.00100776 0.000264802
1 14.5601 16.4892 -0.000753335 0.000265001
1 15.68 16.4892 -8.89498e-05 0.000265051
1 16.8 16.4892 -0.000106781 0.000265904
1 17.9198 16.4892 0.000443289 0.000267044
1 19.0398 16.4892 0.000377559 0.000267149
1 20.1599 16.4892 -7.03975e-05 0.00026768
1 21.2801 16.4892 0.000217814 0.000267724
1 22.4002 16.4892 -6.18879e-05 0.000267373
1 23.5203 16.4892 7.44307e-05 0.000267682
1 24.6402 16.4892 0.000514084 0.000267229
1 25.7602 16.4892 -7.36226e-06 0.000266943
1 26.8801 16.4892 9.31429e-05 0.000266854
1 27.9999 16.4892 0.000275855 0.000265957
1 29.1198 16.4892 -8.25673e-05 0.000265121
1 30.2398 16.4892 0.000272418 0.000265052
1 31.3598 16.4892 0.000587595 0.000264822
1 32.4799 16.4892 -0.000462119 0.000264725
1 33.6 16.4892 -0.000138793 0.000265108
1 34.72 16.4892 -0.000552061 0.000264706
1 35.8398 16.4892 -0.00622716 0.000264672
1 36.9583 16.4892 -0.0227658 0.000264273
1 38.0736 16.4892 -0.056198 0.000262856
1 39.1848 16.4892 -0.0811609 0.000263588
1 40.2946 16.4892 -0.0854519 0.000273524
1 41.4035 16.4892 -0.100779 0.000171341
1 42.5118 16.4891 -0.100079 0.000173768
1 43.6236 16.4891 -0.0950973 -4.66537e-06
1 0.616335 17.4591 0.0953197 0.000379346
1 1.72815 17.4591 0.100554 0.000374726
1 2.83645 17.4591 0.101061 0.000372939
1 3.94538 17.4591 0.0852167 0.00032534
1 5.05515 17.4591 0.0807333 0.000395957
1 6.16634 17.4591 0.0561614 0.000424501
1 7.28164 17.4591 0.0219072 0.00042739
1 8.40009 17.4591 0.00545552 0.000418549
1 9.51982 17.4591 0.000966175 0.000425435
1 10.6399 17.4591 -0.000132726 0.000418061
1 11.7601 17.4591 8.4948e-05 0.000418284
1 12.8802 17.4591 -0.000381455 0.000426165
1 14.0002 17.4591 -0.000439846 0.000419082
1 15.12 17.4591 0.000118472 0.000425813
1 16.24 17.4591 9.55168e-05 0.000422633
1 17.3599 17.4591 0.000760722 0.000420072
1 18.4799 17.4591 0.00101835 0.000424901
1 19.5999 17.4591 -0.000235822 0.000424006
1 20.72 17.4591 6.34052e-05 0.000424425
1 21.8401 17.4591 0.000450411 0.000424544
1 22.9602 17.4591 -0.000597989 0.000426119
1 24.0802 17.4591 -0.000276998 0.00042141
1 25.2002 17.4591 8.36137e-05 0.000423461
1 26.3201 17.4591 -0.000277149 0.000425018
1 27.4399 17.4591 -9.05901e-05 0.000424568
1 28.5598 17.4591 6.46855e-06 0.000427427
1 29.6798 17.4591 -0.00052271 0.000427495
1 30.7997 17.4591 -7.76679e-05 0.000418894
1 31.9198 17.4591 6.47283e-05 0.000425667
1 33.0399 17.4591 -0.000246612 0.000418089
1 34.1601 17.4591 -0.000186718 0.000418289
1 35.2801 17.4591 -0.00254317 0.000426341
1 36.3994 17.4591 -0.0117313 0.00042112
1 37.5165 17.4591 -0.0369938 0.000434032
1 38.6297 17.4591 -0.0713914 0.000441212
1 39.7399 17.4591 -0.0868424 0.000452073
1 40.8486 17.4591 -0.0984768 0.000477961
1 41.9565 17.4591 -0.0913685 0.000200388
1 43.0663 17.4591 -0.0836312 8.19775e-05
1 44.1818 17.459 -0.0878269 5.60853e-05
1 0.0582088 18.4292 0.0881077 7.01226e-05
1 1.17373 18.4291 0.0835312 0.000472352
1 2.28356 18.4291 0.0914506 0.000823701
1 3.39142 18.4291 0.0990039 0.000668963
1 4.50021 18.4291 0.0870479 0.000674033
1 5.61027 18.4291 0.0714637 0.000666633
1 6.72348 18.4291 0.0374081 0.000656295
1 7.84065 18.4291 0.0120294 0.000654543
1 8.95994 18.4291 0.00296914 0.000649214
1 10.0799 18.4291 -0.000132994 0.000649544
1 11.2 18.4291 -3.74988e-05 0.000649721
1 12.3201 18.4291 0.000237097 0.000649959
1 13.4401 18.4291 -0.00101695 0.000649802
1 14.5601 18.4291 -0.000757358 0.00065389
1 15.68 18.4291 -9.13021e-05 0.000650686
1 16.8 18.4291 -0.000114649 0.000647946
1 17.9198 18.4291 0.000441869 0.000655474
1 19.0398 18.4291 0.000382152 0.000648682
1 20.1599 18.4291 -8.0522e-05 0.000656952
1 21.2801 18.4291 0.000229241 0.000657284
1 22.4002 18.4291 -6.47105e-05 0.00064983
1 23.5203 18.4291 7.76282e-05 0.000657271
1 24.6402 18.4291 0.00052149 0.000649339
1 25.7602 18.4291 -8.67299e-06 0.000649704
1 26.8801 18.4291 8.81093e-05 0.000653513
1 27.9999 18.4291 0.00027418 0.000652567
1 29.1198 18.4291 -8.64358e-05 0.000652793
1 30.2398 18.4291 0.000274866 0.000654147
1 31.3598 18.4291 0.000597431 0.000649208
1 32.4799 18.4291 -0.000453541 0.000649598
1 33.6 18.4291 -0.000138307 0.000649762
1 34.72 18.4291 -0.000559515 0.00065016
1 35.8398 18.4291 -0.00623593 0.000651391
1 36.9583 18.4291 -0.0227662 0.000661571
1 38.0736 18.4291 -0.0561786 0.000676892
1 39.1848 18.4291 -0.0810826 0.000706588
1 40.2946 18.4291 -0.0852801 0.000755809
1 41.4036 18.4291 -0.100793 0.000758524
1 42.5119 18.4291 -0.100713 0.000810258
1 43.6237 18.4291 -0.0959589 0.000549525
1 0.616459 19.3991 0.0957615 0.00020942
1 1.72823 19.3991 0.100495 -0.000162747
1 2.83651 19.3991 0.101028 3.45404e-05
1 3.94541 19.3992 0.0852859 9.72615e-05
1 5.05517 19.3992 0.0808085 0.000163491
1 6.16634 19.3992 0.0562025 0.000197077
1 7.28164 19.3992 0.0219292 0.000219499
1 8.40009 19.3992 0.00546078 0.000225677
1 9.51982 19.3992 0.000962683 0.00023012
1 10.6399 19.3992 -0.000123595 0.000230246
1 11.7601 19.3992 7.69641e-05 0.000230209
1 12.8802 19.3992 -0.000375954 0.000230121
1 14.0002 19.3992 -0.000440721 0.000226965
1 15.12 19.3992 0.000108156 0.000227693
1 16.24 19.3992 9.08416e-05 0.000226234
1 17.3599 19.3992 0.000755922 0.000226806
1 18.4799 19.3992 0.00100952 0.000230498
1 19.5999 19.3992 -0.000244262 0.000232708
1 20.72 19.3992 6.41907e-05 0.000231724
1 21.8401 19.3992 0.000460848 0.00023337
1 22.9602 19.3992 -0.000586687 0.000232366
1 24.0802 19.3992 -0.000271387 0.000230202
1 25.2002 19.3992 8.37812e-05 0.000230863
1 26.3201 19.3992 -0.0002763 0.000230442
1 27.4399 19.3992 -9.52123e-05 0.000228419
1 28.5598 19.3992 5.50164e-06 0.000228207
1 29.6798 19.3992 -0.000515453 0.000229211
1 30.7997 19.3992 -7.68585e-05 0.000227742
1 31.9198 19.3992 6.0059e-05 0.000230408
1 33.0399 19.3992 -0.000237675 0.000230269
1 34.1601 19.3992 -0.000194624 0.000230178
1 35.2801 19.3992 -0.0025369 0.000229699
1 36.3994 19.3992 -0.0117275 0.000224066
1 37.5165 19.3992 -0.0369911 0.000214796
1 38.6297 19.3992 -0.071386 0.000185581
1 39.7399 19.3992 -0.0868435 0.000137911
1 40.8487 19.3992 -0.0984188 8.9893e-05
1 41.9565 19.3991 -0.0912962 -1.91087e-05
1 43.0664 19.3991 -0.0836945 0.000293669
1 44.1819 19.3991 -0.0877046 0.000796665
1 0.0582904 20.369 0.0880314 0.00100184
1 1.17379 20.3691 0.0836752 0.000858092
1 2.28359 20.3691 0.0916624 0.000759608
1 3.39143 20.3692 0.0991193 0.000765771
1 4.50022 20.3692 0.0870884 0.000866974
1 5.61028 20.3692 0.0715018 0.000924132
1 6.72348 20.3692 0.0374334 0.000954961
1 7.84065 20.3692 0.0120404 0.000966572
1 8.95994 20.3692 0.00297104 0.00097674
1 10.0799 20.3692 -0.000138125 0.000971833
1 11.2 20.3692 -3.75426e-05 0.00097058
1 12.3201 20.3692 0.000242234 0.000971235
1 13.4401 20.3692 -0.00101756 0.000975839
1 14.5601 20.3692 -0.000760683 0.000967915
1 15.68 20.3692 -9.29872e-05 0.000967859
1 16.8 20.3692 -0.000115621 0.000972321
1 17.9198 20.3692 0.000442457 0.000966861
1 19.0398 20.3692 0.00038397 0.00097561
1 20.1599 20.3692 -7.96847e-05 0.000968782
1 21.2801 20.3692 0.000229489 0.000968909
1 22.4002 20.3692 -6.47744e-05 0.000976296
1 23.5203 20.3692 7.93376e-05 0.000969092
1 24.6402 20.3692 0.000523958 0.000977419
1 25.7602 20.3692 -7.71901e-06 0.000975069
1 26.8801 20.3692 8.96042e-05 0.000970611
1 27.9999 20.3692 0.000275343 0.00097108
1 29.1198 20.3692 -8.58261e-05 0.000968835
1 30.2398 20.3692 0.000277029 0.000969525
1 31.3598 20.3692 0.000597362 0.000977222
1 32.4799 20.3692 -0.000458945 0.000971826
1 33.6 20.3692 -0.000138373 0.000970555
1 34.72 20.3692 -0.000554557 0.000971088
1 35.8398 20.3692 -0.00623816 0.00097423
1 36.9583 20.3692 -0.0227777 0.000958946
1 38.0736 20.3692 -0.0562096 0.000932196
1 39.1848 20.3692 -0.0811638 0.000878316
1 40.2946 20.3692 -0.0854344 0.000816847
1 41.4035 20.3691 -0.100902 0.00068708
1 42.5119 20.3691 -0.10052 0.000789258
1 43.6237 20.3691 -0.0953799 0.000680375
1 0.616398 21.3391 0.0954515 0.000457937
1 1.7282 21.3391 0.100601 0.000149755
1 2.83649 21.3391 0.101123 0.000148715
1 3.94541 21.3391 0.085302 4.82897e-05
1 5.05517 21.3391 0.0808207 2.42997e-05
1 6.16634 21.3391 0.0562222 1.64349e-05
1 7.28164 21.3391 0.0219317 2.19465e-05
1 8.40009 21.3391 0.00546332 2.95506e-05
1 9.51982 21.3391 0.000969486 2.8366e-05
1 10.6399 21.3391 -0.000134366 2.73264e-05
1 11.7601 21.3391 8.63519e-05 2.6949e-05
1 12.8802 21.3391 -0.000384357 2.70569e-05
1 14.0002 21.3391 -0.000442325 2.82158e-05
1 15.12 21.3391 0.000116613 2.33961e-05
1 16.24 21.3391 9.28843e-05 2.48827e-05
1 17.3599 21.3391 0.000762664 2.44077e-05
1 18.4799 21.3391 0.00102351 2.43538e-05
1 19.5999 21.3391 -0.000236255 2.73041e-05
1 20.72 21.3391 6.42864e-05 2.3654e-05
1 21.8401 21.3391 0.000453177 2.73607e-05
1 22.9602 21.3391 -0.000599843 2.47979e-05
1 24.0802 21.3391 -0.000276094 2.58875e-05
1 25.2002 21.3391 8.61406e-05 2.81783e-05
1 26.3201 21.3391 -0.000278817 2.53483e-05
1 27.4399 21.3391 -9.09495e-05 2.26934e-05
1 28.5598 21.3391 8.35446e-06 2.30626e-05
1 29.6798 21.3391 -0.000523113 2.45608e-05
1 30.7997 21.3391 -7.70513e-05 3.00579e-05
1 31.9198 21.3391 6.66385e-05 2.82718e-05
1 33.0399 21.3391 -0.000248418 2.73158e-05
1 34.1601 21.3391 -0.000185463 2.69688e-05
1 35.2801 21.3391 -0.00254762 2.68214e-05
1 36.3994 21.3391 -0.0117427 2.51508e-05
1 37.5165 21.3391 -0.0370275 1.05616e-05
1 38.6297 21.3391 -0.0714626 -5.38872e-06
1 39.7398 21.3391 -0.0869303 6.80536e-07
1 40.8486 21.3391 -0.0985567 4.47788e-05
1 41.9565 21.3391 -0.0914056 6.28418e-05
1 43.0663 21.3391 -0.0836333 5.0796e-05
1 44.1818 21.3392 -0.08772 0.000163846
1 0.058206 22.3091 0.0873472 7.94082e-05
1 1.17373 22.309 0.0833919 0.000369114
1 2.28355 22.3091 0.0913338 0.000441227
1 3.39142 22.3091 0.0988932 0.000297686
1 4.50021 22.3091 0.0870138 0.000263328
1 5.61028 22.3091 0.071484 0.000247496
1 6.72348 22.3091 0.0374367 0.000252001
1 7.84065 22.3091 0.0120428 0.000263211
1 8.95994 22.3091 0.00296992 0.000265705
1 10.0799 22.3091 -0.000140557 0.000262166
1 11.2 22.3091 -3.83391e-05 0.000264165
1 12.3201 22.3091 0.000242776 0.000261636
1 13.4401 22.3091 -0.00101828 0.000264553
1 14.5601 22.3091 -0.000762234 0.000262555
1 15.68 22.3091 -9.30081e-05 0.000254236
1 16.8 22.3091 -0.000108656 0.000257646
1 17.9198 22.3091 0.000445134 0.000257028
1 19.0398 22.3091 0.000378694 0.000257711
1 20.1599 22.3091 -7.09168e-05 0.000259024
1 21.2801 22.3091 0.000220593 0.000259015
1 22.4002 22.3091 -5.99381e-05 0.000257672
1 23.5203 22.3091 7.55665e-05 0.000257186
1 24.6402 22.3091 0.000515647 0.000258001
1 25.7602 22.3091 -8.52403e-06 0.000255253
1 26.8801 22.3091 9.22598e-05 0.000256209
1 27.9999 22.3091 0.000278987 0.000258041
1 29.1198 22.3091 -8.02144e-05 0.000257055
1 30.2398 22.3091 0.000278396 0.000264965
1 31.3598 22.3091 0.000595838 0.000266046
1 32.4799 22.3091 -0.000461426 0.000262198
1 33.6 22.3091 -0.000139203 0.000264179
1 34.72 22.3091 -0.000554823 0.000261596
1 35.8398 22.3091 -0.00624394 0.000263774
1 36.9583 22.3091 -0.0228 0.00025824
1 38.0736 22.3091 -0.05626 0.000240333
1 39.1848 22.3091 -0.081213 0.000222176
1 40.2946 22.3091 -0.0854183 0.000226367
1 41.4035 22.3091 -0.10076 0.000257061
1 42.5118 22.3091 -0.100354 0.000546586
1 43.6236 22.3091 -0.0957036 0.000438679
1 0.616367 23.279 0.0956926 1.41239e-05
1 1.72814 23.279 0.100618 -0.000134626
1 2.83645 23.279 0.100883 -0.000112032
1 3.94539 23.279 0.0850689 -0.000134492
1 5.05516 23.279 0.0807135 -9.48547e-05
1 6.16634 23.279 0.0561992 -6.43393e-05
1 7.28164 23.279 0.021931 -4.52965e-05
1 8.40009 23.279 0.00547015 -4.1664e-05
1 9.51982 23.279 0.000970092 -3.69865e-05
1 10.6399 23.279 -0.000132324 -4.32258e-05
1 11.7601 23.279 8.3517e-05 -4.32956e-05
1 12.8802 23.279 -0.000385507 -3.71836e-05
1 14.0002 23.279 -0.000448326 -4.14449e-05
1 15.12 23.279 0.000116637 -4.11537e-05
1 16.24 23.279 8.88509e-05 -4.59198e-05
1 17.3599 23.279 0.000760566 -4.38918e-05
1 18.4799 23.279 0.00102218 -3.58813e-05
1 19.5999 23.279 -0.000243147 -4.1191e-05
1 20.72 23.279 6.42768e-05 -4.17957e-05
1 21.8401 23.279 0.000459628 -4.11534e-05
1 22.9602 23.279 -0.000600429 -3.56519e-05
1 24.0802 23.279 -0.000277797 -4.35696e-05
1 25.2002 23.279 8.59933e-05 -4.49575e-05
1 26.3201 23.279 -0.000279794 -4.2243e-05
1 27.4399 23.279 -8.76763e-05 -4.26246e-05
1 28.5598 23.279 1.35685e-05 -3.99407e-05
1 29.6798 23.279 -0.000523495 -3.71445e-05
1 30.7997 23.279 -7.25218e-05 -3.97085e-05
1 31.9198 23.279 6.64e-05 -3.66727e-05
1 33.0399 23.279 -0.000246538 -4.31963e-05
1 34.1601 23.279 -0.000188533 -4.33416e-05
1 35.2801 23.279 -0.0025502 -3.77477e-05
1 36.3994 23.279 -0.0117531 -4.4865e-05
1 37.5165 23.279 -0.0370328 -5.33613e-05
1 38.6297 23.279 -0.0714657 -7.64094e-05
1 39.7398 23.279 -0.0869202 -0.000110793
1 40.8486 23.279 -0.0984366 -0.000143831
1 41.9565 23.279 -0.0911249 -0.000232142
1 43.0663 23.279 -0.0834189 6.7069e-05
1 44.1819 23.279 -0.0874538 0.000243984
1 0.0581067 24.249 0.087467 0.000159973
1 1.17368 24.2489 0.0832712 0.000416552
1 2.28352 24.2489 0.0913717 0.000300992
1 3.39139 24.2489 0.0988437 4.20711e-05
1 4.5002 24.2489 0.0869142 9.0725e-05
1 5.61027 24.2489 0.0714408 0.000123698
1 6.72348 24.2489 0.0374282 0.00013847
1 7.84066 24.2489 0.0120478 0.000147954
1 8.95994 24.2489 0.00298502 0.000149803
1 10.0799 24.2489 -0.000130526 0.000148926
1 11.2 24.2489 -3.8273e-05 0.000150175
1 12.3201 24.2489 0.000233155 0.000148919
1 13.4401 24.2489 -0.00103186 0.000149755
1 14.5601 24.2489 -0.000765826 0.000149374
1 15.68 24.2489 -9.67621e-05 0.000145442
1 16.8 24.2489 -0.000122534 0.000147605
1 17.9198 24.2489 0.00044294 0.000154817
1 19.0398 24.2489 0.000385174 0.000151067
1 20.1599 24.2489 -8.19027e-05 0.0001541
1 21.2801 24.2489 0.000231524 0.000154091
1 22.4002 24.2489 -6.69928e-05 0.00015115
1 23.5203 24.2489 7.61003e-05 0.000155252
1 24.6402 24.2489 0.000526684 0.000148633
1 25.7602 24.2489 -6.98303e-06 0.000146535
1 26.8801 24.2489 9.15852e-05 0.000148998
1 27.9999 24.2489 0.000284768 0.000149413
1 29.1198 24.2489 -8.17508e-05 0.000148118
1 30.2398 24.2489 0.000280431 0.000150479
1 31.3598 24.2489 0.000609182 0.000150039
1 32.4799 24.2489 -0.000451848 0.000148943
1 33.6 24.2489 -0.00013932 0.00015019
1 34.72 24.2489 -0.000564948 0.000148856
1 35.8398 24.2489 -0.00625871 0.000148949
1 36.9583 24.2489 -0.0227991 0.00014491
1 38.0736 24.2489 -0.056225 0.000136851
1 39.1848 24.2489 -0.0811438 0.0001429
1 40.2946 24.2489 -0.08538 0.000171915
1 41.4035 24.2489 -0.100808 7.67068e-05
1 42.5119 24.2489 -0.10031 0.000179946
1 43.6237 24.2489 -0.0952631 -8.41237e-05
1 0.616339 25.2188 0.0947742 -0.000177776
1 1.72816 25.2187 0.100165 -0.000504339
1 2.83646 25.2187 0.100924 -0.000489783
1 3.94538 25.2187 0.0851746 -0.000612838
1 5.05515 25.2187 0.0807154 -0.000586974
1 6.16634 25.2187 0.0561757 -0.00057531
1 7.28164 25.2187 0.021923 -0.000569629
1 8.40009 25.2187 0.00547019 -0.000565604
1 9.51982 25.2187 0.000969446 -0.000570177
1 10.6399 25.2187 -0.000130798 -0.000561393
1 11.7601 25.2187 8.23458e-05 -0.000561409
1 12.8802 25.2187 -0.000384096 -0.000570208
1 14.0002 25.2187 -0.000447962 -0.0005655
1 15.12 25.2187 0.00011866 -0.000567461
1 16.24 25.2187 9.05774e-05 -0.0005689
1 17.3599 25.2187 0.000759592 -0.000557216
1 18.4799 25.2187 0.00102002 -0.000560073
1 19.5999 25.2187 -0.000247502 -0.00056055
1 20.72 25.2187 6.4178e-05 -0.000554353
1 21.8401 25.2187 0.000463735 -0.000560571
1 22.9602 25.2187 -0.000598571 -0.000559857
1 24.0802 25.2187 -0.000276822 -0.000556252
1 25.2002 25.2187 8.49425e-05 -0.00056735
1 26.3201 25.2187 -0.000281324 -0.000566018
1 27.4399 25.2187 -8.93736e-05 -0.000564707
1 28.5598 25.2187 1.05853e-05 -0.000569291
1 29.6798 25.2187 -0.000525155 -0.000568301
1 30.7997 25.2187 -7.19398e-05 -0.000565687
1 31.9198 25.2187 6.55931e-05 -0.000570319
1 33.0399 25.2187 -0.000245091 -0.000561406
1 34.1601 25.2187 -0.000189799 -0.000561403
1 35.2801 25.2187 -0.00254871 -0.000570192
1 36.3994 25.2187 -0.0117489 -0.000566028
1 37.5165 25.2187 -0.0370047 -0.000569104
1 38.6297 25.2187 -0.0713771 -0.000565181
1 39.7399 25.2187 -0.0867749 -0.000531127
1 40.8487 25.2187 -0.0983594 -0.000459579
1 41.9565 25.2187 -0.0912636 -0.00057175
1 43.0664 25.2187 -0.0834981 -0.000424459
1 44.182 25.2187 -0.0874028 -0.000329166
1 0.0580148 26.1886 0.0875932 -0.000110477
1 1.17364 26.1885 0.0833479 0.000366835
1 2.28351 26.1885 0.0913001 0.0008885
1 3.39139 26.1885 0.0988471 0.000826993
1 4.5002 26.1885 0.0869513 0.000824533
1 5.61027 26.1885 0.0714368 0.000807815
1 6.72348 26.1885 0.0374163 0.000787731
1 7.84065 26.1885 0.0120402 0.000767499
1 8.95994 26.1885 0.00297381 0.000767354
1 10.0799 26.1885 -0.000145308 0.000765876
1 11.2 26.1885 -3.83033e-05 0.000759566
1 12.3201 26.1885 0.000248045 0.000765836
1 13.4401 26.1885 -0.00102031 0.000767097
1 14.5601 26.1885 -0.000759163 0.000765329
1 15.68 26.1885 -9.00228e-05 0.000776925
1 16.8 26.1885 -0.000118732 0.000775464
1 17.9198 26.1885 0.000447609 0.000773067
1 19.0398 26.1885 0.0003837 0.000776517
1 20.1599 26.1885 -7.81566e-05 0.000767563
1 21.2801 26.1885 0.000227534 0.000767533
1 22.4002 26.1885 -6.5505e-05 0.000776496
1 23.5203 26.1885 7.2319e-05 0.000772945
1 24.6402 26.1885 0.000525209 0.000775806
1 25.7602 26.1885 -1.10199e-05 0.000776754
1 26.8801 26.1885 8.92006e-05 0.000772596
1 27.9999 26.1885 0.00028141 0.000773768
1 29.1198 26.1885 -8.53593e-05 0.000774883
1 30.2398 26.1885 0.000276518 0.000763958
1 31.3598 26.1885 0.000599056 0.000766667
1 32.4799 26.1885 -0.000466405 0.000765779
1 33.6 26.1885 -0.000139288 0.000759567
1 34.72 26.1885 -0.000549982 0.000766051
1 35.8398 26.1885 -0.00624622 0.000768796
1 36.9583 26.1885 -0.0227859 0.000773703
1 38.0736 26.1885 -0.0561896 0.000803676
1 39.1848 26.1885 -0.0810582 0.000833017
1 40.2946 26.1885 -0.0852271 0.000881128
1 41.4036 26.1885 -0.100632 0.000858588
1 42.5119 26.1885 -0.100288 0.00102358
1 43.6237 26.1885 -0.0953747 0.000511789
1 0.616356 27.1584 0.0958236 -0.000247011
1 1.72815 27.1584 0.100617 -0.000697818
1 2.83646 27.1584 0.100963 -0.000446851
1 3.94539 27.1584 0.0851321 -0.000440109
1 5.05516 27.1584 0.0807354 -0.00038443
1 6.16634 27.1584 0.0562049 -0.000364504
1 7.28164 27.1584 0.021933 -0.000360008
1 8.40009 27.1584 0.0054676 -0.000363606
1 9.51982 27.1584 0.000970472 -0.000357672
1 10.6399 27.1584 -0.000136427 -0.000360299
1 11.7601 27.1584 8.76597e-05 -0.000360301
1 12.8802 27.1584 -0.000385166 -0.000357382
1 14.0002 27.1584 -0.000442741 -0.000362408
1 15.12 27.1584 0.000122567 -0.000355607
1 16.24 27.1584 9.61901e-05 -0.000353463
1 17.3599 27.1584 0.000765348 -0.00035748
1 18.4799 27.1584 0.00103179 -0.000356772
1 19.5999 27.1584 -0.000232899 -0.000354188
1 20.72 27.1584 6.41845e-05 -0.000355366
1 21.8401 27.1584 0.000449438 -0.000354128
1 22.9602 27.1584 -0.000608984 -0.000356843
1 24.0802 27.1584 -0.000279992 -0.00035818
1 25.2002 27.1584 8.21859e-05 -0.000355646
1 26.3201 27.1584 -0.00028485 -0.000357165
1 27.4399 27.1584 -9.14134e-05 -0.000356892
1 28.5598 27.1584 7.42386e-06 -0.000353999
1 29.6798 27.1584 -0.000526677 -0.000356141
1 30.7997 27.1584 -7.61603e-05 -0.000362536
1 31.9198 27.1584 6.67351e-05 -0.000357334
1 33.0399 27.1584 -0.000250634 -0.000360275
1 34.1601 27.1584 -0.000184405 -0.000360372
1 35.2801 27.1584 -0.00254965 -0.000357756
1 36.3994 27.1584 -0.011745 -0.000363203
1 37.5165 27.1584 -0.03701 -0.00035842
1 38.6297 27.1584 -0.0713954 -0.0003624
1 39.7399 27.1584 -0.0867804 -0.000382343
1 40.8486 27.1584 -0.0982593 -0.000407632
1 41.9565 27.1584 -0.0910311 -0.000615818
1 43.0664 27.1584 -0.0832824 -0.00035486
1 44.182 27.1583 -0.0874866 0.000286039
1 0.0582056 28.1283 0.0874261 0.000202759
1 1.17376 28.1283 0.0834083 -8.36002e-06
1 2.28359 28.1283 0.0914669 -8.41675e-05
1 3.39144 28.1283 0.0990124 -0.000219786
1 4.50022 28.1283 0.0870478 -0.000180144
1 5.61028 28.1283 0.0715048 -0.000157638
1 6.72348 28.1283 0.037448 -0.000159209
1 7.84065 28.1283 0.0120502 -0.000162935
1 8.95994 28.1283 0.00297674 -0.000170349
1 10.0799 28.1283 -0.000140823 -0.000163187
1 11.2 28.1283 -3.84106e-05 -0.000162471
1 12.3201 28.1283 0.000243392 -0.000163125
1 13.4401 28.1283 -0.00102222 -0.000170183
1 14.5601 28.1283 -0.000761028 -0.000163273
1 15.68 28.1283 -8.94106e-05 -0.000161138
1 16.8 28.1283 -0.000116586 -0.000165888
1 17.9198 28.1283 0.000448531 -0.000165176
1 19.0398 28.1283 0.00038552 -0.000168151
1 20.1599 28.1283 -7.77499e-05 -0.000161886
1 21.2801 28.1283 0.000227436 -0.000161952
1 22.4002 28.1283 -6.66604e-05 -0.000168528
1 23.5203 28.1283 7.24524e-05 -0.000166607
1 24.6402 28.1283 0.000523485 -0.000169401
1 25.7602 28.1283 -1.31258e-05 -0.000166551
1 26.8801 28.1283 8.78496e-05 -0.000164303
1 27.9999 28.1283 0.00027971 -0.000164541
1 29.1198 28.1283 -8.5566e-05 -0.000161602
1 30.2398 28.1283 0.00027822 -0.000163186
1 31.3598 28.1283 0.000600601 -0.000170197
1 32.4799 28.1283 -0.000462017 -0.000163088
1 33.6 28.1283 -0.000139337 -0.000162475
1 34.72 28.1283 -0.000554456 -0.000163244
1 35.8398 28.1283 -0.00624852 -0.000170292
1 36.9583 28.1283 -0.0227932 -0.000162794
1 38.0736 28.1283 -0.056214 -0.000157648
1 39.1848 28.1283 -0.0811147 -0.000147212
1 40.2946 28.1283 -0.0853157 -0.000131352
1 41.4035 28.1283 -0.100726 -0.000252622
1 42.5119 28.1283 -0.100307 -0.000381996
1 43.6237 28.1283 -0.0951351 -0.000344786
1 0.616468 29.0982 0.0951044 -0.000104397
1 1.72826 29.0982 0.100226 -2.97241e-05
1 2.83654 29.0982 0.101045 0.000120416
1 3.94543 29.0981 0.0853669 4.25723e-05
1 5.05517 29.0981 0.0808657 2.82168e-05
1 6.16635 29.0981 0.056241 -7.16985e-06
1 7.28164 29.0981 0.0219467 -3.78766e-05
1 8.40009 29.0981 0.00546792 -4.83939e-05
1 9.51982 29.0981 0.000963685 -5.26664e-05
1 10.6399 29.0981 -0.000123961 -5.43786e-05
1 11.7601 29.0981 7.51216e-05 -5.43737e-05
1 12.8802 29.0981 -0.000379107 -5.29152e-05
1 14.0002 29.0981 -0.000445507 -5.09508e-05
1 15.12 29.0981 0.000108612 -5.11531e-05
1 16.24 29.0981 9.35509e-05 -4.77313e-05
1 17.3599 29.0981 0.000762634 -5.59558e-05
1 18.4799 29.0981 0.00101801 -5.90424e-05
1 19.5999 29.0981 -0.000242266 -5.78636e-05
1 20.72 29.0981 6.4179e-05 -6.04732e-05
1 21.8401 29.0981 0.000458794 -5.8494e-05
1 22.9602 29.0981 -0.000595366 -6.07482e-05
1 24.0802 29.0981 -0.000278672 -5.87728e-05
1 25.2002 29.0981 7.98195e-05 -5.10484e-05
1 26.3201 29.0981 -0.000278915 -5.18116e-05
1 27.4399 29.0981 -9.24276e-05 -4.98381e-05
1 28.5598 29.0981 8.08861e-06 -4.9311e-05
1 29.6798 29.0981 -0.000515621 -5.20043e-05
1 30.7997 29.0981 -7.51661e-05 -5.14147e-05
1 31.9198 29.0981 6.00453e-05 -5.30101e-05
1 33.0399 29.0981 -0.000238149 -5.44054e-05
1 34.1601 29.0981 -0.000196826 -5.43322e-05
1 35.2801 29.0981 -0.00254312 -5.22067e-05
1 36.3994 29.0981 -0.0117469 -4.59345e-05
1 37.5165 29.0981 -0.0370296 -3.24007e-05
1 38.6297 29.0981 -0.0714245 -3.01828e-06
1 39.7398 29.0981 -0.086833 3.22571e-05
1 40.8486 29.0982 -0.0984042 7.15305e-05
1 41.9565 29.0982 -0.0912957 -0.000118568
1 43.0663 29.0982 -0.0835406 -0.00042634
1 44.1818 29.0982 -0.0871573 -0.000524625
1 0.0582812 30.068 0.0879093 -0.000606654
1 1.17378 30.0681 0.0834772 -0.000109849
1 2.28359 30.0682 0.0914384 0.00025496
1 3.39144 30.0681 0.0990421 0.000321739
1 4.50022 30.0681 0.0871077 0.000292426
1 5.61028 30.0681 0.0715192 0.000244478
1 6.72348 30.0681 0.0374344 0.000205459
1 7.84065 30.0681 0.0120388 0.000187936
1 8.95994 30.0681 0.00297377 0.000181452
1 10.0799 30.0681 -0.000135093 0.000175989
1 11.2 30.0681 -3.84437e-05 0.000179489
1 12.3201 30.0681 0.000236801 0.000175929
1 13.4401 30.0681 -0.00102376 0.000180629
1 14.5601 30.0681 -0.00076224 0.000181649
1 15.68 30.0681 -9.23194e-05 0.000181097
1 16.8 30.0681 -0.000116662 0.000182562
1 17.9198 30.0681 0.000441987 0.000177307
1 19.0398 30.0681 0.000383974 0.000177208
1 20.1599 30.0681 -8.2166e-05 0.000177164
1 21.2801 30.0681 0.000230868 0.000176778
1 22.4002 30.0681 -6.65638e-05 0.000175862
1 23.5203 30.0681 7.7418e-05 0.000175157
1 24.6402 30.0681 0.000523151 0.000180896
1 25.7602 30.0681 -8.78999e-06 0.000182342
1 26.8801 30.0681 9.07772e-05 0.000183133
1 27.9999 30.0681 0.000278896 0.000180344
1 29.1198 30.0681 -8.65602e-05 0.000177305
1 30.2398 30.0681 0.000275795 0.000179762
1 31.3598 30.0681 0.000600297 0.00017997
1 32.4799 30.0681 -0.000455846 0.000175786
1 33.6 30.0681 -0.000139289 0.000179471
1 34.72 30.0681 -0.000560426 0.000176206
1 35.8398 30.0681 -0.00624735 0.00018293
1 36.9583 30.0681 -0.0227914 0.000192657
1 38.0736 30.0681 -0.0562336 0.000208147
1 39.1848 30.0681 -0.0811649 0.000216491
1 40.2946 30.0681 -0.0853497 0.000223837
1 41.4035 30.0681 -0.100828 0.00022287
1 42.5119 30.0681 -0.100727 0.000370107
1 43.6237 30.0682 -0.0960461 -0.000124903
1 0.616371 31.0382 0.0959358 -0.00101676
1 1.72815 31.0382 0.100824 -0.00130131
1 2.83645 31.0382 0.101056 -0.00106519
1 3.94539 31.0382 0.0851892 -0.00108234
1 5.05516 31.0382 0.0807606 -0.00112715
1 6.16634 31.0382 0.0561909 -0.00116688
1 7.28164 31.0382 0.0219159 -0.00117938
1 8.40009 31.0382 0.00545586 -0.00117306
1 9.51982 31.0382 0.000966224 -0.00117991
1 10.6399 31.0382 -0.000134686 -0.00117272
1 11.7601 31.0382 8.54153e-05 -0.00117265
1 12.8802 31.0382 -0.000383969 -0.00117966
1 14.0002 31.0382 -0.000442269 -0.00117216
1 15.12 31.0382 0.000115648 -0.00117806
1 16.24 31.0382 9.2429e-05 -0.00117362
1 17.3599 31.0382 0.000760218 -0.00117375
1 18.4799 31.0382 0.00101747 -0.00118059
1 19.5999 31.0382 -0.000241987 -0.00117425
1 20.72 31.0382 6.3394e-05 -0.0011735
1 21.8401 31.0382 0.000456548 -0.00117477
1 22.9602 31.0382 -0.000597146 -0.00118176
1 24.0802 31.0382 -0.000276611 -0.00117495
1 25.2002 31.0382 8.62395e-05 -0.00117409
1 26.3201 31.0382 -0.000275424 -0.00117655
1 27.4399 31.0382 -8.94317e-05 -0.00117622
1 28.5598 31.0382 8.16217e-06 -0.00118025
1 29.6798 31.0382 -0.000523942 -0.00118266
1 30.7997 31.0382 -7.9389e-05 -0.00117408
1 31.9198 31.0382 6.45208e-05 -0.00118021
1 33.0399 31.0382 -0.000248569 -0.00117275
1 34.1601 31.0382 -0.00018626 -0.00117265
1 35.2801 31.0382 -0.00254623 -0.00117959
1 36.3994 31.0382 -0.0117381 -0.00117238
1 37.5165 31.0382 -0.037018 -0.00117874
1 38.6297 31.0382 -0.0714619 -0.00117109
1 39.7398 31.0382 -0.0869592 -0.00115721
1 40.8486 31.0382 -0.0985446 -0.0011312
1 41.9565 31.0382 -0.0913202 -0.00107667
1 43.0663 31.0382 -0.0836833 -0.000795326
1 44.1818 31.0383 -0.0880549 -0.000555309
1 0.0581838 32.0082 0.0876739 -0.000352413
1 1.1737 32.0082 0.0836877 -0.000235697
1 2.28352 32.0082 0.0916383 -0.000301637
1 3.39139 32.0082 0.0989962 -0.000459344
1 4.50019 32.0082 0.0869788 -0.00043507
1 5.61027 32.0082 0.0714268 -0.000433296
1 6.72347 32.0082 0.0373978 -0.000437768
1 7.84065 32.0082 0.0120207 -0.000438495
1 8.95994 32.0082 0.00295655 -0.000439834
1 10.0799 32.0082 -0.000143188 -0.000439212
1 11.2 32.0082 -3.84436e-05 -0.000437534
1 12.3201 32.0082 0.000244521 -0.000438603
1 13.4401 32.0082 -0.0010096 -0.000438127
1 14.5601 32.0082 -0.000756391 -0.000435525
1 15.68 32.0082 -9.13836e-05 -0.000434859
1 16.8 32.0082 -0.000108113 -0.000436304
1 17.9198 32.0082 0.000440952 -0.000435157
1 19.0398 32.0082 0.000375982 -0.000437033
1 20.1599 32.0082 -7.12157e-05 -0.000436968
1 21.2801 32.0082 0.000218611 -0.000436995
1 22.4002 32.0082 -6.03377e-05 -0.000437186
1 23.5203 32.0082 7.67686e-05 -0.000435624
1 24.6402 32.0082 0.000515464 -0.000437317
1 25.7602 32.0082 -5.0678e-06 -0.000436257
1 26.8801 32.0082 9.5382e-05 -0.000436892
1 27.9999 32.0082 0.000276227 -0.000438779
1 29.1198 32.0082 -8.33702e-05 -0.000438987
1 30.2398 32.0082 0.000271816 -0.000438512
1 31.3598 32.0082 0.000586895 -0.000439781
1 32.4799 32.0082 -0.000463264 -0.000439193
1 33.6 32.0082 -0.000139151 -0.000437541
1 34.72 32.0082 -0.000552169 -0.000438658
1 35.8398 32.0082 -0.00622962 -0.00043831
1 36.9583 32.0082 -0.022774 -0.000435625
1 38.0736 32.0082 -0.0562228 -0.000431134
1 39.1848 32.0082 -0.0812156 -0.000412756
1 40.2946 32.0082 -0.0855344 -0.000366223
1 41.4035 32.0082 -0.100882 -0.00041013
1 42.5118 32.0082 -0.100187 -0.000353011
1 43.6236 32.0082 -0.0951974 -0.000540612
1 0.616345 32.9782 0.0953552 -0.000225305
1 1.72815 32.9781 0.100583 -0.000318144
1 2.83646 32.9781 0.101084 -0.000406498
1 3.94538 32.9781 0.0852335 -0.000520051
1 5.05515 32.9781 0.080744 -0.0004884
1 6.16634 32.9781 0.056166 -0.000472178
1 7.28164 32.9781 0.0219088 -0.000470265
1 8.40009 32.9781 0.00545588 -0.000477774
1 9.51982 32.9781 0.000966225 -0.000470913
1 10.6399 32.9781 -0.000132908 -0.000478127
1 11.7601 32.9781 8.46882e-05 -0.000477719
1 12.8802 32.9781 -0.000382568 -0.000469309
1 14.0002 32.9781 -0.000442231 -0.000474857
1 15.12 32.9781 0.000114585 -0.000466929
1 16.24 32.9781 9.18478e-05 -0.000469655
1 17.3599 32.9781 0.000757767 -0.000472762
1 18.4799 32.9781 0.00101666 -0.000469731
1 19.5999 32.9781 -0.000236549 -0.000471594
1 20.72 32.9781 6.33366e-05 -0.000471406
1 21.8401 32.9781 0.000450867 -0.000471294
1 22.9602 32.9781 -0.000596945 -0.000469341
1 24.0802 32.9781 -0.000275146 -0.000473412
1 25.2002 32.9781 8.60362e-05 -0.00047225
1 26.3201 32.9781 -0.000274095 -0.000471817
1 27.4399 32.9781 -8.828e-05 -0.000472633
1 28.5598 32.9781 8.23492e-06 -0.000469237
1 29.6798 32.9781 -0.000521451 -0.000468808
1 30.7997 32.9781 -7.72453e-05 -0.00047695
1 31.9198 32.9781 6.4812e-05 -0.000470582
1 33.0399 32.9781 -0.000246784 -0.000478089
1 34.1601 32.9781 -0.000186966 -0.000477753
1 35.2801 32.9781 -0.00254432 -0.000469409
1 36.3994 32.9781 -0.0117344 -0.000474055
1 37.5165 32.9781 -0.0370018 -0.000461385
1 38.6297 32.9781 -0.0714092 -0.000447765
1 39.7398 32.9781 -0.0868735 -0.000410595
1 40.8486 32.9781 -0.0985211 -0.000330163
1 41.9565 32.9782 -0.091416 -0.000527589
1 43.0663 32.9782 -0.0836805 -0.000549155
1 44.1818 32.9781 -0.0879097 -0.000521529
1 0.0581886 33.9483 0.0879955 -0.000531742
1 1.17372 33.9481 0.0834643 -0.00018892
1 2.28355 33.9481 0.0913926 6.09825e-05
1 3.39141 33.9481 0.0989567 -0.000176423
1 4.5002 33.9481 0.0870193 -0.000228102
1 5.61027 33.9481 0.071451 -0.000262708
1 6.72348 33.9481 0.0374048 -0.000278993
1 7.84065 33.9481 0.01203 -0.000279978
1 8.95994 33.9481 0.00297 -0.000285458
1 10.0799 33.9481 -0.000132565 -0.000285359
1 11.2 33.9481 -3.75667e-05 -0.000285152
1 12.3201 33.9481 0.000236379 -0.000284677
1 13.4401 33.9481 -0.00101866 -0.000283872
1 14.5601 33.9481 -0.000760321 -0.000278006
1 15.68 33.9481 -9.49672e-05 -0.000280653
1 16.8 33.9481 -0.000118526 -0.00028384
1 17.9198 33.9481 0.000439546 -0.000277504
1 19.0398 33.9481 0.000381108 -0.000285809
1 20.1599 33.9481 -8.07551e-05 -0.000278062
1 21.2801 33.9481 0.000229044 -0.000277901
1 22.4002 33.9481 -6.46874e-05 -0.000285432
1 23.5203 33.9481 7.80002e-05 -0.000277603
1 24.6402 33.9481 0.000522746 -0.000285994
1 25.7602 33.9481 -6.91605e-06 -0.000285997
1 26.8801 33.9481 9.04052e-05 -0.00028274
1 27.9999 33.9481 0.000277234 -0.000283317
1 29.1198 33.9481 -8.40211e-05 -0.000281968
1 30.2398 33.9481 0.000276715 -0.000279732
1 31.3598 33.9481 0.00059849 -0.000285291
1 32.4799 33.9481 -0.000453099 -0.000285275
1 33.6 33.9481 -0.000138385 -0.00028512
1 34.72 33.9481 -0.000560276 -0.000284591
1 35.8398 33.9481 -0.00623775 -0.000282955
1 36.9583 33.9481 -0.0227689 -0.000272716
1 38.0736 33.9481 -0.0561788 -0.00025718
1 39.1848 33.9481 -0.0810759 -0.000214394
1 40.2946 33.9481 -0.0852638 -0.00012601
1 41.4036 33.9481 -0.100764 -5.68996e-05
1 42.5119 33.9481 -0.100671 8.6597e-05
1 43.6237 33.9481 -0.095905 -7.94584e-05
1 0.616427 34.9182 0.0956429 -0.000380014
1 1.7282 34.9182 0.100374 -0.000735787
1 2.83649 34.9182 0.100917 -0.000591795
1 3.9454 34.9182 0.0851977 -0.000590664
1 5.05516 34.9182 0.0807538 -0.000565323
1 6.16634 34.9182 0.0561785 -0.000552423
1 7.28164 34.9182 0.0219227 -0.000540518
1 8.40009 34.9182 0.00546152 -0.000535528
1 9.51982 34.9182 0.000964018 -0.000532913
1 10.6399 34.9182 -0.000122789 -0.000533045
1 11.7601 34.9182 7.61273e-05 -0.000533012
1 12.8802 34.9182 -0.000377529 -0.000532595
1 14.0002 34.9182 -0.000443081 -0.000533688
1 15.12 34.9182 0.000106818 -0.000532918
1 16.24 34.9182 8.84251e-05 -0.000532094
1 17.3599 34.9182 0.000752855 -0.000532162
1 18.4799 34.9182 0.00100764 -0.000530923
1 19.5999 34.9182 -0.000244404 -0.0005292
1 20.72 34.9182 6.38162e-05 -0.000529522
1 21.8401 34.9182 0.00045973 -0.000529136
1 22.9602 34.9182 -0.000587345 -0.000530743
1 24.0802 34.9182 -0.000271977 -0.000531834
1 25.2002 34.9182 8.29581e-05 -0.000531706
1 26.3201 34.9182 -0.00027593 -0.000532738
1 27.4399 34.9182 -9.29628e-05 -0.000533775
1 28.5598 34.9182 7.79415e-06 -0.000533444
1 29.6798 34.9182 -0.000514059 -0.00053377
1 30.7997 34.9182 -7.44959e-05 -0.000534037
1 31.9198 34.9182 6.16045e-05 -0.000532695
1 33.0399 34.9182 -0.000236867 -0.000533027
1 34.1601 34.9182 -0.000195492 -0.000533064
1 35.2801 34.9182 -0.00253846 -0.00053308
1 36.3994 34.9182 -0.0117286 -0.00053653
1 37.5165 34.9182 -0.0369846 -0.000543693
1 38.6297 34.9182 -0.0713612 -0.000558868
1 39.7399 34.9182 -0.0867911 -0.000578773
1 40.8487 34.9182 -0.0983329 -0.000586536
1 41.9565 34.9181 -0.0911799 -0.000645848
1 43.0664 34.9182 -0.0835445 -0.000314452
1 44.1819 34.9181 -0.0874289 0.000113715
1 0.0581925 35.888 0.0877634 0.000360125
1 1.17372 35.8881 0.0834662 0.000346406
1 2.28355 35.8881 0.0915004 0.000248582
1 3.3914 35.8881 0.098976 0.000238679
1 4.5002 35.8881 0.0869845 0.000309363
1 5.61027 35.8881 0.07144 0.000343315
1 6.72348 35.8881 0.0374077 0.00035654
1 7.84065 35.8881 0.0120322 0.000358528
1 8.95994 35.8881 0.00297023 0.000363579
1 10.0799 35.8881 -0.000132695 0.000362015
1 11.2 35.8881 -3.75026e-05 0.000362638
1 12.3201 35.8881 0.000236815 0.000361618
1 13.4401 35.8881 -0.00101785 0.000362983
1 14.5601 35.8881 -0.000759637 0.000358945
1 15.68 35.8881 -9.40445e-05 0.000362112
1 16.8 35.8881 -0.000117434 0.000367111
1 17.9198 35.8881 0.000440549 0.000362
1 19.0398 35.8881 0.000381732 0.000368789
1 20.1599 35.8881 -7.9848e-05 0.000362094
1 21.2801 35.8881 0.000228156 0.000361934
1 22.4002 35.8881 -6.52726e-05 0.000368413
1 23.5203 35.8881 7.70498e-05 0.000362091
1 24.6402 35.8881 0.000521643 0.00036922
1 25.7602 35.8881 -8.00412e-06 0.000367346
1 26.8801 35.8881 8.95302e-05 0.000363354
1 27.9999 35.8881 0.000276772 0.000362334
1 29.1198 35.8881 -8.38701e-05 0.000359817
1 30.2398 35.8881 0.000277036 0.00035853
1 31.3598 35.8881 0.000598264 0.000363479
1 32.4799 35.8881 -0.000453298 0.000361942
1 33.6 35.8881 -0.000138338 0.000362604
1 34.72 35.8881 -0.000559904 0.000361507
1 35.8398 35.8881 -0.00623711 0.000361939
1 36.9583 35.8881 -0.022768 0.000353353
1 38.0736 35.8881 -0.0561779 0.000339546
1 39.1848 35.8881 -0.0810951 0.000307656
1 40.2946 35.8881 -0.0853397 0.000275488
1 41.4036 35.8881 -0.100797 0.000163422
1 42.5119 35.8881 -0.100401 0.000276031
1 43.6237 35.8881 -0.095259 6.24971e-05
1 0.616325 36.858 0.0952269 -0.000105201
1 1.72814 36.858 0.100483 -0.00033477
1 2.83645 36.858 0.101015 -0.000244893
1 3.94537 36.858 0.0851915 -0.000358023
1 5.05515 36.858 0.0807243 -0.000397872
1 6.16634 36.858 0.0561616 -0.00042979
1 7.28164 36.858 0.0219091 -0.000442802
1 8.40009 36.858 0.00545673 -0.000439414
1 9.51982 36.858 0.000966724 -0.000446681
1 10.6399 36.858 -0.000132569 -0.000440443
1 11.7601 36.858 8.47862e-05 -0.000440657
1 12.8802 36.858 -0.000381963 -0.000447485
1 14.0002 36.858 -0.000440785 -0.000440901
1 15.12 36.858 0.00011721 -0.000446163
1 16.24 36.858 9.3829e-05 -0.000441335
1 17.3599 36.858 0.000759411 -0.000438384
1 18.4799 36.858 0.00101756 -0.000442485
1 19.5999 36.858 -0.000236435 -0.000441057
1 20.72 36.858 6.33403e-05 -0.000442065
1 21.8401 36.858 0.00045075 -0.000441413
1 22.9602 36.858 -0.000597891 -0.000443078
1 24.0802 36.858 -0.000276918 -0.000438228
1 25.2002 36.858 8.3923e-05 -0.00043951
1 26.3201 36.858 -0.000276651 -0.000442025
1 27.4399 36.858 -8.93342e-05 -0.000442943
1 28.5598 36.858 8.19565e-06 -0.000446658
1 29.6798 36.858 -0.000521447 -0.000448302
1 30.7997 36.858 -7.677e-05 -0.00044099
1 31.9198 36.858 6.52016e-05 -0.000447102
1 33.0399 36.858 -0.000246469 -0.000440487
1 34.1601 36.858 -0.000186912 -0.000440612
1 35.2801 36.858 -0.00254391 -0.00044724
1 36.3994 36.858 -0.0117332 -0.000440609
1 37.5165 36.858 -0.0369969 -0.00044562
1 38.6297 36.858 -0.0713924 -0.00043522
1 39.7399 36.858 -0.0868321 -0.00039664
1 40.8486 36.858 -0.0984452 -0.000323081
1 41.9565 36.858 -0.0913069 -0.000323383
1 43.0663 36.858 -0.0835368 -0.000399519
1 44.1819 36.8581 -0.0876654 -0.00038922
1 0.0580953 37.828 0.0874077 -0.000267318
1 1.17365 37.828 0.0833922 4.01778e-05
1 2.28349 37.828 0.0913191 0.000269454
1 3.39138 37.8279 0.098842 0.000154008
1 4.50019 37.8279 0.0869455 0.000126505
1 5.61026 37.8279 0.0714155 0.000112047
1 6.72347 37.8279 0.0373932 0.000112809
1 7.84065 37.8279 0.0120202 0.000116271
1 8.95994 37.8279 0.00295754 0.000117035
1 10.0799 37.8279 -0.000142154 0.000116209
1 11.2 37.8279 -3.80687e-05 0.000116729
1 12.3201 37.8279 0.000244745 0.00011622
1 13.4401 37.8279 -0.00100818 0.000117229
1 14.5601 37.8279 -0.000753447 0.000117477
1 15.68 37.8279 -8.91142e-05 0.000116815
1 16.8 37.8279 -0.000107463 0.000116987
1 17.9198 37.8279 0.000442817 0.000117255
1 19.0398 37.8279 0.000377351 0.000116351
1 20.1599 37.8279 -7.11021e-05 0.000117011
1 21.2801 37.8279 0.000218467 0.000117012
1 22.4002 37.8279 -6.18562e-05 0.000116345
1 23.5203 37.8279 7.44732e-05 0.0001172
1 24.6402 37.8279 0.000514118 0.000116838
1 25.7602 37.8279 -7.66132e-06 0.000116515
1 26.8801 37.8279 9.3328e-05 0.000116978
1 27.9999 37.8279 0.000276643 0.000116812
1 29.1198 37.8279 -8.22601e-05 0.000116674
1 30.2398 37.8279 0.00027256 0.000117447
1 31.3598 37.8279 0.000587991 0.00011724
1 32.4799 37.8279 -0.000462248 0.000116231
1 33.6 37.8279 -0.000138809 0.00011673
1 34.72 37.8279 -0.00055209 0.000116187
1 35.8398 37.8279 -0.00622861 0.000116895
1 36.9583 37.8279 -0.0227701 0.000115733
1 38.0736 37.8279 -0.0562033 0.000111203
1 39.1848 37.8279 -0.0811343 0.00010608
1 40.2946 37.8279 -0.0853402 0.000133142
1 41.4035 37.828 -0.100672 0.00016703
1 42.5118 37.828 -0.100225 0.000390815
1 43.6236 37.828 -0.0955771 0.000155795
1 0.616311 38.7979 0.0954541 -0.00108039
1 1.7281 38.7979 0.100445 -0.00186148
1 2.83642 38.7979 0.10082 -0.00212226
1 3.94537 38.7979 0.0850586 -0.00224686
1 5.05515 38.7979 0.080713 -0.00218244
1 6.16634 38.7979 0.0561897 -0.00207062
1 7.28164 38.7979 0.0219243 -0.00198463
1 8.40009 38.7979 0.00546202 -0.00195617
1 9.51982 38.7979 0.000968893 -0.0019364
1 10.6399 38.7979 -0.00013285 -0.00194096
1 11.7601 38.7979 8.50527e-05 -0.00194079
1 12.8802 38.7979 -0.000383633 -0.00193491
1 14.0002 38.7979 -0.000442266 -0.00194705
1 15.12 38.7979 0.000117063 -0.00194292
1 16.24 38.7979 9.31262e-05 -0.00194746
1 17.3599 38.7979 0.000759125 -0.00195165
1 18.4799 38.7979 0.00101848 -0.0019442
1 19.5999 38.7979 -0.000236713 -0.00194141
1 20.72 38.7979 6.33685e-05 -0.00194049
1 21.8401 38.7979 0.000451099 -0.00194076
1 22.9602 38.7979 -0.000598751 -0.00194291
1 24.0802 38.7979 -0.00027677 -0.00195092
1 25.2002 38.7979 8.4234e-05 -0.00194883
1 26.3201 38.7979 -0.000277059 -0.00194798
1 27.4399 38.7979 -8.85472e-05 -0.00194801
1 28.5598 38.7979 9.29893e-06 -0.0019416
1 29.6798 38.7979 -0.000521184 -0.00193947
1 30.7997 38.7979 -7.54107e-05 -0.0019458
1 31.9198 38.7979 6.67408e-05 -0.00193471
1 33.0399 38.7979 -0.000246813 -0.00194082
1 34.1601 38.7979 -0.000186767 -0.00194115
1 35.2801 38.7979 -0.00254673 -0.00193827
1 36.3994 38.7979 -0.0117411 -0.00196626
1 37.5165 38.7979 -0.037019 -0.00201594
1 38.6297 38.7979 -0.071438 -0.00212005
1 39.7398 38.7979 -0.086868 -0.00221405
1 40.8486 38.7979 -0.0983259 -0.00219172
1 41.9565 38.7979 -0.0909447 -0.00215535
1 43.0664 38.7979 -0.083129 -0.00137609
1 44.1819 38.7978 -0.0873218 -0.000379176
1 0.058053 39.7678 0.0854232 -0.00344159
1 1.17362 39.7675 0.0818381 -0.00585837
1 2.28349 39.7674 0.0904496 -0.00793851
1 3.39138 39.7673 0.0985076 -0.00927519
1 4.5002 39.7673 0.0869027 -0.00962942
1 5.61028 39.7673 0.0715283 -0.00954864
1 6.72348 39.7673 0.0374908 -0.00929389
1 7.84066 39.7673 0.012064 -0.00912427
1 8.95994 39.7673 0.00297956 -0.00906382
1 10.0799 39.7673 -0.000133266 -0.00904334
1 11.2 39.7673 -3.75786e-05 -0.00904106
1 12.3201 39.7673 0.000237857 -0.00904269
1 13.4401 39.7673 -0.00102121 -0.00905425
1 14.5601 39.7673 -0.00076123 -0.00906321
1 15.68 39.7673 -9.48458e-05 -0.00906736
1 16.8 39.7673 -0.000118035 -0.00907313
1 17.9198 39.7673 0.000446231 -0.00906476
1 19.0398 39.7673 0.000388241 -0.00906031
1 20.1599 39.7673 -7.78827e-05 -0.0090481
1 21.2801 39.7673 0.000226454 -0.00904749
1 22.4002 39.7673 -7.14658e-05 -0.00905836
1 23.5203 39.7673 7.11881e-05 -0.00906229
1 24.6402 39.7673 0.000520547 -0.0090738
1 25.7602 39.7673 -1.01274e-05 -0.00907494
1 26.8801 39.7673 8.8506e-05 -0.00907594
1 27.9999 39.7673 0.000279648 -0.00907026
1 29.1198 39.7673 -8.22273e-05 -0.00906213
1 30.2398 39.7673 0.000278349 -0.00905838
1 31.3598 39.7673 0.000600968 -0.00905177
1 32.4799 39.7673 -0.000454781 -0.00904185
1 33.6 39.7673 -0.000138698 -0.00904122
1 34.72 39.7673 -0.000561216 -0.00904631
1 35.8398 39.7673 -0.00625557 -0.00908111
1 36.9583 39.7673 -0.0228277 -0.0091908
1 38.0736 39.7673 -0.0562938 -0.00943454
1 39.1848 39.7673 -0.0811606 -0.00966587
1 40.2946 39.7673 -0.0851977 -0.00960773
1 41.4036 39.7674 -0.100206 -0.00905672
1 42.512 39.7674 -0.0991369 -0.00755611
1 43.6239 39.7676 -0.093445 -0.00518262
1 0.615958 40.7365 0.0892824 -0.0159946
1 1.72789 40.7359 0.0959313 -0.0223203
1 2.83634 40.7355 0.0985612 -0.0265619
1 3.94534 40.7353 0.0841644 -0.0289247
1 5.05516 40.7353 0.0805236 -0.0297824
1 6.16636 40.7354 0.0563443 -0.0296475
1 7.28165 40.7354 0.0220606 -0.0292264
1 8.4001 40.7354 0.00551992 -0.0290155
1 9.51982 40.7354 0.000987464 -0.0289423
1 10.6399 40.7354 -0.000115967 -0.0289273
1 11.7601 40.7354 6.94049e-05 -0.0289275
1 12.8802 40.7354 -0.000394487 -0.0289368
1 14.0002 40.7354 -0.00046035 -0.0289602
1 15.12 40.7354 0.000103681 -0.0289648
1 16.24 40.7354 8.57848e-05 -0.0289693
1 17.3599 40.7354 0.000751609 -0.0289773
1 18.4799 40.7354 0.00100979 -0.0289577
1 19.5999 40.7354 -0.00025116 -0.0289444
1 20.72 40.7354 6.40549e-05 -0.0289425
1 21.8401 40.7354 0.000466886 -0.0289428
1 22.9602 40.7354 -0.000590113 -0.0289544
1 24.0802 40.7354 -0.000274795 -0.0289764
1 25.2002 40.7354 7.87414e-05 -0.0289773
1 26.3201 40.7354 -0.00028041 -0.0289854
1 27.4399 40.7354 -8.49064e-05 -0.0289903
1 28.5598 40.7354 1.81414e-05 -0.0289707
1 29.6798 40.7354 -0.000507425 -0.0289585
1 30.7997 40.7354 -5.78493e-05 -0.0289528
1 31.9198 40.7354 7.72078e-05 -0.0289327
1 33.0399 40.7354 -0.000231147 -0.0289265
1 34.1601 40.7354 -0.0002046 -0.02893
1 35.2801 40.7354 -0.00257331 -0.0289604
1 36.3994 40.7354 -0.0118303 -0.0290975
1 37.5165 40.7354 -0.0372047 -0.0294605
1 38.6297 40.7353 -0.0715291 -0.0299577
1 39.7399 40.7353 -0.0863797 -0.0298519
1 40.8488 40.7353 -0.0968433 -0.0287713
1 41.9568 40.7356 -0.0878832 -0.0260714
1 43.0669 40.7361 -0.0779685 -0.02075
1 44.1826 40.7367 -0.0781614 -0.0143323
1 0.0559172 41.7042 0.0660238 -0.0340612
1 1.17232 41.7028 0.0707836 -0.0403063
1 2.28268 41.7017 0.0824986 -0.0476478
1 3.39097 41.701 0.0932999 -0.0530924
1 4.50005 41.7007 0.0843128 -0.0570271
1 5.61026 41.7006 0.0708119 -0.059005
1 6.72349 41.7006 0.0375373 -0.0592049
1 7.84066 41.7006 0.0121471 -0.0589511
1 8.95994 41.7006 0.00298998 -0.0588156
1 10.0799 41.7007 -0.000158128 -0.058804
1 11.2 41.7006 -3.74779e-05 -0.0588031
1 12.3201 41.7007 0.000266735 -0.0588024
1 13.4401 41.7006 -0.00100407 -0.0587888
1 14.5601 41.7006 -0.000754879 -0.0588005
1 15.68 41.7006 -9.95623e-05 -0.0587909
1 16.8 41.7006 -0.000129453 -0.0587905
1 17.9198 41.7006 0.000465069 -0.0588138
1 19.0398 41.7006 0.000407742 -0.0588019
1 20.1599 41.7006 -6.6544e-05 -0.0588007
1 21.2801 41.7006 0.000215047 -0.0588005
1 22.4002 41.7006 -9.33845e-05 -0.0588021
1 23.5203 41.7006 4.21327e-05 -0.0588194
1 24.6402 41.7006 0.000509633 -0.0588126
1 25.7602 41.7006 -2.59896e-05 -0.058825
1 26.8801 41.7006 7.9338e-05 -0.0588421
1 27.9999 41.7006 0.000298778 -0.0588186
1 29.1198 41.7006 -6.90254e-05 -0.0588035
1 30.2398 41.7006 0.000277157 -0.058799
1 31.3598 41.7006 0.000584403 -0.0587837
1 32.4799 41.7007 -0.00048454 -0.0587998
1 33.6 41.7006 -0.000140669 -0.0588038
1 34.72 41.7007 -0.000545086 -0.0588138
1 35.8398 41.7006 -0.00630265 -0.0588653
1 36.9583 41.7006 -0.0229847 -0.0591165
1 38.0736 41.7006 -0.0562589 -0.0594517
1 39.1849 41.7005 -0.0799246 -0.0588936
1 40.2949 41.7007 -0.082146 -0.0564905
1 41.4041 41.701 -0.0950856 -0.0523972
1 42.5129 41.7019 -0.0915201 -0.0459333
1 43.6252 41.7034 -0.0831636 -0.0378929
1 0.613332 42.6685 0.0781755 -0.0571242
1 1.72585 42.6664 0.0852734 -0.0588079
1 2.83488 42.6649 0.0882405 -0.0640345
1 3.94449 42.6638 0.0760009 -0.0710709
1 5.05482 42.6632 0.0756978 -0.0767729
1 6.16629 42.663 0.0547956 -0.0799383
1 7.28165 42.663 0.0218714 -0.0807598
1 8.4001 42.663 0.00554869 -0.0808491
1 9.51982 42.663 0.000980581 -0.0808926
1 10.6399 42.663 -0.000122912 -0.0808962
1 11.7601 42.663 7.84398e-05 -0.0808953
1 12.8802 42.663 -0.000372241 -0.0808834
1 14.0002 42.663 -0.000452178 -0.0808121
1 15.12 42.663 0.000135671 -0.0807622
1 16.24 42.663 8.64638e-05 -0.0807533
1 17.3599 42.663 0.000724785 -0.0807849
1 18.4799 42.663 0.000983049 -0.0808104
1 19.5999 42.663 -0.000263311 -0.0808433
1 20.72 42.663 6.25921e-05 -0.0808459
1 21.8401 42.663 0.000472696 -0.080847
1 22.9602 42.663 -0.000581526 -0.0808258
1 24.0802 42.663 -0.000282432 -0.0808283
1 25.2002 42.663 4.96286e-05 -0.0808278
1 26.3201 42.663 -0.000305276 -0.0808236
1 27.4399 42.663 -5.8855e-05 -0.0808241
1 28.5598 42.663 4.31441e-05 -0.0807964
1 29.6798 42.663 -0.000509987 -0.0807914
1 30.7997 42.663 -5.24908e-05 -0.0808216
1 31.9198 42.663 5.77041e-05 -0.0808847
1 33.0399 42.663 -0.000241207 -0.0808954
1 34.1601 42.663 -0.000201861 -0.0808986
1 35.2801 42.663 -0.00258085 -0.0809059
1 36.3994 42.663 -0.0118716 -0.0808892
1 37.5165 42.663 -0.0368299 -0.0807278
1 38.6298 42.663 -0.0692663 -0.0792765
1 39.7403 42.6633 -0.0808056 -0.0750858
1 40.8496 42.6639 -0.0880848 -0.0697377
1 41.9583 42.6649 -0.0762715 -0.0633129
1 43.0695 42.6667 -0.0640675 -0.0597737
1 44.1877 42.6685 -0.0502841 -0.0629991
1 0.0481244 43.6309 0.0435927 -0.0818005
1 1.16796 43.6303 0.0561312 -0.0677645
1 2.27947 43.6285 0.0694231 -0.0685276
1 3.38868 43.6266 0.080129 -0.0733041
1 4.49875 43.6252 0.0734148 -0.0796454
1 5.60977 43.6243 0.0646293 -0.0862622
1 6.72339 43.6241 0.0355657 -0.0898658
1 7.84066 43.624 0.0117638 -0.0909285
1 8.95994 43.624 0.00285711 -0.0912144
1 10.0799 43.624 -0.000196945 -0.091298
1 11.2 43.624 -3.55681e-05 -0.0913043
1 12.3201 43.624 0.000313512 -0.0912929
1 13.4401 43.624 -0.000879631 -0.0912114
1 14.5601 43.624 -0.000686435 -0.0910732
1 15.68 43.624 -0.000118376 -0.091044
1 16.8 43.624 -0.000178469 -0.0910547
1 17.9198 43.624 0.000438366 -0.0911121
1 19.0398 43.624 0.000368804 -0.0911869
1 20.1599 43.624 -4.43885e-05 -0.0911702
1 21.2801 43.624 0.000184322 -0.0911738
1 22.4002 43.624 -7.74865e-05 -0.0912045
1 23.5202 43.624 1.71337e-05 -0.0911629
1 24.6402 43.624 0.000490644 -0.0911554
1 25.7602 43.624 -2.8822e-05 -0.0911399
1 26.8801 43.624 7.41973e-05 -0.0911125
1 27.9999 43.624 0.000341387 -0.0910967
1 29.1198 43.624 -2.29083e-05 -0.0911021
1 30.2398 43.624 0.000244332 -0.0911118
1 31.3598 43.624 0.000479184 -0.091227
1 32.4799 43.624 -0.000525513 -0.0912973
1 33.6 43.624 -0.000142311 -0.091305
1 34.72 43.624 -0.000507881 -0.0912966
1 35.8398 43.624 -0.00614292 -0.0911939
1 36.9583 43.624 -0.0222867 -0.0907355
1 38.0738 43.6241 -0.0529705 -0.0888804
1 39.1856 43.6245 -0.0718655 -0.0837535
1 40.2963 43.6256 -0.0714539 -0.0765633
1 41.4061 43.627 -0.0850305 -0.0721734
1 42.5153 43.6286 -0.0817729 -0.0672566
1 43.6281 43.6303 -0.0776957 -0.0764889
1 0.609056 44.5922 0.066345 -0.0888331
1 1.72204 44.5914 0.0800988 -0.0773257
1 2.83116 44.5893 0.0792656 -0.0731961
1 3.94164 44.5868 0.063476 -0.0792422
1 5.05327 44.585 0.0638781 -0.0873138
1 6.16576 44.5841 0.0481973 -0.0943196
1 7.28154 44.5838 0.0198741 -0.0979967
1 8.40009 44.5837 0.00515647 -0.0990553
1 9.51981 44.5837 0.000873989 -0.0994661
1 10.6399 44.5836 -6.07135e-05 -0.0994579
1 11.7601 44.5836 2.41301e-05 -0.0994543
1 12.8802 44.5837 -0.00028131 -0.0994673
1 14.0002 44.5837 -0.0003745 -0.0992143
1 15.12 44.5837 0.000171973 -0.0991706
1 16.24 44.5837 4.46809e-05 -0.0991041
1 17.3599 44.5837 0.000605212 -0.0990999
1 18.4799 44.5837 0.000809895 -0.0992819
1 19.5999 44.5837 -0.000330977 -0.0993668
1 20.72 44.5837 5.61767e-05 -0.0993726
1 21.8401 44.5837 0.000516444 -0.099382
1 22.9602 44.5837 -0.000463464 -0.0993323
1 24.0802 44.5837 -0.00024123 -0.0992104
1 25.2001 44.5837 5.48737e-05 -0.099255
1 26.3201 44.5837 -0.000278854 -0.0992214
1 27.4399 44.5837 -2.03653e-05 -0.0991314
1 28.5598 44.5837 7.45162e-05 -0.0991679
1 29.6798 44.5837 -0.000505108 -0.0992467
1 30.7998 44.5837 -8.78874e-05 -0.0992617
1 31.9198 44.5837 -1.1543e-05 -0.099487
1 33.0399 44.5836 -0.000178578 -0.099459
1 34.1601 44.5836 -0.000254639 -0.0994527
1 35.2801 44.5837 -0.0024151 -0.0994235
1 36.3994 44.5837 -0.0110984 -0.0987913
1 37.5167 44.5839 -0.0333345 -0.0967993
1 38.6307 44.5844 -0.0601353 -0.0910833
1 39.7423 44.5857 -0.0682801 -0.0826418
1 40.8527 44.5878 -0.0775506 -0.0766249
1 41.9618 44.5896 -0.0687863 -0.0755267
1 43.0738 44.5907 -0.056122 -0.0779959
1 44.1953 44.5899 -0.0517215 -0.0966785
1 0.0407027 45.5509 0.0600399 -0.0958408
1 1.16367 45.5533 0.0650558 -0.0765776
1 2.27495 45.5536 0.0736737 -0.0551401
1 3.38457 45.55 0.0752984 -0.0584836
1 4.49585 45.5467 0.0631532 -0.0688232
1 5.6083 45.5448 0.0539928 -0.0781386
1 6.72293 45.544 0.0299815 -0.0847813
1 7.84057 45.5438 0.0100511 -0.087806
1 8.95994 45.5437 0.00257262 -0.0888455
1 10.0799 45.5436 -5.18412e-05 -0.0889638
1 11.2 45.5436 -3.03614e-05 -0.088812
1 12.3201 45.5436 0.000158319 -0.08896
1 13.4401 45.5437 -0.000844493 -0.088934
1 14.5601 45.5438 -0.000565487 -0.0886104
1 15.68 45.5438 -0.000232046 -0.0884994
1 16.7999 45.5438 -0.00039646 -0.0885303
1 17.9198 45.5437 0.000239125 -0.0885644
1 19.0398 45.5437 0.000172076 -0.0888463
1 20.1599 45.5437 -0.000157105 -0.0889904
1 21.2801 45.5437 0.000274771 -0.0889994
1 22.4002 45.5437 7.08849e-05 -0.0888862
1 23.5203 45.5437 0.000137316 -0.0886646
1 24.6402 45.5437 0.000658864 -0.0886979
1 25.7602 45.5437 0.000145871 -0.0886405
1 26.8801 45.5437 0.00014444 -0.088548
1 27.9999 45.5437 0.000438951 -0.0886129
1 29.1199 45.5437 4.57717e-05 -0.0886169
1 30.2398 45.5437 0.000151289 -0.0887026
1 31.3598 45.5437 0.000482968 -0.0889825
1 32.4799 45.5436 -0.000348466 -0.0889768
1 33.6 45.5436 -0.000132331 -0.0888113
1 34.72 45.5436 -0.00059702 -0.0889281
1 35.8398 45.5437 -0.00552813 -0.0886204
1 36.9585 45.5439 -0.0191661 -0.0867451
1 38.0746 45.5444 -0.0443309 -0.0815656
1 39.1877 45.5457 -0.0598039 -0.072688
1 40.2996 45.5483 -0.0636225 -0.0636859
1 41.41 45.5515 -0.0792175 -0.0602535
1 42.5192 45.5529 -0.0717148 -0.0649325
1 43.6322 45.5504 -0.0591007 -0.0831088
1 0.606111 46.512 0.0683817 -0.0887543
1 1.71806 46.5191 0.0773005 -0.0741483
1 2.8281 46.5162 0.0803335 -0.0530037
1 3.93915 46.511 0.0669183 -0.0597044
1 5.05125 46.5075 0.0601585 -0.0734515
1 6.16472 46.5057 0.0408446 -0.0840709
1 7.28124 46.5051 0.0160689 -0.0903526
1 8.40006 46.5049 0.00406548 -0.0925495
1 9.51985 46.5048 0.000696456 -0.0929996
1 10.6399 46.5048 1.61252e-05 -0.09314
1 11.7601 46.5048 -5.3434e-05 -0.0931347
1 12.8802 46.5048 -0.000253359 -0.0930227
1 14.0001 46.5049 -0.000312418 -0.092958
1 15.12 46.505 0.000107623 -0.0927582
1 16.2399 46.505 3.15294e-05 -0.0924705
1 17.3599 46.5049 0.000476426 -0.0927105
1 18.4798 46.5049 0.000735392 -0.0931389
1 19.5999 46.5048 -0.000162964 -0.0930716
1 20.72 46.5048 4.45528e-05 -0.093173
1 21.8401 46.5048 0.000312898 -0.0930986
1 22.9602 46.5049 -0.000442419 -0.093222
1 24.0802 46.5049 -0.000126121 -0.0928757
1 25.2002 46.5049 0.000165758 -0.0926746
1 26.3201 46.5049 -7.12637e-05 -0.0927921
1 27.44 46.5049 4.48594e-05 -0.0926981
1 28.5599 46.5049 -4.15229e-05 -0.0926394
1 29.6799 46.5049 -0.000516815 -0.0929291
1 30.7998 46.5049 -0.000143421 -0.0930617
1 31.9198 46.5048 -1.31322e-05 -0.0930662
1 33.0399 46.5048 -8.08903e-05 -0.0931448
1 34.1601 46.5048 -0.000287913 -0.0931199
1 35.2801 46.5048 -0.00200077 -0.0928498
1 36.3995 46.505 -0.00896412 -0.0917782
1 37.5173 46.5054 -0.0269823 -0.087653
1 38.6324 46.5065 -0.0511822 -0.0785627
1 39.7451 46.5091 -0.0663938 -0.0674415
1 40.8563 46.5133 -0.0806158 -0.057126
1 41.9668 46.5173 -0.0716058 -0.0614376
1 43.0796 46.516 -0.0624893 -0.082257
1 44.2011 46.5067 -0.069228 -0.088027
1 0.0329882 47.4655 0.060377 -0.0994034
1 1.15499 47.4854 0.0517934 -0.0906907
1 2.27178 47.4864 0.0710082 -0.0547826
1 3.3844 47.4809 0.0784207 -0.0509684
1 4.49606 47.4759 0.0740175 -0.0584358
1 5.60792 47.4725 0.0588767 -0.0706268
1 6.72258 47.4708 0.0286909 -0.0831265
1 7.84047 47.4702 0.00880878 -0.0894167
1 8.95997 47.4701 0.00208421 -0.0914727
1 10.08 47.4699 -4.31204e-05 -0.0917329
1 11.2 47.4699 -3.36936e-05 -0.0915567
1 12.32 47.4699 8.11722e-05 -0.0917242
1 13.4401 47.4701 -0.000783042 -0.0916804
1 14.56 47.4701 -0.000656079 -0.0912332
1 15.6799 47.4702 4.37133e-05 -0.0911001
1 16.7999 47.4701 0.000210738 -0.091238
1 17.9198 47.4701 0.000418319 -0.091427
1 19.0398 47.47 0.000434317 -0.0916968
1 20.1599 47.4699 -0.000166133 -0.0915642
1 21.2801 47.4699 0.000268632 -0.0915818
1 22.4002 47.47 -0.000201918 -0.0917705
1 23.5202 47.4701 8.2118e-07 -0.091595
1 24.6402 47.4701 0.000201258 -0.0914696
1 25.7602 47.4701 6.86549e-06 -0.0912472
1 26.8801 47.4701 0.000219435 -0.0910618
1 27.9999 47.4701 7.28959e-05 -0.0911756
1 29.1199 47.4701 -0.000246613 -0.091274
1 30.2399 47.4701 0.00013152 -0.0914446
1 31.3599 47.4701 0.000374218 -0.0918044
1 32.48 47.4699 -0.000274337 -0.0917679
1 33.6 47.4699 -0.000113459 -0.0915513
1 34.72 47.4699 -0.000520059 -0.0916209
1 35.8398 47.4701 -0.00465608 -0.0908553
1 36.9587 47.4704 -0.0171341 -0.087006
1 38.0752 47.4715 -0.0439599 -0.0774424
1 39.1882 47.4741 -0.0695267 -0.0641629
1 40.2998 47.4782 -0.0739657 -0.0542197
1 41.4123 47.4833 -0.0717088 -0.0503562
1 42.5268 47.4855 -0.0650209 -0.0734045
1 43.6447 47.4776 -0.0593831 -0.0934356
