1 0.710164 0.181888 0.0713561 0.0725947
1 1.82729 0.175565 0.0698074 0.0785398
1 2.94206 0.172441 0.0701537 0.0753113
1 4.05579 0.170091 0.0737403 0.0815461
1 5.16929 0.167635 0.0676536 0.0744825
1 6.28313 0.167918 0.0718329 0.0706669
1 7.39619 0.166711 0.0712404 0.0855043
1 8.51074 0.163648 0.0610106 0.0821727
1 9.62571 0.163992 0.0658465 0.063226
1 10.7398 0.168348 0.0676222 0.0525921
1 11.8528 0.174253 0.0747004 0.0495917
1 12.9642 0.18002 0.0806038 0.0525997
1 14.0751 0.184951 0.0781071 0.0565302
1 15.1859 0.189467 0.0821975 0.0571863
1 16.2959 0.193853 0.087422 0.0584126
1 17.4055 0.198069 0.0880017 0.0582661
1 18.5145 0.202449 0.097482 0.0558412
1 19.6221 0.206837 0.0989879 0.0590055
1 20.7305 0.210087 0.0666274 0.0688619
1 21.8419 0.211423 0.0137067 0.0763342
1 22.9542 0.210956 -0.0414995 0.0746459
1 24.0642 0.208561 -0.0867681 0.0640495
1 25.1718 0.20463 -0.100837 0.05648
1 26.28 0.200154 -0.0921466 0.0565391
1 27.3893 0.195933 -0.0876049 0.0584221
1 28.4989 0.191674 -0.0857681 0.0575879
1 29.6094 0.187243 -0.0781103 0.0578083
1 30.7204 0.182658 -0.0798084 0.0559365
1 31.8312 0.177317 -0.0797565 0.0500083
1 32.9435 0.171107 -0.0686031 0.0477811
1 34.0573 0.16514 -0.0653887 0.0531466
1 35.1719 0.162065 -0.0652958 0.0723859
1 36.2868 0.164366 -0.0649327 0.0915636
1 37.4006 0.167839 -0.0740516 0.0796188
1 38.5139 0.167633 -0.0695959 0.0696475
1 39.6274 0.168854 -0.0725402 0.0818785
1 40.7408 0.171965 -0.0662016 0.0752562
1 41.8553 0.173059 -0.066995 0.0740306
1 42.9705 0.177723 -0.0704344 0.0823525
1 44.0914 0.194474 -0.0676228 0.0725566
1 0.156082 1.1537 0.0701113 0.0784518
1 1.27608 1.14532 0.0677448 0.0754428
1 2.38903 1.14118 0.0691347 0.0771201
1 3.5017 1.13848 0.0666326 0.0783804
1 4.61479 1.13638 0.0693843 0.0744415
1 5.72738 1.13518 0.0694396 0.0754013
1 6.84092 1.13446 0.0658529 0.0762735
1 7.95447 1.13273 0.0696786 0.0815903
1 9.06763 1.1311 0.0734031 0.0756615
1 10.1804 1.13334 0.0745085 0.0562112
1 11.293 1.13886 0.0706064 0.0493682
1 12.4052 1.14489 0.0755021 0.0508195
1 13.5164 1.1504 0.0797451 0.0533051
1 14.6272 1.15536 0.0792811 0.0559504
1 15.7376 1.1599 0.085192 0.0570265
1 16.8472 1.16443 0.0897968 0.0555761
1 17.9564 1.16903 0.0910605 0.0567307
1 19.0653 1.1731 0.0922797 0.0640021
1 20.1742 1.17596 0.0755937 0.0742516
1 21.2852 1.17739 0.0355904 0.0819514
1 22.3982 1.17759 -0.012413 0.0839625
1 23.5107 1.17673 -0.0589847 0.0791675
1 24.6206 1.1746 -0.0867334 0.0693686
1 25.7294 1.17111 -0.0918787 0.0596037
1 26.8383 1.16671 -0.0902224 0.0554506
1 27.9475 1.16216 -0.0885929 0.0562702
1 29.0574 1.15768 -0.0809592 0.0569054
1 30.1683 1.15296 -0.0781554 0.0550293
1 31.2792 1.14775 -0.0794462 0.052745
1 32.3907 1.14196 -0.0741071 0.0493699
1 33.5031 1.13563 -0.0725801 0.0474459
1 34.6157 1.13068 -0.0690358 0.0607712
1 35.7293 1.13041 -0.0645559 0.0833784
1 36.8429 1.13344 -0.0717781 0.0857732
1 37.9564 1.13504 -0.0694339 0.074364
1 39.0696 1.13557 -0.0727502 0.0747851
1 40.1821 1.13784 -0.0723344 0.0818309
1 41.2951 1.14013 -0.0723036 0.071896
1 42.407 1.14241 -0.07647 0.0761127
1 43.52 1.15015 -0.0712663 0.0826543
1 0.722867 2.11076 0.0730192 0.0817745
1 1.83632 2.10598 0.0758811 0.0762898
1 2.94799 2.10286 0.0721171 0.0756205
1 4.06023 2.10049 0.0708352 0.0773509
1 5.17236 2.09853 0.0729444 0.0776832
1 6.28491 2.09744 0.0702063 0.0717662
1 7.39783 2.09671 0.0731549 0.0789775
1 8.5105 2.0947 0.0706428 0.0823017
1 9.62318 2.09504 0.070055 0.0629703
1 10.7352 2.09922 0.0734657 0.052256
1 11.847 2.10492 0.0759879 0.0500937
1 12.9582 2.11084 0.0809162 0.0506521
1 14.0688 2.11621 0.0791958 0.053738
1 15.1794 2.12114 0.0835351 0.0537155
1 16.2891 2.12604 0.0897572 0.0538983
1 17.3986 2.13055 0.0835136 0.0594958
1 18.5088 2.1341 0.0806672 0.0685458
1 19.6189 2.13652 0.0785364 0.0767593
1 20.7294 2.13793 0.0544166 0.0827337
1 21.8417 2.13848 0.0111172 0.0856955
1 22.9548 2.13825 -0.0353846 0.0848184
1 24.0663 2.13724 -0.0696844 0.0801829
1 25.1763 2.13537 -0.0800495 0.0731249
1 26.2865 2.13242 -0.0808138 0.0639005
1 27.3964 2.12838 -0.0875988 0.0559943
1 28.5056 2.12363 -0.0878969 0.0536289
1 29.6158 2.11876 -0.0802282 0.0544921
1 30.7265 2.11368 -0.0810346 0.0520547
1 31.8372 2.10788 -0.0761209 0.0484519
1 32.9493 2.10167 -0.0703853 0.0497441
1 34.0612 2.09623 -0.0781638 0.0560772
1 35.1727 2.0937 -0.0752476 0.0711355
1 36.2854 2.09479 -0.0676942 0.0810742
1 37.3985 2.09668 -0.0710287 0.078581
1 38.5114 2.09811 -0.0677712 0.0776395
1 39.624 2.09965 -0.0672366 0.0765726
1 40.7362 2.10169 -0.0693913 0.0777522
1 41.8482 2.10457 -0.0693238 0.0777002
1 42.9599 2.10852 -0.0719677 0.0722258
1 44.0811 2.11203 -0.071301 0.0780711
1 0.161415 3.07264 0.0665637 0.0762857
1 1.2821 3.07029 0.0694756 0.0749201
1 2.39414 3.06733 0.0713366 0.0782321
1 3.50584 3.06449 0.0676535 0.0785152
1 4.61799 3.0623 0.0700589 0.0768042
1 5.72971 3.06061 0.0703436 0.0766889
1 6.84219 3.05957 0.0675358 0.0757218
1 7.95452 3.05846 0.0739824 0.0795629
1 9.06655 3.05764 0.0749357 0.0726796
1 10.1782 3.05999 0.0783978 0.0572151
1 11.2894 3.065 0.0745288 0.0505798
1 12.4007 3.07089 0.076558 0.0493273
1 13.5112 3.07669 0.0830673 0.0505034
1 14.6213 3.08214 0.0837273 0.051528
1 15.7312 3.08718 0.0846587 0.0555105
1 16.8414 3.09137 0.0771337 0.0638771
1 17.9527 3.0944 0.0698277 0.0726866
1 19.0639 3.09647 0.0743736 0.0783671
1 20.1744 3.09792 0.0680904 0.0825379
1 21.2855 3.09874 0.0343879 0.0860254
1 22.3981 3.09887 -0.0124498 0.0869172
1 23.5104 3.09835 -0.0558582 0.0846046
1 24.6211 3.09719 -0.0739197 0.0806643
1 25.7319 3.09546 -0.070813 0.076022
1 26.8432 3.093 -0.0717087 0.068685
1 27.9538 3.08943 -0.0816838 0.0593525
1 29.0637 3.08476 -0.0828338 0.0531134
1 30.174 3.07952 -0.0827422 0.0514754
1 31.2841 3.07393 -0.0837516 0.0496368
1 32.3948 3.06779 -0.076816 0.0471939
1 33.506 3.06175 -0.0752572 0.0510061
1 34.6174 3.05772 -0.0711686 0.065388
1 35.7297 3.05721 -0.0685308 0.0779799
1 36.842 3.05857 -0.0759016 0.0780021
1 37.954 3.06 -0.0740557 0.0768245
1 39.0662 3.06148 -0.070931 0.0756885
1 40.1783 3.06334 -0.068881 0.0778356
1 41.2903 3.06586 -0.0710316 0.0778347
1 42.4019 3.06905 -0.0739652 0.0760231
1 43.5159 3.07129 -0.0774614 0.0799732
1 0.72546 4.03308 0.0738616 0.0754291
1 1.83963 4.03096 0.0712537 0.0768834
1 2.9514 4.02833 0.0697878 0.0759645
1 4.06335 4.0261 0.0677155 0.079221
1 5.17509 4.02398 0.0723365 0.0778721
1 6.28666 4.02281 0.0749974 0.0739781
1 7.39798 4.02178 0.0799949 0.0800701
1 8.50993 4.02048 0.0670181 0.0788032
1 9.62261 4.02144 0.0669875 0.0623219
1 10.7335 4.02556 0.0798162 0.0538276
1 11.844 4.03108 0.0804251 0.0496916
1 12.9541 4.03716 0.0869214 0.047948
1 14.0636 4.04296 0.0831839 0.0524206
1 15.1741 4.04783 0.0755692 0.0599525
1 16.2853 4.05159 0.0711064 0.0684853
1 17.397 4.05426 0.0641713 0.0759402
1 18.5091 4.05618 0.0679556 0.0798171
1 19.62 4.05765 0.0750482 0.0823416
1 20.7303 4.05867 0.0562346 0.0857314
1 21.8419 4.05913 0.0117426 0.0881315
1 22.9542 4.05896 -0.0372961 0.0872399
1 24.0652 4.05815 -0.0694961 0.084191
1 25.1755 4.05688 -0.072065 0.0812197
1 26.2871 4.05524 -0.0642124 0.0783376
1 27.3991 4.05304 -0.0673682 0.0728444
1 28.5103 4.04989 -0.0738094 0.0643706
1 29.6213 4.04556 -0.0785001 0.0558421
1 30.7313 4.04019 -0.0867611 0.05003
1 31.8409 4.03412 -0.0808259 0.0475501
1 32.9518 4.02792 -0.0751385 0.0488748
1 34.0624 4.0226 -0.0823504 0.0564132
1 35.1729 4.02002 -0.0757697 0.0723226
1 36.285 4.02052 -0.0687571 0.080498
1 37.3974 4.02198 -0.0691718 0.0775106
1 38.5094 4.02342 -0.0705651 0.0773769
1 39.6212 4.02511 -0.0680285 0.075902
1 40.7331 4.027 -0.0684849 0.0761413
1 41.8447 4.02983 -0.0676431 0.0805249
1 42.9572 4.0324 -0.0701956 0.0730291
1 44.0769 4.03338 -0.0674805 0.0693834
1 0.164591 4.99558 0.0697337 0.0743204
1 1.28423 4.99449 0.0702947 0.076715
1 2.39659 4.99215 0.0710054 0.0771586
1 3.50828 4.98966 0.0674482 0.0757144
1 4.62017 4.98769 0.0707304 0.0725429
1 5.73126 4.98645 0.0722775 0.0742411
1 6.84292 4.98492 0.0680054 0.0793555
1 7.955 4.98352 0.0673886 0.0751634
1 9.06705 4.98374 0.0753017 0.0657754
1 10.1775 4.98669 0.0875369 0.0547331
1 11.2873 4.99178 0.0794972 0.046463
1 12.3975 4.99794 0.0806531 0.0443424
1 13.5071 5.00373 0.0825856 0.0519685
1 14.6177 5.00822 0.0696185 0.0618779
1 15.7296 5.01156 0.0649105 0.0690671
1 16.8418 5.01405 0.0634537 0.074211
1 17.9542 5.01593 0.0633535 0.0777264
1 19.0658 5.01745 0.0732088 0.0796197
1 20.1759 5.01867 0.071264 0.0820466
1 21.2862 5.01938 0.0374704 0.0854663
1 22.3979 5.0195 -0.0135128 0.0867156
1 23.5092 5.01905 -0.0598578 0.0840256
1 24.6193 5.01804 -0.075111 0.080545
1 25.7302 5.01666 -0.0668355 0.0789514
1 26.8423 5.01501 -0.0619362 0.0766359
1 27.9543 5.01291 -0.0646199 0.0720149
1 29.0664 5.01006 -0.0642725 0.0656222
1 30.1781 5.00615 -0.0743678 0.0569066
1 31.2879 5.00095 -0.088016 0.0478489
1 32.3973 4.99479 -0.0836516 0.0438285
1 33.5072 4.98877 -0.0788375 0.0470531
1 34.6176 4.98429 -0.0705905 0.0577912
1 35.7295 4.98265 -0.0696578 0.0733677
1 36.8411 4.98382 -0.0772904 0.0809881
1 37.9527 4.98559 -0.0734576 0.0761178
1 39.0642 4.98693 -0.0755232 0.0735547
1 40.1757 4.98879 -0.0690267 0.0761452
1 41.2877 4.99113 -0.070043 0.0739497
1 42.3998 4.99324 -0.0705136 0.0735064
1 43.5145 4.99541 -0.0713274 0.0751881
1 0.726846 5.95732 0.0752432 0.0736776
1 1.84125 5.95546 0.0739862 0.0787018
1 2.95321 5.95327 0.0725131 0.079171
1 4.06497 5.95124 0.0740979 0.0774454
1 5.17605 5.94973 0.0756113 0.0773947
1 6.28767 5.94815 0.0715061 0.0807362
1 7.39922 5.94639 0.0760732 0.0800235
1 8.51087 5.94612 0.0675922 0.0719784
1 9.62253 5.9482 0.0723633 0.0592622
1 10.7322 5.95291 0.0826483 0.0489084
1 11.8419 5.95878 0.0805388 0.049167
1 12.9517 5.96415 0.0806692 0.0585101
1 14.0623 5.96822 0.0663586 0.0680362
1 15.1747 5.97123 0.058231 0.0734814
1 16.2872 5.97363 0.0626628 0.0771464
1 17.3994 5.97555 0.0623815 0.0803026
1 18.5115 5.97712 0.0684435 0.081799
1 19.622 5.97845 0.0787316 0.0837726
1 20.7315 5.97937 0.0612824 0.0872933
1 21.8422 5.97974 0.0130737 0.0897503
1 22.9535 5.9796 -0.0411295 0.0887617
1 24.0635 5.97892 -0.0744842 0.085511
1 25.1733 5.97774 -0.0737173 0.0826889
1 26.2848 5.97629 -0.0632397 0.0813339
1 27.3969 5.97462 -0.0630412 0.0793687
1 28.509 5.97254 -0.0616412 0.0759019
1 29.6216 5.96987 -0.0599932 0.0708796
1 30.7335 5.96632 -0.0722632 0.0629588
1 31.8436 5.96154 -0.0785091 0.053222
1 32.9535 5.95575 -0.081564 0.0473529
1 34.0626 5.95008 -0.0881585 0.051075
1 35.1723 5.94626 -0.0752912 0.0636237
1 36.2838 5.94539 -0.0678509 0.0778796
1 37.3959 5.94681 -0.0665797 0.0837913
1 38.5079 5.94892 -0.070158 0.0817519
1 39.6192 5.95053 -0.0689843 0.076382
1 40.7309 5.95223 -0.0646458 0.0777183
1 41.8427 5.95443 -0.0659365 0.0793911
1 42.9549 5.95649 -0.0673136 0.07743
1 44.0746 5.95914 -0.0694245 0.0753215
1 0.165379 6.92039 0.0717197 0.0749666
1 1.28533 6.91888 0.0704537 0.0747731
1 2.39784 6.91684 0.0689018 0.0756505
1 3.50974 6.91472 0.066806 0.073713
1 4.62137 6.91318 0.0697312 0.0733228
1 5.73267 6.91146 0.0677655 0.0778208
1 6.84483 6.90941 0.0636656 0.0785726
1 7.95678 6.90858 0.0675463 0.0688313
1 9.06781 6.91033 0.0805468 0.056474
1 10.1769 6.91446 0.0890934 0.047197
1 11.2863 6.91974 0.0738145 0.0489441
1 12.3971 6.92447 0.0698413 0.0583817
1 13.5079 6.92813 0.0671491 0.0658193
1 14.62 6.93099 0.0572788 0.0699351
1 15.7327 6.93335 0.060888 0.0726118
1 16.8448 6.93532 0.0647917 0.075157
1 17.9568 6.93695 0.065481 0.0770584
1 19.0681 6.93837 0.0765869 0.0788135
1 20.1775 6.93946 0.0770374 0.0817509
1 21.2869 6.94006 0.0420101 0.085131
1 22.3976 6.94016 -0.0147943 0.0861296
1 23.5081 6.93978 -0.0659228 0.0835724
1 24.6174 6.9389 -0.0798711 0.0799865
1 25.7278 6.93761 -0.0689486 0.0779442
1 26.8395 6.9361 -0.0637318 0.0765796
1 27.9514 6.93435 -0.0642972 0.074578
1 29.0636 6.93226 -0.0573829 0.0718684
1 30.1764 6.92969 -0.0597375 0.0675334
1 31.2878 6.9264 -0.0713204 0.0613291
1 32.3983 6.92217 -0.0745895 0.0535493
1 33.5081 6.91703 -0.0803762 0.046985
1 34.6174 6.91197 -0.0755224 0.0485612
1 35.7282 6.90859 -0.0719242 0.060952
1 36.8391 6.90828 -0.0767745 0.0751998
1 37.9508 6.91005 -0.0686373 0.0801915
1 39.0627 6.91219 -0.072663 0.0768432
1 40.174 6.91397 -0.0712747 0.0752765
1 41.2856 6.91584 -0.0706529 0.0741121
1 42.3973 6.91797 -0.0729153 0.0748358
1 43.5112 6.92017 -0.072296 0.079626
1 0.728247 7.88208 0.0717819 0.0826171
1 1.84243 7.88027 0.0713877 0.0807714
1 2.95455 7.87826 0.0690812 0.0785871
1 4.06638 7.87668 0.070224 0.0773951
1 5.17792 7.87482 0.0686233 0.0817687
1 6.29029 7.87251 0.0646206 0.08317
1 7.40181 7.87126 0.0784757 0.0745955
1 8.51219 7.87276 0.0731139 0.059912
1 9.62282 7.87643 0.0695842 0.0537599
1 10.7328 7.88089 0.070237 0.0567851
1 11.8435 7.88491 0.0680028 0.064777
1 12.9544 7.88819 0.0689436 0.0701624
1 14.0658 7.89099 0.0590171 0.0727543
1 15.1785 7.89335 0.0576603 0.075473
1 16.2906 7.89533 0.066123 0.0781493
1 17.4023 7.89701 0.0656378 0.0802511
1 18.5139 7.89843 0.0717253 0.0821012
1 19.6239 7.89959 0.0847038 0.0849365
1 20.7325 7.90036 0.067475 0.0887538
1 21.8423 7.90063 0.0145833 0.0911199
1 22.9529 7.90053 -0.0453716 0.0902207
1 24.0621 7.89999 -0.0813225 0.086716
1 25.1712 7.89897 -0.0782083 0.0833053
1 26.2822 7.89765 -0.0658948 0.0812624
1 27.3939 7.89611 -0.0659552 0.0796748
1 28.5055 7.89434 -0.0635525 0.0776319
1 29.6179 7.89227 -0.0575817 0.0746655
1 30.7301 7.88974 -0.0629176 0.0707402
1 31.8414 7.88664 -0.0639211 0.0664576
1 32.9527 7.88288 -0.0681847 0.0602403
1 34.0625 7.8785 -0.0824077 0.0550346
1 35.1716 7.87419 -0.0781227 0.0554998
1 36.282 7.87141 -0.0710063 0.0651855
1 37.3934 7.87123 -0.066292 0.0790226
1 38.5056 7.87339 -0.0659463 0.0848581
1 39.6174 7.87577 -0.0690999 0.0803035
1 40.729 7.87743 -0.0681277 0.0769673
1 41.8405 7.87938 -0.067666 0.0821214
1 42.9528 7.8814 -0.0686449 0.080208
1 44.0729 7.88234 -0.0679627 0.0816125
1 0.167834 8.84569 0.0574505 0.0793091
1 1.28781 8.84341 0.0632772 0.078157
1 2.40022 8.84122 0.0665799 0.0767916
1 3.51169 8.83974 0.0640072 0.0756202
1 4.62384 8.83774 0.0605836 0.0829351
1 5.73606 8.83505 0.0623942 0.0847105
1 6.84796 8.83368 0.0660665 0.0736392
1 7.95882 8.83486 0.0684104 0.0620054
1 9.0695 8.83792 0.0713949 0.0583689
1 10.1794 8.84159 0.0755074 0.0614141
1 11.2899 8.84503 0.0639568 0.0661198
1 12.4012 8.84804 0.0632863 0.0697571
1 13.5124 8.85072 0.0636548 0.0715316
1 14.6243 8.85312 0.0585585 0.0742834
1 15.7364 8.8551 0.0647616 0.076934
1 16.8479 8.85677 0.0684941 0.0789451
1 17.9594 8.8582 0.0688504 0.0806934
1 19.0701 8.8594 0.0820367 0.0829423
1 20.1787 8.86025 0.0839747 0.0865793
1 21.2873 8.86066 0.0459285 0.0895956
1 22.3975 8.86072 -0.0161515 0.0901243
1 23.5072 8.86047 -0.0717676 0.0882282
1 24.6157 8.85982 -0.086372 0.0846232
1 25.7254 8.85875 -0.0729804 0.0816074
1 26.8367 8.8574 -0.0665347 0.0798872
1 27.948 8.85586 -0.0674163 0.0783136
1 29.0597 8.85411 -0.060406 0.0763251
1 30.172 8.85202 -0.0605056 0.0733476
1 31.2834 8.84948 -0.0669877 0.0704504
1 32.3945 8.84659 -0.0647166 0.0674973
1 33.5054 8.84329 -0.0670069 0.0634871
1 34.6158 8.83965 -0.0653833 0.0583989
1 35.7266 8.83599 -0.0699833 0.0587682
1 36.8365 8.83372 -0.0793704 0.0671064
1 37.9475 8.83393 -0.0659889 0.0799825
1 39.0601 8.83619 -0.065024 0.084536
1 40.1721 8.83887 -0.066776 0.0798016
1 41.284 8.84054 -0.068882 0.0755986
1 42.3959 8.84237 -0.0697799 0.0778203
1 43.5102 8.844 -0.0738023 0.0779495
1 0.732068 9.80724 0.0627967 0.073017
1 1.84623 9.80522 0.0635891 0.0710606
1 2.95799 9.80359 0.0617359 0.0716911
1 4.07024 9.80115 0.0587121 0.0808079
1 5.18252 9.7982 0.0615299 0.0805346
1 6.29451 9.79664 0.0634325 0.0713843
1 7.40529 9.79741 0.074487 0.0622624
1 8.51559 9.79991 0.0629284 0.0573865
1 9.62691 9.803 0.0608961 0.059546
1 10.7375 9.80598 0.0653411 0.0633921
1 11.8484 9.80873 0.0666768 0.0658411
1 12.9592 9.8113 0.0689385 0.0671334
1 14.0704 9.81367 0.0621911 0.0693542
1 15.1824 9.81567 0.0623411 0.0725155
1 16.2939 9.81732 0.0704231 0.0747622
1 17.405 9.81875 0.0697955 0.0767322
1 18.5161 9.81994 0.0770895 0.0793725
1 19.6253 9.82081 0.0914941 0.0829085
1 20.7331 9.8213 0.0727691 0.0864353
1 21.8424 9.82146 0.0156754 0.0882513
1 22.9526 9.8214 -0.0488127 0.0875848
1 24.061 9.82106 -0.0877799 0.0846404
1 25.1693 9.82035 -0.0842336 0.0809408
1 26.2797 9.81927 -0.0703591 0.0778928
1 27.3909 9.81794 -0.0696984 0.0756997
1 28.5019 9.81642 -0.0675321 0.07399
1 29.6138 9.81466 -0.0621643 0.0717718
1 30.7254 9.81254 -0.0660832 0.0686378
1 31.8363 9.81007 -0.0634652 0.0661703
1 32.9478 9.80733 -0.0630543 0.0639544
1 34.0584 9.8044 -0.07297 0.0617674
1 35.1684 9.80133 -0.0685392 0.0589705
1 36.2792 9.79845 -0.065752 0.0579618
1 37.3899 9.79658 -0.0664067 0.065351
1 38.5014 9.79696 -0.0624093 0.077125
1 39.6137 9.79961 -0.0562232 0.0827181
1 40.7266 9.80249 -0.0574532 0.0753484
1 41.8382 9.80442 -0.0637742 0.0703196
1 42.9502 9.80626 -0.0630714 0.0729016
1 44.0693 9.80819 -0.0553226 0.0709243
1 0.17459 10.7719 0.0551839 0.0671015
1 1.29309 10.7693 0.058127 0.0731335
1 2.40494 10.7671 0.0581127 0.077648
1 3.51704 10.7643 0.0508397 0.0861414
1 4.62999 10.761 0.0517728 0.0876093
1 5.7419 10.7591 0.059772 0.0788122
1 6.853 10.7595 0.063543 0.0686179
1 7.96367 10.7616 0.0645127 0.0657395
1 9.07454 10.7642 0.0683849 0.0677454
1 10.1847 10.7668 0.0750768 0.0692459
1 11.295 10.7693 0.0649499 0.0706673
1 12.4062 10.7718 0.0648559 0.0718242
1 13.5169 10.774 0.0672618 0.0740127
1 14.6283 10.776 0.063328 0.0768238
1 15.7398 10.7777 0.0691443 0.0793591
1 16.8507 10.7791 0.0730761 0.0816319
1 17.9617 10.7802 0.074257 0.0843966
1 19.0717 10.781 0.0886727 0.0876799
1 20.1796 10.7815 0.0901864 0.0912412
1 21.2876 10.7817 0.0486876 0.0935207
1 22.3974 10.7817 -0.0171735 0.0938561
1 23.5067 10.7816 -0.0765536 0.0924936
1 24.6145 10.7812 -0.093187 0.0893866
1 25.7235 10.7805 -0.0789204 0.0858103
1 26.8342 10.7795 -0.071198 0.0827858
1 27.9449 10.7783 -0.0713509 0.0804212
1 29.0561 10.7768 -0.0644406 0.0783979
1 30.1678 10.775 -0.0650766 0.075921
1 31.2786 10.7729 -0.0708363 0.0736342
1 32.3893 10.7706 -0.0668562 0.0716284
1 33.5001 10.7681 -0.0664876 0.0699563
1 34.6107 10.7654 -0.0609583 0.0670501
1 35.722 10.7627 -0.0628334 0.0661468
1 36.8322 10.7602 -0.0734409 0.0673439
1 37.9427 10.7589 -0.064486 0.0735552
1 39.0544 10.7596 -0.0631716 0.083512
1 40.1667 10.7624 -0.0557798 0.0902909
1 41.2796 10.766 -0.056943 0.0840254
1 42.3915 10.7683 -0.0627034 0.0740176
1 43.5054 10.7706 -0.0607193 0.0680048
1 0.738283 11.7342 0.0660441 0.0666069
1 1.85214 11.731 0.0626603 0.0752576
1 2.96454 11.7273 0.054064 0.086616
1 4.0776 11.7234 0.0546026 0.08713
1 5.18946 11.7212 0.0631257 0.0769335
1 6.30056 11.7214 0.0649618 0.0693021
1 7.41083 11.723 0.0748594 0.0662763
1 8.52088 11.7252 0.0640846 0.0654251
1 9.63214 11.7276 0.0629121 0.0667797
1 10.7426 11.73 0.0673643 0.0685699
1 11.8533 11.7322 0.0687036 0.0695621
1 12.9638 11.7344 0.0724709 0.071
1 14.0744 11.7363 0.0669083 0.0732014
1 15.1858 11.738 0.0665903 0.0757822
1 16.2968 11.7393 0.0748959 0.0782189
1 17.4073 11.7404 0.0754548 0.0810534
1 18.5177 11.7411 0.0836359 0.084198
1 19.6262 11.7416 0.0978497 0.0871751
1 20.7335 11.7418 0.0766279 0.0893059
1 21.8424 11.7418 0.016288 0.0901584
1 22.9524 11.7418 -0.0512512 0.0898591
1 24.0604 11.7417 -0.0932912 0.0882474
1 25.168 11.7413 -0.090859 0.0855017
1 26.2777 11.7407 -0.0763331 0.0824177
1 27.3883 11.7398 -0.0745271 0.0794254
1 28.4988 11.7385 -0.0712786 0.0769138
1 29.6101 11.737 -0.0661976 0.0747482
1 30.7212 11.7353 -0.070377 0.0725538
1 31.8317 11.7332 -0.0667227 0.0706368
1 32.9428 11.731 -0.0653939 0.0691696
1 34.0532 11.7287 -0.0752537 0.0681015
1 35.163 11.7263 -0.06948 0.0669763
1 36.2739 11.7239 -0.0655354 0.0650937
1 37.3843 11.7219 -0.0653594 0.0662634
1 38.4951 11.7208 -0.0634425 0.0737851
1 39.6064 11.7219 -0.0536227 0.0838414
1 40.7194 11.7251 -0.0472304 0.0889913
1 41.8321 11.7291 -0.0520149 0.0821403
1 42.9442 11.7326 -0.0574869 0.0714047
1 44.0628 11.7364 -0.0611617 0.0650377
1 0.180097 12.6996 0.0666777 0.0733972
1 1.29935 12.6955 0.0597203 0.0782584
1 2.41233 12.691 0.0519479 0.0872209
1 3.52531 12.6866 0.049825 0.0859951
1 4.63769 12.6841 0.058599 0.0774923
1 5.74836 12.6838 0.0679647 0.0689761
1 6.85864 12.6851 0.0692553 0.0643706
1 7.96892 12.6872 0.0685045 0.0641771
1 9.07952 12.6893 0.0712515 0.065797
1 10.1895 12.6914 0.0768985 0.0660612
1 11.2996 12.6935 0.0671537 0.0672388
1 12.4106 12.6956 0.0683858 0.0684832
1 13.5209 12.6975 0.0719658 0.070709
1 14.6317 12.6991 0.0678189 0.0731661
1 15.7427 12.7004 0.0737692 0.0761987
1 16.853 12.7014 0.0788636 0.0796827
1 17.9633 12.7021 0.0807154 0.0831886
1 19.0726 12.7025 0.0948218 0.0862568
1 20.1799 12.7026 0.0945049 0.0886847
1 21.2876 12.7026 0.0502782 0.0898986
1 22.3974 12.7026 -0.0177413 0.0900401
1 23.5065 12.7026 -0.0795901 0.0893276
1 24.6138 12.7025 -0.0987 0.0873919
1 25.7222 12.7022 -0.0853119 0.0845161
1 26.8321 12.7017 -0.0773656 0.0811852
1 27.9423 12.7008 -0.0763625 0.0776841
1 29.0529 12.6997 -0.0684284 0.0745541
1 30.1642 12.6982 -0.0691456 0.0719488
1 31.2746 12.6964 -0.0748538 0.0700617
1 32.3849 12.6945 -0.0704119 0.0685406
1 33.4953 12.6924 -0.0696403 0.0672307
1 34.6057 12.6902 -0.0633625 0.0652692
1 35.7168 12.688 -0.0654054 0.0646988
1 36.8267 12.6859 -0.0768309 0.0649779
1 37.9367 12.6842 -0.0689043 0.0665312
1 39.0474 12.6834 -0.06848 0.0716607
1 40.1587 12.6847 -0.057948 0.0827447
1 41.2717 12.6884 -0.0518296 0.0892802
1 42.3848 12.6932 -0.0595571 0.0847015
1 43.4992 12.6977 -0.0671738 0.0770545
1 0.743808 13.6591 0.0659528 0.0922591
1 1.85908 13.6539 0.0574205 0.0993246
1 2.97262 13.649 0.055009 0.0964648
1 4.08511 13.6462 0.0636699 0.085417
1 5.19567 13.6458 0.0733511 0.0755085
1 6.30584 13.6469 0.0714422 0.0719522
1 7.41571 13.6486 0.078227 0.0708779
1 8.52558 13.6506 0.0663792 0.0703437
1 9.63675 13.6526 0.0647447 0.0708906
1 10.747 13.6546 0.0698379 0.0725123
1 11.8574 13.6565 0.0714525 0.073756
1 12.9676 13.6583 0.0761767 0.07532
1 14.0777 13.6599 0.0713774 0.0779348
1 15.1886 13.6611 0.0716754 0.081291
1 16.299 13.6621 0.0810835 0.0850939
1 17.4089 13.6626 0.0821846 0.0888082
1 18.5186 13.6629 0.0897685 0.0917904
1 19.6266 13.6629 0.102442 0.093848
1 20.7335 13.6629 0.0787059 0.0948644
1 21.8424 13.6628 0.0165367 0.0951522
1 22.9523 13.6629 -0.0523479 0.0950557
1 24.0602 13.6629 -0.0967508 0.094334
1 25.1673 13.6629 -0.0964518 0.0926827
1 26.2764 13.6627 -0.0829046 0.0901262
1 27.3863 13.6623 -0.081093 0.0866811
1 28.4962 13.6615 -0.0767403 0.0828734
1 29.607 13.6604 -0.0705737 0.0794803
1 30.7176 13.6589 -0.0740176 0.0767073
1 31.8277 13.6573 -0.0695563 0.07456
1 32.9385 13.6554 -0.0678152 0.0732188
1 34.0487 13.6534 -0.0778149 0.0722972
1 35.1583 13.6514 -0.0718925 0.071838
1 36.269 13.6494 -0.0695211 0.0705973
1 37.3791 13.6475 -0.0707952 0.0700648
1 38.4892 13.6459 -0.0722447 0.0738408
1 39.5994 13.6455 -0.0649585 0.0808438
1 40.7111 13.647 -0.0558078 0.0914449
1 41.8238 13.651 -0.0520641 0.10091
1 42.9376 13.6564 -0.0582564 0.0991692
1 44.0583 13.6613 -0.0723779 0.0929579
1 0.183264 14.621 0.0731821 0.106258
1 1.30563 14.6157 0.058864 0.109494
1 2.41997 14.6105 0.0580086 0.101217
1 3.53226 14.6077 0.0627895 0.0869211
1 4.64332 14.6073 0.0697367 0.0766432
1 5.75315 14.6082 0.0746604 0.0712059
1 6.86314 14.6099 0.0725624 0.0687498
1 7.97333 14.6118 0.0704821 0.0690259
1 9.08383 14.6137 0.0727719 0.0700997
1 10.1937 14.6155 0.0783874 0.0699718
1 11.3036 14.6173 0.0694129 0.0713123
1 12.4143 14.619 0.0717669 0.073086
1 13.5241 14.6205 0.0766984 0.0759719
1 14.6344 14.6217 0.0733979 0.0793695
1 15.7448 14.6225 0.0800865 0.0832392
1 16.8545 14.623 0.0854347 0.0870386
1 17.9642 14.6232 0.0865509 0.0898475
1 19.073 14.6231 0.0992843 0.0914701
1 20.18 14.623 0.0969211 0.0922349
1 21.2876 14.6229 0.0508789 0.0922699
1 22.3974 14.6229 -0.0179421 0.0921668
1 23.5065 14.623 -0.081076 0.0922434
1 24.6136 14.6231 -0.102353 0.0918172
1 25.7215 14.6231 -0.0906622 0.0905028
1 26.8309 14.623 -0.0837514 0.088218
1 27.9404 14.6227 -0.082877 0.0848514
1 29.0504 14.622 -0.0741273 0.0810285
1 30.1611 14.621 -0.0738744 0.0774221
1 31.2711 14.6196 -0.0785434 0.074461
1 32.381 14.618 -0.0732997 0.0724743
1 33.4912 14.6163 -0.0720383 0.071042
1 34.6013 14.6144 -0.0649798 0.0696152
1 35.7124 14.6125 -0.0667779 0.0690638
1 36.8222 14.6106 -0.0791779 0.0697508
1 37.9319 14.6088 -0.0738051 0.0708341
1 39.0421 14.6074 -0.0774397 0.0731636
1 40.1522 14.6069 -0.0699644 0.0816116
1 41.2639 14.6085 -0.0598101 0.0947656
1 42.3771 14.6126 -0.0559958 0.107028
1 43.493 14.6184 -0.0598316 0.108327
1 0.750631 15.5769 0.0551384 0.116232
1 1.86662 15.5719 0.0590445 0.104397
1 2.97912 15.5693 0.0659445 0.0876219
1 4.09017 15.569 0.0734103 0.0760644
1 5.19997 15.5701 0.0782179 0.0697507
1 6.30995 15.5717 0.073739 0.0681084
1 7.41979 15.5734 0.0796528 0.0670065
1 8.52967 15.5753 0.0677109 0.0664721
1 9.64079 15.5771 0.0665353 0.0670353
1 10.7508 15.5788 0.073146 0.0690924
1 11.8609 15.5804 0.0754225 0.0714275
1 12.9707 15.5817 0.0811855 0.0741652
1 14.0803 15.5828 0.0774277 0.0780165
1 15.1906 15.5835 0.0783677 0.0819734
1 16.3004 15.5839 0.087554 0.0856385
1 17.4097 15.584 0.087511 0.088575
1 18.519 15.5838 0.0936919 0.0903303
1 19.6266 15.5837 0.104705 0.091024
1 20.7335 15.5835 0.0793156 0.0910245
1 21.8424 15.5834 0.016532 0.090827
1 22.9524 15.5835 -0.0526018 0.0908845
1 24.0602 15.5836 -0.0982632 0.0909562
1 25.1671 15.5837 -0.0997819 0.0905904
1 26.2758 15.5839 -0.0876985 0.0893742
1 27.3852 15.5839 -0.0870714 0.0869203
1 28.4945 15.5836 -0.0833054 0.0834836
1 29.6047 15.583 -0.076888 0.079737
1 30.7147 15.5821 -0.0795041 0.0758676
1 31.8243 15.5809 -0.0736593 0.0723529
1 32.9348 15.5794 -0.0705966 0.0698794
1 34.0447 15.5777 -0.08015 0.0683331
1 35.1543 15.5759 -0.0740735 0.0678587
1 36.2648 15.5741 -0.0715054 0.0669838
1 37.375 15.5723 -0.0724484 0.066563
1 38.485 15.5705 -0.0758361 0.0688043
1 39.5947 15.5691 -0.072138 0.072862
1 40.7054 15.5685 -0.0667339 0.0806149
1 41.817 15.5697 -0.0610359 0.0957162
1 42.931 15.5736 -0.0568883 0.112517
1 44.0548 15.5789 -0.0645224 0.11651
1 0.188234 16.5367 0.0525727 0.11824
1 1.31217 16.5322 0.0560668 0.108098
1 2.4257 16.5302 0.064746 0.0896871
1 3.53674 16.5305 0.0688924 0.0769911
1 4.64717 16.5317 0.0725335 0.0712941
1 5.75689 16.5334 0.0759471 0.0685161
1 6.86693 16.5352 0.0740119 0.0673579
1 7.97713 16.537 0.0724738 0.0679329
1 9.08755 16.5387 0.075363 0.0693065
1 10.1972 16.5404 0.0817067 0.0706541
1 11.3069 16.5418 0.0738064 0.0735162
1 12.4172 16.543 0.0774459 0.0770084
1 13.5265 16.5439 0.0833281 0.080988
1 14.6362 16.5445 0.0801589 0.0848987
1 15.746 16.5447 0.0862059 0.0883005
1 16.8552 16.5448 0.0901086 0.0910059
1 17.9645 16.5446 0.0898241 0.092715
1 19.073 16.5443 0.101405 0.0934173
1 20.1799 16.544 0.0977281 0.0934182
1 21.2875 16.5439 0.050846 0.0930146
1 22.3974 16.5438 -0.0179099 0.092836
1 23.5066 16.5439 -0.0813997 0.0931716
1 24.6136 16.5442 -0.103947 0.0934175
1 25.7213 16.5444 -0.0935372 0.093031
1 26.8303 16.5446 -0.0878497 0.091772
1 27.9394 16.5447 -0.0883998 0.0894786
1 29.0489 16.5445 -0.0805729 0.0863154
1 30.159 16.5441 -0.0804434 0.0825353
1 31.2684 16.5433 -0.0846221 0.0785604
1 32.3779 16.5422 -0.0783945 0.0751176
1 33.4877 16.5409 -0.0760596 0.0720246
1 34.5976 16.5393 -0.0678591 0.069474
1 35.7085 16.5376 -0.068506 0.0679154
1 36.8183 16.5358 -0.0799647 0.067975
1 37.9282 16.534 -0.0742842 0.068594
1 39.0383 16.5322 -0.0790571 0.0693389
1 40.148 16.5306 -0.0752282 0.0738459
1 41.2586 16.5298 -0.0697144 0.0830989
1 42.37 16.5305 -0.0639834 0.0992719
1 43.4851 16.5338 -0.0550289 0.118203
1 0.758401 17.492 0.0604248 0.106933
1 1.87259 17.4908 0.0679016 0.0855676
1 2.98347 17.4916 0.071104 0.0729234
1 4.09379 17.4932 0.0744336 0.0669306
1 5.20344 17.4951 0.0777803 0.0644376
1 6.31345 17.497 0.0741054 0.0644782
1 7.4233 17.4987 0.0812368 0.0649239
1 8.5331 17.5004 0.0706404 0.0663833
1 9.64406 17.5019 0.0713315 0.0691227
1 10.7538 17.5032 0.079615 0.0727862
1 11.8635 17.5042 0.082517 0.076606
1 12.9727 17.5049 0.0884351 0.0802835
1 14.0818 17.5053 0.0842069 0.0839502
1 15.1917 17.5055 0.0842918 0.0870184
1 16.301 17.5055 0.0919128 0.0892147
1 17.41 17.5053 0.0901995 0.0906365
1 18.519 17.5049 0.0954718 0.091458
1 19.6266 17.5046 0.105579 0.0915537
1 20.7334 17.5044 0.0792842 0.0910927
1 21.8424 17.5043 0.0164217 0.0906965
1 22.9525 17.5043 -0.0525042 0.0908304
1 24.0603 17.5045 -0.0987174 0.0913073
1 25.1671 17.5048 -0.101278 0.0915243
1 26.2756 17.5051 -0.0900511 0.091023
1 27.3847 17.5053 -0.0906688 0.0897984
1 28.4936 17.5055 -0.0886001 0.0878632
1 29.6034 17.5054 -0.0833902 0.0851833
1 30.7129 17.505 -0.0867375 0.0817838
1 31.8219 17.5044 -0.0807356 0.0779642
1 32.932 17.5035 -0.076552 0.0739536
1 34.0416 17.5023 -0.0852006 0.0704777
1 35.1509 17.5009 -0.0782754 0.0682327
1 36.2613 17.4994 -0.0744263 0.0659923
1 37.3714 17.4976 -0.0735892 0.0641097
1 38.4814 17.4957 -0.0760658 0.0641797
1 39.5911 17.4938 -0.0723072 0.0656418
1 40.7014 17.492 -0.0686155 0.0690073
1 41.8117 17.4907 -0.0646886 0.0774961
1 42.924 17.4907 -0.0551639 0.0941638
1 44.0467 17.4935 -0.0396702 0.113665
1 0.198523 18.4525 0.0350447 0.100647
1 1.31922 18.4518 0.0569569 0.080401
1 2.43064 18.4532 0.0663522 0.0692926
1 3.54067 18.4552 0.0688071 0.0649041
1 4.65074 18.4572 0.0724804 0.064159
1 5.76028 18.4591 0.0769236 0.0647586
1 6.87021 18.4608 0.0765198 0.0669534
1 7.98021 18.4624 0.0771921 0.0703918
1 9.09031 18.4637 0.0817398 0.074402
1 10.1996 18.4647 0.0887485 0.0781189
1 11.309 18.4655 0.0812775 0.0822596
1 12.4188 18.466 0.0854796 0.086484
1 13.5277 18.4663 0.0907628 0.0901072
1 14.6369 18.4663 0.0861136 0.0929447
1 15.7465 18.4662 0.0905994 0.0950526
1 16.8554 18.466 0.0926972 0.0964536
1 17.9646 18.4656 0.0912897 0.0974391
1 19.073 18.4653 0.102361 0.098146
1 20.1798 18.4649 0.0979727 0.0982702
1 21.2875 18.4647 0.0507118 0.0979084
1 22.3974 18.4646 -0.0177997 0.0977067
1 23.5067 18.4648 -0.0813418 0.0979914
1 24.6136 18.4651 -0.104678 0.0982175
1 25.7212 18.4654 -0.0948816 0.0977675
1 26.8302 18.4658 -0.0899718 0.0968581
1 27.9391 18.4661 -0.0921272 0.095642
1 29.0482 18.4663 -0.0859623 0.0937468
1 30.158 18.4663 -0.0870435 0.0910967
1 31.267 18.4661 -0.0923255 0.0878875
1 32.376 18.4657 -0.0865685 0.0841561
1 33.4854 18.465 -0.0838827 0.0798821
1 34.5949 18.464 -0.0740841 0.0755683
1 35.7056 18.4628 -0.0729078 0.0714622
1 36.8152 18.4613 -0.0833902 0.0685502
1 37.9248 18.4597 -0.0760494 0.0662319
1 39.0349 18.4578 -0.0788933 0.0641071
1 40.1444 18.4558 -0.0746169 0.0642858
1 41.2545 18.4538 -0.0706271 0.0664531
1 42.3648 18.4519 -0.0690892 0.0732558
1 43.4781 18.451 -0.0638658 0.0893248
1 0.764597 19.4127 0.0680526 0.0709979
1 1.87737 19.4147 0.0711453 0.0665307
1 2.98747 19.4169 0.0719667 0.0673859
1 4.09738 19.4189 0.0755895 0.070088
1 5.20673 19.4207 0.0803105 0.073553
1 6.31645 19.4222 0.078041 0.0777257
1 7.42597 19.4235 0.0865065 0.0820853
1 8.53542 19.4246 0.0768676 0.0867899
1 9.64598 19.4253 0.0788297 0.0917593
1 10.7552 19.4258 0.0877351 0.0961626
1 11.8645 19.4261 0.0904691 0.0998314
1 12.9733 19.4262 0.0955196 0.102907
1 14.0821 19.4261 0.0898475 0.105051
1 15.1918 19.4259 0.0887554 0.106544
1 16.301 19.4256 0.0950488 0.107444
1 17.4099 19.4252 0.0921098 0.10779
1 18.519 19.4248 0.0969252 0.108171
1 19.6264 19.4244 0.106472 0.108201
1 20.7333 19.424 0.0793707 0.107528
1 21.8424 19.4238 0.0163692 0.1068
1 22.9525 19.4239 -0.0524115 0.10709
1 24.0604 19.4242 -0.0991869 0.107822
1 25.1672 19.4246 -0.102576 0.108192
1 26.2756 19.425 -0.0917727 0.107901
1 27.3847 19.4254 -0.0932281 0.107547
1 28.4936 19.4257 -0.0926436 0.106892
1 29.6031 19.426 -0.0886569 0.105561
1 30.7123 19.4261 -0.0933122 0.10374
1 31.821 19.4261 -0.0882216 0.101094
1 32.9307 19.4259 -0.0840057 0.0973949
1 34.0399 19.4254 -0.09266 0.0933196
1 35.1488 19.4248 -0.0854115 0.088983
1 36.2588 19.4239 -0.080759 0.0843195
1 37.3685 19.4227 -0.0786577 0.0793015
1 38.4782 19.4212 -0.079553 0.0750963
1 39.5876 19.4195 -0.0745835 0.0715323
1 40.6974 19.4176 -0.0703178 0.068002
1 41.807 19.4155 -0.0678482 0.0662024
1 42.9173 19.4134 -0.0614295 0.0674706
1 44.0355 19.4124 -0.0436964 0.0765193
1 0.208353 20.3758 0.0585776 0.0496897
1 1.32503 20.3773 0.069667 0.0505498
1 2.43491 20.3791 0.0739345 0.0560163
1 3.54423 20.3808 0.0748149 0.0621079
1 4.65382 20.3822 0.0789039 0.0680755
1 5.76294 20.3834 0.0839795 0.0736645
1 6.87245 20.3843 0.0840614 0.0792012
1 7.982 20.385 0.0854783 0.0840713
1 9.09163 20.3854 0.0898756 0.0880767
1 10.2005 20.3857 0.0957467 0.0914142
1 11.3095 20.3858 0.0873639 0.0939711
1 12.419 20.3857 0.0911341 0.0958737
1 13.5276 20.3855 0.0951221 0.0966832
1 14.6367 20.3853 0.0891505 0.0967791
1 15.7462 20.385 0.0928606 0.0966456
1 16.8551 20.3847 0.0941469 0.0960373
1 17.9643 20.3844 0.0924641 0.0952902
1 19.0728 20.384 0.103443 0.0946431
1 20.1796 20.3836 0.0983669 0.0934553
1 21.2874 20.3834 0.0504578 0.0920197
1 22.3974 20.3833 -0.0179494 0.0915669
1 23.5068 20.3835 -0.0814395 0.0926077
1 24.6138 20.3838 -0.105409 0.0941074
1 25.7214 20.3842 -0.0960142 0.0949765
1 26.8304 20.3845 -0.0912414 0.0956403
1 27.9393 20.3848 -0.0941458 0.0963724
1 29.0485 20.3852 -0.0888515 0.0966501
1 30.1581 20.3854 -0.0906447 0.0965418
1 31.2669 20.3856 -0.0971922 0.0960403
1 32.3756 20.3857 -0.0928386 0.0946146
1 33.4846 20.3856 -0.0914424 0.092541
1 34.5937 20.3855 -0.0818741 0.0895792
1 35.7039 20.3851 -0.0799824 0.0850641
1 36.8131 20.3845 -0.090611 0.0806202
1 37.9223 20.3836 -0.0829528 0.0757149
1 39.032 20.3826 -0.0850455 0.070092
1 40.1412 20.3813 -0.0804159 0.0643437
1 41.2508 20.3797 -0.0764789 0.0582789
1 42.3606 20.3779 -0.0761867 0.052006
1 43.473 20.3761 -0.0746895 0.0470674
1 0.768402 21.3422 0.0823713 0.0266116
1 1.88069 21.3434 0.0826848 0.0332194
1 2.99032 21.3445 0.0822181 0.039891
1 4.09981 21.3454 0.0850189 0.0458734
1 5.20877 21.3461 0.089001 0.0510226
1 6.3181 21.3467 0.0865919 0.0552199
1 7.4272 21.347 0.094141 0.0586249
1 8.53631 21.3473 0.0830328 0.0613562
1 9.64654 21.3474 0.0847797 0.0632281
1 10.7554 21.3473 0.0926578 0.0642693
1 11.8644 21.3473 0.093841 0.0645726
1 12.9731 21.3471 0.0972441 0.064405
1 14.0818 21.3469 0.0904887 0.0636462
1 15.1914 21.3467 0.0890173 0.0627528
1 16.3005 21.3465 0.0948945 0.0617233
1 17.4095 21.3463 0.0917547 0.0604853
1 18.5186 21.3461 0.0967323 0.0593837
1 19.6262 21.3459 0.106029 0.058125
1 20.7331 21.3457 0.0787081 0.0565725
1 21.8424 21.3456 0.0162249 0.0555531
1 22.9526 21.3456 -0.0518606 0.0559189
1 24.0606 21.3458 -0.0985422 0.0573784
1 25.1675 21.346 -0.102291 0.0588568
1 26.276 21.3462 -0.0914767 0.0599793
1 27.3851 21.3464 -0.0929143 0.0611442
1 28.494 21.3467 -0.0927685 0.0622741
1 29.6035 21.3468 -0.0893043 0.0631542
1 30.7126 21.347 -0.0949304 0.0639908
1 31.8211 21.3472 -0.0909812 0.064394
1 32.9306 21.3473 -0.0873196 0.0641073
1 34.0396 21.3473 -0.097311 0.0634787
1 35.1481 21.3473 -0.0922965 0.0619088
1 36.2577 21.3471 -0.0886617 0.059583
1 37.367 21.3468 -0.0869003 0.0562483
1 38.4763 21.3463 -0.0886572 0.0524476
1 39.5853 21.3457 -0.0842827 0.0479251
1 40.6948 21.3449 -0.0802413 0.0422229
1 41.8038 21.3439 -0.0796606 0.0359542
1 42.9131 21.3428 -0.0783747 0.0293219
1 44.0289 21.3418 -0.0746312 0.0244718
1 0.21206 22.3099 0.0831152 0.0100674
1 1.32746 22.3104 0.0844535 0.014199
1 2.43686 22.311 0.0854396 0.0185758
1 3.54584 22.3114 0.0846975 0.0222239
1 4.65513 22.3117 0.0876301 0.0251809
1 5.76394 22.312 0.0914863 0.0273757
1 6.87316 22.3122 0.0905493 0.0292854
1 7.98242 22.3123 0.0906046 0.030568
1 9.09182 22.3123 0.0934486 0.0313513
1 10.2005 22.3123 0.0977405 0.0318525
1 11.3094 22.3122 0.0882403 0.0315899
1 12.4188 22.3121 0.0912665 0.0311944
1 13.5273 22.312 0.0944045 0.0305489
1 14.6364 22.3119 0.0880237 0.0298368
1 15.7459 22.3118 0.091519 0.029132
1 16.8548 22.3117 0.092629 0.0283146
1 17.964 22.3117 0.0911396 0.0275051
1 19.0725 22.3115 0.102266 0.0267601
1 20.1794 22.3114 0.0971844 0.0258451
1 21.2873 22.3114 0.0496827 0.0250135
1 22.3974 22.3114 -0.0177729 0.0248115
1 23.507 22.3114 -0.0804207 0.0254037
1 24.6141 22.3115 -0.104172 0.0263613
1 25.7217 22.3116 -0.0947483 0.0271883
1 26.8307 22.3117 -0.0897902 0.0279373
1 27.9397 22.3118 -0.0927502 0.0287557
1 29.0488 22.3119 -0.0877146 0.0294867
1 30.1584 22.312 -0.0896827 0.0302073
1 31.2672 22.3121 -0.0969033 0.0309087
1 32.3758 22.3122 -0.0936868 0.0312642
1 33.4846 22.3122 -0.0934774 0.0314119
1 34.5935 22.3122 -0.0850259 0.0314401
1 35.7035 22.3122 -0.0840303 0.0307089
1 36.8125 22.3122 -0.0960851 0.0298079
1 37.9215 22.312 -0.0898703 0.0281204
1 39.0309 22.3118 -0.0930759 0.0258874
1 40.1397 22.3115 -0.089381 0.0231431
1 41.2491 22.3111 -0.0863938 0.019983
1 42.3586 22.3107 -0.0875351 0.0158952
1 43.4707 22.3101 -0.0879136 0.0114993
1 0.769389 23.2792 0.0908308 0.00271614
1 1.88154 23.2794 0.0898646 0.00387974
1 2.99108 23.2795 0.0884006 0.00500438
1 4.10043 23.2796 0.0903761 0.00613652
1 5.20923 23.2796 0.0935148 0.00699716
1 6.3184 23.2797 0.0902716 0.00736378
1 7.42735 23.2797 0.096649 0.00748683
1 8.53637 23.2797 0.0843037 0.00786546
1 9.64653 23.2797 0.0856827 0.00799237
1 10.7553 23.2797 0.0927453 0.00793581
1 11.8643 23.2797 0.0934027 0.00765771
1 12.9729 23.2796 0.0963261 0.00742063
1 14.0816 23.2796 0.0894062 0.00716962
1 15.1912 23.2796 0.0878707 0.00693263
1 16.3004 23.2796 0.0936308 0.00667861
1 17.4094 23.2795 0.0905222 0.00639834
1 18.5185 23.2795 0.0956163 0.00616045
1 19.626 23.2795 0.104947 0.00591892
1 20.733 23.2795 0.0778891 0.00564606
1 21.8423 23.2795 0.0160724 0.00548556
1 22.9527 23.2795 -0.0512613 0.00552717
1 24.0607 23.2795 -0.0975021 0.00577673
1 25.1676 23.2795 -0.101209 0.00603942
1 26.2761 23.2795 -0.0903408 0.00626955
1 27.3853 23.2796 -0.0916711 0.00653746
1 28.4942 23.2796 -0.0915529 0.00680674
1 29.6036 23.2796 -0.0881697 0.00704644
1 30.7128 23.2796 -0.0940041 0.00730867
1 31.8213 23.2797 -0.0905439 0.00756313
1 32.9307 23.2797 -0.0872396 0.00766161
1 34.0397 23.2797 -0.0976626 0.00774662
1 35.1481 23.2797 -0.0936012 0.00770246
1 36.2576 23.2797 -0.0909995 0.00764576
1 37.3667 23.2797 -0.0901127 0.00743935
1 38.4759 23.2796 -0.0928124 0.00709098
1 39.5847 23.2796 -0.0894466 0.00627108
1 40.694 23.2795 -0.0863967 0.00532549
1 41.8029 23.2794 -0.0869515 0.0041952
1 42.912 23.2793 -0.0870817 0.00306255
1 44.0273 23.2792 -0.0876206 0.00253264
1 0.212332 24.2487 0.0872488 -0.00259471
1 1.32765 24.2486 0.08734 -0.00359804
1 2.43703 24.2484 0.08767 -0.00466256
1 3.54598 24.2483 0.0865014 -0.00582032
1 4.65525 24.2482 0.0891849 -0.00679341
1 5.76401 24.2482 0.0925649 -0.0073737
1 6.87319 24.2481 0.091246 -0.00777156
1 7.98243 24.2481 0.0912575 -0.00823992
1 9.09178 24.2481 0.0938809 -0.00838708
1 10.2005 24.2481 0.0975991 -0.00834973
1 11.3093 24.2481 0.087817 -0.00823995
1 12.4187 24.2481 0.0908689 -0.00813497
1 13.5273 24.2481 0.0940011 -0.00792501
1 14.6363 24.2482 0.0876133 -0.00766164
1 15.7458 24.2482 0.0910872 -0.00742979
1 16.8547 24.2482 0.0921991 -0.00717389
1 17.964 24.2482 0.0907184 -0.00691134
1 19.0725 24.2483 0.101848 -0.00667791
1 20.1794 24.2483 0.0968111 -0.00641934
1 21.2873 24.2483 0.0495002 -0.00617398
1 22.3975 24.2483 -0.0177026 -0.00610147
1 23.507 24.2483 -0.0800811 -0.00628246
1 24.6141 24.2483 -0.103758 -0.00657203
1 25.7218 24.2482 -0.0943414 -0.00682023
1 26.8308 24.2482 -0.0893949 -0.00706577
1 27.9397 24.2482 -0.0923401 -0.00732111
1 29.0488 24.2482 -0.0872925 -0.00755498
1 30.1585 24.2481 -0.0892312 -0.00780587
1 31.2672 24.2481 -0.0965112 -0.00806179
1 32.3758 24.2481 -0.0935241 -0.00825441
1 33.4846 24.2481 -0.0935551 -0.00842324
1 34.5935 24.2481 -0.0852473 -0.00841461
1 35.7035 24.2481 -0.0844135 -0.00849587
1 36.8125 24.2481 -0.0968674 -0.0082428
1 37.9214 24.2481 -0.0909198 -0.00787779
1 39.0307 24.2482 -0.0942321 -0.00737507
1 40.1396 24.2482 -0.0910735 -0.00646268
1 41.2489 24.2483 -0.0886097 -0.00540236
1 42.3583 24.2485 -0.0899734 -0.0042434
1 43.4705 24.2486 -0.0904232 -0.00309021
1 0.769043 25.2176 0.0882706 -0.0115166
1 1.88126 25.217 0.0877321 -0.0156938
1 2.99082 25.2166 0.0866303 -0.0196442
1 4.1002 25.2162 0.0887525 -0.0230231
1 5.20906 25.2159 0.0920804 -0.0256622
1 6.31829 25.2157 0.0890614 -0.0278266
1 7.42729 25.2155 0.0958954 -0.0293364
1 8.53634 25.2155 0.0839777 -0.030327
1 9.64651 25.2154 0.0854723 -0.0312552
1 10.7554 25.2155 0.0926944 -0.0313513
1 11.8643 25.2155 0.0935664 -0.0310969
1 12.9729 25.2156 0.0966545 -0.0306657
1 14.0816 25.2157 0.0898212 -0.0300235
1 15.1912 25.2158 0.0882751 -0.0293709
1 16.3004 25.2159 0.0940675 -0.0286496
1 17.4094 25.216 0.0909608 -0.0278358
1 18.5185 25.2161 0.0960026 -0.0271145
1 19.6261 25.2162 0.105307 -0.0263429
1 20.7331 25.2163 0.0781415 -0.025459
1 21.8423 25.2163 0.0161183 -0.0248855
1 22.9527 25.2163 -0.0514363 -0.0250688
1 24.0607 25.2162 -0.0978212 -0.0259062
1 25.1676 25.2161 -0.101574 -0.0267934
1 26.2761 25.216 -0.0907584 -0.0275228
1 27.3853 25.2159 -0.0921231 -0.028292
1 28.4941 25.2158 -0.0919881 -0.0290505
1 29.6036 25.2157 -0.0885941 -0.0297314
1 30.7127 25.2156 -0.0943762 -0.0304598
1 31.8212 25.2156 -0.0907913 -0.0310441
1 32.9307 25.2155 -0.0874488 -0.0313371
1 34.0396 25.2154 -0.097787 -0.0313333
1 35.1481 25.2154 -0.0933838 -0.03099
1 36.2576 25.2155 -0.0904537 -0.0304324
1 37.3668 25.2156 -0.0892881 -0.0292724
1 38.4761 25.2157 -0.0915933 -0.0273019
1 39.5849 25.216 -0.0878248 -0.02483
1 40.6943 25.2163 -0.0844588 -0.0218877
1 41.8032 25.2167 -0.0846089 -0.0182038
1 42.9124 25.2172 -0.0842925 -0.0139836
1 44.0279 25.2176 -0.0836777 -0.0108261
1 0.210722 26.1858 0.0738688 -0.0249119
1 1.32655 26.1848 0.0784231 -0.030123
1 2.43612 26.1837 0.0805581 -0.0368638
1 3.54523 26.1827 0.0804281 -0.0430353
1 4.65464 26.1819 0.0839081 -0.0488919
1 5.76357 26.1813 0.0883232 -0.0534521
1 6.87289 26.1809 0.0880161 -0.057229
1 7.98226 26.1806 0.0887546 -0.0603519
1 9.09174 26.1804 0.0922526 -0.0626257
1 10.2005 26.1803 0.0972942 -0.0643052
1 11.3094 26.1803 0.088244 -0.0649658
1 12.4188 26.1804 0.0914493 -0.0652251
1 13.5274 26.1806 0.0948734 -0.0647514
1 14.6365 26.1808 0.0887036 -0.0639361
1 15.746 26.181 0.0922928 -0.0630714
1 16.8549 26.1812 0.0934778 -0.0619009
1 17.9641 26.1814 0.0918766 -0.0606783
1 19.0726 26.1816 0.102895 -0.0595704
1 20.1795 26.1819 0.097751 -0.0581001
1 21.2873 26.182 0.0500169 -0.0566692
1 22.3974 26.1821 -0.017855 -0.0562616
1 23.5069 26.182 -0.080898 -0.0572703
1 24.614 26.1817 -0.10479 -0.0589115
1 25.7216 26.1815 -0.0954505 -0.0602061
1 26.8306 26.1813 -0.0905979 -0.0613496
1 27.9395 26.1811 -0.0935511 -0.0625899
1 29.0487 26.1809 -0.0884499 -0.0635913
1 30.1583 26.1807 -0.0904447 -0.06448
1 31.267 26.1805 -0.0974778 -0.0652381
1 32.3757 26.1804 -0.0938202 -0.0653669
1 33.4846 26.1803 -0.0931161 -0.0650788
1 34.5935 26.1803 -0.0841934 -0.0640451
1 35.7036 26.1804 -0.0828371 -0.0620775
1 36.8127 26.1806 -0.0943441 -0.0594741
1 37.9218 26.181 -0.0873979 -0.0561922
1 39.0313 26.1815 -0.0899035 -0.0520536
1 40.1403 26.1822 -0.0856046 -0.0469234
1 41.2498 26.1831 -0.0820403 -0.0410101
1 42.3594 26.1841 -0.0824947 -0.0341247
1 43.4716 26.1853 -0.082183 -0.0273013
1 0.766852 27.1514 0.0749365 -0.0473147
1 1.87928 27.1495 0.0763793 -0.0521417
1 2.98911 27.1477 0.0764397 -0.0582458
1 4.09878 27.1462 0.079763 -0.0641141
1 5.20792 27.1449 0.0844036 -0.069742
1 6.31741 27.1438 0.0824678 -0.0754716
1 7.42669 27.143 0.0907252 -0.080455
1 8.53593 27.1424 0.0801555 -0.0847829
1 9.64631 27.142 0.0821473 -0.0889846
1 10.7554 27.1418 0.09064 -0.0919159
1 11.8645 27.1418 0.0928586 -0.0941484
1 12.9732 27.1419 0.096992 -0.0956337
1 14.0819 27.1421 0.0907047 -0.0961129
1 15.1916 27.1423 0.0893871 -0.0961843
1 16.3007 27.1426 0.0954657 -0.0958781
1 17.4097 27.1429 0.0923832 -0.0951251
1 18.5188 27.1433 0.097208 -0.0945113
1 19.6263 27.1437 0.106515 -0.0936264
1 20.7332 27.144 0.0791597 -0.092182
1 21.8424 27.1442 0.0162874 -0.0910595
1 22.9526 27.1441 -0.0522629 -0.091482
1 24.0605 27.1438 -0.0990878 -0.0928793
1 25.1674 27.1435 -0.102757 -0.094133
1 26.2758 27.1431 -0.0920453 -0.0948225
1 27.3849 27.1428 -0.0935873 -0.0955782
1 28.4938 27.1425 -0.0933197 -0.0961906
1 29.6033 27.1422 -0.0897185 -0.0963144
1 30.7124 27.1419 -0.0949979 -0.0962089
1 31.821 27.1418 -0.0905258 -0.0953887
1 32.9306 27.1417 -0.0866183 -0.0935908
1 34.0397 27.1418 -0.0959908 -0.0911019
1 35.1483 27.1421 -0.0897361 -0.0877655
1 36.2581 27.1425 -0.0853119 -0.0836132
1 37.3676 27.1432 -0.0831148 -0.0787503
1 38.4771 27.1442 -0.0841477 -0.0733055
1 39.5863 27.1453 -0.0791202 -0.0679184
1 40.6959 27.1467 -0.0746049 -0.0620783
1 41.8052 27.1484 -0.0729414 -0.0561645
1 42.915 27.1502 -0.0693274 -0.0507268
1 44.0317 27.1516 -0.0588866 -0.049436
1 0.204162 28.115 0.0435538 -0.0765148
1 1.32245 28.114 0.0618868 -0.0666169
1 2.43292 28.112 0.0688394 -0.0648495
1 3.54253 28.1099 0.0705169 -0.0666974
1 4.65234 28.108 0.0745344 -0.0699375
1 5.76167 28.1063 0.0795132 -0.0735598
1 6.87138 28.1048 0.079551 -0.0777773
1 7.98116 28.1037 0.0808305 -0.0827721
1 9.09104 28.1027 0.0855614 -0.0873294
1 10.2001 28.1021 0.0923441 -0.0917087
1 11.3093 28.1016 0.0846387 -0.0956273
1 12.4189 28.1014 0.0886947 -0.0994809
1 13.5277 28.1014 0.0933814 -0.102167
1 14.6369 28.1015 0.0880919 -0.103981
1 15.7464 28.1018 0.0921543 -0.105292
1 16.8553 28.1021 0.0937866 -0.105938
1 17.9645 28.1024 0.0921277 -0.106307
1 19.0729 28.1029 0.103052 -0.106654
1 20.1797 28.1033 0.0982635 -0.106379
1 21.2874 28.1036 0.0506499 -0.105594
1 22.3974 28.1036 -0.017813 -0.105283
1 23.5067 28.1034 -0.0814892 -0.105871
1 24.6137 28.1031 -0.105224 -0.106539
1 25.7213 28.1026 -0.0957126 -0.106467
1 26.8303 28.1022 -0.0909957 -0.106126
1 27.9391 28.1019 -0.0936855 -0.105786
1 29.0483 28.1016 -0.0881321 -0.104871
1 30.158 28.1014 -0.0897681 -0.103326
1 31.2668 28.1013 -0.095742 -0.101243
1 32.3756 28.1014 -0.0905416 -0.0983206
1 33.4848 28.1017 -0.0883195 -0.0946945
1 34.5941 28.1022 -0.0784132 -0.0902215
1 35.7045 28.1029 -0.0765269 -0.0851579
1 36.814 28.104 -0.0867408 -0.0805021
1 37.9234 28.1053 -0.0789377 -0.0763008
1 39.0333 28.1068 -0.0811197 -0.0719797
1 40.1427 28.1086 -0.0763634 -0.0684024
1 41.2526 28.1106 -0.0721921 -0.0658128
1 42.3627 28.1128 -0.0711541 -0.0653838
1 43.4755 28.1147 -0.0679207 -0.0702438
1 0.76167 29.0764 0.0643768 -0.0896216
1 1.87501 29.0755 0.0693156 -0.0740411
1 2.98542 29.0736 0.0708611 -0.0676278
1 4.09551 29.0716 0.0741242 -0.06546
1 5.20502 29.0696 0.0782053 -0.0654548
1 6.31491 29.0678 0.0752287 -0.0674251
1 7.42462 29.0661 0.0831174 -0.0696166
1 8.53428 29.0647 0.0732829 -0.072589
1 9.64505 29.0634 0.0747109 -0.0768528
1 10.7545 29.0625 0.0833929 -0.0810444
1 11.864 29.0618 0.0863789 -0.0852938
1 12.9731 29.0614 0.0919977 -0.0891463
1 14.082 29.0612 0.0870951 -0.0924133
1 15.1918 29.0612 0.0865187 -0.0950198
1 16.301 29.0614 0.0934048 -0.0968624
1 17.41 29.0617 0.0910076 -0.0980639
1 18.519 29.0621 0.0960051 -0.0990124
1 19.6265 29.0625 0.105859 -0.0994296
1 20.7333 29.0628 0.0792384 -0.0991714
1 21.8424 29.0629 0.0163663 -0.0988181
1 22.9525 29.0628 -0.0524365 -0.0989642
1 24.0603 29.0626 -0.0988564 -0.0993105
1 25.1671 29.0622 -0.101799 -0.0992607
1 26.2756 29.0619 -0.090877 -0.0985753
1 27.3847 29.0615 -0.0920906 -0.0975877
1 28.4935 29.0613 -0.0909795 -0.0962035
1 29.6031 29.0611 -0.086584 -0.0940916
1 30.7124 29.0612 -0.0906912 -0.0912664
1 31.8213 29.0614 -0.0851024 -0.0877515
1 32.9311 29.062 -0.080763 -0.0836152
1 34.0406 29.0627 -0.0891546 -0.0793149
1 35.1497 29.0638 -0.0816395 -0.0755049
1 36.2599 29.0651 -0.077122 -0.0715118
1 37.3698 29.0666 -0.075551 -0.0682642
1 38.4798 29.0684 -0.0771649 -0.0661568
1 39.5893 29.0703 -0.0727234 -0.0654482
1 40.6995 29.0723 -0.0688001 -0.0659167
1 41.8094 29.0742 -0.0656572 -0.0702116
1 42.9207 29.0756 -0.0570153 -0.0809291
1 44.0413 29.075 -0.0361456 -0.100641
1 0.192972 30.0338 0.0395714 -0.113023
1 1.31569 30.0366 0.0554807 -0.0939772
1 2.42813 30.0367 0.0655486 -0.0778568
1 3.53859 30.0354 0.0687401 -0.0693145
1 4.64882 30.0336 0.0722114 -0.0661595
1 5.75846 30.0317 0.075977 -0.0646463
1 6.86848 30.0298 0.0746758 -0.0643507
1 7.97862 30.0281 0.0742809 -0.066118
1 9.08892 30.0265 0.0780792 -0.0684795
1 10.1984 30.0251 0.0847324 -0.0709489
1 11.308 30.0239 0.0770906 -0.0742915
1 12.418 30.023 0.0810835 -0.078208
1 13.5271 30.0224 0.0867513 -0.0819826
1 14.6366 30.0221 0.0828852 -0.085361
1 15.7463 30.022 0.0881845 -0.0880218
1 16.8553 30.0221 0.0912273 -0.0899438
1 17.9645 30.0223 0.0904124 -0.0911577
1 19.073 30.0227 0.101753 -0.0916463
1 20.1799 30.023 0.097757 -0.0914724
1 21.2875 30.0232 0.0507753 -0.0909406
1 22.3974 30.0232 -0.0178495 -0.0907585
1 23.5066 30.0231 -0.0813449 -0.091196
1 24.6136 30.0228 -0.104267 -0.091668
1 25.7212 30.0225 -0.0942492 -0.0915483
1 26.8302 30.0222 -0.0890998 -0.0907572
1 27.9391 30.022 -0.090573 -0.0893296
1 29.0484 30.0219 -0.0836683 -0.0871195
1 30.1583 30.0221 -0.0841799 -0.0840779
1 31.2674 30.0225 -0.0888399 -0.0804913
1 32.3767 30.0232 -0.0826921 -0.0768851
1 33.4863 30.0242 -0.079912 -0.0731231
1 34.596 30.0255 -0.070662 -0.0694255
1 35.7069 30.027 -0.0703335 -0.0666199
1 36.8166 30.0287 -0.0813099 -0.0651585
1 37.9264 30.0305 -0.0748201 -0.0648465
1 39.0366 30.0324 -0.0786882 -0.0650781
1 40.1463 30.0342 -0.0749953 -0.0677626
1 41.2566 30.0358 -0.0708196 -0.0734749
1 42.3674 30.0366 -0.0678209 -0.0858027
1 43.4815 30.0354 -0.0601895 -0.106979
1 0.754648 30.9937 0.0553953 -0.117241
1 1.86975 30.997 0.0640381 -0.0983473
1 2.98129 30.9978 0.0697464 -0.0819963
1 4.09186 30.9969 0.07462 -0.0727223
1 5.20153 30.9953 0.0782036 -0.0682103
1 6.31154 30.9935 0.0737116 -0.0672925
1 7.42143 30.9917 0.0800618 -0.0666326
1 8.5313 30.9899 0.0687343 -0.0667644
1 9.64237 30.9882 0.0684237 -0.0684458
1 10.7523 30.9866 0.075791 -0.0710173
1 11.8622 30.9853 0.0783543 -0.0740353
1 12.9717 30.9842 0.0842522 -0.0773337
1 14.081 30.9834 0.0804294 -0.081284
1 15.1911 30.983 0.0811148 -0.0850206
1 16.3007 30.9828 0.0896813 -0.0881345
1 17.4098 30.9829 0.0889142 -0.0904551
1 18.519 30.9831 0.09466 -0.0917794
1 19.6266 30.9834 0.105217 -0.0921507
1 20.7334 30.9836 0.0793559 -0.0918843
1 21.8424 30.9837 0.0164786 -0.0915705
1 22.9524 30.9836 -0.052631 -0.0916785
1 24.0602 30.9835 -0.0986518 -0.0920517
1 25.1671 30.9832 -0.100806 -0.092107
1 26.2756 30.9829 -0.0893374 -0.0914022
1 27.3848 30.9828 -0.089482 -0.0896725
1 28.4939 30.9828 -0.0865574 -0.0869893
1 29.6038 30.9831 -0.0805972 -0.0836601
1 30.7135 30.9836 -0.0833136 -0.0797511
1 31.8229 30.9845 -0.0771309 -0.0757455
1 32.9332 30.9857 -0.0733313 -0.0722642
1 34.043 30.9872 -0.082269 -0.0695389
1 35.1524 30.9888 -0.0756635 -0.0683462
1 36.2629 30.9904 -0.0725983 -0.0668606
1 37.3731 30.9923 -0.0727823 -0.0660627
1 38.4832 30.9942 -0.0760118 -0.0673414
1 39.5929 30.9958 -0.0727286 -0.0703709
1 40.7034 30.9971 -0.068665 -0.0763804
1 41.8144 30.9973 -0.0637609 -0.0887992
1 42.9277 30.9953 -0.0557868 -0.107294
1 44.0516 30.9908 -0.0528733 -0.117794
1 0.184947 31.9487 0.0639068 -0.116355
1 1.30869 31.9539 0.0572605 -0.112556
1 2.42289 31.9577 0.0622193 -0.0957948
1 3.5345 31.9589 0.0671758 -0.0808618
1 4.64515 31.9584 0.0719251 -0.0729931
1 5.75489 31.9569 0.0754883 -0.0686962
1 6.86492 31.9551 0.0733176 -0.0666293
1 7.97512 31.9532 0.0713061 -0.067288
1 9.08558 31.9514 0.0737906 -0.0683165
1 10.1953 31.9497 0.0797279 -0.0687009
1 11.3052 31.948 0.0711905 -0.0703707
1 12.4156 31.9466 0.0740862 -0.072853
1 13.5253 31.9453 0.0795208 -0.0762901
1 14.6353 31.9444 0.0764253 -0.0801003
1 15.7454 31.9438 0.0829336 -0.0839336
1 16.8549 31.9435 0.0877046 -0.0874366
1 17.9644 31.9436 0.0881908 -0.0898956
1 19.073 31.9437 0.100355 -0.0911543
1 20.18 31.9439 0.0973523 -0.0916265
1 21.2876 31.944 0.0508599 -0.0915334
1 22.3974 31.944 -0.017979 -0.0914352
1 23.5065 31.944 -0.0813963 -0.0916356
1 24.6135 31.9438 -0.103418 -0.0915639
1 25.7213 31.9436 -0.0925243 -0.0907978
1 26.8305 31.9435 -0.0864167 -0.089075
1 27.9397 31.9436 -0.0863065 -0.0861488
1 29.0494 31.9439 -0.0778632 -0.0824314
1 30.1598 31.9447 -0.0774175 -0.0784441
1 31.2695 31.9457 -0.0815005 -0.0746009
1 32.3792 31.9471 -0.0754711 -0.0716777
1 33.4892 31.9486 -0.0735614 -0.0693943
1 34.5993 31.9503 -0.0660699 -0.0675119
1 35.7103 31.9521 -0.0674597 -0.0669764
1 36.8201 31.954 -0.0793722 -0.0674001
1 37.93 31.9557 -0.0741528 -0.0681446
1 39.0401 31.9574 -0.0790704 -0.0698047
1 40.15 31.9585 -0.0741317 -0.0761155
1 41.261 31.9582 -0.0660769 -0.0878223
1 42.3734 31.9556 -0.0592188 -0.104431
1 43.4893 31.9506 -0.0550047 -0.115916
1 0.746732 32.9091 0.060024 -0.108166
1 1.86279 32.9148 0.0561256 -0.106427
1 2.97602 32.9189 0.060077 -0.0943576
1 4.08772 32.9204 0.0692734 -0.0813919
1 5.19779 32.92 0.0762278 -0.0728573
1 6.30781 32.9186 0.0727033 -0.0707369
1 7.41765 32.9168 0.0789826 -0.0697567
1 8.52751 32.9149 0.0669543 -0.0690681
1 9.63865 32.913 0.06564 -0.0696192
1 10.7488 32.9111 0.0714906 -0.071077
1 11.8591 32.9094 0.0732728 -0.0725719
1 12.969 32.9078 0.0782945 -0.0744076
1 14.0789 32.9064 0.0739021 -0.0774336
1 15.1896 32.9054 0.0745589 -0.0810311
1 16.2997 32.9047 0.084002 -0.0848491
1 17.4093 32.9044 0.0847174 -0.0882747
1 18.5188 32.9043 0.0917107 -0.0906201
1 19.6266 32.9043 0.103595 -0.0918777
1 20.7335 32.9044 0.0790375 -0.0922694
1 21.8424 32.9045 0.0165025 -0.0922805
1 22.9523 32.9045 -0.0526428 -0.0923556
1 24.0601 32.9044 -0.097842 -0.0922547
1 25.1671 32.9043 -0.0985965 -0.0915338
1 26.2759 32.9042 -0.0859183 -0.0898847
1 27.3855 32.9044 -0.0847081 -0.0869953
1 28.4951 32.9049 -0.0804318 -0.0832379
1 29.6056 32.9057 -0.0738545 -0.0794616
1 30.7159 32.9069 -0.0766172 -0.0759597
1 31.8257 32.9083 -0.0712658 -0.0730265
1 32.9365 32.91 -0.0688495 -0.0712733
1 34.0465 32.9118 -0.0788076 -0.0701608
1 35.1561 32.9137 -0.0730033 -0.0699887
1 36.2667 32.9155 -0.0705678 -0.0690143
1 37.3768 32.9174 -0.0716933 -0.0686514
1 38.4869 32.9191 -0.0746489 -0.0711795
1 39.5968 32.9201 -0.0697116 -0.0763946
1 40.708 32.9197 -0.0624806 -0.0864334
1 41.8202 32.9169 -0.0571092 -0.100809
1 42.9343 32.9117 -0.0587384 -0.109007
1 44.0566 32.9063 -0.0733329 -0.105976
1 0.181463 33.8663 0.0714306 -0.0931878
1 1.30223 33.8711 0.0582364 -0.0993852
1 2.41611 33.8766 0.0529833 -0.101377
1 3.5289 33.8806 0.0556488 -0.0918397
1 4.64057 33.882 0.0642782 -0.0811827
1 5.75072 33.8816 0.0716201 -0.0742991
1 6.8608 33.88 0.0710877 -0.0709794
1 7.971 33.8781 0.0695217 -0.0713332
1 9.08155 33.8761 0.0719062 -0.0724869
1 10.1914 33.8741 0.0775771 -0.0725623
1 11.3015 33.8721 0.0682963 -0.073683
1 12.4123 33.8703 0.0699968 -0.0750379
1 13.5224 33.8686 0.0740311 -0.0772347
1 14.6329 33.8671 0.0700966 -0.079873
1 15.7437 33.866 0.0764 -0.0833289
1 16.8537 33.8653 0.0817878 -0.0871468
1 17.9637 33.8649 0.0834717 -0.0904634
1 19.0728 33.8647 0.0970321 -0.0929468
1 20.18 33.8647 0.095745 -0.0946084
1 21.2876 33.8647 0.0505717 -0.0952516
1 22.3973 33.8647 -0.0179832 -0.0953155
1 23.5065 33.8647 -0.0806983 -0.0951091
1 24.6136 33.8646 -0.101094 -0.0940713
1 25.7216 33.8647 -0.0886349 -0.0920287
1 26.8313 33.865 -0.0811671 -0.0891376
1 27.9411 33.8655 -0.0799747 -0.0854811
1 29.0514 33.8664 -0.071273 -0.0817116
1 30.1624 33.8677 -0.0712689 -0.0783986
1 31.2725 33.8692 -0.0763291 -0.0758827
1 32.3827 33.871 -0.0714709 -0.0741932
1 33.493 33.8729 -0.0705663 -0.0729923
1 34.6033 33.8749 -0.0640792 -0.0713191
1 35.7143 33.8769 -0.0662835 -0.0709405
1 36.8242 33.8789 -0.0783683 -0.0713032
1 37.934 33.8806 -0.0720581 -0.0725216
1 39.0444 33.8817 -0.0736092 -0.0761421
1 40.155 33.8813 -0.0637729 -0.0861435
1 41.2675 33.8785 -0.0546033 -0.0971257
1 42.381 33.8737 -0.0573509 -0.099941
1 43.4962 33.8684 -0.0659032 -0.0925992
1 0.740716 34.8299 0.0665842 -0.0774862
1 1.8551 34.8344 0.0593724 -0.0850809
1 2.96826 34.8391 0.0517661 -0.0891865
1 4.08127 34.8428 0.0571989 -0.0823474
1 5.19255 34.844 0.0678557 -0.0716879
1 6.30313 34.8433 0.0681411 -0.0666492
1 7.41316 34.8415 0.0767712 -0.0652524
1 8.5231 34.8395 0.0654269 -0.0644674
1 9.63431 34.8372 0.063865 -0.0654783
1 10.7447 34.8351 0.0686717 -0.0671912
1 11.8552 34.833 0.0703789 -0.068473
1 12.9655 34.831 0.0747292 -0.0699112
1 14.0759 34.8293 0.0692468 -0.0719515
1 15.1871 34.8278 0.0687984 -0.0746187
1 16.2978 34.8266 0.0774376 -0.0777275
1 17.4081 34.8258 0.0783258 -0.0811965
1 18.5182 34.8253 0.0863727 -0.084559
1 19.6264 34.825 0.0999871 -0.0873967
1 20.7335 34.8249 0.0775911 -0.0892601
1 21.8424 34.8249 0.0163068 -0.0899949
1 22.9523 34.8249 -0.0520528 -0.0898197
1 24.0602 34.8249 -0.0955047 -0.0885633
1 25.1675 34.8251 -0.0941862 -0.0862308
1 26.2768 34.8254 -0.0800593 -0.0831593
1 27.387 34.8261 -0.0780828 -0.079611
1 28.4972 34.8271 -0.0740457 -0.0761631
1 29.6083 34.8284 -0.0682881 -0.0731824
1 30.7191 34.83 -0.0720315 -0.0706081
1 31.8294 34.8319 -0.0680063 -0.0684963
1 32.9404 34.8339 -0.0666548 -0.0671484
1 34.0507 34.836 -0.0768448 -0.0662019
1 35.1604 34.8382 -0.0710717 -0.0656189
1 36.2711 34.8403 -0.0683817 -0.064132
1 37.3813 34.8423 -0.0689636 -0.0641414
1 38.4916 34.8436 -0.0682343 -0.0690522
1 39.6024 34.8434 -0.0587053 -0.0775127
1 40.7148 34.8409 -0.049503 -0.086205
1 41.8277 34.8365 -0.0508144 -0.0875134
1 42.9405 34.8321 -0.0592754 -0.0789788
1 44.0597 34.8281 -0.066851 -0.074083
1 0.177074 35.7912 0.0608068 -0.0654088
1 1.29566 35.795 0.0578125 -0.0714622
1 2.4079 35.7984 0.0529944 -0.0815516
1 3.52068 35.8023 0.0474514 -0.0879783
1 4.63363 35.8055 0.053166 -0.0830013
1 5.74495 35.8065 0.0629479 -0.0730403
1 6.85565 35.8055 0.065812 -0.0659473
1 7.96614 35.8034 0.0660942 -0.0647518
1 9.07688 35.801 0.0697162 -0.0668064
1 10.1869 35.7986 0.0757598 -0.0673795
1 11.2972 35.7963 0.0659925 -0.068732
1 12.4083 35.7941 0.0669723 -0.0700748
1 13.5188 35.7921 0.0701046 -0.072209
1 14.6298 35.7903 0.0656576 -0.0743341
1 15.7411 35.7888 0.0709917 -0.076559
1 16.8518 35.7876 0.0752477 -0.0791275
1 17.9624 35.7867 0.0769288 -0.0821289
1 19.0721 35.786 0.0914501 -0.0851565
1 20.1797 35.7857 0.0922283 -0.0879422
1 21.2876 35.7856 0.0494239 -0.0895012
1 22.3973 35.7856 -0.0177105 -0.0897628
1 23.5065 35.7856 -0.0785994 -0.0890172
1 24.614 35.7858 -0.0965118 -0.086875
1 25.7226 35.7863 -0.082475 -0.0838215
1 26.8329 35.787 -0.0743775 -0.080691
1 27.9433 35.7881 -0.0737009 -0.0777763
1 29.0542 35.7894 -0.0661704 -0.0752578
1 30.1657 35.791 -0.0668234 -0.0727651
1 31.2763 35.793 -0.0725732 -0.0707086
1 32.3868 35.7951 -0.0686077 -0.069092
1 33.4974 35.7974 -0.068397 -0.067951
1 34.6078 35.7997 -0.0626246 -0.0658938
1 35.719 35.8021 -0.0644376 -0.0654822
1 36.829 35.8043 -0.0749714 -0.0656942
1 37.9392 35.8059 -0.0658821 -0.0688
1 39.0505 35.806 -0.0638528 -0.0760668
1 40.1624 35.8039 -0.0550104 -0.0864397
1 41.2755 35.8001 -0.0536379 -0.0858084
1 42.3878 35.7966 -0.0624874 -0.0749579
1 43.5016 35.7934 -0.0659233 -0.0672761
1 0.734355 36.757 0.0612896 -0.0680288
1 1.84834 36.7593 0.0626942 -0.0740309
1 2.96045 36.7616 0.0572734 -0.0838512
1 4.07336 36.765 0.0552629 -0.0897772
1 5.18561 36.7679 0.062385 -0.0834797
1 6.29717 36.7685 0.0637726 -0.0736093
1 7.40768 36.7672 0.0736664 -0.0678511
1 8.51792 36.7647 0.0624107 -0.0657755
1 9.62928 36.762 0.0610718 -0.0675705
1 10.7399 36.7594 0.0655613 -0.070188
1 11.8507 36.7569 0.0671197 -0.0718338
1 12.9614 36.7545 0.0707648 -0.07371
1 14.0722 36.7524 0.0650575 -0.0761292
1 15.184 36.7507 0.064616 -0.0787386
1 16.2952 36.7492 0.0722906 -0.0807302
1 17.406 36.7479 0.072036 -0.0830625
1 18.5168 36.7469 0.0798769 -0.0861185
1 19.6257 36.7462 0.0944159 -0.0896077
1 20.7333 36.7459 0.07459 -0.0926525
1 21.8424 36.7458 0.0157697 -0.0940988
1 22.9524 36.7458 -0.0505629 -0.0937028
1 24.0606 36.746 -0.0912385 -0.0914123
1 25.1685 36.7465 -0.0879424 -0.0879406
1 26.2785 36.7473 -0.0733626 -0.0845877
1 27.3893 36.7485 -0.0719785 -0.0817758
1 28.5001 36.7498 -0.0691216 -0.0795271
1 29.6117 36.7514 -0.063701 -0.0770233
1 30.723 36.7534 -0.0676909 -0.0740783
1 31.8337 36.7557 -0.064806 -0.0720356
1 32.945 36.7581 -0.0642958 -0.0707915
1 34.0554 36.7606 -0.0742798 -0.0695878
1 35.1653 36.7632 -0.0683339 -0.0676305
1 36.2762 36.7658 -0.0638945 -0.0657349
1 37.3868 36.7678 -0.0633826 -0.0688431
1 38.4981 36.7683 -0.0607312 -0.0791721
1 39.61 36.7664 -0.0522899 -0.0875098
1 40.723 36.7631 -0.0502127 -0.085843
1 41.835 36.7604 -0.0568967 -0.0775644
1 42.9467 36.7583 -0.0578826 -0.0732933
1 44.0652 36.7558 -0.0560712 -0.0676211
1 0.170529 37.7195 0.055372 -0.070632
1 1.28963 37.7213 0.0633843 -0.0725707
1 2.40182 37.7232 0.064835 -0.0702934
1 3.5136 37.7251 0.0580317 -0.0754896
1 4.62647 37.7279 0.0559287 -0.0829055
1 5.7387 37.7306 0.0617246 -0.0773768
1 6.85007 37.731 0.0663688 -0.0658735
1 7.96072 37.729 0.066558 -0.0588932
1 9.07152 37.7262 0.0688904 -0.0593715
1 10.1817 37.7231 0.0741784 -0.0619896
1 11.2922 37.7202 0.0634262 -0.064411
1 12.4036 37.7174 0.063238 -0.0666575
1 13.5146 37.715 0.0656533 -0.0691757
1 14.6262 37.7129 0.0619091 -0.072123
1 15.738 37.7111 0.0675845 -0.074413
1 16.8491 37.7096 0.0706825 -0.0760506
1 17.9604 37.7083 0.0711007 -0.0781384
1 19.0708 37.7072 0.0848554 -0.0810454
1 20.1791 37.7065 0.0867486 -0.084835
1 21.2874 37.7062 0.0470395 -0.0877419
1 22.3974 37.7061 -0.0170597 -0.0883612
1 23.5069 37.7063 -0.0748292 -0.0866133
1 24.6149 37.7068 -0.0902897 -0.0830895
1 25.7242 37.7077 -0.0760624 -0.0795631
1 26.8352 37.7089 -0.0688425 -0.0769761
1 27.9462 37.7103 -0.0692839 -0.0749653
1 29.0576 37.7119 -0.0620638 -0.0727729
1 30.1697 37.7139 -0.0623134 -0.0696856
1 31.2808 37.7162 -0.0689687 -0.0675438
1 32.3916 37.7188 -0.066264 -0.0662125
1 33.5025 37.7215 -0.0662467 -0.0639345
1 34.613 37.7245 -0.0611951 -0.0597709
1 35.7243 37.7276 -0.0634392 -0.0581883
1 36.8345 37.7301 -0.0743195 -0.0622603
1 37.9453 37.7308 -0.064173 -0.0720551
1 39.0574 37.7292 -0.0623872 -0.0811551
1 40.1697 37.7263 -0.0592559 -0.0814748
1 41.2819 37.7239 -0.0612425 -0.0719163
1 42.3936 37.7223 -0.0635411 -0.0710221
1 43.5077 37.7203 -0.0625018 -0.0728143
1 0.729674 38.6836 0.0733835 -0.0774321
1 1.84407 38.6851 0.0694942 -0.0773398
1 2.9561 38.6869 0.0689696 -0.0752073
1 4.068 38.6885 0.0663704 -0.0795366
1 5.18 38.6912 0.0648607 -0.0843585
1 6.29238 38.6935 0.0655309 -0.079728
1 7.40332 38.6937 0.0793723 -0.0674681
1 8.51333 38.6913 0.0696682 -0.0587831
1 9.62422 38.6877 0.0644473 -0.0584109
1 10.7346 38.6841 0.0661713 -0.063303
1 11.8456 38.6808 0.0652931 -0.0676949
1 12.9567 38.6779 0.0671426 -0.0705717
1 14.0681 38.6754 0.0605414 -0.0735018
1 15.1804 38.6733 0.0609705 -0.0764624
1 16.2921 38.6715 0.0687841 -0.0782761
1 17.4035 38.67 0.0674678 -0.0798221
1 18.5149 38.6686 0.0740352 -0.0815731
1 19.6245 38.6676 0.0877057 -0.0845033
1 20.7328 38.6669 0.069765 -0.0881322
1 21.8423 38.6667 0.0147586 -0.0902311
1 22.9527 38.6668 -0.0477108 -0.0895799
1 24.0614 38.6672 -0.0850828 -0.0865333
1 25.17 38.6681 -0.0815324 -0.0829681
1 26.2807 38.6693 -0.0682789 -0.0806114
1 27.3922 38.6707 -0.0677156 -0.0789164
1 28.5035 38.6724 -0.0648487 -0.0768522
1 29.6156 38.6743 -0.0587943 -0.0742008
1 30.7276 38.6767 -0.0640441 -0.0714849
1 31.8386 38.6794 -0.063729 -0.0696476
1 32.9501 38.6824 -0.0639925 -0.0662098
1 34.0605 38.6858 -0.0740886 -0.0616399
1 35.1703 38.6894 -0.0707143 -0.0587915
1 36.281 38.6925 -0.0677192 -0.061529
1 37.3919 38.6936 -0.0668375 -0.0735565
1 38.5039 38.6923 -0.0631647 -0.0845869
1 39.6161 38.6896 -0.0610728 -0.0830346
1 40.7283 38.6876 -0.063577 -0.0756801
1 41.8397 38.6861 -0.0653581 -0.0765855
1 42.9519 38.684 -0.0628999 -0.0775552
1 44.072 38.6817 -0.057847 -0.0784453
1 0.166865 39.6453 0.0674741 -0.0809143
1 1.28703 39.6462 0.068849 -0.0796903
1 2.39958 39.6481 0.068612 -0.0814455
1 3.51115 39.65 0.068505 -0.0767774
1 4.62272 39.6517 0.0688919 -0.0799907
1 5.73442 39.6541 0.0653898 -0.0844154
1 6.84656 39.6562 0.0650015 -0.0786777
1 7.95784 39.656 0.0714361 -0.0653649
1 9.06822 39.6532 0.0790539 -0.0550742
1 10.1775 39.6489 0.0834671 -0.0551947
1 11.2873 39.6445 0.0678395 -0.0601151
1 12.3986 39.6408 0.0635245 -0.0664417
1 13.5099 39.6377 0.0629426 -0.0707968
1 14.6221 39.6351 0.0576368 -0.0746015
1 15.7345 39.6331 0.0636683 -0.0774627
1 16.8462 39.6313 0.0670698 -0.0793828
1 17.958 39.6298 0.0668734 -0.0810537
1 19.069 39.6285 0.078966 -0.0831025
1 20.1781 39.6275 0.0802151 -0.0865993
1 21.2871 39.627 0.0434071 -0.0901667
1 22.3975 39.6269 -0.0159662 -0.0910798
1 23.5075 39.6272 -0.0693101 -0.0886667
1 24.6163 39.6279 -0.0835488 -0.0846341
1 25.7264 39.6291 -0.0710903 -0.0819071
1 26.8379 39.6305 -0.0650658 -0.0801632
1 27.9495 39.6322 -0.0652813 -0.0780018
1 29.0615 39.6342 -0.0574096 -0.07536
1 30.1742 39.6365 -0.0589733 -0.0724394
1 31.2856 39.6393 -0.0687239 -0.0697257
1 32.3965 39.6425 -0.0674223 -0.0645449
1 33.5072 39.6465 -0.0706192 -0.0569249
1 34.6171 39.651 -0.0707059 -0.0539406
1 35.7277 39.6546 -0.0729706 -0.0599541
1 36.838 39.6561 -0.0789813 -0.074247
1 37.9495 39.6548 -0.0653306 -0.0829622
1 39.062 39.6525 -0.068803 -0.0813334
1 40.1736 39.6507 -0.0706356 -0.0770844
1 41.2853 39.6491 -0.0687993 -0.0783651
1 42.3974 39.6471 -0.0712909 -0.0801395
1 43.5116 39.6453 -0.0719481 -0.08172
1 0.72881 40.6074 0.0722632 -0.0780484
1 1.84271 40.6095 0.0728725 -0.0735893
1 2.95441 40.6117 0.0711445 -0.0732929
1 4.06612 40.6135 0.0712576 -0.0742016
1 5.17734 40.6153 0.0725273 -0.0758215
1 6.28913 40.6175 0.0682158 -0.0792564
1 7.40081 40.6192 0.0760934 -0.0743588
1 8.51176 40.6189 0.0720614 -0.0603605
1 9.62259 40.6155 0.0742281 -0.0478139
1 10.7319 40.6105 0.0802837 -0.0462977
1 11.8418 40.6053 0.0754354 -0.0530203
1 12.9523 40.6011 0.071801 -0.0609947
1 14.0637 40.5978 0.0595815 -0.0668678
1 15.1765 40.5952 0.0576056 -0.0709789
1 16.2888 40.5931 0.0651045 -0.0738117
1 17.4007 40.5914 0.064201 -0.0758056
1 18.5125 40.5899 0.0699355 -0.0770971
1 19.6229 40.5886 0.0812353 -0.0793838
1 20.7319 40.5877 0.0638407 -0.0828206
1 21.8422 40.5874 0.0133744 -0.0853494
1 22.9531 40.5875 -0.0438648 -0.0844039
1 24.0627 40.5881 -0.0782501 -0.0810071
1 25.1721 40.5892 -0.0760559 -0.0780965
1 26.2833 40.5906 -0.0644607 -0.0763736
1 27.3953 40.5923 -0.0636841 -0.074536
1 28.5072 40.5942 -0.0609266 -0.0719605
1 29.6199 40.5966 -0.0573917 -0.0691538
1 30.7321 40.5995 -0.0670679 -0.0650203
1 31.8428 40.6031 -0.0700123 -0.0576146
1 32.9536 40.6078 -0.0741378 -0.0481683
1 34.0629 40.613 -0.0880753 -0.0462594
1 35.1719 40.6171 -0.0793052 -0.0560269
1 36.283 40.6188 -0.0674921 -0.0680239
1 37.395 40.618 -0.0651661 -0.0780768
1 38.5073 40.616 -0.0684763 -0.077062
1 39.6186 40.6142 -0.0702605 -0.0723708
1 40.7303 40.6127 -0.0664889 -0.0725271
1 41.8421 40.6105 -0.0678937 -0.0744314
1 42.9544 40.6085 -0.070307 -0.0735671
1 44.0744 40.6069 -0.0720275 -0.0744114
1 0.165312 41.5683 0.0685721 -0.0740304
1 1.2851 41.5709 0.0672629 -0.0771938
1 2.39748 41.573 0.0672968 -0.0804
1 3.50929 41.5753 0.0655602 -0.0788137
1 4.62101 41.577 0.0687524 -0.0772287
1 5.73221 41.5786 0.0692046 -0.082588
1 6.84412 41.5807 0.0651386 -0.0843986
1 7.95608 41.5821 0.0676481 -0.0787161
1 9.06756 41.5813 0.0763721 -0.0645551
1 10.1773 41.5774 0.0889233 -0.0523309
1 11.2865 41.5717 0.0815296 -0.0485521
1 12.3965 41.5659 0.078179 -0.0541521
1 13.5066 41.5611 0.0722897 -0.0636527
1 14.6184 41.5576 0.0599505 -0.071747
1 15.731 41.5549 0.0617155 -0.0766016
1 16.8431 41.5529 0.0642038 -0.0800872
1 17.9553 41.5512 0.064309 -0.0821885
1 19.0668 41.5497 0.074439 -0.08344
1 20.1766 41.5486 0.0735409 -0.0862989
1 21.2865 41.5479 0.0390943 -0.0895948
1 22.3977 41.5478 -0.014581 -0.0903429
1 23.5085 41.5482 -0.0632686 -0.0881453
1 24.6182 41.5491 -0.0775484 -0.0846107
1 25.7288 41.5505 -0.0676186 -0.0826494
1 26.8408 41.552 -0.0617678 -0.0810091
1 27.9529 41.554 -0.0620347 -0.0779563
1 29.0653 41.5564 -0.0582124 -0.0743209
1 30.1778 41.5594 -0.0666476 -0.0689824
1 31.2884 41.5634 -0.0803771 -0.0592121
1 32.3982 41.5687 -0.0795799 -0.0498691
1 33.5078 41.5746 -0.0821724 -0.0497538
1 34.6174 41.5792 -0.0735704 -0.0600271
1 35.7289 41.5813 -0.0673378 -0.072646
1 36.8405 41.581 -0.0766662 -0.0810155
1 37.9521 41.5793 -0.0716296 -0.0818598
1 39.0639 41.5777 -0.0756033 -0.0786056
1 40.175 41.5761 -0.0743149 -0.0787271
1 41.2867 41.5741 -0.0723093 -0.0798689
1 42.3986 41.5719 -0.074021 -0.0791286
1 43.5129 41.57 -0.0753952 -0.073866
1 0.725626 42.5321 0.0708255 -0.0751102
1 1.84029 42.5343 0.0705816 -0.0736881
1 2.95234 42.5364 0.0703293 -0.0737773
1 4.06437 42.5388 0.068909 -0.0758911
1 5.17587 42.5407 0.0750668 -0.073337
1 6.28721 42.542 0.0733551 -0.0756656
1 7.3988 42.5438 0.07689 -0.0804757
1 8.51046 42.5449 0.0695951 -0.0729183
1 9.62244 42.5433 0.0694816 -0.0577784
1 10.7329 42.5387 0.0795536 -0.046814
1 11.8428 42.5327 0.0845084 -0.0432761
1 12.9522 42.5265 0.0883524 -0.0474709
1 14.062 42.5213 0.0742411 -0.0561774
1 15.1737 42.5174 0.0643774 -0.064819
1 16.2858 42.5146 0.0653517 -0.0717155
1 17.3979 42.5125 0.0627956 -0.0761181
1 18.5101 42.5108 0.0678794 -0.0781117
1 19.6209 42.5094 0.0762282 -0.0801687
1 20.7308 42.5085 0.0580774 -0.083336
1 21.842 42.5081 0.0118596 -0.0860766
1 22.9538 42.5082 -0.0397482 -0.0849625
1 24.0642 42.5089 -0.0721278 -0.0816807
1 25.1743 42.5102 -0.0724936 -0.0790119
1 26.2859 42.5117 -0.0625712 -0.0770443
1 27.3982 42.5136 -0.0625443 -0.0737689
1 28.5102 42.516 -0.0647962 -0.0686102
1 29.6222 42.5194 -0.069735 -0.0612956
1 30.7329 42.5239 -0.0829533 -0.0514872
1 31.8424 42.5297 -0.0811337 -0.0439618
1 32.9527 42.5358 -0.0795755 -0.0457984
1 34.0624 42.5408 -0.0866349 -0.0538501
1 35.1727 42.5437 -0.0738323 -0.0652449
1 36.2847 42.5439 -0.0674857 -0.0746971
1 37.3969 42.5426 -0.0691803 -0.0790385
1 38.5087 42.541 -0.0729168 -0.0743096
1 39.6198 42.5398 -0.0706684 -0.0726158
1 40.7317 42.5378 -0.066389 -0.0756083
1 41.8433 42.5352 -0.0696218 -0.0772548
1 42.9555 42.5329 -0.0696739 -0.0769935
1 44.0751 42.5319 -0.0695572 -0.0740775
1 0.163082 43.4941 0.066711 -0.0694636
1 1.28281 43.4952 0.0702236 -0.0726261
1 2.39544 43.4978 0.068611 -0.079751
1 3.50716 43.5006 0.0692187 -0.0756915
1 4.61902 43.5025 0.0678569 -0.0749967
1 5.73075 43.5042 0.0699537 -0.0763817
1 6.84263 43.5056 0.0682292 -0.0763501
1 7.95488 43.507 0.0690624 -0.0795577
1 9.06694 43.5075 0.0776695 -0.0716284
1 10.1776 43.5049 0.0836889 -0.0554473
1 11.2882 43.4995 0.0751985 -0.0481141
1 12.3991 43.4933 0.0804482 -0.0466226
1 13.5087 43.4872 0.0867868 -0.049028
1 14.6187 43.4818 0.0786454 -0.0552549
1 15.7296 43.4775 0.0738494 -0.0634828
1 16.8409 43.4743 0.0683737 -0.0719871
1 17.953 43.4721 0.0652992 -0.077812
1 19.0646 43.4705 0.0724922 -0.080396
1 20.175 43.4692 0.0686447 -0.0831326
1 21.2858 43.4685 0.0354098 -0.0864089
1 22.3979 43.4684 -0.0132939 -0.0873967
1 23.5097 43.4688 -0.0583142 -0.0850903
1 24.6202 43.4699 -0.0737079 -0.0815509
1 25.7311 43.4714 -0.0669882 -0.0791265
1 26.8431 43.4733 -0.0636814 -0.0751051
1 27.9549 43.4759 -0.0703476 -0.06771
1 29.0659 43.4797 -0.0754509 -0.0592939
1 30.1764 43.4846 -0.0836466 -0.0518311
1 31.286 43.4904 -0.0868687 -0.0470728
1 32.3961 43.4964 -0.0799421 -0.0487381
1 33.5065 43.5019 -0.0794987 -0.0528166
1 34.6174 43.506 -0.0684717 -0.0610488
1 35.7299 43.5069 -0.067069 -0.0777242
1 36.8417 43.5056 -0.0804384 -0.07916
1 37.9531 43.5046 -0.0750967 -0.0728315
1 39.0648 43.5035 -0.0725035 -0.0768309
1 40.1765 43.5014 -0.067795 -0.0786329
1 41.2884 43.4992 -0.0695364 -0.0754917
1 42.4002 43.4965 -0.0712474 -0.0763631
1 43.5143 43.4943 -0.0734582 -0.0750592
1 0.7241 44.4562 0.0772048 -0.0797973
1 1.83813 44.4584 0.07391 -0.0758419
1 2.94978 44.4616 0.0712898 -0.0768889
1 4.06178 44.4641 0.0684976 -0.076511
1 5.17389 44.466 0.0708264 -0.0743626
1 6.28591 44.4674 0.0741263 -0.0757299
1 7.39792 44.4688 0.0755815 -0.0772172
1 8.51028 44.4702 0.0687618 -0.0767942
1 9.62269 44.4696 0.070343 -0.0646978
1 10.7341 44.4655 0.0757211 -0.0505871
1 11.8453 44.4594 0.0777058 -0.0466554
1 12.956 44.4532 0.0841482 -0.0491296
1 14.0661 44.4477 0.0828437 -0.0509025
1 15.1763 44.4424 0.0831489 -0.0525681
1 16.2863 44.4378 0.0824643 -0.0590088
1 17.3969 44.4342 0.0728419 -0.0682677
1 18.5083 44.4317 0.0718651 -0.0756319
1 19.6191 44.43 0.0749296 -0.0803959
1 20.7297 44.4289 0.054121 -0.0841103
1 21.8417 44.4284 0.0107053 -0.0869134
1 22.9545 44.4286 -0.0363542 -0.0858397
1 24.0658 44.4294 -0.0687464 -0.0823035
1 25.1762 44.4309 -0.0738286 -0.0781456
1 26.2874 44.433 -0.0692972 -0.0721694
1 27.3986 44.436 -0.0765012 -0.0634512
1 28.5087 44.4401 -0.084678 -0.0551131
1 29.6187 44.4452 -0.0840139 -0.051267
1 30.7288 44.4506 -0.0833218 -0.0500283
1 31.8392 44.4564 -0.0772851 -0.0487206
1 32.9506 44.4623 -0.0748518 -0.0499374
1 34.0618 44.4673 -0.0776102 -0.0564875
1 35.1732 44.4696 -0.073929 -0.0715597
1 36.2853 44.4688 -0.0739822 -0.0785297
1 37.3977 44.4677 -0.0683684 -0.0745009
1 38.5102 44.4667 -0.0709182 -0.0754328
1 39.6219 44.465 -0.0700815 -0.0752848
1 40.7341 44.4628 -0.066797 -0.0771449
1 41.8457 44.46 -0.0704534 -0.0774493
1 42.9576 44.4571 -0.0693637 -0.0747294
1 44.0782 44.4548 -0.0667382 -0.076345
1 0.158982 45.4155 0.0705695 -0.0786032
1 1.28015 45.4189 0.0720456 -0.07287
1 2.39188 45.4229 0.0702465 -0.0786877
1 3.5039 45.4258 0.0699864 -0.0787919
1 4.61617 45.4278 0.0671439 -0.0774699
1 5.72881 45.4293 0.0676437 -0.0785401
1 6.84155 45.4307 0.0701166 -0.0796185
1 7.95454 45.4326 0.0684138 -0.0816953
1 9.06721 45.4336 0.0766745 -0.072063
1 10.1788 45.4311 0.0791611 -0.056908
1 11.2907 45.4255 0.0704058 -0.0509049
1 12.4027 45.4193 0.0761893 -0.0495791
1 13.5135 45.4135 0.0808099 -0.0529832
1 14.6242 45.4084 0.0803287 -0.0555657
1 15.7343 45.4036 0.0880504 -0.0545929
1 16.8436 45.3988 0.0881798 -0.0570494
1 17.9535 45.3948 0.0813667 -0.0651028
1 19.0637 45.3918 0.0807344 -0.0741927
1 20.1738 45.39 0.0691924 -0.0810666
1 21.2852 45.389 0.033132 -0.0856913
1 22.3981 45.3889 -0.0125061 -0.0870158
1 23.5107 45.3895 -0.0561368 -0.0838428
1 24.6213 45.3909 -0.0776016 -0.0777918
1 25.7314 45.3933 -0.079607 -0.0697671
1 26.8416 45.3968 -0.0827234 -0.0605264
1 27.9511 45.4013 -0.0889582 -0.054899
1 29.0606 45.4062 -0.0836028 -0.0549603
1 30.1712 45.4111 -0.0792369 -0.0550436
1 31.2819 45.4165 -0.080745 -0.051741
1 32.3931 45.4224 -0.0757706 -0.0509735
1 33.5049 45.4281 -0.0734411 -0.0528799
1 34.6168 45.4323 -0.0712725 -0.0635003
1 35.7294 45.4325 -0.0712119 -0.0830743
1 36.842 45.4306 -0.0733145 -0.0801092
1 37.9549 45.4299 -0.0699098 -0.0723848
1 39.0675 45.4288 -0.0729882 -0.0785539
1 40.1796 45.4268 -0.0711258 -0.0783274
1 41.2918 45.4244 -0.07198 -0.0763321
1 42.4034 45.4214 -0.07623 -0.0768057
1 43.5168 45.4166 -0.0734756 -0.0823971
1 0.720071 46.3774 0.0709753 -0.0831004
1 1.83303 46.3851 0.0759294 -0.0776391
1 2.94504 46.3875 0.0728141 -0.0729404
1 4.05809 46.3897 0.0727757 -0.0824311
1 5.17063 46.3919 0.0732754 -0.0752606
1 6.28369 46.3924 0.0694601 -0.0746759
1 7.39708 46.394 0.0709949 -0.0861493
1 8.51068 46.397 0.0644687 -0.0839059
1 9.6243 46.3967 0.0681691 -0.0615753
1 10.737 46.3917 0.0723885 -0.0476181
1 11.8494 46.3853 0.074847 -0.0492641
1 12.9609 46.3795 0.0799434 -0.0525985
1 14.0718 46.3743 0.0783734 -0.0546483
1 15.1826 46.3697 0.0812902 -0.0566439
1 16.2925 46.3652 0.0892588 -0.056331
1 17.4017 46.3606 0.0911007 -0.0553984
1 18.5108 46.3562 0.0925777 -0.0594483
1 19.6195 46.3527 0.0878007 -0.069174
1 20.7293 46.3506 0.057477 -0.078814
1 21.8416 46.3499 0.0108135 -0.0835193
1 22.9548 46.3502 -0.0370705 -0.0818899
1 24.0659 46.3516 -0.0763205 -0.0744542
1 25.1749 46.3544 -0.0915583 -0.0638429
1 26.2837 46.3585 -0.0903819 -0.0561729
1 27.3929 46.3631 -0.0893732 -0.0555569
1 28.5024 46.3676 -0.0853421 -0.0569535
1 29.6128 46.3721 -0.0797015 -0.0559235
1 30.7237 46.3771 -0.0800027 -0.0533814
1 31.8348 46.3826 -0.0760516 -0.0507999
1 32.947 46.3885 -0.0708567 -0.0487279
1 34.0596 46.394 -0.07332 -0.056267
1 35.1723 46.3962 -0.0724157 -0.0759391
1 36.2854 46.3946 -0.0689499 -0.0822542
1 37.399 46.3929 -0.0666437 -0.0767493
1 38.5125 46.3923 -0.0701533 -0.0761376
1 39.6251 46.3911 -0.0695539 -0.0746608
1 40.7381 46.3889 -0.066399 -0.0788121
1 41.8507 46.3862 -0.0687769 -0.0779252
1 42.9635 46.3821 -0.0681427 -0.0764983
1 44.0835 46.3737 -0.0707023 -0.0791833
1 0.148695 47.3331 0.067344 -0.0729807
1 1.2696 47.3497 0.0700163 -0.0830612
1 2.38484 47.3543 0.068221 -0.0748862
1 3.4994 47.3554 0.0675026 -0.0761442
1 4.61283 47.3584 0.0728611 -0.0827223
1 5.72636 47.3596 0.0697115 -0.0704128
1 6.83962 47.3594 0.07295 -0.0807908
1 7.95321 47.3628 0.0649033 -0.0929306
1 9.06811 47.365 0.0653247 -0.0740095
1 10.1827 47.362 0.0663006 -0.0540608
1 11.2966 47.356 0.0680812 -0.048077
1 12.4088 47.3497 0.0794739 -0.0505343
1 13.5196 47.3444 0.079636 -0.0562808
1 14.6306 47.3399 0.0780131 -0.0581818
1 15.741 47.3355 0.0857397 -0.0581978
1 16.8506 47.3312 0.088419 -0.0592138
1 17.96 47.327 0.0927684 -0.0574259
1 19.0682 47.3225 0.101586 -0.0567615
1 20.1759 47.3186 0.0865723 -0.0644895
1 21.2857 47.3163 0.0399022 -0.0746661
1 22.3979 47.3159 -0.0148221 -0.0774058
1 23.5095 47.3173 -0.0682496 -0.0701856
1 24.6181 47.3206 -0.0984073 -0.0597129
1 25.7258 47.3249 -0.0966605 -0.0562639
1 26.8347 47.3293 -0.0876747 -0.0586513
1 27.9442 47.3334 -0.0866597 -0.0588911
1 29.0541 47.3378 -0.082467 -0.05791
1 30.1649 47.3423 -0.0782223 -0.0573435
1 31.2758 47.3472 -0.0803653 -0.0534329
1 32.3873 47.353 -0.0735731 -0.0500802
1 33.5005 47.3588 -0.0675579 -0.0522723
1 34.6144 47.3631 -0.0660831 -0.0636692
1 35.7293 47.3634 -0.0607002 -0.0830854
1 36.8436 47.3604 -0.0711905 -0.0871971
1 37.9566 47.3592 -0.0723422 -0.0721991
1 39.0705 47.3596 -0.0681358 -0.0754135
1 40.1841 47.3572 -0.0741266 -0.0816519
1 41.2977 47.3548 -0.0701859 -0.0753861
1 42.4124 47.3517 -0.0702638 -0.0789454
1 43.5295 47.3454 -0.0718841 -0.073596
