1 0.542467 0.0140067 0.0663615 -0.0263667
1 1.66221 0.017519 0.0695091 -0.00504401
1 2.78086 0.02493 0.065938 0.00897505
1 3.90088 0.0356015 0.063899 0.00827728
1 5.02241 0.0437808 0.0720369 0.00982259
1 6.14563 0.0507901 0.0758761 -0.00472514
1 7.27058 0.0580774 0.0866809 0.0089452
1 8.39607 0.0661292 0.0795694 0.020222
1 9.51983 0.0762086 0.0518672 0.0230602
1 10.6423 0.0823187 0.0283104 0.0182999
1 11.7645 0.0864093 0.030324 -0.0015999
1 12.8874 0.0950175 0.0401041 -0.00246872
1 14.0111 0.105483 0.0341872 0.00648967
1 15.1339 0.114448 0.0163919 -0.00762576
1 16.2539 0.120786 0.00590636 -0.0119876
1 17.3728 0.12711 0.00518212 -0.0108837
1 18.4916 0.134924 0.00538074 -0.026663
1 19.6098 0.140754 -0.00271857 -0.0592625
1 20.7265 0.146706 -0.00820283 -0.0919422
1 21.841 0.152016 -0.00341155 -0.108008
1 22.9551 0.149574 0.00415433 -0.105786
1 24.0706 0.142398 0.00697486 -0.0805072
1 25.1887 0.136364 -0.00111133 -0.0425448
1 26.308 0.129198 -0.00657287 -0.0144341
1 27.4272 0.123485 -0.00255977 -0.000672758
1 28.5467 0.119743 -0.00746986 -0.00647615
1 29.6675 0.111707 -0.0258613 -0.00480694
1 30.7901 0.100891 -0.038829 0.000282129
1 31.913 0.0904656 -0.0359358 -0.010545
1 33.0357 0.0831834 -0.0262733 0.00437095
1 34.1584 0.0792742 -0.0349469 0.0260548
1 35.2815 0.0723062 -0.0607908 0.0224611
1 36.4063 0.0623036 -0.0800928 0.0135103
1 37.5314 0.0546365 -0.0831651 0.00529054
1 38.6554 0.0474366 -0.0752239 -0.00227887
1 39.7783 0.038965 -0.0721136 0.0096334
1 40.8995 0.0307443 -0.0669244 0.0104801
1 42.0196 0.0218838 -0.0653704 0.00659593
1 43.1394 0.0161622 -0.0662547 -0.0200445
1 44.2628 0.0218269 -0.0665513 -0.0445515
1 -0.0205162 0.9812 0.0405926 -0.0472784
1 1.10137 0.982451 0.0510629 -0.0169903
1 2.21736 0.98792 0.0556979 0.00336689
1 3.33487 0.996556 0.0641429 0.0107799
1 4.45544 1.0056 0.0730271 0.00751402
1 5.57746 1.01235 0.080246 0.00587702
1 6.70088 1.01875 0.0776929 0.00586096
1 7.82634 1.02586 0.0718992 0.0154852
1 8.95108 1.03519 0.0613643 0.0253293
1 10.0755 1.0437 0.0422155 0.0263385
1 11.1989 1.04985 0.0419968 0.0105388
1 12.3199 1.05625 0.0424446 0.00446288
1 13.4424 1.0648 0.0339354 0.00252909
1 14.5662 1.07446 0.0278713 -0.00195723
1 15.6882 1.08272 0.016824 -0.00528096
1 16.8088 1.08944 0.00638898 -0.00610797
1 17.9288 1.09666 0.0198615 -0.0214856
1 19.0479 1.10399 0.027766 -0.0478065
1 20.1652 1.11037 0.0143626 -0.0743652
1 21.2816 1.11626 0.0103721 -0.0901566
1 22.3986 1.11774 -0.00163776 -0.0978359
1 23.5157 1.11277 -0.0185796 -0.0877224
1 24.6327 1.10561 -0.020382 -0.0619678
1 25.7518 1.09833 -0.0186117 -0.034474
1 26.8716 1.09157 -0.0123046 -0.00694173
1 27.992 1.08699 -0.00913202 0.00184678
1 29.1136 1.08053 -0.0247328 -0.00303582
1 30.2356 1.07116 -0.0399139 0.00045092
1 31.3579 1.061 -0.0395853 -0.00303056
1 32.48 1.05216 -0.0374986 0.000698362
1 33.602 1.04596 -0.0422157 0.0194668
1 34.7257 1.03998 -0.0543746 0.0318969
1 35.8502 1.03133 -0.0705873 0.0222
1 36.9746 1.02289 -0.0787251 0.0118958
1 38.099 1.01581 -0.0723632 0.00325132
1 39.2227 1.00869 -0.0674756 0.000463271
1 40.3443 1.00071 -0.0629494 0.0100127
1 41.4636 0.992646 -0.0523836 0.00731049
1 42.5808 0.985831 -0.0434756 -0.0124321
1 43.6974 0.983903 -0.0419153 -0.0246966
1 0.540287 1.94409 0.0306637 -0.0297987
1 1.65654 1.94794 0.0381332 -0.0172158
1 2.7722 1.95487 0.0457094 -0.0052653
1 3.89054 1.96255 0.0544094 0.00418356
1 5.0116 1.96965 0.0657787 0.00443591
1 6.13466 1.97544 0.0638876 0.00545417
1 7.25917 1.98129 0.0658015 0.0106544
1 8.38336 1.9897 0.0700061 0.0142167
1 9.50704 1.99828 0.0529647 0.0261954
1 10.6316 2.00554 0.0447027 0.022612
1 11.7545 2.01345 0.0500723 0.0135561
1 12.8766 2.02101 0.0500477 0.00706861
1 13.999 2.02951 0.0447264 -0.00168692
1 15.1213 2.03826 0.023001 -0.00331616
1 16.2432 2.04519 0.0138506 -0.00128496
1 17.365 2.05213 0.0247557 -0.0162746
1 18.486 2.06089 0.0397057 -0.0431451
1 19.6049 2.0692 0.0390937 -0.0615795
1 20.7219 2.07507 0.0264492 -0.069087
1 21.84 2.07771 0.00512988 -0.0719772
1 22.9591 2.07626 -0.0184548 -0.0746392
1 24.0765 2.07115 -0.033037 -0.071505
1 25.1942 2.06323 -0.0421789 -0.0566841
1 26.3143 2.05486 -0.0354325 -0.0281164
1 27.4355 2.04846 -0.0166851 -0.00023102
1 28.5575 2.04294 -0.0119 0.00209088
1 29.6799 2.0356 -0.0294303 -0.00251302
1 30.8021 2.02638 -0.0440114 -0.000506284
1 31.9244 2.01703 -0.0473478 0.00653137
1 33.0468 2.009 -0.0527488 0.014073
1 34.1698 2.00194 -0.0547275 0.0270408
1 35.294 1.99447 -0.0603583 0.0251883
1 36.4183 1.98616 -0.0682837 0.0157624
1 37.5428 1.97917 -0.066857 0.00729792
1 38.6663 1.97281 -0.0680699 0.00015762
1 39.7885 1.96555 -0.0668711 -0.00107127
1 40.908 1.95834 -0.0594948 0.00200094
1 42.025 1.95189 -0.0454838 -0.00525775
1 43.1404 1.94724 -0.04208 -0.0174693
1 44.2624 1.94457 -0.0383397 -0.0343055
1 -0.0233506 2.90552 0.0411775 -0.0321326
1 1.09712 2.90917 0.0332672 -0.0252436
1 2.2122 2.91455 0.0356953 -0.0106784
1 3.32907 2.92096 0.0485602 -0.00348515
1 4.44841 2.9273 0.0538258 -0.000170073
1 5.57092 2.93318 0.0564629 0.00131208
1 6.69416 2.93861 0.0654004 0.00563068
1 7.81705 2.94554 0.0684412 0.00465831
1 8.94007 2.95354 0.0600149 0.0200456
1 10.0637 2.96054 0.0546311 0.0253983
1 11.1866 2.96854 0.061376 0.017471
1 12.3093 2.97757 0.0668573 0.0157401
1 13.4327 2.98555 0.0597126 0.00899362
1 14.5561 2.99364 0.0340934 0.000335749
1 15.6786 3.00103 0.013459 0.00107254
1 16.8004 3.00714 0.0259638 -0.0125347
1 17.922 3.01562 0.0488442 -0.0358545
1 19.043 3.02625 0.0557207 -0.0544096
1 20.1624 3.03437 0.0365255 -0.0564345
1 21.2809 3.03733 0.0149991 -0.0481071
1 22.3997 3.03759 -0.00572332 -0.0482826
1 23.5185 3.0356 -0.0263193 -0.0558549
1 24.6369 3.0293 -0.0483147 -0.0599693
1 25.7568 3.01949 -0.0530471 -0.0468074
1 26.8785 3.01048 -0.0359828 -0.0215455
1 28.0006 3.00434 -0.0158358 -0.0017069
1 29.123 2.99851 -0.0219755 0.00425854
1 30.2456 2.99109 -0.0515794 0.00449756
1 31.3681 2.9821 -0.0656206 0.00861379
1 32.4909 2.97284 -0.0559337 0.0142297
1 33.6142 2.96453 -0.0482513 0.0200993
1 34.7377 2.95686 -0.052878 0.0228901
1 35.8613 2.94953 -0.0639456 0.0168292
1 36.9846 2.94252 -0.0623967 0.00959909
1 38.1081 2.93649 -0.0590356 0.00505199
1 39.2308 2.93019 -0.0557999 -0.00198493
1 40.351 2.92444 -0.0568211 -0.00399341
1 41.4686 2.91777 -0.0415129 -0.0107025
1 42.5847 2.91213 -0.0268488 -0.0137684
1 43.7015 2.90894 -0.0230284 -0.0262984
1 0.53714 3.87222 0.0252699 -0.0163909
1 1.65389 3.87543 0.0242928 -0.0153239
1 2.76986 3.8813 0.0402054 -0.00959689
1 3.8874 3.88688 0.0528166 -0.00108444
1 5.0074 3.89204 0.0570347 -0.000568873
1 6.12943 3.8977 0.0604213 0.000556434
1 7.25198 3.90367 0.0642057 0.00642305
1 8.37437 3.91015 0.052882 0.014719
1 9.49705 3.91652 0.0437234 0.0174186
1 10.6192 3.92405 0.0479931 0.019278
1 11.742 3.93306 0.0551653 0.0148498
1 12.866 3.94163 0.0677688 0.0190719
1 13.9905 3.949 0.0616601 0.0152206
1 15.1143 3.95683 0.0300695 0.00483712
1 16.2364 3.96352 0.0269245 -0.00776456
1 17.3576 3.97055 0.0471565 -0.033012
1 18.4792 3.98088 0.0523854 -0.0483865
1 19.6008 3.99142 0.0467978 -0.0475002
1 20.7214 3.99747 0.0254018 -0.0362815
1 21.8405 3.99883 0.00184948 -0.0241416
1 22.9591 3.99818 -0.0127747 -0.0266742
1 24.0791 3.99403 -0.0339727 -0.04808
1 25.2 3.98499 -0.0528447 -0.0548212
1 26.3212 3.97474 -0.052755 -0.0385306
1 27.4428 3.9667 -0.0310657 -0.0177719
1 28.5647 3.96055 -0.0229235 0.00228743
1 29.6874 3.95414 -0.0415407 0.0105725
1 30.8118 3.94654 -0.0644422 0.0167215
1 31.936 3.93781 -0.0696974 0.0141033
1 33.0589 3.92849 -0.0648943 0.0140838
1 34.1812 3.92043 -0.0551433 0.0188085
1 35.3036 3.91319 -0.0557021 0.0161781
1 36.4259 3.9067 -0.0621271 0.0133613
1 37.5483 3.90082 -0.0627428 0.00880935
1 38.6702 3.8952 -0.0597787 -4.72165e-05
1 39.7914 3.88978 -0.0526975 -0.00170636
1 40.911 3.88455 -0.0434818 -0.00900132
1 42.0279 3.87893 -0.0347397 -0.0148807
1 43.143 3.87435 -0.0280413 -0.016294
1 44.2641 3.87124 -0.0349268 -0.0230472
1 -0.023802 4.83702 0.0257409 -0.0165355
1 1.09648 4.83843 0.0258914 -0.0114576
1 2.2116 4.84243 0.0354313 -0.0162743
1 3.32868 4.84746 0.0486988 -0.00617629
1 4.44764 4.85225 0.0590072 -0.00539419
1 5.56821 4.85732 0.0621828 0.00176839
1 6.69021 4.86288 0.0599605 0.0073859
1 7.81223 4.86789 0.0525509 0.0168853
1 8.93407 4.87356 0.0493186 0.0135611
1 10.0545 4.88095 0.0505207 0.0131219
1 11.1752 4.88849 0.059399 0.0196007
1 12.2985 4.89678 0.0672341 0.0229563
1 13.4236 4.90443 0.0681447 0.0232861
1 14.5485 4.91148 0.056992 0.0179087
1 15.6718 4.91911 0.0376051 0.00724467
1 16.7935 4.92647 0.0418965 -0.0154113
1 17.915 4.93542 0.0504788 -0.0369075
1 19.0364 4.94602 0.0431714 -0.0433652
1 20.1582 4.95497 0.0236402 -0.0302119
1 21.28 4.95926 0.00649242 -0.00353831
1 22.4002 4.95983 -0.00106089 0.0070659
1 23.521 4.95693 -0.0154142 -0.0178358
1 24.6426 4.9498 -0.0329039 -0.0437453
1 25.7638 4.93976 -0.0429601 -0.0400985
1 26.8854 4.9303 -0.0481387 -0.0231597
1 28.0075 4.92298 -0.0391294 -0.0018924
1 29.1299 4.91633 -0.0504834 0.0170596
1 30.2532 4.90906 -0.0679604 0.0212613
1 31.3775 4.90147 -0.0637181 0.0190821
1 32.5021 4.893 -0.0506751 0.0154096
1 33.6247 4.88448 -0.0410947 0.0171506
1 34.746 4.87723 -0.0424559 0.0156349
1 35.8671 4.87079 -0.0526671 0.016166
1 36.9888 4.86543 -0.0555573 0.0101532
1 38.1112 4.85975 -0.0556474 0.00620828
1 39.2328 4.85469 -0.0533153 0.00122074
1 40.3525 4.85023 -0.0467799 -0.00787224
1 41.4705 4.84556 -0.0401876 -0.00762376
1 42.5866 4.84098 -0.0336502 -0.0146298
1 43.7029 4.83794 -0.0308816 -0.0129881
1 0.5378 5.80377 0.0274116 -0.0154575
1 1.65396 5.80532 0.0336624 -0.0123548
1 2.77002 5.80926 0.0386077 -0.0107735
1 3.88826 5.81399 0.0483842 -0.00616997
1 5.00785 5.8184 0.0513806 0.00208652
1 6.12943 5.82307 0.0540935 0.00774093
1 7.25188 5.82836 0.0582267 0.0188353
1 8.3727 5.83313 0.0560864 0.0150333
1 9.49168 5.83976 0.0439674 0.0133818
1 10.6114 5.84644 0.0361766 0.0261846
1 11.7337 5.85321 0.0440313 0.0216664
1 12.8582 5.86091 0.0631709 0.0213434
1 13.9824 5.8681 0.0698772 0.0274829
1 15.1054 5.87487 0.0573491 0.0214352
1 16.2277 5.88257 0.0497766 0.0114029
1 17.35 5.89148 0.0529032 -0.00933248
1 18.4723 5.90193 0.0419214 -0.0260393
1 19.594 5.91164 0.0160069 -0.0219352
1 20.7167 5.91829 -0.00698562 0.00160393
1 21.8399 5.92056 -0.00172461 0.0283252
1 22.9624 5.91951 0.0101686 0.0161148
1 24.0853 5.91464 -0.00805242 -0.0142892
1 25.2069 5.90608 -0.0353356 -0.0246657
1 26.3279 5.89597 -0.0543797 -0.0171759
1 27.4502 5.8867 -0.0476563 0.000964482
1 28.573 5.87938 -0.0413957 0.0193922
1 29.6958 5.87257 -0.0541737 0.0247867
1 30.8199 5.86554 -0.0661912 0.0255341
1 31.9442 5.85776 -0.0638002 0.0212941
1 33.0672 5.8498 -0.0530596 0.0227739
1 34.1875 5.84304 -0.0478929 0.0204282
1 35.3074 5.8365 -0.0489877 0.0152046
1 36.4276 5.83081 -0.0528055 0.0176254
1 37.5495 5.82565 -0.0576559 0.0105209
1 38.671 5.82052 -0.0599582 0.00570045
1 39.7916 5.81631 -0.0562609 -0.00211099
1 40.9108 5.81184 -0.0576795 -0.00436796
1 42.0279 5.80828 -0.0438321 -0.0100659
1 43.143 5.80513 -0.0406193 -0.0131321
1 44.2626 5.80396 -0.0425435 -0.0119288
1 -0.0194221 6.77121 0.0521566 -0.00982466
1 1.09969 6.77134 0.0459139 -0.0123013
1 2.21407 6.77345 0.0526641 -0.00349297
1 3.33109 6.77704 0.0595672 -0.00401627
1 4.4503 6.78125 0.0620152 0.00380863
1 5.57104 6.78551 0.0641801 0.00695448
1 6.69241 6.7903 0.0622152 0.0135343
1 7.8132 6.79518 0.0567751 0.0172218
1 8.93246 6.80141 0.0468045 0.0181793
1 10.0512 6.80724 0.0373074 0.0274759
1 11.1707 6.81248 0.0456027 0.0288525
1 12.2928 6.81933 0.0586121 0.0207171
1 13.4166 6.82676 0.05669 0.0230209
1 14.5403 6.83317 0.051374 0.0287797
1 15.6625 6.83974 0.0471683 0.0216002
1 16.7844 6.84796 0.0511821 0.0113354
1 17.9067 6.85857 0.0557249 0.00308289
1 19.0292 6.86913 0.032979 0.000194919
1 20.1523 6.87695 -0.0078814 0.00544654
1 21.2767 6.88077 -0.0183235 0.0253547
1 22.4009 6.88108 0.0120496 0.031173
1 23.5258 6.87855 0.0211195 0.0122297
1 24.6497 6.87245 -0.00987812 0.00273209
1 25.7717 6.86353 -0.0457613 0.00145931
1 26.8944 6.85304 -0.0605914 0.00441003
1 28.0169 6.84404 -0.0517996 0.0192617
1 29.1388 6.83724 -0.0524383 0.0276895
1 30.2608 6.83072 -0.0581943 0.0278357
1 31.3839 6.82409 -0.0542256 0.0234342
1 32.5072 6.81657 -0.0403307 0.0235992
1 33.6289 6.80984 -0.0295687 0.0259233
1 34.7482 6.80391 -0.0383521 0.0185281
1 35.867 6.7982 -0.0550827 0.0202059
1 36.9871 6.7928 -0.056696 0.0150452
1 38.1091 6.78775 -0.0559802 0.00888741
1 39.2305 6.78338 -0.0555243 0.00470473
1 40.3501 6.77938 -0.0541925 -0.00379799
1 41.4681 6.77529 -0.0443526 -0.00775355
1 42.5852 6.77236 -0.0360589 -0.00656558
1 43.702 6.77176 -0.0348863 -0.0117456
1 0.542235 7.7384 0.0447126 -0.00759904
1 1.65867 7.7386 0.0409947 -0.00441711
1 2.775 7.74081 0.0531066 0.000472981
1 3.89287 7.74481 0.0630918 0.00603972
1 5.01185 7.74838 0.0678643 0.0109123
1 6.13274 7.75294 0.0693121 0.0159831
1 7.25468 7.75804 0.0627337 0.0210222
1 8.37416 7.76376 0.0524955 0.0250174
1 9.49235 7.76915 0.0324033 0.031807
1 10.6111 7.77408 0.0240839 0.0390238
1 11.7315 7.78016 0.0362522 0.028192
1 12.8537 7.7868 0.0480702 0.0278353
1 13.9766 7.79262 0.0466336 0.0319708
1 15.0978 7.79849 0.0501742 0.0278326
1 16.2184 7.80574 0.0573993 0.0265616
1 17.3401 7.81538 0.0586419 0.0255896
1 18.4636 7.82584 0.0419607 0.0337556
1 19.5879 7.83459 0.0105019 0.0363188
1 20.7131 7.84026 -0.0170874 0.0295166
1 21.839 7.84187 -0.00860993 0.0354266
1 22.9645 7.84094 0.0163634 0.0291422
1 24.0901 7.83692 0.00705779 0.0292577
1 25.2144 7.8299 -0.0333362 0.0370789
1 26.3374 7.82071 -0.0555591 0.0258879
1 27.4601 7.81057 -0.0515441 0.027846
1 28.5816 7.80265 -0.0436514 0.0298484
1 29.7028 7.79636 -0.0402208 0.0313756
1 30.8251 7.79055 -0.0482344 0.0351704
1 31.9477 7.78413 -0.0579429 0.0279383
1 33.0686 7.77722 -0.0465754 0.0345001
1 34.1873 7.77187 -0.037718 0.0318434
1 35.3058 7.7661 -0.0410562 0.0294782
1 36.4247 7.76087 -0.0515258 0.0229105
1 37.5451 7.75584 -0.063324 0.0179719
1 38.6663 7.75084 -0.0633299 0.00950953
1 39.7872 7.74645 -0.0584352 0.0092614
1 40.9068 7.74268 -0.0634832 -0.00152114
1 42.024 7.73943 -0.054075 -0.00180905
1 43.1389 7.73858 -0.0428077 -0.00687727
1 44.2583 7.7402 -0.0541787 -0.0105798
1 -0.0143849 8.7069 0.0565969 -0.00437299
1 1.10529 8.70525 0.0478258 0.000238684
1 2.22005 8.70627 0.056704 0.00187199
1 3.33666 8.70898 0.0688394 0.00905331
1 4.45594 8.71291 0.0675906 0.0173268
1 5.57619 8.71765 0.0685196 0.0204549
1 6.69725 8.72226 0.0646864 0.0251825
1 7.8175 8.72783 0.0506737 0.0348449
1 8.9363 8.73312 0.0351156 0.040813
1 10.0539 8.73853 0.0318132 0.0432825
1 11.1715 8.74378 0.0417688 0.040289
1 12.2917 8.75007 0.0494289 0.0401527
1 13.4139 8.75483 0.043808 0.0407095
1 14.5353 8.76014 0.0427922 0.0331357
1 15.6549 8.76666 0.039636 0.0320133
1 16.7755 8.77473 0.0384675 0.0396907
1 17.8982 8.78421 0.0413407 0.0541565
1 19.0223 8.7929 0.0309055 0.0665209
1 20.1474 8.79966 0.00487258 0.0574887
1 21.2742 8.80298 -0.00891907 0.0457024
1 22.4018 8.80313 0.008111 0.0438304
1 23.5294 8.80129 0.00822181 0.0470577
1 24.6552 8.79593 -0.0171622 0.0586957
1 25.7793 8.7887 -0.0366066 0.0618326
1 26.9032 8.77977 -0.0494216 0.0492318
1 28.0247 8.77106 -0.0509008 0.0374763
1 29.1447 8.76408 -0.0435944 0.0293712
1 30.2647 8.75785 -0.0354222 0.0368393
1 31.3864 8.75293 -0.0339907 0.0411056
1 32.5084 8.74711 -0.0328835 0.0412462
1 33.628 8.74142 -0.0230676 0.0441221
1 34.7454 8.73588 -0.0320761 0.0372429
1 35.8627 8.73042 -0.0461415 0.0371009
1 36.9827 8.72478 -0.0588341 0.0337244
1 38.1045 8.72 -0.0669442 0.0209906
1 39.2249 8.71517 -0.0743396 0.0148518
1 40.3436 8.71107 -0.0660715 0.0117474
1 41.4616 8.70775 -0.0569595 0.00482664
1 42.5776 8.70597 -0.045959 -0.000572425
1 43.6941 8.70704 -0.0470193 0.0014639
1 0.549565 9.67412 0.0489509 0.00865604
1 1.66586 9.67344 0.0500959 0.00851901
1 2.78204 9.67554 0.0617249 0.00884549
1 3.89926 9.67895 0.0724075 0.012751
1 5.01755 9.68368 0.0751176 0.0184523
1 6.13833 9.68822 0.071067 0.0305757
1 7.26001 9.69337 0.0583493 0.0379702
1 8.37938 9.69863 0.0442789 0.0459909
1 9.4962 9.70462 0.0268083 0.0466111
1 10.6133 9.71017 0.0162169 0.04933
1 11.7326 9.71531 0.0260349 0.0463153
1 12.8544 9.7196 0.0391519 0.0467389
1 13.9752 9.72415 0.0425742 0.0347049
1 15.0941 9.73021 0.0418329 0.0279682
1 16.2135 9.73724 0.0359712 0.0443911
1 17.3348 9.74546 0.0299048 0.0634814
1 18.4581 9.75354 0.0300217 0.0777896
1 19.5823 9.76019 0.0171296 0.0759533
1 20.7086 9.76408 -0.00353844 0.0627029
1 21.8376 9.76486 -0.00147302 0.0590103
1 22.967 9.76443 0.00583398 0.0579534
1 24.095 9.76226 -0.010081 0.0670024
1 25.2196 9.75697 -0.0292275 0.079105
1 26.3429 9.74941 -0.0250003 0.0705445
1 27.4658 9.74159 -0.0275332 0.0584806
1 28.5866 9.73443 -0.032064 0.0344668
1 29.7059 9.72767 -0.0383253 0.0290932
1 30.8253 9.72227 -0.0492462 0.0419177
1 31.9468 9.71787 -0.0505879 0.045008
1 33.0668 9.71305 -0.0357384 0.0498511
1 34.1844 9.70788 -0.0285961 0.0491683
1 35.3015 9.70183 -0.0379096 0.043943
1 36.4193 9.69553 -0.0489827 0.0397712
1 37.539 9.69056 -0.0617427 0.0353851
1 38.6601 9.68629 -0.0736251 0.0288134
1 39.7797 9.68169 -0.0743869 0.0153367
1 40.8981 9.67755 -0.0771211 0.0113482
1 42.0144 9.67526 -0.0622478 0.00858958
1 43.1288 9.67421 -0.0524094 0.00551377
1 44.2481 9.6776 -0.0650395 0.0116872
1 -0.00300454 10.6454 0.0701722 0.0239775
1 1.11534 10.6428 0.0541642 0.0137535
1 2.22909 10.6435 0.0664675 0.0131531
1 3.34512 10.6465 0.0821613 0.014012
1 4.46328 10.6508 0.0777047 0.0246085
1 5.58299 10.6551 0.0692662 0.0385387
1 6.70335 10.6597 0.0599107 0.0438397
1 7.82305 10.665 0.0394729 0.0498581
1 8.94078 10.6708 0.0232056 0.053731
1 10.0577 10.6771 0.0220526 0.0556251
1 11.1752 10.6822 0.0366802 0.0536248
1 12.2952 10.6858 0.0557807 0.0464083
1 13.416 10.6895 0.0524575 0.039101
1 14.5354 10.6954 0.036445 0.0300937
1 15.6541 10.7021 0.0204366 0.0423707
1 16.7742 10.7092 0.00947437 0.0699572
1 17.8956 10.7164 0.0191434 0.0842338
1 19.0183 10.7226 0.0253265 0.0832185
1 20.1439 10.7262 0.00791835 0.0770203
1 21.2724 10.7263 -0.00328832 0.0745296
1 22.4021 10.726 0.00457249 0.0735173
1 23.532 10.7264 0.000595769 0.0738097
1 24.6588 10.7247 -0.0170315 0.0801828
1 25.7822 10.7196 -0.0182043 0.0857502
1 26.905 10.7125 -0.0171235 0.0788911
1 28.0263 10.7056 -0.0232281 0.0595904
1 29.1455 10.6991 -0.030808 0.0357936
1 30.2639 10.6931 -0.0431361 0.0341607
1 31.3836 10.6883 -0.0467603 0.0418594
1 32.5047 10.6846 -0.0332518 0.0467982
1 33.6241 10.6797 -0.0157226 0.0503047
1 34.7414 10.6741 -0.0198187 0.0558514
1 35.858 10.6682 -0.0387514 0.0532159
1 36.9762 10.6622 -0.058707 0.048138
1 38.0972 10.6567 -0.0673672 0.0395312
1 39.2177 10.6532 -0.0719152 0.0322796
1 40.336 10.6491 -0.077469 0.0228585
1 41.4525 10.6456 -0.0692076 0.00913551
1 42.5681 10.6436 -0.0590077 0.0118134
1 43.6833 10.644 -0.0659527 0.0226425
1 0.560452 11.6138 0.0653274 0.0329849
1 1.67566 11.6137 0.0565896 0.0194604
1 2.79091 11.6153 0.0649973 0.0186057
1 3.90771 11.6187 0.0701696 0.0321551
1 5.02631 11.6226 0.0678825 0.0425562
1 6.14675 11.6274 0.0596192 0.0463119
1 7.26748 11.6324 0.0425454 0.0567364
1 8.38613 11.638 0.0249195 0.0594418
1 9.50256 11.6438 0.0161219 0.0535794
1 10.6194 11.6495 0.0169841 0.0444532
1 11.739 11.6532 0.0403223 0.0411197
1 12.8603 11.6568 0.0558913 0.0352159
1 13.9798 11.6619 0.0385007 0.0329578
1 15.0972 11.6682 0.0240186 0.0428372
1 16.2155 11.6751 0.012957 0.0657382
1 17.3356 11.6817 0.00701123 0.0866229
1 18.4574 11.6868 0.0169617 0.0872757
1 19.5821 11.6894 0.00833497 0.0747893
1 20.7096 11.6893 -0.00842315 0.076454
1 21.838 11.6883 -0.00434807 0.0849764
1 22.9663 11.6886 0.00954033 0.0798048
1 24.0947 11.6894 0.00398379 0.0772141
1 25.2202 11.6883 -0.0205928 0.0844389
1 26.3427 11.6842 -0.0179032 0.0847853
1 27.4637 11.6781 -0.00376476 0.076507
1 28.5835 11.6715 -0.00752055 0.0544609
1 29.7014 11.6653 -0.0236569 0.0379797
1 30.8198 11.6599 -0.0495882 0.0340476
1 31.9405 11.6554 -0.0604855 0.0397469
1 33.0612 11.6518 -0.0410865 0.043316
1 34.1791 11.6469 -0.0243933 0.0507672
1 35.2959 11.6411 -0.0185429 0.056583
1 36.4135 11.6352 -0.0314485 0.0556626
1 37.5324 11.6299 -0.0526824 0.0478482
1 38.6522 11.6251 -0.0699801 0.0477151
1 39.7722 11.6207 -0.0768515 0.0396746
1 40.8907 11.6176 -0.0870798 0.0246469
1 42.0066 11.6149 -0.0862612 0.0215846
1 43.1197 11.6144 -0.0812608 0.0217261
1 44.2369 11.6143 -0.098892 0.0355726
1 0.00888751 12.5877 0.0954294 0.0435919
1 1.12461 12.5864 0.0837475 0.0300439
1 2.23771 12.5862 0.0824764 0.0269143
1 3.35398 12.5883 0.0783172 0.0301925
1 4.47263 12.5915 0.0687183 0.035598
1 5.59196 12.596 0.0625607 0.0430842
1 6.71259 12.6011 0.0453085 0.0507082
1 7.83208 12.6056 0.0310903 0.0457749
1 8.94929 12.6112 0.0279355 0.0373196
1 10.0658 12.6165 0.0326591 0.0311519
1 11.184 12.6204 0.0440215 0.0257411
1 12.3047 12.6237 0.0632322 0.0175151
1 13.4256 12.6291 0.049981 0.0183516
1 14.5432 12.6355 0.0225752 0.0298726
1 15.6592 12.6421 0.0072994 0.0457389
1 16.7782 12.648 0.00104575 0.0596414
1 17.8995 12.6522 0.0140066 0.067253
1 19.0225 12.6536 0.0153778 0.0612593
1 20.1482 12.6532 -0.00908134 0.0520353
1 21.275 12.6519 -0.0154503 0.0573618
1 22.401 12.6515 0.00580452 0.06001
1 23.5276 12.6525 0.0205391 0.055344
1 24.6542 12.6533 0.00345322 0.05679
1 25.7787 12.653 -0.0167465 0.0664261
1 26.9012 12.6501 -0.00799447 0.0623272
1 28.0216 12.6445 -0.00688744 0.0507272
1 29.139 12.6383 -0.0202872 0.0382863
1 30.255 12.6325 -0.0343194 0.0268922
1 31.3741 12.6268 -0.0576359 0.0202954
1 32.4952 12.6227 -0.0518259 0.019283
1 33.6154 12.6187 -0.0279091 0.0246622
1 34.7326 12.6139 -0.021687 0.0348726
1 35.849 12.6085 -0.0247094 0.0434501
1 36.9676 12.6035 -0.0388054 0.0527212
1 38.0888 12.5986 -0.0547092 0.0487963
1 39.2094 12.5935 -0.0624688 0.0392809
1 40.3279 12.5901 -0.0694761 0.0353481
1 41.4454 12.5874 -0.0711255 0.0232985
1 42.5612 12.5869 -0.0678783 0.0264391
1 43.677 12.5871 -0.0851492 0.0331329
1 0.56932 13.5621 0.0790548 0.0371572
1 1.68506 13.5594 0.0633207 0.0376079
1 2.8005 13.5591 0.0639063 0.0340132
1 3.91727 13.561 0.0617811 0.0413397
1 5.03553 13.5647 0.0553274 0.0464144
1 6.15616 13.5687 0.0497369 0.0495692
1 7.27796 13.5729 0.0473804 0.0422976
1 8.39663 13.5777 0.0358733 0.0305416
1 9.51331 13.582 0.0273393 0.0207558
1 10.6311 13.5855 0.0291209 0.0120337
1 11.7513 13.5894 0.0507414 0.00837618
1 12.8719 13.5946 0.0525802 0.00561095
1 13.9899 13.6012 0.0336132 0.01019
1 15.105 13.6077 0.021358 0.0281965
1 16.2222 13.6126 0.0067539 0.0340915
1 17.3433 13.6155 0.00190644 0.0372878
1 18.4668 13.6163 0.00495222 0.0421203
1 19.5907 13.6154 -0.00981941 0.028118
1 20.715 13.6142 -0.0241191 0.0183356
1 21.8391 13.6135 -0.0100528 0.0167323
1 22.9628 13.6136 0.0165612 0.0181462
1 24.087 13.6147 0.0196823 0.0213333
1 25.211 13.6158 -0.00229906 0.0328924
1 26.3344 13.6159 -0.00674454 0.0394871
1 27.4563 13.6139 0.00733542 0.0349225
1 28.576 13.6099 -0.00287574 0.0310398
1 29.6917 13.604 -0.0158387 0.0211862
1 30.8085 13.5974 -0.0385029 0.0110383
1 31.929 13.592 -0.0636309 0.00930154
1 33.0497 13.5879 -0.0554428 0.0104534
1 34.1678 13.5843 -0.0419752 0.0175241
1 35.2847 13.58 -0.0396633 0.0255702
1 36.4024 13.5753 -0.0398145 0.0384798
1 37.5222 13.5709 -0.0419564 0.0494471
1 38.643 13.5668 -0.0496172 0.0496338
1 39.7626 13.5628 -0.0604098 0.0448362
1 40.8818 13.56 -0.0677576 0.0386899
1 41.9983 13.5595 -0.071881 0.03838
1 43.1118 13.5614 -0.0712445 0.0363775
1 44.2267 13.5651 -0.0881263 0.0285576
1 0.0242099 14.5432 0.0729785 0.0296414
1 1.1384 14.5359 0.0575827 0.0424693
1 2.25036 14.5326 0.0630651 0.0477943
1 3.36561 14.5326 0.0595048 0.050803
1 4.48349 14.534 0.0489074 0.0504891
1 5.6032 14.5374 0.0506579 0.0507502
1 6.72407 14.5406 0.0508261 0.0351936
1 7.8444 14.5441 0.0465396 0.0247371
1 8.9628 14.5474 0.0381947 0.0186948
1 10.0801 14.5502 0.0386191 0.0133122
1 11.1974 14.5537 0.0539293 0.0031251
1 12.3166 14.559 0.0592919 0.00105877
1 13.4358 14.5654 0.0414727 0.0020771
1 14.5521 14.5716 0.016221 0.00789542
1 15.669 14.5756 -0.0052394 0.0199119
1 16.7899 14.577 -0.0116619 0.0200916
1 17.9128 14.577 -0.00143807 0.0162074
1 19.0352 14.5759 -0.00404547 0.00749053
1 20.1569 14.5748 -0.0179946 -0.0092453
1 21.2786 14.5738 -0.0181071 -0.0205502
1 22.3998 14.5735 0.00805911 -0.0237716
1 23.5213 14.5745 0.0225873 -0.0170704
1 24.643 14.5752 0.0146429 -0.00489437
1 25.7657 14.5762 0.00684116 0.0124281
1 26.8889 14.5769 0.00375605 0.0197556
1 28.0105 14.5762 -0.00349179 0.0228331
1 29.1286 14.5735 -0.0173538 0.0155198
1 30.2436 14.5679 -0.0260767 0.00150974
1 31.3612 14.5617 -0.0411075 0.000453022
1 32.482 14.5564 -0.0363359 0.0051267
1 33.6019 14.5525 -0.0219876 0.00943517
1 34.7194 14.5494 -0.027808 0.0128392
1 35.8361 14.546 -0.0373029 0.0184885
1 36.9554 14.5423 -0.0430417 0.0317698
1 38.0775 14.5386 -0.0470011 0.0449102
1 39.1988 14.5354 -0.0443461 0.0504323
1 40.3172 14.5326 -0.0431008 0.0527776
1 41.4336 14.5324 -0.044968 0.0501948
1 42.5488 14.5342 -0.0430626 0.0443823
1 43.6642 14.5405 -0.0528997 0.0390376
1 0.588703 15.5166 0.0389246 0.0427457
1 1.70259 15.51 0.029437 0.0506928
1 2.81564 15.5068 0.0340381 0.0602863
1 3.93124 15.5058 0.0378466 0.0573172
1 5.04906 15.5067 0.0448653 0.0446992
1 6.17001 15.509 0.0564788 0.0371411
1 7.29264 15.5118 0.0500234 0.0261949
1 8.41238 15.5141 0.0334489 0.0210059
1 9.52863 15.5162 0.0168721 0.016941
1 10.6448 15.5194 0.022546 0.0114278
1 11.763 15.5245 0.0438715 0.00629168
1 12.8823 15.5306 0.0404397 0.00549202
1 13.9998 15.5357 0.0266149 0.0133981
1 15.1165 15.539 0.0110877 0.0265343
1 16.236 15.5391 -0.0014338 0.0337964
1 17.358 15.5381 -0.000178383 0.0283157
1 18.4806 15.5371 -0.00248612 0.0169291
1 19.601 15.5361 -0.0127326 0.00240779
1 20.72 15.5353 -0.0201618 -0.0140239
1 21.8399 15.5344 -0.00763855 -0.0218906
1 22.9599 15.535 0.0124936 -0.0205676
1 24.0794 15.5359 0.00992883 -0.00617151
1 25.1984 15.5367 0.00111362 0.00926857
1 26.3195 15.5375 0.000694956 0.0238179
1 27.442 15.5384 0.0120964 0.0312317
1 28.5635 15.539 0.0128588 0.0308021
1 29.6813 15.5371 -0.00727569 0.0202845
1 30.798 15.5328 -0.0407099 0.00650776
1 31.9168 15.5271 -0.0556068 0.00371467
1 33.0353 15.5218 -0.0411405 0.0148541
1 34.1521 15.5184 -0.0233586 0.0169984
1 35.2689 15.5159 -0.0295394 0.0174653
1 36.3867 15.5128 -0.0433607 0.0212742
1 37.5076 15.5099 -0.05184 0.0323104
1 38.629 15.508 -0.047401 0.0425199
1 39.7481 15.5063 -0.0412255 0.0477495
1 40.8651 15.506 -0.0417429 0.0607199
1 41.9795 15.508 -0.0390292 0.0568824
1 43.0902 15.5135 -0.0336944 0.0468862
1 44.2039 15.5258 -0.0454296 0.030253
1 0.0475663 16.5006 0.0337218 0.0356359
1 1.16109 16.4898 0.023168 0.0558817
1 2.27147 16.4844 0.032221 0.0715575
1 3.38469 16.4805 0.0443278 0.0645061
1 4.50095 16.4791 0.0524786 0.0499337
1 5.61965 16.4793 0.0592324 0.0402258
1 6.74041 16.4803 0.0541138 0.0360716
1 7.86133 16.4824 0.0397936 0.0286909
1 8.97884 16.4848 0.0240308 0.0277599
1 10.0934 16.4878 0.0221704 0.0203496
1 11.2077 16.4925 0.0449416 0.017866
1 12.3252 16.498 0.0565811 0.0229402
1 13.4447 16.5024 0.0341611 0.0411397
1 14.5625 16.5042 -0.0017688 0.0495472
1 15.6816 16.5041 -0.0118552 0.0527508
1 16.8033 16.5025 -0.00240772 0.0577559
1 17.9249 16.5011 0.00875336 0.0526241
1 19.0445 16.5007 0.00855896 0.0403759
1 20.1622 16.5006 -0.00528992 0.0283477
1 21.2801 16.4994 -0.0108669 0.012573
1 22.3993 16.499 0.00126934 0.00886066
1 23.5183 16.5005 0.00645752 0.0210092
1 24.636 16.5009 -0.00270884 0.0354866
1 25.7547 16.5009 4.77933e-05 0.0472648
1 26.8757 16.5017 -0.000586004 0.0549946
1 27.9972 16.5028 0.00281928 0.0588897
1 29.1171 16.5038 0.000929852 0.0534438
1 30.2348 16.5032 -0.0209448 0.0418755
1 31.3529 16.5005 -0.0438246 0.0282661
1 32.4714 16.495 -0.0413503 0.0203207
1 33.5879 16.4897 -0.0186794 0.0178864
1 34.7031 16.4861 -0.00494155 0.0253245
1 35.8186 16.4843 -0.0195348 0.0282943
1 36.9375 16.4817 -0.0466519 0.0283848
1 38.0593 16.4798 -0.0576134 0.0357619
1 39.1798 16.479 -0.0459218 0.046914
1 40.2967 16.4795 -0.0348788 0.0581305
1 41.4111 16.4822 -0.0178909 0.064336
1 42.5236 16.4871 -0.00763028 0.064976
1 43.6365 16.495 -0.0173261 0.053327
1 0.613202 17.4698 -0.00136027 0.0566609
1 1.72675 17.4622 -0.000115205 0.0661467
1 2.83983 17.4574 0.0229673 0.0626592
1 3.95393 17.4537 0.042496 0.0493532
1 5.07008 17.4516 0.0571051 0.0379982
1 6.18974 17.4516 0.0578321 0.0298108
1 7.31055 17.4524 0.0395889 0.0290913
1 8.42799 17.4547 0.0193676 0.0219936
1 9.54154 17.4579 0.0156723 0.0106408
1 10.6546 17.4628 0.0213599 0.0113792
1 11.7708 17.4675 0.0334763 0.0261493
1 12.8902 17.471 0.0261289 0.0438942
1 14.0096 17.4717 0.0039751 0.0588722
1 15.1278 17.471 -0.0101017 0.0564036
1 16.2478 17.4698 -0.00362777 0.058026
1 17.3684 17.469 0.00448524 0.0619816
1 18.4878 17.4687 0.00786389 0.0561605
1 19.6054 17.4688 0.00478541 0.0433566
1 20.7223 17.4687 -0.00341029 0.0304497
1 21.8403 17.4678 -0.00297712 0.0217906
1 22.9585 17.4682 0.00291451 0.0269949
1 24.0762 17.4691 -0.00539039 0.0395722
1 25.193 17.4691 -0.012047 0.0508676
1 26.3107 17.4688 -0.00632282 0.061504
1 27.4309 17.469 0.00702197 0.0602661
1 28.5519 17.47 0.020051 0.052984
1 29.6709 17.4712 0.00756057 0.0570004
1 30.7894 17.4716 -0.0191473 0.0553628
1 31.9093 17.4693 -0.039968 0.033948
1 33.0265 17.4649 -0.0401115 0.0169486
1 34.1399 17.4602 -0.0272402 0.00950405
1 35.2528 17.4563 -0.0193648 0.0215874
1 36.3691 17.4538 -0.0297513 0.0246083
1 37.4886 17.4523 -0.0507909 0.027603
1 38.6081 17.4517 -0.060161 0.0331275
1 39.7254 17.4527 -0.059343 0.0450836
1 40.8409 17.4556 -0.0546344 0.0565398
1 41.954 17.4598 -0.0385923 0.0710529
1 43.0646 17.4659 -0.0187223 0.0686308
1 44.1793 17.4759 -0.0353021 0.0625473
1 0.0662812 18.4473 0.0284613 0.063698
1 1.18257 18.4391 0.0201498 0.0529513
1 2.29469 18.4331 0.0423009 0.0433537
1 3.40898 18.4291 0.060169 0.0335592
1 4.5247 18.4262 0.0603662 0.0228048
1 5.6415 18.4241 0.0591276 0.0148295
1 6.76049 18.4235 0.0491956 0.00810565
1 7.87843 18.4247 0.0343724 0.00176193
1 8.99275 18.428 0.0195769 -0.0101196
1 10.1046 18.4327 0.0158209 -0.0110198
1 11.2183 18.4367 0.0182611 0.00780852
1 12.3369 18.439 0.0223025 0.0256852
1 13.4583 18.4393 0.00711967 0.0346132
1 14.577 18.4382 -0.0148363 0.0365447
1 15.6945 18.4372 -0.0183995 0.0293672
1 16.8138 18.4369 -0.00772901 0.0309234
1 17.9325 18.4375 0.00851795 0.0371369
1 19.0496 18.4375 0.0182458 0.0282641
1 20.1651 18.4375 0.00368576 0.0141308
1 21.2811 18.4371 -0.00749724 0.00614588
1 22.3986 18.4371 0.00220837 0.00664904
1 23.516 18.4376 0.00626577 0.00883501
1 24.632 18.4376 -0.010887 0.0220243
1 25.7486 18.4376 -0.00907985 0.0365629
1 26.8668 18.4372 -0.000251918 0.0366796
1 27.9857 18.4366 0.00560984 0.0303852
1 29.1039 18.4375 0.00702186 0.0307062
1 30.2214 18.4388 0.0050026 0.032428
1 31.3411 18.4393 -0.00677545 0.0309383
1 32.4611 18.438 -0.0150755 0.0179881
1 33.5778 18.4348 -0.0112631 -0.00437416
1 34.6902 18.43 -0.014769 -0.0133498
1 35.8021 18.4261 -0.0267204 -0.00437557
1 36.9182 18.4245 -0.0426557 0.00736988
1 38.0376 18.4244 -0.0542393 0.012387
1 39.1557 18.4253 -0.0603702 0.0167439
1 40.2715 18.4279 -0.0566863 0.0267209
1 41.3859 18.4315 -0.037404 0.0417256
1 42.4991 18.4362 -0.00912445 0.0484872
1 43.6136 18.443 -0.00711255 0.0614597
1 0.631609 19.4135 0.0161124 0.0547759
1 1.74709 19.4074 0.0172663 0.0298209
1 2.86177 19.4032 0.0362395 0.0222749
1 3.97722 19.3998 0.051468 0.0213308
1 5.09316 19.3975 0.0584449 0.0133771
1 6.21099 19.3955 0.0609789 0.000874085
1 7.32944 19.3953 0.0509441 -0.00881533
1 8.44439 19.397 0.0255998 -0.0155616
1 9.55612 19.4011 0.00139039 -0.0122056
1 10.6695 19.4042 -0.0101958 9.00783e-05
1 11.7877 19.4059 -0.0026973 0.0116483
1 12.9086 19.4054 0.00534034 0.0153643
1 14.028 19.4043 -0.0028406 0.0123733
1 15.1439 19.4034 -0.00932444 0.0114702
1 16.2599 19.4031 -0.00204793 0.00877261
1 17.3773 19.4042 0.00475334 0.0082949
1 18.4948 19.4045 0.0133681 0.00808311
1 19.6104 19.4044 0.00965151 -0.000403635
1 20.7247 19.4043 -0.00786345 -0.0102969
1 21.8408 19.4043 -0.00368127 -0.012695
1 22.9574 19.4044 0.0109076 -0.0104883
1 24.0727 19.4047 -0.00219614 -0.0035998
1 25.1869 19.4047 -0.0175096 0.00473261
1 26.3027 19.4045 -0.0128776 0.0113062
1 27.4204 19.4037 -0.00179382 0.00689625
1 28.538 19.4033 0.0118357 0.0056752
1 29.6536 19.4037 0.0133517 0.0106465
1 30.7708 19.4047 -0.00346555 0.0156831
1 31.8915 19.4056 -0.0151265 0.0140464
1 33.0113 19.4052 -0.000858476 0.00592824
1 34.1262 19.4028 0.00249497 -0.00455128
1 35.2378 19.3991 -0.0207482 -0.0177825
1 36.3514 19.3961 -0.04513 -0.0117815
1 37.4683 19.3955 -0.0569153 -0.0035382
1 38.5859 19.397 -0.0621874 0.00867669
1 39.7028 19.3994 -0.0623286 0.0144572
1 40.8191 19.402 -0.0616644 0.0207868
1 41.9338 19.4055 -0.0505521 0.026794
1 43.0474 19.4101 -0.0332151 0.0423653
1 44.1662 19.4167 -0.0332385 0.0682171
1 0.0765835 20.3852 0.0399608 0.057369
1 1.1962 20.3786 0.0386369 0.0354297
1 2.31064 20.3748 0.0491721 0.0286089
1 3.42705 20.3722 0.057766 0.0228631
1 4.54424 20.3701 0.0634783 0.0131722
1 5.66138 20.3679 0.0718798 0.00472419
1 6.77886 20.3667 0.0681008 -0.00395212
1 7.89546 20.3671 0.0409929 -0.00118166
1 9.00908 20.3694 0.00311233 0.0068805
1 10.1219 20.3717 -0.00743152 0.0187027
1 11.2374 20.3724 0.00735705 0.017264
1 12.3572 20.3718 0.0235903 0.0194494
1 13.4776 20.3708 0.0167357 0.0187054
1 14.5935 20.3704 -0.00316306 0.0173438
1 15.7072 20.3705 -0.00714046 0.0111342
1 16.8232 20.3709 0.00162746 0.00617923
1 17.94 20.3719 0.0181481 0.0104254
1 19.0553 20.3721 0.0256031 0.00872632
1 20.1684 20.3718 0.00317745 0.00198409
1 21.2825 20.3716 -0.0105628 -0.00252148
1 22.3984 20.372 0.00461412 -0.00265905
1 23.5138 20.3722 0.0125003 -0.00256994
1 24.6274 20.3722 -0.0106338 0.00733713
1 25.7421 20.3722 -0.0178091 0.0130347
1 26.859 20.3716 -0.0149088 0.00742416
1 27.9752 20.3708 -0.0143643 0.00761437
1 29.0896 20.3706 -0.0118189 0.0152203
1 30.2036 20.3707 -0.00994426 0.0151352
1 31.3208 20.3711 -0.0127482 0.0149993
1 32.441 20.3722 0.00109401 0.0155819
1 33.5596 20.3721 0.0184951 0.0166136
1 34.6742 20.3706 0.012915 0.00970574
1 35.7869 20.368 -0.0199954 0.000235299
1 36.9016 20.3669 -0.0545167 -0.00308228
1 38.0196 20.3674 -0.0734818 -0.000363215
1 39.1378 20.3695 -0.0686891 0.00763591
1 40.2543 20.3716 -0.0511648 0.018322
1 41.3704 20.3739 -0.0371783 0.0262373
1 42.4863 20.377 -0.0336397 0.0316749
1 43.6022 20.3817 -0.0365658 0.046949
1 0.640558 21.3484 0.0498987 0.0357471
1 1.75602 21.3446 0.0335567 0.0342239
1 2.87184 21.3421 0.0443273 0.0281354
1 3.98911 21.3408 0.0630205 0.0106335
1 5.10679 21.34 0.0751227 0.00267728
1 6.22538 21.3391 0.0794728 0.00248644
1 7.34383 21.3385 0.0553524 0.0107236
1 8.45925 21.339 0.0180567 0.0198157
1 9.57246 21.3402 -0.0100708 0.0276191
1 10.6874 21.3408 -0.0055549 0.0285638
1 11.8061 21.3405 0.0155205 0.0270819
1 12.9257 21.3394 0.0290679 0.0259939
1 14.0418 21.3391 0.0228952 0.0248192
1 15.1545 21.3394 0.0205301 0.0262234
1 16.2676 21.3401 0.0182196 0.0191162
1 17.3828 21.3406 0.0164423 0.0158623
1 18.4993 21.341 0.0240821 0.0185408
1 19.6135 21.3413 0.0165954 0.0197716
1 20.7261 21.3412 -0.0096314 0.0132015
1 21.8409 21.3409 -0.00417607 0.00843775
1 22.9563 21.3412 0.0128451 0.0102437
1 24.0703 21.3416 -0.00916139 0.0175631
1 25.183 21.3414 -0.026572 0.0182335
1 26.298 21.3411 -0.0206041 0.0178233
1 27.4143 21.3406 -0.0130543 0.0172529
1 28.5295 21.34 -0.00993127 0.0226287
1 29.6426 21.3394 -0.00903024 0.0262095
1 30.7569 21.3394 -0.0256998 0.0222
1 31.8748 21.3399 -0.042038 0.0226999
1 32.9935 21.3406 -0.0249928 0.0251439
1 34.1089 21.3404 -0.00520989 0.0277322
1 35.2225 21.3396 -0.00787342 0.0248554
1 36.3372 21.3386 -0.0351287 0.0156635
1 37.4546 21.3387 -0.0683296 0.00498333
1 38.5729 21.3398 -0.0822454 0.00136645
1 39.6909 21.3412 -0.0760207 0.00608358
1 40.8088 21.3418 -0.0686961 0.0181858
1 41.9259 21.3437 -0.0594563 0.0323588
1 43.0403 21.347 -0.0465097 0.0345703
1 44.16 21.3507 -0.0482092 0.0394408
1 0.0804479 22.3157 0.0510667 0.0210409
1 1.20114 22.3141 0.0496518 0.0331096
1 2.31543 22.3112 0.0703319 0.0203599
1 3.43173 22.31 0.0860578 0.00218383
1 4.55024 22.3106 0.0823258 -0.0070349
1 5.66977 22.3107 0.0761167 -0.00727791
1 6.78939 22.3104 0.0607138 0.0011048
1 7.9076 22.3099 0.0379384 0.00520675
1 9.02286 22.3101 0.0167024 0.016457
1 10.1364 22.3106 0.0167522 0.0187549
1 11.2511 22.3105 0.0404325 0.0151892
1 12.369 22.31 0.0553545 0.00974145
1 13.4867 22.3097 0.0372369 0.0111081
1 14.6001 22.3094 0.0177 0.0129258
1 15.7121 22.3103 0.0146054 0.00939193
1 16.8271 22.3107 0.0211072 0.00602648
1 17.943 22.3107 0.0271298 0.00166166
1 19.0571 22.3113 0.0281815 0.00211388
1 20.1697 22.3116 0.0120442 0.00302081
1 21.2833 22.3112 -0.00557128 -0.00347892
1 22.3982 22.3111 0.00136819 -0.0057026
1 23.513 22.3115 0.00377437 -0.000773297
1 24.6258 22.3115 -0.0195239 0.00290072
1 25.7395 22.3111 -0.0260789 -0.000420666
1 26.8555 22.3109 -0.026459 0.00189529
1 27.9714 22.3109 -0.0247577 0.00727484
1 29.0846 22.3099 -0.0285519 0.0120552
1 30.196 22.3096 -0.0331893 0.0127931
1 31.3109 22.3099 -0.0406344 0.0109244
1 32.4293 22.3104 -0.0335309 0.0120526
1 33.5464 22.3109 -0.0145197 0.0134108
1 34.6606 22.3103 -0.00535333 0.0136801
1 35.7744 22.3098 -0.0231868 0.00898123
1 36.8907 22.31 -0.0533889 0.00304244
1 38.0105 22.3111 -0.0735336 -0.00511358
1 39.1307 22.3111 -0.0815038 -0.0082299
1 40.2493 22.3107 -0.078958 -0.00554504
1 41.3666 22.311 -0.0611781 0.00967499
1 42.482 22.3133 -0.0437954 0.0241195
1 43.5972 22.3154 -0.0504114 0.0255329
1 0.642735 23.2809 0.0337131 0.0114841
1 1.75945 23.2803 0.0498968 0.0102925
1 2.87425 23.2789 0.0719833 -0.001902
1 3.99025 23.2791 0.0794902 -0.0113534
1 5.10948 23.2797 0.0776887 -0.00982583
1 6.23111 23.2799 0.075271 -0.00877871
1 7.35231 23.2796 0.0576714 -0.006687
1 8.46898 23.2795 0.0283826 -0.00122991
1 9.58217 23.2796 0.0144956 0.000507027
1 10.696 23.2801 0.0275817 0.00147311
1 11.8127 23.2798 0.0481266 -0.00134431
1 12.9304 23.2794 0.0472801 -0.00423917
1 14.045 23.2794 0.0348629 -0.00167874
1 15.1566 23.2795 0.0312509 -0.00246631
1 16.2697 23.2797 0.0269139 -0.00657421
1 17.3851 23.2799 0.0285314 -0.00697224
1 18.5009 23.28 0.0326607 -0.0067852
1 19.6144 23.2801 0.0215306 -0.00856524
1 20.7272 23.2802 -0.00396159 -0.0117848
1 21.8413 23.28 -0.00160865 -0.0114926
1 22.9561 23.2801 0.0081486 -0.0104243
1 24.0697 23.2802 -0.0160521 -0.0110585
1 25.1821 23.2801 -0.0337749 -0.0111
1 26.2959 23.28 -0.0312112 -0.00917545
1 27.4118 23.2801 -0.0259001 -0.00646791
1 28.5276 23.28 -0.0237006 -0.00530345
1 29.6397 23.2796 -0.0247758 -0.00180722
1 30.7522 23.2795 -0.0365211 -0.0025857
1 31.8688 23.2797 -0.059425 -0.00365443
1 32.9863 23.2801 -0.0499677 -0.000667012
1 34.101 23.2798 -0.0269676 0.00118572
1 35.214 23.2796 -0.0246942 -0.000915284
1 36.3288 23.2797 -0.0419795 -0.00799511
1 37.4478 23.28 -0.0612345 -0.00970022
1 38.5695 23.2801 -0.0718262 -0.0109279
1 39.6901 23.2801 -0.0803024 -0.0120538
1 40.8084 23.2796 -0.0963565 -0.00892319
1 41.9239 23.2802 -0.0884381 0.00311547
1 43.0385 23.2812 -0.0591505 0.0113665
1 44.1596 23.2815 -0.0525999 -0.000395934
1 0.0804069 24.2461 0.0514256 -0.000728024
1 1.20135 24.2465 0.0580606 -0.0123983
1 2.316 24.2476 0.0869822 -0.00371191
1 3.43157 24.248 0.0976345 0.00671739
1 4.54982 24.2476 0.0805944 0.0101444
1 5.6704 24.2475 0.0716798 0.00907535
1 6.79207 24.2477 0.061127 0.00706543
1 7.91127 24.2483 0.0420551 0.00645969
1 9.02632 24.2485 0.0227288 -0.000612792
1 10.1393 24.2483 0.0253607 -0.00239399
1 11.2537 24.248 0.0493684 -0.000754604
1 12.3711 24.2483 0.0596487 0.00259889
1 13.488 24.2486 0.0397231 0.00151932
1 14.6007 24.2484 0.0260106 0.00124264
1 15.7127 24.248 0.0230413 0.00376715
1 16.8282 24.248 0.0253392 0.00480132
1 17.944 24.248 0.0323198 0.00704517
1 19.0577 24.2478 0.0355798 0.00974547
1 20.17 24.2476 0.0145583 0.0109984
1 21.2832 24.2477 -0.00881698 0.0112118
1 22.398 24.2478 -5.232e-05 0.0102895
1 23.5125 24.2476 0.00274119 0.0103182
1 24.6255 24.2478 -0.022886 0.00688531
1 25.7391 24.2479 -0.0306632 0.00473456
1 26.8548 24.2481 -0.0286978 0.0054064
1 27.9706 24.2483 -0.0284925 0.0054936
1 29.0839 24.2485 -0.0326529 0.0019663
1 30.1953 24.2486 -0.0334269 0.000607881
1 31.3098 24.2487 -0.0450334 0.0034024
1 32.4274 24.2483 -0.0467685 0.000841624
1 33.5441 24.248 -0.0267433 -0.00199744
1 34.6579 24.2486 -0.0141239 -0.00166524
1 35.7712 24.2487 -0.027496 -0.000296508
1 36.8877 24.2484 -0.0551075 0.00442111
1 38.0087 24.2478 -0.0724822 0.00544916
1 39.1302 24.248 -0.0767987 0.00674241
1 40.2495 24.2487 -0.0778167 0.00953055
1 41.3656 24.2488 -0.0732956 0.00165736
1 42.4805 24.2475 -0.0514081 -0.0102026
1 43.5972 24.2468 -0.0348999 -0.012184
1 0.642544 25.2123 0.0454334 -0.0252971
1 1.75788 25.2145 0.0402538 -0.0235723
1 2.8733 25.2167 0.0608725 -0.0099938
1 3.99051 25.2171 0.0806146 0.00556126
1 5.10898 25.2167 0.0823998 0.00939837
1 6.22921 25.2166 0.0769348 0.00632267
1 7.3491 25.2177 0.0566312 -0.00218131
1 8.46552 25.2179 0.0239742 -0.00933276
1 9.57932 25.2175 0.00485934 -0.0146299
1 10.6935 25.217 0.0142279 -0.0149677
1 11.8106 25.2175 0.0335367 -0.0126173
1 12.9291 25.2182 0.0414858 -0.0111393
1 14.0442 25.2185 0.0342006 -0.0125721
1 15.1558 25.218 0.0274799 -0.0122234
1 16.2688 25.217 0.0244208 -0.00608679
1 17.3844 25.217 0.0270525 -0.0013338
1 18.5005 25.2169 0.0282858 0.000383664
1 19.6141 25.2163 0.0181347 -0.00109747
1 20.7267 25.2164 -0.0040805 0.00324868
1 21.841 25.2167 -0.00303186 0.00787534
1 22.956 25.2166 0.00658125 0.00348223
1 24.07 25.2163 -0.0138837 -0.00309876
1 25.1829 25.2166 -0.0264076 -0.00171371
1 26.297 25.2171 -0.0261486 -0.00193639
1 27.413 25.2171 -0.0220428 -0.00591052
1 28.5283 25.2176 -0.0155627 -0.00867559
1 29.6405 25.2185 -0.0174479 -0.0115787
1 30.7536 25.2183 -0.0346429 -0.00985818
1 31.871 25.218 -0.0549274 -0.00923533
1 32.9889 25.2175 -0.0412956 -0.0152633
1 34.1037 25.2175 -0.0186389 -0.018226
1 35.2173 25.218 -0.0176926 -0.0165944
1 36.3326 25.2181 -0.0366528 -0.00584345
1 37.4507 25.2174 -0.0593165 -0.00157967
1 38.5703 25.217 -0.0758087 0.00752928
1 39.6898 25.2172 -0.0825896 0.00791962
1 40.8083 25.2178 -0.0861147 -0.000448882
1 41.9245 25.2166 -0.0713466 -0.0192594
1 43.0388 25.2137 -0.0490782 -0.0321144
1 44.1597 25.212 -0.0509799 -0.0194118
1 0.0798893 26.1769 0.0454105 -0.0391311
1 1.19952 26.1806 0.0449233 -0.0346249
1 2.31386 26.184 0.0593361 -0.0334186
1 3.43093 26.1858 0.0694915 -0.0182752
1 4.549 26.1865 0.0756566 -0.00536382
1 5.66713 26.1878 0.0831791 -0.00052046
1 6.78536 26.1888 0.071153 -0.004202
1 7.90275 26.1888 0.0370497 -0.0147407
1 9.01746 26.1879 0.00616911 -0.0242644
1 10.1311 26.1871 0.00254484 -0.0281648
1 11.2463 26.1872 0.02418 -0.0264897
1 12.3649 26.1879 0.0420746 -0.0238571
1 13.4832 26.1885 0.0280442 -0.022648
1 14.5978 26.1885 0.0106609 -0.0264144
1 15.7107 26.1878 0.0105769 -0.0225972
1 16.8257 26.1872 0.0120071 -0.017552
1 17.942 26.1867 0.0216158 -0.0172788
1 19.0569 26.1864 0.0281473 -0.0172379
1 20.1695 26.1862 0.00711403 -0.0154789
1 21.283 26.1866 -0.011961 -0.00928038
1 22.3984 26.1866 0.00355161 -0.00754142
1 23.5134 26.1863 0.00993891 -0.0127694
1 24.6265 26.1863 -0.0167841 -0.0200336
1 25.7408 26.1868 -0.0223622 -0.0190631
1 26.8573 26.1872 -0.0184072 -0.017516
1 27.9729 26.1877 -0.0213615 -0.0196776
1 29.0861 26.1884 -0.0236731 -0.0254392
1 30.1987 26.1887 -0.0226465 -0.0244788
1 31.3144 26.1884 -0.0283938 -0.0251105
1 32.4337 26.1874 -0.0155937 -0.0269473
1 33.5524 26.1871 0.00525055 -0.0281053
1 34.6674 26.1877 0.011035 -0.027317
1 35.7808 26.1887 -0.0161593 -0.019672
1 36.8962 26.1892 -0.0524868 -0.0118009
1 38.0146 26.1886 -0.0776083 -0.00281449
1 39.1331 26.1876 -0.0760471 -0.00181798
1 40.2508 26.1868 -0.0629146 -0.0100062
1 41.368 26.1857 -0.0457149 -0.0284325
1 42.4839 26.183 -0.0349369 -0.0344536
1 43.5993 26.1792 -0.0503633 -0.0346619
1 0.63761 27.1457 0.0340749 -0.0479302
1 1.75364 27.1505 0.0321804 -0.0336512
1 2.86923 27.1535 0.0365173 -0.025721
1 3.9853 27.1558 0.0518851 -0.0176057
1 5.1019 27.1579 0.0687425 -0.00828344
1 6.22019 27.1601 0.076353 1.40695e-05
1 7.33832 27.1604 0.0575644 0.00317568
1 8.45299 27.1593 0.0226036 -0.00133558
1 9.56558 27.1567 -0.0111043 -0.0106817
1 10.6802 27.1553 -0.0181805 -0.0181118
1 11.7989 27.1552 -0.00188796 -0.0166452
1 12.9192 27.1565 0.0126012 -0.017145
1 14.0367 27.1569 0.00889882 -0.0159814
1 15.1508 27.1571 0.008854 -0.0158645
1 16.265 27.1569 0.0123507 -0.00916046
1 17.3811 27.1561 0.0141673 -0.00824715
1 18.498 27.1556 0.0204341 -0.0136593
1 19.6127 27.1555 0.0101864 -0.00730944
1 20.726 27.1556 -0.011381 0.00186984
1 21.8411 27.1556 -0.00528888 0.00250255
1 22.9569 27.1557 0.0120706 0.00169497
1 24.0714 27.1557 -0.00362878 -0.00235351
1 25.1847 27.1555 -0.0231166 -0.00991235
1 26.2999 27.1558 -0.0172387 -0.0120773
1 27.4169 27.1568 -0.00300343 -0.0076402
1 28.5332 27.1573 0.00595339 -0.0122328
1 29.647 27.1572 0.0044465 -0.0181271
1 30.7626 27.1569 -0.0146348 -0.019134
1 31.8824 27.156 -0.023714 -0.0194155
1 33.0023 27.1553 -0.00800117 -0.0174828
1 34.1181 27.156 0.00609752 -0.0198372
1 35.2311 27.1582 -0.00388531 -0.00844363
1 36.3447 27.1604 -0.0396969 -0.00026534
1 37.4613 27.1608 -0.0677133 0.00310598
1 38.5788 27.1596 -0.0725714 -0.00611947
1 39.6958 27.1575 -0.06359 -0.013421
1 40.8129 27.1554 -0.0564452 -0.0228461
1 41.9293 27.1528 -0.0502601 -0.0301012
1 43.0437 27.149 -0.0397542 -0.0359616
1 44.1635 27.1423 -0.0396515 -0.0566346
1 0.0736686 28.1107 0.0325293 -0.067884
1 1.19243 28.1173 0.0320333 -0.0428032
1 2.3059 28.1221 0.0484186 -0.02627
1 3.42071 28.1255 0.0615308 -0.0197744
1 4.537 28.1279 0.0632828 -0.0134292
1 5.65398 28.1303 0.0637048 -0.00755356
1 6.77174 28.1318 0.0584252 0.00422078
1 7.88871 28.1312 0.0455046 0.0124017
1 9.00245 28.1282 0.0199918 0.0179163
1 10.1139 28.1244 -0.003036 0.00458014
1 11.2286 28.122 0.000615477 -0.005642
1 12.3483 28.1218 0.0155991 -0.0146313
1 13.4694 28.1226 0.00456559 -0.0159112
1 14.5869 28.1237 -0.0138596 -0.0112478
1 15.7024 28.1243 -0.0133363 -0.00593731
1 16.8197 28.124 -4.67726e-05 -0.00730643
1 17.9374 28.1232 0.0135461 -0.0106117
1 19.0532 28.123 0.0179349 -0.00485014
1 20.1673 28.1231 -4.58633e-05 0.00308784
1 21.2822 28.1232 -0.0100726 0.0111472
1 22.3987 28.1231 0.00489306 0.0121657
1 23.515 28.123 0.00827382 0.00995448
1 24.6296 28.123 -0.0102163 0.00131434
1 25.7452 28.123 -0.0115822 -0.00731999
1 26.8628 28.1234 -0.0041952 -0.00903894
1 27.9804 28.1244 0.00148271 -0.00914246
1 29.0964 28.1242 0.00715457 -0.0121073
1 30.212 28.1233 0.00323203 -0.012392
1 31.3311 28.1222 -0.00544002 -0.0147153
1 32.452 28.1218 0.00247949 -0.0117905
1 33.5703 28.1233 0.0110377 -4.58895e-05
1 34.6838 28.1263 -1.03438e-05 0.0118178
1 35.7957 28.1304 -0.0247472 0.0162208
1 36.9105 28.1321 -0.0490579 0.00996962
1 38.0289 28.132 -0.0591649 -0.000525339
1 39.1468 28.13 -0.0586278 -0.0129734
1 40.2628 28.1277 -0.0514994 -0.0208051
1 41.3783 28.1245 -0.0369193 -0.0217552
1 42.493 28.1202 -0.0204665 -0.0296363
1 43.6083 28.1142 -0.0203167 -0.0552171
1 0.626085 29.0843 0.00667932 -0.060602
1 1.74049 29.0913 0.00857338 -0.0478403
1 2.85377 29.0959 0.0360815 -0.0398313
1 3.96834 29.0995 0.0553617 -0.0248249
1 5.0841 29.102 0.0605491 -0.0151647
1 6.20207 29.1028 0.0560993 -0.00990828
1 7.32171 29.1027 0.0441651 -0.00484238
1 8.438 29.1011 0.0274773 0.00574763
1 9.54984 29.0972 0.0162967 0.013916
1 10.6622 29.0924 0.0128075 0.00496452
1 11.7789 29.0891 0.0159783 -0.017495
1 12.8989 29.088 0.00696805 -0.0303134
1 14.0188 29.0885 -0.00581677 -0.0318974
1 15.1366 29.0899 -0.0108683 -0.0299181
1 16.2547 29.0909 -0.00777974 -0.0288614
1 17.3734 29.0904 -0.000915094 -0.0341266
1 18.4917 29.09 0.010374 -0.0351881
1 19.6082 29.09 0.00982036 -0.0205277
1 20.7239 29.09 -0.00634426 -0.00799573
1 21.841 29.0904 -0.00377655 -0.00582287
1 22.9586 29.09 0.00742114 -0.00625169
1 24.075 29.0898 -0.00445799 -0.0127625
1 25.1904 29.0898 -0.0158715 -0.0257757
1 26.3074 29.0899 -0.00543207 -0.0348996
1 27.4262 29.0905 0.00837072 -0.0294023
1 28.5456 29.0903 0.0184935 -0.0286885
1 29.6632 29.0893 0.0156736 -0.0356289
1 30.7816 29.0883 -0.00532147 -0.0344424
1 31.9027 29.0885 -0.0224789 -0.0248678
1 33.0215 29.0907 -0.0182754 -0.00759232
1 34.1356 29.0946 -0.017338 0.0119975
1 35.2475 29.0992 -0.0217536 0.0123623
1 36.3617 29.1027 -0.0351366 0.000901593
1 37.4795 29.104 -0.0475836 -0.00605935
1 38.5986 29.1034 -0.0563776 -0.0137143
1 39.7152 29.1012 -0.059138 -0.0214385
1 40.8311 29.0983 -0.0593985 -0.0309356
1 41.9454 29.0945 -0.0436343 -0.0416755
1 43.0575 29.0886 -0.0213651 -0.0530805
1 44.1738 29.0804 -0.0309423 -0.0644726
1 0.0604525 30.0513 0.0341201 -0.0630763
1 1.17498 30.0614 0.0195888 -0.0676993
1 2.28564 30.0673 0.0376874 -0.069908
1 3.39888 30.0716 0.0549013 -0.0575578
1 4.51441 30.0745 0.0591256 -0.045614
1 5.63189 30.0755 0.06149 -0.0324301
1 6.75141 30.0748 0.0515604 -0.0281206
1 7.8711 30.0734 0.0294531 -0.0249653
1 8.98746 30.0708 0.0163216 -0.0222107
1 10.1003 30.0669 0.025992 -0.0115322
1 11.2134 30.0622 0.0400866 -0.0181839
1 12.3305 30.0579 0.0401152 -0.0348222
1 13.4507 30.0555 0.0210229 -0.0554713
1 14.5694 30.0559 -0.00686908 -0.0575533
1 15.6883 30.0571 -0.0193041 -0.0527979
1 16.8092 30.0583 -0.00739008 -0.0596141
1 17.9294 30.0586 0.00707531 -0.0600364
1 19.0472 30.0583 0.012408 -0.0503052
1 20.1639 30.0583 0.00396993 -0.039855
1 21.2813 30.0592 -0.00327071 -0.0266709
1 22.3994 30.0593 0.00220099 -0.0232382
1 23.5175 30.0583 0.00245053 -0.0312681
1 24.6348 30.0582 -0.0057279 -0.0427353
1 25.7525 30.0585 -0.00744898 -0.0546283
1 26.8719 30.0582 -0.00428645 -0.0613197
1 27.9924 30.0575 0.00308807 -0.0580385
1 29.1123 30.0563 0.00862214 -0.0568316
1 30.2304 30.0557 -0.00371426 -0.0591846
1 31.3497 30.0563 -0.0262549 -0.0451067
1 32.4691 30.0597 -0.0332895 -0.0273348
1 33.5852 30.0643 -0.0208505 -0.0120822
1 34.6984 30.0693 -0.0151128 -0.00985843
1 35.812 30.0726 -0.018298 -0.0214349
1 36.9293 30.075 -0.0368202 -0.0293969
1 38.05 30.0758 -0.0546877 -0.0308606
1 39.1698 30.0756 -0.0553247 -0.0388415
1 40.2861 30.0734 -0.0427688 -0.0494902
1 41.4001 30.07 -0.0225006 -0.0623516
1 42.5134 30.0653 -0.000799996 -0.0661054
1 43.627 30.0577 -0.00190169 -0.0574162
1 0.603096 31.0323 0.0146516 -0.0535881
1 1.71609 31.0401 0.0062603 -0.0633435
1 2.82854 31.0448 0.0188522 -0.0646504
1 3.94301 31.0476 0.0343278 -0.0595239
1 5.05996 31.0483 0.0456176 -0.0480854
1 6.18043 31.0475 0.0590769 -0.0360423
1 7.3025 31.0456 0.0478068 -0.0286072
1 8.42141 31.043 0.0198233 -0.0283624
1 9.53675 31.0411 0.00516871 -0.0252626
1 10.6518 31.0375 0.0182104 -0.0175072
1 11.7684 31.0322 0.0411239 -0.0207749
1 12.887 31.0268 0.0434176 -0.028706
1 14.0052 31.0241 0.0218196 -0.0420479
1 15.123 31.0234 -0.00185899 -0.0535058
1 16.243 31.0243 -0.00253345 -0.0581356
1 17.3645 31.0255 0.00128879 -0.0538426
1 18.4856 31.0264 0.00209458 -0.0457932
1 19.6043 31.0265 0.00166483 -0.0349111
1 20.7216 31.0269 -0.00702223 -0.0200581
1 21.8403 31.0281 -0.00267601 -0.0103121
1 22.9597 31.0275 0.00935477 -0.0128145
1 24.0779 31.0262 0.00195974 -0.0285954
1 25.1955 31.0263 -0.00789255 -0.0398113
1 26.315 31.0261 -0.00719666 -0.0526955
1 27.4367 31.0248 0.00273271 -0.0575684
1 28.5586 31.0233 0.0122881 -0.0520429
1 29.6778 31.0232 0.0021798 -0.0489645
1 30.7955 31.0249 -0.0325655 -0.0416064
1 31.9147 31.0292 -0.0568597 -0.0235214
1 33.0322 31.0348 -0.0455435 -0.0182285
1 34.1468 31.0395 -0.0236967 -0.0199286
1 35.2614 31.0427 -0.0262403 -0.027051
1 36.3789 31.0452 -0.0382554 -0.0286671
1 37.4996 31.0472 -0.0513079 -0.0363635
1 38.6204 31.0481 -0.0559262 -0.0413465
1 39.7391 31.0481 -0.0517182 -0.0511725
1 40.8553 31.0468 -0.0445202 -0.0650388
1 41.9686 31.043 -0.0334337 -0.0715635
1 43.0791 31.0376 -0.0244338 -0.0563149
1 44.1927 31.0268 -0.037456 -0.0377314
1 0.0357416 32.0015 0.0426314 -0.0306871
1 1.14947 32.0136 0.0319116 -0.0463655
1 2.26026 32.019 0.0384556 -0.057041
1 3.37472 32.0211 0.0427786 -0.0609113
1 4.49163 32.021 0.0427323 -0.0484765
1 5.61086 32.0194 0.049348 -0.0427666
1 6.7324 32.0174 0.0528837 -0.0324059
1 7.85347 32.0146 0.0435155 -0.0216429
1 8.97135 32.0116 0.0269433 -0.0171332
1 10.0878 32.009 0.0222603 -0.0160275
1 11.2043 32.0056 0.0410232 -0.0140821
1 12.3228 32.0002 0.0557509 -0.00477261
1 13.442 31.9946 0.0426721 -0.00826941
1 14.5589 31.9903 0.00846991 -0.0218508
1 15.6766 31.9883 -0.011555 -0.0317693
1 16.7979 31.9888 -0.0108855 -0.0316098
1 17.9204 31.9898 0.000908769 -0.0234191
1 19.0417 31.9907 -0.000352505 -0.00964317
1 20.1609 31.9915 -0.0119753 0.00627969
1 21.2802 31.9925 -0.0144162 0.0192504
1 22.3998 31.9926 0.0055588 0.0213163
1 23.5199 31.9916 0.0173862 0.0121365
1 24.639 31.991 0.0110621 -0.00395405
1 25.7594 31.9901 0.00250917 -0.0190451
1 26.8821 31.9893 0.000819754 -0.0292743
1 28.0043 31.9884 0.000986731 -0.0343259
1 29.1238 31.9885 -0.0132156 -0.0267301
1 30.2404 31.9917 -0.0265293 -0.0147062
1 31.3578 31.9967 -0.0404666 -0.00627316
1 32.477 32.0028 -0.0429669 -0.00699613
1 33.5951 32.008 -0.0227395 -0.01125
1 34.7113 32.0114 -0.0164683 -0.0162311
1 35.8277 32.0136 -0.0328531 -0.0209213
1 36.9474 32.0158 -0.0479424 -0.0266104
1 38.0699 32.0185 -0.0542515 -0.0380769
1 39.1909 32.0208 -0.0442062 -0.0454143
1 40.3087 32.0216 -0.038739 -0.0577091
1 41.4243 32.0204 -0.0336185 -0.0610412
1 42.5375 32.0172 -0.0298706 -0.0507289
1 43.6515 32.0107 -0.0399375 -0.0430069
1 0.575688 32.9865 0.0509219 -0.0387908
1 1.69117 32.9926 0.0409676 -0.0443739
1 2.80627 32.9945 0.0450694 -0.0508101
1 3.9227 32.9944 0.0429852 -0.0528289
1 5.04104 32.9918 0.0453815 -0.05023
1 6.16227 32.9886 0.048822 -0.0445865
1 7.28462 32.985 0.0438292 -0.0317408
1 8.40402 32.9814 0.0366791 -0.0199118
1 9.52056 32.978 0.0273617 -0.0130812
1 10.638 32.9748 0.0214643 -0.0094414
1 11.7578 32.9708 0.0371621 -0.00529676
1 12.8787 32.9656 0.0410067 -0.00212364
1 13.9965 32.9595 0.0255441 -0.00288858
1 15.1117 32.9539 0.0147026 -0.0168174
1 16.2296 32.9511 0.00350416 -0.0226751
1 17.3511 32.9504 -0.00298114 -0.0204639
1 18.4743 32.9511 -0.00551017 -0.0133415
1 19.597 32.9522 -0.0155229 0.00264049
1 20.7187 32.9529 -0.0245346 0.0158163
1 21.8403 32.9539 -0.00950739 0.0217074
1 22.9615 32.9534 0.0184873 0.0171125
1 24.0833 32.9524 0.0182001 0.00635549
1 25.2047 32.9513 0.00589845 -0.00934103
1 26.327 32.9504 0.00215738 -0.0185749
1 27.45 32.9505 0.0108594 -0.0208835
1 28.5712 32.9519 0.00519602 -0.0202758
1 29.6881 32.9558 -0.0153403 -0.00852691
1 30.8043 32.9618 -0.0383376 -0.00312772
1 31.9232 32.9682 -0.0582548 -0.00192289
1 33.0423 32.9736 -0.0543528 -0.0034718
1 34.1599 32.9773 -0.0393923 -0.0128313
1 35.2774 32.9802 -0.0389926 -0.0185576
1 36.3958 32.9834 -0.045497 -0.0257821
1 37.516 32.9869 -0.0489316 -0.0356874
1 38.6368 32.9901 -0.0487345 -0.051192
1 39.7564 32.9933 -0.0484309 -0.0511664
1 40.8744 32.9946 -0.0594072 -0.0512171
1 41.9896 32.9944 -0.0639386 -0.0472655
1 43.1017 32.9911 -0.0580592 -0.042645
1 44.2161 32.9837 -0.0758901 -0.0285792
1 0.0132823 33.962 0.0846439 -0.0257495
1 1.12824 33.9656 0.0696201 -0.0358392
1 2.2417 33.9675 0.0703353 -0.0391632
1 3.35815 33.9672 0.0666205 -0.0396552
1 4.47726 33.9645 0.0608047 -0.0447257
1 5.59681 33.9604 0.0520271 -0.0491253
1 6.71773 33.9564 0.0438017 -0.0487223
1 7.83774 33.9522 0.0394241 -0.0380049
1 8.95555 33.9475 0.037419 -0.025661
1 10.0724 33.9432 0.0398013 -0.0172848
1 11.1902 33.9396 0.0542418 -0.00908878
1 12.3107 33.9354 0.0633459 -0.0075925
1 13.4316 33.9301 0.0397926 -0.00993614
1 14.5485 33.9237 0.01516 -0.0204565
1 15.6641 33.9178 0.00307482 -0.0300028
1 16.7836 33.9138 -0.00628191 -0.0330679
1 17.9055 33.9116 0.0085926 -0.0389637
1 19.029 33.9117 0.00438065 -0.033572
1 20.1533 33.9129 -0.0199766 -0.0205849
1 21.2774 33.9139 -0.0177164 -0.016694
1 22.401 33.9141 0.00870634 -0.0173064
1 23.5252 33.9134 0.0230094 -0.0193734
1 24.6494 33.9122 0.00970603 -0.0280279
1 25.7732 33.9113 -0.00440158 -0.0416156
1 26.8966 33.9121 -0.00191382 -0.0358192
1 28.0178 33.915 -0.00680488 -0.0326897
1 29.1351 33.9198 -0.0236291 -0.0261571
1 30.2502 33.9262 -0.0326386 -0.00966763
1 31.3681 33.9328 -0.0507455 -0.00447075
1 32.4885 33.9381 -0.0494511 -0.00775658
1 33.6086 33.9423 -0.0294699 -0.0107031
1 34.7265 33.9457 -0.0262963 -0.0202341
1 35.8434 33.9499 -0.0351702 -0.0294544
1 36.962 33.9547 -0.046814 -0.0420151
1 38.0837 33.9589 -0.0471967 -0.0498898
1 39.2045 33.9628 -0.0538498 -0.0465674
1 40.3228 33.9665 -0.0615347 -0.0415429
1 41.4395 33.9682 -0.0637428 -0.0341462
1 42.5551 33.9678 -0.0644116 -0.037519
1 43.6708 33.9649 -0.0801733 -0.035923
1 0.563199 34.9399 0.0830924 -0.0318032
1 1.67889 34.9401 0.066452 -0.0263481
1 2.79444 34.9399 0.0708259 -0.0242511
1 3.91196 34.9372 0.0687764 -0.0355776
1 5.03052 34.9338 0.0635658 -0.0388378
1 6.15103 34.9288 0.057038 -0.0479366
1 7.27241 34.9238 0.039447 -0.0524156
1 8.3911 34.9189 0.0239467 -0.0433948
1 9.50739 34.9136 0.0216831 -0.0342781
1 10.6246 34.9086 0.0267376 -0.0237892
1 11.7447 34.9047 0.0518973 -0.016354
1 12.8659 34.9007 0.0579084 -0.0172446
1 13.9852 34.8952 0.034179 -0.0249371
1 15.1014 34.8893 0.0175159 -0.0373267
1 16.2187 34.8833 0.00646701 -0.0495009
1 17.3391 34.8775 0.00877176 -0.0614228
1 18.4615 34.8745 0.0185497 -0.0652478
1 19.586 34.8741 -0.00358183 -0.0549914
1 20.7125 34.875 -0.0209335 -0.0531552
1 21.8392 34.8761 -0.00572741 -0.058037
1 22.965 34.8758 0.0156441 -0.0561008
1 24.0919 34.8744 0.0088917 -0.0514228
1 25.2173 34.874 -0.0149219 -0.0596213
1 26.3401 34.8753 -0.0135051 -0.0653889
1 27.4614 34.8794 -0.000714594 -0.0574356
1 28.5807 34.8853 -0.00670504 -0.0432692
1 29.6968 34.8917 -0.0222841 -0.0280361
1 30.8143 34.8982 -0.0470121 -0.0163876
1 31.9349 34.9037 -0.0625502 -0.0154595
1 33.0558 34.9073 -0.0453542 -0.0237982
1 34.1742 34.9113 -0.0341211 -0.029183
1 35.2908 34.9163 -0.0294557 -0.0359488
1 36.408 34.922 -0.0314733 -0.0447668
1 37.5273 34.9264 -0.043926 -0.0506117
1 38.6479 34.9315 -0.0611341 -0.0427138
1 39.7673 34.936 -0.0675394 -0.0356089
1 40.8861 34.9392 -0.0773016 -0.0305722
1 42.0023 34.9411 -0.0828286 -0.0267288
1 43.1155 34.9408 -0.084297 -0.0297177
1 44.2312 34.9396 -0.0978493 -0.0427769
1 0.00351066 35.9127 0.0950283 -0.0347088
1 1.12046 35.9127 0.0802128 -0.0216078
1 2.23333 35.9123 0.0851516 -0.0218062
1 3.34914 35.9096 0.087545 -0.0237965
1 4.46763 35.9064 0.0768483 -0.0386737
1 5.58766 35.9021 0.0708101 -0.0467503
1 6.70761 35.8972 0.0541932 -0.0475671
1 7.82657 35.8919 0.0319247 -0.0547215
1 8.9442 35.8859 0.0170664 -0.056788
1 10.061 35.8802 0.0222244 -0.0507003
1 11.1786 35.8754 0.0402131 -0.0422774
1 12.2991 35.8719 0.0606003 -0.037459
1 13.4201 35.8674 0.0519201 -0.032297
1 14.5388 35.862 0.0230756 -0.0363532
1 15.6567 35.8559 0.00702285 -0.0545152
1 16.7765 35.8492 0.00253013 -0.0761344
1 17.8974 35.8431 0.0177467 -0.0839401
1 19.0199 35.839 0.0211596 -0.0830268
1 20.1455 35.8377 -0.00217444 -0.0758491
1 21.2737 35.8387 -0.00919623 -0.0785408
1 22.4021 35.8392 0.00390949 -0.0829273
1 23.5305 35.8382 0.00753053 -0.0752059
1 24.6579 35.838 -0.00954005 -0.0742058
1 25.7823 35.8406 -0.0168407 -0.0853396
1 26.9043 35.8455 -0.00646031 -0.084615
1 28.0246 35.8519 -0.0126098 -0.0644025
1 29.1431 35.8588 -0.0248369 -0.0411647
1 30.2604 35.8651 -0.0373382 -0.0312827
1 31.3796 35.8704 -0.0549776 -0.0338496
1 32.5006 35.874 -0.0408707 -0.0401296
1 33.6203 35.8779 -0.0181193 -0.0430762
1 34.7372 35.8835 -0.0160118 -0.0525784
1 35.8539 35.8893 -0.0248748 -0.0578301
1 36.9726 35.8949 -0.0431992 -0.0556443
1 38.093 35.8999 -0.0578701 -0.0449849
1 39.2135 35.9047 -0.0674408 -0.0423786
1 40.3321 35.9085 -0.0691973 -0.0324167
1 41.449 35.9119 -0.0641265 -0.0180392
1 42.5643 35.9136 -0.0580708 -0.0189264
1 43.6795 35.9134 -0.067416 -0.0321523
1 0.556802 36.8834 0.0642106 -0.0226611
1 1.67184 36.8838 0.05817 -0.0122466
1 2.78736 36.8817 0.0705157 -0.00871716
1 3.90389 36.878 0.0793897 -0.0228124
1 5.02218 36.874 0.0738563 -0.031838
1 6.14269 36.8704 0.0700009 -0.0393372
1 7.26382 36.8649 0.0591673 -0.0486436
1 8.38203 36.8589 0.038233 -0.0533415
1 9.49833 36.8529 0.01965 -0.056371
1 10.6156 36.8474 0.015937 -0.0510805
1 11.735 36.8426 0.0336173 -0.0462426
1 12.8563 36.839 0.0485549 -0.0408735
1 13.9763 36.8342 0.0445929 -0.0335768
1 15.0948 36.828 0.0292698 -0.035814
1 16.214 36.8216 0.0213966 -0.0592258
1 17.3352 36.8147 0.0165692 -0.079497
1 18.458 36.8077 0.0183471 -0.0860475
1 19.5815 36.8025 0.0154142 -0.0797215
1 20.7083 36.8007 -0.000256231 -0.0732747
1 21.838 36.8013 -0.00407278 -0.0731723
1 22.9675 36.8011 0.00362521 -0.0737672
1 24.0961 36.8013 -0.00772659 -0.0756966
1 25.2213 36.8046 -0.0253496 -0.0821649
1 26.3441 36.8107 -0.0182048 -0.083138
1 27.4657 36.8178 -0.0102384 -0.0703851
1 28.5861 36.8248 -0.0202137 -0.0419732
1 29.7048 36.8316 -0.0368113 -0.0297474
1 30.824 36.8376 -0.0514371 -0.0382087
1 31.9443 36.8415 -0.055962 -0.0466194
1 33.0644 36.8451 -0.0373807 -0.0534829
1 34.182 36.8501 -0.0231771 -0.0558443
1 35.2991 36.8563 -0.0247641 -0.0536971
1 36.417 36.8622 -0.0404646 -0.0497518
1 37.5366 36.8675 -0.0590979 -0.0440984
1 38.6569 36.8722 -0.0677146 -0.0382782
1 39.7766 36.8764 -0.0766119 -0.0252233
1 40.8948 36.8807 -0.0825256 -0.0141272
1 42.0108 36.8838 -0.0671568 -0.0137628
1 43.1245 36.8845 -0.0555969 -0.0136379
1 44.2429 36.8821 -0.0728983 -0.0246839
1 -0.00764773 37.85 0.0615334 -0.0126667
1 1.11135 37.8534 0.0520139 -0.00547376
1 2.22569 37.8522 0.0628074 -0.00710274
1 3.34197 37.8498 0.0782133 -0.0105523
1 4.46019 37.8456 0.0760473 -0.0148022
1 5.57986 37.841 0.0748836 -0.0282495
1 6.70105 37.8367 0.0631179 -0.0345809
1 7.82071 37.8316 0.048413 -0.0408499
1 8.93857 37.8253 0.0363033 -0.044232
1 10.0555 37.8193 0.0286038 -0.0503546
1 11.1728 37.8141 0.0365149 -0.050164
1 12.2929 37.8094 0.0504347 -0.0450654
1 13.4147 37.8049 0.0506346 -0.0411925
1 14.5345 37.7994 0.0379699 -0.0293228
1 15.6536 37.7927 0.032238 -0.034708
1 16.7743 37.7856 0.0272108 -0.0581322
1 17.8971 37.7779 0.0255212 -0.0713159
1 19.0204 37.7703 0.0281512 -0.0796261
1 20.1451 37.7649 0.0106577 -0.0671579
1 21.273 37.7627 -0.00485645 -0.0581189
1 22.4024 37.7624 0.00164977 -0.0580987
1 23.5315 37.7633 0.00148693 -0.0608519
1 24.6578 37.7671 -0.0188646 -0.0745168
1 25.7818 37.7735 -0.0302817 -0.077084
1 26.9051 37.7815 -0.0296661 -0.0636492
1 28.0266 37.7897 -0.0367516 -0.0451755
1 29.146 37.7967 -0.0435453 -0.0289012
1 30.2647 37.8029 -0.0429508 -0.034215
1 31.3854 37.8078 -0.0380764 -0.0469012
1 32.5071 37.8121 -0.0252698 -0.0465856
1 33.6264 37.8171 -0.0148949 -0.0493027
1 34.7435 37.8225 -0.0269463 -0.046203
1 35.8605 37.8285 -0.0458907 -0.0462374
1 36.9799 37.8339 -0.0586385 -0.038849
1 38.1015 37.8391 -0.0692047 -0.030316
1 39.2223 37.8437 -0.0743764 -0.0183628
1 40.3406 37.8483 -0.0708877 -0.0118174
1 41.4577 37.8518 -0.0615564 -0.00725877
1 42.5739 37.854 -0.0518249 -0.00829509
1 43.6903 37.8532 -0.0508418 -0.00985539
1 0.546243 38.8205 0.0461095 -0.00223701
1 1.66265 38.8215 0.0453799 0.000759016
1 2.77857 38.8197 0.0574284 -0.00449655
1 3.89642 38.8163 0.0677783 -0.0103367
1 5.01518 38.8121 0.0752494 -0.0131645
1 6.13555 38.8073 0.0696801 -0.0198991
1 7.25735 38.8024 0.0597049 -0.0321735
1 8.3773 38.7967 0.045972 -0.0363501
1 9.49444 38.7912 0.032683 -0.0372795
1 10.6118 38.7856 0.0239821 -0.0440732
1 11.7315 38.7799 0.0332249 -0.0407535
1 12.8535 38.7742 0.03644 -0.0401674
1 13.9754 38.7692 0.0360536 -0.03518
1 15.0955 38.7629 0.0425839 -0.0290047
1 16.2155 38.7559 0.0503761 -0.03641
1 17.337 38.7473 0.0499186 -0.0487286
1 18.4607 38.7384 0.0374936 -0.0616021
1 19.585 38.7311 0.0154803 -0.059517
1 20.7108 38.7257 -0.00999468 -0.0479129
1 21.8383 38.7239 -0.00903704 -0.0428028
1 22.9658 38.7242 0.0100634 -0.0434446
1 24.0927 38.7276 -0.00315766 -0.0552589
1 25.2176 38.7342 -0.0313279 -0.0654061
1 26.3415 38.7427 -0.0416442 -0.0534806
1 27.4644 38.7521 -0.0396667 -0.0396751
1 28.5851 38.7601 -0.040034 -0.0320484
1 29.7047 38.7668 -0.0429182 -0.0323108
1 30.8259 38.7724 -0.0435287 -0.0406392
1 31.9479 38.7773 -0.0495455 -0.0399525
1 33.0682 38.7835 -0.0421277 -0.0397681
1 34.186 38.7886 -0.0321114 -0.0415404
1 35.3037 38.794 -0.0350607 -0.039414
1 36.4224 38.7993 -0.0513407 -0.0333636
1 37.5426 38.805 -0.064174 -0.0240328
1 38.6636 38.8096 -0.0683629 -0.0198878
1 39.7839 38.8144 -0.0671977 -0.0160371
1 40.9031 38.8183 -0.0676161 -0.00825619
1 42.0198 38.821 -0.0570446 -0.000596
1 43.1346 38.8221 -0.0484702 0.000497571
1 44.2543 38.8203 -0.0599958 0.00373268
1 -0.0179687 39.7875 0.0528089 0.0101478
1 1.10145 39.789 0.0421241 0.00559268
1 2.2163 39.7882 0.0531335 0.000954385
1 3.33333 39.7849 0.0638254 0.00125261
1 4.45285 39.7811 0.0597634 -0.0100049
1 5.57364 39.7766 0.0643678 -0.0111405
1 6.69496 39.7716 0.0651338 -0.0204434
1 7.81538 39.7665 0.051436 -0.0245616
1 8.9343 39.7611 0.0405697 -0.0308903
1 10.0527 39.7554 0.0360752 -0.0346895
1 11.1712 39.75 0.0449795 -0.0362725
1 12.2921 39.7433 0.0565725 -0.029348
1 13.4149 39.7368 0.0490681 -0.0350732
1 14.5375 39.7309 0.0408747 -0.0319379
1 15.6585 39.7245 0.0453986 -0.0308003
1 16.7799 39.7166 0.0514185 -0.0288308
1 17.9024 39.7066 0.0563396 -0.0276296
1 19.0256 39.6974 0.0345005 -0.0386901
1 20.15 39.6902 -0.00650897 -0.0320175
1 21.2757 39.6862 -0.0169691 -0.0323133
1 22.4012 39.6855 0.00835131 -0.0370762
1 23.5272 39.6872 0.0163796 -0.0292584
1 24.6523 39.6928 -0.00989207 -0.0363017
1 25.7763 39.7013 -0.0415924 -0.0350328
1 26.8998 39.7117 -0.0576708 -0.0273019
1 28.0217 39.7213 -0.0585996 -0.0287813
1 29.1422 39.7286 -0.0510718 -0.0294126
1 30.2632 39.7347 -0.0466218 -0.0338959
1 31.386 39.7406 -0.0469634 -0.0304777
1 32.5083 39.7475 -0.0371641 -0.0294764
1 33.6286 39.7534 -0.0240433 -0.040312
1 34.7475 39.7582 -0.0308485 -0.0330534
1 35.8659 39.7635 -0.0514426 -0.0257197
1 36.9853 39.7693 -0.0612295 -0.0222438
1 38.1071 39.7744 -0.0666095 -0.0176284
1 39.2281 39.779 -0.0668112 -0.0124136
1 40.347 39.7826 -0.0619353 -0.00777937
1 41.4649 39.7866 -0.053674 -0.000858743
1 42.5813 39.7888 -0.0424474 0.00347493
1 43.6979 39.789 -0.0463531 0.00705207
1 0.538455 40.7559 0.0335465 0.0120938
1 1.65512 40.7553 0.0341974 0.00636302
1 2.77207 40.7524 0.0446836 0.00772824
1 3.88994 40.7483 0.0549876 0.00237051
1 5.00957 40.7442 0.0567934 -0.00571275
1 6.13104 40.7397 0.0593379 -0.0103607
1 7.25314 40.7347 0.0571756 -0.0159576
1 8.37334 40.7292 0.0548371 -0.0205649
1 9.49172 40.7234 0.0373776 -0.0200706
1 10.611 40.7175 0.0287079 -0.0279229
1 11.7326 40.7108 0.0392041 -0.0250192
1 12.856 40.7033 0.0550835 -0.0239571
1 13.9793 40.6967 0.059049 -0.0281406
1 15.1015 40.69 0.0528896 -0.0277519
1 16.2233 40.6831 0.0515285 -0.0194438
1 17.3456 40.6742 0.0606275 -0.00500142
1 18.4683 40.6637 0.0470703 -0.00189734
1 19.5906 40.6547 0.0101626 -0.00385773
1 20.7145 40.6485 -0.0212231 -0.01361
1 21.8393 40.6462 -0.0128465 -0.0317581
1 22.9634 40.6467 0.0179716 -0.0248367
1 24.0877 40.6505 0.00829848 -0.00494647
1 25.2107 40.6583 -0.0314744 0.000533363
1 26.333 40.6686 -0.0548964 -0.00358324
1 27.4556 40.6791 -0.0518168 -0.0126432
1 28.5775 40.6873 -0.0472252 -0.0224778
1 29.6996 40.6941 -0.0502383 -0.0300534
1 30.823 40.7006 -0.0560821 -0.0240389
1 31.9467 40.7082 -0.0598094 -0.021217
1 33.069 40.7151 -0.0472965 -0.0302731
1 34.1888 40.7202 -0.038155 -0.0282978
1 35.3077 40.7259 -0.0463892 -0.019344
1 36.427 40.7323 -0.0559459 -0.0174009
1 37.5476 40.7371 -0.0606624 -0.0137764
1 38.6688 40.7418 -0.063256 -0.00751312
1 39.7896 40.7461 -0.0610543 -0.00458424
1 40.9088 40.7504 -0.0593751 0.00318966
1 42.0259 40.754 -0.053006 0.00288141
1 43.1404 40.7561 -0.0469881 0.0117079
1 44.2597 40.7565 -0.0546134 0.0102831
1 -0.0221643 41.7236 0.0403712 0.011936
1 1.09725 41.7225 0.0389737 0.0137585
1 2.21212 41.7195 0.044382 0.011005
1 3.32916 41.7159 0.0579307 0.0050025
1 4.44832 41.7114 0.0574674 0.00283592
1 5.56911 41.707 0.059532 -0.00512942
1 6.69079 41.702 0.0589213 -0.00948664
1 7.81269 41.6967 0.0512655 -0.0147664
1 8.93281 41.6908 0.0474955 -0.0128693
1 10.0524 41.6843 0.0457533 -0.0185286
1 11.1726 41.6775 0.0525004 -0.0215235
1 12.2955 41.6695 0.0622427 -0.0192475
1 13.4201 41.6618 0.0657901 -0.0239322
1 14.5443 41.6548 0.0541706 -0.0227428
1 15.6671 41.6478 0.0425611 -0.0169292
1 16.7897 41.6404 0.048217 0.000485255
1 17.9119 41.6313 0.0541778 0.0188541
1 19.0331 41.6211 0.0366293 0.0257121
1 20.1549 41.6125 0.00895985 0.0152147
1 21.2777 41.6078 -0.010308 -0.0152976
1 22.4002 41.6069 0.00193794 -0.0272113
1 23.5235 41.6093 0.00589278 0.000529293
1 24.6461 41.6159 -0.0149514 0.0242551
1 25.7677 41.6254 -0.0410938 0.0273245
1 26.8901 41.6358 -0.0522131 0.0105421
1 28.0124 41.6446 -0.049883 -0.0104125
1 29.1346 41.6523 -0.0573943 -0.0193112
1 30.2573 41.6592 -0.0695508 -0.0258385
1 31.3814 41.6664 -0.0621295 -0.0200323
1 32.506 41.6742 -0.0435533 -0.0199389
1 33.6284 41.681 -0.0357669 -0.0243651
1 34.7483 41.6875 -0.0438147 -0.011158
1 35.8675 41.6942 -0.0556561 -0.0126197
1 36.9883 41.6992 -0.0572561 -0.0171438
1 38.1106 41.7043 -0.0522707 -0.00680786
1 39.2321 41.709 -0.0498875 -5.81758e-05
1 40.3516 41.7134 -0.0472356 0.00775806
1 41.4698 41.7182 -0.0378506 0.0114628
1 42.586 41.7221 -0.0343631 0.013567
1 43.7023 41.7237 -0.0293149 0.0165204
1 0.537271 42.6899 0.0288479 0.0134262
1 1.65349 42.6869 0.0321185 0.0143467
1 2.7695 42.6823 0.0406209 0.00661152
1 3.8875 42.6776 0.0483709 0.00667405
1 5.00722 42.673 0.0535174 -0.00225152
1 6.12883 42.6679 0.0575048 -0.00729366
1 7.25138 42.6623 0.0552604 -0.0104929
1 8.37305 42.6567 0.0519514 -0.0151094
1 9.49388 42.6502 0.0426571 -0.0161002
1 10.6151 42.6429 0.0402954 -0.0191984
1 11.7377 42.6344 0.0502509 -0.0164693
1 12.8622 42.6259 0.0637882 -0.0198375
1 13.9868 42.6183 0.0691907 -0.0235118
1 15.1103 42.6111 0.0503323 -0.0188858
1 16.2326 42.6043 0.0392734 0.000631264
1 17.3544 42.597 0.0477196 0.0220918
1 18.4761 42.5875 0.0428062 0.038863
1 19.5976 42.5774 0.0332634 0.0414156
1 20.7193 42.5704 0.0151828 0.0152515
1 21.8399 42.5678 0.000522208 -0.00884265
1 22.9601 42.5685 -0.00613709 0.00149022
1 24.0819 42.5728 -0.0229021 0.028224
1 25.2035 42.5815 -0.0412624 0.0425765
1 26.3251 42.5921 -0.050176 0.0354967
1 27.4468 42.601 -0.0423771 0.0139406
1 28.5683 42.6083 -0.0379984 -0.00850069
1 29.6915 42.616 -0.0545761 -0.0194426
1 30.8161 42.6229 -0.0678717 -0.0252865
1 31.941 42.6306 -0.0670838 -0.0239216
1 33.0646 42.6389 -0.0598019 -0.0201055
1 34.1856 42.6464 -0.0519369 -0.013958
1 35.3061 42.6538 -0.050248 -0.0132636
1 36.428 42.6596 -0.0511471 -0.017353
1 37.55 42.6646 -0.05951 -0.00866287
1 38.6719 42.6702 -0.0616553 -0.00165246
1 39.7924 42.6753 -0.0577189 0.00412118
1 40.9114 42.6801 -0.0485057 0.00612733
1 42.0284 42.6851 -0.0352774 0.0156267
1 43.1435 42.6891 -0.0268392 0.0117455
1 44.2638 42.6907 -0.0272016 0.0159962
1 -0.0237414 43.6566 0.0323878 0.0227186
1 1.09711 43.6535 0.0275739 0.0167821
1 2.21225 43.6489 0.0352428 0.0145949
1 3.32908 43.6433 0.0437362 0.00903153
1 4.4486 43.6379 0.0544411 0.00142966
1 5.56976 43.6325 0.0598609 -0.00120661
1 6.69178 43.6269 0.0624264 -0.010079
1 7.81423 43.6211 0.0614697 -0.0137948
1 8.93649 43.6145 0.0548917 -0.0166571
1 10.0586 43.6071 0.0550498 -0.0191397
1 11.1809 43.5989 0.0634097 -0.01601
1 12.3037 43.5897 0.0692193 -0.0155604
1 13.4282 43.5809 0.0641142 -0.0178715
1 14.5527 43.5733 0.0426106 -0.0122054
1 15.6753 43.567 0.0236389 -0.00334364
1 16.7971 43.5608 0.0319609 0.0165071
1 17.9186 43.5526 0.0515922 0.0376698
1 19.0398 43.5423 0.0538783 0.0529291
1 20.161 43.5334 0.0349725 0.0451089
1 21.281 43.5296 0.0123221 0.024922
1 22.3997 43.5291 -0.00351341 0.0220245
1 23.519 43.5305 -0.0261384 0.0333857
1 24.6394 43.5364 -0.0459041 0.0460426
1 25.761 43.5468 -0.0500332 0.0476838
1 26.8826 43.5571 -0.0473077 0.0323468
1 28.0038 43.5642 -0.0271528 0.00666004
1 29.1257 43.5708 -0.0300907 -0.00651016
1 30.2494 43.5786 -0.0608533 -0.0165812
1 31.3737 43.5859 -0.0667392 -0.0200142
1 32.4978 43.5944 -0.0556954 -0.0151647
1 33.6206 43.6033 -0.0478196 -0.0199024
1 34.7429 43.6107 -0.0440038 -0.0184863
1 35.8658 43.6173 -0.0519725 -0.0150358
1 36.9882 43.6238 -0.0650128 -0.00775846
1 38.1106 43.6298 -0.0577076 -0.00153835
1 39.2327 43.6356 -0.0572954 -2.0479e-05
1 40.3527 43.6407 -0.052368 0.000789536
1 41.4702 43.6463 -0.0410379 0.00951404
1 42.5862 43.6521 -0.0260326 0.0153453
1 43.7029 43.6554 -0.025756 0.0165795
1 0.538897 44.6191 0.022601 0.0263087
1 1.65549 44.6157 0.0254134 0.0139846
1 2.77156 44.6102 0.0405277 0.0107225
1 3.88908 44.6035 0.0557408 0.00434045
1 5.00914 44.5977 0.056443 0.00186368
1 6.13166 44.5913 0.060229 -0.00507724
1 7.25538 44.5852 0.0618279 -0.00956111
1 8.37869 44.5782 0.063252 -0.016524
1 9.50218 44.5708 0.0526109 -0.0237991
1 10.6257 44.5631 0.0485932 -0.0207327
1 11.7489 44.5547 0.0558756 -0.0146646
1 12.8717 44.5454 0.0655433 -0.0093784
1 13.9944 44.5365 0.0516792 -0.00493654
1 15.1172 44.5291 0.0218712 -0.00477376
1 16.2396 44.5233 0.0158641 0.00202898
1 17.3615 44.5169 0.0350975 0.022297
1 18.483 44.5078 0.0544722 0.0461653
1 19.6031 44.4981 0.0499067 0.0588827
1 20.7216 44.492 0.0259188 0.0544543
1 21.8404 44.4903 0.00328093 0.0485248
1 22.9593 44.4907 -0.0165644 0.0466367
1 24.0778 44.4937 -0.0364128 0.0552013
1 25.1971 44.5016 -0.0539015 0.0534377
1 26.318 44.5121 -0.0498435 0.0361734
1 27.4397 44.5207 -0.0269005 0.0122038
1 28.5616 44.5268 -0.0130229 -0.00171082
1 29.6841 44.5341 -0.0319378 -0.000979466
1 30.8073 44.5422 -0.0589779 -0.00894541
1 31.9304 44.55 -0.0667074 -0.0155981
1 33.0534 44.5589 -0.0609115 -0.0171858
1 34.1764 44.5667 -0.0549513 -0.0260142
1 35.3001 44.5737 -0.0600274 -0.020097
1 36.4232 44.5819 -0.0688689 -0.00436734
1 37.5459 44.5889 -0.0650729 -0.005379
1 38.6691 44.5944 -0.0568149 -0.00175465
1 39.7916 44.6003 -0.0532588 -0.000155709
1 40.911 44.6068 -0.0487148 0.0035626
1 42.0279 44.6132 -0.036667 0.0109408
1 43.143 44.6185 -0.0337648 0.0251697
1 44.2636 44.622 -0.042837 0.0327903
1 -0.0217164 45.5836 0.0374198 0.0351893
1 1.10005 45.5808 0.0406733 0.0175691
1 2.2152 45.5761 0.0448243 0.00581383
1 3.33213 45.5696 0.0588945 -0.00226446
1 4.45156 45.5625 0.0679486 0.00101784
1 5.57367 45.5552 0.0686066 0.000867921
1 6.6971 45.5487 0.0670056 -0.00680279
1 7.82171 45.5416 0.0686104 -0.0151427
1 8.94614 45.5332 0.0605134 -0.0252021
1 10.0702 45.5258 0.0548212 -0.0274667
1 11.1933 45.5186 0.0530978 -0.0136138
1 12.3154 45.5104 0.0479159 -0.00635203
1 13.4378 45.5011 0.0446868 0.000622544
1 14.5601 45.492 0.029193 0.00255593
1 15.6825 45.4848 0.0125042 -0.00281605
1 16.8045 45.4791 0.0162903 0.000600371
1 17.9256 45.4724 0.0358157 0.02817
1 19.0455 45.464 0.0438322 0.056283
1 20.1635 45.4562 0.0330236 0.0717418
1 21.2808 45.4513 0.0174876 0.075993
1 22.4 45.4501 -0.00652521 0.0723395
1 23.5183 45.4529 -0.0262817 0.0691981
1 24.6354 45.4588 -0.0384812 0.0617206
1 25.7542 45.4669 -0.0399601 0.0440977
1 26.8751 45.4757 -0.0249623 0.0165803
1 27.9971 45.4826 -0.0130453 0.000517168
1 29.119 45.4895 -0.0237538 0.00358512
1 30.2411 45.4984 -0.043887 0.00239535
1 31.3634 45.5067 -0.0501527 -0.00760121
1 32.4855 45.514 -0.0493842 -0.0126486
1 33.6084 45.5218 -0.0455808 -0.0215657
1 34.7328 45.529 -0.0525699 -0.0256213
1 35.8567 45.5376 -0.0695568 -0.013785
1 36.9808 45.5462 -0.0650514 -0.00908172
1 38.1052 45.5522 -0.0633797 -0.00517187
1 39.2282 45.558 -0.0656384 -0.00444323
1 40.3494 45.5651 -0.055345 -0.0049853
1 41.4679 45.5728 -0.0453116 0.00470685
1 42.5837 45.5798 -0.0391608 0.0169514
1 43.7001 45.5836 -0.0304076 0.0301124
1 0.54328 46.5443 0.041559 0.0257256
1 1.65965 46.5423 0.0429995 0.0121345
1 2.77661 46.5354 0.0521462 -0.00548142
1 3.89577 46.5274 0.0633579 -0.00899735
1 5.01724 46.5194 0.0670574 0.000447349
1 6.14086 46.5121 0.0731331 -0.00156747
1 7.26536 46.5049 0.0793169 -0.0111072
1 8.38995 46.4963 0.0711082 -0.0211304
1 9.51438 46.4877 0.0535133 -0.0324875
1 10.6381 46.4817 0.0423514 -0.0198379
1 11.7601 46.4754 0.0369589 0.000528709
1 12.8821 46.4663 0.0394875 0.00377116
1 14.0045 46.4563 0.0407054 0.000181208
1 15.1265 46.4471 0.0248848 0.0038045
1 16.2482 46.4405 0.00873553 -0.00171207
1 17.3685 46.4357 0.0117359 0.00806422
1 18.4882 46.4288 0.0210499 0.0359094
1 19.6071 46.4216 0.0209779 0.0635938
1 20.7241 46.4147 0.0173316 0.0897115
1 21.8409 46.4098 -0.00026251 0.0986282
1 22.9582 46.4115 -0.0107949 0.0907327
1 24.0749 46.4176 -0.0138641 0.0756877
1 25.1921 46.4239 -0.0286353 0.0482621
1 26.3113 46.4311 -0.020048 0.0219852
1 27.4314 46.4383 -0.00739447 0.0070162
1 28.552 46.445 -0.0157683 0.00583465
1 29.6742 46.4533 -0.0262272 0.00268435
1 30.7978 46.463 -0.0337648 -0.00217309
1 31.9201 46.4713 -0.0426173 -0.00338987
1 33.0412 46.4776 -0.0425992 -0.00905476
1 34.1645 46.4836 -0.0422812 -0.0255415
1 35.2889 46.492 -0.0609258 -0.0244882
1 36.4135 46.5014 -0.0706384 -0.0145632
1 37.5389 46.5088 -0.0768247 -0.00398933
1 38.6623 46.5152 -0.0806959 -0.00496236
1 39.7843 46.5221 -0.0732499 -0.00723805
1 40.9051 46.531 -0.0645418 -0.0103636
1 42.0228 46.5397 -0.0558788 -0.00322492
1 43.1389 46.5453 -0.0515965 0.016128
1 44.2609 46.5466 -0.0422313 0.0474177
1 -0.0221286 47.5063 0.0654908 0.0440921
1 1.10108 47.512 0.0641065 0.0200503
1 2.2208 47.5063 0.0657948 -0.00660397
1 3.34062 47.4975 0.0668917 -0.0105344
1 4.46177 47.4892 0.073035 -0.0100818
1 5.58457 47.4807 0.0755837 0.00205411
1 6.70866 47.4733 0.0835367 -0.00528284
1 7.83388 47.4655 0.081161 -0.0146346
1 8.95874 47.4554 0.0616075 -0.0237156
1 10.0817 47.4485 0.0349952 -0.0273033
1 11.2044 47.4446 0.0262142 -0.00546676
1 12.3269 47.4371 0.0350082 0.0103211
1 13.4499 47.4267 0.039261 -0.00136872
1 14.5725 47.4161 0.0269906 0.00405271
1 15.6934 47.408 0.00887727 0.00669438
1 16.8129 47.404 0.00237899 -0.000117132
1 17.932 47.3982 0.00474593 0.0143818
1 19.0511 47.3911 0.00126218 0.0439377
1 20.1691 47.3851 -0.00571775 0.0821166
1 21.2845 47.3781 -0.00454603 0.106045
1 22.3985 47.3759 0.00163378 0.106349
1 23.5134 47.3813 0.0086454 0.0908679
1 24.6302 47.3873 0.00341362 0.0596537
1 25.7485 47.3932 -0.00611576 0.0277922
1 26.8674 47.4008 -0.00471516 0.0109922
1 27.9864 47.4071 -0.00562214 0.0114958
1 29.1065 47.4134 -0.015082 0.00714055
1 30.2292 47.4224 -0.0346169 -0.00682156
1 31.3529 47.4328 -0.0407185 0.00210943
1 32.4757 47.4412 -0.0316298 0.00133357
1 33.5978 47.4453 -0.0279745 -0.0184412
1 34.7202 47.4512 -0.0503591 -0.02449
1 35.8438 47.4611 -0.0790638 -0.0201282
1 36.969 47.4693 -0.0858586 -0.0082986
1 38.0939 47.4769 -0.0761714 0.0046502
1 39.2173 47.484 -0.0709058 -0.0104045
1 40.3389 47.492 -0.0637709 -0.00968823
1 41.4591 47.5026 -0.066904 -0.00980251
1 42.5779 47.5102 -0.0707603 0.00462167
1 43.6978 47.5137 -0.0676523 0.0245426
