1 0.560021 2.05614e-05 0.0031426 0.00309483
1 1.68001 3.95383e-05 0.00172098 0.00592583
1 2.8 4.0802e-05 0.000103824 0.00612109
1 3.92 4.10748e-05 2.56808e-05 0.00616216
1 5.04 4.10912e-05 -5.50709e-06 0.00616463
1 6.16 4.10185e-05 -5.18355e-05 0.00615388
1 7.28 4.1069e-05 2.14389e-05 0.00616127
1 8.4 4.1069e-05 -2.18465e-05 0.00616127
1 9.52 4.09052e-05 -0.000152097 0.00613696
1 10.64 4.1069e-05 2.12363e-05 0.00616127
1 11.76 4.1069e-05 -2.12363e-05 0.00616127
1 12.88 4.09052e-05 0.000152097 0.00613696
1 14 4.1069e-05 2.18465e-05 0.00616127
1 15.12 4.1069e-05 -2.14419e-05 0.00616127
1 16.24 4.10152e-05 5.02272e-05 0.00615337
1 17.36 4.1079e-05 4.55894e-09 0.00616279
1 18.48 4.10152e-05 -5.03084e-05 0.00615313
1 19.6 4.10152e-05 5.0133e-05 0.00615344
1 20.72 4.1079e-05 1.36786e-17 0.00616279
1 21.84 4.10152e-05 -5.0133e-05 0.00615344
1 22.96 4.10152e-05 5.03084e-05 0.00615313
1 24.08 4.1079e-05 -4.67289e-09 0.00616279
1 25.2 4.10152e-05 -5.02181e-05 0.00615338
1 26.32 4.10748e-05 2.54142e-05 0.00616215
1 27.44 4.10912e-05 -5.50351e-06 0.00616463
1 28.56 4.10185e-05 -5.18351e-05 0.00615388
1 29.68 4.1069e-05 2.14389e-05 0.00616127
1 30.8 4.1069e-05 -2.18465e-05 0.00616127
1 31.92 4.09052e-05 -0.000152097 0.00613696
1 33.04 4.1069e-05 2.12363e-05 0.00616127
1 34.16 4.1069e-05 -2.12363e-05 0.00616127
1 35.28 4.09052e-05 0.000152097 0.00613696
1 36.4 4.1069e-05 2.18465e-05 0.00616127
1 37.52 4.1069e-05 -2.14419e-05 0.00616127
1 38.64 4.10152e-05 5.02279e-05 0.00615337
1 39.76 4.1079e-05 1.23898e-08 0.0061628
1 40.88 4.10152e-05 -5.08884e-05 0.00615316
1 42 4.03008e-05 -0.000294038 0.00604482
1 43.12 2.79132e-05 -0.00464646 0.00418786
1 44.24 3.18252e-05 -0.00210336 0.00477794
1 2.74166e-05 0.969981 0.00411871 0.0048942
1 1.12005 0.969989 0.0077275 0.00615941
1 2.24 0.96999 0.000513057 0.00635541
1 3.36 0.969991 7.70568e-05 0.00639416
1 4.48 0.969991 9.27851e-06 0.00640018
1 5.6 0.969991 -2.88031e-05 0.00639784
1 6.72 0.969991 7.34167e-05 0.0063939
1 7.84 0.969991 8.50996e-09 0.00639907
1 8.96 0.969991 -7.35596e-05 0.0063938
1 10.08 0.969991 7.32039e-05 0.00639389
1 11.2 0.969991 8.3592e-19 0.00639907
1 12.32 0.969991 -7.32039e-05 0.00639389
1 13.44 0.969991 7.35596e-05 0.0063938
1 14.56 0.969991 -8.37367e-09 0.00639907
1 15.68 0.969991 -7.34256e-05 0.0063939
1 16.8 0.969991 2.49427e-05 0.00639707
1 17.92 0.969991 -2.54423e-05 0.00639708
1 19.04 0.969991 -0.000175901 0.00637785
1 20.16 0.969991 2.4736e-05 0.00639707
1 21.28 0.969991 -2.4736e-05 0.00639707
1 22.4 0.969991 0.000175901 0.00637785
1 23.52 0.969991 2.54423e-05 0.00639708
1 24.64 0.969991 -2.49378e-05 0.00639707
1 25.76 0.969991 7.60045e-05 0.00639425
1 26.88 0.969991 9.29695e-06 0.00640017
1 28 0.969991 -2.88017e-05 0.00639784
1 29.12 0.969991 7.34167e-05 0.0063939
1 30.24 0.969991 8.50997e-09 0.00639907
1 31.36 0.969991 -7.35596e-05 0.0063938
1 32.48 0.969991 7.32039e-05 0.00639389
1 33.6 0.969991 9.56512e-15 0.00639907
1 34.72 0.969991 -7.32039e-05 0.00639389
1 35.84 0.969991 7.35596e-05 0.0063938
1 36.96 0.969991 -8.37366e-09 0.00639907
1 38.08 0.969991 -7.34256e-05 0.0063939
1 39.2 0.969991 2.49456e-05 0.00639708
1 40.32 0.969991 -2.53962e-05 0.00639708
1 41.44 0.969991 -0.000179818 0.00637753
1 42.56 0.96999 -0.00189761 0.00622519
1 43.68 0.969982 -0.00622145 0.00506484
1 0.560047 1.9399 0.00701125 0.000514666
1 1.68001 1.9399 0.00207923 0.000599755
1 2.8 1.9399 0.000127628 0.000619301
1 3.92 1.9399 3.51294e-05 0.000630713
1 5.04 1.9399 -8.98574e-06 0.000631331
1 6.16 1.9399 -8.11869e-05 0.000627725
1 7.28 1.9399 2.95872e-05 0.000630409
1 8.4 1.9399 -3.01594e-05 0.000630409
1 9.52 1.9399 -0.000204511 0.00062484
1 10.64 1.9399 2.93385e-05 0.000630408
1 11.76 1.9399 -2.93385e-05 0.000630408
1 12.88 1.9399 0.000204511 0.00062484
1 14 1.9399 3.01595e-05 0.000630409
1 15.12 1.9399 -2.95918e-05 0.000630409
1 16.24 1.9399 7.87629e-05 0.000627499
1 17.36 1.9399 9.30855e-09 0.000630532
1 18.48 1.9399 -7.89204e-05 0.00062744
1 19.6 1.9399 7.85387e-05 0.000627493
1 20.72 1.9399 1.72675e-17 0.000630531
1 21.84 1.9399 -7.85387e-05 0.000627493
1 22.96 1.9399 7.89203e-05 0.00062744
1 24.08 1.9399 -9.49496e-09 0.000630532
1 25.2 1.9399 -7.87509e-05 0.0006275
1 26.32 1.9399 3.47802e-05 0.00063071
1 27.44 1.9399 -8.98021e-06 0.000631331
1 28.56 1.9399 -8.11863e-05 0.000627725
1 29.68 1.9399 2.95872e-05 0.000630409
1 30.8 1.9399 -3.01594e-05 0.000630409
1 31.92 1.9399 -0.000204511 0.00062484
1 33.04 1.9399 2.93385e-05 0.000630408
1 34.16 1.9399 -2.93385e-05 0.000630408
1 35.28 1.9399 0.000204511 0.00062484
1 36.4 1.9399 3.01595e-05 0.000630409
1 37.52 1.9399 -2.95918e-05 0.000630409
1 38.64 1.9399 7.87642e-05 0.000627499
1 39.76 1.9399 2.26821e-08 0.000630532
1 40.88 1.9399 -7.98701e-05 0.000627448
1 42 1.9399 -0.000491214 0.00060431
1 43.1199 1.9399 -0.00788277 0.000533517
1 44.24 1.9399 -0.00490296 0.000329505
1 3.31762e-05 2.90985 0.00498425 -6.71763e-06
1 1.12005 2.90985 0.00794169 -1.3406e-05
1 2.24 2.90985 0.000551472 -1.323e-05
1 3.36 2.90985 8.70614e-05 -1.31622e-05
1 4.48 2.90985 1.03451e-05 -1.31476e-05
1 5.6 2.90985 -3.46635e-05 -1.31554e-05
1 6.72 2.90985 8.29837e-05 -1.31405e-05
1 7.84 2.90985 1.04988e-08 -1.31502e-05
1 8.96 2.90985 -8.31796e-05 -1.31623e-05
1 10.08 2.90985 8.27604e-05 -1.31427e-05
1 11.2 2.90985 -1.55908e-18 -1.31505e-05
1 12.32 2.90985 -8.27604e-05 -1.31427e-05
1 13.44 2.90985 8.31796e-05 -1.31623e-05
1 14.56 2.90985 -1.03133e-08 -1.31502e-05
1 15.68 2.90985 -8.2995e-05 -1.31416e-05
1 16.8 2.90985 2.99071e-05 -1.31584e-05
1 17.92 2.90985 -3.04877e-05 -1.31581e-05
1 19.04 2.90985 -0.000206722 -1.3142e-05
1 20.16 2.90985 2.96579e-05 -1.31585e-05
1 21.28 2.90985 -2.96579e-05 -1.31585e-05
1 22.4 2.90985 0.000206722 -1.3142e-05
1 23.52 2.90985 3.04876e-05 -1.31581e-05
1 24.64 2.90985 -2.99017e-05 -1.31584e-05
1 25.76 2.90985 8.58975e-05 -1.31408e-05
1 26.88 2.90985 1.0367e-05 -1.3148e-05
1 28 2.90985 -3.46618e-05 -1.31555e-05
1 29.12 2.90985 8.29837e-05 -1.31405e-05
1 30.24 2.90985 1.04988e-08 -1.31502e-05
1 31.36 2.90985 -8.31796e-05 -1.31623e-05
1 32.48 2.90985 8.27604e-05 -1.31427e-05
1 33.6 2.90985 9.49411e-15 -1.31505e-05
1 34.72 2.90985 -8.27604e-05 -1.31427e-05
1 35.84 2.90985 8.31796e-05 -1.31623e-05
1 36.96 2.90985 -1.03132e-08 -1.31502e-05
1 38.08 2.90985 -8.2995e-05 -1.31416e-05
1 39.2 2.90985 2.99109e-05 -1.31583e-05
1 40.32 2.90985 -3.04296e-05 -1.31572e-05
1 41.44 2.90985 -0.000211064 -1.31978e-05
1 42.56 2.90985 -0.00206979 -1.33615e-05
1 43.68 2.90985 -0.00705026 -1.375e-05
1 0.560047 3.87979 0.00708771 3.20209e-05
1 1.68001 3.87979 0.00210827 3.52634e-05
1 2.8 3.87979 0.000130235 3.6297e-05
1 3.92 3.87979 3.83114e-05 3.81119e-05
1 5.04 3.87979 -1.06893e-05 3.81108e-05
1 6.16 3.87979 -8.99469e-05 3.74838e-05
1 7.28 3.87979 3.23148e-05 3.8112e-05
1 8.4 3.87979 -3.29268e-05 3.81121e-05
1 9.52 3.87979 -0.00021577 3.74855e-05
1 10.64 3.87979 3.20608e-05 3.8112e-05
1 11.76 3.87979 -3.20608e-05 3.8112e-05
1 12.88 3.87979 0.00021577 3.74855e-05
1 14 3.87979 3.29269e-05 3.81121e-05
1 15.12 3.87979 -3.23205e-05 3.8112e-05
1 16.24 3.87979 8.68886e-05 3.73615e-05
1 17.36 3.87979 1.04581e-08 3.78068e-05
1 18.48 3.87979 -8.70759e-05 3.73501e-05
1 19.6 3.87979 8.66545e-05 3.73658e-05
1 20.72 3.87979 1.54266e-17 3.78064e-05
1 21.84 3.87979 -8.66545e-05 3.73658e-05
1 22.96 3.87979 8.70759e-05 3.73501e-05
1 24.08 3.87979 -1.06646e-08 3.78068e-05
1 25.2 3.87979 -8.68753e-05 3.73615e-05
1 26.32 3.87979 3.79441e-05 3.81115e-05
1 27.44 3.87979 -1.06834e-05 3.81107e-05
1 28.56 3.87979 -8.99462e-05 3.74838e-05
1 29.68 3.87979 3.23148e-05 3.8112e-05
1 30.8 3.87979 -3.29268e-05 3.81121e-05
1 31.92 3.87979 -0.00021577 3.74855e-05
1 33.04 3.87979 3.20608e-05 3.8112e-05
1 34.16 3.87979 -3.20608e-05 3.8112e-05
1 35.28 3.87979 0.00021577 3.74855e-05
1 36.4 3.87979 3.29269e-05 3.81121e-05
1 37.52 3.87979 -3.23205e-05 3.8112e-05
1 38.64 3.87979 8.689e-05 3.73615e-05
1 39.76 3.87979 2.50464e-08 3.78069e-05
1 40.88 3.87979 -8.80664e-05 3.73509e-05
1 42 3.87979 -0.00050925 3.45003e-05
1 43.1199 3.87979 -0.00795135 3.16808e-05
1 44.24 3.87979 -0.00501488 1.93033e-05
1 3.33987e-05 4.84975 0.00501788 -1.9549e-05
1 1.12005 4.84975 0.00796203 -3.23003e-05
1 2.24 4.84975 0.000558175 -3.56263e-05
1 3.36 4.84975 9.11291e-05 -3.78691e-05
1 4.48 4.84975 1.06613e-05 -3.8515e-05
1 5.6 4.84975 -3.79463e-05 -3.8515e-05
1 6.72 4.84975 8.68745e-05 -3.77569e-05
1 7.84 4.84975 1.07818e-08 -3.82091e-05
1 8.96 4.84975 -8.70764e-05 -3.77479e-05
1 10.08 4.84975 8.66494e-05 -3.77538e-05
1 11.2 4.84975 -6.41509e-19 -3.8209e-05
1 12.32 4.84975 -8.66494e-05 -3.77538e-05
1 13.44 4.84975 8.70764e-05 -3.77479e-05
1 14.56 4.84975 -1.05736e-08 -3.82091e-05
1 15.68 4.84975 -8.68877e-05 -3.77569e-05
1 16.8 4.84975 3.23208e-05 -3.85149e-05
1 17.92 4.84975 -3.29272e-05 -3.85149e-05
1 19.04 4.84975 -0.00021577 -3.78793e-05
1 20.16 4.84975 3.20611e-05 -3.85149e-05
1 21.28 4.84975 -3.20611e-05 -3.85149e-05
1 22.4 4.84975 0.00021577 -3.78793e-05
1 23.52 4.84975 3.29271e-05 -3.85149e-05
1 24.64 4.84975 -3.23151e-05 -3.85149e-05
1 25.76 4.84975 8.99452e-05 -3.78794e-05
1 26.88 4.84975 1.06837e-05 -3.85149e-05
1 28 4.84975 -3.79445e-05 -3.8515e-05
1 29.12 4.84975 8.68745e-05 -3.77569e-05
1 30.24 4.84975 1.07818e-08 -3.82091e-05
1 31.36 4.84975 -8.70764e-05 -3.77479e-05
1 32.48 4.84975 8.66494e-05 -3.77538e-05
1 33.6 4.84975 9.55327e-15 -3.8209e-05
1 34.72 4.84975 -8.66494e-05 -3.77538e-05
1 35.84 4.84975 8.70764e-05 -3.77479e-05
1 36.96 4.84975 -1.05736e-08 -3.82091e-05
1 38.08 4.84975 -8.68877e-05 -3.77569e-05
1 39.2 4.84975 3.23248e-05 -3.85149e-05
1 40.32 4.84975 -3.28677e-05 -3.85149e-05
1 41.44 4.84975 -0.000220164 -3.78689e-05
1 42.56 4.84975 -0.00208646 -3.56264e-05
1 43.68 4.84975 -0.00708206 -3.23197e-05
1 0.560047 5.81969 0.00707432 -6.61522e-05
1 1.68001 5.81969 0.0021006 -9.00351e-05
1 2.8 5.81969 0.000128021 -9.9366e-05
1 3.92 5.81969 3.7125e-05 -0.000106136
1 5.04 5.81969 -1.06907e-05 -0.00010688
1 6.16 5.81969 -8.8765e-05 -0.000105504
1 7.28 5.81969 3.14578e-05 -0.000105722
1 8.4 5.81969 -3.20606e-05 -0.000105722
1 9.52 5.81969 -0.000212377 -0.000102119
1 10.64 5.81969 3.12083e-05 -0.000105722
1 11.76 5.81969 -3.12083e-05 -0.000105722
1 12.88 5.81969 0.000212377 -0.000102119
1 14 5.81969 3.20607e-05 -0.000105722
1 15.12 5.81969 -3.14635e-05 -0.000105722
1 16.24 5.81969 8.57063e-05 -0.000105382
1 17.36 5.81969 1.06345e-08 -0.000106579
1 18.48 5.81969 -8.59002e-05 -0.000105382
1 19.6 5.81969 8.54738e-05 -0.000105389
1 20.72 5.81969 1.35839e-17 -0.000106578
1 21.84 5.81969 -8.54738e-05 -0.000105389
1 22.96 5.81969 8.59002e-05 -0.000105382
1 24.08 5.81969 -1.08472e-08 -0.000106579
1 25.2 5.81969 -8.56933e-05 -0.000105382
1 26.32 5.81969 3.67649e-05 -0.000106136
1 27.44 5.81969 -1.06847e-05 -0.00010688
1 28.56 5.81969 -8.87643e-05 -0.000105504
1 29.68 5.81969 3.14578e-05 -0.000105722
1 30.8 5.81969 -3.20606e-05 -0.000105722
1 31.92 5.81969 -0.000212377 -0.000102119
1 33.04 5.81969 3.12083e-05 -0.000105722
1 34.16 5.81969 -3.12083e-05 -0.000105722
1 35.28 5.81969 0.000212377 -0.000102119
1 36.4 5.81969 3.20607e-05 -0.000105722
1 37.52 5.81969 -3.14635e-05 -0.000105722
1 38.64 5.81969 8.57077e-05 -0.000105382
1 39.76 5.81969 2.52713e-08 -0.000106579
1 40.88 5.81969 -8.68831e-05 -0.000105382
1 42 5.81969 -0.000507043 -9.75862e-05
1 43.1199 5.81969 -0.0079437 -8.64527e-05
1 44.24 5.81969 -0.00500154 -6.85767e-05
1 3.33009e-05 6.78964 0.00500339 6.39261e-05
1 1.12005 6.78964 0.00795354 8.07091e-05
1 2.24 6.78964 0.000555674 9.16246e-05
1 3.36 6.78964 8.96516e-05 9.79171e-05
1 4.48 6.78964 1.06625e-05 9.9157e-05
1 5.6 6.78964 -3.64662e-05 9.85449e-05
1 6.72 6.78964 8.53934e-05 9.77885e-05
1 7.84 6.78964 1.08317e-08 9.88558e-05
1 8.96 6.78964 -8.56001e-05 9.77915e-05
1 10.08 6.78964 8.51742e-05 9.77956e-05
1 11.2 6.78964 -2.42428e-18 9.88557e-05
1 12.32 6.78964 -8.51742e-05 9.77956e-05
1 13.44 6.78964 8.56001e-05 9.77915e-05
1 14.56 6.78964 -1.06254e-08 9.88558e-05
1 15.68 6.78964 -8.5406e-05 9.77889e-05
1 16.8 6.78964 3.12744e-05 9.82464e-05
1 17.92 6.78964 -3.18698e-05 9.82464e-05
1 19.04 6.78964 -0.000211787 9.50274e-05
1 20.16 6.78964 3.10198e-05 9.82464e-05
1 21.28 6.78964 -3.10198e-05 9.82464e-05
1 22.4 6.78964 0.000211787 9.50274e-05
1 23.52 6.78964 3.18698e-05 9.82464e-05
1 24.64 6.78964 -3.12688e-05 9.82464e-05
1 25.76 6.78964 8.84642e-05 9.79101e-05
1 26.88 6.78964 1.06849e-05 9.91569e-05
1 28 6.78964 -3.64644e-05 9.85449e-05
1 29.12 6.78964 8.53934e-05 9.77885e-05
1 30.24 6.78964 1.08317e-08 9.88558e-05
1 31.36 6.78964 -8.56001e-05 9.77915e-05
1 32.48 6.78964 8.51742e-05 9.77956e-05
1 33.6 6.78964 9.52002e-15 9.88557e-05
1 34.72 6.78964 -8.51742e-05 9.77956e-05
1 35.84 6.78964 8.56001e-05 9.77915e-05
1 36.96 6.78964 -1.06254e-08 9.88558e-05
1 38.08 6.78964 -8.5406e-05 9.77889e-05
1 39.2 6.78964 3.12784e-05 9.82465e-05
1 40.32 6.78964 -3.18102e-05 9.82465e-05
1 41.44 6.78964 -0.000216179 9.50379e-05
1 42.56 6.78964 -0.002079 8.30766e-05
1 43.68 6.78964 -0.00706791 6.10733e-05
1 0.560047 7.75958 0.00708445 1.48808e-05
1 1.68001 7.75958 0.0021066 1.48409e-05
1 2.8 7.75958 0.000130223 1.48399e-05
1 3.92 7.75958 3.79961e-05 1.48399e-05
1 5.04 7.75958 -1.03719e-05 1.48399e-05
1 6.16 7.75958 -8.8863e-05 1.48399e-05
1 7.28 7.75958 3.20017e-05 1.48399e-05
1 8.4 7.75958 -3.26093e-05 1.48399e-05
1 9.52 7.75958 -0.000214687 1.48398e-05
1 10.64 7.75958 3.17477e-05 1.48399e-05
1 11.76 7.75958 -3.17477e-05 1.48399e-05
1 12.88 7.75958 0.000214687 1.48398e-05
1 14 7.75958 3.26094e-05 1.48399e-05
1 15.12 7.75958 -3.20071e-05 1.48399e-05
1 16.24 7.75958 8.59603e-05 1.48399e-05
1 17.36 7.75958 1.04311e-08 1.48399e-05
1 18.48 7.75958 -8.6145e-05 1.48399e-05
1 19.6 7.75958 8.57225e-05 1.48398e-05
1 20.72 7.75958 1.53751e-17 1.48399e-05
1 21.84 7.75958 -8.57225e-05 1.48398e-05
1 22.96 7.75958 8.6145e-05 1.48399e-05
1 24.08 7.75958 -1.06404e-08 1.48399e-05
1 25.2 7.75958 -8.59471e-05 1.48399e-05
1 26.32 7.75958 3.76307e-05 1.48399e-05
1 27.44 7.75958 -1.03659e-05 1.48399e-05
1 28.56 7.75958 -8.88623e-05 1.48399e-05
1 29.68 7.75958 3.20017e-05 1.48399e-05
1 30.8 7.75958 -3.26093e-05 1.48399e-05
1 31.92 7.75958 -0.000214687 1.48398e-05
1 33.04 7.75958 3.17477e-05 1.48399e-05
1 34.16 7.75958 -3.17477e-05 1.48399e-05
1 35.28 7.75958 0.000214687 1.48398e-05
1 36.4 7.75958 3.26094e-05 1.48399e-05
1 37.52 7.75958 -3.20071e-05 1.48399e-05
1 38.64 7.75958 8.59617e-05 1.48399e-05
1 39.76 7.75958 2.51091e-08 1.48399e-05
1 40.88 7.75958 -8.71314e-05 1.48399e-05
1 42 7.75958 -0.000508188 1.48402e-05
1 43.1199 7.75958 -0.00794841 1.48598e-05
1 44.24 7.75958 -0.00501091 7.44181e-06
1 3.33009e-05 8.72954 0.00500338 -7.88165e-05
1 1.12005 8.72954 0.00795354 -0.000110443
1 2.24 8.72954 0.000555673 -0.000121321
1 3.36 8.72954 8.96506e-05 -0.000127616
1 4.48 8.72954 1.06622e-05 -0.000128857
1 5.6 8.72954 -3.64659e-05 -0.000128245
1 6.72 8.72954 8.53935e-05 -0.000127488
1 7.84 8.72954 1.0808e-08 -0.000128555
1 8.96 8.72954 -8.55994e-05 -0.00012749
1 10.08 8.72954 8.5174e-05 -0.000127495
1 11.2 8.72954 -1.33831e-19 -0.000128555
1 12.32 8.72954 -8.5174e-05 -0.000127495
1 13.44 8.72954 8.55994e-05 -0.00012749
1 14.56 8.72954 -1.06017e-08 -0.000128555
1 15.68 8.72954 -8.54062e-05 -0.000127489
1 16.8 8.72954 3.12742e-05 -0.000127946
1 17.92 8.72954 -3.18696e-05 -0.000127946
1 19.04 8.72954 -0.000211787 -0.000124728
1 20.16 8.72954 3.10195e-05 -0.000127946
1 21.28 8.72954 -3.10195e-05 -0.000127946
1 22.4 8.72954 0.000211787 -0.000124728
1 23.52 8.72954 3.18695e-05 -0.000127946
1 24.64 8.72954 -3.12685e-05 -0.000127946
1 25.76 8.72954 8.84642e-05 -0.00012761
1 26.88 8.72954 1.06847e-05 -0.000128857
1 28 8.72954 -3.64641e-05 -0.000128245
1 29.12 8.72954 8.53935e-05 -0.000127488
1 30.24 8.72954 1.0808e-08 -0.000128555
1 31.36 8.72954 -8.55994e-05 -0.00012749
1 32.48 8.72954 8.5174e-05 -0.000127495
1 33.6 8.72954 9.51312e-15 -0.000128555
1 34.72 8.72954 -8.5174e-05 -0.000127495
1 35.84 8.72954 8.55994e-05 -0.00012749
1 36.96 8.72954 -1.06017e-08 -0.000128555
1 38.08 8.72954 -8.54062e-05 -0.000127489
1 39.2 8.72954 3.12782e-05 -0.000127946
1 40.32 8.72954 -3.181e-05 -0.000127946
1 41.44 8.72954 -0.000216178 -0.000124736
1 42.56 8.72954 -0.002079 -0.000112775
1 43.68 8.72954 -0.00706791 -9.08489e-05
1 0.560047 9.69948 0.00707311 9.11756e-05
1 1.68001 9.69948 0.00209976 0.000113716
1 2.8 9.69948 0.000127727 0.000122371
1 3.92 9.69948 3.68231e-05 0.000128275
1 5.04 9.69948 -1.06907e-05 0.000128887
1 6.16 9.69948 -8.8465e-05 0.00012764
1 7.28 9.69948 3.12685e-05 0.000127976
1 8.4 9.69948 -3.18695e-05 0.000127976
1 9.52 9.69948 -0.000211787 0.000124758
1 10.64 9.69948 3.10195e-05 0.000127976
1 11.76 9.69948 -3.10195e-05 0.000127976
1 12.88 9.69948 0.000211787 0.000124758
1 14 9.69948 3.18695e-05 0.000127976
1 15.12 9.69948 -3.12741e-05 0.000127976
1 16.24 9.69948 8.54062e-05 0.000127519
1 17.36 9.69948 1.06015e-08 0.000128585
1 18.48 9.69948 -8.55995e-05 0.00012752
1 19.6 9.69948 8.51741e-05 0.000127525
1 20.72 9.69948 1.38257e-17 0.000128585
1 21.84 9.69948 -8.51741e-05 0.000127525
1 22.96 9.69948 8.55995e-05 0.00012752
1 24.08 9.69948 -1.08078e-08 0.000128585
1 25.2 9.69948 -8.53936e-05 0.000127519
1 26.32 9.69948 3.64641e-05 0.000128275
1 27.44 9.69948 -1.06847e-05 0.000128887
1 28.56 9.69948 -8.84643e-05 0.00012764
1 29.68 9.69948 3.12685e-05 0.000127976
1 30.8 9.69948 -3.18695e-05 0.000127976
1 31.92 9.69948 -0.000211787 0.000124758
1 33.04 9.69948 3.10195e-05 0.000127976
1 34.16 9.69948 -3.10195e-05 0.000127976
1 35.28 9.69948 0.000211787 0.000124758
1 36.4 9.69948 3.18695e-05 0.000127976
1 37.52 9.69948 -3.12741e-05 0.000127976
1 38.64 9.69948 8.54077e-05 0.000127519
1 39.76 9.69948 2.52311e-08 0.000128585
1 40.88 9.69948 -8.65813e-05 0.00012752
1 42 9.69948 -0.000506749 0.000120591
1 43.1199 9.69948 -0.00794286 0.000110167
1 44.24 9.69948 -0.00500032 7.87083e-05
1 3.33724e-05 10.6694 0.00501384 -7.05589e-06
1 1.12005 10.6694 0.00795878 -1.44779e-05
1 2.24 10.6694 0.000556505 -1.44602e-05
1 3.36 10.6694 9.00372e-05 -1.44606e-05
1 4.48 10.6694 1.03436e-05 -1.44607e-05
1 5.6 10.6694 -3.76326e-05 -1.44607e-05
1 6.72 10.6694 8.59469e-05 -1.44605e-05
1 7.84 10.6694 1.06403e-08 -1.44607e-05
1 8.96 10.6694 -8.61448e-05 -1.44606e-05
1 10.08 10.6694 8.57223e-05 -1.44605e-05
1 11.2 10.6694 -1.45473e-18 -1.44607e-05
1 12.32 10.6694 -8.57223e-05 -1.44605e-05
1 13.44 10.6694 8.61448e-05 -1.44606e-05
1 14.56 10.6694 -1.04312e-08 -1.44607e-05
1 15.68 10.6694 -8.59601e-05 -1.44605e-05
1 16.8 10.6694 3.20071e-05 -1.44607e-05
1 17.92 10.6694 -3.26094e-05 -1.44607e-05
1 19.04 10.6694 -0.000214687 -1.44607e-05
1 20.16 10.6694 3.17477e-05 -1.44607e-05
1 21.28 10.6694 -3.17477e-05 -1.44607e-05
1 22.4 10.6694 0.000214687 -1.44607e-05
1 23.52 10.6694 3.26093e-05 -1.44607e-05
1 24.64 10.6694 -3.20017e-05 -1.44607e-05
1 25.76 10.6694 8.88621e-05 -1.44605e-05
1 26.88 10.6694 1.03658e-05 -1.44607e-05
1 28 10.6694 -3.76308e-05 -1.44607e-05
1 29.12 10.6694 8.59469e-05 -1.44605e-05
1 30.24 10.6694 1.06403e-08 -1.44607e-05
1 31.36 10.6694 -8.61448e-05 -1.44606e-05
1 32.48 10.6694 8.57223e-05 -1.44605e-05
1 33.6 10.6694 9.54451e-15 -1.44607e-05
1 34.72 10.6694 -8.57223e-05 -1.44605e-05
1 35.84 10.6694 8.61448e-05 -1.44606e-05
1 36.96 10.6694 -1.04312e-08 -1.44607e-05
1 38.08 10.6694 -8.59601e-05 -1.44605e-05
1 39.2 10.6694 3.20111e-05 -1.44607e-05
1 40.32 10.6694 -3.255e-05 -1.44607e-05
1 41.44 10.6694 -0.000219073 -1.44608e-05
1 42.56 10.6694 -0.0020848 -1.44661e-05
1 43.68 10.6694 -0.00707885 -1.45446e-05
1 0.560047 11.6394 0.00707327 -0.000106751
1 1.68001 11.6394 0.00209975 -0.000129333
1 2.8 11.6394 0.000127725 -0.000137997
1 3.92 11.6394 3.6823e-05 -0.000143902
1 5.04 11.6394 -1.06907e-05 -0.000144514
1 6.16 11.6394 -8.84649e-05 -0.000143267
1 7.28 11.6394 3.12683e-05 -0.000143603
1 8.4 11.6394 -3.18694e-05 -0.000143603
1 9.52 11.6394 -0.000211786 -0.000140384
1 10.64 11.6394 3.10194e-05 -0.000143603
1 11.76 11.6394 -3.10194e-05 -0.000143603
1 12.88 11.6394 0.000211786 -0.000140384
1 14 11.6394 3.18694e-05 -0.000143603
1 15.12 11.6394 -3.1274e-05 -0.000143603
1 16.24 11.6394 8.54061e-05 -0.000143146
1 17.36 11.6394 1.06019e-08 -0.000144212
1 18.48 11.6394 -8.55994e-05 -0.000143147
1 19.6 11.6394 8.5174e-05 -0.000143152
1 20.72 11.6394 1.38829e-17 -0.000144212
1 21.84 11.6394 -8.5174e-05 -0.000143152
1 22.96 11.6394 8.55994e-05 -0.000143147
1 24.08 11.6394 -1.08082e-08 -0.000144212
1 25.2 11.6394 -8.53935e-05 -0.000143145
1 26.32 11.6394 3.64639e-05 -0.000143902
1 27.44 11.6394 -1.06847e-05 -0.000144514
1 28.56 11.6394 -8.84642e-05 -0.000143267
1 29.68 11.6394 3.12683e-05 -0.000143603
1 30.8 11.6394 -3.18694e-05 -0.000143603
1 31.92 11.6394 -0.000211786 -0.000140384
1 33.04 11.6394 3.10194e-05 -0.000143603
1 34.16 11.6394 -3.10194e-05 -0.000143603
1 35.28 11.6394 0.000211786 -0.000140384
1 36.4 11.6394 3.18694e-05 -0.000143603
1 37.52 11.6394 -3.1274e-05 -0.000143603
1 38.64 11.6394 8.54076e-05 -0.000143146
1 39.76 11.6394 2.52312e-08 -0.000144212
1 40.88 11.6394 -8.65813e-05 -0.000143147
1 42 11.6394 -0.000506753 -0.000136217
1 43.1199 11.6394 -0.00794301 -0.000125801
1 44.24 11.6394 -0.00498748 -8.6873e-05
1 3.34436e-05 12.6093 0.00502462 0.00014467
1 1.12005 12.6093 0.00795325 0.000242992
1 2.24 12.6093 0.000555662 0.000253687
1 3.36 12.6093 8.96498e-05 0.000259978
1 4.48 12.6093 1.06621e-05 0.000261219
1 5.6 12.6093 -3.64657e-05 0.000260607
1 6.72 12.6093 8.53929e-05 0.000259851
1 7.84 12.6093 1.0807e-08 0.000260917
1 8.96 12.6093 -8.55986e-05 0.000259853
1 10.08 12.6093 8.51734e-05 0.000259857
1 11.2 12.6093 -6.07153e-19 0.000260917
1 12.32 12.6093 -8.51734e-05 0.000259857
1 13.44 12.6093 8.55986e-05 0.000259853
1 14.56 12.6093 -1.06007e-08 0.000260917
1 15.68 12.6093 -8.54055e-05 0.000259851
1 16.8 12.6093 3.1274e-05 0.000260309
1 17.92 12.6093 -3.18694e-05 0.000260309
1 19.04 12.6093 -0.000211786 0.00025709
1 20.16 12.6093 3.10194e-05 0.000260309
1 21.28 12.6093 -3.10194e-05 0.000260309
1 22.4 12.6093 0.000211786 0.00025709
1 23.52 12.6093 3.18694e-05 0.000260309
1 24.64 12.6093 -3.12683e-05 0.000260309
1 25.76 12.6093 8.84635e-05 0.000259973
1 26.88 12.6093 1.06846e-05 0.000261219
1 28 12.6093 -3.64639e-05 0.000260607
1 29.12 12.6093 8.53929e-05 0.000259851
1 30.24 12.6093 1.0807e-08 0.000260917
1 31.36 12.6093 -8.55986e-05 0.000259853
1 32.48 12.6093 8.51734e-05 0.000259857
1 33.6 12.6093 9.52756e-15 0.000260917
1 34.72 12.6093 -8.51734e-05 0.000259857
1 35.84 12.6093 8.55986e-05 0.000259853
1 36.96 12.6093 -1.06007e-08 0.000260917
1 38.08 12.6093 -8.54055e-05 0.000259851
1 39.2 12.6093 3.1278e-05 0.000260309
1 40.32 12.6093 -3.18098e-05 0.000260309
1 41.44 12.6093 -0.000216177 0.0002571
1 42.56 12.6093 -0.00207899 0.000245162
1 43.68 12.6093 -0.00706748 0.000223712
1 0.560047 13.5793 0.00708406 -0.000147397
1 1.68001 13.5793 0.00210659 -0.000146839
1 2.8 13.5793 0.000130223 -0.000146809
1 3.92 13.5793 3.7996e-05 -0.000146808
1 5.04 13.5793 -1.03719e-05 -0.000146808
1 6.16 13.5793 -8.88626e-05 -0.000146807
1 7.28 13.5793 3.20016e-05 -0.000146808
1 8.4 13.5793 -3.26092e-05 -0.000146808
1 9.52 13.5793 -0.000214686 -0.000146808
1 10.64 13.5793 3.17476e-05 -0.000146808
1 11.76 13.5793 -3.17476e-05 -0.000146808
1 12.88 13.5793 0.000214686 -0.000146808
1 14 13.5793 3.26093e-05 -0.000146808
1 15.12 13.5793 -3.2007e-05 -0.000146808
1 16.24 13.5793 8.59599e-05 -0.000146807
1 17.36 13.5793 1.04304e-08 -0.000146808
1 18.48 13.5793 -8.61445e-05 -0.000146808
1 19.6 13.5793 8.57222e-05 -0.000146807
1 20.72 13.5793 1.44906e-17 -0.000146808
1 21.84 13.5793 -8.57222e-05 -0.000146807
1 22.96 13.5793 8.61445e-05 -0.000146808
1 24.08 13.5793 -1.06395e-08 -0.000146808
1 25.2 13.5793 -8.59467e-05 -0.000146807
1 26.32 13.5793 3.76306e-05 -0.000146808
1 27.44 13.5793 -1.03658e-05 -0.000146808
1 28.56 13.5793 -8.88619e-05 -0.000146807
1 29.68 13.5793 3.20016e-05 -0.000146808
1 30.8 13.5793 -3.26092e-05 -0.000146808
1 31.92 13.5793 -0.000214686 -0.000146808
1 33.04 13.5793 3.17476e-05 -0.000146808
1 34.16 13.5793 -3.17476e-05 -0.000146808
1 35.28 13.5793 0.000214686 -0.000146808
1 36.4 13.5793 3.26093e-05 -0.000146808
1 37.52 13.5793 -3.2007e-05 -0.000146808
1 38.64 13.5793 8.59614e-05 -0.000146807
1 39.76 13.5793 2.5107e-08 -0.000146808
1 40.88 13.5793 -8.71308e-05 -0.000146808
1 42 13.5793 -0.000508179 -0.000146813
1 43.1199 13.5793 -0.00794813 -0.00014703
1 44.24 13.5793 -0.00503217 -7.29649e-05
1 3.31576e-05 14.5492 0.00498208 -6.99714e-05
1 1.12005 14.5492 0.00795382 -9.4107e-05
1 2.24 14.5492 0.000555681 -0.000104988
1 3.36 14.5492 8.96508e-05 -0.000111282
1 4.48 14.5492 1.06622e-05 -0.000112523
1 5.6 14.5492 -3.64659e-05 -0.000111911
1 6.72 14.5492 8.53937e-05 -0.000111155
1 7.84 14.5492 1.08086e-08 -0.000112221
1 8.96 14.5492 -8.55997e-05 -0.000111156
1 10.08 14.5492 8.51741e-05 -0.000111161
1 11.2 14.5492 -5.89535e-20 -0.000112221
1 12.32 14.5492 -8.51741e-05 -0.000111161
1 13.44 14.5492 8.55997e-05 -0.000111156
1 14.56 14.5492 -1.06023e-08 -0.000112221
1 15.68 14.5492 -8.54063e-05 -0.000111155
1 16.8 14.5492 3.12742e-05 -0.000111612
1 17.92 14.5492 -3.18696e-05 -0.000111612
1 19.04 14.5492 -0.000211787 -0.000108395
1 20.16 14.5492 3.10195e-05 -0.000111612
1 21.28 14.5492 -3.10195e-05 -0.000111612
1 22.4 14.5492 0.000211787 -0.000108395
1 23.52 14.5492 3.18695e-05 -0.000111612
1 24.64 14.5492 -3.12685e-05 -0.000111612
1 25.76 14.5492 8.84644e-05 -0.000111277
1 26.88 14.5492 1.06847e-05 -0.000112523
1 28 14.5492 -3.64641e-05 -0.000111911
1 29.12 14.5492 8.53937e-05 -0.000111155
1 30.24 14.5492 1.08086e-08 -0.000112221
1 31.36 14.5492 -8.55997e-05 -0.000111156
1 32.48 14.5492 8.51741e-05 -0.000111161
1 33.6 14.5492 9.60547e-15 -0.000112221
1 34.72 14.5492 -8.51741e-05 -0.000111161
1 35.84 14.5492 8.55997e-05 -0.000111156
1 36.96 14.5492 -1.06023e-08 -0.000112221
1 38.08 14.5492 -8.54063e-05 -0.000111155
1 39.2 14.5492 3.12782e-05 -0.000111612
1 40.32 14.5492 -3.18099e-05 -0.000111613
1 41.44 14.5492 -0.000216178 -0.000108404
1 42.56 14.5492 -0.00207901 -9.64592e-05
1 43.68 14.5492 -0.0070683 -7.46483e-05
1 0.560047 15.5192 0.0070735 7.49503e-05
1 1.68001 15.5192 0.00209977 9.73742e-05
1 2.8 15.5192 0.000127727 0.000106012
1 3.92 15.5192 3.68232e-05 0.000111916
1 5.04 15.5192 -1.06907e-05 0.000112528
1 6.16 15.5192 -8.84651e-05 0.000111282
1 7.28 15.5192 3.12685e-05 0.000111617
1 8.4 15.5192 -3.18695e-05 0.000111617
1 9.52 15.5192 -0.000211787 0.0001084
1 10.64 15.5192 3.10196e-05 0.000111617
1 11.76 15.5192 -3.10196e-05 0.000111617
1 12.88 15.5192 0.000211787 0.0001084
1 14 15.5192 3.18696e-05 0.000111617
1 15.12 15.5192 -3.12742e-05 0.000111617
1 16.24 15.5192 8.54064e-05 0.00011116
1 17.36 15.5192 1.06023e-08 0.000112226
1 18.48 15.5192 -8.55997e-05 0.000111161
1 19.6 15.5192 8.51742e-05 0.000111166
1 20.72 15.5192 1.50531e-17 0.000112226
1 21.84 15.5192 -8.51742e-05 0.000111166
1 22.96 15.5192 8.55997e-05 0.000111161
1 24.08 15.5192 -1.08086e-08 0.000112226
1 25.2 15.5192 -8.53938e-05 0.00011116
1 26.32 15.5192 3.64641e-05 0.000111916
1 27.44 15.5192 -1.06847e-05 0.000112528
1 28.56 15.5192 -8.84644e-05 0.000111282
1 29.68 15.5192 3.12685e-05 0.000111617
1 30.8 15.5192 -3.18695e-05 0.000111617
1 31.92 15.5192 -0.000211787 0.0001084
1 33.04 15.5192 3.10196e-05 0.000111617
1 34.16 15.5192 -3.10196e-05 0.000111617
1 35.28 15.5192 0.000211787 0.0001084
1 36.4 15.5192 3.18696e-05 0.000111617
1 37.52 15.5192 -3.12742e-05 0.000111617
1 38.64 15.5192 8.54078e-05 0.00011116
1 39.76 15.5192 2.52323e-08 0.000112226
1 40.88 15.5192 -8.65816e-05 0.000111161
1 42 15.5192 -0.000506757 0.000104233
1 43.1199 15.5192 -0.00794314 9.38095e-05
1 44.24 15.5192 -0.00497902 6.98526e-05
1 3.3515e-05 16.4891 0.00503509 7.29833e-05
1 1.12005 16.4891 0.0079585 0.00014706
1 2.24 16.4891 0.000556497 0.000146846
1 3.36 16.4891 9.00371e-05 0.000146842
1 4.48 16.4891 1.03436e-05 0.000146842
1 5.6 16.4891 -3.76325e-05 0.000146842
1 6.72 16.4891 8.59469e-05 0.000146842
1 7.84 16.4891 1.06396e-08 0.000146842
1 8.96 16.4891 -8.61446e-05 0.000146842
1 10.08 16.4891 8.57224e-05 0.000146841
1 11.2 16.4891 1.3848e-18 0.000146842
1 12.32 16.4891 -8.57224e-05 0.000146841
1 13.44 16.4891 8.61447e-05 0.000146842
1 14.56 16.4891 -1.04304e-08 0.000146842
1 15.68 16.4891 -8.59601e-05 0.000146842
1 16.8 16.4891 3.2007e-05 0.000146842
1 17.92 16.4891 -3.26093e-05 0.000146842
1 19.04 16.4891 -0.000214687 0.000146842
1 20.16 16.4891 3.17477e-05 0.000146842
1 21.28 16.4891 -3.17477e-05 0.000146842
1 22.4 16.4891 0.000214687 0.000146842
1 23.52 16.4891 3.26093e-05 0.000146842
1 24.64 16.4891 -3.20016e-05 0.000146842
1 25.76 16.4891 8.88621e-05 0.000146842
1 26.88 16.4891 1.03659e-05 0.000146842
1 28 16.4891 -3.76307e-05 0.000146842
1 29.12 16.4891 8.59469e-05 0.000146842
1 30.24 16.4891 1.06396e-08 0.000146842
1 31.36 16.4891 -8.61446e-05 0.000146842
1 32.48 16.4891 8.57224e-05 0.000146841
1 33.6 16.4891 9.54978e-15 0.000146842
1 34.72 16.4891 -8.57224e-05 0.000146841
1 35.84 16.4891 8.61447e-05 0.000146842
1 36.96 16.4891 -1.04304e-08 0.000146842
1 38.08 16.4891 -8.59601e-05 0.000146842
1 39.2 16.4891 3.2011e-05 0.000146842
1 40.32 16.4891 -3.255e-05 0.000146842
1 41.44 16.4891 -0.000219072 0.000146843
1 42.56 16.4891 -0.00208478 0.000146872
1 43.68 16.4891 -0.00707842 0.000147425
1 0.560047 17.4591 0.00707272 -0.00022369
1 1.68001 17.4591 0.00209975 -0.000245714
1 2.8 17.4591 0.000127727 -0.000254342
1 3.92 17.4591 3.68231e-05 -0.000260245
1 5.04 17.4591 -1.06906e-05 -0.000260857
1 6.16 17.4591 -8.84646e-05 -0.00025961
1 7.28 17.4591 3.12684e-05 -0.000259946
1 8.4 17.4591 -3.18695e-05 -0.000259946
1 9.52 17.4591 -0.000211787 -0.000256728
1 10.64 17.4591 3.10195e-05 -0.000259946
1 11.76 17.4591 -3.10195e-05 -0.000259946
1 12.88 17.4591 0.000211787 -0.000256728
1 14 17.4591 3.18695e-05 -0.000259946
1 15.12 17.4591 -3.12741e-05 -0.000259946
1 16.24 17.4591 8.54059e-05 -0.000259488
1 17.36 17.4591 1.06007e-08 -0.000260555
1 18.48 17.4591 -8.5599e-05 -0.00025949
1 19.6 17.4591 8.51738e-05 -0.000259494
1 20.72 17.4591 1.58162e-17 -0.000260555
1 21.84 17.4591 -8.51738e-05 -0.000259494
1 22.96 17.4591 8.5599e-05 -0.00025949
1 24.08 17.4591 -1.0807e-08 -0.000260555
1 25.2 17.4591 -8.53933e-05 -0.000259488
1 26.32 17.4591 3.64641e-05 -0.000260245
1 27.44 17.4591 -1.06846e-05 -0.000260856
1 28.56 17.4591 -8.84639e-05 -0.00025961
1 29.68 17.4591 3.12684e-05 -0.000259946
1 30.8 17.4591 -3.18695e-05 -0.000259946
1 31.92 17.4591 -0.000211787 -0.000256728
1 33.04 17.4591 3.10195e-05 -0.000259946
1 34.16 17.4591 -3.10195e-05 -0.000259946
1 35.28 17.4591 0.000211787 -0.000256728
1 36.4 17.4591 3.18695e-05 -0.000259946
1 37.52 17.4591 -3.12741e-05 -0.000259946
1 38.64 17.4591 8.54073e-05 -0.000259488
1 39.76 17.4591 2.52308e-08 -0.000260555
1 40.88 17.4591 -8.65808e-05 -0.00025949
1 42 17.4591 -0.00050674 -0.000252565
1 43.1199 17.4591 -0.00794258 -0.000242339
1 44.24 17.4591 -0.00502159 -0.000144235
1 3.31576e-05 18.429 0.00498208 7.27764e-05
1 1.12005 18.429 0.00795382 9.70561e-05
1 2.24 18.429 0.000555681 0.000107971
1 3.36 18.429 8.96509e-05 0.000114267
1 4.48 18.429 1.06622e-05 0.000115508
1 5.6 18.429 -3.64659e-05 0.000114896
1 6.72 18.429 8.53938e-05 0.00011414
1 7.84 18.429 1.08087e-08 0.000115206
1 8.96 18.429 -8.55997e-05 0.000114141
1 10.08 18.429 8.51742e-05 0.000114146
1 11.2 18.429 -2.08817e-18 0.000115206
1 12.32 18.429 -8.51742e-05 0.000114146
1 13.44 18.429 8.55997e-05 0.000114141
1 14.56 18.429 -1.06024e-08 0.000115206
1 15.68 18.429 -8.54064e-05 0.00011414
1 16.8 18.429 3.12742e-05 0.000114597
1 17.92 18.429 -3.18696e-05 0.000114597
1 19.04 18.429 -0.000211787 0.000111378
1 20.16 18.429 3.10196e-05 0.000114597
1 21.28 18.429 -3.10196e-05 0.000114597
1 22.4 18.429 0.000211787 0.000111378
1 23.52 18.429 3.18695e-05 0.000114597
1 24.64 18.429 -3.12685e-05 0.000114597
1 25.76 18.429 8.84644e-05 0.000114262
1 26.88 18.429 1.06847e-05 0.000115508
1 28 18.429 -3.64641e-05 0.000114896
1 29.12 18.429 8.53938e-05 0.00011414
1 30.24 18.429 1.08087e-08 0.000115206
1 31.36 18.429 -8.55997e-05 0.000114141
1 32.48 18.429 8.51742e-05 0.000114146
1 33.6 18.429 9.58919e-15 0.000115206
1 34.72 18.429 -8.51742e-05 0.000114146
1 35.84 18.429 8.55997e-05 0.000114141
1 36.96 18.429 -1.06024e-08 0.000115206
1 38.08 18.429 -8.54064e-05 0.00011414
1 39.2 18.429 3.12782e-05 0.000114597
1 40.32 18.429 -3.181e-05 0.000114597
1 41.44 18.429 -0.000216179 0.000111387
1 42.56 18.429 -0.00207901 9.9406e-05
1 43.68 18.429 -0.0070683 7.72862e-05
1 0.560047 19.399 0.00708484 -1.3174e-06
1 1.68001 19.399 0.00210661 -1.4715e-06
1 2.8 19.399 0.000130223 -1.48947e-06
1 3.92 19.399 3.79961e-05 -1.49033e-06
1 5.04 19.399 -1.03719e-05 -1.49037e-06
1 6.16 19.399 -8.88632e-05 -1.49034e-06
1 7.28 19.399 3.20017e-05 -1.49033e-06
1 8.4 19.399 -3.26093e-05 -1.49033e-06
1 9.52 19.399 -0.000214687 -1.48955e-06
1 10.64 19.399 3.17477e-05 -1.49033e-06
1 11.76 19.399 -3.17477e-05 -1.49033e-06
1 12.88 19.399 0.000214687 -1.48955e-06
1 14 19.399 3.26094e-05 -1.49033e-06
1 15.12 19.399 -3.20071e-05 -1.49033e-06
1 16.24 19.399 8.59605e-05 -1.49034e-06
1 17.36 19.399 1.04318e-08 -1.49037e-06
1 18.48 19.399 -8.61453e-05 -1.49034e-06
1 19.6 19.399 8.57226e-05 -1.49034e-06
1 20.72 19.399 1.51105e-17 -1.49037e-06
1 21.84 19.399 -8.57226e-05 -1.49034e-06
1 22.96 19.399 8.61453e-05 -1.49034e-06
1 24.08 19.399 -1.06412e-08 -1.49037e-06
1 25.2 19.399 -8.59473e-05 -1.49034e-06
1 26.32 19.399 3.76308e-05 -1.49034e-06
1 27.44 19.399 -1.03659e-05 -1.49037e-06
1 28.56 19.399 -8.88625e-05 -1.49034e-06
1 29.68 19.399 3.20017e-05 -1.49033e-06
1 30.8 19.399 -3.26093e-05 -1.49033e-06
1 31.92 19.399 -0.000214687 -1.48955e-06
1 33.04 19.399 3.17477e-05 -1.49033e-06
1 34.16 19.399 -3.17477e-05 -1.49033e-06
1 35.28 19.399 0.000214687 -1.48955e-06
1 36.4 19.399 3.26094e-05 -1.49033e-06
1 37.52 19.399 -3.20071e-05 -1.49033e-06
1 38.64 19.399 8.59619e-05 -1.49034e-06
1 39.76 19.399 2.51099e-08 -1.49037e-06
1 40.88 19.399 -8.71317e-05 -1.49033e-06
1 42 19.399 -0.000508196 -1.48951e-06
1 43.1199 19.399 -0.00794869 -1.47269e-06
1 44.24 19.399 -0.00498961 -1.40115e-06
1 3.3444e-05 20.3689 0.00502466 1.6149e-06
1 1.12005 20.3689 0.00795326 5.14897e-05
1 2.24 20.3689 0.000555665 4.03802e-05
1 3.36 20.3689 8.96513e-05 3.40834e-05
1 4.48 20.3689 1.06625e-05 3.28435e-05
1 5.6 20.3689 -3.64661e-05 3.34557e-05
1 6.72 20.3689 8.53932e-05 3.42117e-05
1 7.84 20.3689 1.08309e-08 3.31447e-05
1 8.96 20.3689 -8.55998e-05 3.42092e-05
1 10.08 20.3689 8.5174e-05 3.42045e-05
1 11.2 20.3689 -5.04628e-19 3.31448e-05
1 12.32 20.3689 -8.5174e-05 3.42045e-05
1 13.44 20.3689 8.55998e-05 3.42092e-05
1 14.56 20.3689 -1.06246e-08 3.31447e-05
1 15.68 20.3689 -8.54058e-05 3.42114e-05
1 16.8 20.3689 3.12744e-05 3.37542e-05
1 17.92 20.3689 -3.18698e-05 3.37542e-05
1 19.04 20.3689 -0.000211787 3.69736e-05
1 20.16 20.3689 3.10198e-05 3.37542e-05
1 21.28 20.3689 -3.10198e-05 3.37542e-05
1 22.4 20.3689 0.000211787 3.69736e-05
1 23.52 20.3689 3.18698e-05 3.37542e-05
1 24.64 20.3689 -3.12687e-05 3.37542e-05
1 25.76 20.3689 8.8464e-05 3.40901e-05
1 26.88 20.3689 1.06849e-05 3.28436e-05
1 28 20.3689 -3.64644e-05 3.34557e-05
1 29.12 20.3689 8.53932e-05 3.42117e-05
1 30.24 20.3689 1.08309e-08 3.31447e-05
1 31.36 20.3689 -8.55998e-05 3.42092e-05
1 32.48 20.3689 8.5174e-05 3.42045e-05
1 33.6 20.3689 9.57296e-15 3.31448e-05
1 34.72 20.3689 -8.5174e-05 3.42045e-05
1 35.84 20.3689 8.55998e-05 3.42092e-05
1 36.96 20.3689 -1.06246e-08 3.31447e-05
1 38.08 20.3689 -8.54058e-05 3.42114e-05
1 39.2 20.3689 3.12784e-05 3.37541e-05
1 40.32 20.3689 -3.18102e-05 3.37541e-05
1 41.44 20.3689 -0.000216179 3.6964e-05
1 42.56 20.3689 -0.00207899 4.89533e-05
1 43.68 20.3689 -0.00706752 7.14698e-05
1 0.560047 21.3389 0.00707393 -6.63911e-05
1 1.68001 21.3389 0.00210059 -4.1995e-05
1 2.8 21.3389 0.000128021 -3.26362e-05
1 3.92 21.3389 3.7125e-05 -2.58647e-05
1 5.04 21.3389 -1.06907e-05 -2.51206e-05
1 6.16 21.3389 -8.87648e-05 -2.64971e-05
1 7.28 21.3389 3.14578e-05 -2.62791e-05
1 8.4 21.3389 -3.20606e-05 -2.62791e-05
1 9.52 21.3389 -0.000212376 -2.98819e-05
1 10.64 21.3389 3.12083e-05 -2.62791e-05
1 11.76 21.3389 -3.12083e-05 -2.62791e-05
1 12.88 21.3389 0.000212376 -2.98819e-05
1 14 21.3389 3.20607e-05 -2.62791e-05
1 15.12 21.3389 -3.14635e-05 -2.62791e-05
1 16.24 21.3389 8.57061e-05 -2.66186e-05
1 17.36 21.3389 1.06348e-08 -2.54223e-05
1 18.48 21.3389 -8.58999e-05 -2.66196e-05
1 19.6 21.3389 8.54736e-05 -2.66119e-05
1 20.72 21.3389 1.34116e-17 -2.54225e-05
1 21.84 21.3389 -8.54736e-05 -2.66119e-05
1 22.96 21.3389 8.58999e-05 -2.66196e-05
1 24.08 21.3389 -1.08475e-08 -2.54223e-05
1 25.2 21.3389 -8.56931e-05 -2.66186e-05
1 26.32 21.3389 3.67649e-05 -2.58648e-05
1 27.44 21.3389 -1.06847e-05 -2.51206e-05
1 28.56 21.3389 -8.87641e-05 -2.64971e-05
1 29.68 21.3389 3.14578e-05 -2.62791e-05
1 30.8 21.3389 -3.20606e-05 -2.62791e-05
1 31.92 21.3389 -0.000212376 -2.98819e-05
1 33.04 21.3389 3.12083e-05 -2.62791e-05
1 34.16 21.3389 -3.12083e-05 -2.62791e-05
1 35.28 21.3389 0.000212376 -2.98819e-05
1 36.4 21.3389 3.20607e-05 -2.62791e-05
1 37.52 21.3389 -3.14635e-05 -2.62791e-05
1 38.64 21.3389 8.57075e-05 -2.66186e-05
1 39.76 21.3389 2.52815e-08 -2.54222e-05
1 40.88 21.3389 -8.68827e-05 -2.66192e-05
1 42 21.3389 -0.000507035 -3.44186e-05
1 43.1199 21.3389 -0.00794342 -4.57463e-05
1 44.24 21.3389 -0.00502281 3.03571e-06
1 3.32554e-05 22.3088 0.00499658 1.35047e-05
1 1.12005 22.3088 0.00796231 1.89079e-05
1 2.24 22.3088 0.000558184 2.22695e-05
1 3.36 22.3088 9.11293e-05 2.4513e-05
1 4.48 22.3088 1.06613e-05 2.51588e-05
1 5.6 22.3088 -3.79463e-05 2.51587e-05
1 6.72 22.3088 8.68747e-05 2.44007e-05
1 7.84 22.3088 1.07842e-08 2.48529e-05
1 8.96 22.3088 -8.70767e-05 2.43916e-05
1 10.08 22.3088 8.66495e-05 2.43975e-05
1 11.2 22.3088 -3.5616e-19 2.48528e-05
1 12.32 22.3088 -8.66495e-05 2.43975e-05
1 13.44 22.3088 8.70767e-05 2.43916e-05
1 14.56 22.3088 -1.05748e-08 2.48529e-05
1 15.68 22.3088 -8.68879e-05 2.44007e-05
1 16.8 22.3088 3.23209e-05 2.51587e-05
1 17.92 22.3088 -3.29272e-05 2.51587e-05
1 19.04 22.3088 -0.00021577 2.45224e-05
1 20.16 22.3088 3.20612e-05 2.51587e-05
1 21.28 22.3088 -3.20612e-05 2.51587e-05
1 22.4 22.3088 0.00021577 2.45224e-05
1 23.52 22.3088 3.29271e-05 2.51587e-05
1 24.64 22.3088 -3.23152e-05 2.51587e-05
1 25.76 22.3088 8.99454e-05 2.45232e-05
1 26.88 22.3088 1.06837e-05 2.51587e-05
1 28 22.3088 -3.79445e-05 2.51586e-05
1 29.12 22.3088 8.68747e-05 2.44007e-05
1 30.24 22.3088 1.07842e-08 2.48529e-05
1 31.36 22.3088 -8.70767e-05 2.43916e-05
1 32.48 22.3088 8.66495e-05 2.43975e-05
1 33.6 22.3088 9.61382e-15 2.48528e-05
1 34.72 22.3088 -8.66495e-05 2.43975e-05
1 35.84 22.3088 8.70767e-05 2.43916e-05
1 36.96 22.3088 -1.05748e-08 2.48529e-05
1 38.08 22.3088 -8.68879e-05 2.44007e-05
1 39.2 22.3088 3.23249e-05 2.51587e-05
1 40.32 22.3088 -3.28676e-05 2.51588e-05
1 41.44 22.3088 -0.000220164 2.45122e-05
1 42.56 22.3088 -0.00208647 2.22515e-05
1 43.68 22.3088 -0.00708245 1.87524e-05
1 0.560047 23.2788 0.00708813 -1.82218e-05
1 1.68001 23.2788 0.0021083 -2.161e-05
1 2.8 23.2788 0.000130244 -2.26313e-05
1 3.92 23.2788 3.83139e-05 -2.44362e-05
1 5.04 23.2788 -1.0691e-05 -2.44344e-05
1 6.16 23.2788 -8.99474e-05 -2.38034e-05
1 7.28 23.2788 3.23173e-05 -2.44375e-05
1 8.4 23.2788 -3.29293e-05 -2.44375e-05
1 9.52 23.2788 -0.00021577 -2.38048e-05
1 10.64 23.2788 3.20633e-05 -2.44375e-05
1 11.76 23.2788 -3.20633e-05 -2.44375e-05
1 12.88 23.2788 0.00021577 -2.38048e-05
1 14 23.2788 3.29293e-05 -2.44375e-05
1 15.12 23.2788 -3.2323e-05 -2.44375e-05
1 16.24 23.2788 8.68885e-05 -2.36821e-05
1 17.36 23.2788 1.06602e-08 -2.41332e-05
1 18.48 23.2788 -8.7083e-05 -2.36828e-05
1 19.6 23.2788 8.66558e-05 -2.36888e-05
1 20.72 23.2788 1.46064e-17 -2.41331e-05
1 21.84 23.2788 -8.66558e-05 -2.36888e-05
1 22.96 23.2788 8.7083e-05 -2.36828e-05
1 24.08 23.2788 -1.08725e-08 -2.41332e-05
1 25.2 23.2788 -8.68751e-05 -2.36818e-05
1 26.32 23.2788 3.7947e-05 -2.44363e-05
1 27.44 23.2788 -1.0685e-05 -2.44344e-05
1 28.56 23.2788 -8.99467e-05 -2.38034e-05
1 29.68 23.2788 3.23173e-05 -2.44375e-05
1 30.8 23.2788 -3.29293e-05 -2.44375e-05
1 31.92 23.2788 -0.00021577 -2.38048e-05
1 33.04 23.2788 3.20633e-05 -2.44375e-05
1 34.16 23.2788 -3.20633e-05 -2.44375e-05
1 35.28 23.2788 0.00021577 -2.38048e-05
1 36.4 23.2788 3.29293e-05 -2.44375e-05
1 37.52 23.2788 -3.2323e-05 -2.44375e-05
1 38.64 23.2788 8.689e-05 -2.36821e-05
1 39.76 23.2788 2.53781e-08 -2.41332e-05
1 40.88 23.2788 -8.80726e-05 -2.36828e-05
1 42 23.2788 -0.000509275 -2.08539e-05
1 43.1199 23.2788 -0.00795166 -1.80513e-05
1 44.24 23.2788 -0.00499365 -1.31427e-05
1 3.3452e-05 24.2487 0.00502583 0.000149197
1 1.12005 24.2487 0.00795409 0.000248883
1 2.24 24.2487 0.000555956 0.000260278
1 3.36 24.2487 8.9951e-05 0.000267449
1 4.48 24.2487 1.06624e-05 0.00026883
1 5.6 24.2487 -3.67669e-05 0.000268086
1 6.72 24.2487 8.5693e-05 0.000267327
1 7.84 24.2487 1.09087e-08 0.000268527
1 8.96 24.2487 -8.59001e-05 0.000267327
1 10.08 24.2487 8.54698e-05 0.000267327
1 11.2 24.2487 9.60603e-19 0.000268527
1 12.32 24.2487 -8.54698e-05 0.000267327
1 13.44 24.2487 8.59001e-05 0.000267327
1 14.56 24.2487 -1.0696e-08 0.000268527
1 15.68 24.2487 -8.5706e-05 0.000267327
1 16.8 24.2487 3.14637e-05 0.000267672
1 17.92 24.2487 -3.20609e-05 0.000267672
1 19.04 24.2487 -0.000212376 0.000264065
1 20.16 24.2487 3.12085e-05 0.000267672
1 21.28 24.2487 -3.12085e-05 0.000267672
1 22.4 24.2487 0.000212376 0.000264065
1 23.52 24.2487 3.20608e-05 0.000267672
1 24.64 24.2487 -3.1458e-05 0.000267672
1 25.76 24.2487 8.8764e-05 0.000267448
1 26.88 24.2487 1.06849e-05 0.00026883
1 28 24.2487 -3.67651e-05 0.000268086
1 29.12 24.2487 8.5693e-05 0.000267327
1 30.24 24.2487 1.09087e-08 0.000268527
1 31.36 24.2487 -8.59001e-05 0.000267327
1 32.48 24.2487 8.54698e-05 0.000267327
1 33.6 24.2487 9.60405e-15 0.000268527
1 34.72 24.2487 -8.54698e-05 0.000267327
1 35.84 24.2487 8.59001e-05 0.000267327
1 36.96 24.2487 -1.0696e-08 0.000268527
1 38.08 24.2487 -8.5706e-05 0.000267327
1 39.2 24.2487 3.14677e-05 0.000267672
1 40.32 24.2487 -3.20011e-05 0.000267672
1 41.44 24.2487 -0.00021677 0.000264066
1 42.56 24.2487 -0.00207964 0.000250838
1 43.68 24.2487 -0.00706862 0.000228253
1 0.560047 25.2187 0.00708731 -0.000129986
1 1.68001 25.2187 0.00210826 -0.000126087
1 2.8 25.2187 0.000130232 -0.000124998
1 3.92 25.2187 3.83117e-05 -0.000123167
1 5.04 25.2187 -1.06897e-05 -0.000123167
1 6.16 25.2187 -8.99457e-05 -0.000123802
1 7.28 25.2187 3.23151e-05 -0.000123167
1 8.4 25.2187 -3.29271e-05 -0.000123167
1 9.52 25.2187 -0.000215769 -0.000123803
1 10.64 25.2187 3.20612e-05 -0.000123167
1 11.76 25.2187 -3.20612e-05 -0.000123167
1 12.88 25.2187 0.000215769 -0.000123803
1 14 25.2187 3.29272e-05 -0.000123167
1 15.12 25.2187 -3.23208e-05 -0.000123167
1 16.24 25.2187 8.68875e-05 -0.000123925
1 17.36 25.2187 1.05731e-08 -0.000123473
1 18.48 25.2187 -8.70761e-05 -0.000123935
1 19.6 25.2187 8.66493e-05 -0.000123928
1 20.72 25.2187 1.47891e-17 -0.000123473
1 21.84 25.2187 -8.66493e-05 -0.000123928
1 22.96 25.2187 8.70761e-05 -0.000123935
1 24.08 25.2187 -1.0782e-08 -0.000123473
1 25.2 25.2187 -8.68743e-05 -0.000123925
1 26.32 25.2187 3.79445e-05 -0.000123167
1 27.44 25.2187 -1.06837e-05 -0.000123167
1 28.56 25.2187 -8.9945e-05 -0.000123802
1 29.68 25.2187 3.23151e-05 -0.000123167
1 30.8 25.2187 -3.29271e-05 -0.000123167
1 31.92 25.2187 -0.000215769 -0.000123803
1 33.04 25.2187 3.20612e-05 -0.000123167
1 34.16 25.2187 -3.20612e-05 -0.000123167
1 35.28 25.2187 0.000215769 -0.000123803
1 36.4 25.2187 3.29272e-05 -0.000123167
1 37.52 25.2187 -3.23208e-05 -0.000123167
1 38.64 25.2187 8.6889e-05 -0.000123925
1 39.76 25.2187 2.52775e-08 -0.000123473
1 40.88 25.2187 -8.80662e-05 -0.000123934
1 42 25.2187 -0.000509237 -0.000126817
1 43.1199 25.2187 -0.00795107 -0.000129926
1 44.24 25.2187 -0.00503609 -6.09991e-05
1 3.32554e-05 26.1886 0.00499658 -1.07061e-05
1 1.12005 26.1886 0.00796231 -1.59677e-05
1 2.24 26.1886 0.000558184 -1.92964e-05
1 3.36 26.1886 9.11294e-05 -2.15388e-05
1 4.48 26.1886 1.06613e-05 -2.21846e-05
1 5.6 26.1886 -3.79464e-05 -2.21846e-05
1 6.72 26.1886 8.68747e-05 -2.14266e-05
1 7.84 26.1886 1.07835e-08 -2.18787e-05
1 8.96 26.1886 -8.70767e-05 -2.14175e-05
1 10.08 26.1886 8.66495e-05 -2.14234e-05
1 11.2 26.1886 1.84111e-19 -2.18786e-05
1 12.32 26.1886 -8.66495e-05 -2.14234e-05
1 13.44 26.1886 8.70768e-05 -2.14175e-05
1 14.56 26.1886 -1.05746e-08 -2.18787e-05
1 15.68 26.1886 -8.68879e-05 -2.14266e-05
1 16.8 26.1886 3.23209e-05 -2.21846e-05
1 17.92 26.1886 -3.29272e-05 -2.21845e-05
1 19.04 26.1886 -0.00021577 -2.15498e-05
1 20.16 26.1886 3.20612e-05 -2.21846e-05
1 21.28 26.1886 -3.20612e-05 -2.21846e-05
1 22.4 26.1886 0.00021577 -2.15498e-05
1 23.52 26.1886 3.29272e-05 -2.21845e-05
1 24.64 26.1886 -3.23152e-05 -2.21846e-05
1 25.76 26.1886 8.99454e-05 -2.15491e-05
1 26.88 26.1886 1.06837e-05 -2.21846e-05
1 28 26.1886 -3.79446e-05 -2.21846e-05
1 29.12 26.1886 8.68747e-05 -2.14266e-05
1 30.24 26.1886 1.07835e-08 -2.18787e-05
1 31.36 26.1886 -8.70767e-05 -2.14175e-05
1 32.48 26.1886 8.66495e-05 -2.14234e-05
1 33.6 26.1886 9.5752e-15 -2.18786e-05
1 34.72 26.1886 -8.66495e-05 -2.14234e-05
1 35.84 26.1886 8.70768e-05 -2.14175e-05
1 36.96 26.1886 -1.05746e-08 -2.18787e-05
1 38.08 26.1886 -8.68879e-05 -2.14266e-05
1 39.2 26.1886 3.23249e-05 -2.21846e-05
1 40.32 26.1886 -3.28677e-05 -2.21846e-05
1 41.44 26.1886 -0.000220164 -2.15394e-05
1 42.56 26.1886 -0.00208647 -1.93141e-05
1 43.68 26.1886 -0.00708245 -1.61216e-05
1 0.560047 27.1585 0.00707471 -8.25621e-05
1 1.68001 27.1585 0.00210061 -0.000106599
1 2.8 27.1585 0.00012802 -0.00011596
1 3.92 27.1585 3.71253e-05 -0.000122739
1 5.04 27.1585 -1.0691e-05 -0.000123483
1 6.16 27.1585 -8.87652e-05 -0.000122101
1 7.28 27.1585 3.14581e-05 -0.000122324
1 8.4 27.1585 -3.20609e-05 -0.000122324
1 9.52 27.1585 -0.000212377 -0.000118716
1 10.64 27.1585 3.12086e-05 -0.000122324
1 11.76 27.1585 -3.12086e-05 -0.000122324
1 12.88 27.1585 0.000212377 -0.000118716
1 14 27.1585 3.2061e-05 -0.000122324
1 15.12 27.1585 -3.14638e-05 -0.000122324
1 16.24 27.1585 8.57066e-05 -0.000121979
1 17.36 27.1585 1.06975e-08 -0.00012318
1 18.48 27.1585 -8.59009e-05 -0.000121979
1 19.6 27.1585 8.54703e-05 -0.000121979
1 20.72 27.1585 1.50208e-17 -0.00012318
1 21.84 27.1585 -8.54703e-05 -0.000121979
1 22.96 27.1585 8.59008e-05 -0.000121979
1 24.08 27.1585 -1.09102e-08 -0.00012318
1 25.2 27.1585 -8.56936e-05 -0.000121979
1 26.32 27.1585 3.67652e-05 -0.000122738
1 27.44 27.1585 -1.0685e-05 -0.000123483
1 28.56 27.1585 -8.87646e-05 -0.000122101
1 29.68 27.1585 3.14581e-05 -0.000122324
1 30.8 27.1585 -3.20609e-05 -0.000122324
1 31.92 27.1585 -0.000212377 -0.000118716
1 33.04 27.1585 3.12086e-05 -0.000122324
1 34.16 27.1585 -3.12086e-05 -0.000122324
1 35.28 27.1585 0.000212377 -0.000118716
1 36.4 27.1585 3.2061e-05 -0.000122324
1 37.52 27.1585 -3.14638e-05 -0.000122324
1 38.64 27.1585 8.5708e-05 -0.000121979
1 39.76 27.1585 2.53447e-08 -0.00012318
1 40.88 27.1585 -8.68838e-05 -0.00012198
1 42 27.1585 -0.000507049 -0.000114166
1 43.1199 27.1585 -0.00794397 -0.000102996
1 44.24 27.1585 -0.0049802 -7.74954e-05
1 3.35418e-05 28.1285 0.00503929 8.48449e-05
1 1.12005 28.1285 0.00796179 0.000163937
1 2.24 28.1285 0.000558182 0.000166969
1 3.36 28.1285 9.114e-05 0.000169159
1 4.48 28.1285 1.06624e-05 0.000169783
1 5.6 28.1285 -3.79487e-05 0.000169785
1 6.72 28.1285 8.68746e-05 0.00016903
1 7.84 28.1285 1.08709e-08 0.000169482
1 8.96 28.1285 -8.70823e-05 0.000169031
1 10.08 28.1285 8.66554e-05 0.000169037
1 11.2 28.1285 5.54027e-19 0.000169481
1 12.32 28.1285 -8.66554e-05 0.000169037
1 13.44 28.1285 8.70823e-05 0.000169031
1 14.56 28.1285 -1.06587e-08 0.000169482
1 15.68 28.1285 -8.6888e-05 0.00016903
1 16.8 28.1285 3.23229e-05 0.000169786
1 17.92 28.1285 -3.29293e-05 0.000169786
1 19.04 28.1285 -0.000215769 0.000169154
1 20.16 28.1285 3.20632e-05 0.000169786
1 21.28 28.1285 -3.20632e-05 0.000169786
1 22.4 28.1285 0.000215769 0.000169154
1 23.52 28.1285 3.29292e-05 0.000169786
1 24.64 28.1285 -3.23172e-05 0.000169786
1 25.76 28.1285 8.99462e-05 0.000169151
1 26.88 28.1285 1.06849e-05 0.000169783
1 28 28.1285 -3.79469e-05 0.000169785
1 29.12 28.1285 8.68746e-05 0.00016903
1 30.24 28.1285 1.08709e-08 0.000169482
1 31.36 28.1285 -8.70823e-05 0.000169031
1 32.48 28.1285 8.66554e-05 0.000169037
1 33.6 28.1285 9.58735e-15 0.000169481
1 34.72 28.1285 -8.66554e-05 0.000169037
1 35.84 28.1285 8.70823e-05 0.000169031
1 36.96 28.1285 -1.06587e-08 0.000169482
1 38.08 28.1285 -8.6888e-05 0.00016903
1 39.2 28.1285 3.23269e-05 0.000169786
1 40.32 28.1285 -3.28695e-05 0.000169786
1 41.44 28.1285 -0.000220177 0.000169168
1 42.56 28.1285 -0.00208647 0.000167011
1 43.68 28.1285 -0.00708172 0.000164328
1 0.560047 29.0985 0.00708731 -0.000164858
1 1.68001 29.0985 0.00210826 -0.000167649
1 2.8 29.0985 0.000130232 -0.000168679
1 3.92 29.0985 3.83115e-05 -0.000170507
1 5.04 29.0985 -1.06897e-05 -0.000170507
1 6.16 29.0985 -8.99456e-05 -0.000169871
1 7.28 29.0985 3.23151e-05 -0.000170507
1 8.4 29.0985 -3.29271e-05 -0.000170507
1 9.52 29.0985 -0.000215769 -0.000169872
1 10.64 29.0985 3.20611e-05 -0.000170507
1 11.76 29.0985 -3.20611e-05 -0.000170507
1 12.88 29.0985 0.000215769 -0.000169872
1 14 29.0985 3.29271e-05 -0.000170507
1 15.12 29.0985 -3.23208e-05 -0.000170507
1 16.24 29.0985 8.68874e-05 -0.000169749
1 17.36 29.0985 1.05733e-08 -0.000170201
1 18.48 29.0985 -8.7076e-05 -0.00016974
1 19.6 29.0985 8.66491e-05 -0.000169745
1 20.72 29.0985 1.54182e-17 -0.000170201
1 21.84 29.0985 -8.66491e-05 -0.000169745
1 22.96 29.0985 8.7076e-05 -0.00016974
1 24.08 29.0985 -1.07827e-08 -0.000170201
1 25.2 29.0985 -8.68742e-05 -0.000169749
1 26.32 29.0985 3.79445e-05 -0.000170507
1 27.44 29.0985 -1.06836e-05 -0.000170507
1 28.56 29.0985 -8.99449e-05 -0.000169871
1 29.68 29.0985 3.23151e-05 -0.000170507
1 30.8 29.0985 -3.29271e-05 -0.000170507
1 31.92 29.0985 -0.000215769 -0.000169872
1 33.04 29.0985 3.20611e-05 -0.000170507
1 34.16 29.0985 -3.20611e-05 -0.000170507
1 35.28 29.0985 0.000215769 -0.000169872
1 36.4 29.0985 3.29271e-05 -0.000170507
1 37.52 29.0985 -3.23208e-05 -0.000170507
1 38.64 29.0985 8.68889e-05 -0.000169749
1 39.76 29.0985 2.52893e-08 -0.000170201
1 40.88 29.0985 -8.80659e-05 -0.00016974
1 42 29.0985 -0.000509236 -0.000166867
1 43.1199 29.0985 -0.00795107 -0.000164187
1 44.24 29.0985 -0.00503608 -8.49625e-05
1 3.31657e-05 30.0684 0.00498331 -7.47388e-05
1 1.12005 30.0684 0.00795466 -0.000100141
1 2.24 30.0684 0.000555974 -0.000111693
1 3.36 30.0684 8.99532e-05 -0.000118855
1 4.48 30.0684 1.06622e-05 -0.000120229
1 5.6 30.0684 -3.67667e-05 -0.000119485
1 6.72 30.0684 8.56935e-05 -0.00011873
1 7.84 30.0684 1.08491e-08 -0.000119927
1 8.96 30.0684 -8.59005e-05 -0.00011873
1 10.08 30.0684 8.54739e-05 -0.000118737
1 11.2 30.0684 -1.61682e-19 -0.000119927
1 12.32 30.0684 -8.54739e-05 -0.000118737
1 13.44 30.0684 8.59005e-05 -0.00011873
1 14.56 30.0684 -1.06363e-08 -0.000119927
1 15.68 30.0684 -8.57065e-05 -0.00011873
1 16.8 30.0684 3.14635e-05 -0.00011907
1 17.92 30.0684 -3.20607e-05 -0.00011907
1 19.04 30.0684 -0.000212377 -0.000115469
1 20.16 30.0684 3.12083e-05 -0.00011907
1 21.28 30.0684 -3.12083e-05 -0.00011907
1 22.4 30.0684 0.000212377 -0.000115469
1 23.52 30.0684 3.20606e-05 -0.00011907
1 24.64 30.0684 -3.14578e-05 -0.00011907
1 25.76 30.0684 8.87645e-05 -0.000118852
1 26.88 30.0684 1.06847e-05 -0.000120229
1 28 30.0684 -3.67649e-05 -0.000119485
1 29.12 30.0684 8.56935e-05 -0.00011873
1 30.24 30.0684 1.08491e-08 -0.000119927
1 31.36 30.0684 -8.59005e-05 -0.00011873
1 32.48 30.0684 8.54739e-05 -0.000118737
1 33.6 30.0684 9.59621e-15 -0.000119927
1 34.72 30.0684 -8.54739e-05 -0.000118737
1 35.84 30.0684 8.59005e-05 -0.00011873
1 36.96 30.0684 -1.06363e-08 -0.000119927
1 38.08 30.0684 -8.57065e-05 -0.00011873
1 39.2 30.0684 3.14675e-05 -0.00011907
1 40.32 30.0684 -3.2001e-05 -0.00011907
1 41.44 30.0684 -0.000216773 -0.000115472
1 42.56 30.0684 -0.00207966 -0.000102245
1 43.68 30.0684 -0.0070694 -7.93006e-05
1 0.560047 31.0383 0.0070735 7.49353e-05
1 1.68001 31.0383 0.00209977 9.73566e-05
1 2.8 31.0383 0.000127728 0.000105992
1 3.92 31.0383 3.68234e-05 0.000111895
1 5.04 31.0383 -1.06909e-05 0.000112507
1 6.16 31.0383 -8.84651e-05 0.00011126
1 7.28 31.0383 3.12688e-05 0.000111596
1 8.4 31.0383 -3.18698e-05 0.000111596
1 9.52 31.0383 -0.000211787 0.000108378
1 10.64 31.0383 3.10198e-05 0.000111596
1 11.76 31.0383 -3.10198e-05 0.000111596
1 12.88 31.0383 0.000211787 0.000108378
1 14 31.0383 3.18699e-05 0.000111596
1 15.12 31.0383 -3.12745e-05 0.000111596
1 16.24 31.0383 8.54062e-05 0.000111138
1 17.36 31.0383 1.06261e-08 0.000112205
1 18.48 31.0383 -8.56005e-05 0.000111141
1 19.6 31.0383 8.51744e-05 0.000111145
1 20.72 31.0383 1.28608e-17 0.000112205
1 21.84 31.0383 -8.51744e-05 0.000111145
1 22.96 31.0383 8.56005e-05 0.000111141
1 24.08 31.0383 -1.08324e-08 0.000112205
1 25.2 31.0383 -8.53936e-05 0.000111138
1 26.32 31.0383 3.64644e-05 0.000111895
1 27.44 31.0383 -1.0685e-05 0.000112507
1 28.56 31.0383 -8.84644e-05 0.00011126
1 29.68 31.0383 3.12688e-05 0.000111596
1 30.8 31.0383 -3.18698e-05 0.000111596
1 31.92 31.0383 -0.000211787 0.000108378
1 33.04 31.0383 3.10198e-05 0.000111596
1 34.16 31.0383 -3.10198e-05 0.000111596
1 35.28 31.0383 0.000211787 0.000108378
1 36.4 31.0383 3.18699e-05 0.000111596
1 37.52 31.0383 -3.12745e-05 0.000111596
1 38.64 31.0383 8.54077e-05 0.000111138
1 39.76 31.0383 2.5262e-08 0.000112205
1 40.88 31.0383 -8.65822e-05 0.000111141
1 42 31.0383 -0.000506759 0.000104215
1 43.1199 31.0383 -0.00794314 9.37952e-05
1 44.24 31.0383 -0.00497902 6.98452e-05
1 3.3515e-05 32.0083 0.00503509 7.29835e-05
1 1.12005 32.0083 0.0079585 0.00014706
1 2.24 32.0083 0.000556497 0.000146847
1 3.36 32.0083 9.00371e-05 0.000146842
1 4.48 32.0083 1.03436e-05 0.000146842
1 5.6 32.0083 -3.76325e-05 0.000146842
1 6.72 32.0083 8.59469e-05 0.000146842
1 7.84 32.0083 1.06397e-08 0.000146842
1 8.96 32.0083 -8.61446e-05 0.000146842
1 10.08 32.0083 8.57224e-05 0.000146842
1 11.2 32.0083 7.4566e-19 0.000146842
1 12.32 32.0083 -8.57224e-05 0.000146842
1 13.44 32.0083 8.61447e-05 0.000146842
1 14.56 32.0083 -1.04303e-08 0.000146842
1 15.68 32.0083 -8.59601e-05 0.000146842
1 16.8 32.0083 3.2007e-05 0.000146842
1 17.92 32.0083 -3.26093e-05 0.000146842
1 19.04 32.0083 -0.000214687 0.000146843
1 20.16 32.0083 3.17477e-05 0.000146842
1 21.28 32.0083 -3.17477e-05 0.000146842
1 22.4 32.0083 0.000214687 0.000146843
1 23.52 32.0083 3.26093e-05 0.000146842
1 24.64 32.0083 -3.20016e-05 0.000146842
1 25.76 32.0083 8.88621e-05 0.000146842
1 26.88 32.0083 1.03659e-05 0.000146842
1 28 32.0083 -3.76307e-05 0.000146842
1 29.12 32.0083 8.59469e-05 0.000146842
1 30.24 32.0083 1.06397e-08 0.000146842
1 31.36 32.0083 -8.61446e-05 0.000146842
1 32.48 32.0083 8.57224e-05 0.000146842
1 33.6 32.0083 9.54831e-15 0.000146842
1 34.72 32.0083 -8.57224e-05 0.000146842
1 35.84 32.0083 8.61447e-05 0.000146842
1 36.96 32.0083 -1.04303e-08 0.000146842
1 38.08 32.0083 -8.59601e-05 0.000146842
1 39.2 32.0083 3.2011e-05 0.000146842
1 40.32 32.0083 -3.25499e-05 0.000146842
1 41.44 32.0083 -0.000219072 0.000146844
1 42.56 32.0083 -0.00208478 0.000146872
1 43.68 32.0083 -0.00707842 0.000147425
1 0.560047 32.9783 0.00707272 -0.00022369
1 1.68001 32.9783 0.00209975 -0.000245714
1 2.8 32.9783 0.000127727 -0.000254342
1 3.92 32.9783 3.68231e-05 -0.000260245
1 5.04 32.9783 -1.06906e-05 -0.000260856
1 6.16 32.9783 -8.84646e-05 -0.00025961
1 7.28 32.9783 3.12684e-05 -0.000259946
1 8.4 32.9783 -3.18695e-05 -0.000259946
1 9.52 32.9783 -0.000211787 -0.000256728
1 10.64 32.9783 3.10195e-05 -0.000259946
1 11.76 32.9783 -3.10195e-05 -0.000259946
1 12.88 32.9783 0.000211787 -0.000256728
1 14 32.9783 3.18695e-05 -0.000259946
1 15.12 32.9783 -3.12741e-05 -0.000259946
1 16.24 32.9783 8.54059e-05 -0.000259488
1 17.36 32.9783 1.06009e-08 -0.000260555
1 18.48 32.9783 -8.5599e-05 -0.00025949
1 19.6 32.9783 8.51738e-05 -0.000259494
1 20.72 32.9783 1.56597e-17 -0.000260555
1 21.84 32.9783 -8.51738e-05 -0.000259494
1 22.96 32.9783 8.5599e-05 -0.00025949
1 24.08 32.9783 -1.08072e-08 -0.000260555
1 25.2 32.9783 -8.53933e-05 -0.000259488
1 26.32 32.9783 3.64641e-05 -0.000260245
1 27.44 32.9783 -1.06846e-05 -0.000260856
1 28.56 32.9783 -8.84639e-05 -0.00025961
1 29.68 32.9783 3.12684e-05 -0.000259946
1 30.8 32.9783 -3.18695e-05 -0.000259946
1 31.92 32.9783 -0.000211787 -0.000256728
1 33.04 32.9783 3.10195e-05 -0.000259946
1 34.16 32.9783 -3.10195e-05 -0.000259946
1 35.28 32.9783 0.000211787 -0.000256728
1 36.4 32.9783 3.18695e-05 -0.000259946
1 37.52 32.9783 -3.12741e-05 -0.000259946
1 38.64 32.9783 8.54073e-05 -0.000259488
1 39.76 32.9783 2.52314e-08 -0.000260555
1 40.88 32.9783 -8.65808e-05 -0.00025949
1 42 32.9783 -0.00050674 -0.000252565
1 43.1199 32.9783 -0.00794258 -0.000242339
1 44.24 32.9783 -0.00502159 -0.000144235
1 3.31576e-05 33.9482 0.00498208 7.27764e-05
1 1.12005 33.9482 0.00795382 9.70561e-05
1 2.24 33.9482 0.000555681 0.000107971
1 3.36 33.9482 8.96509e-05 0.000114267
1 4.48 33.9482 1.06622e-05 0.000115508
1 5.6 33.9482 -3.64659e-05 0.000114896
1 6.72 33.9482 8.53938e-05 0.00011414
1 7.84 33.9482 1.08086e-08 0.000115206
1 8.96 33.9482 -8.55997e-05 0.000114141
1 10.08 33.9482 8.51742e-05 0.000114146
1 11.2 33.9482 -4.77049e-19 0.000115206
1 12.32 33.9482 -8.51742e-05 0.000114146
1 13.44 33.9482 8.55997e-05 0.000114141
1 14.56 33.9482 -1.06023e-08 0.000115206
1 15.68 33.9482 -8.54064e-05 0.00011414
1 16.8 33.9482 3.12742e-05 0.000114597
1 17.92 33.9482 -3.18696e-05 0.000114597
1 19.04 33.9482 -0.000211787 0.000111378
1 20.16 33.9482 3.10196e-05 0.000114597
1 21.28 33.9482 -3.10196e-05 0.000114597
1 22.4 33.9482 0.000211787 0.000111378
1 23.52 33.9482 3.18695e-05 0.000114597
1 24.64 33.9482 -3.12685e-05 0.000114597
1 25.76 33.9482 8.84644e-05 0.000114262
1 26.88 33.9482 1.06847e-05 0.000115508
1 28 33.9482 -3.64641e-05 0.000114896
1 29.12 33.9482 8.53938e-05 0.00011414
1 30.24 33.9482 1.08086e-08 0.000115206
1 31.36 33.9482 -8.55997e-05 0.000114141
1 32.48 33.9482 8.51742e-05 0.000114146
1 33.6 33.9482 9.58399e-15 0.000115206
1 34.72 33.9482 -8.51742e-05 0.000114146
1 35.84 33.9482 8.55997e-05 0.000114141
1 36.96 33.9482 -1.06023e-08 0.000115206
1 38.08 33.9482 -8.54064e-05 0.00011414
1 39.2 33.9482 3.12782e-05 0.000114597
1 40.32 33.9482 -3.181e-05 0.000114597
1 41.44 33.9482 -0.000216179 0.000111387
1 42.56 33.9482 -0.00207901 9.94061e-05
1 43.68 33.9482 -0.0070683 7.72862e-05
1 0.560047 34.9181 0.00708484 -1.31718e-06
1 1.68001 34.9181 0.00210661 -1.47121e-06
1 2.8 34.9181 0.000130223 -1.48913e-06
1 3.92 34.9181 3.79961e-05 -1.48996e-06
1 5.04 34.9181 -1.03719e-05 -1.48999e-06
1 6.16 34.9181 -8.88632e-05 -1.48996e-06
1 7.28 34.9181 3.20017e-05 -1.48996e-06
1 8.4 34.9181 -3.26093e-05 -1.48996e-06
1 9.52 34.9181 -0.000214687 -1.48919e-06
1 10.64 34.9181 3.17477e-05 -1.48996e-06
1 11.76 34.9181 -3.17477e-05 -1.48996e-06
1 12.88 34.9181 0.000214687 -1.48919e-06
1 14 34.9181 3.26094e-05 -1.48996e-06
1 15.12 34.9181 -3.20071e-05 -1.48996e-06
1 16.24 34.9181 8.59605e-05 -1.48996e-06
1 17.36 34.9181 1.04319e-08 -1.48999e-06
1 18.48 34.9181 -8.61453e-05 -1.48996e-06
1 19.6 34.9181 8.57226e-05 -1.48996e-06
1 20.72 34.9181 1.54404e-17 -1.48999e-06
1 21.84 34.9181 -8.57226e-05 -1.48996e-06
1 22.96 34.9181 8.61453e-05 -1.48996e-06
1 24.08 34.9181 -1.06411e-08 -1.48999e-06
1 25.2 34.9181 -8.59473e-05 -1.48996e-06
1 26.32 34.9181 3.76308e-05 -1.48996e-06
1 27.44 34.9181 -1.03659e-05 -1.48999e-06
1 28.56 34.9181 -8.88625e-05 -1.48996e-06
1 29.68 34.9181 3.20017e-05 -1.48996e-06
1 30.8 34.9181 -3.26093e-05 -1.48996e-06
1 31.92 34.9181 -0.000214687 -1.48919e-06
1 33.04 34.9181 3.17477e-05 -1.48996e-06
1 34.16 34.9181 -3.17477e-05 -1.48996e-06
1 35.28 34.9181 0.000214687 -1.48919e-06
1 36.4 34.9181 3.26094e-05 -1.48996e-06
1 37.52 34.9181 -3.20071e-05 -1.48996e-06
1 38.64 34.9181 8.59619e-05 -1.48996e-06
1 39.76 34.9181 2.51086e-08 -1.48999e-06
1 40.88 34.9181 -8.71317e-05 -1.48996e-06
1 42 34.9181 -0.000508196 -1.48918e-06
1 43.1199 34.9181 -0.00794869 -1.4724e-06
1 44.24 34.9181 -0.00498961 -1.40095e-06
1 3.3444e-05 35.888 0.00502465 1.60732e-06
1 1.12005 35.888 0.00795326 5.14748e-05
1 2.24 35.888 0.000555664 4.03627e-05
1 3.36 35.888 8.96503e-05 3.40633e-05
1 4.48 35.888 1.06622e-05 3.28222e-05
1 5.6 35.888 -3.64659e-05 3.34344e-05
1 6.72 35.888 8.53934e-05 3.41901e-05
1 7.84 35.888 1.0807e-08 3.3124e-05
1 8.96 35.888 -8.55991e-05 3.41891e-05
1 10.08 35.888 8.51739e-05 3.41834e-05
1 11.2 35.888 -1.15732e-18 3.31241e-05
1 12.32 35.888 -8.51739e-05 3.41834e-05
1 13.44 35.888 8.55991e-05 3.41891e-05
1 14.56 35.888 -1.06008e-08 3.3124e-05
1 15.68 35.888 -8.5406e-05 3.41898e-05
1 16.8 35.888 3.12742e-05 3.37329e-05
1 17.92 35.888 -3.18696e-05 3.37329e-05
1 19.04 35.888 -0.000211787 3.69517e-05
1 20.16 35.888 3.10195e-05 3.37329e-05
1 21.28 35.888 -3.10195e-05 3.37329e-05
1 22.4 35.888 0.000211787 3.69517e-05
1 23.52 35.888 3.18695e-05 3.37329e-05
1 24.64 35.888 -3.12685e-05 3.37329e-05
1 25.76 35.888 8.8464e-05 3.40682e-05
1 26.88 35.888 1.06847e-05 3.28223e-05
1 28 35.888 -3.64641e-05 3.34344e-05
1 29.12 35.888 8.53934e-05 3.41901e-05
1 30.24 35.888 1.0807e-08 3.3124e-05
1 31.36 35.888 -8.55991e-05 3.41891e-05
1 32.48 35.888 8.51739e-05 3.41834e-05
1 33.6 35.888 9.53802e-15 3.31241e-05
1 34.72 35.888 -8.51739e-05 3.41834e-05
1 35.84 35.888 8.55991e-05 3.41891e-05
1 36.96 35.888 -1.06008e-08 3.3124e-05
1 38.08 35.888 -8.5406e-05 3.41898e-05
1 39.2 35.888 3.12782e-05 3.37329e-05
1 40.32 35.888 -3.18099e-05 3.37328e-05
1 41.44 35.888 -0.000216178 3.69438e-05
1 42.56 35.888 -0.00207899 4.89358e-05
1 43.68 35.888 -0.00706752 7.14548e-05
1 0.560047 36.8581 0.00707272 -7.11563e-05
1 1.68001 36.8581 0.00209975 -4.80252e-05
1 2.8 36.8581 0.000127727 -3.934e-05
1 3.92 36.8581 3.68232e-05 -3.34343e-05
1 5.04 36.8581 -1.06906e-05 -3.28223e-05
1 6.16 36.8581 -8.84647e-05 -3.40682e-05
1 7.28 36.8581 3.12685e-05 -3.37329e-05
1 8.4 36.8581 -3.18695e-05 -3.37329e-05
1 9.52 36.8581 -0.000211787 -3.69517e-05
1 10.64 36.8581 3.10195e-05 -3.37329e-05
1 11.76 36.8581 -3.10195e-05 -3.37329e-05
1 12.88 36.8581 0.000211787 -3.69517e-05
1 14 36.8581 3.18696e-05 -3.37329e-05
1 15.12 36.8581 -3.12742e-05 -3.37329e-05
1 16.24 36.8581 8.5406e-05 -3.41898e-05
1 17.36 36.8581 1.06008e-08 -3.3124e-05
1 18.48 36.8581 -8.55991e-05 -3.41891e-05
1 19.6 36.8581 8.51739e-05 -3.41834e-05
1 20.72 36.8581 1.42681e-17 -3.31241e-05
1 21.84 36.8581 -8.51739e-05 -3.41834e-05
1 22.96 36.8581 8.55991e-05 -3.41891e-05
1 24.08 36.8581 -1.0807e-08 -3.3124e-05
1 25.2 36.8581 -8.53934e-05 -3.41901e-05
1 26.32 36.8581 3.64641e-05 -3.34344e-05
1 27.44 36.8581 -1.06847e-05 -3.28223e-05
1 28.56 36.8581 -8.8464e-05 -3.40682e-05
1 29.68 36.8581 3.12685e-05 -3.37329e-05
1 30.8 36.8581 -3.18695e-05 -3.37329e-05
1 31.92 36.8581 -0.000211787 -3.69517e-05
1 33.04 36.8581 3.10195e-05 -3.37329e-05
1 34.16 36.8581 -3.10195e-05 -3.37329e-05
1 35.28 36.8581 0.000211787 -3.69517e-05
1 36.4 36.8581 3.18696e-05 -3.37329e-05
1 37.52 36.8581 -3.12742e-05 -3.37329e-05
1 38.64 36.8581 8.54074e-05 -3.41897e-05
1 39.76 36.8581 2.52306e-08 -3.31239e-05
1 40.88 36.8581 -8.65809e-05 -3.41889e-05
1 42 36.8581 -0.000506741 -4.11225e-05
1 43.1199 36.8581 -0.00794258 -5.17765e-05
1 44.24 36.8581 -0.00502159 -1.72919e-06
1 3.32287e-05 37.828 0.00499252 1.40095e-06
1 1.12005 37.828 0.00795905 1.4724e-06
1 2.24 37.828 0.000556514 1.48918e-06
1 3.36 37.828 9.00377e-05 1.48996e-06
1 4.48 37.828 1.03436e-05 1.48999e-06
1 5.6 37.828 -3.76326e-05 1.48996e-06
1 6.72 37.828 8.59473e-05 1.48996e-06
1 7.84 37.828 1.06411e-08 1.48999e-06
1 8.96 37.828 -8.61453e-05 1.48996e-06
1 10.08 37.828 8.57226e-05 1.48996e-06
1 11.2 37.828 -9.20217e-19 1.48999e-06
1 12.32 37.828 -8.57226e-05 1.48996e-06
1 13.44 37.828 8.61453e-05 1.48996e-06
1 14.56 37.828 -1.0432e-08 1.48999e-06
1 15.68 37.828 -8.59605e-05 1.48996e-06
1 16.8 37.828 3.20071e-05 1.48996e-06
1 17.92 37.828 -3.26094e-05 1.48996e-06
1 19.04 37.828 -0.000214687 1.48919e-06
1 20.16 37.828 3.17477e-05 1.48996e-06
1 21.28 37.828 -3.17477e-05 1.48996e-06
1 22.4 37.828 0.000214687 1.48919e-06
1 23.52 37.828 3.26093e-05 1.48996e-06
1 24.64 37.828 -3.20017e-05 1.48996e-06
1 25.76 37.828 8.88625e-05 1.48996e-06
1 26.88 37.828 1.03659e-05 1.48999e-06
1 28 37.828 -3.76308e-05 1.48996e-06
1 29.12 37.828 8.59473e-05 1.48996e-06
1 30.24 37.828 1.06411e-08 1.48999e-06
1 31.36 37.828 -8.61453e-05 1.48996e-06
1 32.48 37.828 8.57226e-05 1.48996e-06
1 33.6 37.828 9.60811e-15 1.48999e-06
1 34.72 37.828 -8.57226e-05 1.48996e-06
1 35.84 37.828 8.61453e-05 1.48996e-06
1 36.96 37.828 -1.04319e-08 1.48999e-06
1 38.08 37.828 -8.59605e-05 1.48996e-06
1 39.2 37.828 3.20111e-05 1.48996e-06
1 40.32 37.828 -3.255e-05 1.48996e-06
1 41.44 37.828 -0.000219073 1.48916e-06
1 42.56 37.828 -0.0020848 1.47118e-06
1 43.68 37.828 -0.0070792 1.31719e-06
1 0.560047 38.7979 0.0070735 -7.75846e-05
1 1.68001 38.7979 0.00209977 -0.000100317
1 2.8 38.7979 0.000127727 -0.000108991
1 3.92 38.7979 3.68232e-05 -0.000114896
1 5.04 38.7979 -1.06907e-05 -0.000115508
1 6.16 38.7979 -8.84651e-05 -0.000114262
1 7.28 38.7979 3.12685e-05 -0.000114597
1 8.4 38.7979 -3.18695e-05 -0.000114597
1 9.52 38.7979 -0.000211787 -0.000111378
1 10.64 38.7979 3.10196e-05 -0.000114597
1 11.76 38.7979 -3.10196e-05 -0.000114597
1 12.88 38.7979 0.000211787 -0.000111378
1 14 38.7979 3.18696e-05 -0.000114597
1 15.12 38.7979 -3.12742e-05 -0.000114597
1 16.24 38.7979 8.54064e-05 -0.00011414
1 17.36 38.7979 1.06023e-08 -0.000115206
1 18.48 38.7979 -8.55997e-05 -0.000114141
1 19.6 38.7979 8.51742e-05 -0.000114146
1 20.72 38.7979 1.43558e-17 -0.000115206
1 21.84 38.7979 -8.51742e-05 -0.000114146
1 22.96 38.7979 8.55997e-05 -0.000114141
1 24.08 38.7979 -1.08086e-08 -0.000115206
1 25.2 38.7979 -8.53938e-05 -0.00011414
1 26.32 38.7979 3.64641e-05 -0.000114896
1 27.44 38.7979 -1.06847e-05 -0.000115508
1 28.56 38.7979 -8.84644e-05 -0.000114262
1 29.68 38.7979 3.12685e-05 -0.000114597
1 30.8 38.7979 -3.18695e-05 -0.000114597
1 31.92 38.7979 -0.000211787 -0.000111378
1 33.04 38.7979 3.10196e-05 -0.000114597
1 34.16 38.7979 -3.10196e-05 -0.000114597
1 35.28 38.7979 0.000211787 -0.000111378
1 36.4 38.7979 3.18696e-05 -0.000114597
1 37.52 38.7979 -3.12742e-05 -0.000114597
1 38.64 38.7979 8.54078e-05 -0.00011414
1 39.76 38.7979 2.52323e-08 -0.000115206
1 40.88 38.7979 -8.65816e-05 -0.000114141
1 42 38.7979 -0.000506757 -0.000107211
1 43.1199 38.7979 -0.00794314 -9.67543e-05
1 44.24 38.7979 -0.00497902 -7.26545e-05
1 3.3444e-05 39.7678 0.00502465 0.000144357
1 1.12005 39.7678 0.00795326 0.000242641
1 2.24 39.7678 0.000555664 0.000253326
1 3.36 39.7678 8.96502e-05 0.000259616
1 4.48 39.7678 1.06622e-05 0.000260857
1 5.6 39.7678 -3.64659e-05 0.000260245
1 6.72 39.7678 8.53933e-05 0.000259488
1 7.84 39.7678 1.0807e-08 0.000260555
1 8.96 39.7678 -8.5599e-05 0.00025949
1 10.08 39.7678 8.51738e-05 0.000259494
1 11.2 39.7678 -7.43763e-19 0.000260555
1 12.32 39.7678 -8.51738e-05 0.000259494
1 13.44 39.7678 8.5599e-05 0.00025949
1 14.56 39.7678 -1.06008e-08 0.000260555
1 15.68 39.7678 -8.54059e-05 0.000259488
1 16.8 39.7678 3.12741e-05 0.000259946
1 17.92 39.7678 -3.18695e-05 0.000259946
1 19.04 39.7678 -0.000211787 0.000256728
1 20.16 39.7678 3.10195e-05 0.000259946
1 21.28 39.7678 -3.10195e-05 0.000259946
1 22.4 39.7678 0.000211787 0.000256728
1 23.52 39.7678 3.18695e-05 0.000259946
1 24.64 39.7678 -3.12684e-05 0.000259946
1 25.76 39.7678 8.84639e-05 0.00025961
1 26.88 39.7678 1.06846e-05 0.000260856
1 28 39.7678 -3.64641e-05 0.000260245
1 29.12 39.7678 8.53933e-05 0.000259488
1 30.24 39.7678 1.0807e-08 0.000260555
1 31.36 39.7678 -8.5599e-05 0.00025949
1 32.48 39.7678 8.51738e-05 0.000259494
1 33.6 39.7678 9.58852e-15 0.000260555
1 34.72 39.7678 -8.51738e-05 0.000259494
1 35.84 39.7678 8.5599e-05 0.00025949
1 36.96 39.7678 -1.06007e-08 0.000260555
1 38.08 39.7678 -8.54059e-05 0.000259488
1 39.2 39.7678 3.12781e-05 0.000259946
1 40.32 39.7678 -3.18099e-05 0.000259946
1 41.44 39.7678 -0.000216178 0.000256738
1 42.56 39.7678 -0.00207899 0.000244804
1 43.68 39.7678 -0.00706752 0.000223391
1 0.560047 40.7379 0.00708406 -0.000147425
1 1.68001 40.7379 0.00210659 -0.000146872
1 2.8 40.7379 0.000130223 -0.000146843
1 3.92 40.7379 3.79961e-05 -0.000146842
1 5.04 40.7379 -1.03719e-05 -0.000146842
1 6.16 40.7379 -8.88628e-05 -0.000146842
1 7.28 40.7379 3.20016e-05 -0.000146842
1 8.4 40.7379 -3.26093e-05 -0.000146842
1 9.52 40.7379 -0.000214687 -0.000146842
1 10.64 40.7379 3.17477e-05 -0.000146842
1 11.76 40.7379 -3.17477e-05 -0.000146842
1 12.88 40.7379 0.000214687 -0.000146842
1 14 40.7379 3.26093e-05 -0.000146842
1 15.12 40.7379 -3.2007e-05 -0.000146842
1 16.24 40.7379 8.59601e-05 -0.000146842
1 17.36 40.7379 1.04304e-08 -0.000146842
1 18.48 40.7379 -8.61447e-05 -0.000146842
1 19.6 40.7379 8.57224e-05 -0.000146841
1 20.72 40.7379 1.52913e-17 -0.000146842
1 21.84 40.7379 -8.57224e-05 -0.000146841
1 22.96 40.7379 8.61446e-05 -0.000146842
1 24.08 40.7379 -1.06396e-08 -0.000146842
1 25.2 40.7379 -8.59469e-05 -0.000146842
1 26.32 40.7379 3.76307e-05 -0.000146842
1 27.44 40.7379 -1.03659e-05 -0.000146842
1 28.56 40.7379 -8.88621e-05 -0.000146842
1 29.68 40.7379 3.20016e-05 -0.000146842
1 30.8 40.7379 -3.26093e-05 -0.000146842
1 31.92 40.7379 -0.000214687 -0.000146842
1 33.04 40.7379 3.17477e-05 -0.000146842
1 34.16 40.7379 -3.17477e-05 -0.000146842
1 35.28 40.7379 0.000214687 -0.000146842
1 36.4 40.7379 3.26093e-05 -0.000146842
1 37.52 40.7379 -3.2007e-05 -0.000146842
1 38.64 40.7379 8.59615e-05 -0.000146842
1 39.76 40.7379 2.51071e-08 -0.000146842
1 40.88 40.7379 -8.7131e-05 -0.000146842
1 42 40.7379 -0.00050818 -0.000146846
1 43.1199 40.7379 -0.00794813 -0.00014706
1 44.24 40.7379 -0.00503218 -7.29833e-05
1 3.31576e-05 41.7078 0.00498208 -6.99745e-05
1 1.12005 41.7078 0.00795382 -9.41112e-05
1 2.24 41.7078 0.000555681 -0.000104993
1 3.36 41.7078 8.96509e-05 -0.000111287
1 4.48 41.7078 1.06622e-05 -0.000112528
1 5.6 41.7078 -3.64659e-05 -0.000111916
1 6.72 41.7078 8.53938e-05 -0.00011116
1 7.84 41.7078 1.08086e-08 -0.000112226
1 8.96 41.7078 -8.55997e-05 -0.000111161
1 10.08 41.7078 8.51742e-05 -0.000111166
1 11.2 41.7078 -5.34715e-19 -0.000112226
1 12.32 41.7078 -8.51742e-05 -0.000111166
1 13.44 41.7078 8.55997e-05 -0.000111161
1 14.56 41.7078 -1.06023e-08 -0.000112226
1 15.68 41.7078 -8.54064e-05 -0.00011116
1 16.8 41.7078 3.12742e-05 -0.000111617
1 17.92 41.7078 -3.18696e-05 -0.000111617
1 19.04 41.7078 -0.000211787 -0.0001084
1 20.16 41.7078 3.10196e-05 -0.000111617
1 21.28 41.7078 -3.10196e-05 -0.000111617
1 22.4 41.7078 0.000211787 -0.0001084
1 23.52 41.7078 3.18695e-05 -0.000111617
1 24.64 41.7078 -3.12685e-05 -0.000111617
1 25.76 41.7078 8.84644e-05 -0.000111282
1 26.88 41.7078 1.06847e-05 -0.000112528
1 28 41.7078 -3.64641e-05 -0.000111916
1 29.12 41.7078 8.53938e-05 -0.00011116
1 30.24 41.7078 1.08086e-08 -0.000112226
1 31.36 41.7078 -8.55997e-05 -0.000111161
1 32.48 41.7078 8.51742e-05 -0.000111166
1 33.6 41.7078 9.60161e-15 -0.000112226
1 34.72 41.7078 -8.51742e-05 -0.000111166
1 35.84 41.7078 8.55997e-05 -0.000111161
1 36.96 41.7078 -1.06023e-08 -0.000112226
1 38.08 41.7078 -8.54064e-05 -0.00011116
1 39.2 41.7078 3.12782e-05 -0.000111617
1 40.32 41.7078 -3.181e-05 -0.000111617
1 41.44 41.7078 -0.000216179 -0.000108409
1 42.56 41.7078 -0.00207901 -9.64637e-05
1 43.68 41.7078 -0.0070683 -7.46518e-05
1 0.560047 42.6777 0.0070735 7.49527e-05
1 1.68001 42.6777 0.00209977 9.73774e-05
1 2.8 42.6777 0.000127727 0.000106016
1 3.92 42.6777 3.68233e-05 0.00011192
1 5.04 42.6777 -1.06906e-05 0.000112532
1 6.16 42.6777 -8.84652e-05 0.000111286
1 7.28 42.6777 3.12685e-05 0.000111621
1 8.4 42.6777 -3.18696e-05 0.000111621
1 9.52 42.6777 -0.000211787 0.000108404
1 10.64 42.6777 3.10196e-05 0.000111621
1 11.76 42.6777 -3.10196e-05 0.000111621
1 12.88 42.6777 0.000211787 0.000108404
1 14 42.6777 3.18696e-05 0.000111621
1 15.12 42.6777 -3.12742e-05 0.000111621
1 16.24 42.6777 8.54064e-05 0.000111164
1 17.36 42.6777 1.06012e-08 0.00011223
1 18.48 42.6777 -8.55998e-05 0.000111165
1 19.6 42.6777 8.51742e-05 0.00011117
1 20.72 42.6777 1.43592e-17 0.00011223
1 21.84 42.6777 -8.51742e-05 0.00011117
1 22.96 42.6777 8.55998e-05 0.000111165
1 24.08 42.6777 -1.0807e-08 0.00011223
1 25.2 42.6777 -8.53938e-05 0.000111164
1 26.32 42.6777 3.64642e-05 0.00011192
1 27.44 42.6777 -1.06847e-05 0.000112532
1 28.56 42.6777 -8.84645e-05 0.000111286
1 29.68 42.6777 3.12685e-05 0.000111621
1 30.8 42.6777 -3.18696e-05 0.000111621
1 31.92 42.6777 -0.000211787 0.000108404
1 33.04 42.6777 3.10196e-05 0.000111621
1 34.16 42.6777 -3.10196e-05 0.000111621
1 35.28 42.6777 0.000211787 0.000108404
1 36.4 42.6777 3.18696e-05 0.000111621
1 37.52 42.6777 -3.12742e-05 0.000111621
1 38.64 42.6777 8.54078e-05 0.000111164
1 39.76 42.6777 2.52106e-08 0.00011223
1 40.88 42.6777 -8.65816e-05 0.000111165
1 42 42.6777 -0.000506758 0.000104237
1 43.1199 42.6777 -0.00794314 9.38126e-05
1 44.24 42.6777 -0.00497902 6.98546e-05
1 3.3515e-05 43.6476 0.0050351 7.30033e-05
1 1.12005 43.6476 0.0079585 0.000147092
1 2.24 43.6476 0.000556498 0.000146885
1 3.36 43.6476 9.00376e-05 0.000146883
1 4.48 43.6476 1.03438e-05 0.000146883
1 5.6 43.6476 -3.76325e-05 0.000146884
1 6.72 43.6476 8.59469e-05 0.000146883
1 7.84 43.6476 1.06345e-08 0.000146883
1 8.96 43.6476 -8.61447e-05 0.000146884
1 10.08 43.6476 8.57224e-05 0.000146883
1 11.2 43.6476 -2.3229e-19 0.000146883
1 12.32 43.6476 -8.57224e-05 0.000146883
1 13.44 43.6476 8.61447e-05 0.000146884
1 14.56 43.6476 -1.04263e-08 0.000146883
1 15.68 43.6476 -8.59601e-05 0.000146883
1 16.8 43.6476 3.20071e-05 0.000146884
1 17.92 43.6476 -3.26094e-05 0.000146884
1 19.04 43.6476 -0.000214687 0.000146884
1 20.16 43.6476 3.17477e-05 0.000146884
1 21.28 43.6476 -3.17477e-05 0.000146884
1 22.4 43.6476 0.000214687 0.000146884
1 23.52 43.6476 3.26094e-05 0.000146884
1 24.64 43.6476 -3.20017e-05 0.000146884
1 25.76 43.6476 8.88622e-05 0.000146883
1 26.88 43.6476 1.03659e-05 0.000146883
1 28 43.6476 -3.76308e-05 0.000146884
1 29.12 43.6476 8.59469e-05 0.000146883
1 30.24 43.6476 1.06345e-08 0.000146883
1 31.36 43.6476 -8.61447e-05 0.000146884
1 32.48 43.6476 8.57224e-05 0.000146883
1 33.6 43.6476 9.54763e-15 0.000146883
1 34.72 43.6476 -8.57224e-05 0.000146883
1 35.84 43.6476 8.61447e-05 0.000146884
1 36.96 43.6476 -1.04263e-08 0.000146883
1 38.08 43.6476 -8.59601e-05 0.000146883
1 39.2 43.6476 3.2011e-05 0.000146884
1 40.32 43.6476 -3.25501e-05 0.000146883
1 41.44 43.6476 -0.000219072 0.000146884
1 42.56 43.6476 -0.00208478 0.00014691
1 43.68 43.6476 -0.00707843 0.000147455
1 0.560047 44.6177 0.00707249 -0.000224758
1 1.68001 44.6177 0.00209966 -0.000247131
1 2.8 44.6177 0.000127697 -0.000255912
1 3.92 44.6177 3.68158e-05 -0.000261856
1 5.04 44.6177 -1.06889e-05 -0.000262474
1 6.16 44.6177 -8.84637e-05 -0.000261235
1 7.28 44.6177 3.12611e-05 -0.000261553
1 8.4 44.6177 -3.18622e-05 -0.000261553
1 9.52 44.6177 -0.000211787 -0.000258351
1 10.64 44.6177 3.10122e-05 -0.000261553
1 11.76 44.6177 -3.10122e-05 -0.000261553
1 12.88 44.6177 0.000211787 -0.000258351
1 14 44.6177 3.18623e-05 -0.000261553
1 15.12 44.6177 -3.12668e-05 -0.000261553
1 16.24 44.6177 8.54054e-05 -0.000261112
1 17.36 44.6177 1.02058e-08 -0.00026217
1 18.48 44.6177 -8.55866e-05 -0.000261093
1 19.6 44.6177 8.51726e-05 -0.000261117
1 20.72 44.6177 1.50892e-17 -0.00026217
1 21.84 44.6177 -8.51726e-05 -0.000261117
1 22.96 44.6177 8.55866e-05 -0.000261093
1 24.08 44.6177 -1.03906e-08 -0.00026217
1 25.2 44.6177 -8.53933e-05 -0.000261113
1 26.32 44.6177 3.64551e-05 -0.000261855
1 27.44 44.6177 -1.06831e-05 -0.000262474
1 28.56 44.6177 -8.8463e-05 -0.000261235
1 29.68 44.6177 3.12611e-05 -0.000261553
1 30.8 44.6177 -3.18622e-05 -0.000261553
1 31.92 44.6177 -0.000211787 -0.000258351
1 33.04 44.6177 3.10122e-05 -0.000261553
1 34.16 44.6177 -3.10122e-05 -0.000261553
1 35.28 44.6177 0.000211787 -0.000258351
1 36.4 44.6177 3.18623e-05 -0.000261553
1 37.52 44.6177 -3.12668e-05 -0.000261553
1 38.64 44.6177 8.54068e-05 -0.000261112
1 39.76 44.6177 2.46006e-08 -0.00026217
1 40.88 44.6177 -8.65704e-05 -0.000261095
1 42 44.6177 -0.000506704 -0.000254118
1 43.1199 44.6177 -0.00794248 -0.000243717
1 44.24 44.6177 -0.00502114 -0.000144888
1 3.24233e-05 45.5876 0.00486741 -0.000265221
1 1.12005 45.5876 0.00788357 -0.000446957
1 2.24 45.5876 0.000532696 -0.000512544
1 3.36 45.5876 8.0811e-05 -0.000528627
1 4.48 45.5876 8.96151e-06 -0.000531682
1 5.6 45.5876 -3.33018e-05 -0.000531673
1 6.72 45.5876 7.72696e-05 -0.000528469
1 7.84 45.5876 9.63392e-09 -0.000530879
1 8.96 45.5876 -7.74444e-05 -0.000528396
1 10.08 45.5876 7.70586e-05 -0.00052846
1 11.2 45.5876 -2.34405e-18 -0.000530878
1 12.32 45.5876 -7.70586e-05 -0.00052846
1 13.44 45.5876 7.74444e-05 -0.000528396
1 14.56 45.5876 -9.44861e-09 -0.000530879
1 15.68 45.5876 -7.7281e-05 -0.000528468
1 16.8 45.5876 2.85455e-05 -0.00053167
1 17.92 45.5876 -2.91023e-05 -0.000531671
1 19.04 45.5876 -0.000200529 -0.000528694
1 20.16 45.5876 2.82973e-05 -0.00053167
1 21.28 45.5876 -2.82973e-05 -0.00053167
1 22.4 45.5876 0.000200529 -0.000528694
1 23.52 45.5876 2.91022e-05 -0.000531671
1 24.64 45.5876 -2.8541e-05 -0.00053167
1 25.76 45.5876 7.97048e-05 -0.000528695
1 26.88 45.5876 8.98159e-06 -0.000531681
1 28 45.5876 -3.33002e-05 -0.000531673
1 29.12 45.5876 7.72696e-05 -0.000528469
1 30.24 45.5876 9.63392e-09 -0.000530879
1 31.36 45.5876 -7.74444e-05 -0.000528396
1 32.48 45.5876 7.70586e-05 -0.00052846
1 33.6 45.5876 9.54824e-15 -0.000530878
1 34.72 45.5876 -7.70586e-05 -0.00052846
1 35.84 45.5876 7.74444e-05 -0.000528396
1 36.96 45.5876 -9.4486e-09 -0.000530879
1 38.08 45.5876 -7.7281e-05 -0.000528468
1 39.2 45.5876 2.85491e-05 -0.000531671
1 40.32 45.5876 -2.9046e-05 -0.000531673
1 41.44 45.5876 -0.000204814 -0.000528592
1 42.56 45.5876 -0.00205101 -0.000512433
1 43.68 45.5876 -0.00699232 -0.000446777
1 0.560042 46.5575 0.00622252 -0.00504893
1 1.68001 46.5575 0.00191176 -0.00620839
1 2.8 46.5575 0.000103816 -0.00634733
1 3.92 46.5575 2.87881e-05 -0.00637506
1 5.04 46.5575 -8.98368e-06 -0.00637739
1 6.16 46.5575 -7.49228e-05 -0.0063721
1 7.28 46.5575 2.46246e-05 -0.00637429
1 8.4 46.5575 -2.51247e-05 -0.0063743
1 9.52 46.5575 -0.00017482 -0.0063557
1 10.64 46.5575 2.44228e-05 -0.00637429
1 11.76 46.5575 -2.44228e-05 -0.00637429
1 12.88 46.5575 0.00017482 -0.0063557
1 14 46.5575 2.51247e-05 -0.0063743
1 15.12 46.5575 -2.46291e-05 -0.00637429
1 16.24 46.5575 7.24989e-05 -0.00637188
1 17.36 46.5575 8.23089e-09 -0.0063766
1 18.48 46.5575 -7.26289e-05 -0.00637179
1 19.6 46.5575 7.22776e-05 -0.00637187
1 20.72 46.5575 1.44451e-17 -0.00637659
1 21.84 46.5575 -7.22776e-05 -0.00637187
1 22.96 46.5575 7.26289e-05 -0.00637179
1 24.08 46.5575 -8.36762e-09 -0.0063766
1 25.2 46.5575 -7.24899e-05 -0.00637188
1 26.32 46.5575 2.84882e-05 -0.00637506
1 27.44 46.5575 -8.97917e-06 -0.00637739
1 28.56 46.5575 -7.49223e-05 -0.0063721
1 29.68 46.5575 2.46246e-05 -0.00637429
1 30.8 46.5575 -2.51247e-05 -0.0063743
1 31.92 46.5575 -0.00017482 -0.0063557
1 33.04 46.5575 2.44228e-05 -0.00637429
1 34.16 46.5575 -2.44228e-05 -0.00637429
1 35.28 46.5575 0.00017482 -0.0063557
1 36.4 46.5575 2.51247e-05 -0.0063743
1 37.52 46.5575 -2.46291e-05 -0.00637429
1 38.64 46.5575 7.24999e-05 -0.00637188
1 39.76 46.5575 2.04295e-08 -0.0063766
1 40.88 46.5575 -7.35296e-05 -0.0063718
1 42 46.5575 -0.000467405 -0.00633234
1 43.1199 46.5575 -0.00771557 -0.00614205
1 44.24 46.5575 -0.00409095 -0.00488267
1 1.39046e-05 47.5274 0.00209319 -0.00475578
1 1.12003 47.5274 0.0046513 -0.00414718
1 2.24 47.5274 0.000318541 -0.00601053
1 3.36 47.5274 5.22145e-05 -0.00610973
1 4.48 47.5274 5.49231e-06 -0.00612051
1 5.6 47.5274 -2.51143e-05 -0.00611816
1 6.72 47.5274 4.99191e-05 -0.00610939
1 7.84 47.5274 4.63379e-09 -0.00611867
1 8.96 47.5274 -5.00083e-05 -0.00610914
1 10.08 47.5274 4.98339e-05 -0.00610945
1 11.2 47.5274 -8.45271e-19 -0.00611867
1 12.32 47.5274 -4.98339e-05 -0.00610945
1 13.44 47.5274 5.00084e-05 -0.00610914
1 14.56 47.5274 -4.52626e-09 -0.00611867
1 15.68 47.5274 -4.99277e-05 -0.00610938
1 16.8 47.5274 2.12527e-05 -0.0061174
1 17.92 47.5274 -2.16555e-05 -0.0061174
1 19.04 47.5274 -0.000151509 -0.00609347
1 20.16 47.5274 2.10477e-05 -0.0061174
1 21.28 47.5274 -2.10477e-05 -0.0061174
1 22.4 47.5274 0.000151509 -0.00609347
1 23.52 47.5274 2.16555e-05 -0.0061174
1 24.64 47.5274 -2.12497e-05 -0.0061174
1 25.76 47.5274 5.15357e-05 -0.00610989
1 26.88 47.5274 5.50361e-06 -0.00612051
1 28 47.5274 -2.51134e-05 -0.00611816
1 29.12 47.5274 4.99191e-05 -0.00610939
1 30.24 47.5274 4.63379e-09 -0.00611867
1 31.36 47.5274 -5.00083e-05 -0.00610914
1 32.48 47.5274 4.98339e-05 -0.00610945
1 33.6 47.5274 7.9601e-15 -0.00611867
1 34.72 47.5274 -4.98339e-05 -0.00610945
1 35.84 47.5274 5.00084e-05 -0.00610914
1 36.96 47.5274 -4.52625e-09 -0.00611867
1 38.08 47.5274 -4.99277e-05 -0.00610938
1 39.2 47.5274 2.12549e-05 -0.0061174
1 40.32 47.5274 -2.16207e-05 -0.00611741
1 41.44 47.5274 -0.000155058 -0.00609307
1 42.56 47.5274 -0.00170432 -0.00588026
1 43.68 47.5274 -0.0031378 -0.00305269
