1 0.660967 0.128402 0.0706192 0.0741732
1 1.77837 0.12167 0.0687525 0.0810485
1 2.8934 0.118462 0.0685171 0.0726293
1 4.00727 0.117143 0.0738157 0.0800398
1 5.12111 0.113616 0.062431 0.0841516
1 6.23641 0.112557 0.0606217 0.0653469
1 7.35054 0.116228 0.0703649 0.0522265
1 8.46358 0.121681 0.0702086 0.051463
1 9.57562 0.12705 0.0791224 0.0524775
1 10.6862 0.132026 0.0869093 0.0546053
1 11.7959 0.13658 0.0904481 0.0553133
1 12.9049 0.140983 0.095912 0.0571115
1 14.0138 0.144769 0.08258 0.0667041
1 15.1259 0.14714 0.0477537 0.0789714
1 16.2419 0.148167 0.0193942 0.0870609
1 17.3605 0.148467 0.00554402 0.0906004
1 18.4801 0.148531 0.000782238 0.0913974
1 19.6 0.148614 -0.000243704 0.0917029
1 20.72 0.148585 -0.000333349 0.0915483
1 21.84 0.148577 -0.000143178 0.0919045
1 22.9601 0.148469 0.000109937 0.0917124
1 24.0801 0.148443 0.000189388 0.0916762
1 25.2 0.14845 -6.03961e-05 0.0914951
1 26.3198 0.148426 -0.0025053 0.0911605
1 27.439 0.148241 -0.0105192 0.0895457
1 28.5566 0.147654 -0.0315071 0.0838104
1 29.6708 0.146073 -0.0656754 0.0728786
1 30.7809 0.143026 -0.0927824 0.060977
1 31.8895 0.13886 -0.0935579 0.0556337
1 32.9989 0.134439 -0.0894226 0.0552471
1 34.1087 0.129768 -0.0855411 0.0533298
1 35.2197 0.124605 -0.0725321 0.0519747
1 36.3325 0.118957 -0.067774 0.0494132
1 37.4461 0.113202 -0.0664179 0.0528112
1 38.5613 0.111137 -0.0616575 0.0781914
1 39.6759 0.115042 -0.0715976 0.0912898
1 40.7897 0.118231 -0.0656788 0.0739564
1 41.9047 0.119622 -0.0681625 0.0780443
1 43.0197 0.125149 -0.0683529 0.0791046
1 44.1405 0.139663 -0.0675427 0.0699396
1 0.10739 1.10003 0.0706731 0.077398
1 1.22736 1.09127 0.0664692 0.0764185
1 2.34039 1.08711 0.0685279 0.0768163
1 3.4531 1.085 0.0641598 0.07702
1 4.5667 1.08265 0.0685693 0.080842
1 5.67944 1.08018 0.0731094 0.0774536
1 6.79223 1.08136 0.0709868 0.0603763
1 7.90471 1.0863 0.072085 0.0486294
1 9.01672 1.09219 0.0750203 0.0500856
1 10.1278 1.09759 0.0849488 0.0524479
1 11.2376 1.1026 0.0885478 0.0540322
1 12.3473 1.10707 0.0874053 0.0601046
1 13.4571 1.11041 0.0819627 0.0705658
1 14.5684 1.11248 0.0578592 0.0809551
1 15.6832 1.11345 0.0282995 0.0877698
1 16.801 1.11379 0.0101927 0.0906787
1 17.9202 1.11387 0.00233225 0.0918452
1 19.04 1.11389 0.000240563 0.0923211
1 20.16 1.11392 -0.000461875 0.0919314
1 21.2801 1.1139 -0.000151871 0.0918994
1 22.4002 1.11383 -7.69131e-05 0.092216
1 23.5201 1.11379 0.000381761 0.0919179
1 24.6401 1.11378 0.000136401 0.0919223
1 25.76 1.11378 -0.000886573 0.0921977
1 26.8795 1.11374 -0.0051439 0.0917566
1 27.9982 1.11353 -0.017663 0.0895278
1 29.1147 1.11296 -0.0421286 0.0847638
1 30.2277 1.11157 -0.0715189 0.0760332
1 31.3379 1.10893 -0.0864098 0.0651224
1 32.4476 1.10505 -0.0881921 0.0563432
1 33.5571 1.10032 -0.0879386 0.0528704
1 34.6674 1.09517 -0.0789534 0.0517187
1 35.779 1.08943 -0.0747344 0.0486495
1 36.8909 1.08327 -0.0740495 0.0493595
1 38.0039 1.07909 -0.0620942 0.0651045
1 39.1176 1.07991 -0.0653834 0.0846332
1 40.231 1.08369 -0.0690113 0.0856441
1 41.3445 1.08594 -0.0703936 0.0739221
1 42.457 1.0889 -0.0737112 0.0800669
1 43.5709 1.09707 -0.0731556 0.0805623
1 0.673379 2.05697 0.0724142 0.0840137
1 1.78683 2.05186 0.0728563 0.0766986
1 2.89861 2.04905 0.070073 0.0712349
1 4.01118 2.04703 0.0676725 0.0791114
1 5.1236 2.04409 0.069466 0.0837629
1 6.23604 2.04345 0.0656465 0.063872
1 7.34789 2.04717 0.0773269 0.0496403
1 8.45871 2.05276 0.0796475 0.048634
1 9.56959 2.05848 0.0807934 0.0489821
1 10.68 2.06383 0.0837669 0.0529322
1 11.7904 2.06811 0.0779675 0.0627139
1 12.9013 2.07107 0.076201 0.0723187
1 14.0123 2.07295 0.0678751 0.0798393
1 15.1255 2.074 0.0423863 0.0855409
1 16.2419 2.07445 0.0187753 0.0890313
1 17.3605 2.07459 0.00592792 0.0907453
1 18.4801 2.07461 0.000921209 0.0908599
1 19.6 2.07463 -9.03376e-05 0.090846
1 20.7201 2.07464 -0.000133236 0.0909254
1 21.8401 2.0746 -6.76798e-05 0.0906398
1 22.9602 2.07456 -2.64103e-05 0.0905965
1 24.0801 2.07453 -0.000156596 0.0909241
1 25.2 2.07452 -0.000394436 0.0908576
1 26.3198 2.07449 -0.0026221 0.0908447
1 27.439 2.07442 -0.0106965 0.0902237
1 28.5567 2.07417 -0.0289631 0.0875901
1 29.6715 2.07348 -0.0556147 0.0828032
1 30.7834 2.07211 -0.0739895 0.0762112
1 31.8942 2.06982 -0.0767973 0.0679705
1 33.0049 2.06632 -0.0831648 0.0579888
1 34.1147 2.06152 -0.0844644 0.0498901
1 35.2256 2.0558 -0.0734094 0.0469918
1 36.3371 2.04964 -0.0759227 0.0465868
1 37.4481 2.04417 -0.0788301 0.0557067
1 38.5597 2.04252 -0.0722173 0.0746713
1 39.6721 2.04458 -0.0683431 0.0801718
1 40.7848 2.04731 -0.0688075 0.0795914
1 41.897 2.0505 -0.0678375 0.0795565
1 43.0093 2.05497 -0.0705809 0.0771664
1 44.1303 2.05946 -0.0755539 0.0733271
1 0.111825 3.01864 0.0721133 0.0823569
1 1.23273 3.01623 0.0702148 0.0802815
1 2.34477 3.0131 0.0720203 0.0776059
1 3.45659 3.01075 0.0640524 0.0810464
1 4.56931 3.00789 0.0703643 0.0847875
1 5.68057 3.00627 0.0777065 0.0732122
1 6.79158 3.00851 0.0782718 0.0574384
1 7.90187 3.01334 0.0811589 0.0516073
1 9.01241 3.01905 0.075132 0.0514848
1 10.1234 3.02437 0.0759638 0.0579736
1 11.2343 3.02833 0.0721406 0.0686787
1 12.3459 3.03099 0.0695356 0.0769799
1 13.4573 3.03281 0.0725848 0.0821521
1 14.5691 3.03402 0.0578031 0.0872563
1 15.6836 3.03464 0.0304782 0.0914018
1 16.8011 3.03485 0.0114334 0.0935439
1 17.9202 3.03491 0.00280583 0.0942244
1 19.04 3.03492 0.000513422 0.0942646
1 20.16 3.03493 -0.000211287 0.0941222
1 21.2801 3.03493 0.000341141 0.0940508
1 22.4002 3.03492 -8.63235e-05 0.09407
1 23.5202 3.03488 3.72266e-05 0.0940602
1 24.6401 3.03484 -8.92553e-05 0.0941257
1 25.76 3.03482 -0.00109076 0.094272
1 26.8795 3.03478 -0.00614058 0.0940925
1 27.998 3.03466 -0.0196233 0.0926585
1 29.1141 3.03431 -0.0436638 0.0894702
1 30.2271 3.03346 -0.0671727 0.0843963
1 31.3384 3.032 -0.071474 0.0795913
1 32.45 3.0299 -0.0694704 0.0739181
1 33.5612 3.02675 -0.0763696 0.0642361
1 34.6719 3.02213 -0.0768815 0.0536432
1 35.7827 3.01624 -0.0798443 0.0482019
1 36.8927 3.01024 -0.0816819 0.051224
1 38.0033 3.00625 -0.0691306 0.0654072
1 39.1151 3.00603 -0.0681185 0.0798339
1 40.227 3.00864 -0.0663777 0.084808
1 41.3391 3.0117 -0.0655979 0.078445
1 42.451 3.01464 -0.0642144 0.0789584
1 43.5652 3.01799 -0.0652746 0.0821724
1 0.675574 3.97903 0.0698241 0.0746691
1 1.79006 3.977 0.0679081 0.0727862
1 2.90186 3.97449 0.0664212 0.0746545
1 4.0141 3.97161 0.0684071 0.0807464
1 5.12543 3.96941 0.0706869 0.074207
1 6.23674 3.97038 0.0662278 0.0562546
1 7.34703 3.97454 0.0849457 0.0493483
1 8.4563 3.97967 0.0790607 0.0508695
1 9.56747 3.98448 0.0666469 0.0573565
1 10.6793 3.98817 0.0673968 0.0664766
1 11.7911 3.99068 0.0660513 0.0732874
1 12.9028 3.9925 0.0716991 0.0768595
1 14.0138 3.99389 0.0711501 0.0809392
1 15.1263 3.99471 0.0476665 0.0855185
1 16.2422 3.99503 0.0221275 0.0884902
1 17.3606 3.99513 0.00699378 0.0896633
1 18.4801 3.99515 0.00101644 0.0895777
1 19.6 3.99517 0.00047328 0.0895207
1 20.72 3.99518 0.000136883 0.0896874
1 21.8401 3.99517 -0.000226258 0.0895151
1 22.9602 3.99515 6.60448e-05 0.0895187
1 24.0802 3.99512 -0.000535921 0.0897152
1 25.2001 3.99508 -0.00116675 0.0895776
1 26.3198 3.99504 -0.00321169 0.0895255
1 27.4389 3.99499 -0.0124078 0.0892191
1 28.5562 3.99483 -0.0330483 0.0871759
1 29.6703 3.99432 -0.0605411 0.0831045
1 30.7818 3.99327 -0.0738944 0.0785767
1 31.893 3.99168 -0.068016 0.0754031
1 33.005 3.98963 -0.0682017 0.0711869
1 34.1164 3.98671 -0.0690736 0.0630802
1 35.2281 3.98244 -0.0661004 0.052843
1 36.339 3.97699 -0.0787466 0.0458529
1 37.4484 3.97167 -0.0851223 0.0507092
1 38.5582 3.96896 -0.0807 0.0657142
1 39.6689 3.96963 -0.0696979 0.0772925
1 40.7812 3.9726 -0.0624802 0.0790621
1 41.8932 3.97582 -0.0656401 0.0739728
1 43.0056 3.97829 -0.0666169 0.0713216
1 44.126 3.97991 -0.0656705 0.0827711
1 0.115277 4.94175 0.0640212 0.0688137
1 1.23491 4.94062 0.0640275 0.0751646
1 2.34736 4.93845 0.0656051 0.0793793
1 3.45956 4.93531 0.0596609 0.0826627
1 4.57198 4.93284 0.0684988 0.0761672
1 5.68228 4.93303 0.0811216 0.064006
1 6.79177 4.93627 0.0840993 0.0554317
1 7.90126 4.94063 0.0736877 0.0574297
1 9.01279 4.94477 0.0569675 0.0624071
1 10.1252 4.94815 0.0634059 0.0694583
1 11.2368 4.95059 0.0675514 0.0753298
1 12.3484 4.95246 0.0693864 0.0784423
1 13.4594 4.95393 0.0773567 0.0818024
1 14.5703 4.9549 0.0645191 0.0868735
1 15.684 4.95535 0.0346433 0.0906469
1 16.8012 4.95548 0.0130991 0.0921359
1 17.9203 4.95552 0.00326207 0.0925277
1 19.0399 4.95556 0.000790903 0.0924807
1 20.1599 4.95556 -0.000109887 0.092541
1 21.2801 4.95556 0.000279233 0.0925422
1 22.4002 4.95555 -0.000107591 0.0925
1 23.5202 4.95552 0.000111473 0.092573
1 24.6402 4.9555 -0.000274065 0.0925005
1 25.76 4.95547 -0.00132829 0.0924959
1 26.8794 4.95542 -0.00672281 0.0923142
1 27.9977 4.95535 -0.0221198 0.0914023
1 29.1133 4.95513 -0.0495208 0.0888347
1 30.2254 4.95446 -0.0738331 0.0842545
1 31.3361 4.95324 -0.073759 0.0799034
1 32.4476 4.95159 -0.0663549 0.0772071
1 33.5593 4.94951 -0.0672952 0.0735327
1 34.6711 4.94673 -0.0624138 0.067277
1 35.783 4.94297 -0.0682903 0.0593629
1 36.893 4.93835 -0.0781887 0.0529274
1 38.0029 4.934 -0.0708851 0.0559486
1 39.1134 4.93191 -0.0758421 0.0704201
1 40.2241 4.93351 -0.0706578 0.0836218
1 41.3363 4.9369 -0.0687893 0.0821878
1 42.4482 4.93962 -0.0724583 0.0749616
1 43.5623 4.94119 -0.0756111 0.075255
1 0.678138 5.90412 0.0708663 0.0684289
1 1.79236 5.90182 0.0667954 0.0778369
1 2.90491 5.89859 0.0603947 0.0864066
1 4.01737 5.89563 0.0675408 0.0812305
1 5.12772 5.89541 0.0732463 0.0680514
1 6.23798 5.89773 0.0634426 0.0617344
1 7.34847 5.9013 0.070205 0.0629063
1 8.45906 5.9048 0.0624325 0.0667038
1 9.57114 5.90786 0.0601873 0.0715462
1 10.6828 5.91027 0.0683438 0.0762021
1 11.7942 5.91214 0.069032 0.079304
1 12.9053 5.91364 0.0770903 0.0822325
1 14.0154 5.9147 0.0789314 0.0865668
1 15.127 5.91524 0.0532468 0.0906469
1 16.2424 5.91543 0.024369 0.0926738
1 17.3606 5.91548 0.00768819 0.0930839
1 18.48 5.91551 0.00120434 0.0932275
1 19.6 5.91552 0.000388839 0.0932765
1 20.72 5.91552 5.14819e-06 0.093139
1 21.8401 5.91551 -0.00025086 0.0932423
1 22.9602 5.9155 0.000143755 0.0932102
1 24.0802 5.91548 -0.00032018 0.0931935
1 25.2001 5.91546 -0.00093509 0.0933106
1 26.3198 5.91544 -0.00343864 0.0931402
1 27.4388 5.91541 -0.0137851 0.0927887
1 28.5557 5.91531 -0.0371607 0.0917126
1 29.6692 5.91499 -0.067898 0.0886671
1 30.7797 5.9142 -0.0808478 0.0842075
1 31.8903 5.9129 -0.0715591 0.0806747
1 33.0017 5.91121 -0.0692726 0.0780337
1 34.113 5.90913 -0.0652773 0.0748043
1 35.2252 5.90649 -0.0554026 0.0703602
1 36.3371 5.90318 -0.0652554 0.064556
1 37.4472 5.89938 -0.0769664 0.0606466
1 38.5568 5.89604 -0.0806144 0.0628819
1 39.6664 5.8948 -0.071706 0.074549
1 40.7783 5.89657 -0.0599671 0.0862278
1 41.8908 5.90029 -0.0643131 0.085486
1 43.0032 5.90304 -0.0676167 0.0758382
1 44.1222 5.90446 -0.0680406 0.0639599
1 0.120326 6.86935 0.068908 0.0706388
1 1.23915 6.86617 0.0617873 0.0755213
1 2.35197 6.86229 0.057465 0.0830036
1 3.46429 6.85901 0.0577839 0.0774033
1 4.57562 6.85826 0.0694236 0.0662834
1 5.68526 6.85992 0.0755059 0.0614202
1 6.79514 6.86266 0.0719895 0.0594781
1 7.90561 6.86574 0.0639387 0.0617612
1 9.01747 6.8685 0.056589 0.0659243
1 10.1294 6.87081 0.0681462 0.0699967
1 11.2402 6.87268 0.0724524 0.0732543
1 12.3511 6.87416 0.0751852 0.0764297
1 13.4612 6.87525 0.0857669 0.0805952
1 14.5712 6.87587 0.0718437 0.0849444
1 15.6844 6.8761 0.0381447 0.0875159
1 16.8013 6.87617 0.0142667 0.0883562
1 17.9202 6.8762 0.0034612 0.0885958
1 19.0399 6.8762 0.000673294 0.0885646
1 20.1599 6.87621 -0.000237418 0.0885291
1 21.2801 6.8762 0.000166018 0.088497
1 22.4002 6.87619 -9.10329e-05 0.0884813
1 23.5202 6.87618 0.00017965 0.0885252
1 24.6402 6.87617 -0.000196109 0.0884952
1 25.76 6.87615 -0.00132842 0.0885525
1 26.8794 6.87615 -0.00742958 0.0884088
1 27.9975 6.87611 -0.024473 0.0879417
1 29.1128 6.87598 -0.0550457 0.0863127
1 30.2241 6.87557 -0.0821157 0.0827688
1 31.3337 6.8747 -0.0809784 0.0782983
1 32.4445 6.8734 -0.0711264 0.074667
1 33.5555 6.87171 -0.0708772 0.0716304
1 34.6668 6.86962 -0.0634357 0.0686898
1 35.7786 6.86712 -0.0635206 0.0653171
1 36.8893 6.86422 -0.0669867 0.0614764
1 38.0002 6.86116 -0.059845 0.0588927
1 39.1108 6.85857 -0.0728213 0.0617991
1 40.2207 6.85789 -0.0690548 0.0717126
1 41.3329 6.8601 -0.0592077 0.0833789
1 42.4463 6.86397 -0.0620964 0.0822004
1 43.5612 6.86743 -0.0695534 0.0724024
1 0.682371 7.83008 0.063358 0.0879091
1 1.79764 7.82543 0.0568357 0.0946713
1 2.91064 7.82175 0.0580475 0.0887512
1 4.02231 7.82054 0.0686434 0.077558
1 5.13203 7.82172 0.0698197 0.0685218
1 6.24256 7.82406 0.0576191 0.0675175
1 7.35349 7.82669 0.0670572 0.0690922
1 8.46405 7.82916 0.0654645 0.0725736
1 9.57549 7.8313 0.0660216 0.07584
1 10.6864 7.83311 0.0739905 0.0790916
1 11.7971 7.83454 0.0753879 0.082852
1 12.9073 7.83555 0.0853688 0.0870814
1 14.0164 7.83615 0.0869861 0.0913148
1 15.1274 7.83638 0.0576485 0.0941211
1 16.2425 7.83643 0.0256075 0.0951667
1 17.3606 7.83644 0.0078424 0.0953851
1 18.48 7.83645 0.00116878 0.0954305
1 19.6 7.83646 0.000237154 0.095388
1 20.72 7.83646 -7.08693e-05 0.0952726
1 21.8401 7.83645 -0.000238806 0.0953222
1 22.9602 7.83644 0.000104595 0.0953211
1 24.0802 7.83643 -0.000249039 0.0952959
1 25.2001 7.83642 -0.000761052 0.095307
1 26.3198 7.83642 -0.00351934 0.0953208
1 27.4388 7.83642 -0.0143923 0.0952311
1 28.5556 7.83639 -0.0397055 0.0947277
1 29.6685 7.83626 -0.0742649 0.0928017
1 30.7782 7.83584 -0.0894782 0.0890358
1 31.8878 7.83502 -0.0789248 0.084687
1 32.9984 7.83378 -0.0749649 0.0807631
1 34.109 7.83213 -0.0700535 0.077422
1 35.2205 7.83011 -0.058923 0.074491
1 36.3321 7.82776 -0.0645657 0.0712071
1 37.4425 7.82515 -0.0703443 0.0693249
1 38.5528 7.82261 -0.0726054 0.0693896
1 39.6625 7.82072 -0.0694151 0.0723852
1 40.7736 7.82036 -0.0627727 0.0824796
1 41.8857 7.82277 -0.0589746 0.0945595
1 42.9992 7.82728 -0.0595293 0.095453
1 44.1193 7.83197 -0.0771985 0.0851949
1 0.122656 8.79291 0.0801285 0.0978819
1 1.24447 8.78762 0.0610114 0.101857
1 2.35813 8.78345 0.0624746 0.0913309
1 3.46963 8.78218 0.0641326 0.0769498
1 4.58037 8.78315 0.0707281 0.069615
1 5.69009 8.78514 0.0739552 0.0680614
1 6.80018 8.78738 0.0721137 0.0681978
1 7.91051 8.78968 0.067399 0.0701206
1 9.02182 8.79169 0.0619883 0.0734013
1 10.133 8.79339 0.0737944 0.0766094
1 11.2431 8.79473 0.0792314 0.0805044
1 12.3532 8.79565 0.0834306 0.0848322
1 13.4624 8.79617 0.093833 0.0886559
1 14.5716 8.79637 0.0767747 0.0911193
1 15.6844 8.79641 0.0398134 0.0920066
1 16.8013 8.79641 0.0144488 0.0920951
1 17.9202 8.79641 0.00341592 0.092068
1 19.0399 8.79641 0.00058905 0.092021
1 20.1599 8.79642 -0.000348548 0.0919987
1 21.2801 8.79642 0.000148019 0.0919644
1 22.4002 8.79641 -0.00010021 0.0919261
1 23.5202 8.7964 0.000219661 0.0919403
1 24.6402 8.7964 -3.69652e-05 0.0919484
1 25.76 8.79639 -0.00129765 0.092009
1 26.8794 8.79639 -0.00754594 0.0920412
1 27.9975 8.7964 -0.0252135 0.0920457
1 29.1125 8.79638 -0.0582068 0.0915977
1 30.2233 8.79626 -0.0889324 0.0898452
1 31.3321 8.79589 -0.089469 0.0865149
1 32.442 8.79515 -0.0786487 0.0823729
1 33.5522 8.79398 -0.0766634 0.0781637
1 34.6628 8.79239 -0.0682168 0.0748611
1 35.774 8.79049 -0.0679571 0.0722063
1 36.8842 8.78832 -0.0691514 0.069797
1 37.9951 8.78599 -0.0585516 0.0678942
1 39.1058 8.78369 -0.0701871 0.068171
1 40.2156 8.782 -0.0693534 0.0740794
1 41.3267 8.78208 -0.0597833 0.0850141
1 42.4393 8.78478 -0.0548218 0.0977489
1 43.555 8.79016 -0.0554948 0.101635
1 0.689277 9.74984 0.0544159 0.107869
1 1.80467 9.74558 0.0590481 0.0914293
1 2.91651 9.74431 0.0646035 0.0756363
1 4.02726 9.74514 0.0717231 0.0669954
1 5.13683 9.74698 0.0707406 0.0633569
1 6.24743 9.74912 0.0596659 0.064096
1 7.35816 9.75119 0.0717125 0.0659707
1 8.46822 9.75307 0.0714215 0.0689648
1 9.57905 9.75463 0.072156 0.0724316
1 10.6893 9.75586 0.0811708 0.0766931
1 11.7991 9.75666 0.0837294 0.0814904
1 12.9085 9.75706 0.0932237 0.0854789
1 14.0169 9.75719 0.0920989 0.0880325
1 15.1275 9.7572 0.0594941 0.0890272
1 16.2425 9.75717 0.0258285 0.0891271
1 17.3606 9.75716 0.00771415 0.0890523
1 18.48 9.75716 0.00104416 0.0890344
1 19.6 9.75717 0.000137496 0.08903
1 20.72 9.75717 -0.000119369 0.0890068
1 21.8401 9.75717 -0.00022072 0.088967
1 22.9602 9.75717 0.00016179 0.0889391
1 24.0802 9.75716 -0.000170845 0.0889364
1 25.2001 9.75716 -0.000645616 0.088963
1 26.3198 9.75716 -0.00339716 0.0890241
1 27.4388 9.75716 -0.0143375 0.0890862
1 28.5555 9.75717 -0.0406185 0.0890733
1 29.6683 9.75718 -0.0778662 0.0884873
1 30.7774 9.75711 -0.0963543 0.0866075
1 31.8861 9.75683 -0.0872102 0.0832222
1 32.9959 9.75621 -0.0828575 0.0787692
1 34.1057 9.75514 -0.0765054 0.0742038
1 35.2166 9.75367 -0.0642571 0.0704057
1 36.3276 9.75187 -0.0689501 0.0670811
1 37.4377 9.7498 -0.0735405 0.0653001
1 38.5478 9.74768 -0.074784 0.0647781
1 39.6575 9.74562 -0.0708365 0.0650314
1 40.7682 9.74407 -0.0665012 0.0698106
1 41.8793 9.74396 -0.0648718 0.0823887
1 42.9928 9.74667 -0.057752 0.100289
1 44.1162 9.75185 -0.0683386 0.110029
1 0.1272 10.7104 0.0552789 0.11292
1 1.25071 10.7067 0.0575837 0.0975035
1 2.36367 10.7059 0.0665459 0.0801114
1 3.47437 10.707 0.067545 0.0710344
1 4.58486 10.7088 0.0723958 0.0686732
1 5.69453 10.7108 0.0761988 0.0690124
1 6.80447 10.7127 0.0758183 0.0701911
1 7.91444 10.7145 0.0728422 0.0728418
1 9.02519 10.7159 0.0687509 0.077296
1 10.1357 10.7169 0.0817139 0.0820303
1 11.245 10.7176 0.0876441 0.0868051
1 12.3543 10.7178 0.0909647 0.0908463
1 13.4628 10.7178 0.0990607 0.093339
1 14.5717 10.7177 0.078906 0.0942312
1 15.6844 10.7177 0.0401386 0.0942329
1 16.8013 10.7176 0.0143237 0.0940488
1 17.9202 10.7176 0.00334607 0.0939439
1 19.0399 10.7176 0.000493852 0.0938949
1 20.1599 10.7176 -0.000452718 0.0938872
1 21.2801 10.7176 0.000150864 0.0938604
1 22.4002 10.7176 -6.44119e-05 0.0938213
1 23.5202 10.7176 0.00025606 0.093837
1 24.6402 10.7176 6.50504e-05 0.0938669
1 25.76 10.7176 -0.00124301 0.093914
1 26.8794 10.7176 -0.00752318 0.0939559
1 27.9975 10.7176 -0.0252967 0.0940769
1 29.1125 10.7177 -0.0593739 0.0941706
1 30.223 10.7178 -0.0928039 0.0937115
1 31.3313 10.7178 -0.096194 0.0919416
1 32.4404 10.7177 -0.0867373 0.0885519
1 33.5498 10.7172 -0.0847235 0.0839504
1 34.6596 10.7163 -0.0752452 0.0792655
1 35.7702 10.715 -0.0739766 0.0750251
1 36.88 10.7133 -0.0740312 0.0715905
1 37.9905 10.7114 -0.0620486 0.0690438
1 39.1012 10.7094 -0.072412 0.0674708
1 40.2107 10.7073 -0.0726255 0.0695971
1 41.3212 10.7057 -0.0669492 0.0751652
1 42.4323 10.7054 -0.0639117 0.0885454
1 43.5468 10.7075 -0.0571481 0.110115
1 0.696564 11.6668 0.062254 0.0987459
1 1.81037 11.6667 0.0670759 0.0793218
1 2.92113 11.6682 0.0685279 0.0709031
1 4.03151 11.6702 0.0737228 0.0685504
1 5.14098 11.6722 0.0732101 0.0685155
1 6.25141 11.674 0.0639505 0.0715241
1 7.36176 11.6756 0.0783351 0.0754837
1 8.47125 11.6768 0.0792927 0.0798167
1 9.58142 11.6777 0.0804983 0.0846435
1 10.691 11.6782 0.0894165 0.0892001
1 11.8001 11.6783 0.0908217 0.0928876
1 12.9089 11.6782 0.0982754 0.0952254
1 14.017 11.678 0.0944435 0.0960439
1 15.1274 11.6778 0.0598704 0.0957949
1 16.2424 11.6778 0.0256299 0.0953723
1 17.3606 11.6777 0.00753708 0.0951125
1 18.48 11.6777 0.00096435 0.095063
1 19.6 11.6777 0.00010156 0.0950466
1 20.72 11.6777 -0.000149345 0.0949928
1 21.8401 11.6777 -0.000232845 0.0950096
1 22.9602 11.6777 0.00018797 0.0950026
1 24.0802 11.6777 -0.00012882 0.0949929
1 25.2001 11.6777 -0.000590099 0.0950355
1 26.3198 11.6777 -0.00329508 0.0950629
1 27.4388 11.6777 -0.0141281 0.0951662
1 28.5556 11.6778 -0.0406766 0.0954873
1 29.6683 11.6779 -0.079251 0.095857
1 30.7771 11.6781 -0.100284 0.0955954
1 31.8854 11.6783 -0.093489 0.0939017
1 32.9945 11.6782 -0.0907871 0.0907659
1 34.1036 11.6779 -0.0850077 0.0865981
1 35.2137 11.6771 -0.0720315 0.0817714
1 36.3241 11.676 -0.0754022 0.0767295
1 37.4338 11.6745 -0.0786403 0.0728867
1 38.5436 11.6728 -0.0788474 0.0704748
1 39.6531 11.6708 -0.0738222 0.0688565
1 40.7635 11.6688 -0.0691799 0.0687285
1 41.8738 11.667 -0.0687098 0.0737419
1 42.9857 11.6661 -0.0572034 0.0872724
1 44.1077 11.6678 -0.0432469 0.107922
1 0.137745 12.6277 0.0430238 0.0918862
1 1.25757 12.628 0.0608382 0.0747544
1 2.36866 12.6298 0.0703253 0.068396
1 3.4786 12.6319 0.0703133 0.0679472
1 4.58875 12.6338 0.0769885 0.0706185
1 5.69802 12.6354 0.0830043 0.0745204
1 6.80754 12.6368 0.0835237 0.0792143
1 7.917 12.6378 0.081424 0.0842458
1 9.02716 12.6384 0.0778385 0.0893029
1 10.137 12.6387 0.0903482 0.0936629
1 11.2458 12.6387 0.0943442 0.0968228
1 12.3546 12.6385 0.0955082 0.0989496
1 13.4629 12.6382 0.101546 0.0998952
1 14.5717 12.638 0.0794941 0.0996256
1 15.6844 12.6378 0.0399641 0.0990108
1 16.8012 12.6377 0.0141823 0.0986138
1 17.9202 12.6377 0.00332849 0.0984611
1 19.0399 12.6377 0.000467577 0.0984461
1 20.1599 12.6377 -0.000482932 0.0984485
1 21.2801 12.6377 0.000135449 0.0984399
1 22.4002 12.6377 -7.47608e-05 0.0984196
1 23.5202 12.6377 0.000216201 0.098397
1 24.6402 12.6377 4.38068e-05 0.0983925
1 25.76 12.6377 -0.00125984 0.0984031
1 26.8794 12.6377 -0.00754014 0.0984392
1 27.9976 12.6378 -0.0251521 0.0987178
1 29.1126 12.6379 -0.0594613 0.0992681
1 30.2231 12.6381 -0.0943517 0.0997791
1 31.3311 12.6384 -0.0999757 0.099416
1 32.4398 12.6386 -0.0925158 0.0977437
1 33.5487 12.6387 -0.0924401 0.0949487
1 34.6579 12.6385 -0.0841142 0.091068
1 35.7679 12.638 -0.08333 0.0862819
1 36.877 12.6371 -0.0829446 0.0812439
1 37.9871 12.6359 -0.0686247 0.0761907
1 39.0974 12.6343 -0.0766027 0.0714666
1 40.2067 12.6325 -0.0754239 0.0685963
1 41.3169 12.6304 -0.0695823 0.0673856
1 42.4273 12.6283 -0.0688056 0.0695366
1 43.5405 12.6267 -0.0653392 0.0803102
1 0.702138 13.5895 0.0699253 0.0609336
1 1.81487 13.5916 0.0721622 0.0615708
1 2.92498 13.5935 0.0730118 0.0657563
1 4.03496 13.5952 0.0793069 0.0708601
1 5.14402 13.5965 0.0807371 0.0762101
1 6.25394 13.5975 0.0732829 0.0818656
1 7.3637 13.5982 0.0885169 0.0871288
1 8.47262 13.5986 0.0886319 0.0911065
1 9.58229 13.5987 0.0884842 0.0943834
1 10.6914 13.5986 0.0955258 0.0965502
1 11.8003 13.5984 0.0948634 0.097546
1 12.9089 13.5981 0.100649 0.0978612
1 14.0168 13.5977 0.0950816 0.0972426
1 15.1274 13.5975 0.0595671 0.0960057
1 16.2424 13.5974 0.0252879 0.0950851
1 17.3606 13.5973 0.00738726 0.0946672
1 18.48 13.5973 0.000925262 0.0945987
1 19.6 13.5973 0.000101691 0.0945979
1 20.72 13.5973 -0.000151132 0.0945765
1 21.8401 13.5973 -0.000236918 0.0945871
1 22.9602 13.5973 0.000186327 0.094575
1 24.0802 13.5973 -0.000150802 0.0945475
1 25.2001 13.5973 -0.000584211 0.0945747
1 26.3198 13.5973 -0.00320446 0.0946167
1 27.4388 13.5973 -0.0138408 0.0948062
1 28.5556 13.5974 -0.0403051 0.095465
1 29.6684 13.5976 -0.0793626 0.0966198
1 30.7772 13.5979 -0.101872 0.0976417
1 31.8853 13.5982 -0.0968388 0.0976799
1 32.9942 13.5985 -0.0960912 0.0969174
1 34.1028 13.5986 -0.0925851 0.0952854
1 35.2125 13.5986 -0.0809206 0.0923268
1 36.3224 13.5983 -0.0846585 0.0882939
1 37.4315 13.5977 -0.0875529 0.0834521
1 38.5408 13.5968 -0.0870895 0.0783061
1 39.6499 13.5956 -0.081044 0.0730724
1 40.7597 13.5941 -0.0752788 0.0673412
1 41.8693 13.5923 -0.0750374 0.0627213
1 42.9795 13.5903 -0.0665431 0.0598851
1 44.0971 13.5889 -0.0549632 0.0634851
1 0.146249 14.5537 0.0708139 0.0367815
1 1.26253 14.555 0.0758636 0.0417795
1 2.37229 14.5564 0.0808608 0.0492681
1 3.48152 14.5576 0.0796034 0.0559602
1 4.59111 14.5585 0.0866172 0.0618886
1 5.69982 14.5591 0.0924247 0.0664658
1 6.80882 14.5595 0.0918604 0.0700839
1 7.91783 14.5596 0.088641 0.072794
1 9.0276 14.5597 0.0839322 0.074404
1 10.1372 14.5595 0.0949179 0.0751527
1 11.2457 14.5593 0.0969828 0.0748592
1 12.3545 14.5591 0.0969179 0.0741643
1 13.4627 14.5588 0.10198 0.0730984
1 14.5715 14.5586 0.0791023 0.0714445
1 15.6843 14.5585 0.039525 0.070014
1 16.8012 14.5584 0.0140021 0.0692663
1 17.9202 14.5584 0.00335257 0.0690169
1 19.0399 14.5584 0.000510378 0.0689492
1 20.1599 14.5584 -0.000478408 0.0689325
1 21.2801 14.5584 0.000119327 0.068931
1 22.4002 14.5584 -0.000132261 0.0689441
1 23.5202 14.5584 0.0001392 0.0689709
1 24.6402 14.5584 1.82544e-05 0.068982
1 25.76 14.5584 -0.00128284 0.0690142
1 26.8794 14.5584 -0.00750172 0.0691304
1 27.9976 14.5584 -0.0248222 0.0695895
1 29.1127 14.5585 -0.0589349 0.0706861
1 30.2232 14.5587 -0.0943206 0.0723269
1 31.3312 14.559 -0.101075 0.0737137
1 32.4399 14.5592 -0.0946692 0.0744828
1 33.5486 14.5594 -0.0961074 0.0748882
1 34.6576 14.5596 -0.0895323 0.0744702
1 35.7672 14.5596 -0.0905726 0.0731406
1 36.8758 14.5595 -0.0920546 0.0710386
1 37.9853 14.5592 -0.0779025 0.0676338
1 39.0952 14.5586 -0.0854833 0.0628734
1 40.204 14.5578 -0.0843041 0.057772
1 41.3137 14.5568 -0.0781811 0.0515568
1 42.4236 14.5555 -0.0778846 0.0441816
1 43.536 14.554 -0.0774287 0.0365415
1 0.705101 15.5213 0.0839647 0.0178838
1 1.81742 15.5221 0.0836323 0.0238164
1 2.9271 15.5227 0.0834682 0.0291374
1 4.0366 15.5232 0.0887412 0.0333535
1 5.14523 15.5235 0.0885356 0.0367619
1 6.25478 15.5237 0.0800603 0.0388281
1 7.36415 15.5238 0.0942086 0.0402342
1 8.47273 15.5237 0.0921837 0.0406321
1 9.5822 15.5237 0.0902654 0.0406097
1 10.6912 15.5236 0.096038 0.0401147
1 11.8 15.5235 0.0947371 0.0392628
1 12.9087 15.5233 0.100152 0.0383654
1 14.0167 15.5232 0.0941537 0.0372272
1 15.1273 15.5231 0.0587127 0.0360494
1 16.2424 15.523 0.0248343 0.0353007
1 17.3605 15.523 0.00722295 0.0349885
1 18.48 15.523 0.000923016 0.0349079
1 19.6 15.523 0.000125081 0.034874
1 20.72 15.523 -0.000143536 0.0348699
1 21.8401 15.523 -0.000248397 0.0348723
1 22.9602 15.523 0.000166731 0.0348983
1 24.0802 15.523 -0.000145213 0.03491
1 25.2001 15.523 -0.000563631 0.0349345
1 26.3198 15.523 -0.00311186 0.0349852
1 27.4388 15.523 -0.0135221 0.035136
1 28.5557 15.523 -0.0396553 0.0356354
1 29.6685 15.5231 -0.0784322 0.0366273
1 30.7774 15.5232 -0.101158 0.0378558
1 31.8855 15.5234 -0.0965825 0.0388343
1 32.9944 15.5235 -0.0964938 0.0396454
1 34.1029 15.5236 -0.0942559 0.0402578
1 35.2124 15.5237 -0.0838675 0.0403984
1 36.322 15.5237 -0.0887706 0.0401605
1 37.4309 15.5237 -0.0935369 0.0391737
1 38.5398 15.5235 -0.0952761 0.0372466
1 39.6484 15.5233 -0.0906397 0.0345344
1 40.7578 15.5229 -0.0855164 0.0305135
1 41.8669 15.5223 -0.0874844 0.0258077
1 42.9763 15.5216 -0.0833765 0.0204992
1 44.092 15.521 -0.0844252 0.015599
1 0.148648 16.4899 0.0907048 0.00547438
1 1.26416 16.4901 0.0878066 0.00881977
1 2.37358 16.4904 0.0901601 0.0117313
1 3.48249 16.4905 0.0874797 0.0140045
1 4.59177 16.4907 0.0927888 0.0154406
1 5.7002 16.4907 0.0965412 0.0164405
1 6.809 16.4908 0.094212 0.0170353
1 7.91786 16.4908 0.0898283 0.0171747
1 9.02752 16.4907 0.0843166 0.0169109
1 10.137 16.4907 0.0944991 0.0165481
1 11.2455 16.4906 0.0960179 0.0160225
1 12.3543 16.4906 0.0958811 0.0154755
1 13.4625 16.4905 0.100905 0.0149125
1 14.5714 16.4905 0.078146 0.0142725
1 15.6843 16.4905 0.0389963 0.013777
1 16.8012 16.4904 0.0138015 0.0135289
1 17.9202 16.4904 0.00331991 0.0134423
1 19.0399 16.4904 0.000489274 0.013413
1 20.1599 16.4904 -0.000488852 0.0134021
1 21.2801 16.4904 0.000133967 0.0134022
1 22.4002 16.4904 -0.000115028 0.013413
1 23.5202 16.4904 0.000131399 0.0134279
1 24.6402 16.4904 3.7042e-05 0.0134375
1 25.76 16.4904 -0.00126436 0.0134524
1 26.8794 16.4904 -0.00741406 0.0134941
1 27.9976 16.4904 -0.0244709 0.0136429
1 29.1127 16.4905 -0.0581661 0.0140084
1 30.2233 16.4905 -0.09326 0.014601
1 31.3314 16.4906 -0.100071 0.0152079
1 32.44 16.4906 -0.093746 0.0157337
1 33.5488 16.4907 -0.0954886 0.0162713
1 34.6577 16.4907 -0.0895904 0.0166683
1 35.7672 16.4907 -0.091486 0.016888
1 36.8757 16.4907 -0.0944645 0.0169146
1 37.985 16.4907 -0.0819053 0.0166645
1 39.0946 16.4907 -0.0907102 0.0157073
1 40.2032 16.4906 -0.090998 0.0144785
1 41.3126 16.4904 -0.0865487 0.0126161
1 42.4222 16.4902 -0.0878267 0.00976067
1 43.5344 16.49 -0.0883792 0.00633841
1 0.705766 17.4595 0.0898076 0.00150909
1 1.81799 17.4595 0.0888982 0.00280802
1 2.92754 17.4596 0.0876235 0.00378081
1 4.03691 17.4596 0.0917806 0.00454063
1 5.14543 17.4596 0.0905392 0.00485456
1 6.25488 17.4596 0.0814342 0.00489981
1 7.36415 17.4596 0.0948066 0.00501112
1 8.47268 17.4596 0.0919816 0.004795
1 9.58212 17.4596 0.0896236 0.00460224
1 10.6911 17.4596 0.0951905 0.00438461
1 11.7999 17.4596 0.0939078 0.00411906
1 12.9086 17.4596 0.0993765 0.00387357
1 14.0166 17.4595 0.0934324 0.0036313
1 15.1272 17.4595 0.0582386 0.00339684
1 16.2423 17.4595 0.024619 0.00326898
1 17.3605 17.4595 0.00714684 0.00321324
1 18.48 17.4595 0.000906321 0.00319143
1 19.6 17.4595 0.000125747 0.00318762
1 20.72 17.4595 -0.000138362 0.00318178
1 21.8401 17.4595 -0.00024102 0.00318853
1 22.9602 17.4595 0.000176971 0.00319093
1 24.0802 17.4595 -0.000134497 0.00319519
1 25.2001 17.4595 -0.000554242 0.00320002
1 26.3198 17.4595 -0.0030775 0.00320391
1 27.4388 17.4595 -0.0133936 0.00324231
1 28.5557 17.4595 -0.0393346 0.00332986
1 29.6686 17.4595 -0.0778357 0.00350835
1 30.7775 17.4595 -0.100402 0.00374846
1 31.8856 17.4596 -0.0958011 0.00396869
1 32.9944 17.4596 -0.0956884 0.0042293
1 34.103 17.4596 -0.0936494 0.00451669
1 35.2124 17.4596 -0.0836044 0.00472989
1 36.322 17.4596 -0.0887987 0.0048075
1 37.4309 17.4596 -0.0942197 0.00480205
1 38.5397 17.4596 -0.0971225 0.00484744
1 39.6481 17.4596 -0.0936986 0.00475588
1 40.7574 17.4596 -0.0895254 0.00412355
1 41.8663 17.4596 -0.0925743 0.00328637
1 42.9757 17.4595 -0.0897665 0.00193849
1 44.0912 17.4594 -0.0939885 0.000830961
1 0.148913 18.4294 0.0945209 -0.000208375
1 1.26437 18.4294 0.0907037 0.000153624
1 2.37373 18.4294 0.0923227 0.00107309
1 3.48261 18.4294 0.0887375 0.00150915
1 4.59185 18.4294 0.0937534 0.00151852
1 5.70023 18.4294 0.0971858 0.0015868
1 6.80898 18.4294 0.0943307 0.00162592
1 7.91783 18.4294 0.0895457 0.00158291
1 9.02749 18.4294 0.0839355 0.00152183
1 10.137 18.4294 0.0940788 0.00151195
1 11.2455 18.4294 0.0955604 0.00148011
1 12.3543 18.4294 0.0954371 0.00141701
1 13.4625 18.4294 0.100517 0.001354
1 14.5714 18.4294 0.0778814 0.00129522
1 15.6843 18.4294 0.0388548 0.00126502
1 16.8012 18.4294 0.0137483 0.00125442
1 17.9202 18.4294 0.00329336 0.00124323
1 19.0399 18.4294 0.000477337 0.0012455
1 20.1599 18.4294 -0.000484672 0.00124322
1 21.2801 18.4294 0.000135728 0.0012436
1 22.4002 18.4294 -0.000101681 0.00124651
1 23.5202 18.4294 0.000146227 0.0012414
1 24.6402 18.4294 4.12399e-05 0.00124486
1 25.76 18.4294 -0.00125195 0.00124848
1 26.8794 18.4294 -0.00739554 0.00124804
1 27.9976 18.4294 -0.0243941 0.00126246
1 29.1128 18.4294 -0.0579709 0.00127999
1 30.2234 18.4294 -0.0929509 0.00131553
1 31.3314 18.4294 -0.0996886 0.00136467
1 32.4401 18.4294 -0.0933014 0.00141553
1 33.5488 18.4294 -0.094986 0.00148692
1 34.6577 18.4294 -0.0891505 0.00157344
1 35.7672 18.4294 -0.0913163 0.0016318
1 36.8757 18.4294 -0.0946064 0.00152844
1 37.985 18.4294 -0.0821189 0.00155889
1 39.0946 18.4294 -0.0912177 0.00155113
1 40.2031 18.4294 -0.092205 0.00149491
1 41.3124 18.4294 -0.0880338 0.00135119
1 42.422 18.4294 -0.0893996 0.000864566
1 43.5343 18.4293 -0.0907579 0.000388097
1 0.705795 19.3992 0.0909867 -0.000229132
1 1.81801 19.3993 0.0896518 -0.000227065
1 2.92756 19.3993 0.0882014 -0.000140038
1 4.03692 19.3993 0.0922654 0.000106758
1 5.1454 19.3993 0.090957 0.000256409
1 6.25484 19.3993 0.0815027 0.000139579
1 7.36411 19.3993 0.0945582 0.000151811
1 8.47266 19.3993 0.0917561 6.9951e-05
1 9.5821 19.3993 0.0894694 0.000101458
1 10.6911 19.3993 0.0950255 0.000133236
1 11.7999 19.3993 0.0937394 0.000128375
1 12.9086 19.3993 0.0992392 0.000108628
1 14.0166 19.3993 0.0933266 0.00010389
1 15.1272 19.3993 0.0581843 0.000105126
1 16.2423 19.3993 0.0245939 0.000108552
1 17.3605 19.3993 0.00714513 0.000112956
1 18.48 19.3993 0.00090418 0.000108414
1 19.6 19.3993 0.000123903 0.000111324
1 20.72 19.3993 -0.000137614 0.000112154
1 21.8401 19.3993 -0.00023644 0.000110026
1 22.9602 19.3993 0.000181614 0.000107755
1 24.0802 19.3993 -0.000136384 0.000111568
1 25.2001 19.3993 -0.000549554 0.000114331
1 26.3198 19.3993 -0.0030749 0.000113322
1 27.4388 19.3993 -0.0133827 0.000115759
1 28.5557 19.3993 -0.0393016 0.000106722
1 29.6686 19.3993 -0.0777755 9.94905e-05
1 30.7775 19.3993 -0.100304 9.54544e-05
1 31.8856 19.3993 -0.0956791 9.97674e-05
1 32.9944 19.3993 -0.095504 0.000115212
1 34.103 19.3993 -0.0934343 0.000125773
1 35.2125 19.3993 -0.0834482 0.000146926
1 36.3221 19.3993 -0.088788 0.000152891
1 37.4309 19.3993 -0.0941885 0.000166589
1 38.5397 19.3993 -0.0969015 0.000150466
1 39.6481 19.3993 -0.09372 0.000138162
1 40.7574 19.3993 -0.0900182 -0.000117223
1 41.8664 19.3993 -0.092969 -0.000219033
1 42.9757 19.3992 -0.0903197 0.000157284
1 44.0912 19.3992 -0.0949448 5.09182e-05
1 0.148881 20.369 0.0948423 0.000143504
1 1.26432 20.3691 0.0907475 0.000112428
1 2.37369 20.3691 0.0923254 -0.00021898
1 3.48257 20.3692 0.0887894 -0.000254606
1 4.59182 20.3692 0.0939021 -0.000277119
1 5.70019 20.3692 0.0972576 -0.00025323
1 6.80894 20.3692 0.0942159 -0.000334531
1 7.91781 20.3692 0.0894267 -0.000378737
1 9.02747 20.3692 0.0838947 -0.000403654
1 10.1369 20.3692 0.0940409 -0.000398105
1 11.2455 20.3692 0.0954937 -0.000416272
1 12.3543 20.3692 0.0953661 -0.00042463
1 13.4625 20.3692 0.100475 -0.000438846
1 14.5714 20.3692 0.0778721 -0.000444067
1 15.6843 20.3692 0.0388609 -0.000450403
1 16.8012 20.3692 0.0137565 -0.000458438
1 17.9202 20.3692 0.00330085 -0.000448756
1 19.0399 20.3692 0.000477859 -0.00045147
1 20.1599 20.3692 -0.000488031 -0.000454501
1 21.2801 20.3692 0.000137715 -0.000455794
1 22.4002 20.3692 -0.00010109 -0.00045497
1 23.5202 20.3692 0.000144094 -0.000449624
1 24.6402 20.3692 4.12146e-05 -0.000453949
1 25.76 20.3692 -0.00125216 -0.000448653
1 26.8794 20.3692 -0.00739897 -0.000447643
1 27.9976 20.3692 -0.0244002 -0.000458038
1 29.1128 20.3692 -0.0579776 -0.000454362
1 30.2234 20.3692 -0.0929377 -0.000450935
1 31.3314 20.3692 -0.0996432 -0.00043691
1 32.4401 20.3692 -0.0932368 -0.000411431
1 33.5488 20.3692 -0.0949229 -0.000396948
1 34.6577 20.3692 -0.0890849 -0.000391086
1 35.7673 20.3692 -0.0912588 -0.00038935
1 36.8757 20.3692 -0.0946226 -0.000353809
1 37.985 20.3692 -0.082197 -0.000192848
1 39.0946 20.3692 -0.0911993 -0.000377704
1 40.2031 20.3692 -0.0920783 -0.000330076
1 41.3125 20.3692 -0.0879842 -0.000320048
1 42.4221 20.3691 -0.0896038 -0.000334466
1 43.5343 20.3691 -0.090622 -0.000317844
1 0.705667 21.3391 0.0904334 0.000164448
1 1.8179 21.3392 0.0894625 -0.000149766
1 2.92747 21.3392 0.0880449 -0.00033756
1 4.03685 21.3392 0.0920195 -0.000179664
1 5.14537 21.3392 0.0906845 -1.00977e-05
1 6.25482 21.3392 0.081423 -0.000241807
1 7.3641 21.3392 0.0946273 -0.000203177
1 8.47264 21.3392 0.0917558 -0.000229888
1 9.58209 21.3392 0.0894279 -0.000249538
1 10.6911 21.3392 0.0949821 -0.000272195
1 11.7999 21.3392 0.0936741 -0.000263808
1 12.9086 21.3392 0.0991654 -0.000262166
1 14.0166 21.3392 0.0933072 -0.000278818
1 15.1272 21.3392 0.0581862 -0.000274342
1 16.2423 21.3392 0.0246081 -0.000272059
1 17.3605 21.3392 0.00714441 -0.000265954
1 18.48 21.3392 0.000901774 -0.000259888
1 19.6 21.3392 0.00012708 -0.000261086
1 20.72 21.3392 -0.000137717 -0.000258312
1 21.8401 21.3392 -0.000240684 -0.000262802
1 22.9602 21.3392 0.00018254 -0.000262191
1 24.0802 21.3392 -0.00013218 -0.000262511
1 25.2001 21.3392 -0.000554405 -0.000261385
1 26.3198 21.3392 -0.0030732 -0.000259769
1 27.4388 21.3392 -0.013389 -0.00026854
1 28.5557 21.3392 -0.0393148 -0.000276766
1 29.6686 21.3392 -0.0777653 -0.000285749
1 30.7775 21.3392 -0.10026 -0.000277621
1 31.8856 21.3392 -0.0955871 -0.000246471
1 32.9945 21.3392 -0.0954385 -0.000239222
1 34.103 21.3392 -0.0934071 -0.000245009
1 35.2125 21.3392 -0.0834089 -0.000246255
1 36.3221 21.3392 -0.0886847 -0.000271675
1 37.4309 21.3392 -0.0942312 -0.000188271
1 38.5397 21.3392 -0.0972499 -0.000166348
1 39.6481 21.3392 -0.0938656 -8.45538e-05
1 40.7574 21.3392 -0.0897624 -0.000255704
1 41.8664 21.3392 -0.0929266 -0.000276699
1 42.9757 21.3392 -0.0903426 -0.00046078
1 44.0911 21.3392 -0.0947183 -0.000124435
1 0.148783 22.3091 0.0945135 9.61077e-05
1 1.26422 22.3091 0.090742 0.000353469
1 2.37359 22.3091 0.0923296 0.000845954
1 3.48248 22.3091 0.0888312 0.000979697
1 4.59175 22.3092 0.0936085 0.000851093
1 5.70016 22.3091 0.0969335 0.00101417
1 6.80893 22.3091 0.0942575 0.00103066
1 7.91779 22.3091 0.0895261 0.00102652
1 9.02745 22.3091 0.0838634 0.000988155
1 10.1369 22.3091 0.0939791 0.000990306
1 11.2455 22.3091 0.0954631 0.00101251
1 12.3543 22.3091 0.0953394 0.00101524
1 13.4625 22.3091 0.100436 0.00101901
1 14.5714 22.3091 0.0778476 0.00102764
1 15.6843 22.3091 0.0388629 0.0010219
1 16.8012 22.3091 0.013758 0.00102253
1 17.9202 22.3091 0.003305 0.00102711
1 19.0399 22.3091 0.000479524 0.00102565
1 20.1599 22.3091 -0.000488639 0.00102493
1 21.2801 22.3091 0.000141235 0.00102487
1 22.4002 22.3091 -0.000102163 0.00102333
1 23.5202 22.3091 0.000139336 0.00102663
1 24.6402 22.3091 4.19809e-05 0.001025
1 25.76 22.3091 -0.00125713 0.00102576
1 26.8794 22.3091 -0.0073975 0.00102867
1 27.9976 22.3091 -0.024403 0.0010204
1 29.1128 22.3091 -0.0579779 0.00102208
1 30.2234 22.3091 -0.0929035 0.00102491
1 31.3314 22.3091 -0.099586 0.00102276
1 32.4401 22.3091 -0.09318 0.0010296
1 33.5488 22.3091 -0.0948851 0.00103632
1 34.6578 22.3091 -0.089089 0.00101095
1 35.7673 22.3091 -0.0912194 0.00098463
1 36.8758 22.3091 -0.0944859 0.000929062
1 37.985 22.3091 -0.0821849 0.00105659
1 39.0946 22.3091 -0.0913586 0.000927487
1 40.2031 22.3092 -0.0921524 0.000986032
1 41.3125 22.3091 -0.0881275 0.00104284
1 42.4221 22.3091 -0.0898668 0.000874977
1 43.5343 22.3091 -0.0912441 0.000574855
1 0.70563 23.279 0.0911041 -0.000482902
1 1.81787 23.279 0.0895808 -0.000753105
1 2.92744 23.279 0.088142 -0.00104964
1 4.03682 23.279 0.0922176 -0.00103041
1 5.14534 23.279 0.090755 -0.000844664
1 6.2548 23.279 0.0814822 -0.000812127
1 7.36407 23.279 0.0947027 -0.00076437
1 8.47261 23.279 0.0917796 -0.000894368
1 9.58206 23.279 0.0893993 -0.000912227
1 10.6911 23.279 0.0949682 -0.000921207
1 11.7999 23.279 0.0936782 -0.000919856
1 12.9086 23.279 0.099146 -0.000905591
1 14.0166 23.279 0.0932734 -0.000902865
1 15.1272 23.279 0.0581779 -0.000893792
1 16.2423 23.279 0.0246089 -0.000871933
1 17.3605 23.279 0.00714654 -0.000863209
1 18.48 23.279 0.000901288 -0.000857751
1 19.6 23.279 0.000128691 -0.000853171
1 20.72 23.279 -0.000133463 -0.000857737
1 21.8401 23.279 -0.000237875 -0.000853341
1 22.9602 23.279 0.000179184 -0.000858825
1 24.0802 23.279 -0.00013848 -0.000860472
1 25.2001 23.279 -0.000558197 -0.000862736
1 26.3198 23.279 -0.00307604 -0.000869157
1 27.4388 23.279 -0.0133925 -0.000870618
1 28.5557 23.279 -0.0393172 -0.000878199
1 29.6686 23.279 -0.0777521 -0.000897749
1 30.7775 23.279 -0.100216 -0.000905778
1 31.8856 23.279 -0.095554 -0.000903325
1 32.9945 23.279 -0.0954288 -0.000906323
1 34.1031 23.279 -0.0934103 -0.000898054
1 35.2125 23.279 -0.0834434 -0.000875122
1 36.3221 23.279 -0.0887303 -0.000897327
1 37.4309 23.279 -0.0941359 -0.000844215
1 38.5398 23.279 -0.0969447 -0.000828158
1 39.6482 23.279 -0.0936152 -0.000839402
1 40.7575 23.279 -0.0897848 -0.00099192
1 41.8665 23.279 -0.0930499 -0.000783457
1 42.9758 23.279 -0.0903846 -0.000288685
1 44.0913 23.2789 -0.0948006 4.69465e-05
1 0.148745 24.2489 0.0945989 4.64232e-05
1 1.2642 24.2489 0.0907917 0.000245699
1 2.37358 24.2489 0.0922919 7.41047e-05
1 3.48249 24.2489 0.0887412 3.17186e-06
1 4.59175 24.2489 0.093847 -0.000196951
1 5.70015 24.2489 0.0972941 -4.98942e-05
1 6.80891 24.2489 0.0944161 8.86778e-05
1 7.91777 24.2489 0.0895349 5.06966e-05
1 9.02743 24.2489 0.0838597 -2.48595e-05
1 10.1369 24.2489 0.0939909 -2.40689e-05
1 11.2455 24.2489 0.0954692 -1.29525e-05
1 12.3543 24.2489 0.0953117 -7.46653e-06
1 13.4625 24.2489 0.100398 -1.00665e-05
1 14.5714 24.2489 0.0778227 -1.26009e-05
1 15.6843 24.2489 0.038845 -2.13403e-06
1 16.8012 24.2489 0.0137589 6.6436e-06
1 17.9202 24.2489 0.00328624 9.00753e-06
1 19.0399 24.2489 0.000478462 1.4307e-05
1 20.1599 24.2489 -0.000476066 8.34677e-06
1 21.2801 24.2489 0.00013655 8.08843e-06
1 22.4002 24.2489 -0.000100119 1.4167e-05
1 23.5202 24.2489 0.000151286 1.04287e-05
1 24.6402 24.2489 3.23195e-05 1.22504e-05
1 25.76 24.2489 -0.00125284 1.05577e-05
1 26.8794 24.2489 -0.00739514 6.60985e-06
1 27.9976 24.2489 -0.0244107 4.15475e-06
1 29.1128 24.2489 -0.0579558 -3.00234e-06
1 30.2234 24.2489 -0.0928626 -8.09762e-06
1 31.3314 24.2489 -0.099538 -5.00823e-06
1 32.4401 24.2489 -0.0931588 -7.84514e-06
1 33.5489 24.2489 -0.0949056 -1.2579e-05
1 34.6578 24.2489 -0.0891254 -4.16412e-06
1 35.7673 24.2489 -0.0912519 -4.30804e-06
1 36.8758 24.2489 -0.0944749 -5.11954e-05
1 37.9851 24.2489 -0.0820743 0.000102131
1 39.0947 24.2489 -0.0911869 -0.000114251
1 40.2032 24.2489 -0.092062 -0.000106648
1 41.3126 24.2489 -0.0881206 2.83181e-05
1 42.4222 24.2489 -0.0896303 -4.71021e-05
1 43.5345 24.2489 -0.0905448 -0.000178637
1 0.705629 25.2188 0.0906695 0.000266761
1 1.81784 25.2188 0.0896824 0.000314488
1 2.92739 25.2188 0.0881502 0.000336358
1 4.03678 25.2187 0.0920886 0.000404175
1 5.14532 25.2187 0.0907069 0.000479673
1 6.25478 25.2187 0.0814708 0.000303158
1 7.36407 25.2187 0.0946334 0.000416096
1 8.47261 25.2187 0.0917734 0.000378986
1 9.58206 25.2187 0.0894439 0.0004028
1 10.6911 25.2187 0.0949973 0.000419924
1 11.7999 25.2187 0.0936762 0.000414906
1 12.9086 25.2187 0.0991277 0.000410928
1 14.0166 25.2187 0.0932515 0.000409372
1 15.1272 25.2187 0.0581666 0.000415722
1 16.2423 25.2187 0.0246115 0.000419479
1 17.3605 25.2187 0.00715338 0.000416306
1 18.48 25.2187 0.000899446 0.000409709
1 19.6 25.2187 0.000130086 0.000413623
1 20.72 25.2187 -0.000133263 0.000419001
1 21.8401 25.2187 -0.000239671 0.000413349
1 22.9602 25.2187 0.000180386 0.000411655
1 24.0802 25.2187 -0.00014291 0.000416625
1 25.2001 25.2187 -0.000558466 0.000421885
1 26.3198 25.2187 -0.00307416 0.000418135
1 27.4388 25.2187 -0.013396 0.000420545
1 28.5557 25.2187 -0.0393098 0.000423474
1 29.6686 25.2187 -0.0777245 0.000420713
1 30.7775 25.2187 -0.100192 0.000416779
1 31.8856 25.2187 -0.095559 0.000410664
1 32.9945 25.2187 -0.0954343 0.000401016
1 34.1031 25.2187 -0.0934091 0.000394312
1 35.2125 25.2187 -0.083451 0.000405765
1 36.3221 25.2187 -0.0887506 0.000380575
1 37.4309 25.2187 -0.0941687 0.000374839
1 38.5398 25.2187 -0.0970254 0.000418547
1 39.6482 25.2187 -0.0937917 0.000380549
1 40.7575 25.2187 -0.0899165 0.000267676
1 41.8665 25.2187 -0.0929947 0.00015926
1 42.9759 25.2187 -0.0903255 -5.02512e-06
1 44.0914 25.2187 -0.0949064 -0.000202898
1 0.148658 26.1885 0.0947823 -0.000206779
1 1.26415 26.1886 0.090805 -0.000250557
1 2.37354 26.1885 0.0924072 0.000396724
1 3.48244 26.1885 0.0888486 0.000502573
1 4.59171 26.1885 0.0936475 0.000385968
1 5.70013 26.1885 0.0969582 0.000256622
1 6.80891 26.1885 0.0942586 0.000196788
1 7.91777 26.1885 0.0895604 0.000184359
1 9.02743 26.1885 0.0838938 0.000188354
1 10.1369 26.1885 0.0939776 0.000196154
1 11.2455 26.1885 0.0954521 0.000147793
1 12.3543 26.1885 0.0953102 0.000115299
1 13.4625 26.1885 0.100399 8.97407e-05
1 14.5714 26.1885 0.0778199 5.77449e-05
1 15.6843 26.1885 0.0388517 3.55393e-05
1 16.8012 26.1885 0.013761 2.64007e-05
1 17.9202 26.1885 0.00329796 2.37386e-05
1 19.0399 26.1885 0.000480206 1.84612e-05
1 20.1599 26.1885 -0.000484518 1.85917e-05
1 21.2801 26.1885 0.000138932 1.81181e-05
1 22.4002 26.1885 -0.000102348 2.04319e-05
1 23.5202 26.1885 0.000147109 2.3797e-05
1 24.6402 26.1885 3.97688e-05 2.19233e-05
1 25.76 26.1885 -0.00125295 1.94676e-05
1 26.8794 26.1885 -0.00739781 2.50161e-05
1 27.9976 26.1885 -0.0244068 3.50087e-05
1 29.1128 26.1885 -0.0579465 4.83409e-05
1 30.2234 26.1885 -0.0928425 8.04814e-05
1 31.3314 26.1885 -0.0995468 0.000111457
1 32.4401 26.1885 -0.0931864 0.000122755
1 33.5489 26.1885 -0.0949046 0.00013145
1 34.6578 26.1885 -0.0890921 0.000184099
1 35.7673 26.1885 -0.0912291 0.000235574
1 36.8758 26.1885 -0.0945049 0.000175543
1 37.9851 26.1885 -0.0821266 0.000280458
1 39.0947 26.1885 -0.0912493 0.00021986
1 40.2032 26.1885 -0.0922463 0.000383377
1 41.3126 26.1885 -0.088204 0.000388932
1 42.4222 26.1885 -0.0898394 0.000304404
1 43.5345 26.1885 -0.0912473 0.000110755
1 0.705548 27.1584 0.0909221 -0.000288103
1 1.81782 27.1584 0.0895505 -0.00064284
1 2.92741 27.1584 0.0882389 -0.000827837
1 4.03678 27.1583 0.0922021 -0.000751249
1 5.14531 27.1584 0.0907277 -0.000656895
1 6.25478 27.1584 0.081304 -0.000766847
1 7.36407 27.1584 0.0945417 -0.000628529
1 8.47262 27.1584 0.0917764 -0.000701352
1 9.58206 27.1584 0.0894286 -0.000679652
1 10.6911 27.1584 0.0949474 -0.000634925
1 11.7999 27.1584 0.0936318 -0.000624687
1 12.9086 27.1584 0.0991158 -0.000615571
1 14.0166 27.1584 0.0932727 -0.000583848
1 15.1272 27.1584 0.0581781 -0.000565486
1 16.2423 27.1584 0.0246209 -0.000557116
1 17.3605 27.1584 0.0071535 -0.000554548
1 18.48 27.1584 0.000899945 -0.000557733
1 19.6 27.1584 0.000130001 -0.000554635
1 20.72 27.1584 -0.00013698 -0.000552899
1 21.8401 27.1584 -0.000243557 -0.000553662
1 22.9602 27.1584 0.000183756 -0.000555211
1 24.0802 27.1584 -0.000137267 -0.000555818
1 25.2001 27.1584 -0.000561526 -0.000557779
1 26.3198 27.1584 -0.00307316 -0.000558151
1 27.4388 27.1584 -0.0133977 -0.000555637
1 28.5557 27.1584 -0.039308 -0.000559572
1 29.6686 27.1584 -0.077715 -0.000570153
1 30.7775 27.1584 -0.100189 -0.000589881
1 31.8856 27.1584 -0.0955558 -0.000620996
1 32.9945 27.1584 -0.0954414 -0.000636906
1 34.1031 27.1584 -0.0933855 -0.000654515
1 35.2125 27.1584 -0.0833799 -0.000662888
1 36.3221 27.1584 -0.088762 -0.000702362
1 37.4309 27.1584 -0.0943307 -0.000745554
1 38.5398 27.1584 -0.097103 -0.000701762
1 39.6482 27.1583 -0.0937238 -0.000638011
1 40.7575 27.1584 -0.0897954 -0.000841292
1 41.8665 27.1584 -0.0930406 -0.000697205
1 42.9758 27.1584 -0.090532 -6.83932e-05
1 44.0913 27.1583 -0.0948621 0.000261492
1 0.148762 28.1283 0.0945096 0.000242965
1 1.26422 28.1283 0.0906209 0.000385929
1 2.37359 28.1283 0.0922889 3.52708e-05
1 3.48248 28.1283 0.088709 -5.44909e-06
1 4.59175 28.1283 0.0937174 -0.000173524
1 5.70015 28.1283 0.0971145 -0.000101901
1 6.80892 28.1283 0.0942034 1.66053e-06
1 7.91779 28.1283 0.089492 7.63169e-05
1 9.02745 28.1283 0.0839223 3.50054e-05
1 10.1369 28.1283 0.0940137 7.01482e-05
1 11.2455 28.1283 0.095454 0.000132983
1 12.3543 28.1283 0.0953172 0.000164787
1 13.4625 28.1283 0.100435 0.000201046
1 14.5714 28.1283 0.077862 0.000234608
1 15.6843 28.1283 0.0388681 0.000251204
1 16.8012 28.1283 0.0137627 0.000265303
1 17.9202 28.1283 0.00330118 0.000260394
1 19.0399 28.1283 0.000480431 0.000254543
1 20.1599 28.1283 -0.000487539 0.000262728
1 21.2801 28.1283 0.000139139 0.000263654
1 22.4002 28.1283 -0.000103232 0.000257963
1 23.5202 28.1283 0.000144792 0.000260716
1 24.6402 28.1283 3.9191e-05 0.000262749
1 25.76 28.1283 -0.00125352 0.000256965
1 26.8794 28.1283 -0.00740029 0.000258036
1 27.9976 28.1283 -0.0244064 0.000257881
1 29.1128 28.1283 -0.0579637 0.000243262
1 30.2234 28.1283 -0.0928803 0.000221836
1 31.3314 28.1283 -0.0995722 0.00019065
1 32.4401 28.1283 -0.0932061 0.000160742
1 33.5489 28.1283 -0.0949284 0.000135286
1 34.6578 28.1283 -0.0890898 8.3793e-05
1 35.7673 28.1283 -0.091246 3.06626e-05
1 36.8758 28.1283 -0.0946236 -8.37845e-05
1 37.985 28.1283 -0.0822309 -3.5723e-05
1 39.0946 28.1283 -0.0911927 -0.000102186
1 40.2032 28.1283 -0.0920592 8.67689e-06
1 41.3126 28.1283 -0.0880062 0.000108206
1 42.4222 28.1283 -0.0896477 -3.86743e-05
1 43.5344 28.1283 -0.090713 -3.14858e-05
1 0.705731 29.0982 0.0904778 -0.000646103
1 1.81792 29.0981 0.0895439 -0.00103998
1 2.92746 29.0981 0.0879425 -0.00134755
1 4.03685 29.098 0.0919093 -0.00141101
1 5.14537 29.098 0.0907828 -0.00155343
1 6.25481 29.098 0.0815235 -0.00183346
1 7.36409 29.0981 0.094626 -0.00168915
1 8.47264 29.098 0.0917953 -0.00168605
1 9.58208 29.0981 0.0894802 -0.00168301
1 10.6911 29.0981 0.095019 -0.00166406
1 11.7999 29.0981 0.0937061 -0.00161827
1 12.9086 29.0981 0.0992053 -0.00156521
1 14.0166 29.0981 0.0933318 -0.00150848
1 15.1272 29.0981 0.0582108 -0.00145542
1 16.2423 29.0981 0.0246133 -0.00142984
1 17.3605 29.0981 0.00715236 -0.00142481
1 18.48 29.0981 0.000906146 -0.00141112
1 19.6 29.0981 0.000125958 -0.00140922
1 20.72 29.0981 -0.00013722 -0.00141618
1 21.8401 29.0981 -0.000238341 -0.00140811
1 22.9602 29.0981 0.000180175 -0.00141037
1 24.0802 29.0981 -0.000137171 -0.00142111
1 25.2001 29.0981 -0.000551237 -0.00142228
1 26.3198 29.0981 -0.00307874 -0.00142064
1 27.4388 29.0981 -0.0133953 -0.0014325
1 28.5557 29.0981 -0.0393197 -0.00144594
1 29.6686 29.0981 -0.0777787 -0.00148379
1 30.7775 29.0981 -0.100265 -0.00153902
1 31.8856 29.0981 -0.0956254 -0.00157781
1 32.9945 29.0981 -0.0954848 -0.00160959
1 34.1031 29.0981 -0.093447 -0.00163768
1 35.2125 29.0981 -0.0834474 -0.00167975
1 36.3221 29.0981 -0.0887475 -0.00179785
1 37.4309 29.098 -0.094184 -0.00182181
1 38.5398 29.098 -0.0969846 -0.00169917
1 39.6482 29.098 -0.0936925 -0.00138611
1 40.7575 29.0981 -0.0897874 -0.00137089
1 41.8665 29.0981 -0.0927545 -0.00123504
1 42.9758 29.0982 -0.0900667 -0.00124762
1 44.0913 29.0982 -0.0944283 -0.000797927
1 0.148815 30.068 0.0935488 -0.00185192
1 1.26425 30.0679 0.0899702 -0.00244219
1 2.37362 30.0678 0.0916562 -0.00286263
1 3.48253 30.0678 0.0882074 -0.00348174
1 4.59179 30.0677 0.0934075 -0.00424428
1 5.70019 30.0677 0.0970459 -0.00457127
1 6.80895 30.0677 0.0943255 -0.00479534
1 7.91781 30.0677 0.08958 -0.00472587
1 9.02747 30.0677 0.0839585 -0.00460475
1 10.137 30.0677 0.0941222 -0.00446275
1 11.2455 30.0677 0.0956166 -0.00430156
1 12.3543 30.0677 0.0954884 -0.00410147
1 13.4625 30.0677 0.100597 -0.00388335
1 14.5714 30.0678 0.0779699 -0.00365263
1 15.6843 30.0678 0.0389086 -0.00349414
1 16.8012 30.0678 0.0137717 -0.00342807
1 17.9202 30.0678 0.00329227 -0.00340019
1 19.0399 30.0678 0.000479115 -0.003397
1 20.1599 30.0678 -0.000483542 -0.00338939
1 21.2801 30.0678 0.000133551 -0.00338992
1 22.4002 30.0678 -0.000104121 -0.00339822
1 23.5202 30.0678 0.000151265 -0.0033968
1 24.6402 30.0678 3.82125e-05 -0.00340032
1 25.76 30.0678 -0.00125293 -0.00340421
1 26.8794 30.0678 -0.00740401 -0.00341441
1 27.9976 30.0678 -0.0244327 -0.00346276
1 29.1127 30.0678 -0.0580435 -0.00357256
1 30.2233 30.0677 -0.0930267 -0.00377171
1 31.3314 30.0677 -0.0997269 -0.00399309
1 32.4401 30.0677 -0.0933333 -0.00418429
1 33.5488 30.0677 -0.0950516 -0.00438226
1 34.6577 30.0677 -0.0892121 -0.00454383
1 35.7673 30.0677 -0.0913177 -0.00468063
1 36.8758 30.0677 -0.0945257 -0.00482817
1 37.985 30.0677 -0.0820057 -0.00474494
1 39.0946 30.0677 -0.0910544 -0.00465518
1 40.2032 30.0677 -0.0918117 -0.00396015
1 41.3126 30.0678 -0.0875333 -0.00317291
1 42.4222 30.0679 -0.0888737 -0.00251694
1 43.5345 30.068 -0.0901423 -0.00189216
1 0.705491 31.0376 0.0883483 -0.00681505
1 1.81776 31.0373 0.0871869 -0.0100153
1 2.92738 31.037 0.0862381 -0.0127393
1 4.0368 31.0368 0.0908988 -0.0147494
1 5.14534 31.0367 0.0899684 -0.0160216
1 6.25482 31.0367 0.080998 -0.0169556
1 7.36412 31.0367 0.0945911 -0.0172352
1 8.47268 31.0367 0.0919898 -0.0172085
1 9.58213 31.0367 0.0897541 -0.0169858
1 10.6912 31.0368 0.0954055 -0.0165942
1 11.8 31.0368 0.0941444 -0.0160461
1 12.9086 31.0369 0.0996252 -0.0154924
1 14.0166 31.0369 0.0936946 -0.0148614
1 15.1272 31.037 0.0584207 -0.0142347
1 16.2423 31.037 0.0247012 -0.0138667
1 17.3605 31.037 0.00717382 -0.0137159
1 18.48 31.037 0.000908056 -0.0136683
1 19.6 31.037 0.000122719 -0.0136526
1 20.72 31.037 -0.000141007 -0.0136451
1 21.8401 31.037 -0.000242925 -0.0136541
1 22.9602 31.037 0.000175544 -0.0136665
1 24.0802 31.037 -0.000137667 -0.0136746
1 25.2001 31.037 -0.000555165 -0.0136832
1 26.3198 31.037 -0.00308836 -0.0137002
1 27.4388 31.037 -0.0134411 -0.0137881
1 28.5557 31.037 -0.0394644 -0.0140371
1 29.6686 31.0369 -0.0780679 -0.0145438
1 30.7774 31.0369 -0.100657 -0.0152085
1 31.8856 31.0368 -0.0960206 -0.0157801
1 32.9944 31.0368 -0.0959117 -0.0163374
1 34.103 31.0367 -0.0938278 -0.0168568
1 35.2124 31.0367 -0.0837053 -0.017157
1 36.3221 31.0367 -0.088852 -0.0173355
1 37.4309 31.0367 -0.0940653 -0.0172131
1 38.5398 31.0367 -0.0965353 -0.016831
1 39.6482 31.0367 -0.0926863 -0.0158865
1 40.7576 31.0369 -0.0882088 -0.0142023
1 41.8666 31.0371 -0.0908281 -0.0117623
1 42.9759 31.0374 -0.087666 -0.00846567
1 44.0915 31.0378 -0.0912154 -0.00564479
1 0.147887 32.0066 0.0842334 -0.0154526
1 1.2636 32.0058 0.0833816 -0.0205418
1 2.37314 32.0051 0.0865067 -0.026533
1 3.48217 32.0045 0.0845369 -0.0315711
1 4.59154 32.0041 0.0905549 -0.0356725
1 5.70007 32.0039 0.0950682 -0.0382364
1 6.80894 32.0037 0.0934136 -0.0400147
1 7.91785 32.0037 0.0894737 -0.0410412
1 9.02755 32.0037 0.0842334 -0.0413603
1 10.1371 32.0038 0.0947168 -0.0411832
1 11.2456 32.0039 0.0964594 -0.0404815
1 12.3544 32.0041 0.0963719 -0.0395966
1 13.4626 32.0042 0.101421 -0.0385706
1 14.5715 32.0043 0.0785848 -0.0372977
1 15.6843 32.0044 0.0392315 -0.0362753
1 16.8012 32.0044 0.0138867 -0.0357648
1 17.9202 32.0045 0.00333767 -0.0355874
1 19.0399 32.0045 0.000496738 -0.0355331
1 20.1599 32.0045 -0.000490535 -0.0355217
1 21.2801 32.0045 0.000127522 -0.0355231
1 22.4002 32.0045 -0.000126483 -0.0355355
1 23.5202 32.0045 0.000128239 -0.0355612
1 24.6402 32.0045 3.33447e-05 -0.0355757
1 25.76 32.0045 -0.00127008 -0.0355995
1 26.8794 32.0044 -0.00745138 -0.0356863
1 27.9976 32.0044 -0.0246245 -0.0359978
1 29.1127 32.0044 -0.0585224 -0.0367588
1 30.2233 32.0043 -0.0937669 -0.0379729
1 31.3313 32.0041 -0.100565 -0.0391637
1 32.44 32.004 -0.0942125 -0.0401013
1 33.5487 32.0039 -0.0958988 -0.0409643
1 34.6576 32.0037 -0.0898238 -0.0414221
1 35.7672 32.0037 -0.091434 -0.0414206
1 36.8757 32.0037 -0.0938754 -0.0410705
1 37.9851 32.0037 -0.0807891 -0.0397077
1 39.0948 32.0039 -0.0890966 -0.0376938
1 40.2034 32.0042 -0.088535 -0.0344562
1 41.3129 32.0047 -0.0832172 -0.0299483
1 42.4226 32.0054 -0.0837477 -0.0243983
1 43.5349 32.0062 -0.0837256 -0.018205
1 0.703997 32.9734 0.0766467 -0.0359099
1 1.81647 32.9718 0.077604 -0.04305
1 2.92632 32.9705 0.078166 -0.0504306
1 4.03599 32.9694 0.0841872 -0.056569
1 5.14479 32.9686 0.0848908 -0.0619273
1 6.25449 32.9681 0.0770951 -0.0665757
1 7.36401 32.9678 0.0919805 -0.0699695
1 8.47272 32.9677 0.0909579 -0.0721922
1 9.58227 32.9677 0.089816 -0.0735608
1 10.6913 32.9678 0.096161 -0.0739744
1 11.8002 32.9681 0.0951261 -0.0735543
1 12.9088 32.9683 0.100668 -0.0728065
1 14.0167 32.9686 0.0947879 -0.0714765
1 15.1273 32.9688 0.0592046 -0.069883
1 16.2424 32.9688 0.0250761 -0.0688226
1 17.3605 32.9689 0.00730303 -0.068366
1 18.48 32.9689 0.000927692 -0.0682638
1 19.6 32.9689 0.000112296 -0.0682276
1 20.72 32.9689 -0.000152956 -0.0682154
1 21.8401 32.9689 -0.000251955 -0.0682264
1 22.9602 32.9689 0.000165056 -0.0682515
1 24.0802 32.9689 -0.000149058 -0.0682511
1 25.2001 32.9689 -0.000571534 -0.0682846
1 26.3198 32.9689 -0.00315385 -0.0683489
1 27.4388 32.9689 -0.0136754 -0.0685674
1 28.5557 32.9688 -0.0400145 -0.0692949
1 29.6685 32.9687 -0.0790295 -0.0706855
1 30.7773 32.9684 -0.101783 -0.072283
1 31.8854 32.9682 -0.0970935 -0.07333
1 32.9942 32.9679 -0.0968574 -0.0739784
1 34.1028 32.9677 -0.0942173 -0.0741477
1 35.2123 32.9676 -0.083341 -0.0733438
1 36.3221 32.9677 -0.0877168 -0.0718106
1 37.431 32.9678 -0.0916418 -0.0690885
1 38.5401 32.9682 -0.092375 -0.0652378
1 39.6488 32.9688 -0.0866987 -0.0605542
1 40.7585 32.9697 -0.0806585 -0.0547323
1 41.8678 32.9709 -0.0812985 -0.0481226
1 42.9775 32.9724 -0.0752068 -0.0411284
1 44.0939 32.9736 -0.071107 -0.036405
1 0.142854 33.9386 0.0552056 -0.0629089
1 1.26049 33.9371 0.067238 -0.0595942
1 2.37075 33.9351 0.0745409 -0.0620735
1 3.48027 33.9333 0.0740917 -0.066769
1 4.59011 33.9318 0.0811393 -0.0725945
1 5.69908 33.9306 0.0873253 -0.0778276
1 6.80832 33.9297 0.0876318 -0.0829654
1 7.91754 33.9292 0.0852594 -0.0877303
1 9.02748 33.9289 0.0812647 -0.0917282
1 10.1372 33.9288 0.0931179 -0.0946368
1 11.2458 33.929 0.0961563 -0.0961778
1 12.3546 33.9292 0.0966425 -0.0969263
1 13.4628 33.9295 0.102096 -0.0968679
1 14.5716 33.9298 0.0794877 -0.0958248
1 15.6844 33.93 0.0398222 -0.0946865
1 16.8012 33.9301 0.0141241 -0.0940293
1 17.9202 33.9301 0.00336138 -0.0938063
1 19.0399 33.9301 0.000496774 -0.0937604
1 20.1599 33.9301 -0.000486187 -0.0937545
1 21.2801 33.9301 0.000117032 -0.0937497
1 22.4002 33.9301 -0.000120401 -0.0937447
1 23.5202 33.9301 0.000158542 -0.0937458
1 24.6402 33.9301 2.00269e-05 -0.093746
1 25.76 33.9301 -0.00128196 -0.0937799
1 26.8794 33.9301 -0.00754084 -0.0938779
1 27.9976 33.93 -0.0250342 -0.0942986
1 29.1126 33.9299 -0.0593419 -0.0952431
1 30.2231 33.9297 -0.094669 -0.0964726
1 31.3311 33.9293 -0.101078 -0.0971328
1 32.4397 33.929 -0.0943754 -0.0968718
1 33.5485 33.9288 -0.0953038 -0.0959075
1 34.6576 33.9287 -0.0879856 -0.0938038
1 35.7673 33.9289 -0.0880908 -0.0905352
1 36.8761 33.9292 -0.0883675 -0.0866349
1 37.9859 33.9299 -0.0736874 -0.0813725
1 39.096 33.9309 -0.0810375 -0.0755935
1 40.205 33.9322 -0.0794188 -0.070293
1 41.315 33.9339 -0.0728775 -0.065065
1 42.4252 33.9358 -0.07183 -0.0606347
1 43.538 33.9379 -0.0698512 -0.0595621
1 0.699637 34.9006 0.0658184 -0.0796041
1 1.8128 34.899 0.0689159 -0.0696956
1 2.92317 34.8969 0.0697824 -0.0679591
1 4.03334 34.8949 0.0754771 -0.0692273
1 5.14259 34.8931 0.0761834 -0.0719293
1 6.25277 34.8916 0.0679006 -0.0767269
1 7.36284 34.8904 0.0828378 -0.081726
1 8.47206 34.8895 0.0836622 -0.0866554
1 9.58197 34.889 0.0844145 -0.0913562
1 10.6913 34.8888 0.0925544 -0.0952403
1 11.8002 34.8888 0.0929928 -0.0980043
1 12.9089 34.8891 0.0996208 -0.0996844
1 14.0169 34.8894 0.0948707 -0.100074
1 15.1274 34.8896 0.0597727 -0.0995413
1 16.2424 34.8897 0.0254899 -0.0989718
1 17.3606 34.8897 0.0074814 -0.0986599
1 18.48 34.8897 0.000941582 -0.0986084
1 19.6 34.8897 9.99579e-05 -0.0986035
1 20.72 34.8897 -0.000155677 -0.0985595
1 21.8401 34.8897 -0.000239748 -0.0985684
1 22.9602 34.8897 0.000192084 -0.0985456
1 24.0802 34.8897 -0.00015007 -0.0985224
1 25.2001 34.8897 -0.000603554 -0.0985658
1 26.3198 34.8897 -0.00326627 -0.0986085
1 27.4388 34.8897 -0.014015 -0.0987496
1 28.5556 34.8896 -0.0405568 -0.0992074
1 29.6683 34.8895 -0.0794796 -0.0998751
1 30.7771 34.8892 -0.101446 -0.100131
1 31.8852 34.8889 -0.0957776 -0.0992116
1 32.9941 34.8887 -0.0942784 -0.0971907
1 34.1029 34.8887 -0.0897086 -0.0941249
1 35.2128 34.889 -0.0772649 -0.0898152
1 36.3229 34.8897 -0.0805756 -0.0846928
1 37.4323 34.8907 -0.0831481 -0.0796073
1 38.5419 34.892 -0.0823656 -0.0751544
1 39.6512 34.8936 -0.0765551 -0.0712587
1 40.7614 34.8955 -0.071458 -0.0685352
1 41.8714 34.8975 -0.0709543 -0.0687264
1 42.9825 34.8993 -0.0601883 -0.0742374
1 44.1024 34.8996 -0.0427773 -0.0905438
1 0.132327 35.8593 0.0427628 -0.106349
1 1.25433 35.8611 0.0575691 -0.0857038
1 2.36628 35.8603 0.0680383 -0.0730779
1 3.47652 35.8585 0.0681795 -0.0682303
1 4.58683 35.8565 0.0739201 -0.0682558
1 5.6963 35.8546 0.0789676 -0.0697277
1 6.80603 35.8529 0.0788111 -0.0722322
1 7.91577 35.8514 0.0762858 -0.0759175
1 9.02623 35.8502 0.0726291 -0.0808209
1 10.1364 35.8495 0.0856232 -0.0855875
1 11.2455 35.8492 0.090869 -0.0897679
1 12.3545 35.8491 0.0932821 -0.0929605
1 13.4629 35.8493 0.100388 -0.0946533
1 14.5717 35.8494 0.0792749 -0.0949024
1 15.6844 35.8496 0.0400921 -0.0945734
1 16.8013 35.8496 0.0142774 -0.0942745
1 17.9202 35.8496 0.00335178 -0.0941232
1 19.0399 35.8496 0.000489207 -0.0940652
1 20.1599 35.8496 -0.000469912 -0.0940373
1 21.2801 35.8496 0.000147038 -0.094006
1 22.4002 35.8496 -6.76805e-05 -0.093976
1 23.5202 35.8496 0.000237742 -0.0939825
1 24.6402 35.8496 4.24034e-05 -0.0940148
1 25.76 35.8496 -0.00127995 -0.094064
1 26.8794 35.8496 -0.00758066 -0.0941244
1 27.9975 35.8496 -0.0252996 -0.0943663
1 29.1125 35.8495 -0.0595935 -0.094774
1 30.223 35.8493 -0.0939643 -0.094997
1 31.3311 35.8491 -0.0987049 -0.094224
1 32.4399 35.849 -0.0904444 -0.0919348
1 33.549 35.8492 -0.0893849 -0.0883194
1 34.6584 35.8497 -0.080207 -0.0839148
1 35.7686 35.8505 -0.078836 -0.079117
1 36.8781 35.8518 -0.0782716 -0.0746691
1 37.9884 35.8533 -0.0647904 -0.0707282
1 39.099 35.8552 -0.0738081 -0.0681717
1 40.2085 35.8572 -0.0735819 -0.0681308
1 41.3189 35.859 -0.0684101 -0.0704547
1 42.4296 35.8605 -0.0673072 -0.0788409
1 43.5434 35.8604 -0.0621177 -0.0982055
1 0.693227 36.8197 0.0563606 -0.109487
1 1.80774 36.8219 0.0634664 -0.0883918
1 2.91883 36.8216 0.066739 -0.0751203
1 4.02932 36.8201 0.072324 -0.0694092
1 5.13883 36.8181 0.0713789 -0.0670782
1 6.24934 36.816 0.0610923 -0.0687387
1 7.3599 36.8141 0.0742513 -0.0711305
1 8.46969 36.8125 0.0745639 -0.0744268
1 9.58021 36.8111 0.0756052 -0.0785784
1 10.6901 36.8102 0.0848374 -0.083297
1 11.7996 36.8097 0.0871596 -0.0879129
1 12.9087 36.8096 0.095822 -0.0912983
1 14.0169 36.8096 0.0933783 -0.0930983
1 15.1275 36.8097 0.0597574 -0.0935255
1 16.2425 36.8098 0.0257725 -0.0934091
1 17.3606 36.8098 0.007668 -0.0932533
1 18.48 36.8098 0.001049 -0.0932086
1 19.6 36.8098 0.000150323 -0.0931703
1 20.72 36.8098 -0.000121767 -0.0930964
1 21.8401 36.8098 -0.000231269 -0.0930715
1 22.9602 36.8098 0.000153992 -0.0930575
1 24.0802 36.8098 -0.000180685 -0.0930729
1 25.2001 36.8098 -0.000662365 -0.0931373
1 26.3198 36.8098 -0.0034162 -0.0931964
1 27.4388 36.8098 -0.0143302 -0.0933029
1 28.5555 36.8097 -0.0408425 -0.0934906
1 29.6683 36.8096 -0.0790017 -0.0934895
1 30.7772 36.8095 -0.0990693 -0.0925877
1 31.8856 36.8095 -0.0912716 -0.0901292
1 32.9949 36.8098 -0.0876906 -0.0862073
1 34.1043 36.8105 -0.0812557 -0.0815142
1 35.2147 36.8115 -0.0681918 -0.0768419
1 36.3255 36.813 -0.071878 -0.0724754
1 37.4354 36.8147 -0.07574 -0.0698024
1 38.5454 36.8167 -0.0764818 -0.0687245
1 39.655 36.8186 -0.0724071 -0.0684782
1 40.7656 36.8204 -0.0682124 -0.0711053
1 41.8763 36.8215 -0.06718 -0.0803826
1 42.9892 36.8206 -0.0572133 -0.0979448
1 44.1127 36.8169 -0.055409 -0.112538
1 0.123974 37.7755 0.0677328 -0.110143
1 1.24732 37.7806 0.0580133 -0.10031
1 2.36078 37.7833 0.0640698 -0.0815778
1 3.47185 37.7832 0.0657285 -0.0688217
1 4.58245 37.7817 0.0709732 -0.0641607
1 5.69215 37.7796 0.0747693 -0.0638128
1 6.8022 37.7775 0.0738211 -0.0641915
1 7.91234 37.7754 0.0700706 -0.065918
1 9.02338 37.7736 0.0649699 -0.0692952
1 10.1343 37.7722 0.0770975 -0.0731157
1 11.2441 37.7711 0.0829358 -0.0777199
1 12.3537 37.7704 0.0870067 -0.0822339
1 13.4626 37.7702 0.0964286 -0.0856278
1 14.5717 37.7701 0.0778404 -0.0875114
1 15.6844 37.7701 0.039979 -0.0880957
1 16.8013 37.7701 0.014398 -0.0881422
1 17.9202 37.7701 0.00340872 -0.0881136
1 19.0399 37.7701 0.00058048 -0.0880651
1 20.1599 37.7701 -0.000357354 -0.0880283
1 21.2801 37.7701 0.000175772 -0.0879645
1 22.4002 37.7701 -7.90526e-05 -0.0879058
1 23.5202 37.7701 0.00020433 -0.0879418
1 24.6402 37.7701 -4.10369e-05 -0.0879921
1 25.76 37.7701 -0.00133918 -0.0880653
1 26.8794 37.7701 -0.00760415 -0.0881019
1 27.9975 37.7701 -0.025406 -0.0881324
1 29.1125 37.7701 -0.0591666 -0.0879568
1 30.2231 37.7701 -0.0915896 -0.0869214
1 31.3315 37.7702 -0.0937266 -0.0843855
1 32.4409 37.7706 -0.0834937 -0.0804281
1 33.5507 37.7714 -0.0812331 -0.0756742
1 34.6608 37.7726 -0.0719854 -0.0714101
1 35.7717 37.7742 -0.0710232 -0.0679302
1 36.8817 37.7761 -0.0716233 -0.0650992
1 37.9924 37.7782 -0.0606538 -0.0631392
1 39.1031 37.7803 -0.0717949 -0.0623407
1 40.2127 37.7822 -0.0721027 -0.0660962
1 41.3235 37.783 -0.0648803 -0.0748192
1 42.4353 37.7817 -0.0595369 -0.0908056
1 43.5506 37.7774 -0.055091 -0.107411
1 0.685211 38.7371 0.0560738 -0.10178
1 1.80081 38.7424 0.0549054 -0.0975737
1 2.91335 38.7451 0.0598193 -0.0847159
1 4.02449 38.7452 0.069276 -0.0736785
1 5.13417 38.7435 0.0696296 -0.0678339
1 6.24479 38.7412 0.0579684 -0.0673822
1 7.35566 38.7388 0.0694705 -0.0692232
1 8.46595 38.7367 0.0685949 -0.0718931
1 9.57708 38.7348 0.0686639 -0.0746057
1 10.6877 38.7332 0.0767891 -0.0779564
1 11.798 38.732 0.078969 -0.0822478
1 12.9079 38.7312 0.08904 -0.0864387
1 14.0167 38.7309 0.0894708 -0.0897979
1 15.1274 38.7307 0.0585382 -0.091572
1 16.2425 38.7307 0.0256849 -0.0920308
1 17.3606 38.7307 0.00774641 -0.0920399
1 18.48 38.7307 0.00109983 -0.0920408
1 19.6 38.7308 0.000220686 -0.0920023
1 20.72 38.7308 -3.3083e-05 -0.0919334
1 21.8401 38.7308 -0.000179322 -0.0918867
1 22.9602 38.7308 0.000133887 -0.0918882
1 24.0802 38.7308 -0.000258081 -0.0919284
1 25.2001 38.7308 -0.000748985 -0.0919818
1 26.3198 38.7308 -0.00349405 -0.0920432
1 27.4388 38.7308 -0.0144443 -0.0920583
1 28.5555 38.7307 -0.0404809 -0.0919483
1 29.6683 38.7308 -0.0767856 -0.0910061
1 30.7776 38.731 -0.0938305 -0.0884959
1 31.8867 38.7315 -0.0837484 -0.0846591
1 32.9968 38.7324 -0.07931 -0.0803217
1 34.107 38.7337 -0.0734564 -0.0763583
1 35.2181 38.7354 -0.0616226 -0.0731142
1 36.3294 38.7375 -0.0667305 -0.0698603
1 37.4397 38.7398 -0.0720492 -0.067926
1 38.5498 38.742 -0.0737539 -0.0676793
1 39.6596 38.744 -0.0705552 -0.0691484
1 40.7703 38.745 -0.065209 -0.0765874
1 41.8819 38.7437 -0.0634296 -0.0909204
1 42.9955 38.7396 -0.0609901 -0.101108
1 44.1172 38.7343 -0.0802554 -0.0980227
1 0.120958 39.6954 0.0773805 -0.0852833
1 1.24098 39.7001 0.0602112 -0.0958025
1 2.35449 39.7046 0.058617 -0.0952297
1 3.46646 39.707 0.0618147 -0.0833585
1 4.57748 39.7066 0.0697904 -0.073338
1 5.68719 39.7047 0.0731876 -0.0702613
1 6.79735 39.7022 0.0707504 -0.0701081
1 7.90783 39.6996 0.0654959 -0.072018
1 9.01941 39.6972 0.0595533 -0.0753873
1 10.131 39.6952 0.0705848 -0.0783099
1 11.2415 39.6935 0.0750065 -0.0815626
1 12.3521 39.6923 0.078617 -0.0855494
1 13.4618 39.6915 0.0893822 -0.0899222
1 14.5714 39.6911 0.0741255 -0.0936399
1 15.6844 39.6909 0.038886 -0.0954952
1 16.8013 39.6909 0.0142285 -0.0959818
1 17.9202 39.6909 0.00335578 -0.0960594
1 19.0399 39.6909 0.000628098 -0.0960793
1 20.1599 39.6909 -0.000240858 -0.096087
1 21.2801 39.6909 0.000237063 -0.0960399
1 22.4002 39.6909 -7.75429e-05 -0.0959768
1 23.5202 39.6909 0.000179935 -0.0959745
1 24.6402 39.6909 -0.000102529 -0.0960058
1 25.76 39.6909 -0.00131388 -0.0960619
1 26.8794 39.6909 -0.00748076 -0.0960433
1 27.9975 39.6909 -0.0249934 -0.0958679
1 29.1126 39.691 -0.0571871 -0.0948808
1 30.2235 39.6912 -0.0863456 -0.0921191
1 31.3327 39.6918 -0.0857574 -0.0878774
1 32.4429 39.6928 -0.075155 -0.0836173
1 33.5535 39.6942 -0.0740103 -0.0798687
1 34.6644 39.696 -0.0658365 -0.0767256
1 35.7759 39.6981 -0.0652836 -0.0734906
1 36.8863 39.7006 -0.067251 -0.0701097
1 37.9972 39.7033 -0.0584018 -0.0684569
1 39.1079 39.7056 -0.0703466 -0.0695359
1 40.2177 39.7068 -0.0688347 -0.0785753
1 41.3293 39.7056 -0.0580071 -0.0895371
1 42.4424 39.7019 -0.0568692 -0.0952944
1 43.5576 39.6973 -0.0634311 -0.0886705
1 0.679017 40.66 0.0690376 -0.0728447
1 1.79393 40.6635 0.062398 -0.0826967
1 2.90718 40.6673 0.0596734 -0.0838181
1 4.01934 40.6695 0.0691261 -0.0720553
1 5.1292 40.6688 0.072497 -0.0620271
1 6.23963 40.6662 0.0592688 -0.0593893
1 7.35054 40.6632 0.0670914 -0.0618548
1 8.46128 40.6602 0.0639168 -0.0657157
1 9.57305 40.6577 0.0637437 -0.069038
1 10.6844 40.6557 0.0710019 -0.071981
1 11.7955 40.654 0.0714304 -0.0749809
1 12.9062 40.6526 0.0805636 -0.0785471
1 14.0159 40.6518 0.0825915 -0.0830592
1 15.1272 40.6514 0.055225 -0.0866356
1 16.2424 40.6512 0.0248792 -0.0882937
1 17.3606 40.6512 0.00766728 -0.0887326
1 18.48 40.6512 0.00112698 -0.0888313
1 19.6 40.6512 0.000326673 -0.0888248
1 20.72 40.6512 2.95628e-05 -0.0887743
1 21.8401 40.6512 -0.000213738 -0.0888008
1 22.9602 40.6512 9.8918e-05 -0.0888019
1 24.0802 40.6512 -0.000291662 -0.0887703
1 25.2001 40.6512 -0.000782073 -0.0887058
1 26.3198 40.6512 -0.00340884 -0.0887003
1 27.4388 40.6512 -0.0141674 -0.088576
1 28.5556 40.6513 -0.038833 -0.0878155
1 29.6688 40.6515 -0.0717631 -0.0852
1 30.7788 40.6521 -0.0857722 -0.0808661
1 31.8887 40.6532 -0.0755461 -0.0766531
1 32.9997 40.6547 -0.0725177 -0.0735262
1 34.1106 40.6565 -0.0678216 -0.0703133
1 35.2225 40.6588 -0.0561944 -0.0663071
1 36.3343 40.6616 -0.0632512 -0.0622551
1 37.4447 40.6647 -0.0719144 -0.0599235
1 38.5546 40.6674 -0.0753078 -0.0619432
1 39.6643 40.6691 -0.0694126 -0.0667465
1 40.7756 40.6684 -0.0590404 -0.0779209
1 41.888 40.6651 -0.0581201 -0.0836534
1 43.0008 40.6613 -0.0613729 -0.0764373
1 44.1196 40.6581 -0.0691315 -0.071369
1 0.117889 41.6229 0.0681797 -0.064882
1 1.23688 41.6243 0.0679842 -0.0758168
1 2.34933 41.6271 0.0639076 -0.0849083
1 3.46171 41.6307 0.0594042 -0.0857245
1 4.57359 41.6325 0.072078 -0.0743015
1 5.68317 41.6312 0.0809258 -0.0626138
1 6.79265 41.6279 0.0772038 -0.0606544
1 7.90284 41.6241 0.0660199 -0.0643721
1 9.01476 41.6208 0.0559893 -0.0701264
1 10.127 41.6181 0.0658821 -0.0746408
1 11.2382 41.616 0.069368 -0.0776992
1 12.3496 41.6144 0.0713299 -0.0802355
1 13.4602 41.613 0.0809385 -0.0836507
1 14.5707 41.6123 0.0678447 -0.0881044
1 15.6842 41.6119 0.0362572 -0.0913651
1 16.8012 41.6118 0.0137731 -0.0925423
1 17.9202 41.6118 0.00344868 -0.0928112
1 19.0399 41.6118 0.000682066 -0.0928134
1 20.1599 41.6118 -0.000165233 -0.0927083
1 21.2801 41.6118 0.000234895 -0.0927186
1 22.4002 41.6118 -8.44543e-05 -0.0928403
1 23.5202 41.6118 5.97835e-05 -0.0928002
1 24.6402 41.6118 -0.000270155 -0.0927541
1 25.7601 41.6118 -0.00127518 -0.0927336
1 26.8794 41.6119 -0.00719625 -0.0925313
1 27.9976 41.6119 -0.0237025 -0.0920172
1 29.113 41.612 -0.0528497 -0.0901362
1 30.2246 41.6126 -0.0785201 -0.0859907
1 31.3347 41.6136 -0.0776355 -0.0817102
1 32.4458 41.6151 -0.0689121 -0.0789633
1 33.5571 41.6169 -0.0685686 -0.0758782
1 34.6687 41.6193 -0.0601912 -0.0713396
1 35.7808 41.6224 -0.0620974 -0.0665733
1 36.8913 41.6259 -0.0701351 -0.062753
1 38.0018 41.6295 -0.064321 -0.0616368
1 39.1122 41.6318 -0.0740595 -0.0681358
1 40.2226 41.6316 -0.0679438 -0.0808753
1 41.335 41.6287 -0.0606301 -0.0858938
1 42.4476 41.6255 -0.066971 -0.0775469
1 43.5618 41.6233 -0.0710428 -0.0686087
1 0.677701 42.5863 0.0759071 -0.0756178
1 1.79181 42.5878 0.0723417 -0.0755544
1 2.90378 42.5905 0.0686839 -0.0827671
1 4.01597 42.5939 0.0703601 -0.0840663
1 5.12662 42.5955 0.0748208 -0.0709951
1 6.23693 42.5934 0.069805 -0.0567565
1 7.34685 42.589 0.0781751 -0.0536874
1 8.4569 42.5844 0.068617 -0.0603055
1 9.56874 42.5806 0.0625597 -0.0681056
1 10.6806 42.5778 0.0671327 -0.0743931
1 11.7923 42.5758 0.0665003 -0.0781409
1 12.9039 42.5741 0.0733427 -0.0807795
1 14.0145 42.5729 0.0744349 -0.0851456
1 15.1266 42.5722 0.0502416 -0.0897872
1 16.2423 42.5719 0.0231381 -0.0925323
1 17.3606 42.5719 0.00746402 -0.0934104
1 18.48 42.5719 0.00134219 -0.0933808
1 19.6 42.5719 0.000352495 -0.0934113
1 20.72 42.5719 5.20548e-05 -0.0934215
1 21.8401 42.5719 -0.00015549 -0.0934556
1 22.9602 42.5719 -1.61034e-05 -0.0933949
1 24.0802 42.5719 -0.000419069 -0.0934837
1 25.2001 42.5719 -0.00109615 -0.0934906
1 26.3198 42.5719 -0.00366118 -0.0933646
1 27.4388 42.572 -0.0134505 -0.0929502
1 28.5559 42.5721 -0.0354803 -0.0913192
1 29.6697 42.5725 -0.0646545 -0.0875401
1 30.7806 42.5734 -0.0774658 -0.0827465
1 31.8915 42.5749 -0.0696601 -0.0792795
1 33.0032 42.5767 -0.0676762 -0.0761827
1 34.1148 42.5792 -0.0630358 -0.0703697
1 35.2272 42.5825 -0.0564289 -0.0633029
1 36.3387 42.5867 -0.0727322 -0.0583627
1 37.4481 42.591 -0.083614 -0.0562175
1 38.5576 42.5943 -0.0807456 -0.064877
1 39.6679 42.5945 -0.0680961 -0.0768689
1 40.7803 42.592 -0.0603276 -0.0832112
1 41.8926 42.5889 -0.066638 -0.0798728
1 43.005 42.5868 -0.0641264 -0.0757507
1 44.1246 42.5858 -0.064252 -0.069225
1 0.114147 43.5477 0.0653858 -0.0823003
1 1.23448 43.5493 0.0671283 -0.0710973
1 2.34692 43.5518 0.0650913 -0.0744471
1 3.45886 43.555 0.0617649 -0.0795467
1 4.57104 43.558 0.0700974 -0.0779249
1 5.68175 43.5586 0.0811353 -0.0661904
1 6.79151 43.5559 0.0856142 -0.0513432
1 7.90093 43.5506 0.079659 -0.0464159
1 9.01181 43.5452 0.0665767 -0.0533667
1 10.1235 43.5409 0.0693334 -0.0636452
1 11.2349 43.538 0.0681083 -0.0717745
1 12.3468 43.5359 0.0675879 -0.0757863
1 13.4581 43.5343 0.0739449 -0.0789966
1 14.5696 43.5332 0.0605503 -0.0837884
1 15.6838 43.5327 0.03212 -0.0875379
1 16.8011 43.5325 0.0121958 -0.089264
1 17.9202 43.5325 0.00303727 -0.0898543
1 19.0399 43.5325 0.000715274 -0.089797
1 20.16 43.5325 7.22925e-05 -0.089709
1 21.2801 43.5325 0.000124535 -0.0897107
1 22.4002 43.5325 -3.08627e-05 -0.0897637
1 23.5202 43.5325 0.000162524 -0.0897457
1 24.6402 43.5325 -0.000328883 -0.0896977
1 25.76 43.5326 -0.00134737 -0.0898498
1 26.8794 43.5326 -0.00661281 -0.0897767
1 27.9978 43.5327 -0.0212232 -0.0884758
1 29.1137 43.533 -0.0467537 -0.0855956
1 30.2262 43.5337 -0.0703333 -0.0811589
1 31.3371 43.5351 -0.0720285 -0.0770914
1 32.4489 43.5369 -0.065916 -0.0737298
1 33.5607 43.5394 -0.0673901 -0.0672042
1 34.6724 43.5431 -0.0666514 -0.0579198
1 35.7836 43.5479 -0.0786711 -0.0514832
1 36.8928 43.553 -0.0848578 -0.0501564
1 38.0031 43.5572 -0.0674363 -0.0568837
1 39.1145 43.5581 -0.0717555 -0.0748031
1 40.2258 43.5559 -0.0686379 -0.0815986
1 41.3381 43.5531 -0.0666718 -0.075283
1 42.4499 43.5506 -0.0683646 -0.0730184
1 43.5644 43.5485 -0.0702248 -0.074683
1 0.674985 44.5096 0.0650542 -0.0822186
1 1.7892 44.5129 0.064052 -0.0790556
1 2.90095 44.5159 0.0655586 -0.0785228
1 4.01303 44.5189 0.0663701 -0.0846402
1 5.12498 44.5215 0.0675188 -0.0797521
1 6.23659 44.5213 0.0684183 -0.0653521
1 7.34723 44.5173 0.0816592 -0.0510406
1 8.45716 44.5113 0.0802308 -0.0480754
1 9.56789 44.5054 0.0769729 -0.0536015
1 10.6786 44.5008 0.0761996 -0.064147
1 11.7899 44.4976 0.0699104 -0.0739532
1 12.9015 44.4955 0.0713817 -0.0799346
1 14.0128 44.494 0.0678208 -0.0847157
1 15.1258 44.4931 0.0444407 -0.0895527
1 16.242 44.4927 0.0201784 -0.0926889
1 17.3605 44.4926 0.00633893 -0.0939454
1 18.4801 44.4926 0.00100324 -0.0941954
1 19.6 44.4926 0.000322937 -0.0941783
1 20.72 44.4926 5.91331e-05 -0.0939346
1 21.8401 44.4926 -0.000169167 -0.0940252
1 22.9602 44.4926 2.25946e-05 -0.0939483
1 24.0802 44.4927 -0.000382334 -0.0939703
1 25.2001 44.4927 -0.000979534 -0.0941482
1 26.3198 44.4927 -0.00301117 -0.0941067
1 27.439 44.4928 -0.0116005 -0.0935385
1 28.5564 44.493 -0.03121 -0.0912963
1 29.6709 44.4935 -0.0578962 -0.0869534
1 30.7827 44.4947 -0.0723367 -0.0818744
1 31.8939 44.4965 -0.069705 -0.0769236
1 33.0056 44.4991 -0.0723326 -0.0687468
1 34.1166 44.5031 -0.0755644 -0.0579728
1 35.2275 44.5084 -0.0748029 -0.0515661
1 36.338 44.5141 -0.0804943 -0.0517192
1 37.4483 44.5189 -0.0778324 -0.057474
1 38.5593 44.5212 -0.0776878 -0.0731873
1 39.6706 44.5196 -0.0705652 -0.0847965
1 40.7833 44.5167 -0.064798 -0.0812686
1 41.8952 44.5144 -0.0723773 -0.0779008
1 43.0072 44.5113 -0.0698732 -0.0803475
1 44.1281 44.5088 -0.0722846 -0.0823706
1 0.109964 45.4683 0.0757739 -0.0735435
1 1.23092 45.4727 0.0706281 -0.0769371
1 2.34318 45.4771 0.067493 -0.0791199
1 3.45529 45.4803 0.0682652 -0.0789774
1 4.56796 45.483 0.068626 -0.0796458
1 5.68028 45.485 0.0725377 -0.0743637
1 6.79182 45.4834 0.0789868 -0.0553539
1 7.90284 45.4779 0.0766668 -0.0461753
1 9.01437 45.4718 0.0737829 -0.0466353
1 10.1252 45.4661 0.0846058 -0.0496025
1 11.235 45.4612 0.0835719 -0.058362
1 12.3456 45.4577 0.076973 -0.0685329
1 13.4565 45.4553 0.0739575 -0.0767844
1 14.5684 45.4539 0.0556085 -0.0836269
1 15.6833 45.4532 0.0285439 -0.088049
1 16.801 45.453 0.0106153 -0.0904438
1 17.9202 45.4529 0.00242211 -0.0913595
1 19.0399 45.4529 0.000322994 -0.0913532
1 20.16 45.4529 -7.28881e-05 -0.0912872
1 21.2801 45.4529 -0.000152106 -0.0911495
1 22.4002 45.4529 2.38618e-05 -0.0910438
1 23.5202 45.453 0.000303061 -0.0911959
1 24.6401 45.453 -0.000122685 -0.0912694
1 25.76 45.453 -0.00109181 -0.0913052
1 26.8795 45.453 -0.00564308 -0.091211
1 27.9981 45.4532 -0.0185042 -0.0895877
1 29.1145 45.4536 -0.0422602 -0.0858907
1 30.2277 45.4546 -0.0672031 -0.080131
1 31.3388 45.4564 -0.0761596 -0.0724129
1 32.4496 45.4594 -0.0778236 -0.0628391
1 33.56 45.4636 -0.0835277 -0.0530085
1 34.6702 45.469 -0.0807012 -0.0487963
1 35.7812 45.4747 -0.0796628 -0.048326
1 36.892 45.4803 -0.0774724 -0.0496336
1 38.0038 45.484 -0.0662859 -0.0637537
1 39.1163 45.4834 -0.0699361 -0.0833488
1 40.2287 45.4805 -0.0679914 -0.0787666
1 41.3413 45.4785 -0.0700764 -0.0708699
1 42.4531 45.4757 -0.0725848 -0.0763384
1 43.5666 45.4706 -0.0724342 -0.0837426
1 0.669308 46.4307 0.0734303 -0.080295
1 1.7832 46.4388 0.0736958 -0.0800729
1 2.89563 46.4418 0.070627 -0.073604
1 4.0091 46.4441 0.0690111 -0.0857852
1 5.12242 46.4478 0.0651303 -0.0847786
1 6.23605 46.4486 0.0618015 -0.0650536
1 7.34899 46.4444 0.0739864 -0.0493285
1 8.46087 46.4383 0.0749584 -0.0486462
1 9.57247 46.4325 0.0792602 -0.0520993
1 10.6828 46.4273 0.088388 -0.0529071
1 11.7924 46.4226 0.0887209 -0.0565584
1 12.902 46.4186 0.0862609 -0.0658172
1 14.0122 46.416 0.0719166 -0.0763509
1 15.1252 46.4146 0.0422112 -0.084923
1 16.2417 46.414 0.0178088 -0.0900715
1 17.3604 46.4138 0.00541021 -0.0919947
1 18.48 46.4138 0.000619335 -0.0923147
1 19.6 46.4138 7.5941e-07 -0.0923276
1 20.72 46.4138 -0.000320665 -0.0923335
1 21.8401 46.4138 -0.000348117 -0.0922416
1 22.9602 46.4139 0.000300577 -0.092181
1 24.0802 46.4139 4.83071e-05 -0.0922904
1 25.2001 46.4139 -0.000335653 -0.0923278
1 26.3199 46.4139 -0.00238231 -0.0920269
1 27.4391 46.414 -0.0102607 -0.0912978
1 28.5568 46.4143 -0.0286143 -0.0880324
1 29.6716 46.4152 -0.0579007 -0.0808684
1 30.783 46.4172 -0.0819052 -0.0706441
1 31.8926 46.4206 -0.0874502 -0.0604475
1 33.0023 46.425 -0.0882837 -0.0538736
1 34.1122 46.43 -0.08452 -0.0524306
1 35.2232 46.4354 -0.0747414 -0.0504861
1 36.3351 46.4413 -0.0717225 -0.0487703
1 37.4476 46.4462 -0.0711437 -0.0605377
1 38.5604 46.4474 -0.0730131 -0.077914
1 39.6732 46.445 -0.0682902 -0.0810471
1 40.7868 46.4426 -0.0650677 -0.077097
1 41.8996 46.4405 -0.0690894 -0.0769188
1 43.0126 46.4363 -0.0663707 -0.076194
1 44.1326 46.4276 -0.0709903 -0.0770879
1 0.0997001 47.3881 0.0671897 -0.0700051
1 1.22041 47.4026 0.0683076 -0.0789675
1 2.33552 47.4081 0.0681761 -0.077872
1 3.45041 47.4095 0.0653439 -0.073973
1 4.56419 47.4127 0.0714629 -0.0913042
1 5.67874 47.4166 0.0615851 -0.0781859
1 6.79382 47.4145 0.0659215 -0.0528502
1 7.90743 47.4088 0.0683965 -0.0495289
1 9.02024 47.4031 0.0729152 -0.0520749
1 10.1313 47.3979 0.0864387 -0.0536323
1 11.241 47.3932 0.0896445 -0.0553015
1 12.3503 47.3887 0.0935823 -0.0558506
1 13.459 47.3846 0.0928829 -0.0610816
1 14.5691 47.3815 0.0657403 -0.0732539
1 15.6833 47.3799 0.0311705 -0.0838538
1 16.8009 47.3793 0.0107272 -0.0894175
1 17.9202 47.3792 0.00249669 -0.0914681
1 19.0399 47.3791 0.000113791 -0.0916504
1 20.16 47.3791 -0.000577549 -0.0916714
1 21.28 47.3791 -0.000109107 -0.0917645
1 22.4002 47.3792 -3.05672e-05 -0.0918094
1 23.5202 47.3792 0.000184137 -0.0917957
1 24.6402 47.3792 0.000235482 -0.0915688
1 25.76 47.3793 -0.000781674 -0.0915482
1 26.8796 47.3793 -0.00578936 -0.0908329
1 27.9982 47.3796 -0.0192344 -0.0872056
1 29.1142 47.3806 -0.0478025 -0.0789216
1 30.2263 47.383 -0.0823309 -0.0665435
1 31.3352 47.3867 -0.0961639 -0.057092
1 32.4441 47.391 -0.0900026 -0.0554654
1 33.5538 47.3956 -0.0868016 -0.054553
1 34.6642 47.4005 -0.0786386 -0.0525697
1 35.7762 47.4059 -0.0697198 -0.0514823
1 36.8892 47.4114 -0.0705202 -0.0524232
1 38.0034 47.415 -0.0613516 -0.0654701
1 39.1187 47.414 -0.0625261 -0.0842944
1 40.2326 47.4105 -0.0740868 -0.0805647
1 41.3465 47.4091 -0.0688362 -0.0730513
1 42.4616 47.4059 -0.0686805 -0.080978
1 43.579 47.3992 -0.0707432 -0.0740363
