1 0.650717 0.116969 0.065946 0.0785517
1 1.76824 0.109706 0.067398 0.0775932
1 2.88288 0.107587 0.0706251 0.0734224
1 3.9969 0.104681 0.0631443 0.0858295
1 5.11209 0.101603 0.0619728 0.0750854
1 6.22659 0.103457 0.0679928 0.0570518
1 7.34026 0.108462 0.066836 0.0513888
1 8.45261 0.11397 0.0784133 0.0514362
1 9.56307 0.119082 0.0867233 0.0540844
1 10.6729 0.123761 0.090484 0.055402
1 11.7819 0.128151 0.0936401 0.0586535
1 12.8916 0.131626 0.0752709 0.0693426
1 14.0046 0.133615 0.0399625 0.0814429
1 15.1214 0.134458 0.0153984 0.0887535
1 16.2404 0.134724 0.00394741 0.0913682
1 17.3601 0.134765 0.000650333 0.0918412
1 18.4801 0.134766 0.000104235 0.0920739
1 19.6001 0.134828 -0.000789523 0.0920529
1 20.7201 0.134856 -0.000675891 0.0916551
1 21.8401 0.134783 -0.000100505 0.0919554
1 22.9601 0.134698 9.58199e-05 0.0918877
1 24.08 0.134695 0.000752616 0.0917156
1 25.2 0.134687 0.000663124 0.0920065
1 26.32 0.134653 -0.0002496 0.0922854
1 27.4398 0.13461 -0.00186696 0.0917223
1 28.5593 0.134513 -0.0081021 0.0902496
1 29.6775 0.134097 -0.0257372 0.0856373
1 30.7925 0.132806 -0.057169 0.0757859
1 31.9035 0.130095 -0.0875657 0.0633149
1 33.0125 0.126115 -0.0923451 0.0562983
1 34.1219 0.121637 -0.0887 0.055038
1 35.2317 0.116798 -0.0859617 0.0525789
1 36.3428 0.111376 -0.0725927 0.0508737
1 37.456 0.105577 -0.0647111 0.0505834
1 38.5705 0.100771 -0.0627628 0.0609192
1 39.6861 0.10135 -0.06267 0.087844
1 40.8005 0.106301 -0.0753935 0.0860075
1 41.9146 0.108261 -0.0676523 0.0731724
1 43.0305 0.112669 -0.0721222 0.0858405
1 44.1508 0.128998 -0.0725822 0.0741416
1 0.0964577 1.08816 0.0743713 0.0811793
1 1.21706 1.07964 0.0710144 0.0794312
1 2.32989 1.07569 0.0704964 0.0742758
1 3.44305 1.07348 0.072961 0.0783551
1 4.55571 1.07011 0.0730747 0.0855611
1 5.66889 1.06925 0.0669792 0.0655252
1 6.78172 1.07323 0.0704698 0.0494569
1 7.89378 1.07901 0.0752508 0.0493333
1 9.00477 1.08456 0.0844771 0.0510046
1 10.1147 1.08969 0.0870942 0.0535665
1 11.2245 1.09407 0.0855611 0.0610666
1 12.3347 1.09716 0.0769381 0.072121
1 13.4469 1.09893 0.0508307 0.0819097
1 14.5624 1.09971 0.0236972 0.0881102
1 15.6807 1.1 0.00812492 0.0906852
1 16.8002 1.10008 0.00185151 0.091714
1 17.92 1.10008 0.000547157 0.0917712
1 19.04 1.1001 -0.000468427 0.0914438
1 20.1601 1.10015 -0.000577441 0.0915751
1 21.2801 1.10014 -0.000383445 0.0914398
1 22.4002 1.10007 0.000107804 0.0911185
1 23.5201 1.10003 7.59474e-05 0.0913993
1 24.64 1.10001 0.00065862 0.0915924
1 25.76 1.09998 0.000122567 0.0916339
1 26.8799 1.09994 -0.00126788 0.091781
1 27.9997 1.09993 -0.00397386 0.0913685
1 29.1187 1.09981 -0.0140622 0.0895128
1 30.2358 1.09939 -0.035893 0.0853373
1 31.3496 1.09823 -0.064963 0.0772954
1 32.4605 1.09587 -0.0828799 0.0667378
1 33.5703 1.09218 -0.0868995 0.056974
1 34.6799 1.08741 -0.0875211 0.051863
1 35.7903 1.08202 -0.0776548 0.0495897
1 36.9022 1.07601 -0.0729562 0.0477443
1 38.0143 1.0702 -0.0760823 0.0540128
1 39.1269 1.06802 -0.0644935 0.0744645
1 40.2408 1.07073 -0.0607846 0.0847913
1 41.3545 1.07428 -0.0634593 0.0811641
1 42.4675 1.0776 -0.0657695 0.0747484
1 43.581 1.08486 -0.0631894 0.0774384
1 0.662905 2.04463 0.0669637 0.0780274
1 1.77648 2.04056 0.0649098 0.0746052
1 2.88862 2.03784 0.0653773 0.0806027
1 4.001 2.03442 0.066961 0.0868814
1 5.11364 2.03232 0.0665816 0.0713974
1 6.22524 2.03469 0.0803867 0.0561843
1 7.33586 2.03963 0.0788288 0.0516226
1 8.44693 2.04538 0.0782973 0.0498231
1 9.55733 2.05084 0.0815138 0.0551092
1 10.6679 2.05501 0.0764639 0.0659688
1 11.7789 2.05776 0.0745257 0.0753504
1 12.8906 2.05944 0.0624661 0.0827191
1 14.0044 2.06033 0.035997 0.088382
1 15.1214 2.06071 0.0149866 0.0915628
1 16.2404 2.06081 0.00397668 0.092786
1 17.3601 2.06082 0.00054997 0.0928973
1 18.48 2.06085 0.000107895 0.0929764
1 19.6001 2.06088 -0.000441136 0.0927983
1 20.7201 2.06089 -0.000317397 0.0926073
1 21.8401 2.06089 2.26629e-05 0.0925992
1 22.9602 2.06085 -2.92352e-06 0.0926553
1 24.0801 2.06078 0.000420805 0.092591
1 25.2 2.06076 0.000493523 0.092871
1 26.32 2.06073 -0.000303119 0.0929978
1 27.4398 2.06069 -0.00153064 0.0928985
1 28.5592 2.06066 -0.00792752 0.0922914
1 29.6774 2.06052 -0.0241367 0.0899537
1 30.7929 2.05999 -0.0492423 0.0855899
1 31.9054 2.05877 -0.0700955 0.0792868
1 33.0166 2.05664 -0.0748976 0.0714547
1 34.1274 2.05331 -0.0811015 0.0614038
1 35.2374 2.04854 -0.0848137 0.0517825
1 36.348 2.04265 -0.0738955 0.0474933
1 37.4596 2.03648 -0.072855 0.0487016
1 38.5709 2.03198 -0.0750711 0.0642333
1 39.6826 2.03229 -0.0714978 0.0835733
1 40.7952 2.03548 -0.0687944 0.0812561
1 41.9075 2.03862 -0.0713372 0.0773602
1 43.0197 2.04315 -0.0699087 0.0791417
1 44.1418 2.04811 -0.0745442 0.0790235
1 0.101166 3.00646 0.06874 0.0786808
1 1.22206 3.00472 0.0717436 0.0733545
1 2.33431 3.00176 0.0666629 0.0734773
1 3.44667 2.99847 0.0712858 0.0809838
1 4.558 2.99571 0.0745753 0.075171
1 5.66935 2.99642 0.0728105 0.0581876
1 6.77979 3.0004 0.0779401 0.0500877
1 7.89031 3.00584 0.0735965 0.0478117
1 9.00122 3.01112 0.0753526 0.0547365
1 10.1122 3.01499 0.0714529 0.0659817
1 11.2238 3.01753 0.0695801 0.073395
1 12.3353 3.01925 0.0701903 0.0783054
1 13.4476 3.02033 0.0520736 0.0835258
1 14.5628 3.02083 0.0262369 0.0875397
1 15.6808 3.02101 0.00968841 0.0893633
1 16.8002 3.02105 0.00239818 0.0897911
1 17.92 3.02107 0.00057353 0.0897582
1 19.04 3.02109 -0.000241294 0.0896573
1 20.1601 3.02112 -0.000186331 0.0895467
1 21.2801 3.02113 -0.000401118 0.0895161
1 22.4002 3.02111 0.000135708 0.0895322
1 23.5202 3.02107 7.63795e-05 0.0895298
1 24.6401 3.02103 0.000222643 0.0895973
1 25.76 3.02098 -0.00040295 0.0897613
1 26.88 3.02095 -0.00148638 0.0897728
1 27.9996 3.02093 -0.00461395 0.0895172
1 29.1184 3.02089 -0.0159934 0.0883698
1 30.2352 3.02064 -0.0383667 0.0856
1 31.3488 3.01991 -0.0632601 0.0809518
1 32.4605 3.01852 -0.0708887 0.0760902
1 33.5721 3.01648 -0.0687649 0.0707442
1 34.6834 3.01343 -0.0745221 0.0616568
1 35.7942 3.00888 -0.0746053 0.0504398
1 36.9051 3.00306 -0.0791917 0.0448501
1 38.0149 2.99751 -0.0850669 0.0504391
1 39.1252 2.99486 -0.070756 0.0672912
1 40.2369 2.99607 -0.0655716 0.0801883
1 41.3488 2.99973 -0.0643851 0.0805473
1 42.4605 3.00346 -0.0637519 0.0726351
1 43.5745 3.00619 -0.059887 0.0745307
1 0.665612 3.96785 0.0655347 0.0745859
1 1.77983 3.96585 0.0677808 0.078751
1 2.89207 3.96266 0.0652783 0.0851406
1 4.00386 3.95949 0.0661759 0.0812684
1 5.11537 3.95901 0.0698494 0.0664935
1 6.2252 3.96216 0.0880314 0.0567496
1 7.33441 3.96678 0.0748103 0.0562194
1 8.44588 3.97141 0.0634138 0.0619362
1 9.5575 3.97499 0.0673477 0.0712565
1 10.6692 3.97742 0.0670704 0.0778385
1 11.7808 3.9792 0.0726847 0.081434
1 12.892 3.98047 0.0673041 0.0859968
1 14.0051 3.98112 0.0409787 0.0908307
1 15.1216 3.98136 0.0172685 0.0935272
1 16.2404 3.98142 0.0045661 0.0942781
1 17.3601 3.98144 0.000877384 0.0942983
1 18.48 3.98148 0.00051888 0.0943023
1 19.6 3.98151 -0.000435396 0.094212
1 20.72 3.98151 -0.000379576 0.0941811
1 21.8401 3.98151 6.33854e-05 0.0941714
1 22.9602 3.98149 -0.00012831 0.0942229
1 24.0802 3.98145 0.000353789 0.0941804
1 25.2001 3.98141 0.000454686 0.094276
1 26.32 3.98137 -0.000430258 0.0943211
1 27.4398 3.98134 -0.00161735 0.0941192
1 28.5591 3.98134 -0.00913751 0.0937429
1 29.677 3.98126 -0.0279085 0.0922946
1 30.7919 3.98086 -0.055069 0.0886686
1 31.9037 3.97993 -0.0724321 0.0835756
1 33.0151 3.9784 -0.0685445 0.0797785
1 34.1268 3.97637 -0.0677306 0.0757013
1 35.2382 3.97352 -0.0698672 0.0679667
1 36.3496 3.9694 -0.0656838 0.0584129
1 37.4605 3.9643 -0.0738159 0.0520584
1 38.5703 3.95974 -0.0785283 0.0587916
1 39.6805 3.95824 -0.0796237 0.0749971
1 40.7912 3.96048 -0.0733726 0.0851042
1 41.9032 3.96417 -0.0675591 0.0825618
1 43.0155 3.96718 -0.0673597 0.0781173
1 44.136 3.96803 -0.0671205 0.0760991
1 0.105457 4.93178 0.066105 0.066078
1 1.22523 4.92932 0.0667047 0.0733521
1 2.33773 4.92615 0.0619922 0.0815252
1 3.45016 4.9228 0.0693606 0.0810148
1 4.56052 4.92169 0.0791361 0.0697845
1 5.67029 4.92371 0.0752926 0.0581827
1 6.78034 4.92756 0.0655586 0.058193
1 7.89194 4.93141 0.0564913 0.0629889
1 9.0038 4.93464 0.0666094 0.0697819
1 10.115 4.93703 0.0691769 0.0750956
1 11.2265 4.93885 0.0713616 0.0781205
1 12.3373 4.94023 0.0768457 0.0820936
1 13.4486 4.94105 0.0590437 0.0869483
1 14.5632 4.94136 0.0297716 0.0900311
1 15.6809 4.94145 0.0106552 0.0912794
1 16.8002 4.94148 0.0024285 0.0914932
1 17.92 4.94151 0.000932718 0.091392
1 19.0399 4.94153 -0.000296117 0.0915274
1 20.16 4.94155 -0.000547204 0.0913646
1 21.2801 4.94155 -0.000355734 0.0913349
1 22.4002 4.94154 0.000158369 0.0914545
1 23.5202 4.94151 8.13842e-05 0.0913229
1 24.6401 4.94148 0.000802437 0.0914766
1 25.7601 4.94145 -0.000162156 0.0914819
1 26.8799 4.94143 -0.00178983 0.0913061
1 27.9995 4.94142 -0.00529259 0.0911955
1 29.1182 4.94139 -0.0182464 0.0907239
1 30.2345 4.94124 -0.0437637 0.08868
1 31.3473 4.94071 -0.0707027 0.0846002
1 32.4581 4.9396 -0.0751949 0.0799443
1 33.5694 4.938 -0.0674854 0.0766954
1 34.6809 4.93594 -0.0673976 0.0731934
1 35.7924 4.93319 -0.0617852 0.0676616
1 36.9043 4.92961 -0.0677418 0.0609973
1 38.0142 4.92549 -0.080472 0.0563395
1 39.1239 4.92207 -0.0699814 0.0599656
1 40.2348 4.92125 -0.0694025 0.0751897
1 41.3462 4.92395 -0.0648085 0.0853748
1 42.4589 4.92786 -0.0682677 0.0807081
1 43.5735 4.93014 -0.0732009 0.0717663
1 0.668133 5.89373 0.0613189 0.0747216
1 1.78309 5.89004 0.0570932 0.0831454
1 2.89604 5.88616 0.0609611 0.0808896
1 4.00707 5.88469 0.0662043 0.0675869
1 5.11777 5.88604 0.0640704 0.0603554
1 6.22791 5.88897 0.0731281 0.0580805
1 7.3382 5.89219 0.0629253 0.0614986
1 8.45004 5.89505 0.0617689 0.0662651
1 9.56125 5.89737 0.0705356 0.0708267
1 10.6724 5.8992 0.0714531 0.0743194
1 11.7831 5.9006 0.0797905 0.0781936
1 12.8934 5.90151 0.0757428 0.0831779
1 14.0057 5.90191 0.0461499 0.0869848
1 15.1218 5.90202 0.0192274 0.0885357
1 16.2404 5.90205 0.00513012 0.0889819
1 17.3601 5.90208 0.00097096 0.0890942
1 18.48 5.90209 0.000355485 0.089124
1 19.6 5.90211 -0.000638106 0.0890313
1 20.72 5.90212 -0.000519761 0.0890294
1 21.8401 5.90211 2.40197e-05 0.0889589
1 22.9602 5.90209 -1.41306e-05 0.0890164
1 24.0802 5.90208 0.00055647 0.0890146
1 25.2001 5.90205 0.000685753 0.0890211
1 26.32 5.90204 -0.00044178 0.0889997
1 27.4398 5.90203 -0.00211115 0.0889565
1 28.559 5.90202 -0.0104324 0.088728
1 29.6767 5.90197 -0.0312515 0.0878659
1 30.791 5.90174 -0.062069 0.0852199
1 31.9019 5.90109 -0.0807363 0.0805324
1 33.0123 5.89992 -0.0739138 0.0760138
1 34.1234 5.89829 -0.0705258 0.0726277
1 35.2344 5.89621 -0.06877 0.0691685
1 36.3459 5.89363 -0.0579071 0.0651795
1 37.4577 5.89056 -0.0616649 0.0600773
1 38.5683 5.88725 -0.0703744 0.0577326
1 39.6783 5.8847 -0.080036 0.0631002
1 40.788 5.88471 -0.0731754 0.0752946
1 41.9003 5.88762 -0.0628838 0.0856397
1 43.0135 5.89158 -0.0690894 0.0808648
1 44.1331 5.89452 -0.0769925 0.0713737
1 0.108934 6.85758 0.0811581 0.0864496
1 1.22969 6.85316 0.0650732 0.0964575
1 2.34294 6.84893 0.062393 0.0934641
1 3.45467 6.84706 0.0725796 0.0811377
1 4.56437 6.84792 0.0749246 0.071207
1 5.67449 6.85018 0.0661843 0.0678626
1 6.78522 6.853 0.0601364 0.0697794
1 7.89677 6.85552 0.0589296 0.0742089
1 9.00797 6.85766 0.0719483 0.0778232
1 10.1184 6.85942 0.0747977 0.0813714
1 11.229 6.86076 0.0787639 0.0854583
1 12.3388 6.86163 0.0858064 0.0901363
1 13.4493 6.86205 0.065455 0.0939946
1 14.5634 6.86217 0.0325596 0.0957405
1 15.6809 6.86219 0.0115155 0.0962044
1 16.8002 6.8622 0.00254314 0.096344
1 17.92 6.86221 0.000897471 0.0963447
1 19.0399 6.86222 -0.000405507 0.0963245
1 20.16 6.86223 -0.000645191 0.0962801
1 21.2801 6.86224 -0.000423722 0.0962472
1 22.4002 6.86223 0.000108528 0.0962452
1 23.5202 6.86221 4.14213e-05 0.0962458
1 24.6401 6.8622 0.000854084 0.0962631
1 25.7601 6.86218 -0.000140243 0.0962086
1 26.88 6.86218 -0.00185028 0.0962736
1 27.9995 6.86218 -0.00559692 0.0962664
1 29.1182 6.86217 -0.0197579 0.0960248
1 30.2342 6.86211 -0.0483126 0.0949186
1 31.3463 6.86186 -0.0788683 0.0920241
1 32.456 6.8612 -0.083699 0.0875659
1 33.5663 6.86008 -0.0737751 0.0832438
1 34.677 6.85848 -0.0719656 0.0794223
1 35.788 6.85646 -0.0639272 0.0761874
1 36.8996 6.85409 -0.0650657 0.0730807
1 38.0099 6.85142 -0.0717203 0.0703726
1 39.1204 6.84878 -0.0604873 0.0693134
1 40.2312 6.84694 -0.0662578 0.0745108
1 41.3418 6.84712 -0.0620181 0.0876915
1 42.4547 6.85037 -0.0525049 0.0978112
1 43.5704 6.85509 -0.0536267 0.0917898
1 0.673846 7.81588 0.0514488 0.0991448
1 1.78946 7.81105 0.0541894 0.0923714
1 2.90164 7.80893 0.0642231 0.0775196
1 4.01185 7.80955 0.0668732 0.0664337
1 5.1226 7.81157 0.0618221 0.0648591
1 6.23297 7.81386 0.0733165 0.0657112
1 7.34309 7.81614 0.0671909 0.0685271
1 8.45429 7.81812 0.067448 0.0715366
1 9.56474 7.81979 0.0765783 0.0750464
1 10.675 7.82103 0.0791662 0.0795116
1 11.7848 7.82182 0.0889044 0.0840196
1 12.8941 7.82221 0.0828519 0.0876152
1 14.0059 7.82234 0.0491847 0.0894383
1 15.1218 7.82235 0.0199597 0.0898775
1 16.2404 7.82236 0.00513971 0.0898825
1 17.3601 7.82236 0.000799087 0.0898589
1 18.48 7.82236 0.000269724 0.0898782
1 19.6 7.82238 -0.000717739 0.0898637
1 20.72 7.82239 -0.00058016 0.0898781
1 21.8401 7.82238 6.80196e-06 0.0898154
1 22.9602 7.82237 2.64327e-05 0.0898042
1 24.0802 7.82236 0.000712509 0.089786
1 25.2001 7.82235 0.000763037 0.0898099
1 26.32 7.82234 -0.000355089 0.0898477
1 27.4398 7.82234 -0.00202719 0.0898754
1 28.559 7.82234 -0.0107123 0.0898358
1 29.6766 7.82234 -0.0329871 0.0896321
1 30.7905 7.82228 -0.0671776 0.0885036
1 31.9006 7.82203 -0.089244 0.0856691
1 33.0101 7.82141 -0.0824504 0.0815522
1 34.1202 7.82035 -0.0773142 0.077088
1 35.2304 7.81883 -0.0741853 0.0731403
1 36.3412 7.81694 -0.0622575 0.0701374
1 37.4526 7.81474 -0.0629557 0.0668715
1 38.5633 7.81231 -0.0666668 0.0649436
1 39.6737 7.81001 -0.0745534 0.0667326
1 40.7835 7.80852 -0.071817 0.0723895
1 41.895 7.80899 -0.0640057 0.0852102
1 43.0084 7.81239 -0.0637939 0.0984343
1 44.1312 7.81794 -0.0771065 0.100536
1 0.111289 8.77735 0.0672522 0.108223
1 1.23515 8.77282 0.0630891 0.0954899
1 2.34825 8.77103 0.0665882 0.0775048
1 3.45944 8.77163 0.0740563 0.0674499
1 4.56905 8.77338 0.0751777 0.0637228
1 5.67932 8.77549 0.0680374 0.0637093
1 6.78987 8.77761 0.0648434 0.0657842
1 7.90091 8.77945 0.0652036 0.0695998
1 9.01141 8.78095 0.0789428 0.0734316
1 10.121 8.78207 0.0830453 0.078191
1 11.2307 8.78273 0.0876797 0.0830844
1 12.3397 8.78302 0.0930867 0.0867835
1 13.4495 8.78308 0.0689305 0.0887623
1 14.5634 8.78308 0.0333845 0.0892991
1 15.6809 8.78307 0.0115424 0.0893152
1 16.8002 8.78307 0.00248433 0.0892974
1 17.92 8.78307 0.000762939 0.0892805
1 19.0399 8.78308 -0.000522956 0.0892713
1 20.16 8.78308 -0.000672282 0.0892845
1 21.2801 8.78309 -0.000473124 0.0892661
1 22.4002 8.78309 0.000174373 0.0892268
1 23.5202 8.78308 0.000142968 0.0892197
1 24.6401 8.78307 0.000883573 0.0892302
1 25.7601 8.78306 -5.15373e-05 0.0892172
1 26.88 8.78306 -0.00170445 0.0892604
1 27.9995 8.78305 -0.00556818 0.0892842
1 29.1182 8.78306 -0.0201426 0.0892374
1 30.2341 8.78308 -0.050396 0.0889542
1 31.3458 8.78305 -0.0844274 0.087709
1 32.4547 8.78287 -0.0921262 0.0847938
1 33.5641 8.78237 -0.0824464 0.0804598
1 34.6739 8.78142 -0.0793594 0.0753994
1 35.7841 8.78002 -0.0699313 0.0710311
1 36.8951 8.77826 -0.070449 0.0675989
1 38.005 8.77622 -0.0757096 0.0653353
1 39.1153 8.77406 -0.0622956 0.0639651
1 40.2261 8.77196 -0.0672889 0.0640437
1 41.3361 8.7705 -0.0666032 0.0718004
1 42.4476 8.77097 -0.0567003 0.0874656
1 43.5626 8.77451 -0.0483675 0.10649
1 0.68138 9.73361 0.0535079 0.105241
1 1.79565 9.73229 0.062073 0.0851119
1 2.9066 9.73315 0.0691002 0.0733732
1 4.01645 9.73502 0.0689736 0.0690503
1 5.12712 9.73706 0.0648368 0.0699698
1 6.23726 9.73895 0.0785952 0.072159
1 7.3469 9.74064 0.0735023 0.0755511
1 8.4575 9.74197 0.0746379 0.080017
1 9.56721 9.7429 0.0850984 0.0849501
1 10.6766 9.7434 0.0879431 0.0897809
1 11.7856 9.74354 0.0960036 0.0933052
1 12.8944 9.74348 0.0866985 0.0950177
1 14.0059 9.7434 0.0502503 0.0953306
1 15.1218 9.74336 0.0199651 0.0952062
1 16.2404 9.74335 0.00501308 0.0950716
1 17.3601 9.74335 0.000720357 0.0950251
1 18.48 9.74335 0.000231295 0.095011
1 19.6 9.74336 -0.000775555 0.0949911
1 20.72 9.74336 -0.000610716 0.0950016
1 21.8401 9.74336 2.28455e-05 0.0949773
1 22.9602 9.74336 5.9492e-05 0.0949794
1 24.0802 9.74336 0.000779304 0.0949817
1 25.2001 9.74335 0.000804929 0.095
1 26.32 9.74334 -0.000319953 0.0950126
1 27.4398 9.74334 -0.00204434 0.0949964
1 28.559 9.74335 -0.0107141 0.0950207
1 29.6766 9.74338 -0.0334492 0.0951702
1 30.7904 9.74344 -0.0695769 0.0951176
1 31.9001 9.74351 -0.0949478 0.0941335
1 33.0088 9.74346 -0.0905211 0.0914167
1 34.1181 9.7431 -0.0861356 0.0870603
1 35.2274 9.74231 -0.08231 0.0820619
1 36.3375 9.74111 -0.0689867 0.077393
1 37.4484 9.73951 -0.0680169 0.0730897
1 38.5587 9.7376 -0.0699602 0.070273
1 39.669 9.73555 -0.0769429 0.069481
1 40.7785 9.73354 -0.0741522 0.0712407
1 41.8893 9.73204 -0.0664627 0.0774196
1 43.0017 9.73205 -0.0613615 0.0931085
1 44.1251 9.73504 -0.0497652 0.111525
1 0.119946 10.694 0.0424266 0.102384
1 1.2418 10.6931 0.0623546 0.0819379
1 2.35335 10.6944 0.0689693 0.0717188
1 3.46385 10.6964 0.07576 0.0694798
1 4.57325 10.6983 0.0780653 0.0701511
1 5.68328 10.7001 0.0728741 0.0728619
1 6.79339 10.7016 0.0720234 0.0773375
1 7.9038 10.7028 0.0737582 0.0827092
1 9.01357 10.7035 0.0880647 0.0877192
1 10.1225 10.7038 0.0914222 0.0920359
1 11.2315 10.7038 0.0943003 0.0952681
1 12.3399 10.7037 0.0970207 0.0968655
1 13.4495 10.7035 0.0701169 0.0969767
1 14.5634 10.7034 0.0334273 0.0965553
1 15.6809 10.7033 0.0114896 0.0962678
1 16.8002 10.7033 0.0024681 0.0961772
1 17.92 10.7033 0.000718251 0.0961439
1 19.0399 10.7033 -0.000544863 0.0961557
1 20.16 10.7033 -0.000670941 0.0961607
1 21.2801 10.7033 -0.000495416 0.0961645
1 22.4002 10.7033 0.000167568 0.0961634
1 23.5202 10.7033 0.000149912 0.0961417
1 24.6401 10.7033 0.000840341 0.096138
1 25.7601 10.7033 -7.97159e-05 0.0960986
1 26.88 10.7033 -0.00166107 0.0961054
1 27.9995 10.7033 -0.0055247 0.0961529
1 29.1182 10.7033 -0.0201234 0.0963197
1 30.2341 10.7034 -0.0509292 0.0966931
1 31.3457 10.7036 -0.0870017 0.096937
1 32.4542 10.7037 -0.0977232 0.0960718
1 33.5629 10.7038 -0.0902305 0.0934816
1 34.672 10.7036 -0.0882313 0.0894219
1 35.7814 10.703 -0.078473 0.0845139
1 36.8918 10.702 -0.077973 0.0793534
1 38.0012 10.7006 -0.0820716 0.0750285
1 39.1111 10.6989 -0.0671317 0.0715235
1 40.2217 10.6969 -0.0707291 0.0686063
1 41.3313 10.6948 -0.0703577 0.0691911
1 42.4419 10.693 -0.0649236 0.0751879
1 43.5555 10.6923 -0.0588036 0.0909919
1 0.687285 11.6539 0.0624888 0.0734107
1 1.80038 11.6558 0.0675126 0.0674518
1 2.91073 11.6579 0.0728469 0.0678246
1 4.02026 11.6598 0.0737744 0.0711526
1 5.13057 11.6614 0.0722862 0.0764552
1 6.24019 11.6626 0.0880729 0.0817399
1 7.34923 11.6635 0.0831976 0.086798
1 8.45921 11.664 0.0839411 0.0918442
1 9.5683 11.6641 0.093264 0.0958274
1 10.6772 11.6641 0.0940134 0.0984085
1 11.7858 11.6638 0.0996765 0.0998201
1 12.8943 11.6635 0.0879916 0.099873
1 14.0059 11.6633 0.0502222 0.0991057
1 15.1218 11.6632 0.0197141 0.0985081
1 16.2404 11.6632 0.00487314 0.0982743
1 17.3601 11.6632 0.000699358 0.0982327
1 18.48 11.6632 0.000239873 0.0982358
1 19.6 11.6632 -0.000789662 0.0982653
1 20.7201 11.6632 -0.000609684 0.0982949
1 21.8401 11.6632 4.06142e-05 0.0982822
1 22.9602 11.6632 5.61203e-05 0.0982562
1 24.0802 11.6632 0.000774584 0.0982397
1 25.2001 11.6632 0.000795144 0.0982051
1 26.32 11.6632 -0.000341926 0.0981826
1 27.4398 11.6632 -0.00205707 0.098202
1 28.5591 11.6632 -0.0105402 0.0983239
1 29.6767 11.6633 -0.0332026 0.0987429
1 30.7905 11.6634 -0.0700738 0.0994799
1 31.9 11.6636 -0.0975541 0.0999337
1 33.0084 11.6639 -0.0955909 0.0990582
1 34.1172 11.6641 -0.0935455 0.0968377
1 35.2259 11.664 -0.0916673 0.0934824
1 36.3354 11.6636 -0.0788812 0.0888826
1 37.4455 11.6629 -0.0770911 0.0834221
1 38.5554 11.6617 -0.0773431 0.0778391
1 39.6652 11.6603 -0.0828648 0.0728997
1 40.7744 11.6585 -0.0790176 0.0692539
1 41.8845 11.6565 -0.0714631 0.0668188
1 42.995 11.6544 -0.0674495 0.0687855
1 44.1143 11.6534 -0.0466909 0.0806506
1 0.13005 12.6166 0.0605975 0.0541964
1 1.24756 12.6181 0.073874 0.0546578
1 2.35751 12.62 0.0768558 0.0597368
1 3.46727 12.6216 0.084235 0.0661323
1 4.57606 12.6228 0.0871655 0.0719488
1 5.68555 12.6237 0.0819877 0.0775614
1 6.79512 12.6242 0.0816478 0.0824302
1 7.90496 12.6245 0.0830202 0.0860646
1 9.01421 12.6245 0.0956454 0.0887045
1 10.1227 12.6244 0.0964557 0.0899459
1 11.2315 12.6241 0.0973481 0.0902867
1 12.3398 12.6238 0.098301 0.0897516
1 13.4494 12.6235 0.0700239 0.0884229
1 14.5633 12.6234 0.0330905 0.0872437
1 15.6809 12.6233 0.0113846 0.0866537
1 16.8002 12.6233 0.00249518 0.0864812
1 17.92 12.6233 0.000756433 0.0864449
1 19.0399 12.6233 -0.000478233 0.0864577
1 20.1601 12.6233 -0.000599686 0.0864788
1 21.2801 12.6233 -0.000541768 0.0864922
1 22.4002 12.6233 0.000104077 0.0864927
1 23.5202 12.6233 8.09176e-05 0.0864858
1 24.6401 12.6233 0.00073262 0.0864807
1 25.7601 12.6233 -0.000156299 0.0864472
1 26.88 12.6233 -0.00162044 0.0864739
1 27.9996 12.6233 -0.00542536 0.086555
1 29.1182 12.6234 -0.0198702 0.0868988
1 30.2342 12.6235 -0.0506268 0.0877844
1 31.3458 12.6237 -0.0875448 0.0891387
1 32.4542 12.624 -0.100164 0.0900794
1 33.5627 12.6242 -0.0946334 0.0900168
1 34.6714 12.6244 -0.0947845 0.0891186
1 35.7804 12.6244 -0.0867269 0.0869931
1 36.8903 12.6243 -0.087459 0.0835281
1 37.9991 12.6238 -0.0927285 0.0792389
1 39.1084 12.6231 -0.0768845 0.0739803
1 40.2184 12.622 -0.0786091 0.0678962
1 41.3276 12.6205 -0.0772688 0.061646
1 42.4377 12.6188 -0.0719896 0.0556588
1 43.5503 12.6168 -0.0683442 0.0508518
1 0.691301 13.5827 0.076148 0.0296643
1 1.80368 13.584 0.0784014 0.0373048
1 2.91348 13.585 0.082917 0.0439579
1 4.02246 13.5858 0.0842191 0.0494782
1 5.13218 13.5863 0.0824855 0.0538974
1 6.24124 13.5866 0.0968218 0.0571577
1 7.34983 13.5867 0.0898245 0.0590613
1 8.45946 13.5867 0.0889503 0.0601963
1 9.5683 13.5866 0.0964963 0.0603751
1 10.6771 13.5864 0.0956697 0.059774
1 11.7856 13.5862 0.100201 0.0588675
1 12.8942 13.586 0.0875391 0.0574762
1 14.0058 13.5859 0.0496014 0.0560528
1 15.1217 13.5858 0.0193677 0.0552126
1 16.2404 13.5858 0.00475139 0.0548945
1 17.3601 13.5858 0.00072288 0.054826
1 18.48 13.5858 0.000311119 0.0547924
1 19.6 13.5858 -0.000771404 0.0547802
1 20.7201 13.5858 -0.000601001 0.0548024
1 21.8401 13.5858 4.24477e-05 0.0548032
1 22.9602 13.5858 1.00623e-05 0.0548256
1 24.0802 13.5858 0.000752391 0.0548479
1 25.2001 13.5858 0.000784581 0.0548327
1 26.32 13.5858 -0.00037871 0.0548371
1 27.4398 13.5858 -0.00206672 0.0548873
1 28.5591 13.5858 -0.0103282 0.0550395
1 29.6767 13.5858 -0.032678 0.055586
1 30.7906 13.5859 -0.0694608 0.0567451
1 31.9002 13.5861 -0.0976279 0.0582387
1 33.0085 13.5863 -0.0968333 0.0593278
1 34.1173 13.5865 -0.0961329 0.0599667
1 35.2257 13.5866 -0.0963388 0.0601253
1 36.3348 13.5867 -0.0855528 0.0593226
1 37.4446 13.5866 -0.0851415 0.0576042
1 38.5539 13.5864 -0.0860757 0.0547311
1 39.6633 13.5859 -0.0920817 0.0506129
1 40.7719 13.5853 -0.0890756 0.0459197
1 41.8813 13.5843 -0.0828763 0.0397575
1 42.9908 13.5832 -0.083364 0.0327868
1 44.1071 13.5822 -0.0768433 0.0272323
1 0.134139 14.5503 0.0871194 0.0113487
1 1.2501 14.5509 0.0889613 0.0153781
1 2.35941 14.5513 0.0878863 0.0196982
1 3.46869 14.5517 0.0934151 0.023117
1 4.57705 14.5519 0.094542 0.0256525
1 5.68619 14.5521 0.0875852 0.0272014
1 6.79546 14.5521 0.0858125 0.0283022
1 7.90504 14.5521 0.0857797 0.0285525
1 9.0141 14.5521 0.0968386 0.0283696
1 10.1225 14.552 0.0963971 0.0277535
1 11.2313 14.5519 0.0967989 0.0270434
1 12.3396 14.5518 0.0974031 0.0262122
1 13.4493 14.5517 0.069069 0.0252603
1 14.5632 14.5517 0.0325439 0.024571
1 15.6809 14.5517 0.0112002 0.0242492
1 16.8002 14.5516 0.00245545 0.0241465
1 17.92 14.5516 0.000736146 0.0241273
1 19.0399 14.5516 -0.000467937 0.0241117
1 20.1601 14.5516 -0.000576366 0.0241043
1 21.2801 14.5516 -0.000539148 0.0241101
1 22.4002 14.5516 0.0001043 0.0241257
1 23.5202 14.5516 8.67619e-05 0.0241411
1 24.6401 14.5516 0.000715411 0.0241439
1 25.7601 14.5516 -0.000151473 0.024149
1 26.88 14.5516 -0.00155021 0.0241652
1 27.9996 14.5517 -0.00529925 0.0242066
1 29.1183 14.5517 -0.0195365 0.0243869
1 30.2342 14.5517 -0.0498866 0.0248863
1 31.3459 14.5518 -0.0865729 0.0257458
1 32.4544 14.5518 -0.099541 0.0266665
1 33.5629 14.5519 -0.0945164 0.0273994
1 34.6716 14.552 -0.0954834 0.0280171
1 35.7804 14.5521 -0.0886284 0.0282818
1 36.8901 14.5521 -0.0908121 0.0280704
1 37.9986 14.5521 -0.098438 0.0274805
1 39.1075 14.552 -0.0845314 0.0261989
1 40.2171 14.5517 -0.0873935 0.023901
1 41.326 14.5514 -0.0874509 0.0206617
1 42.4356 14.551 -0.0836379 0.0167637
1 43.5479 14.5505 -0.0818409 0.0123804
1 0.69245 15.5198 0.0851605 0.00487679
1 1.80468 15.5199 0.0864517 0.00735749
1 2.91424 15.52 0.0895309 0.00919507
1 4.02301 15.5201 0.0889544 0.0102348
1 5.13253 15.5202 0.0861348 0.010854
1 6.24138 15.5202 0.0991887 0.0112584
1 7.34983 15.5202 0.0905951 0.0112869
1 8.45939 15.5202 0.0887623 0.0111012
1 9.56818 15.5202 0.095817 0.0107737
1 10.6769 15.5201 0.094845 0.0103834
1 11.7855 15.5201 0.0992687 0.00999344
1 12.8941 15.5201 0.0866592 0.00954738
1 14.0057 15.52 0.0490422 0.00916291
1 15.1217 15.52 0.019126 0.00895377
1 16.2404 15.52 0.00468084 0.00886864
1 17.3601 15.52 0.000707246 0.00885159
1 18.48 15.52 0.000306474 0.00883755
1 19.6 15.52 -0.000762375 0.00882342
1 20.7201 15.52 -0.000594199 0.00882662
1 21.8401 15.52 4.38026e-05 0.0088263
1 22.9602 15.52 1.81089e-05 0.00884115
1 24.0802 15.52 0.000757689 0.00885188
1 25.2001 15.52 0.000784515 0.00885338
1 26.32 15.52 -0.000374588 0.00885688
1 27.4398 15.52 -0.00205317 0.00886954
1 28.5591 15.52 -0.0101978 0.00890256
1 29.6767 15.52 -0.0322928 0.00904689
1 30.7906 15.52 -0.0687266 0.00934788
1 31.9003 15.5201 -0.0967046 0.0097836
1 33.0087 15.5201 -0.0959307 0.0102102
1 34.1174 15.5201 -0.0954355 0.0105833
1 35.2258 15.5202 -0.0962202 0.0108809
1 36.3348 15.5202 -0.0862752 0.0110304
1 37.4445 15.5202 -0.0866455 0.0110642
1 38.5537 15.5202 -0.0887742 0.0110218
1 39.6629 15.5201 -0.0965601 0.0103535
1 40.7712 15.5201 -0.0952492 0.00958533
1 41.8804 15.52 -0.0902616 0.00796264
1 42.9896 15.5198 -0.093019 0.00579799
1 44.1055 15.5198 -0.0920064 0.00329528
1 0.134675 16.4895 0.093201 0.000684373
1 1.25054 16.4895 0.0934571 0.00106381
1 2.35974 16.4895 0.0915313 0.00152376
1 3.4689 16.4895 0.0958167 0.00198867
1 4.5772 16.4895 0.0957821 0.00240878
1 5.68627 16.4895 0.0882698 0.00240695
1 6.79548 16.4895 0.0860978 0.00245136
1 7.90501 16.4895 0.0856249 0.00228502
1 9.01405 16.4895 0.0963191 0.0021806
1 10.1225 16.4895 0.0957795 0.00205451
1 11.2313 16.4895 0.0962404 0.00193074
1 12.3396 16.4895 0.0968672 0.0018123
1 13.4493 16.4895 0.0686534 0.00170047
1 14.5632 16.4895 0.0323366 0.00162347
1 15.6809 16.4895 0.0111269 0.0015895
1 16.8002 16.4895 0.00243275 0.00157891
1 17.92 16.4895 0.000714565 0.0015744
1 19.0399 16.4895 -0.000476211 0.00157167
1 20.1601 16.4895 -0.000581025 0.00157026
1 21.2801 16.4895 -0.000530429 0.00156947
1 22.4002 16.4895 0.000110988 0.00156965
1 23.5202 16.4895 0.000100346 0.00157246
1 24.6401 16.4895 0.000720217 0.0015756
1 25.7601 16.4895 -0.000131754 0.00157665
1 26.88 16.4895 -0.00152006 0.00157909
1 27.9996 16.4895 -0.00525548 0.00158457
1 29.1183 16.4895 -0.019419 0.00160384
1 30.2343 16.4895 -0.0495966 0.00165765
1 31.3459 16.4895 -0.0860769 0.00175532
1 32.4545 16.4895 -0.0989724 0.00186775
1 33.563 16.4895 -0.0939359 0.00198257
1 34.6716 16.4895 -0.0949874 0.00211434
1 35.7804 16.4895 -0.088417 0.00223518
1 36.8901 16.4895 -0.0908077 0.00228165
1 37.9985 16.4895 -0.098858 0.0022796
1 39.1074 16.4895 -0.085919 0.00234003
1 40.217 16.4895 -0.0897177 0.00217684
1 41.3257 16.4895 -0.090394 0.00176407
1 42.4353 16.4895 -0.0876319 0.0014128
1 43.5475 16.4895 -0.0869366 0.000827792
1 0.692611 17.4594 0.0867454 5.13673e-05
1 1.80481 17.4594 0.087728 0.000308054
1 2.91434 17.4594 0.0904811 0.00040004
1 4.02308 17.4594 0.0896256 0.000234206
1 5.13257 17.4594 0.0865543 0.000258605
1 6.24139 17.4594 0.0992416 0.000347545
1 7.34983 17.4594 0.0904233 0.000271512
1 8.45938 17.4594 0.0885229 0.000253556
1 9.56817 17.4594 0.0955523 0.000262504
1 10.6769 17.4594 0.0946016 0.000242073
1 11.7855 17.4594 0.099046 0.000235655
1 12.8941 17.4594 0.0864818 0.000247473
1 14.0057 17.4594 0.0489439 0.000254281
1 15.1217 17.4594 0.0190865 0.000251397
1 16.2404 17.4594 0.00467288 0.000252951
1 17.3601 17.4594 0.000705609 0.000251394
1 18.48 17.4594 0.000302249 0.000252047
1 19.6 17.4594 -0.000764434 0.000254051
1 20.7201 17.4594 -0.00059529 0.000251967
1 21.8401 17.4594 4.46512e-05 0.000252022
1 22.9602 17.4594 2.33153e-05 0.000249764
1 24.0802 17.4594 0.000760498 0.000249541
1 25.2001 17.4594 0.000783715 0.000248711
1 26.32 17.4594 -0.000374353 0.000251203
1 27.4398 17.4594 -0.00205403 0.000252513
1 28.5591 17.4594 -0.0101807 0.000255492
1 29.6767 17.4594 -0.0322263 0.000251803
1 30.7906 17.4594 -0.0685899 0.000250029
1 31.9003 17.4594 -0.0965105 0.000233617
1 33.0087 17.4594 -0.0957079 0.000207883
1 34.1174 17.4594 -0.0951797 0.000214563
1 35.2258 17.4594 -0.0959869 0.000272043
1 36.3348 17.4594 -0.0861671 0.000340962
1 37.4444 17.4594 -0.0866115 0.000267688
1 38.5537 17.4594 -0.0888294 0.000227056
1 39.6628 17.4593 -0.0969691 0.000125605
1 40.7712 17.4594 -0.0961499 0.000307206
1 41.8803 17.4594 -0.0915324 0.0005316
1 42.9895 17.4594 -0.0945317 0.000322664
1 44.1054 17.4594 -0.0940056 0.000100318
1 0.134649 18.4294 0.0940491 -0.000221877
1 1.25054 18.4294 0.0937447 0.000199063
1 2.35977 18.4293 0.0916114 0.000184698
1 3.46894 18.4293 0.0961672 0.000224361
1 4.57719 18.4293 0.0961241 0.00016498
1 5.68626 18.4293 0.0882775 -1.16909e-05
1 6.79547 18.4293 0.0859367 -7.54845e-06
1 7.90501 18.4293 0.0855 -8.51517e-05
1 9.01406 18.4293 0.0962349 -8.8029e-05
1 10.1225 18.4293 0.0956908 -0.00012586
1 11.2313 18.4293 0.0961478 -0.000179845
1 12.3396 18.4293 0.096811 -0.000231634
1 13.4493 18.4293 0.0686372 -0.000248528
1 14.5632 18.4293 0.0323343 -0.000252201
1 15.6809 18.4293 0.0111268 -0.000252891
1 16.8002 18.4293 0.00243318 -0.000247173
1 17.92 18.4293 0.000715037 -0.000256615
1 19.0399 18.4293 -0.000484875 -0.00025893
1 20.16 18.4293 -0.000579218 -0.000255886
1 21.2801 18.4293 -0.00053447 -0.000255541
1 22.4002 18.4293 0.00012143 -0.000258828
1 23.5202 18.4293 0.000104658 -0.000255032
1 24.6401 18.4293 0.000721347 -0.000249645
1 25.7601 18.4293 -0.000139979 -0.000254917
1 26.88 18.4293 -0.00152769 -0.000251047
1 27.9996 18.4293 -0.00525947 -0.000248297
1 29.1183 18.4293 -0.0194118 -0.000250612
1 30.2343 18.4293 -0.0495789 -0.000253445
1 31.3459 18.4293 -0.0860537 -0.000245866
1 32.4545 18.4293 -0.0989403 -0.000228087
1 33.563 18.4293 -0.0938885 -0.000190973
1 34.6716 18.4293 -0.0948769 -0.000150017
1 35.7804 18.4293 -0.0882184 -5.66094e-05
1 36.8901 18.4293 -0.0907203 3.58055e-05
1 37.9985 18.4293 -0.0990007 2.91077e-05
1 39.1074 18.4293 -0.0859595 6.53508e-05
1 40.2169 18.4293 -0.0896781 0.000137281
1 41.3257 18.4293 -0.0906749 0.000103135
1 42.4353 18.4293 -0.0876618 2.73279e-05
1 43.5475 18.4293 -0.0864137 -0.000116834
1 0.692555 19.3993 0.0867128 -0.000265439
1 1.80478 19.3993 0.0876648 0.000140474
1 2.91432 19.3993 0.0904766 0.000417236
1 4.02304 19.3993 0.089749 0.000401966
1 5.13253 19.3992 0.0863916 0.000299875
1 6.24137 19.3992 0.0989545 0.000258435
1 7.34982 19.3992 0.0902934 0.000216615
1 8.45938 19.3992 0.0884626 0.000243045
1 9.56817 19.3992 0.0954661 0.000262444
1 10.6769 19.3992 0.0945106 0.000234628
1 11.7855 19.3992 0.0990132 0.000207155
1 12.8941 19.3992 0.086471 0.000198078
1 14.0057 19.3993 0.0489517 0.000191399
1 15.1217 19.3993 0.0190934 0.000194904
1 16.2404 19.3993 0.00467024 0.000196429
1 17.3601 19.3993 0.000705464 0.000192407
1 18.48 19.3993 0.000305919 0.000195717
1 19.6 19.3993 -0.000769505 0.000192041
1 20.7201 19.3993 -0.000597194 0.00018891
1 21.8401 19.3993 4.76307e-05 0.00019337
1 22.9602 19.3993 2.22065e-05 0.000195963
1 24.0802 19.3993 0.000767306 0.000192402
1 25.2001 19.3993 0.000790135 0.000195607
1 26.32 19.3993 -0.000376706 0.000196978
1 27.4398 19.3993 -0.00205815 0.00019295
1 28.5591 19.3993 -0.0101867 0.000195106
1 29.6767 19.3993 -0.0322319 0.000191625
1 30.7906 19.3993 -0.0685942 0.000185928
1 31.9003 19.3992 -0.096506 0.000191568
1 33.0087 19.3992 -0.0957015 0.000202111
1 34.1174 19.3992 -0.0951127 0.000225351
1 35.2258 19.3992 -0.0958696 0.00024405
1 36.3348 19.3992 -0.0860286 0.000256344
1 37.4444 19.3992 -0.0866039 0.00025763
1 38.5537 19.3992 -0.0889074 0.00041209
1 39.6628 19.3993 -0.0966993 0.000372212
1 40.7712 19.3993 -0.0957511 0.000391758
1 41.8803 19.3993 -0.0914051 0.000145744
1 42.9896 19.3992 -0.0944045 -0.000262871
1 44.1055 19.3992 -0.0939702 -0.000447634
1 0.134589 20.3691 0.0941775 -0.000393687
1 1.25048 20.3692 0.0938546 -0.000626583
1 2.35972 20.3692 0.0916862 -0.000521667
1 3.4689 20.3692 0.0961895 -0.000273239
1 4.57715 20.3692 0.0960513 -2.53972e-05
1 5.68623 20.3692 0.0881057 -0.000165166
1 6.79545 20.3692 0.0858536 -0.000118203
1 7.905 20.3692 0.0854744 -0.000141075
1 9.01405 20.3692 0.0961762 -9.38513e-05
1 10.1225 20.3692 0.0956162 -5.75892e-05
1 11.2313 20.3692 0.0960946 -3.21346e-05
1 12.3396 20.3692 0.0967981 -3.17625e-06
1 13.4493 20.3692 0.0686493 1.92731e-05
1 14.5632 20.3692 0.0323473 3.60451e-05
1 15.6809 20.3692 0.0111338 4.60081e-05
1 16.8002 20.3692 0.0024354 4.86775e-05
1 17.92 20.3692 0.000716412 5.22187e-05
1 19.0399 20.3692 -0.000484209 5.35653e-05
1 20.16 20.3692 -0.000578163 5.00575e-05
1 21.2801 20.3692 -0.000536849 5.09605e-05
1 22.4002 20.3692 0.000118662 5.29164e-05
1 23.5202 20.3692 0.000102686 4.92764e-05
1 24.6401 20.3692 0.000723552 4.74482e-05
1 25.7601 20.3692 -0.000134885 5.50263e-05
1 26.88 20.3692 -0.00152593 5.12778e-05
1 27.9996 20.3692 -0.00526202 4.95384e-05
1 29.1183 20.3692 -0.0194245 3.85789e-05
1 30.2343 20.3692 -0.0496001 2.31898e-05
1 31.3459 20.3692 -0.0860685 -3.80086e-06
1 32.4545 20.3692 -0.0989204 -2.83086e-05
1 33.563 20.3692 -0.0938334 -4.20444e-05
1 34.6716 20.3692 -0.0948173 -4.85782e-05
1 35.7804 20.3692 -0.088168 -8.78821e-05
1 36.8901 20.3692 -0.0906633 -0.000171835
1 37.9985 20.3692 -0.0989609 -0.000169537
1 39.1074 20.3692 -0.0859963 -1.97386e-05
1 40.2169 20.3692 -0.0896447 -4.72714e-05
1 41.3257 20.3692 -0.0905337 -0.000371917
1 42.4353 20.3692 -0.0876722 -0.000466644
1 43.5475 20.3692 -0.0867778 -0.000282389
1 0.692486 21.3391 0.0867367 0.000123879
1 1.8047 21.3392 0.0875808 0.000121706
1 2.91426 21.3392 0.0903152 0.000192249
1 4.02302 21.3392 0.089545 7.16418e-05
1 5.13251 21.3392 0.0864242 9.69293e-05
1 6.24135 21.3392 0.0990863 0.000172709
1 7.3498 21.3392 0.090316 0.000136232
1 8.45936 21.3392 0.0884448 7.68792e-05
1 9.56816 21.3392 0.0954555 8.00003e-05
1 10.6769 21.3392 0.0944972 0.000106599
1 11.7855 21.3392 0.098986 0.00010726
1 12.8941 21.3392 0.0864856 9.79995e-05
1 14.0057 21.3392 0.0489654 0.000100441
1 15.1217 21.3392 0.0191063 0.000113843
1 16.2404 21.3392 0.00467504 0.000113144
1 17.3601 21.3392 0.000706682 0.000114034
1 18.48 21.3392 0.000306415 0.00011932
1 19.6 21.3392 -0.00076911 0.00011228
1 20.7201 21.3392 -0.000596097 0.000111364
1 21.8401 21.3392 4.7711e-05 0.000112441
1 22.9602 21.3392 1.82324e-05 0.000116301
1 24.0802 21.3392 0.000761082 0.000112063
1 25.2001 21.3392 0.000788033 0.000116364
1 26.32 21.3392 -0.000375699 0.000121008
1 27.4398 21.3392 -0.0020537 0.000113624
1 28.5591 21.3392 -0.010188 0.000109485
1 29.6767 21.3392 -0.0322564 0.00010534
1 30.7906 21.3392 -0.0686233 9.19767e-05
1 31.9003 21.3392 -0.0965156 9.30139e-05
1 33.0087 21.3392 -0.0956521 0.000114617
1 34.1174 21.3392 -0.0950755 0.000128767
1 35.2259 21.3392 -0.0958526 0.000127912
1 36.3349 21.3392 -0.0860355 0.000117593
1 37.4445 21.3392 -0.0865266 5.33779e-05
1 38.5537 21.3392 -0.0888182 0.000163137
1 39.6629 21.3392 -0.0969934 2.33509e-05
1 40.7712 21.3392 -0.0961293 0.000173653
1 41.8804 21.3392 -0.0914453 0.000253711
1 42.9896 21.3392 -0.0945292 0.000341132
1 44.1054 21.3392 -0.0942565 0.00022216
1 0.134543 22.309 0.0937909 0.000264379
1 1.2504 22.309 0.0935948 -0.000115404
1 2.35964 22.309 0.09148 -0.000493505
1 3.46884 22.3091 0.0957605 -0.000529771
1 4.57714 22.3091 0.0958277 -0.000367408
1 5.68621 22.3091 0.0882801 -0.000497126
1 6.79543 22.309 0.0859248 -0.000500997
1 7.90498 22.309 0.0854097 -0.000632325
1 9.01403 22.3091 0.0961341 -0.000690954
1 10.1225 22.3091 0.0956021 -0.000723787
1 11.2312 22.3091 0.0960632 -0.000756885
1 12.3396 22.3091 0.0967567 -0.00078605
1 13.4493 22.3091 0.0686333 -0.000804362
1 14.5632 22.3091 0.0323481 -0.000814238
1 15.6809 22.3091 0.0111377 -0.000815391
1 16.8002 22.3091 0.00243574 -0.000815153
1 17.92 22.3091 0.000714573 -0.000812627
1 19.0399 22.3091 -0.000479641 -0.000811285
1 20.16 22.3091 -0.000583323 -0.000813404
1 21.2801 22.3091 -0.000530923 -0.00081347
1 22.4002 22.3091 0.000114603 -0.000813096
1 23.5202 22.3091 0.000102714 -0.000816505
1 24.6401 22.3091 0.000722754 -0.000814819
1 25.7601 22.3091 -0.000133078 -0.000814153
1 26.88 22.3091 -0.00152588 -0.000813888
1 27.9996 22.3091 -0.00526466 -0.000814587
1 29.1183 22.3091 -0.0194341 -0.000817783
1 30.2343 22.3091 -0.0496113 -0.000814876
1 31.3459 22.3091 -0.0860516 -0.000799463
1 32.4545 22.3091 -0.0988612 -0.000766966
1 33.563 22.3091 -0.0937596 -0.000723159
1 34.6716 22.3091 -0.0947531 -0.000672815
1 35.7805 22.3091 -0.0881594 -0.000618894
1 36.8901 22.3091 -0.0906547 -0.000583382
1 37.9986 22.3091 -0.0988137 -0.000550437
1 39.1075 22.3091 -0.0858924 -0.00048739
1 40.217 22.3091 -0.089723 -0.000451018
1 41.3257 22.309 -0.090515 -0.000594324
1 42.4354 22.309 -0.0876438 -0.000387036
1 43.5476 22.309 -0.0867258 -0.000191781
1 0.692387 23.279 0.0866671 0.000240465
1 1.80464 23.279 0.0877402 0.000375666
1 2.91421 23.2791 0.0904793 0.00053547
1 4.02296 23.2791 0.08958 0.000538343
1 5.13248 23.2791 0.0864711 0.000707466
1 6.24132 23.279 0.099138 0.000735231
1 7.34977 23.279 0.0902891 0.000666836
1 8.45934 23.279 0.0883883 0.000686591
1 9.56814 23.279 0.0954245 0.000725683
1 10.6769 23.279 0.0944593 0.000765912
1 11.7855 23.279 0.0989276 0.000801121
1 12.8941 23.279 0.0864323 0.000828348
1 14.0057 23.279 0.0489462 0.000855784
1 15.1217 23.279 0.0191018 0.000861656
1 16.2404 23.279 0.00467336 0.000860425
1 17.3601 23.279 0.000702664 0.000867843
1 18.48 23.279 0.000306962 0.000867695
1 19.6 23.279 -0.000766887 0.000869777
1 20.7201 23.279 -0.000595077 0.000872566
1 21.8401 23.279 4.95563e-05 0.000868501
1 22.9602 23.279 2.17072e-05 0.000864595
1 24.0802 23.279 0.000762249 0.000866166
1 25.2001 23.279 0.000786621 0.000860549
1 26.32 23.279 -0.000378339 0.000868316
1 27.4398 23.279 -0.00205215 0.00087104
1 28.5591 23.279 -0.0101932 0.000864739
1 29.6767 23.279 -0.0322553 0.000856213
1 30.7906 23.279 -0.0685955 0.000844262
1 31.9003 23.279 -0.0964446 0.000815187
1 33.0087 23.279 -0.0955739 0.000791413
1 34.1174 23.279 -0.0950123 0.000765034
1 35.2259 23.279 -0.0958179 0.000733587
1 36.3349 23.279 -0.0860309 0.000712816
1 37.4445 23.279 -0.0865679 0.000641168
1 38.5537 23.279 -0.0888227 0.00074398
1 39.6629 23.2791 -0.0967902 0.000517367
1 40.7713 23.2791 -0.0957175 0.000495527
1 41.8804 23.279 -0.0912171 0.000490289
1 42.9897 23.279 -0.0944065 0.000208684
1 44.1055 23.2789 -0.0938968 -0.000100599
1 0.134463 24.2489 0.0943129 -0.000206062
1 1.25036 24.2489 0.0938737 -0.000266188
1 2.35961 24.2489 0.0917775 -0.000331529
1 3.4688 24.2489 0.0963057 -0.00021265
1 4.57708 24.2489 0.0961291 7.78159e-05
1 5.68617 24.2489 0.0882714 4.86345e-05
1 6.7954 24.2489 0.0858904 5.08646e-05
1 7.90495 24.2489 0.0854283 -5.43253e-05
1 9.01401 24.2489 0.096168 -3.64896e-05
1 10.1224 24.2489 0.0956254 -1.43644e-05
1 11.2312 24.2489 0.0960551 -9.36424e-06
1 12.3396 24.2489 0.0967332 -1.00621e-05
1 13.4493 24.2489 0.0686184 1.6876e-07
1 14.5632 24.2489 0.0323489 9.34476e-06
1 15.6809 24.2489 0.0111423 1.34321e-05
1 16.8002 24.2489 0.00242971 2.21516e-05
1 17.92 24.2489 0.000719629 2.1451e-05
1 19.0399 24.2489 -0.000483663 1.97803e-05
1 20.16 24.2489 -0.000583236 2.43192e-05
1 21.2801 24.2489 -0.000529 2.45061e-05
1 22.4002 24.2489 0.000123678 1.94994e-05
1 23.5202 24.2489 0.000100282 2.14638e-05
1 24.6401 24.2489 0.000726524 2.27095e-05
1 25.7601 24.2489 -0.000145927 1.76348e-05
1 26.88 24.2489 -0.00153553 2.18152e-05
1 27.9996 24.2489 -0.00526423 2.22501e-05
1 29.1183 24.2489 -0.0194381 1.24367e-05
1 30.2343 24.2489 -0.0496001 4.55882e-06
1 31.3459 24.2489 -0.0860213 -1.99991e-06
1 32.4545 24.2489 -0.0988334 -3.90418e-06
1 33.563 24.2489 -0.0937583 -9.08602e-06
1 34.6716 24.2489 -0.0947848 -1.7838e-05
1 35.7805 24.2489 -0.0882096 -1.04469e-05
1 36.8901 24.2489 -0.0907135 -3.27803e-05
1 37.9986 24.2489 -0.0988366 -5.17313e-05
1 39.1075 24.2489 -0.0857918 8.02319e-05
1 40.217 24.2489 -0.0895532 -2.82039e-05
1 41.3258 24.2489 -0.0904526 -0.000201301
1 42.4354 24.2489 -0.0876342 -0.000151831
1 43.5477 24.2489 -0.0867342 -5.68216e-05
1 0.692402 25.2187 0.0869613 -2.28328e-05
1 1.80461 25.2187 0.0877421 0.000200006
1 2.91417 25.2187 0.090363 0.000138189
1 4.02294 25.2187 0.0895659 -0.000101818
1 5.13246 25.2187 0.0864144 -0.000221898
1 6.24131 25.2187 0.0990521 -7.59535e-05
1 7.34976 25.2187 0.0903354 -0.000113194
1 8.45933 25.2187 0.0884689 -0.000177573
1 9.56813 25.2187 0.0954508 -0.00021148
1 10.6769 25.2187 0.0944531 -0.000255064
1 11.7855 25.2187 0.0989157 -0.00029562
1 12.8941 25.2187 0.086413 -0.000323959
1 14.0057 25.2187 0.0489409 -0.000337122
1 15.1217 25.2187 0.0191046 -0.000346104
1 16.2404 25.2187 0.00466799 -0.000349857
1 17.3601 25.2187 0.000697467 -0.000345858
1 18.48 25.2187 0.000307867 -0.00034722
1 19.6 25.2187 -0.000768488 -0.000353251
1 20.7201 25.2187 -0.000594761 -0.000356795
1 21.8401 25.2187 5.16304e-05 -0.000351879
1 22.9602 25.2187 1.98368e-05 -0.000344166
1 24.0802 25.2187 0.000765516 -0.000343212
1 25.2001 25.2187 0.00079255 -0.000348397
1 26.32 25.2187 -0.00037809 -0.000349332
1 27.4398 25.2187 -0.0020482 -0.000345475
1 28.5591 25.2187 -0.0101908 -0.000350321
1 29.6767 25.2187 -0.0322512 -0.000341625
1 30.7906 25.2187 -0.0685715 -0.000327835
1 31.9003 25.2187 -0.0964188 -0.000298587
1 33.0087 25.2187 -0.095588 -0.000267433
1 34.1174 25.2187 -0.0950304 -0.00024382
1 35.2259 25.2187 -0.0958193 -0.000217462
1 36.3349 25.2187 -0.0860309 -0.000173499
1 37.4445 25.2187 -0.0865653 -0.00017831
1 38.5538 25.2187 -0.0887898 -3.69096e-05
1 39.6629 25.2187 -0.0967876 -0.000133871
1 40.7713 25.2187 -0.0959578 6.86425e-05
1 41.8805 25.2187 -0.0915169 0.000173813
1 42.9897 25.2187 -0.0945808 0.000195379
1 44.1057 25.2187 -0.094126 0.000196672
1 0.134382 26.1886 0.0939608 5.7264e-05
1 1.25031 26.1886 0.0937762 3.50334e-07
1 2.35957 26.1885 0.0915922 -0.000289332
1 3.46878 26.1885 0.0959016 -0.000521219
1 4.57709 26.1885 0.0958827 -0.000538852
1 5.68618 26.1885 0.0882458 -0.000677799
1 6.79541 26.1885 0.0859282 -0.000470857
1 7.90496 26.1885 0.0854185 -0.000457214
1 9.01401 26.1885 0.0961172 -0.000447686
1 10.1225 26.1885 0.0955791 -0.000454738
1 11.2312 26.1885 0.0960236 -0.000446701
1 12.3396 26.1885 0.0967085 -0.000427329
1 13.4493 26.1885 0.0686073 -0.000411215
1 14.5632 26.1886 0.0323543 -0.000398553
1 15.6809 26.1886 0.0111471 -0.000389014
1 16.8002 26.1886 0.00243535 -0.000390915
1 17.92 26.1886 0.000720654 -0.000395233
1 19.0399 26.1886 -0.000481575 -0.000392254
1 20.16 26.1886 -0.000583344 -0.000391089
1 21.2801 26.1886 -0.000530483 -0.000390704
1 22.4002 26.1886 0.000117137 -0.000390665
1 23.5202 26.1886 9.66506e-05 -0.00039095
1 24.6401 26.1886 0.000724856 -0.000390917
1 25.7601 26.1886 -0.000140535 -0.000386639
1 26.88 26.1886 -0.00153657 -0.000393688
1 27.9996 26.1885 -0.00526312 -0.000390209
1 29.1183 26.1886 -0.0194341 -0.000391893
1 30.2343 26.1885 -0.0495869 -0.000402034
1 31.3459 26.1886 -0.0859885 -0.000412267
1 32.4545 26.1886 -0.0988078 -0.000422021
1 33.563 26.1886 -0.0937535 -0.000447775
1 34.6716 26.1885 -0.0947674 -0.000484561
1 35.7805 26.1885 -0.0881668 -0.000500507
1 36.8901 26.1885 -0.0906742 -0.000508537
1 37.9986 26.1885 -0.0988537 -0.000537924
1 39.1075 26.1885 -0.0858381 -0.000445768
1 40.2171 26.1885 -0.0895935 -0.00052854
1 41.3258 26.1885 -0.0905323 -0.000598202
1 42.4354 26.1885 -0.0876691 -0.000511262
1 43.5477 26.1885 -0.0866217 -5.0953e-05
1 0.692348 27.1584 0.086438 7.40604e-05
1 1.80461 27.1584 0.0875736 0.000388536
1 2.91417 27.1584 0.0903702 0.000581441
1 4.02294 27.1584 0.0894662 0.000557444
1 5.13246 27.1584 0.0862513 0.000485307
1 6.24132 27.1584 0.0990147 0.000553236
1 7.34977 27.1584 0.0903372 0.000538073
1 8.45934 27.1584 0.0884182 0.000571542
1 9.56814 27.1584 0.0954026 0.000608811
1 10.6769 27.1584 0.0944467 0.000602452
1 11.7855 27.1584 0.0989262 0.000609609
1 12.8941 27.1584 0.0864414 0.000624358
1 14.0057 27.1584 0.0489558 0.000621869
1 15.1217 27.1584 0.019112 0.000612531
1 16.2404 27.1584 0.00467268 0.000613855
1 17.3601 27.1584 0.000705234 0.00060951
1 18.48 27.1584 0.000308104 0.00060749
1 19.6 27.1584 -0.000769644 0.000610562
1 20.7201 27.1584 -0.000595556 0.000612044
1 21.8401 27.1584 4.9218e-05 0.000610616
1 22.9602 27.1584 1.54482e-05 0.000610389
1 24.0802 27.1584 0.000760034 0.000610889
1 25.2001 27.1584 0.000791608 0.000611408
1 26.32 27.1584 -0.000377196 0.000606562
1 27.4398 27.1584 -0.00204857 0.000609058
1 28.5591 27.1584 -0.0101841 0.000615107
1 29.6767 27.1584 -0.0322507 0.000616865
1 30.7906 27.1584 -0.0685772 0.000628116
1 31.9003 27.1584 -0.0964281 0.000629375
1 33.0087 27.1584 -0.0955904 0.000613249
1 34.1174 27.1584 -0.0950657 0.000601182
1 35.2259 27.1584 -0.0958342 0.000587449
1 36.3349 27.1584 -0.0859725 0.000565915
1 37.4445 27.1584 -0.0865475 0.000486704
1 38.5538 27.1584 -0.0889669 0.00056266
1 39.6629 27.1584 -0.0969527 0.000491476
1 40.7713 27.1584 -0.0960205 0.000573728
1 41.8805 27.1584 -0.0914095 0.000369305
1 42.9897 27.1584 -0.0944882 5.55177e-06
1 44.1056 27.1583 -0.0942152 -0.00011062
1 0.134514 28.1283 0.0939448 -0.000215645
1 1.25039 28.1283 0.0937738 -0.000455279
1 2.35964 28.1283 0.0915742 -0.000419006
1 3.46883 28.1283 0.0959995 -8.22499e-05
1 4.57711 28.1282 0.0959499 0.000103092
1 5.6862 28.1282 0.0881201 -8.18054e-05
1 6.79543 28.1282 0.0859033 -3.80114e-05
1 7.90497 28.1283 0.0854737 -0.000147949
1 9.01402 28.1283 0.096134 -0.000130903
1 10.1225 28.1283 0.0955693 -0.00012346
1 11.2312 28.1283 0.09604 -0.000141416
1 12.3396 28.1283 0.0967541 -0.000158733
1 13.4493 28.1283 0.0686383 -0.000171132
1 14.5632 28.1283 0.0323565 -0.000184271
1 15.6809 28.1283 0.0111396 -0.000184574
1 16.8002 28.1282 0.00243463 -0.000190912
1 17.92 28.1283 0.000719695 -0.000193991
1 19.0399 28.1283 -0.000482248 -0.00018563
1 20.16 28.1283 -0.000580839 -0.000187757
1 21.2801 28.1283 -0.000534444 -0.000188439
1 22.4002 28.1283 0.000117034 -0.000184864
1 23.5202 28.1283 9.9493e-05 -0.000190869
1 24.6401 28.1283 0.000725835 -0.000190173
1 25.7601 28.1283 -0.000136295 -0.000192718
1 26.88 28.1282 -0.00153092 -0.000195814
1 27.9996 28.1282 -0.00526106 -0.000191678
1 29.1183 28.1283 -0.0194286 -0.000181028
1 30.2343 28.1283 -0.0495943 -0.000178025
1 31.3459 28.1283 -0.0860181 -0.000161745
1 32.4545 28.1283 -0.0988356 -0.000148504
1 33.563 28.1283 -0.0937704 -0.000125834
1 34.6716 28.1283 -0.0947941 -9.40023e-05
1 35.7805 28.1283 -0.0881672 -6.6778e-05
1 36.8901 28.1283 -0.0906571 -0.000104039
1 37.9986 28.1283 -0.0989505 -0.000168239
1 39.1075 28.1282 -0.0859985 -8.08171e-05
1 40.217 28.1282 -0.0896556 4.75158e-05
1 41.3258 28.1283 -0.0905548 -0.000115396
1 42.4354 28.1283 -0.0877908 -0.000102383
1 43.5476 28.1283 -0.0869434 -0.000216481
1 0.692505 29.0982 0.087063 0.000111086
1 1.8047 29.0982 0.0877072 0.000101384
1 2.91426 29.0982 0.0903399 0.000173481
1 4.02301 29.0982 0.0896906 -0.000125179
1 5.1325 29.0982 0.0864525 -0.000131385
1 6.24134 29.0982 0.099 1.754e-06
1 7.34979 29.0982 0.0903136 2.90941e-05
1 8.45935 29.0982 0.0884567 9.08552e-06
1 9.56815 29.0982 0.0954323 3.86319e-05
1 10.6769 29.0982 0.0944575 7.63141e-05
1 11.7855 29.0982 0.0989769 0.00011419
1 12.8941 29.0982 0.0864714 0.000142514
1 14.0057 29.0982 0.0489676 0.000155624
1 15.1217 29.0982 0.0191039 0.000160169
1 16.2404 29.0982 0.00467246 0.000160136
1 17.3601 29.0982 0.00070347 0.000158615
1 18.48 29.0982 0.00030255 0.00015507
1 19.6 29.0982 -0.000769061 0.00015999
1 20.7201 29.0982 -0.000597696 0.000165261
1 21.8401 29.0982 4.65009e-05 0.000159065
1 22.9602 29.0982 2.4898e-05 0.000155326
1 24.0802 29.0982 0.000769067 0.000158259
1 25.2001 29.0982 0.000791953 0.000160419
1 26.32 29.0982 -0.000374219 0.000157394
1 27.4398 29.0982 -0.00205655 0.000157106
1 28.5591 29.0982 -0.010195 0.000158624
1 29.6767 29.0982 -0.0322503 0.000158056
1 30.7906 29.0982 -0.0685993 0.000151494
1 31.9003 29.0982 -0.0964643 0.00012683
1 33.0087 29.0982 -0.0956269 9.94066e-05
1 34.1174 29.0982 -0.095048 8.68761e-05
1 35.2259 29.0982 -0.0958392 9.40206e-05
1 36.3349 29.0982 -0.0860171 8.01803e-05
1 37.4445 29.0982 -0.0865499 -8.693e-05
1 38.5537 29.0982 -0.0888138 -0.000155463
1 39.6629 29.0981 -0.0967159 -0.000236566
1 40.7713 29.0982 -0.0958023 0.000122842
1 41.8804 29.0982 -0.0913988 0.000415273
1 42.9897 29.0982 -0.0943902 0.000334142
1 44.1055 29.0982 -0.0939446 -6.77011e-06
1 0.134609 30.0681 0.0940384 -7.9965e-05
1 1.25047 30.0681 0.093658 -0.000410763
1 2.35971 30.068 0.0914487 -0.000767493
1 3.4689 30.068 0.096036 -0.00111611
1 4.57716 30.068 0.0960812 -0.00123203
1 5.68623 30.068 0.0882736 -0.00144331
1 6.79545 30.068 0.0859019 -0.00126132
1 7.905 30.068 0.0854398 -0.00126928
1 9.01405 30.068 0.0961768 -0.00129711
1 10.1225 30.068 0.0956397 -0.00129611
1 11.2313 30.068 0.0961119 -0.0012635
1 12.3396 30.068 0.0968167 -0.00121453
1 13.4493 30.068 0.0686653 -0.00119032
1 14.5632 30.068 0.0323545 -0.00117231
1 15.6809 30.068 0.0111351 -0.00116955
1 16.8002 30.068 0.00243063 -0.00117492
1 17.92 30.068 0.000715883 -0.00117004
1 19.0399 30.068 -0.000489782 -0.00116935
1 20.16 30.068 -0.000582817 -0.00117053
1 21.2801 30.068 -0.000532825 -0.00117073
1 22.4002 30.068 0.000125111 -0.00116901
1 23.5202 30.068 0.000103431 -0.0011712
1 24.6401 30.068 0.000725686 -0.00117292
1 25.7601 30.068 -0.000139697 -0.00116886
1 26.88 30.068 -0.00152851 -0.00117147
1 27.9996 30.068 -0.00526298 -0.00117827
1 29.1183 30.068 -0.0194308 -0.00117468
1 30.2343 30.068 -0.04961 -0.00117925
1 31.3459 30.068 -0.0860664 -0.00120758
1 32.4545 30.068 -0.0988969 -0.00123709
1 33.563 30.068 -0.0938074 -0.00126275
1 34.6716 30.068 -0.0948049 -0.00126724
1 35.7805 30.068 -0.0881664 -0.00127194
1 36.8901 30.068 -0.0906592 -0.00129777
1 37.9986 30.068 -0.0988952 -0.0013498
1 39.1075 30.068 -0.0858426 -0.00133338
1 40.217 30.068 -0.0895464 -0.00122865
1 41.3258 30.068 -0.0904364 -0.00111655
1 42.4354 30.0681 -0.0874382 -0.000781725
1 43.5476 30.0681 -0.0863246 -0.000402436
1 0.692468 31.038 0.0860197 -0.000830022
1 1.80473 31.038 0.0872054 -0.00114741
1 2.91429 31.0379 0.0901527 -0.00165536
1 4.02303 31.0379 0.0893805 -0.0022081
1 5.13253 31.0379 0.086361 -0.00242642
1 6.24137 31.0379 0.0991288 -0.00245072
1 7.34981 31.0379 0.0903381 -0.00241475
1 8.45938 31.0379 0.0884538 -0.00238548
1 9.56818 31.0379 0.0955296 -0.00228899
1 10.6769 31.0379 0.0946131 -0.00214675
1 11.7855 31.0379 0.0990924 -0.00200999
1 12.8941 31.0379 0.0865523 -0.0018842
1 14.0057 31.0379 0.0489911 -0.00178048
1 15.1217 31.0379 0.0191063 -0.00172245
1 16.2404 31.0379 0.00467272 -0.00170314
1 17.3601 31.0379 0.000702511 -0.00169626
1 18.48 31.0379 0.000301806 -0.0016946
1 19.6 31.0379 -0.000770159 -0.00169567
1 20.7201 31.0379 -0.000597043 -0.00169442
1 21.8401 31.0379 4.75307e-05 -0.00169583
1 22.9602 31.0379 2.1965e-05 -0.00169521
1 24.0802 31.0379 0.00076314 -0.00169629
1 25.2001 31.0379 0.000789396 -0.00169609
1 26.32 31.0379 -0.000373475 -0.00170127
1 27.4398 31.0379 -0.00205452 -0.00170465
1 28.5591 31.0379 -0.0101953 -0.00171882
1 29.6767 31.0379 -0.0322678 -0.00174754
1 30.7906 31.0379 -0.0686563 -0.00183245
1 31.9003 31.0379 -0.096563 -0.00195632
1 33.0087 31.0379 -0.0957069 -0.00207731
1 34.1174 31.0379 -0.0951508 -0.0022093
1 35.2258 31.0379 -0.0959369 -0.00234699
1 36.3349 31.0379 -0.0860822 -0.00242912
1 37.4445 31.0379 -0.0865394 -0.00248721
1 38.5537 31.0379 -0.0887795 -0.00234338
1 39.6629 31.0379 -0.0967706 -0.00237912
1 40.7712 31.0379 -0.0956644 -0.0020506
1 41.8804 31.0379 -0.0909666 -0.00165402
1 42.9896 31.038 -0.0940116 -0.00120037
1 44.1055 31.0381 -0.0935478 -0.000759544
1 0.13445 32.0078 0.0917589 -0.00325157
1 1.25038 32.0076 0.0920896 -0.00528585
1 2.35964 32.0074 0.0904516 -0.00729545
1 3.46884 32.0073 0.0950943 -0.00870684
1 4.57715 32.0073 0.0953291 -0.00947719
1 5.68625 32.0072 0.0879863 -0.0101225
1 6.79547 32.0072 0.0859177 -0.0103229
1 7.90502 32.0072 0.0855728 -0.0103418
1 9.01408 32.0073 0.0964146 -0.0101322
1 10.1225 32.0073 0.0959562 -0.00975671
1 11.2313 32.0073 0.0964368 -0.00935581
1 12.3396 32.0073 0.0970762 -0.00894081
1 13.4493 32.0074 0.0688136 -0.00852086
1 14.5632 32.0074 0.0324155 -0.00822644
1 15.6809 32.0074 0.0111544 -0.00809712
1 16.8002 32.0074 0.00243624 -0.00805562
1 17.92 32.0074 0.000716991 -0.0080424
1 19.0399 32.0074 -0.000474966 -0.00804042
1 20.1601 32.0074 -0.00058384 -0.00803417
1 21.2801 32.0074 -0.000534547 -0.00803638
1 22.4002 32.0074 0.000105674 -0.00804593
1 23.5202 32.0074 9.73698e-05 -0.0080487
1 24.6401 32.0074 0.000721866 -0.00805429
1 25.7601 32.0074 -0.00013497 -0.00805493
1 26.88 32.0074 -0.00152772 -0.00805888
1 27.9996 32.0074 -0.00527105 -0.00807974
1 29.1183 32.0074 -0.0194703 -0.00815314
1 30.2343 32.0074 -0.0497218 -0.00835942
1 31.3459 32.0074 -0.0862781 -0.00873978
1 32.4545 32.0073 -0.0991758 -0.00917761
1 33.5629 32.0073 -0.0940993 -0.00958254
1 34.6716 32.0073 -0.0951068 -0.00997971
1 35.7804 32.0072 -0.0884699 -0.0102557
1 36.8901 32.0072 -0.0907858 -0.0103868
1 37.9985 32.0072 -0.0986601 -0.0103825
1 39.1075 32.0072 -0.0854996 -0.00996054
1 40.217 32.0073 -0.0890854 -0.00930796
1 41.3258 32.0074 -0.089421 -0.00822936
1 42.4354 32.0075 -0.086216 -0.0063741
1 43.5476 32.0077 -0.0852425 -0.00404029
1 0.692152 32.9768 0.0819575 -0.0121392
1 1.80441 32.9762 0.0835525 -0.0172737
1 2.91404 32.9758 0.0871808 -0.021542
1 4.02287 32.9755 0.0872478 -0.0249056
1 5.13244 32.9753 0.084893 -0.0271197
1 6.24135 32.9752 0.098435 -0.0284134
1 7.34984 32.9752 0.0903547 -0.0290745
1 8.45943 32.9752 0.0888642 -0.0292226
1 9.56824 32.9753 0.096142 -0.0288497
1 10.677 32.9754 0.0952457 -0.0281649
1 11.7855 32.9755 0.0997005 -0.0273987
1 12.8941 32.9756 0.0870466 -0.0264515
1 14.0058 32.9756 0.0492719 -0.0255836
1 15.1217 32.9757 0.0192204 -0.0250987
1 16.2404 32.9757 0.00470499 -0.0249064
1 17.3601 32.9757 0.000710425 -0.0248652
1 18.48 32.9757 0.00030792 -0.0248431
1 19.6 32.9757 -0.000768858 -0.0248281
1 20.7201 32.9757 -0.000600335 -0.0248418
1 21.8401 32.9757 3.99619e-05 -0.0248414
1 22.9602 32.9757 1.04058e-05 -0.0248626
1 24.0802 32.9757 0.000754455 -0.024878
1 25.2001 32.9757 0.000786333 -0.0248758
1 26.32 32.9757 -0.000371987 -0.0248835
1 27.4398 32.9757 -0.00205292 -0.0249086
1 28.5591 32.9757 -0.0102449 -0.0249902
1 29.6767 32.9756 -0.0324556 -0.0253118
1 30.7906 32.9756 -0.0690572 -0.0260021
1 31.9003 32.9755 -0.0971458 -0.0269708
1 33.0086 32.9754 -0.0963707 -0.0278528
1 34.1173 32.9753 -0.0958227 -0.0285991
1 35.2258 32.9752 -0.096445 -0.029163
1 36.3348 32.9752 -0.0862438 -0.0292785
1 37.4444 32.9752 -0.0863043 -0.0291385
1 38.5538 32.9752 -0.087984 -0.0282393
1 39.663 32.9754 -0.0953033 -0.0266074
1 40.7714 32.9756 -0.0933912 -0.0239429
1 41.8807 32.9759 -0.0877017 -0.0199362
1 42.99 32.9765 -0.0895231 -0.015177
1 44.106 32.9769 -0.0869145 -0.0105176
1 0.132806 33.9451 0.0765918 -0.0262296
1 1.24926 33.944 0.0824986 -0.0321045
1 2.35878 33.9429 0.082946 -0.0395866
1 3.46822 33.942 0.0893189 -0.045864
1 4.57673 33.9414 0.0913885 -0.0506424
1 5.686 33.941 0.0853508 -0.0547003
1 6.79537 33.9407 0.0842886 -0.0575025
1 7.90504 33.9407 0.0848921 -0.0592185
1 9.01417 33.9407 0.0966518 -0.0599948
1 10.1226 33.9409 0.0967296 -0.0598053
1 11.2314 33.941 0.0972998 -0.0591755
1 12.3397 33.9412 0.0979792 -0.0581135
1 13.4494 33.9414 0.069564 -0.0566616
1 14.5633 33.9415 0.0328015 -0.0555337
1 15.6809 33.9415 0.0112848 -0.0549878
1 16.8002 33.9416 0.00247494 -0.0548202
1 17.92 33.9416 0.000747825 -0.0547862
1 19.0399 33.9416 -0.000467253 -0.0547674
1 20.16 33.9416 -0.000586437 -0.0547688
1 21.2801 33.9416 -0.000550785 -0.0547815
1 22.4002 33.9416 9.18475e-05 -0.0547993
1 23.5202 33.9416 7.8381e-05 -0.0548206
1 24.6401 33.9416 0.000720876 -0.0548233
1 25.7601 33.9416 -0.000151388 -0.0548159
1 26.88 33.9416 -0.00157397 -0.0548447
1 27.9996 33.9415 -0.00534947 -0.0549131
1 29.1182 33.9415 -0.0196923 -0.0552165
1 30.2342 33.9415 -0.050268 -0.0560495
1 31.3458 33.9413 -0.087165 -0.0574308
1 32.4543 33.9411 -0.100119 -0.0587713
1 33.5628 33.9409 -0.0949994 -0.0596546
1 34.6714 33.9408 -0.0957601 -0.0602231
1 35.7803 33.9406 -0.0885038 -0.0600136
1 36.89 33.9406 -0.0901333 -0.0588437
1 37.9986 33.9408 -0.0967225 -0.0570054
1 39.1077 33.9411 -0.0817845 -0.053874
1 40.2175 33.9416 -0.0838953 -0.0494374
1 41.3265 33.9423 -0.0830388 -0.0439137
1 42.4363 33.9433 -0.0782297 -0.0370486
1 43.5488 33.9445 -0.0753794 -0.0291244
1 0.689733 34.9104 0.0683567 -0.0502902
1 1.80237 34.9085 0.0720358 -0.0549615
1 2.91238 34.9068 0.0772141 -0.0607632
1 4.02159 34.9054 0.078778 -0.0668833
1 5.13155 34.9043 0.0773568 -0.0728257
1 6.24086 34.9036 0.0926791 -0.0779541
1 7.34965 34.9031 0.087006 -0.0821188
1 8.45942 34.9029 0.0870525 -0.0855092
1 9.56836 34.903 0.0954867 -0.0875997
1 10.6772 34.9031 0.0953497 -0.0884309
1 11.7857 34.9034 0.100322 -0.0884777
1 12.8943 34.9037 0.0879642 -0.0875395
1 14.0058 34.9039 0.0499772 -0.0861789
1 15.1217 34.904 0.0195558 -0.0853013
1 16.2404 34.904 0.00481505 -0.0849551
1 17.3601 34.904 0.0007193 -0.0848756
1 18.48 34.904 0.000284319 -0.0848459
1 19.6 34.904 -0.000786918 -0.0848496
1 20.7201 34.904 -0.000613435 -0.0848802
1 21.8401 34.904 3.59028e-05 -0.0848773
1 22.9602 34.904 2.20624e-05 -0.0848836
1 24.0802 34.904 0.000760139 -0.0848956
1 25.2001 34.904 0.00079117 -0.0848744
1 26.32 34.904 -0.000362134 -0.0848707
1 27.4398 34.904 -0.00206205 -0.084924
1 28.5591 34.904 -0.0104352 -0.0850972
1 29.6767 34.9039 -0.032976 -0.0856889
1 30.7905 34.9038 -0.0699333 -0.0868702
1 31.9001 34.9035 -0.0980086 -0.0882001
1 33.0084 34.9032 -0.0969338 -0.0887132
1 34.1171 34.903 -0.0958782 -0.0884002
1 35.2257 34.9029 -0.0953107 -0.087251
1 36.3349 34.9029 -0.083561 -0.0847338
1 37.4448 34.9032 -0.0823535 -0.0811326
1 38.5543 34.9037 -0.0825984 -0.0761759
1 39.6639 34.9046 -0.0876329 -0.0708443
1 40.7728 34.9058 -0.0835594 -0.0653096
1 41.8826 34.9073 -0.0763504 -0.0592802
1 42.9925 34.9091 -0.074206 -0.054264
1 44.11 34.9106 -0.0597753 -0.0537768
1 0.125806 35.8736 0.0465627 -0.0806328
1 1.2451 35.8727 0.0666585 -0.0692689
1 2.35566 35.8707 0.0717284 -0.0669599
1 3.46573 35.8687 0.079095 -0.0690958
1 4.57479 35.867 0.0819462 -0.0724056
1 5.68454 35.8655 0.0767875 -0.077395
1 6.79439 35.8644 0.0765412 -0.0827802
1 7.9045 35.8637 0.0784085 -0.0881782
1 9.01398 35.8633 0.0920606 -0.0927553
1 10.1227 35.8632 0.0942215 -0.0961221
1 11.2315 35.8633 0.0960797 -0.09833
1 12.3399 35.8636 0.0978485 -0.0991795
1 13.4495 35.8638 0.0701824 -0.0987588
1 14.5633 35.864 0.0333112 -0.0980383
1 15.6809 35.864 0.0114703 -0.0976157
1 16.8002 35.864 0.00251347 -0.097473
1 17.92 35.864 0.000751868 -0.0974263
1 19.0399 35.8641 -0.00051723 -0.0974459
1 20.16 35.864 -0.000635361 -0.0974601
1 21.2801 35.864 -0.000535377 -0.0974675
1 22.4002 35.864 0.000133352 -0.0974631
1 23.5202 35.864 0.000105056 -0.0974355
1 24.6401 35.864 0.000767829 -0.0974326
1 25.7601 35.864 -0.000135334 -0.0974021
1 26.88 35.864 -0.00165793 -0.0974317
1 27.9996 35.864 -0.00549793 -0.0975139
1 29.1182 35.864 -0.0200264 -0.0977823
1 30.2341 35.8639 -0.050888 -0.0983905
1 31.3457 35.8637 -0.0875926 -0.0991445
1 32.4542 35.8634 -0.0995474 -0.0991221
1 33.5627 35.8632 -0.0933642 -0.0977292
1 34.6715 35.8631 -0.092693 -0.0951408
1 35.7806 35.8633 -0.0837421 -0.0912707
1 36.8907 35.8638 -0.0836373 -0.086367
1 37.9997 35.8647 -0.0879363 -0.0812641
1 39.1094 35.8659 -0.0718643 -0.0758755
1 40.2197 35.8674 -0.0738864 -0.070774
1 41.3292 35.8693 -0.072846 -0.0679158
1 42.4396 35.8714 -0.067454 -0.0677621
1 43.5527 35.8733 -0.0626053 -0.0736068
1 0.684654 36.8348 0.0589464 -0.0904089
1 1.79815 36.8342 0.0650345 -0.0743089
1 2.90872 36.8324 0.0703124 -0.0679977
1 4.01839 36.8303 0.0704947 -0.0674934
1 5.12888 36.8284 0.0677237 -0.0703541
1 6.23878 36.8267 0.0824963 -0.0737096
1 7.34813 36.8253 0.0776785 -0.0779834
1 8.45842 36.8243 0.0787667 -0.0831734
1 9.56781 36.8237 0.0889055 -0.0881263
1 10.677 36.8234 0.0909421 -0.0922022
1 11.7857 36.8235 0.0979275 -0.0948622
1 12.8944 36.8237 0.0874343 -0.0958235
1 14.0059 36.8238 0.0502954 -0.095631
1 15.1218 36.8239 0.0198864 -0.0952859
1 16.2404 36.8239 0.00498364 -0.0951062
1 17.3601 36.8239 0.000737402 -0.0950471
1 18.48 36.8239 0.00024911 -0.0950224
1 19.6 36.8239 -0.00078422 -0.0950125
1 20.72 36.8239 -0.000619623 -0.0950202
1 21.8401 36.8239 2.22654e-05 -0.0950025
1 22.9602 36.8239 5.14671e-05 -0.0949891
1 24.0802 36.8239 0.000770556 -0.0949849
1 25.2001 36.8239 0.000782237 -0.0949841
1 26.32 36.8239 -0.000360846 -0.0949975
1 27.4398 36.8239 -0.00208807 -0.0950256
1 28.5591 36.8239 -0.0106724 -0.095132
1 29.6766 36.8238 -0.0334186 -0.0954395
1 30.7904 36.8237 -0.0700821 -0.0958504
1 31.9 36.8235 -0.0968016 -0.0957371
1 33.0085 36.8234 -0.0938882 -0.0940955
1 34.1174 36.8234 -0.090811 -0.0908345
1 35.2263 36.8238 -0.087815 -0.0864744
1 36.336 36.8245 -0.0743687 -0.0814439
1 37.4465 36.8256 -0.0725506 -0.0761433
1 38.5567 36.8272 -0.0733949 -0.0716328
1 39.6668 36.829 -0.0794697 -0.0690597
1 40.7762 36.8309 -0.0762984 -0.0682465
1 41.8867 36.8328 -0.0689838 -0.0705606
1 42.9982 36.8341 -0.0635354 -0.0811014
1 44.12 36.8332 -0.0430925 -0.102204
1 0.115062 37.7923 0.0498286 -0.111238
1 1.23847 37.7952 0.0607651 -0.0930587
1 2.35079 37.7952 0.0668219 -0.0777565
1 3.46156 37.7937 0.0740304 -0.0716697
1 4.57109 37.7917 0.0758548 -0.0698583
1 5.68123 37.7897 0.0696267 -0.070662
1 6.79156 37.7877 0.0676692 -0.073437
1 7.9023 37.7861 0.0685692 -0.0778175
1 9.01247 37.7849 0.0826958 -0.0824835
1 10.1218 37.7841 0.0868169 -0.0874724
1 11.2311 37.7838 0.0909291 -0.0919024
1 12.3398 37.7837 0.0951276 -0.0946853
1 13.4495 37.7838 0.0695864 -0.0957555
1 14.5634 37.7839 0.0334557 -0.0958141
1 15.6809 37.7839 0.0115665 -0.0956871
1 16.8002 37.7839 0.00251293 -0.0956406
1 17.92 37.7839 0.000772928 -0.0955984
1 19.0399 37.7839 -0.000511195 -0.0955717
1 20.16 37.7839 -0.000676922 -0.0955534
1 21.2801 37.7839 -0.000486586 -0.0955309
1 22.4002 37.7839 0.000158656 -0.09551
1 23.5202 37.7839 0.000143189 -0.095502
1 24.6401 37.7839 0.000850636 -0.0955241
1 25.7601 37.7839 -0.000106001 -0.0955147
1 26.88 37.7839 -0.00174324 -0.0955684
1 27.9995 37.7839 -0.00561478 -0.0956338
1 29.1182 37.7839 -0.0202427 -0.0957323
1 30.2341 37.7838 -0.0509175 -0.0958703
1 31.3456 37.7837 -0.0862873 -0.0955679
1 32.4543 37.7837 -0.0958104 -0.0938682
1 33.5633 37.7838 -0.0872929 -0.0903782
1 34.6726 37.7843 -0.084518 -0.0855054
1 35.7823 37.7853 -0.0744905 -0.0804644
1 36.893 37.7866 -0.0740398 -0.0758899
1 38.0027 37.7883 -0.0784532 -0.072606
1 39.1129 37.7902 -0.0643931 -0.0705122
1 40.2236 37.7922 -0.0692617 -0.0695286
1 41.3334 37.7941 -0.0693206 -0.0738244
1 42.4444 37.795 -0.0623642 -0.0854033
1 43.5586 37.7936 -0.0540392 -0.105307
1 0.677536 38.7528 0.0485106 -0.107157
1 1.79255 38.7563 0.0567802 -0.0881881
1 2.90399 38.7568 0.0666508 -0.0728149
1 4.01397 38.7553 0.0674004 -0.0650702
1 5.12466 38.7532 0.0628958 -0.0648718
1 6.23495 38.751 0.0758635 -0.0663036
1 7.34482 38.749 0.070054 -0.0686868
1 8.45575 38.7472 0.070245 -0.0720225
1 9.5659 38.7458 0.0799764 -0.0763037
1 10.6758 38.7449 0.0830643 -0.0813807
1 11.7852 38.7444 0.0922704 -0.0857632
1 12.8943 38.7442 0.0847539 -0.0886649
1 14.0059 38.7442 0.049727 -0.0899044
1 15.1218 38.7442 0.0199663 -0.0901751
1 16.2404 38.7442 0.00510513 -0.0901536
1 17.3601 38.7442 0.000787976 -0.0901463
1 18.48 38.7442 0.000278877 -0.0901475
1 19.6 38.7442 -0.000720009 -0.0901054
1 20.72 38.7442 -0.000583652 -0.0900826
1 21.8401 38.7442 1.77995e-05 -0.0900176
1 22.9602 38.7442 4.8455e-05 -0.0900083
1 24.0802 38.7442 0.000727545 -0.0900182
1 25.2001 38.7442 0.000726007 -0.0900726
1 26.32 38.7442 -0.00040056 -0.0901279
1 27.4398 38.7442 -0.00211789 -0.0901214
1 28.559 38.7442 -0.0108162 -0.0901132
1 29.6766 38.7442 -0.0334273 -0.0901105
1 30.7904 38.7442 -0.0688927 -0.0895792
1 31.9002 38.7442 -0.0929218 -0.0877017
1 33.0092 38.7445 -0.0873114 -0.0841199
1 34.1188 38.7452 -0.0823858 -0.0793084
1 35.2285 38.7463 -0.0786058 -0.0744738
1 36.339 38.7478 -0.0657321 -0.0705672
1 37.45 38.7496 -0.0655122 -0.0668017
1 38.5606 38.7518 -0.0686628 -0.0647367
1 39.6709 38.7539 -0.0760214 -0.0648865
1 40.7806 38.7557 -0.0738914 -0.0686588
1 41.8918 38.7562 -0.0663357 -0.0785391
1 43.0049 38.7544 -0.0639597 -0.0964356
1 44.1286 38.7499 -0.0676762 -0.108465
1 0.109002 39.7095 0.0775156 -0.101073
1 1.23174 39.715 0.0634147 -0.0983074
1 2.34514 39.7184 0.0643492 -0.0849694
1 3.45658 39.7189 0.0721674 -0.0719151
1 4.56631 39.7174 0.0740881 -0.0661338
1 5.67663 39.7151 0.0663242 -0.0644263
1 6.78732 39.7126 0.06255 -0.066397
1 7.89861 39.7104 0.0619802 -0.0697653
1 9.00949 39.7085 0.0746825 -0.07276
1 10.1196 39.707 0.0780327 -0.0766568
1 11.2298 39.7059 0.0827212 -0.0811895
1 12.3392 39.7053 0.0892892 -0.0853683
1 13.4494 39.7051 0.0671635 -0.0882088
1 14.5634 39.705 0.0329237 -0.0892736
1 15.6809 39.705 0.0114719 -0.0894921
1 16.8002 39.705 0.00248161 -0.0895157
1 17.92 39.705 0.000816287 -0.0895247
1 19.0399 39.705 -0.00045723 -0.0894856
1 20.16 39.705 -0.000618928 -0.0894431
1 21.2801 39.705 -0.000420389 -0.0893785
1 22.4002 39.705 0.000184164 -0.0893383
1 23.5202 39.705 0.000106212 -0.0893699
1 24.6401 39.705 0.000828049 -0.0894342
1 25.7601 39.705 -0.000126623 -0.0894525
1 26.88 39.705 -0.00181095 -0.0894918
1 27.9995 39.705 -0.00563973 -0.0894868
1 29.1181 39.705 -0.0201182 -0.0894274
1 30.2341 39.705 -0.0498236 -0.0889678
1 31.3459 39.7051 -0.082498 -0.0872246
1 32.4551 39.7055 -0.0887177 -0.083675
1 33.5649 39.7063 -0.0786201 -0.0792299
1 34.6751 39.7075 -0.0760436 -0.0747896
1 35.7856 39.7092 -0.0672235 -0.0712044
1 36.8968 39.7112 -0.0678652 -0.068089
1 38.0069 39.7135 -0.0736881 -0.0652636
1 39.1173 39.7158 -0.0615804 -0.064357
1 40.2281 39.7178 -0.0668014 -0.0659855
1 41.3383 39.7184 -0.0643725 -0.0772235
1 42.4506 39.7164 -0.0542283 -0.0922528
1 43.5662 39.7116 -0.0513038 -0.0990187
1 0.669814 40.6724 0.0544927 -0.0915238
1 1.78544 40.6771 0.0529533 -0.0972728
1 2.89821 40.6803 0.0621229 -0.0871647
1 4.00885 40.6804 0.0666027 -0.0742494
1 5.1196 40.6786 0.0610792 -0.0692413
1 6.23004 40.676 0.0716921 -0.0702889
1 7.34034 40.6733 0.064703 -0.0730029
1 8.45187 40.6709 0.0644228 -0.0761365
1 9.56275 40.6689 0.0726489 -0.0793876
1 10.6736 40.6673 0.0743094 -0.0832469
1 11.7839 40.6661 0.0838401 -0.0876283
1 12.8937 40.6655 0.0790701 -0.0921597
1 14.0058 40.6652 0.0475281 -0.0951083
1 15.1218 40.6652 0.0195132 -0.0961575
1 16.2404 40.6652 0.00499594 -0.0963159
1 17.3601 40.6652 0.000731085 -0.0963517
1 18.48 40.6652 0.000283171 -0.0963911
1 19.6 40.6652 -0.000644262 -0.0963838
1 20.72 40.6652 -0.000490841 -0.0963415
1 21.8401 40.6652 6.5091e-05 -0.0962487
1 22.9602 40.6652 2.35006e-05 -0.0962285
1 24.0802 40.6652 0.000681373 -0.0962545
1 25.2001 40.6652 0.000743339 -0.096328
1 26.32 40.6652 -0.000360905 -0.0963606
1 27.4398 40.6652 -0.00199453 -0.0963514
1 28.559 40.6652 -0.0106337 -0.0962223
1 29.6766 40.6652 -0.0325297 -0.0958128
1 30.7906 40.6653 -0.0653464 -0.0940269
1 31.9011 40.6657 -0.0857064 -0.0901589
1 33.0109 40.6666 -0.0785474 -0.0854813
1 34.1215 40.6679 -0.0741647 -0.081447
1 35.2319 40.6697 -0.0716798 -0.0778991
1 36.3431 40.6718 -0.059518 -0.0742799
1 37.4547 40.6743 -0.0608325 -0.0698345
1 38.5654 40.6772 -0.066816 -0.0677045
1 39.6756 40.6794 -0.0758159 -0.0710508
1 40.7854 40.6803 -0.0727858 -0.0807257
1 41.8971 40.6785 -0.0625304 -0.0929489
1 43.0103 40.6743 -0.0659034 -0.0960105
1 44.131 40.67 -0.0812371 -0.0867126
1 0.106949 41.6329 0.0769596 -0.0713371
1 1.2266 41.6359 0.0685482 -0.0817037
1 2.33978 41.6398 0.0631543 -0.0867129
1 3.45205 41.6426 0.0731173 -0.0766919
1 4.56176 41.6427 0.0792016 -0.0645477
1 5.67165 41.6401 0.0698847 -0.0594595
1 6.78223 41.6368 0.0611649 -0.0616855
1 7.89396 41.6337 0.0576073 -0.0666891
1 9.00553 41.6312 0.0690901 -0.0707379
1 10.1165 41.6291 0.0710913 -0.0742111
1 11.2276 41.6274 0.0741656 -0.077672
1 12.338 41.6263 0.0807626 -0.0821433
1 13.4489 41.6256 0.0619957 -0.0869011
1 14.5633 41.6254 0.0310118 -0.0895575
1 15.6809 41.6253 0.0110123 -0.0904307
1 16.8002 41.6253 0.00240303 -0.090613
1 17.92 41.6253 0.000808209 -0.090681
1 19.0399 41.6253 -0.000336291 -0.0906994
1 20.16 41.6253 -0.000495177 -0.0906674
1 21.2801 41.6253 -0.000358565 -0.0906016
1 22.4002 41.6253 0.000121975 -0.0905647
1 23.5202 41.6253 3.91996e-05 -0.0905809
1 24.6402 41.6253 0.000801121 -0.0905818
1 25.7601 41.6254 -5.81356e-05 -0.0905532
1 26.88 41.6253 -0.00168523 -0.0905845
1 27.9995 41.6254 -0.00544515 -0.0905406
1 29.1182 41.6254 -0.0193029 -0.0901511
1 30.2343 41.6255 -0.0466601 -0.0885521
1 31.3467 41.6258 -0.075491 -0.0847752
1 32.4568 41.6267 -0.079704 -0.0797517
1 33.5676 41.6281 -0.0709145 -0.0759366
1 34.6785 41.6299 -0.069953 -0.07245
1 35.7898 41.6323 -0.0614836 -0.0679698
1 36.9017 41.6351 -0.0634816 -0.0632818
1 38.012 41.6384 -0.073205 -0.0597833
1 39.1222 41.6413 -0.0636383 -0.0619048
1 40.2329 41.6426 -0.0662345 -0.0690049
1 41.3439 41.6412 -0.0611568 -0.0822158
1 42.4569 41.6374 -0.0572772 -0.0841567
1 43.5718 41.6338 -0.0614561 -0.075492
1 0.666507 42.5974 0.07252 -0.0718698
1 1.78121 42.5997 0.0680252 -0.0810095
1 2.89386 42.6036 0.0650275 -0.0857846
1 4.00529 42.6063 0.0694182 -0.0758873
1 5.11609 42.6055 0.0703038 -0.0605754
1 6.22576 42.6021 0.0804299 -0.0568984
1 7.33563 42.5979 0.0670714 -0.0614348
1 8.44741 42.5944 0.0618204 -0.0679716
1 9.55893 42.5916 0.0678737 -0.0736605
1 10.6705 42.5895 0.0679421 -0.077112
1 11.7818 42.5879 0.0752406 -0.0801989
1 12.8926 42.5868 0.0709811 -0.0848727
1 14.0054 42.5863 0.0432808 -0.0888483
1 15.1217 42.5861 0.0181907 -0.0909752
1 16.2404 42.5861 0.00498016 -0.0916339
1 17.36 42.5861 0.00103747 -0.0916415
1 18.48 42.5861 0.000441706 -0.0916793
1 19.6 42.586 -0.000512707 -0.0916162
1 20.72 42.586 -0.000386086 -0.0914931
1 21.8401 42.586 6.83696e-05 -0.0915513
1 22.9602 42.5861 -0.00014978 -0.091611
1 24.0802 42.5861 0.00030659 -0.0915629
1 25.2001 42.5861 0.000521967 -0.091627
1 26.3201 42.5861 -0.000379711 -0.0915082
1 27.4398 42.5861 -0.00192142 -0.0914621
1 28.5591 42.5861 -0.0100284 -0.0913583
1 29.6768 42.5862 -0.0300713 -0.090247
1 30.7913 42.5865 -0.059195 -0.0870506
1 31.9026 42.5873 -0.0768415 -0.0824242
1 33.0135 42.5886 -0.0711434 -0.0784471
1 34.1248 42.5905 -0.068627 -0.0754295
1 35.2361 42.5929 -0.0661491 -0.070296
1 36.3479 42.5961 -0.0565931 -0.0634809
1 37.4595 42.5999 -0.0657741 -0.0587977
1 38.5696 42.6038 -0.0756213 -0.0588755
1 39.6794 42.6058 -0.0801618 -0.0705867
1 40.7898 42.6047 -0.0696015 -0.0815661
1 41.9023 42.6014 -0.0617486 -0.0819195
1 43.0147 42.5982 -0.0674185 -0.073514
1 44.1345 42.5958 -0.0664194 -0.0661847
1 0.104187 43.5595 0.0669371 -0.0762627
1 1.22462 43.5603 0.0665391 -0.0779085
1 2.33693 43.5633 0.0678639 -0.0819264
1 3.4489 43.567 0.0733175 -0.0839621
1 4.55953 43.5692 0.0785582 -0.0737359
1 5.66962 43.5677 0.0780849 -0.0577958
1 6.77939 43.5632 0.0735849 -0.0509587
1 7.89029 43.5581 0.0655779 -0.0574048
1 9.0017 43.5539 0.0702939 -0.0670537
1 10.113 43.5511 0.0683203 -0.0746157
1 11.2248 43.549 0.0686597 -0.0788116
1 12.3361 43.5475 0.0723976 -0.082702
1 13.448 43.5466 0.0549353 -0.0878164
1 14.563 43.5462 0.027844 -0.0914977
1 15.6808 43.546 0.0102095 -0.0931708
1 16.8002 43.546 0.0023919 -0.0936638
1 17.92 43.546 0.000931526 -0.0935374
1 19.0399 43.546 -0.000188934 -0.0933636
1 20.16 43.546 -0.000505464 -0.093414
1 21.2801 43.546 -0.000145939 -0.093414
1 22.4002 43.546 0.000100556 -0.0933252
1 23.5202 43.546 -7.84008e-05 -0.0934258
1 24.6401 43.546 0.000591931 -0.0934682
1 25.7601 43.5461 -0.000437047 -0.093439
1 26.88 43.5461 -0.00191169 -0.0933834
1 27.9996 43.5461 -0.00502102 -0.0933153
1 29.1183 43.5461 -0.0173326 -0.0924408
1 30.2348 43.5463 -0.0414679 -0.0898738
1 31.348 43.5469 -0.0670898 -0.0852188
1 32.4592 43.5482 -0.0726049 -0.080451
1 33.5707 43.55 -0.0667718 -0.0768383
1 34.6823 43.5524 -0.0669388 -0.0703615
1 35.794 43.556 -0.0633498 -0.0609819
1 36.9055 43.5606 -0.0753222 -0.055324
1 38.0147 43.5653 -0.0877742 -0.0557868
1 39.1246 43.5684 -0.0693558 -0.0655883
1 40.2361 43.568 -0.0663979 -0.0802189
1 41.3479 43.5648 -0.0653018 -0.0841469
1 42.4601 43.5616 -0.0677351 -0.0782472
1 43.5743 43.5597 -0.0655254 -0.0745678
1 0.665677 44.5214 0.0603751 -0.074378
1 1.77965 44.5241 0.0643489 -0.0723819
1 2.89134 44.5278 0.0643856 -0.0801462
1 4.00314 44.5315 0.0655462 -0.0799959
1 5.11487 44.5327 0.0714625 -0.0671951
1 6.22507 44.53 0.0855235 -0.0504138
1 7.33481 44.5245 0.0790114 -0.0448187
1 8.44567 44.5187 0.0746217 -0.0504415
1 9.5564 44.5141 0.0749452 -0.0615738
1 10.6678 44.5111 0.0692509 -0.0707381
1 11.7794 44.509 0.0707208 -0.0760418
1 12.8911 44.5076 0.0634916 -0.0809791
1 14.0047 44.5069 0.0382062 -0.0857586
1 15.1215 44.5066 0.0157368 -0.0885962
1 16.2404 44.5065 0.00413027 -0.0896562
1 17.3601 44.5065 0.000757378 -0.0897964
1 18.48 44.5065 0.000363681 -0.0896796
1 19.6 44.5065 -0.000351007 -0.0895191
1 20.7201 44.5064 -0.000258215 -0.0894301
1 21.8401 44.5064 8.67006e-05 -0.0894995
1 22.9602 44.5065 -8.85927e-05 -0.0895132
1 24.0802 44.5065 0.00029015 -0.0894747
1 25.2001 44.5065 0.000439284 -0.0895801
1 26.32 44.5066 -0.00042916 -0.0897531
1 27.4398 44.5066 -0.00183287 -0.0896541
1 28.5592 44.5066 -0.00860205 -0.0891034
1 29.6772 44.5067 -0.0258469 -0.0872426
1 30.7924 44.5072 -0.0521771 -0.0833491
1 31.9046 44.5082 -0.0702057 -0.078272
1 33.0161 44.5099 -0.0692916 -0.0734843
1 34.1276 44.5125 -0.0711759 -0.0660603
1 35.2387 44.5164 -0.0750633 -0.0548335
1 36.3495 44.5217 -0.0737217 -0.0478542
1 37.4601 44.5271 -0.0785267 -0.0501328
1 38.5706 44.5311 -0.0733642 -0.0582467
1 39.682 44.5318 -0.0754242 -0.0751923
1 40.7933 44.5291 -0.0715362 -0.0809478
1 41.9057 44.5258 -0.0668639 -0.0732192
1 43.0179 44.5228 -0.072507 -0.0732101
1 44.1388 44.521 -0.0687774 -0.0787641
1 0.0984067 45.4796 0.0747546 -0.0788869
1 1.22048 45.4846 0.069829 -0.0794499
1 2.33265 45.4891 0.0715706 -0.0778038
1 3.44495 45.4922 0.0689588 -0.0821113
1 4.55741 45.4954 0.071094 -0.0843444
1 5.66911 45.4957 0.0747624 -0.0651191
1 6.78035 45.4912 0.0723139 -0.049576
1 7.89189 45.485 0.073298 -0.0483214
1 9.00248 45.4791 0.0850144 -0.0526108
1 10.1124 45.4743 0.0815846 -0.0621525
1 11.2232 45.471 0.0749481 -0.0723098
1 12.3344 45.4689 0.0702656 -0.0802647
1 13.447 45.4676 0.0496235 -0.0867719
1 14.5625 45.4671 0.0243283 -0.0910584
1 15.6807 45.4669 0.00867955 -0.0932087
1 16.8002 45.4668 0.00190617 -0.0937616
1 17.92 45.4668 0.000754327 -0.0938197
1 19.04 45.4668 -0.000233768 -0.0937136
1 20.1601 45.4668 -0.000530291 -0.0934745
1 21.2801 45.4668 -3.58254e-05 -0.0934128
1 22.4002 45.4668 5.05061e-05 -0.0934597
1 23.5202 45.4668 -0.000194227 -0.0934051
1 24.6401 45.4669 0.0004933 -0.0934806
1 25.7601 45.4669 -0.000266846 -0.0938777
1 26.88 45.4669 -0.00148891 -0.0938283
1 27.9997 45.4669 -0.00436186 -0.0934891
1 29.1186 45.467 -0.0149806 -0.0922146
1 30.2356 45.4673 -0.0364525 -0.0888838
1 31.3494 45.4681 -0.0621405 -0.0834157
1 32.461 45.4698 -0.0742143 -0.076239
1 33.572 45.4726 -0.076199 -0.0669299
1 34.6825 45.4767 -0.0811449 -0.0561537
1 35.7929 45.4822 -0.078066 -0.0508832
1 36.904 45.488 -0.0791017 -0.0526044
1 38.0146 45.4929 -0.0802908 -0.0570557
1 39.1263 45.4953 -0.0662818 -0.0723656
1 40.239 45.4932 -0.0668934 -0.0880496
1 41.3513 45.4898 -0.0654814 -0.0815441
1 42.4635 45.487 -0.0650759 -0.0752381
1 43.5771 45.4829 -0.0667324 -0.0782397
1 0.659124 46.4428 0.06303 -0.0769859
1 1.77265 46.4501 0.065889 -0.0743533
1 2.88563 46.4534 0.0634849 -0.0809675
1 3.99932 46.4569 0.0610458 -0.0842537
1 5.11307 46.4596 0.0649588 -0.0742649
1 6.2257 46.4574 0.0759011 -0.0539193
1 7.33775 46.4516 0.072581 -0.0474702
1 8.44961 46.4456 0.0778621 -0.0492904
1 9.55986 46.4403 0.0878359 -0.0513735
1 10.6695 46.4354 0.0873662 -0.0570222
1 11.7794 46.4317 0.0833266 -0.0667689
1 12.8903 46.4294 0.0653878 -0.0772155
1 14.0041 46.4282 0.0354632 -0.0855168
1 15.1212 46.4277 0.0139779 -0.0897731
1 16.2403 46.4276 0.0037376 -0.0910878
1 17.36 46.4276 0.000528917 -0.0915583
1 18.48 46.4276 8.88751e-05 -0.0915079
1 19.6 46.4275 -0.000531152 -0.0914246
1 20.7201 46.4275 -0.000439523 -0.0911127
1 21.8401 46.4275 -4.28465e-05 -0.0911873
1 22.9601 46.4276 5.70219e-05 -0.0911264
1 24.0801 46.4276 0.000548744 -0.0912301
1 25.2 46.4276 0.000453287 -0.0913148
1 26.32 46.4277 -0.000288463 -0.0916619
1 27.4399 46.4277 -0.00151564 -0.0915047
1 28.5593 46.4277 -0.00784564 -0.0904877
1 29.6776 46.4279 -0.023621 -0.0878404
1 30.7932 46.4287 -0.0505416 -0.0816264
1 31.9052 46.4304 -0.0766262 -0.0715962
1 33.0154 46.4335 -0.085181 -0.0610402
1 34.1251 46.4378 -0.0866375 -0.053531
1 35.2351 46.443 -0.0844769 -0.0509026
1 36.3461 46.4485 -0.0758195 -0.0493042
1 37.4582 46.4543 -0.071018 -0.0494406
1 38.571 46.4583 -0.0674855 -0.0654117
1 39.6842 46.4575 -0.073612 -0.0854591
1 40.7969 46.4541 -0.0725619 -0.0783131
1 41.9101 46.4519 -0.070259 -0.0741352
1 43.0229 46.4479 -0.0715048 -0.0791257
1 44.1435 46.4394 -0.0742687 -0.0807122
1 0.089373 47.3988 0.0723015 -0.0740852
1 1.20965 47.4151 0.0718047 -0.085743
1 2.3256 47.4195 0.0676969 -0.0728904
1 3.43968 47.4214 0.0756186 -0.0855813
1 4.55401 47.4264 0.0623394 -0.0876089
1 5.66953 47.4269 0.0623897 -0.0607598
1 6.78396 47.4221 0.0645281 -0.0501836
1 7.89717 47.4163 0.0719814 -0.0503404
1 9.00823 47.4109 0.0865569 -0.0522161
1 10.118 47.4061 0.0890424 -0.0549337
1 11.2274 47.4015 0.0930548 -0.0559976
1 12.3363 47.3975 0.0879731 -0.0633057
1 13.4474 47.3948 0.0571931 -0.0757078
1 14.5625 47.3935 0.0255619 -0.0853657
1 15.6806 47.393 0.00847963 -0.0901577
1 16.8001 47.3929 0.00168662 -0.0916826
1 17.92 47.3929 0.000425154 -0.0917624
1 19.04 47.3929 -0.000530364 -0.0917
1 20.1601 47.3929 -0.000516701 -0.0915805
1 21.2801 47.3929 -0.000602999 -0.0915327
1 22.4002 47.3929 0.000139289 -0.0915381
1 23.5202 47.393 0.000265068 -0.091497
1 24.6401 47.393 0.00078859 -0.0916196
1 25.7601 47.393 4.89586e-05 -0.0917482
1 26.88 47.393 -0.000949657 -0.0916679
1 27.9997 47.3931 -0.00420122 -0.091188
1 29.1187 47.3933 -0.0153889 -0.0882254
1 30.2355 47.3941 -0.0403615 -0.0809266
1 31.3485 47.396 -0.0746807 -0.0690798
1 32.4581 47.3995 -0.093554 -0.0583592
1 33.567 47.4038 -0.0896862 -0.0547429
1 34.6767 47.4085 -0.0863948 -0.0540018
1 35.7872 47.4136 -0.0785685 -0.051372
1 36.8996 47.4191 -0.0672714 -0.0512456
1 38.0133 47.4241 -0.0681805 -0.0569153
1 39.1278 47.426 -0.0623184 -0.0751071
1 40.243 47.423 -0.0633084 -0.0854716
1 41.3571 47.4201 -0.0707117 -0.0733483
1 42.4717 47.4179 -0.0677627 -0.0776042
1 43.5892 47.4106 -0.06608 -0.0782956
