1 0.561977 0.106761 -0.0492739 -0.0718393
1 1.68014 0.101709 -0.049923 -0.0646155
1 2.79476 0.0964486 -0.0424576 -0.0700861
1 3.90867 0.0933823 -0.0324196 -0.0737303
1 5.02351 0.0895161 -0.0436362 -0.0802687
1 6.14043 0.0883883 -0.0483441 -0.0864343
1 7.25883 0.0874159 -0.0421329 -0.0681253
1 8.37786 0.0865776 -0.0377205 -0.0564699
1 9.49613 0.0907483 -0.0376038 -0.0528258
1 10.6143 0.0995617 -0.0395608 -0.0494626
1 11.732 0.11169 -0.0474609 -0.0688913
1 12.8491 0.124855 -0.0350961 -0.0808218
1 13.9664 0.134765 -0.0160369 -0.0657751
1 15.0838 0.142354 0.00230744 -0.0269889
1 16.203 0.147342 0.010009 0.0179027
1 17.3257 0.149672 0.012016 0.0286583
1 18.451 0.150506 0.0263572 0.0290545
1 19.5791 0.151038 0.0398061 0.0446802
1 20.7082 0.153784 0.0346875 0.0502285
1 21.8373 0.156487 0.00901887 0.0414844
1 22.9667 0.155042 -0.0228784 0.0452336
1 24.0953 0.152259 -0.0422189 0.0508936
1 25.2238 0.151461 -0.0308333 0.034711
1 26.3512 0.150731 -0.0133871 0.0255296
1 27.4758 0.14956 -0.00844361 0.0291632
1 28.597 0.146592 -0.0108379 -0.00179835
1 29.7148 0.139138 0.000418749 -0.0491516
1 30.832 0.129624 0.0197758 -0.0763672
1 31.9493 0.117165 0.0402588 -0.0867703
1 33.067 0.103027 0.0494437 -0.0618447
1 34.1856 0.0943251 0.042649 -0.0402764
1 35.3038 0.089759 0.0366061 -0.0486165
1 36.4217 0.0887994 0.0347234 -0.056498
1 37.54 0.0902016 0.0387637 -0.0756936
1 38.6568 0.090159 0.0451638 -0.0925213
1 39.7729 0.0903146 0.046127 -0.081208
1 40.8885 0.0944091 0.0479062 -0.0684796
1 42.0039 0.0984198 0.0535805 -0.0681572
1 43.1203 0.103808 0.0446973 -0.0625949
1 44.2412 0.120614 0.0407599 -0.0792621
1 0.00688123 1.08027 -0.0436073 -0.0691346
1 1.12694 1.0718 -0.0530595 -0.0612532
1 2.24094 1.06639 -0.0484838 -0.0669753
1 3.35402 1.06257 -0.0416215 -0.0677174
1 4.46808 1.05873 -0.0449485 -0.0697434
1 5.58327 1.05517 -0.053033 -0.0774614
1 6.70077 1.05441 -0.0509255 -0.0783002
1 7.81798 1.05378 -0.0402181 -0.0567974
1 8.93403 1.05484 -0.038263 -0.046846
1 10.0502 1.06177 -0.0349884 -0.0449469
1 11.1658 1.07227 -0.0342222 -0.0543403
1 12.2819 1.08457 -0.0357349 -0.0726933
1 13.4004 1.09568 -0.0348139 -0.0715391
1 14.5195 1.10387 -0.0269447 -0.0452671
1 15.6396 1.10979 -0.0155996 -0.00580179
1 16.7624 1.11316 -0.00543819 0.0197539
1 17.8869 1.11411 0.0074824 0.027867
1 19.0139 1.11451 0.0195087 0.0344063
1 20.1426 1.11528 0.0287181 0.0518899
1 21.2716 1.11713 0.0212898 0.0546666
1 22.4024 1.1177 -0.00382969 0.0497279
1 23.5324 1.11585 -0.027035 0.0556457
1 24.6605 1.11507 -0.0278493 0.0451712
1 25.7886 1.11489 -0.0124667 0.0284848
1 26.9149 1.11429 -0.00402634 0.0256646
1 28.0388 1.11288 0.00639326 0.0138893
1 29.1604 1.10802 0.0221867 -0.0255708
1 30.2803 1.09993 0.033385 -0.0622195
1 31.3992 1.08962 0.0350284 -0.0773645
1 32.5163 1.07678 0.0373489 -0.0724505
1 33.6319 1.06532 0.0368857 -0.0476439
1 34.7478 1.05852 0.0393957 -0.0386838
1 35.8643 1.05562 0.0476323 -0.048719
1 36.9814 1.05601 0.0496997 -0.0649291
1 38.0987 1.05662 0.0493152 -0.077848
1 39.2144 1.05712 0.0437597 -0.0799145
1 40.3287 1.05974 0.0406384 -0.0709139
1 41.4427 1.06389 0.0444843 -0.0632489
1 42.5556 1.06841 0.0472855 -0.0637715
1 43.669 1.07756 0.0460814 -0.0636187
1 0.574827 2.03867 -0.0440899 -0.0732118
1 1.68854 2.03289 -0.0485797 -0.062777
1 2.80024 2.02786 -0.0452504 -0.0687954
1 3.91299 2.02376 -0.0414415 -0.0719567
1 5.02678 2.01957 -0.0487213 -0.0728567
1 6.14164 2.01704 -0.0536623 -0.0835082
1 7.25792 2.01704 -0.0534322 -0.0701195
1 8.37396 2.01711 -0.0535314 -0.0520906
1 9.48875 2.02102 -0.040621 -0.0530162
1 10.6031 2.03043 -0.0305304 -0.0571246
1 11.7177 2.04166 -0.0361167 -0.0650163
1 12.8348 2.05162 -0.0446809 -0.0649687
1 13.9551 2.05959 -0.0494151 -0.0566843
1 15.0767 2.06641 -0.0404731 -0.0342633
1 16.1991 2.07133 -0.0188754 -0.00420236
1 17.3236 2.07376 -0.0065584 0.0138134
1 18.4501 2.07411 -0.000642063 0.0262436
1 19.5784 2.07407 0.012971 0.0404501
1 20.7073 2.07422 0.0180654 0.0479947
1 21.8372 2.07434 0.00327439 0.0501051
1 22.9672 2.07418 -0.0145289 0.050219
1 24.0958 2.07384 -0.0158256 0.0445666
1 25.2246 2.07414 -0.00245191 0.0342861
1 26.3525 2.07465 0.00416511 0.0210901
1 27.4782 2.07343 0.0132362 0.00662729
1 28.6023 2.06987 0.0289632 -0.0167419
1 29.7245 2.06369 0.0450269 -0.0462961
1 30.8459 2.05527 0.0490252 -0.0657348
1 31.9647 2.04569 0.0359866 -0.0704426
1 33.0798 2.03483 0.029887 -0.0634123
1 34.1938 2.0251 0.0317432 -0.051301
1 35.3082 2.01979 0.0435816 -0.0488401
1 36.4235 2.01856 0.0500627 -0.0576031
1 37.54 2.01893 0.0494378 -0.0750783
1 38.6554 2.01935 0.0486691 -0.0850431
1 39.769 2.02174 0.0444095 -0.0738679
1 40.882 2.02521 0.0484557 -0.0687594
1 41.9944 2.03022 0.052503 -0.0684121
1 43.1058 2.03638 0.0510725 -0.0673857
1 44.2265 2.04161 0.0530029 -0.0675477
1 0.0170252 3.00169 -0.0446036 -0.0796987
1 1.13651 2.9992 -0.0453563 -0.0736764
1 2.24776 2.99422 -0.0454056 -0.0667752
1 3.35957 2.9894 -0.0491059 -0.0755507
1 4.47227 2.98494 -0.0494041 -0.0714622
1 5.58562 2.98068 -0.0504304 -0.0799519
1 6.70031 2.97969 -0.0566938 -0.0792404
1 7.8159 2.97992 -0.0553708 -0.0633136
1 8.92995 2.982 -0.0444629 -0.0591814
1 10.043 2.98989 -0.0365023 -0.068298
1 11.1563 3.00019 -0.0376252 -0.059559
1 12.2719 3.00852 -0.043323 -0.0519929
1 13.3912 3.01513 -0.0553389 -0.0503072
1 14.513 3.0213 -0.0525822 -0.0458814
1 15.6359 3.02758 -0.0363312 -0.0289117
1 16.7602 3.03204 -0.0230894 -0.00685669
1 17.8869 3.03329 -0.0161959 0.01742
1 19.0156 3.03289 -0.0075339 0.0295144
1 20.1447 3.0323 0.00584787 0.0373725
1 21.2733 3.03179 0.00803438 0.0390059
1 22.4018 3.0315 -0.00371818 0.0397603
1 23.5297 3.03176 -0.0102534 0.0407655
1 24.6581 3.03253 0.00103234 0.031455
1 25.7876 3.03334 0.0168393 0.0240785
1 26.9162 3.03324 0.0203734 0.010232
1 28.042 3.03066 0.0296955 -0.0168436
1 29.166 3.02496 0.0454057 -0.0387047
1 30.2887 3.01812 0.0576847 -0.0478134
1 31.4092 3.01151 0.0471084 -0.0522737
1 32.5261 3.00379 0.0335751 -0.0609565
1 33.6399 2.9943 0.0307665 -0.0643674
1 34.7528 2.98599 0.0425983 -0.0592254
1 35.8669 2.98184 0.0626362 -0.0594927
1 36.9825 2.98114 0.0656346 -0.0676542
1 38.0983 2.98206 0.0531062 -0.078594
1 39.212 2.98394 0.0418488 -0.0790244
1 40.3242 2.98707 0.0453268 -0.0830467
1 41.4366 2.99108 0.0531566 -0.0700292
1 42.5487 2.99687 0.0526278 -0.0679804
1 43.6627 3.00019 0.0430318 -0.0710323
1 0.577267 3.96358 -0.0474516 -0.0763138
1 1.69173 3.96034 -0.0590009 -0.0705247
1 2.8043 3.95545 -0.0555568 -0.0704031
1 3.91725 3.95136 -0.0505687 -0.0724726
1 5.03003 3.94668 -0.0481201 -0.0693313
1 6.14279 3.94371 -0.0522459 -0.0677487
1 7.25756 3.94276 -0.0652095 -0.0660718
1 8.37194 3.94473 -0.0626136 -0.0669291
1 9.48498 3.95053 -0.0467933 -0.0672723
1 10.598 3.95987 -0.0389772 -0.0580475
1 11.7125 3.9677 -0.0445664 -0.043308
1 12.8295 3.97268 -0.049128 -0.0317977
1 13.9494 3.97703 -0.0567239 -0.033914
1 15.072 3.98271 -0.0523441 -0.0367116
1 16.1963 3.98841 -0.0397868 -0.0172966
1 17.3232 3.99133 -0.0353608 0.00484511
1 18.4529 3.99153 -0.0259694 0.0233874
1 19.5831 3.99097 -0.00524671 0.0309866
1 20.7115 3.99053 0.00616293 0.029094
1 21.8383 3.99022 0.00278392 0.0314909
1 22.9645 3.99016 -0.00692136 0.0314211
1 24.0913 3.99066 -0.00128022 0.0292322
1 25.2205 3.99135 0.019765 0.0261966
1 26.351 3.99164 0.0334625 0.016138
1 27.4798 3.99052 0.0359284 -0.00264106
1 28.6056 3.98636 0.0414915 -0.0287865
1 29.7289 3.9798 0.0519066 -0.0376503
1 30.8507 3.97422 0.0560631 -0.0309043
1 31.9698 3.96986 0.0493082 -0.0408023
1 33.0856 3.96345 0.0474091 -0.0525593
1 34.1989 3.95485 0.0402347 -0.0602149
1 35.3113 3.94795 0.0459977 -0.0636903
1 36.4246 3.94494 0.0544941 -0.0646658
1 37.5391 3.94451 0.0567331 -0.0659456
1 38.6539 3.94602 0.0594399 -0.0680481
1 39.767 3.95007 0.0534115 -0.0721686
1 40.8795 3.95347 0.0458339 -0.0746657
1 41.9909 3.95783 0.0435752 -0.0700388
1 43.1028 3.96162 0.0463159 -0.0700027
1 44.2224 3.96282 0.0417857 -0.0677547
1 0.0168177 4.92748 -0.0518551 -0.0698544
1 1.13702 4.92565 -0.0518535 -0.0715725
1 2.24933 4.92199 -0.0525736 -0.0752256
1 3.36141 4.91743 -0.0572751 -0.0699275
1 4.47497 4.91292 -0.0614483 -0.0689184
1 5.58794 4.9091 -0.0560289 -0.0684515
1 6.7013 4.90693 -0.0552078 -0.0687261
1 7.8149 4.90796 -0.056053 -0.0695733
1 8.92782 4.91229 -0.0518715 -0.0703093
1 10.0403 4.91974 -0.049025 -0.0654796
1 11.1539 4.92753 -0.0498718 -0.0468664
1 12.2702 4.93237 -0.0521599 -0.0309571
1 13.389 4.93503 -0.0567823 -0.0243676
1 14.5098 4.93854 -0.0511507 -0.0291376
1 15.6335 4.9439 -0.0488618 -0.0269472
1 16.7599 4.948 -0.0457237 -0.00880851
1 17.8891 4.9496 -0.0398323 0.0105027
1 19.02 4.94974 -0.0236377 0.0163328
1 20.1497 4.94996 -0.00223452 0.0160838
1 21.2761 4.95033 0.00571602 0.0181408
1 22.4007 4.9504 -0.00159832 0.0178017
1 23.5258 4.95011 -0.00595776 0.0173025
1 24.6531 4.95 0.0102547 0.0180317
1 25.7834 4.94978 0.0372377 0.0130069
1 26.915 4.949 0.0486856 0.00157878
1 28.0436 4.94661 0.0479518 -0.017138
1 29.1689 4.94144 0.047991 -0.0317782
1 30.2914 4.93627 0.0530251 -0.0280008
1 31.4105 4.93336 0.0520328 -0.0274421
1 32.5274 4.92957 0.0498658 -0.0404925
1 33.6424 4.92331 0.0485354 -0.0546937
1 34.7557 4.91595 0.0542158 -0.0676476
1 35.8694 4.91051 0.0661359 -0.0680583
1 36.9834 4.90836 0.0616462 -0.0676306
1 38.0971 4.90877 0.0473843 -0.0672356
1 39.2097 4.91198 0.0417091 -0.066175
1 40.3228 4.91576 0.0476188 -0.0705455
1 41.4357 4.92046 0.0453797 -0.0731196
1 42.548 4.92396 0.0428954 -0.0779662
1 43.662 4.92588 0.0356668 -0.077081
1 0.578879 5.89054 -0.0413177 -0.0807759
1 1.69286 5.88833 -0.0470171 -0.0765414
1 2.80571 5.88379 -0.0503725 -0.0697641
1 3.91901 5.8786 -0.0472294 -0.0758127
1 5.03103 5.8751 -0.0369062 -0.0742943
1 6.14314 5.87233 -0.0428327 -0.0689072
1 7.25626 5.87144 -0.061651 -0.0714975
1 8.36962 5.87416 -0.0659876 -0.0760223
1 9.4829 5.8802 -0.0502722 -0.0688068
1 10.5969 5.88692 -0.0487872 -0.0539721
1 11.7125 5.89216 -0.0526407 -0.04062
1 12.8304 5.89502 -0.0553523 -0.0238534
1 13.9496 5.89644 -0.0536279 -0.0214643
1 15.0714 5.89943 -0.0523433 -0.02721
1 16.1968 5.90363 -0.0466144 -0.0219011
1 17.325 5.90642 -0.0434298 -0.0109899
1 18.456 5.90799 -0.0357396 -0.00179293
1 19.5869 5.90945 -0.00890519 9.98586e-05
1 20.7147 5.91066 0.00618787 -0.00224702
1 21.8393 5.91149 -0.000739556 0.00196482
1 22.9626 5.91131 -0.00805755 -0.00155066
1 24.0878 5.9102 0.000344965 -0.00336048
1 25.2165 5.90877 0.0250162 -0.000556749
1 26.3478 5.90746 0.0447759 -0.00802116
1 27.4783 5.90535 0.0494297 -0.0155365
1 28.6057 5.90166 0.046926 -0.0238217
1 29.7295 5.89777 0.0474997 -0.0259403
1 30.8501 5.89566 0.0526543 -0.0213828
1 31.9688 5.89345 0.0497032 -0.0341978
1 33.0853 5.88915 0.05116 -0.0476275
1 34.1994 5.88338 0.0516332 -0.0622069
1 35.3129 5.87693 0.0542882 -0.073231
1 36.426 5.87338 0.059429 -0.0689128
1 37.5394 5.87249 0.0533726 -0.0699227
1 38.6525 5.8741 0.0526553 -0.0683412
1 39.7653 5.87733 0.0617555 -0.0750547
1 40.8788 5.88192 0.0643977 -0.0696632
1 41.9924 5.88618 0.060641 -0.0775566
1 43.1049 5.88995 0.0568989 -0.0810067
1 44.2243 5.88985 0.0536877 -0.0891133
1 0.0187199 6.85576 -0.0654268 -0.0852543
1 1.13741 6.85454 -0.0693547 -0.0753579
1 2.25034 6.85031 -0.0717239 -0.0648825
1 3.36341 6.84522 -0.0651644 -0.0665661
1 4.47583 6.84183 -0.0620574 -0.0688444
1 5.58792 6.83807 -0.0590881 -0.059033
1 6.70092 6.836 -0.0556833 -0.0587016
1 7.81358 6.83732 -0.0571993 -0.0660582
1 8.92593 6.84168 -0.0552925 -0.0701571
1 10.0392 6.84712 -0.0546123 -0.0551908
1 11.154 6.85214 -0.0514189 -0.0391254
1 12.2716 6.85565 -0.0559731 -0.023708
1 13.3918 6.8567 -0.0559128 -0.0107613
1 14.5125 6.85755 -0.0457852 -0.0122968
1 15.6354 6.85992 -0.0432925 -0.0169581
1 16.7612 6.86307 -0.0360166 -0.0137082
1 17.8903 6.86565 -0.0342094 -0.0091771
1 19.0216 6.86827 -0.0240905 -0.00824086
1 20.1512 6.87087 -0.000209792 -0.00905213
1 21.2774 6.87272 0.00853406 -0.00695791
1 22.4005 6.87315 -0.000137687 -0.00589511
1 23.5243 6.87185 -0.00500736 -0.00719099
1 24.6516 6.86958 0.00728889 -0.00729129
1 25.7822 6.86715 0.028193 -0.00909613
1 26.9136 6.8647 0.0359664 -0.0143942
1 28.0415 6.86165 0.0376004 -0.0172398
1 29.166 6.85873 0.0406326 -0.0149365
1 30.2877 6.85731 0.0537833 -0.00989675
1 31.4076 6.85639 0.0655042 -0.0190568
1 32.5264 6.85346 0.0565168 -0.0365624
1 33.6424 6.84909 0.0525555 -0.0471403
1 34.7572 6.84387 0.0646938 -0.0616537
1 35.8713 6.83935 0.068546 -0.0647298
1 36.9843 6.8372 0.0616796 -0.0603029
1 38.0972 6.83766 0.0452793 -0.0588657
1 39.2091 6.84035 0.0442991 -0.0661219
1 40.3213 6.84338 0.0542497 -0.0650358
1 41.4352 6.84805 0.0638121 -0.0646922
1 42.5494 6.85311 0.0601592 -0.0678837
1 43.6651 6.85623 0.0476231 -0.0807251
1 0.578786 7.82148 -0.0606735 -0.0654999
1 1.69435 7.8166 -0.072859 -0.0579093
1 2.80831 7.81169 -0.0711054 -0.0596784
1 3.92116 7.80756 -0.0648076 -0.0651036
1 5.03341 7.80421 -0.0578066 -0.056057
1 6.14514 7.80132 -0.0513625 -0.0617473
1 7.25637 7.80141 -0.0575465 -0.0637033
1 8.36815 7.8041 -0.065698 -0.0631934
1 9.48189 7.80819 -0.0601236 -0.056355
1 10.5972 7.81204 -0.0631414 -0.0447674
1 11.7145 7.81515 -0.0691718 -0.0292821
1 12.8347 7.81697 -0.0705557 -0.0139822
1 13.9551 7.81737 -0.0506491 -0.0106621
1 15.076 7.81844 -0.0293163 -0.0126719
1 16.1986 7.82075 -0.0196192 -0.0151926
1 17.3242 7.82329 -0.0196898 -0.0189364
1 18.4544 7.82622 -0.0191156 -0.0183409
1 19.5858 7.82994 -0.00202238 -0.0173703
1 20.7145 7.83301 0.00873696 -0.0202355
1 21.8395 7.83477 0.00215616 -0.0169561
1 22.9625 7.83405 -0.0105049 -0.0146507
1 24.0886 7.83135 -0.00616371 -0.0182413
1 25.2186 7.82807 0.0135447 -0.0163326
1 26.3494 7.82509 0.021561 -0.0182869
1 27.4774 7.82246 0.0222042 -0.0200945
1 28.6019 7.81979 0.0250955 -0.0163649
1 29.7235 7.81814 0.0354006 -0.0120316
1 30.8441 7.81755 0.0608128 -0.0127246
1 31.9658 7.81604 0.0659436 -0.024139
1 33.0845 7.8133 0.0568478 -0.0372334
1 34.1988 7.80973 0.0605239 -0.0544708
1 35.3123 7.80541 0.0666165 -0.0595281
1 36.4254 7.8027 0.0709051 -0.0594321
1 37.5381 7.80159 0.0668791 -0.0587082
1 38.6506 7.80322 0.0696298 -0.0586507
1 39.7627 7.80631 0.0753956 -0.061573
1 40.8749 7.80946 0.078799 -0.0635627
1 41.9879 7.81408 0.080301 -0.0542035
1 43.101 7.81952 0.0885675 -0.0641178
1 44.2192 7.82601 0.081949 -0.0808407
1 0.0260827 8.79164 -0.0875194 -0.0652107
1 1.14464 8.78358 -0.088307 -0.0580733
1 2.2566 8.77783 -0.0829201 -0.0618367
1 3.36882 8.77353 -0.0800529 -0.0655633
1 4.4808 8.76997 -0.0834906 -0.0695665
1 5.59234 8.76707 -0.0680425 -0.071179
1 6.70349 8.76666 -0.0584706 -0.0718974
1 7.81455 8.76832 -0.0653315 -0.0647703
1 8.92691 8.77012 -0.0674107 -0.0573593
1 10.041 8.77253 -0.0674481 -0.0482337
1 11.1572 8.77444 -0.0701938 -0.0357175
1 12.2768 8.77602 -0.0722994 -0.0280603
1 13.3984 8.77747 -0.0619084 -0.0230077
1 14.5188 8.77894 -0.0288663 -0.0258643
1 15.6388 8.78056 -0.00995946 -0.0241917
1 16.7607 8.78265 -0.0026956 -0.0223802
1 17.8868 8.78501 -0.00687632 -0.0259601
1 19.0172 8.78813 -0.00851657 -0.0291137
1 20.1484 8.7919 0.00667148 -0.030886
1 21.2764 8.79516 0.0172123 -0.0302176
1 22.4007 8.79569 -0.00106443 -0.0290689
1 23.5262 8.79336 -0.0157714 -0.0296633
1 24.6557 8.78997 -0.0030608 -0.0290006
1 25.7867 8.78663 0.0100739 -0.0275493
1 26.9157 8.78419 0.0034073 -0.0253181
1 28.04 8.78227 0.00423143 -0.0238878
1 29.161 8.78006 0.0152478 -0.0259433
1 30.2809 8.77833 0.0435016 -0.0246794
1 31.4015 8.77709 0.0758665 -0.0286094
1 32.5223 8.77522 0.0778681 -0.0344776
1 33.64 8.77356 0.0641993 -0.04126
1 34.7551 8.77103 0.0593859 -0.0550502
1 35.8684 8.76872 0.0672871 -0.0650618
1 36.9798 8.76706 0.0675305 -0.0668134
1 38.0908 8.76715 0.0634669 -0.0666485
1 39.2022 8.76902 0.0725986 -0.0705543
1 40.3139 8.7718 0.0839903 -0.0724414
1 41.4263 8.77547 0.0870901 -0.0653095
1 42.5389 8.78059 0.0968274 -0.0627367
1 43.6531 8.78809 0.0918565 -0.0579414
1 0.593882 9.75237 -0.0902448 -0.0563287
1 1.7073 9.74568 -0.0919047 -0.0606687
1 2.8189 9.74048 -0.0896225 -0.0668737
1 3.9307 9.73633 -0.0808287 -0.0683335
1 5.0415 9.73387 -0.067825 -0.0757672
1 6.15113 9.73316 -0.0548227 -0.0747836
1 7.26082 9.73391 -0.0651468 -0.0654508
1 8.37248 9.7344 -0.0781877 -0.0479112
1 9.48681 9.73452 -0.0742188 -0.0375119
1 10.6031 9.73479 -0.0801292 -0.0315125
1 11.7216 9.73575 -0.0822087 -0.0316503
1 12.8418 9.7375 -0.0781438 -0.0306769
1 13.9613 9.73955 -0.0487277 -0.0335486
1 15.0805 9.74243 -0.0145974 -0.0323886
1 16.2004 9.74443 -0.000190315 -0.0225734
1 17.3226 9.74572 0.00332104 -0.0217927
1 18.4504 9.7476 -0.00284276 -0.0245872
1 19.5818 9.75036 0.00240862 -0.0285769
1 20.712 9.7535 0.0151798 -0.03234
1 21.8387 9.75563 0.00755758 -0.0326333
1 22.9641 9.75468 -0.0178051 -0.0335874
1 24.0924 9.75179 -0.0117806 -0.0326859
1 25.2231 9.74886 0.00481936 -0.0262865
1 26.3525 9.7468 -0.00233873 -0.0212423
1 27.4775 9.74578 -0.00304049 -0.020669
1 28.5984 9.74434 0.0065957 -0.0295483
1 29.7175 9.74147 0.0279417 -0.037099
1 30.8371 9.73892 0.063931 -0.0334272
1 31.9583 9.73667 0.0773529 -0.0303473
1 33.0782 9.73498 0.0832096 -0.0326338
1 34.1947 9.73455 0.0819714 -0.0369886
1 35.3088 9.73473 0.073287 -0.0429061
1 36.4209 9.73456 0.0685116 -0.0585264
1 37.531 9.73328 0.0575351 -0.0731772
1 38.6412 9.7335 0.0747044 -0.073736
1 39.7522 9.73577 0.0928305 -0.0727869
1 40.8633 9.73875 0.0921449 -0.0725222
1 41.9742 9.74296 0.0976974 -0.0687969
1 43.0849 9.74911 0.100646 -0.058418
1 44.2034 9.75896 0.0975777 -0.0484551
1 0.0421875 10.722 -0.0949983 -0.0438696
1 1.16046 10.7142 -0.0982893 -0.0583005
1 2.27123 10.7085 -0.0916568 -0.061546
1 3.38179 10.7041 -0.0904993 -0.0717064
1 4.49183 10.7011 -0.0867372 -0.0784703
1 5.60136 10.7002 -0.0702743 -0.078958
1 6.71107 10.7004 -0.0657111 -0.0681799
1 7.82249 10.7 -0.0894096 -0.044349
1 8.93634 10.6981 -0.0957589 -0.0298428
1 10.0514 10.6963 -0.0975031 -0.0303011
1 11.1678 10.6962 -0.0885829 -0.0359503
1 12.2866 10.6979 -0.0744539 -0.0376506
1 13.4067 10.7006 -0.0656576 -0.0386519
1 14.5252 10.7043 -0.0366879 -0.0484429
1 15.6437 10.7077 -0.0114183 -0.0414729
1 16.764 10.7091 0.00583781 -0.0261827
1 17.8874 10.7097 0.00881055 -0.0241957
1 19.0157 10.7106 0.00407354 -0.0305079
1 20.1467 10.7124 0.0134987 -0.0371163
1 21.2754 10.7146 0.0207215 -0.0397792
1 22.4008 10.715 -0.00319063 -0.0430181
1 23.5278 10.7133 -0.0170485 -0.0418821
1 24.6577 10.7113 -0.00817073 -0.032469
1 25.7875 10.7101 -0.00653182 -0.0273347
1 26.9141 10.7099 -0.0119843 -0.0238042
1 28.0358 10.7094 -0.00031533 -0.0316087
1 29.1553 10.7067 0.0179696 -0.0478828
1 30.2744 10.7026 0.0482793 -0.0481466
1 31.3933 10.6994 0.0760889 -0.0407299
1 32.5119 10.697 0.0883776 -0.0406204
1 33.6292 10.6963 0.0927825 -0.0337718
1 34.7454 10.6974 0.08905 -0.0272405
1 35.8606 10.6994 0.0924248 -0.0352883
1 36.973 10.7008 0.075937 -0.0578526
1 38.0824 10.7005 0.0530519 -0.0767292
1 39.1913 10.7008 0.0639476 -0.0777968
1 40.3007 10.7031 0.0794587 -0.0730628
1 41.4112 10.7072 0.0821925 -0.0707208
1 42.5217 10.7118 0.0792643 -0.0619684
1 43.6339 10.718 0.0741064 -0.0533121
1 0.610256 11.6826 -0.0580539 -0.0501693
1 1.72272 11.6766 -0.0664621 -0.0661665
1 2.83317 11.6719 -0.0653547 -0.0698407
1 3.94328 11.6687 -0.0626917 -0.0817274
1 5.05183 11.6669 -0.0593213 -0.0821811
1 6.16101 11.6663 -0.0635963 -0.0691292
1 7.2727 11.6647 -0.092959 -0.0439923
1 8.38708 11.6618 -0.102552 -0.0295679
1 9.50282 11.6592 -0.0904662 -0.0273924
1 10.6185 11.6578 -0.0886512 -0.0372742
1 11.7342 11.659 -0.0824221 -0.0506108
1 12.8515 11.6616 -0.0694428 -0.0496484
1 13.9693 11.665 -0.0433977 -0.0531884
1 15.0878 11.6699 -0.0180319 -0.0558591
1 16.2071 11.6731 0.000966897 -0.0413643
1 17.3282 11.6736 0.0166311 -0.0296296
1 18.4538 11.6733 0.0160299 -0.0276275
1 19.5833 11.6733 0.0172517 -0.0365908
1 20.7127 11.6739 0.0259005 -0.0474169
1 21.8388 11.6748 0.00559253 -0.0505844
1 22.9638 11.6744 -0.0286546 -0.0499284
1 24.0916 11.6733 -0.0210684 -0.0412362
1 25.221 11.673 -0.0133279 -0.0306487
1 26.3485 11.6738 -0.0199012 -0.0268374
1 27.4716 11.6742 -0.00719237 -0.0340425
1 28.5916 11.6726 0.0102937 -0.0513592
1 29.7106 11.6682 0.0327844 -0.059545
1 30.829 11.6636 0.0595823 -0.0507427
1 31.9474 11.6605 0.0649978 -0.0479119
1 33.0643 11.6584 0.0748603 -0.0471076
1 34.1787 11.6587 0.0888101 -0.0345926
1 35.2931 11.661 0.0997506 -0.0271179
1 36.4079 11.6641 0.103758 -0.0318892
1 37.5213 11.6665 0.0775147 -0.0590788
1 38.6318 11.667 0.0691512 -0.0780582
1 39.7406 11.6684 0.0764269 -0.0834873
1 40.8498 11.6711 0.0736416 -0.0741095
1 41.9598 11.675 0.077185 -0.0654871
1 43.0696 11.6801 0.0840301 -0.0632597
1 44.1881 11.6847 0.0812408 -0.046559
1 0.0555562 12.6499 -0.0716359 -0.0498399
1 1.17421 12.6448 -0.0646605 -0.0623763
1 2.28407 12.6405 -0.0596775 -0.0738397
1 3.39332 12.637 -0.0561456 -0.0803571
1 4.50283 12.6352 -0.0684661 -0.0794464
1 5.613 12.6326 -0.0735567 -0.0701022
1 6.72552 12.63 -0.0829072 -0.0527368
1 7.84005 12.6265 -0.0965562 -0.0353247
1 8.9548 12.6237 -0.0824592 -0.0352016
1 10.0683 12.6219 -0.0652327 -0.0405925
1 11.1813 12.6219 -0.0541144 -0.0507885
1 12.2966 12.6241 -0.0498309 -0.0546624
1 13.4139 12.6274 -0.0491709 -0.0570809
1 14.5315 12.6317 -0.0268488 -0.0616826
1 15.6502 12.6365 -0.00497824 -0.0575563
1 16.7706 12.6389 0.012457 -0.0431854
1 17.8939 12.6386 0.0226864 -0.0314963
1 19.0208 12.6371 0.0259736 -0.0333607
1 20.1497 12.6363 0.0351611 -0.0461782
1 21.2767 12.6362 0.0315549 -0.0554502
1 22.4009 12.6361 -0.00872208 -0.0559336
1 23.5261 12.6361 -0.0306177 -0.050823
1 24.6539 12.6365 -0.0300297 -0.0379775
1 25.7823 12.6378 -0.0277431 -0.0318677
1 26.9079 12.6393 -0.0207664 -0.0350137
1 28.0291 12.6385 -0.0080859 -0.0497046
1 29.1491 12.635 0.00655922 -0.062089
1 30.2678 12.6301 0.0311429 -0.060392
1 31.3847 12.6261 0.0527788 -0.0571012
1 32.5005 12.6234 0.0611277 -0.0574285
1 33.6141 12.6223 0.0678519 -0.0467125
1 34.7278 12.6232 0.0738968 -0.0378684
1 35.8432 12.6254 0.0889555 -0.0368454
1 36.958 12.629 0.0882321 -0.0425488
1 38.0711 12.6322 0.063977 -0.0619268
1 39.1816 12.6346 0.05206 -0.0746403
1 40.291 12.6367 0.0461727 -0.0814106
1 41.401 12.6394 0.0451439 -0.0761792
1 42.5111 12.6433 0.0444117 -0.0694655
1 43.6239 12.6468 0.0329271 -0.0530208
1 0.619171 13.6114 -0.0198704 -0.0593574
1 1.73165 13.6089 -0.0279505 -0.0696591
1 2.84215 13.6063 -0.0351275 -0.0768695
1 3.95245 13.6033 -0.0414865 -0.0763117
1 5.06308 13.6 -0.0467967 -0.0663912
1 6.17461 13.5962 -0.0524833 -0.0574556
1 7.28811 13.5921 -0.0685406 -0.0483965
1 8.40211 13.5889 -0.0663651 -0.0421144
1 9.51641 13.5874 -0.0516843 -0.0448632
1 10.6295 13.587 -0.0472037 -0.0505037
1 11.7423 13.588 -0.0457956 -0.0603308
1 12.8571 13.5907 -0.0389255 -0.0602895
1 13.9734 13.5946 -0.0212107 -0.0632339
1 15.0917 13.5993 -0.00369705 -0.0665062
1 16.2114 13.6034 0.00809801 -0.0594842
1 17.3334 13.6047 0.0227039 -0.0478163
1 18.4594 13.6037 0.0311296 -0.0420299
1 19.5874 13.6019 0.0329263 -0.0463913
1 20.7149 13.6003 0.0382798 -0.0567802
1 21.8394 13.5994 0.00993468 -0.0629255
1 22.9623 13.5997 -0.0358313 -0.058798
1 24.0883 13.6009 -0.0373907 -0.0497596
1 25.2164 13.6027 -0.0317083 -0.0426325
1 26.3435 13.6045 -0.0251375 -0.0432393
1 27.4673 13.6046 -0.0152514 -0.0517209
1 28.5882 13.6022 -0.00353292 -0.0651592
1 29.7072 13.5978 0.0186369 -0.0667826
1 30.8243 13.5932 0.0382409 -0.0621858
1 31.9411 13.5899 0.0328024 -0.0607129
1 33.0554 13.588 0.0300821 -0.0531424
1 34.1667 13.5878 0.0377128 -0.0484731
1 35.2791 13.5888 0.0556757 -0.0471591
1 36.3928 13.5911 0.0728503 -0.0455418
1 37.5069 13.5948 0.0684705 -0.0523026
1 38.6205 13.5988 0.0606784 -0.059792
1 39.7322 13.6025 0.0622827 -0.0711457
1 40.8428 13.6054 0.0456392 -0.077509
1 41.9528 13.6083 0.0406072 -0.0723897
1 43.0628 13.6105 0.0401246 -0.0636812
1 44.1809 13.6135 0.0493161 -0.0526938
1 0.062452 14.5777 -0.0342286 -0.057807
1 1.1797 14.5763 -0.0288871 -0.0729914
1 2.2896 14.5739 -0.0314967 -0.0713715
1 3.40045 14.5714 -0.0387364 -0.0689879
1 4.51197 14.5673 -0.0523887 -0.0635373
1 5.62382 14.5626 -0.0489766 -0.0553557
1 6.73688 14.5577 -0.0437533 -0.0488063
1 7.85025 14.5543 -0.0506488 -0.0410223
1 8.9632 14.5519 -0.0414939 -0.0409802
1 10.075 14.5518 -0.027391 -0.0445043
1 11.1864 14.5524 -0.0196883 -0.0464393
1 12.3003 14.554 -0.0253269 -0.053866
1 13.4161 14.5574 -0.032629 -0.0563983
1 14.5328 14.5618 -0.0125788 -0.0566948
1 15.6515 14.5662 0.00376134 -0.053774
1 16.7724 14.569 0.0130291 -0.0472329
1 17.8967 14.5694 0.0260114 -0.0406518
1 19.0243 14.5679 0.032988 -0.0381186
1 20.1525 14.5655 0.0414551 -0.0401537
1 21.2781 14.5632 0.0364326 -0.0476954
1 22.4006 14.5626 -0.0128353 -0.0495147
1 23.5239 14.5642 -0.0410446 -0.0453945
1 24.6508 14.5668 -0.0375548 -0.0391676
1 25.7793 14.5689 -0.0284185 -0.0373671
1 26.9059 14.5696 -0.0178501 -0.043521
1 28.0281 14.5682 -0.0120141 -0.0517772
1 29.1478 14.5647 -0.00123364 -0.0534214
1 30.2657 14.5601 0.0169396 -0.0534034
1 31.3823 14.5562 0.029849 -0.0564704
1 32.4968 14.5537 0.0329085 -0.0513503
1 33.6087 14.5528 0.0326147 -0.044086
1 34.7211 14.5527 0.0313526 -0.0444457
1 35.8347 14.554 0.0440798 -0.042696
1 36.9476 14.5566 0.0428084 -0.0486646
1 38.0603 14.5606 0.0293951 -0.0513546
1 39.1721 14.5656 0.0347849 -0.0591598
1 40.2835 14.57 0.0347815 -0.0640319
1 41.3956 14.5733 0.029052 -0.0693502
1 42.5072 14.5756 0.0228753 -0.0711276
1 43.6195 14.5772 0.00970206 -0.0690347
1 0.622943 15.5435 0.00065715 -0.0751145
1 1.73586 15.5419 -0.0186463 -0.0718378
1 2.84731 15.5388 -0.0267609 -0.0687577
1 3.95971 15.535 -0.0262454 -0.0589963
1 5.07113 15.53 -0.021726 -0.0546196
1 6.18227 15.5247 -0.0169574 -0.0502765
1 7.29397 15.5203 -0.0263539 -0.0522858
1 8.40663 15.5176 -0.0251831 -0.0452426
1 9.51964 15.5167 -0.0201354 -0.0457673
1 10.6317 15.5173 -0.0230037 -0.0446235
1 11.7437 15.5183 -0.0259034 -0.0497003
1 12.8582 15.5208 -0.0277193 -0.0535888
1 13.9741 15.5247 -0.0179442 -0.0518143
1 15.0915 15.529 0.000546506 -0.0462714
1 16.2107 15.5322 0.00812912 -0.0417717
1 17.333 15.5335 0.0159601 -0.0397735
1 18.4601 15.533 0.0290259 -0.0391238
1 19.5895 15.5308 0.0388971 -0.0345685
1 20.7169 15.5278 0.0450481 -0.0333916
1 21.8398 15.526 0.0132703 -0.0387035
1 22.9611 15.5269 -0.0408846 -0.0367199
1 24.0864 15.5295 -0.0473523 -0.0348906
1 25.2151 15.5321 -0.0318664 -0.0384883
1 26.3435 15.5336 -0.0181326 -0.0416493
1 27.4682 15.5335 -0.015216 -0.0408338
1 28.5888 15.5312 -0.00848592 -0.0419821
1 29.7068 15.5271 0.0119217 -0.0464236
1 30.8233 15.5232 0.0313087 -0.052558
1 31.9394 15.5202 0.0229908 -0.0514318
1 33.053 15.5183 0.0150261 -0.0459164
1 34.1644 15.5178 0.0170035 -0.0467307
1 35.2766 15.5178 0.0290389 -0.0434412
1 36.3891 15.5197 0.0343671 -0.0448746
1 37.5016 15.5231 0.0243933 -0.0515159
1 38.6135 15.5282 0.0274759 -0.0555721
1 39.7251 15.533 0.0386737 -0.0564997
1 40.8374 15.5374 0.0337445 -0.0633474
1 41.949 15.5405 0.0319409 -0.0700209
1 43.0594 15.5435 0.0254941 -0.0739529
1 44.1769 15.5436 0.0215053 -0.0707256
1 0.0658404 16.5108 -0.0263882 -0.0855868
1 1.18357 16.5102 -0.0244428 -0.0744113
1 2.29435 16.5074 -0.0289912 -0.0793678
1 3.4056 16.5037 -0.0347244 -0.079131
1 4.51722 16.4989 -0.0298985 -0.0744097
1 5.62824 16.4935 -0.0185517 -0.0752705
1 6.73948 16.4887 -0.0139102 -0.0741319
1 7.8511 16.4851 -0.0271605 -0.0733752
1 8.96345 16.4831 -0.0221927 -0.0683005
1 10.0756 16.4831 -0.0137039 -0.0656617
1 11.1869 16.4845 -0.012189 -0.06626
1 12.3003 16.4864 -0.0229448 -0.0707108
1 13.4159 16.4893 -0.0343939 -0.0730021
1 14.5319 16.4935 -0.0143849 -0.0702911
1 15.6498 16.4969 0.00688924 -0.0621574
1 16.7704 16.4983 0.0163577 -0.0603744
1 17.8953 16.4981 0.0202386 -0.0673221
1 19.0248 16.4965 0.0298937 -0.0669376
1 20.1544 16.494 0.0513205 -0.0593366
1 21.2793 16.4921 0.0452731 -0.0525582
1 22.4 16.4918 -0.0166351 -0.0500409
1 23.5221 16.4932 -0.0499723 -0.0565271
1 24.6495 16.4957 -0.0375505 -0.0645237
1 25.78 16.4978 -0.0252224 -0.0683005
1 26.9083 16.4987 -0.0198315 -0.0656283
1 28.0307 16.4982 -0.012133 -0.0596041
1 29.1494 16.4957 -0.00101134 -0.0642604
1 30.2663 16.4917 0.0142233 -0.0704648
1 31.3822 16.488 0.0282707 -0.0691483
1 32.4962 16.4858 0.0287536 -0.0689129
1 33.6084 16.4845 0.0217189 -0.0668494
1 34.7209 16.4837 0.0157355 -0.0662373
1 35.8337 16.4846 0.0231728 -0.0686455
1 36.946 16.4873 0.0179604 -0.0735364
1 38.0572 16.4918 0.00382098 -0.0736578
1 39.1681 16.4966 0.0099709 -0.074565
1 40.279 16.5015 0.0176899 -0.0775625
1 41.3911 16.5058 0.0191315 -0.0790197
1 42.503 16.5091 0.0121482 -0.0740477
1 43.6174 16.5109 -0.00783533 -0.0749258
1 0.62492 17.4784 -0.0011102 -0.0804572
1 1.73886 17.4762 -0.00705841 -0.077792
1 2.85078 17.4732 -0.0141674 -0.0811156
1 3.96263 17.469 -0.0162131 -0.0858809
1 5.07297 17.4639 -0.00445342 -0.0842562
1 6.18294 17.4591 0.000476433 -0.0843736
1 7.29401 17.4549 -0.0141441 -0.07839
1 8.40605 17.4521 -0.0186975 -0.0758556
1 9.51862 17.451 -0.0149811 -0.0688289
1 10.6309 17.4517 -0.0224251 -0.0660043
1 11.743 17.4539 -0.0304135 -0.0673221
1 12.8569 17.4568 -0.0339833 -0.0695494
1 13.9718 17.4601 -0.0235546 -0.0701879
1 15.0887 17.4636 -0.00285797 -0.0676246
1 16.2082 17.4652 0.0157163 -0.0660441
1 17.331 17.4645 0.0292108 -0.0659366
1 18.4596 17.4628 0.0305118 -0.0685898
1 19.5909 17.4609 0.0341218 -0.0673575
1 20.7185 17.4598 0.0396149 -0.0541906
1 21.8401 17.4593 0.0123483 -0.0406311
1 22.9601 17.4599 -0.0393532 -0.0467115
1 24.0845 17.4607 -0.0459155 -0.0635673
1 25.2144 17.4621 -0.0292507 -0.0710218
1 26.3449 17.4641 -0.0234573 -0.0684374
1 27.4706 17.4655 -0.0203003 -0.0643219
1 28.5917 17.465 -0.00575458 -0.0662184
1 29.71 17.4621 0.0160016 -0.0705578
1 30.8257 17.4586 0.0365191 -0.0694278
1 31.9405 17.4556 0.0265522 -0.0665904
1 33.054 17.4532 0.00882529 -0.0641856
1 34.1653 17.4519 0.0104307 -0.0671189
1 35.2765 17.452 0.0221804 -0.0726184
1 36.3885 17.4538 0.0225143 -0.0777094
1 37.5005 17.4574 0.010658 -0.078367
1 38.6116 17.4616 0.0161176 -0.0828514
1 39.7221 17.4668 0.030634 -0.081576
1 40.8335 17.4714 0.0273568 -0.082402
1 41.9445 17.4748 0.0221209 -0.0774369
1 43.0553 17.4774 0.0236176 -0.0744928
1 44.1726 17.4806 0.0335733 -0.0866463
1 0.0700753 18.4488 -0.0358547 -0.0754955
1 1.18605 18.4453 -0.0266234 -0.0765823
1 2.29605 18.4425 -0.0178836 -0.0735364
1 3.40718 18.4392 -0.0180705 -0.069374
1 4.51848 18.4349 -0.0257749 -0.0722009
1 5.62866 18.4299 -0.016602 -0.0752006
1 6.73959 18.4252 -0.0124243 -0.0684248
1 7.8513 18.4217 -0.0237421 -0.0622359
1 8.96324 18.4202 -0.0204854 -0.0546009
1 10.0742 18.4198 -0.0130436 -0.0447189
1 11.1844 18.4211 -0.0156774 -0.0402638
1 12.2973 18.4244 -0.0288263 -0.0412766
1 13.4123 18.4277 -0.0374469 -0.0436145
1 14.5281 18.43 -0.0162332 -0.048634
1 15.6468 18.4313 0.01029 -0.046415
1 16.7692 18.4309 0.0290912 -0.0389846
1 17.8953 18.4286 0.0308318 -0.0376401
1 19.0255 18.4262 0.0274368 -0.0357286
1 20.1552 18.4255 0.0375411 -0.0296684
1 21.2797 18.4261 0.0319078 -0.0158608
1 22.4 18.4263 -0.0126572 -0.0101441
1 23.5217 18.426 -0.0341526 -0.0238663
1 24.6488 18.4261 -0.0279341 -0.0343083
1 25.7794 18.4279 -0.0319929 -0.0367456
1 26.9083 18.4302 -0.0354199 -0.0380095
1 28.0326 18.4316 -0.021249 -0.0431607
1 29.1531 18.4311 -0.00323052 -0.0489222
1 30.2702 18.4293 0.0204721 -0.0454827
1 31.3852 18.4265 0.0359316 -0.0408958
1 32.4991 18.423 0.0331338 -0.0415688
1 33.6106 18.4207 0.0273673 -0.0411088
1 34.7215 18.4203 0.0207047 -0.0468388
1 35.8341 18.4213 0.0221347 -0.0593125
1 36.9464 18.4238 0.0121477 -0.0667114
1 38.0569 18.4279 -0.000880307 -0.0703397
1 39.1663 18.4326 0.00241884 -0.0741807
1 40.2769 18.4372 0.00902896 -0.0716954
1 41.3888 18.4411 0.00669677 -0.069882
1 42.5001 18.4439 0.005311 -0.0749316
1 43.613 18.447 0.00265703 -0.0795043
1 0.628374 19.4154 0.00123024 -0.0727073
1 1.74045 19.412 -0.00589112 -0.0743297
1 2.85108 19.4084 -0.006424 -0.0681959
1 3.96278 19.4041 -0.00618754 -0.0617533
1 5.07361 19.3997 0.000291104 -0.0617426
1 6.18324 19.3949 0.00363818 -0.0604277
1 7.29377 19.3908 -0.0134071 -0.0551071
1 8.40548 19.388 -0.0252361 -0.0401651
1 9.51726 19.3874 -0.0200873 -0.0274211
1 10.6277 19.3881 -0.0286211 -0.0144505
1 11.7383 19.39 -0.0363241 -0.0151764
1 12.8519 19.3932 -0.033584 -0.022459
1 13.9677 19.3953 -0.012549 -0.0276118
1 15.0859 19.3955 0.0113432 -0.031698
1 16.2069 19.3943 0.0275355 -0.0269041
1 17.3316 19.3923 0.0378067 -0.0153277
1 18.4605 19.39 0.0314377 -0.0107869
1 19.5904 19.3889 0.0253093 -0.0138539
1 20.717 19.3893 0.0318882 -0.011135
1 21.8396 19.3899 0.0135328 -0.00136869
1 22.9612 19.3898 -0.0321267 -0.00597576
1 24.0856 19.3891 -0.0377284 -0.0126697
1 25.2142 19.3895 -0.0260068 -0.00986483
1 26.3441 19.3916 -0.0308839 -0.0106397
1 27.4708 19.3939 -0.0344109 -0.021863
1 28.5936 19.3953 -0.0203873 -0.0325498
1 29.7134 19.3958 0.00549279 -0.0299503
1 30.8303 19.395 0.0329734 -0.0251345
1 31.9457 19.3921 0.0310018 -0.0205408
1 33.0581 19.3892 0.0169463 -0.0116334
1 34.1674 19.3879 0.0143566 -0.017369
1 35.2775 19.3877 0.0234169 -0.0332763
1 36.389 19.3896 0.0299602 -0.044708
1 37.5003 19.3931 0.0159048 -0.0556617
1 38.611 19.3977 0.0113517 -0.0603559
1 39.7216 19.4021 0.0176069 -0.0604777
1 40.8328 19.4066 0.0163759 -0.0625501
1 41.943 19.4104 0.019628 -0.0712428
1 43.0518 19.4137 0.0194244 -0.0768859
1 44.1677 19.4168 0.0239493 -0.0657505
1 0.0721585 20.3842 -0.00349755 -0.0588749
1 1.18849 20.3817 -0.0069477 -0.068392
1 2.29755 20.3781 -0.0139299 -0.0629427
1 3.40737 20.3734 -0.0179892 -0.0569495
1 4.51795 20.3686 -0.0173889 -0.0509877
1 5.62814 20.3643 -0.00801931 -0.0427344
1 6.73888 20.3602 -0.0106014 -0.0398885
1 7.85009 20.3571 -0.0364754 -0.0338461
1 8.9606 20.3555 -0.0364602 -0.023067
1 10.0697 20.3558 -0.0231017 -0.00600382
1 11.1788 20.357 -0.0154202 -0.000689609
1 12.2915 20.3592 -0.0231209 -0.0140849
1 13.408 20.3609 -0.0241785 -0.0260408
1 14.5259 20.3606 0.00281161 -0.0349785
1 15.6461 20.3592 0.0241016 -0.0347393
1 16.7689 20.3572 0.0310489 -0.023809
1 17.8948 20.3552 0.027681 -0.0160826
1 19.024 20.3542 0.0283374 -0.0197148
1 20.1531 20.3545 0.040676 -0.0260182
1 21.2783 20.3547 0.0347316 -0.028307
1 22.4006 20.3545 -0.0145837 -0.0260001
1 23.5238 20.3544 -0.0363152 -0.0249293
1 24.6507 20.3542 -0.0290393 -0.0211182
1 25.78 20.3548 -0.0298268 -0.0167243
1 26.9084 20.3565 -0.0314497 -0.0186094
1 28.033 20.3587 -0.0295886 -0.0311326
1 29.1545 20.3602 -0.0213946 -0.0364978
1 30.2738 20.3612 0.00449022 -0.0310022
1 31.3912 20.3607 0.0264045 -0.020544
1 32.5053 20.3586 0.0285262 -0.00619606
1 33.6155 20.3567 0.0302873 0.000693969
1 34.725 20.356 0.0243947 -0.0125117
1 35.8355 20.3564 0.0300066 -0.0285409
1 36.9462 20.3589 0.0202885 -0.0387633
1 38.0566 20.3624 -0.00410628 -0.0405483
1 39.1665 20.3667 -0.000634351 -0.0466149
1 40.2767 20.3713 0.0106567 -0.051058
1 41.3875 20.3762 0.0119326 -0.062178
1 42.4975 20.3803 0.00323283 -0.0683653
1 43.6096 20.3827 -0.0131123 -0.0659919
1 0.630917 21.3496 0.0261729 -0.0510784
1 1.74386 21.3476 0.00211714 -0.0524982
1 2.8543 21.344 -0.0122947 -0.0529427
1 3.96477 21.3392 -0.0133812 -0.0529545
1 5.0738 21.3345 -0.00588426 -0.0436844
1 6.18262 21.3305 -0.00265099 -0.0366784
1 7.29237 21.3281 -0.0212835 -0.0307791
1 8.40262 21.3269 -0.0343989 -0.024953
1 9.5122 21.327 -0.0302598 -0.0165037
1 10.6213 21.3274 -0.0275556 -0.0119432
1 11.7319 21.3283 -0.0200262 -0.0184314
1 12.8475 21.3292 -0.016247 -0.0332482
1 13.9657 21.3295 0.00223849 -0.0469167
1 15.085 21.3285 0.0170342 -0.0484683
1 16.2061 21.3266 0.0213137 -0.0433502
1 17.3301 21.3252 0.0265889 -0.039479
1 18.4581 21.3248 0.0293026 -0.0380495
1 19.588 21.3247 0.0302556 -0.0399958
1 20.7159 21.3246 0.0390711 -0.0476372
1 21.8397 21.3245 0.0145504 -0.0513928
1 22.962 21.3245 -0.0376151 -0.0510788
1 24.0874 21.3246 -0.0436997 -0.0428828
1 25.2165 21.3248 -0.0282021 -0.0372024
1 26.3459 21.3251 -0.024216 -0.0368825
1 27.4719 21.3261 -0.0233654 -0.0408737
1 28.5945 21.3277 -0.0168179 -0.0475469
1 29.7147 21.3294 -0.00553249 -0.0491984
1 30.8332 21.33 0.0147481 -0.0394925
1 31.951 21.3295 0.0153575 -0.0235284
1 33.0645 21.3285 0.0105181 -0.0132968
1 34.1735 21.3277 0.0240148 -0.0139617
1 35.2821 21.3273 0.0401288 -0.0217612
1 36.3917 21.3274 0.0403268 -0.0260114
1 37.502 21.3293 0.015986 -0.0324618
1 38.6118 21.3326 0.0151501 -0.0400624
1 39.721 21.3372 0.025349 -0.0471828
1 40.831 21.3419 0.0226939 -0.0525221
1 41.9412 21.3465 0.0106954 -0.053313
1 43.0512 21.3491 -0.00454893 -0.0547554
1 44.1681 21.3491 -0.0121026 -0.0507259
1 0.0716914 22.3153 0.0199052 -0.0368598
1 1.19011 22.3151 0.0146289 -0.0343128
1 2.30085 22.3135 -0.00611935 -0.0357726
1 3.41128 22.3104 -0.0233428 -0.0395266
1 4.52074 22.3069 -0.0299774 -0.0379732
1 5.62849 22.303 -0.028298 -0.0328867
1 6.73673 22.3009 -0.0308032 -0.0248638
1 7.84572 22.3 -0.0438378 -0.0179152
1 8.95488 22.3008 -0.0357802 -0.0145187
1 10.0641 22.3012 -0.0191953 -0.0156253
1 11.1739 22.3012 -0.0042744 -0.0209219
1 12.288 22.3009 -0.00659382 -0.0263791
1 13.4058 22.301 -0.0134178 -0.03545
1 14.5246 22.3012 -0.00263394 -0.0416545
1 15.6449 22.3003 0.011753 -0.0411515
1 16.7667 22.299 0.0199126 -0.0394787
1 17.8922 22.2987 0.019965 -0.0355964
1 19.0223 22.2991 0.0254785 -0.0340889
1 20.1525 22.2991 0.0446114 -0.0370005
1 21.2782 22.2985 0.0409333 -0.0457027
1 22.4006 22.2983 -0.0127072 -0.0480263
1 23.5243 22.2988 -0.0406817 -0.0400032
1 24.652 22.2992 -0.0323885 -0.034307
1 25.7824 22.299 -0.0258913 -0.0349567
1 26.9111 22.2988 -0.0213384 -0.0371432
1 28.0348 22.2997 -0.018869 -0.0403406
1 29.1554 22.3012 -0.0158506 -0.0407392
1 30.2748 22.3017 -0.0018795 -0.038815
1 31.3933 22.3016 0.0111503 -0.0299373
1 32.5093 22.3019 0.0156268 -0.0240134
1 33.621 22.3019 0.0262207 -0.0204537
1 34.7309 22.3015 0.0299924 -0.0129573
1 35.8408 22.3006 0.0376691 -0.014469
1 36.95 22.3004 0.0309205 -0.0184679
1 38.058 22.302 0.0136452 -0.0307668
1 39.1651 22.3051 0.0182167 -0.0358699
1 40.2734 22.3089 0.0192202 -0.0427738
1 41.3843 22.3123 0.00710412 -0.0367948
1 42.4963 22.3147 -0.0103043 -0.034683
1 43.6107 22.3157 -0.032183 -0.0344696
1 0.630842 23.2806 0.0346204 -0.0133804
1 1.74495 23.2807 0.013744 -0.0114036
1 2.85726 23.2798 -0.00600376 -0.00978706
1 3.96841 23.2786 -0.0161557 -0.0109076
1 5.0763 23.2773 -0.01965 -0.00942602
1 6.18176 23.2761 -0.0249205 -0.00650575
1 7.28808 23.2754 -0.037616 -0.00129942
1 8.39647 23.2757 -0.0371613 -0.00110712
1 9.5072 23.276 -0.0232891 -0.000727515
1 10.6185 23.2759 -0.0187961 -0.00679858
1 11.7309 23.2758 -0.0154507 -0.0086728
1 12.8468 23.2753 -0.0142563 -0.00705882
1 13.9644 23.2755 -0.000161468 -0.0114083
1 15.0837 23.2756 0.0125463 -0.0140968
1 16.2046 23.2753 0.016187 -0.0134993
1 17.328 23.2749 0.0186863 -0.0127081
1 18.4563 23.275 0.0224928 -0.0114192
1 19.5876 23.2754 0.0317636 -0.00916127
1 20.7165 23.2751 0.0455258 -0.0121211
1 21.8398 23.2747 0.0169562 -0.0164334
1 22.9615 23.2748 -0.0414333 -0.0148045
1 24.0875 23.2753 -0.0468835 -0.00958247
1 25.218 23.2753 -0.024213 -0.00950595
1 26.3483 23.2749 -0.015786 -0.0110284
1 27.4737 23.2751 -0.0190837 -0.0115717
1 28.5957 23.2758 -0.0152627 -0.0122827
1 29.716 23.2761 -0.00192493 -0.0129801
1 30.8342 23.2761 0.0159579 -0.00947059
1 31.9517 23.2764 0.0125562 -0.00878861
1 33.0666 23.2767 -0.0011787 -0.00944858
1 34.1773 23.2766 0.00724327 -0.00329255
1 35.2871 23.2764 0.0327662 -0.000592527
1 36.3962 23.2758 0.051019 -0.00326486
1 37.5039 23.2757 0.0443101 -0.00529908
1 38.6107 23.2765 0.0415707 -0.00768854
1 39.7178 23.278 0.0370932 -0.0117933
1 40.8277 23.2791 0.020091 -0.0129439
1 41.9392 23.2805 0.00425439 -0.0109347
1 43.0508 23.281 -0.0159802 -0.0113295
1 44.1691 23.2819 -0.0257835 -0.0152537
1 0.0710174 24.2457 0.0240774 0.0136951
1 1.18937 24.2465 0.0158629 0.0110862
1 2.30109 24.2469 -0.00394367 0.010933
1 3.41237 24.2482 -0.0209912 0.0127834
1 4.52194 24.2494 -0.0382164 0.0133766
1 5.62894 24.251 -0.0413461 0.010009
1 6.7358 24.2518 -0.0424389 0.006995
1 7.8436 24.2517 -0.0512216 0.00426195
1 8.95284 24.2512 -0.0335221 0.000903163
1 10.0628 24.251 -0.0085789 0.00266922
1 11.1736 24.2508 0.000368026 0.00882309
1 12.2884 24.251 -0.0111174 0.00991425
1 13.4058 24.2511 -0.0160934 0.010549
1 14.5238 24.2509 -0.000566588 0.0135766
1 15.6441 24.2513 0.0141308 0.0121447
1 16.7662 24.252 0.0201073 0.011075
1 17.8913 24.2523 0.0165081 0.0106332
1 19.0214 24.252 0.0224803 0.00946791
1 20.1525 24.2519 0.0466828 0.0100227
1 21.2788 24.2523 0.0436735 0.0156772
1 22.4005 24.2525 -0.0148266 0.0169647
1 23.5238 24.2522 -0.043921 0.0126151
1 24.6523 24.2519 -0.0322295 0.0101109
1 25.7834 24.2521 -0.0218865 0.011496
1 26.9118 24.2522 -0.0180397 0.012489
1 28.0352 24.2517 -0.0169208 0.0132132
1 29.1561 24.2515 -0.0149802 0.0138437
1 30.2755 24.2517 -0.000290365 0.0116581
1 31.3934 24.252 0.0144841 0.00787067
1 32.5092 24.2517 0.0142341 0.00890796
1 33.6217 24.2516 0.0181237 0.00696723
1 34.7329 24.2516 0.0240393 0.000669673
1 35.8437 24.2519 0.038378 0.00141535
1 36.9519 24.2522 0.0392321 0.00228541
1 38.0581 24.2514 0.0250733 0.00849828
1 39.1637 24.2501 0.0210205 0.0115289
1 40.2717 24.2487 0.0167775 0.0116784
1 41.3828 24.2475 0.00674356 0.00933721
1 42.4952 24.2467 -0.0138936 0.0114139
1 43.6094 24.2469 -0.0354001 0.0130331
1 0.629705 25.212 0.0306625 0.034177
1 1.74387 25.2129 0.00914462 0.0341879
1 2.85564 25.2154 -0.00692659 0.0359599
1 3.96655 25.2187 -0.0187961 0.0418818
1 5.07476 25.2226 -0.0174955 0.0348327
1 6.18171 25.2256 -0.01469 0.0308499
1 7.28982 25.2271 -0.0300975 0.0197503
1 8.39919 25.2271 -0.0369076 0.0151203
1 9.50915 25.2262 -0.0285871 0.0131452
1 10.6192 25.2258 -0.0268132 0.0203837
1 11.731 25.2257 -0.0167403 0.02495
1 12.8469 25.2257 -0.0111054 0.0310873
1 13.9651 25.2255 0.00124028 0.0399011
1 15.0845 25.226 0.0137243 0.0413598
1 16.2049 25.2276 0.0180145 0.0403932
1 17.3284 25.2286 0.0214337 0.0373768
1 18.4571 25.2284 0.0262377 0.0351594
1 19.5878 25.2281 0.0314427 0.035015
1 20.7159 25.2285 0.041639 0.0415181
1 21.8397 25.2289 0.0147225 0.0486815
1 22.9621 25.2289 -0.039992 0.0471252
1 24.0876 25.2283 -0.0452295 0.0378135
1 25.2174 25.2282 -0.0262504 0.035212
1 26.3475 25.2284 -0.0187153 0.0361633
1 27.4733 25.2281 -0.0187766 0.0397712
1 28.595 25.2269 -0.0129756 0.0416169
1 29.7152 25.2261 -0.000441037 0.0421127
1 30.8341 25.2263 0.0129538 0.0363982
1 31.9519 25.2265 0.00801825 0.0271693
1 33.0661 25.2264 0.00449598 0.0218227
1 34.176 25.2265 0.017838 0.0157182
1 35.2852 25.227 0.0345288 0.0147552
1 36.3944 25.2278 0.0441829 0.0179885
1 37.5033 25.2267 0.0332268 0.0251685
1 38.6114 25.2246 0.0284959 0.0328825
1 39.7191 25.2206 0.0298746 0.0371603
1 40.8288 25.217 0.0224829 0.0386201
1 41.9394 25.2139 0.00691461 0.0345308
1 43.0501 25.2125 -0.0144174 0.0340956
1 44.1685 25.2123 -0.0209033 0.0366769
1 0.0719176 26.1786 0.0100835 0.0504231
1 1.1889 26.1787 0.00346628 0.0546102
1 2.29895 26.1814 -0.0102852 0.0538068
1 3.40898 26.1859 -0.0225471 0.0520084
1 4.51877 26.1906 -0.0250381 0.0470499
1 5.62798 26.1951 -0.0158017 0.0396706
1 6.73782 26.1984 -0.0148056 0.0321912
1 7.8481 26.2002 -0.0399941 0.0262481
1 8.95779 26.2004 -0.0416919 0.0221089
1 10.0665 26.1999 -0.0259512 0.0148736
1 11.1756 26.1991 -0.011093 0.0135021
1 12.2891 26.1981 -0.0148102 0.0244984
1 13.4068 26.1975 -0.0150621 0.0400826
1 14.5252 26.1979 0.0035264 0.0502305
1 15.6454 26.1997 0.0159496 0.0476598
1 16.7679 26.2014 0.0243199 0.0408007
1 17.8935 26.2023 0.0252845 0.0363378
1 19.0229 26.2026 0.0275068 0.0368538
1 20.1525 26.2027 0.0439692 0.0432022
1 21.2783 26.2028 0.0388178 0.0510646
1 22.4006 26.2029 -0.0134782 0.0514912
1 23.5244 26.2029 -0.0387844 0.0466453
1 24.6521 26.2027 -0.0307497 0.0401962
1 25.7817 26.2025 -0.0284041 0.0377712
1 26.9097 26.2021 -0.0262981 0.0394672
1 28.0338 26.2008 -0.0225194 0.0441476
1 29.1549 26.199 -0.019373 0.0490821
1 30.2741 26.198 -0.00342625 0.0472283
1 31.3926 26.1983 0.0157427 0.0336712
1 32.5082 26.1992 0.019146 0.0193869
1 33.6188 26.2002 0.0279575 0.0131243
1 34.7278 26.2007 0.0315185 0.0170041
1 35.8376 26.2007 0.0361992 0.0254718
1 36.9478 26.1995 0.0230241 0.0303987
1 38.0574 26.1971 0.00256956 0.0359069
1 39.1663 26.1931 0.00735095 0.043565
1 40.2753 26.1884 0.0141062 0.0529145
1 41.3858 26.1836 0.0126741 0.0534244
1 42.4963 26.1799 -0.00273691 0.0521232
1 43.6094 26.1779 -0.0259913 0.0504673
1 0.630592 27.145 0.0112596 0.0655038
1 1.74255 27.1476 -0.00444788 0.0679292
1 2.85242 27.1517 -0.0116898 0.0618965
1 3.96332 27.1564 -0.0101971 0.0504728
1 5.07348 27.161 0.00166304 0.0458072
1 6.18334 27.1653 0.0036847 0.0401464
1 7.29386 27.1687 -0.0186938 0.03801
1 8.40466 27.171 -0.0284273 0.0279718
1 9.51499 27.1715 -0.0240649 0.0131659
1 10.6247 27.1707 -0.0306811 2.06178e-05
1 11.7349 27.1689 -0.0292423 0.00629683
1 12.849 27.1668 -0.0267955 0.0209057
1 13.9662 27.1662 -0.00530683 0.0319016
1 15.0854 27.1671 0.0201064 0.0364192
1 16.2068 27.1687 0.0296724 0.0302883
1 17.3312 27.1709 0.032449 0.0184057
1 18.4596 27.1725 0.0315062 0.0166618
1 19.5892 27.1731 0.0287752 0.0206032
1 20.7164 27.1729 0.036492 0.0244817
1 21.8396 27.1729 0.0154736 0.0244442
1 22.9619 27.1727 -0.0341854 0.0264893
1 24.087 27.1729 -0.0415942 0.0244694
1 25.2158 27.173 -0.0286011 0.019057
1 26.345 27.1721 -0.0269259 0.0158126
1 27.4711 27.1701 -0.0308044 0.0238539
1 28.5938 27.1683 -0.0258943 0.0355755
1 29.714 27.167 -0.00562479 0.0346887
1 30.8319 27.1666 0.0232854 0.0261436
1 31.9485 27.1681 0.0234202 0.0140718
1 33.0612 27.1705 0.0143919 0.00168332
1 34.1702 27.1716 0.0217545 0.00650357
1 35.2793 27.1719 0.0350759 0.0239839
1 36.3898 27.1704 0.0373867 0.0340537
1 37.501 27.1673 0.0113503 0.0394228
1 38.6117 27.1632 0.00726416 0.041658
1 39.722 27.159 0.017868 0.0501415
1 40.8327 27.1542 0.0184431 0.057481
1 41.9427 27.1495 0.0155675 0.0634686
1 43.0518 27.1457 0.00708437 0.0682848
1 44.1682 27.1432 0.00210591 0.0595493
1 0.072315 28.1109 -0.0257073 0.065543
1 1.18818 28.1141 -0.0200503 0.0758168
1 2.29713 28.1176 -0.0184403 0.0700138
1 3.40725 28.1213 -0.0163598 0.0616747
1 4.51839 28.1257 -0.0168295 0.0599746
1 5.62891 28.1301 -0.0114712 0.0588244
1 6.73971 28.1345 -0.0149282 0.0546674
1 7.85097 28.138 -0.0294611 0.0443962
1 8.96247 28.1398 -0.0257414 0.0332837
1 10.0726 28.1396 -0.0174778 0.0176631
1 11.1819 28.1383 -0.018746 0.0116631
1 12.2944 28.1354 -0.0303101 0.0204281
1 13.4098 28.1325 -0.0331817 0.0245474
1 14.5267 28.1317 -0.00651112 0.0295101
1 15.6464 28.1322 0.0200536 0.0314106
1 16.7691 28.1337 0.0349496 0.0215266
1 17.8955 28.136 0.0323454 0.010801
1 19.0254 28.138 0.0264917 0.0101276
1 20.1544 28.1384 0.0378533 0.0120473
1 21.2791 28.1376 0.0337311 0.00463402
1 22.4008 28.1375 -0.0120833 0.000434906
1 23.5232 28.1381 -0.0312883 0.00979334
1 24.6496 28.1385 -0.0254772 0.0127353
1 25.7792 28.1374 -0.0308086 0.0100424
1 26.9082 28.1352 -0.0377321 0.014733
1 28.0328 28.1332 -0.0292846 0.0271445
1 29.1538 28.1323 -0.0145914 0.0317846
1 30.272 28.1323 0.0103874 0.0264199
1 31.3881 28.1343 0.0326713 0.0214189
1 32.5018 28.1374 0.0360673 0.0154549
1 33.6124 28.1394 0.0294964 0.0146312
1 34.7227 28.1401 0.0222166 0.0274903
1 35.8345 28.1395 0.0281485 0.0407983
1 36.9461 28.1368 0.0151706 0.0552556
1 38.0566 28.1327 -0.00409438 0.0591268
1 39.1664 28.1279 -4.11392e-05 0.0607734
1 40.2773 28.1235 0.00614627 0.0609743
1 41.3891 28.1193 0.00670369 0.0679914
1 42.4998 28.1156 0.00632196 0.0744964
1 43.612 28.1121 -0.00137723 0.0729073
1 0.627178 29.0806 -0.00224348 0.0790233
1 1.74001 29.0838 -0.00497488 0.0737796
1 2.85133 29.0867 -0.00658721 0.0691227
1 3.96321 29.0906 -0.00816227 0.0718927
1 5.07378 29.0951 -9.68054e-05 0.0733415
1 6.18308 29.0998 0.00214002 0.0702197
1 7.29369 29.1038 -0.0107878 0.0660006
1 8.40594 29.1063 -0.0197181 0.0592493
1 9.5184 29.1072 -0.0194353 0.0465913
1 10.6295 29.1067 -0.027035 0.041028
1 11.741 29.1044 -0.033935 0.0409323
1 12.8549 29.101 -0.0364784 0.0402737
1 13.9697 29.0981 -0.0226303 0.0443515
1 15.0868 29.0963 0.000929513 0.0470013
1 16.2072 29.096 0.0201906 0.0414139
1 17.3314 29.0974 0.0365558 0.0375602
1 18.4603 29.0997 0.0337204 0.0366367
1 19.5912 29.1014 0.0275338 0.0332085
1 20.7185 29.1015 0.033662 0.0228011
1 21.8404 29.1011 0.0134614 0.00941625
1 22.9606 29.1013 -0.0312317 0.0145274
1 24.0849 29.1019 -0.0368153 0.0286832
1 25.2143 29.1012 -0.0268942 0.034012
1 26.3445 29.099 -0.030321 0.0363069
1 27.4707 29.0967 -0.0293214 0.0378176
1 28.5929 29.0963 -0.0119286 0.0456434
1 29.7117 29.0977 0.0147936 0.0471674
1 30.8275 29.0998 0.037203 0.0423564
1 31.9426 29.103 0.0296347 0.0403672
1 33.0556 29.1063 0.0146805 0.0403479
1 34.1658 29.1076 0.0106994 0.0449578
1 35.2767 29.1073 0.0197279 0.0541317
1 36.3885 29.1057 0.0246033 0.0621047
1 37.5002 29.1022 0.0135286 0.0683093
1 38.6111 29.0976 0.0154986 0.0750416
1 39.7215 29.0926 0.026045 0.0716064
1 40.833 29.0884 0.0174616 0.069403
1 41.9442 29.085 0.0183382 0.0732622
1 43.0541 29.0822 0.0260673 0.0769237
1 44.17 29.0787 0.034273 0.0751456
1 0.067315 30.0469 -0.0347849 0.0864393
1 1.18469 30.05 -0.0234824 0.0736871
1 2.29569 30.0527 -0.0212665 0.0764007
1 3.40678 30.0561 -0.0264164 0.0808066
1 4.51812 30.0606 -0.0289373 0.0807754
1 5.62852 30.0659 -0.0166474 0.0825136
1 6.73952 30.0701 -0.00892255 0.0780484
1 7.85139 30.0737 -0.0221972 0.0768658
1 8.96341 30.0754 -0.0225349 0.0717051
1 10.0748 30.0755 -0.0132152 0.0657072
1 11.1861 30.0742 -0.0107224 0.0635875
1 12.2996 30.0717 -0.0265451 0.0656802
1 13.4143 30.0687 -0.0366861 0.0684648
1 14.5299 30.0651 -0.0167757 0.0693582
1 15.6481 30.0624 0.00499979 0.0643925
1 16.7693 30.0619 0.0197421 0.0631499
1 17.8948 30.0633 0.0239247 0.067446
1 19.0253 30.0653 0.0295156 0.0703226
1 20.1556 30.0668 0.0469132 0.0625021
1 21.2803 30.0676 0.0403852 0.0461371
1 22.4003 30.068 -0.0118078 0.0404608
1 23.5219 30.0676 -0.0397525 0.0536945
1 24.6491 30.0665 -0.0340488 0.0657429
1 25.7801 30.0646 -0.0295074 0.066711
1 26.9087 30.0629 -0.0283397 0.0647794
1 28.0315 30.0623 -0.0171713 0.0655272
1 29.151 30.064 0.000564541 0.0671195
1 30.268 30.0674 0.0215677 0.0682886
1 31.3831 30.0706 0.0338066 0.0678119
1 32.497 30.0734 0.0309045 0.0664978
1 33.6092 30.0756 0.0241409 0.0647273
1 34.7213 30.0763 0.0166798 0.0677999
1 35.834 30.0751 0.0212968 0.074564
1 36.946 30.0723 0.0153893 0.0778508
1 38.0569 30.068 -0.000123853 0.0835121
1 39.1669 30.0632 0.00524013 0.0842875
1 40.2773 30.0582 0.015806 0.0852576
1 41.3893 30.054 0.0133394 0.0804288
1 42.5013 30.0511 0.00665607 0.0773458
1 43.6153 30.049 0.00116067 0.0806962
1 0.622638 31.0166 0.0081949 0.0753399
1 1.73698 31.0183 -0.0126931 0.0743822
1 2.84902 31.0217 -0.0200502 0.0781105
1 3.9612 31.026 -0.0179703 0.0770299
1 5.07213 31.0311 -0.0105239 0.0746054
1 6.18285 31.0359 -0.00453116 0.0744531
1 7.29413 31.0405 -0.0173194 0.0732884
1 8.40635 31.0432 -0.0210454 0.0685512
1 9.51906 31.0438 -0.0144238 0.0655597
1 10.6317 31.0431 -0.0200691 0.0667372
1 11.744 31.0419 -0.0288577 0.0683518
1 12.858 31.0396 -0.0285125 0.0695559
1 13.9736 31.0359 -0.0166501 0.0712851
1 15.0904 31.0318 -0.00124902 0.0640334
1 16.209 31.0294 0.0106326 0.0594951
1 17.3314 31.0289 0.0205597 0.0659921
1 18.4596 31.0297 0.0267469 0.0694267
1 19.5905 31.0319 0.0379985 0.0662223
1 20.7183 31.0344 0.0493461 0.0581467
1 21.8406 31.0359 0.0172332 0.0514541
1 22.9612 31.0355 -0.0437036 0.0538854
1 24.0858 31.0337 -0.0498684 0.060729
1 25.215 31.0312 -0.0299599 0.0673047
1 26.3444 31.0296 -0.0195105 0.068516
1 27.4693 31.0294 -0.0168601 0.0617959
1 28.5898 31.0308 -0.00770369 0.0627639
1 29.7078 31.0342 0.0142439 0.0703591
1 30.824 31.0383 0.0342366 0.072278
1 31.9397 31.0412 0.0235394 0.0696319
1 33.0532 31.043 0.0117165 0.065517
1 34.1645 31.0443 0.0116592 0.0652445
1 35.2765 31.0443 0.0222803 0.0672307
1 36.3889 31.0423 0.0282291 0.0730675
1 37.5005 31.0387 0.0159498 0.074181
1 38.6117 31.0339 0.0170998 0.0759641
1 39.7227 31.0285 0.0307282 0.0748805
1 40.8343 31.0237 0.0359464 0.07911
1 41.9456 31.0199 0.0304962 0.0793948
1 43.0564 31.0173 0.0245389 0.0745707
1 44.1742 31.0165 0.0255466 0.0864703
1 0.0632194 31.9839 -0.0219005 0.0701864
1 1.18062 31.9841 -0.0254225 0.0742553
1 2.29106 31.9869 -0.0299593 0.0703527
1 3.40269 31.9901 -0.0328924 0.0635747
1 4.51503 31.9946 -0.038565 0.0570394
1 5.62656 31.9996 -0.0310978 0.0564498
1 6.73846 32.0048 -0.0247348 0.0530864
1 7.85102 32.0081 -0.0350178 0.0465991
1 8.96357 32.0098 -0.0293693 0.045614
1 10.0757 32.0098 -0.0191076 0.0488208
1 11.1872 32.0093 -0.0159278 0.0469724
1 12.3007 32.0074 -0.0226999 0.0526272
1 13.4167 32.0044 -0.0313099 0.0539774
1 14.5329 32.0004 -0.0124652 0.0477566
1 15.6507 31.9964 0.0073722 0.0433625
1 16.7714 31.9941 0.0148056 0.0424612
1 17.8961 31.9939 0.0192279 0.0435612
1 19.0246 31.9953 0.0327622 0.0410949
1 20.1537 31.998 0.0488069 0.03719
1 21.2794 32.0006 0.0426802 0.0391713
1 22.4009 32.0016 -0.0123362 0.0403459
1 23.5234 31.9998 -0.0458971 0.0348863
1 24.6504 31.9969 -0.0395738 0.0357841
1 25.7795 31.9948 -0.0275969 0.0416517
1 26.9067 31.9942 -0.0148296 0.0426551
1 28.0289 31.9955 -0.00940423 0.0443543
1 29.1483 31.9986 -0.00221819 0.0480353
1 30.2658 32.0029 0.0156114 0.0518708
1 31.382 32.0067 0.0279473 0.0540804
1 32.4965 32.0091 0.0260736 0.0506654
1 33.6085 32.0101 0.0250912 0.045719
1 34.7203 32.0107 0.0218796 0.0482375
1 35.8334 32.0097 0.0273794 0.0468229
1 36.9461 32.0072 0.0273088 0.0540959
1 38.0577 32.0028 0.0173096 0.0523973
1 39.1688 31.9975 0.0221103 0.0561356
1 40.2802 31.9925 0.0264815 0.0591252
1 41.3927 31.9885 0.0262944 0.0687441
1 42.5042 31.9854 0.0185047 0.0723868
1 43.6172 31.9839 -0.00200331 0.0755085
1 0.620868 32.9503 -0.00988839 0.0677862
1 1.73307 32.9519 -0.0207639 0.0700227
1 2.84451 32.954 -0.028901 0.0698306
1 3.95637 32.9574 -0.0355779 0.0644361
1 5.06777 32.9619 -0.0358689 0.0588165
1 6.1795 32.9669 -0.03081 0.050483
1 7.2925 32.971 -0.0426431 0.048767
1 8.40545 32.9736 -0.0429375 0.0434352
1 9.5189 32.9748 -0.0306848 0.0449145
1 10.6314 32.9746 -0.0309599 0.0441207
1 11.7435 32.9737 -0.0332038 0.0512335
1 12.858 32.9713 -0.0304588 0.0565448
1 13.9742 32.9674 -0.0192389 0.0534021
1 15.092 32.9628 -0.000758923 0.0529764
1 16.2116 32.9593 0.0107797 0.0520067
1 17.3337 32.9577 0.0193664 0.043615
1 18.4603 32.9583 0.0304796 0.0369247
1 19.589 32.9605 0.0377658 0.0394786
1 20.7163 32.963 0.0400524 0.0452685
1 21.8399 32.9648 0.0127748 0.0491692
1 22.9624 32.9643 -0.0354201 0.0464172
1 24.0876 32.9621 -0.0410131 0.0389712
1 25.2154 32.9598 -0.0324795 0.037205
1 26.3429 32.9582 -0.024628 0.040948
1 27.4673 32.9585 -0.0130558 0.0477764
1 28.5881 32.9613 -0.00391346 0.0539486
1 29.707 32.9655 0.0128827 0.0566039
1 30.8239 32.9698 0.0327521 0.055672
1 31.94 32.9733 0.0255978 0.0539911
1 33.0539 32.9749 0.0178461 0.0459578
1 34.1651 32.9755 0.0254701 0.0441574
1 35.2768 32.9753 0.0416848 0.0421226
1 36.3897 32.9729 0.0500838 0.0423498
1 37.5031 32.9697 0.0430737 0.048585
1 38.6161 32.9648 0.0475894 0.0550508
1 39.728 32.96 0.055243 0.0635877
1 40.8395 32.9558 0.040576 0.067986
1 41.9506 32.9532 0.0332692 0.0702209
1 43.0604 32.9509 0.0285624 0.0731396
1 44.1777 32.9497 0.0328299 0.0587897
1 0.0592834 33.9143 -0.0500937 0.0524274
1 1.17744 33.9171 -0.0399173 0.0624788
1 2.28742 33.9194 -0.0391705 0.0735485
1 3.39711 33.9222 -0.0451099 0.078249
1 4.50764 33.925 -0.0606867 0.0707343
1 5.61931 33.9288 -0.0622626 0.0588348
1 6.73308 33.9328 -0.0690128 0.0504662
1 7.84724 33.9365 -0.0739989 0.0435841
1 8.96094 33.9388 -0.0564636 0.0453099
1 10.0736 33.9398 -0.0391579 0.0465893
1 11.1849 33.9397 -0.0311673 0.0520268
1 12.2992 33.9378 -0.0315473 0.0595823
1 13.4158 33.9344 -0.0383003 0.0608534
1 14.5327 33.9299 -0.0190896 0.065637
1 15.6515 33.9255 0.00311979 0.0645277
1 16.7725 33.923 0.0160414 0.0504047
1 17.8962 33.9229 0.0275106 0.042096
1 19.0233 33.9247 0.0332985 0.0423006
1 20.1517 33.9265 0.0380849 0.0493772
1 21.278 33.9277 0.0363601 0.0582022
1 22.4012 33.9281 -0.0103473 0.0608663
1 23.5254 33.9274 -0.0392319 0.0555403
1 24.6525 33.9259 -0.0332424 0.0447754
1 25.7802 33.9242 -0.0296491 0.0414097
1 26.9062 33.923 -0.0225059 0.0463725
1 28.0283 33.9242 -0.00950993 0.0581695
1 29.1481 33.9281 0.00203408 0.0659436
1 30.2666 33.9329 0.0188135 0.0626705
1 31.3831 33.9368 0.0381398 0.0594296
1 32.4979 33.9395 0.0451619 0.058681
1 33.6105 33.9403 0.0485684 0.0490269
1 34.7235 33.94 0.0518356 0.0429081
1 35.8379 33.9385 0.0675194 0.0409282
1 36.9518 33.9353 0.0686112 0.0470684
1 38.0651 33.9313 0.0513628 0.0564173
1 39.1769 33.9274 0.0474653 0.0647579
1 40.2876 33.924 0.0429618 0.0754216
1 41.398 33.9209 0.0354237 0.0772101
1 42.5085 33.9184 0.0283621 0.0691378
1 43.6211 33.9161 0.019259 0.0588051
1 0.616336 34.8809 -0.0329938 0.0534902
1 1.72908 34.8844 -0.0443174 0.0701905
1 2.83912 34.8884 -0.0453951 0.0768708
1 3.94897 34.8911 -0.044822 0.0832258
1 5.05824 34.893 -0.0514368 0.0761169
1 6.16864 34.8954 -0.0644747 0.0623751
1 7.2819 34.8986 -0.0882647 0.0446578
1 8.39676 34.9022 -0.087917 0.0377018
1 9.51215 34.9043 -0.0731327 0.0388647
1 10.626 34.9053 -0.0672944 0.0478277
1 11.7399 34.9042 -0.0610648 0.0585294
1 12.8557 34.9016 -0.0527231 0.0585716
1 13.9723 34.8977 -0.0330067 0.0617287
1 15.0908 34.8928 -0.0080023 0.0640462
1 16.2108 34.8891 0.00713962 0.0514314
1 17.3319 34.8882 0.0219097 0.0365853
1 18.4575 34.8895 0.0299337 0.033075
1 19.586 34.8908 0.0305126 0.0402684
1 20.7142 34.8913 0.0306434 0.0522969
1 21.8397 34.8913 0.00897391 0.058232
1 22.9636 34.8913 -0.0310811 0.0560542
1 24.0902 34.8913 -0.0354687 0.0472847
1 25.2187 34.8907 -0.0254304 0.0343915
1 26.3457 34.8892 -0.0212265 0.0329978
1 27.4691 34.8887 -0.0127295 0.0447093
1 28.5895 34.891 0.00392609 0.0590988
1 29.7083 34.8957 0.0257249 0.0641108
1 30.8261 34.9001 0.0486139 0.0590613
1 31.9435 34.9033 0.0502911 0.0557639
1 33.0589 34.9056 0.0525239 0.052103
1 34.1717 34.9056 0.0636912 0.0419467
1 35.285 34.9037 0.0812467 0.0362492
1 36.3998 34.901 0.0964083 0.0368454
1 37.5143 34.8976 0.083713 0.0543586
1 38.6269 34.8949 0.0734487 0.0703699
1 39.7373 34.8922 0.0703677 0.0801931
1 40.8469 34.8904 0.0563913 0.0818589
1 41.9561 34.8869 0.0603918 0.0750365
1 43.0658 34.8826 0.0635479 0.0628465
1 44.1845 34.8777 0.0701507 0.0483297
1 0.0519917 35.8427 -0.0821009 0.0447338
1 1.17045 35.8475 -0.0836053 0.06358
1 2.28036 35.8527 -0.0764631 0.0652442
1 3.39027 35.8567 -0.0724046 0.0746818
1 4.49934 35.8592 -0.0749462 0.0832144
1 5.60813 35.8605 -0.0687397 0.0783988
1 6.71872 35.8611 -0.0769357 0.05898
1 7.83202 35.8635 -0.102371 0.0323778
1 8.9469 35.8665 -0.0994714 0.0278069
1 10.0614 35.8688 -0.0890553 0.0346762
1 11.176 35.8691 -0.0760449 0.0469823
1 12.2929 35.8672 -0.0643206 0.0488637
1 13.4111 35.864 -0.0600511 0.0507827
1 14.5293 35.8595 -0.0337976 0.060025
1 15.6484 35.8551 -0.0119231 0.0519578
1 16.7685 35.8534 0.00754618 0.0338341
1 17.8913 35.8536 0.0225026 0.0267558
1 19.0188 35.8544 0.0154616 0.0312863
1 20.1485 35.8541 0.0214219 0.0421056
1 21.2766 35.8529 0.0291781 0.051249
1 22.4018 35.8526 -0.00558138 0.0503647
1 23.5275 35.8536 -0.0260121 0.0476769
1 24.6564 35.8544 -0.0173576 0.0362803
1 25.7856 35.8544 -0.0145663 0.02826
1 26.9113 35.8539 -0.0170713 0.0293793
1 28.0326 35.8543 -0.00280765 0.0411381
1 29.152 35.8574 0.0163269 0.0558001
1 30.2707 35.8624 0.0421006 0.0542766
1 31.3888 35.8659 0.0686695 0.0509075
1 32.5059 35.8684 0.08158 0.0517263
1 33.6214 35.8697 0.0878525 0.0380784
1 34.7369 35.8683 0.0901296 0.0280339
1 35.8526 35.8657 0.103053 0.0298404
1 36.9671 35.8627 0.0943742 0.0431395
1 38.0788 35.8611 0.0633355 0.0690692
1 39.1882 35.8604 0.0588004 0.0818265
1 40.2968 35.8587 0.0623561 0.0818632
1 41.4069 35.8555 0.0640958 0.0711906
1 42.5172 35.8508 0.0665698 0.0667594
1 43.6296 35.8448 0.0571574 0.0501113
1 0.606395 36.8096 -0.0744319 0.0531545
1 1.71849 36.8159 -0.0788156 0.0625919
1 2.82894 36.8205 -0.0818917 0.0706082
1 3.93941 36.8246 -0.0778585 0.0731159
1 5.0488 36.8268 -0.0645443 0.0774513
1 6.15754 36.827 -0.0542701 0.0760945
1 7.26705 36.8267 -0.0756427 0.0574604
1 8.37949 36.8281 -0.0912932 0.0346977
1 9.49453 36.8301 -0.0875115 0.0270033
1 10.6109 36.8313 -0.0925637 0.0328029
1 11.7283 36.8306 -0.0886709 0.039443
1 12.8471 36.8282 -0.0772666 0.0391188
1 13.9658 36.8251 -0.0500004 0.0473698
1 15.0848 36.8209 -0.0201671 0.0473841
1 16.2041 36.8182 -0.00233184 0.0310769
1 17.3256 36.8177 0.0111258 0.0230112
1 18.4522 36.8173 0.00701568 0.0255597
1 19.5824 36.816 0.00771548 0.031229
1 20.7126 36.8141 0.0169318 0.0405147
1 21.8399 36.8125 0.00384908 0.0419383
1 22.9649 36.813 -0.0202233 0.0381
1 24.0931 36.8152 -0.0128687 0.0354944
1 25.2237 36.817 -0.00145845 0.0290768
1 26.3521 36.8179 -0.00556928 0.0231268
1 27.4758 36.8184 -0.00461074 0.0248343
1 28.5961 36.8196 0.00960307 0.039973
1 29.7146 36.823 0.0348552 0.0479141
1 30.8333 36.8268 0.0648519 0.0396893
1 31.9535 36.8296 0.0752867 0.037422
1 33.0723 36.8313 0.088018 0.0362555
1 34.1884 36.8312 0.097048 0.0301781
1 35.3034 36.8295 0.0953889 0.0293156
1 36.4173 36.8274 0.090327 0.0427879
1 37.5288 36.8269 0.0669612 0.067153
1 38.6385 36.827 0.0702051 0.0788893
1 39.7481 36.8262 0.0857685 0.0787614
1 40.8581 36.8234 0.090364 0.0727551
1 41.9687 36.819 0.0917811 0.0623345
1 43.0793 36.8133 0.0981608 0.0594359
1 44.1977 36.8054 0.093257 0.0443002
1 0.0368052 37.7687 -0.0979045 0.0490867
1 1.15523 37.7785 -0.100258 0.0586651
1 2.2661 37.7848 -0.0961302 0.0688925
1 3.3769 37.789 -0.0909333 0.0725451
1 4.48787 37.7918 -0.0928652 0.07314
1 5.59876 37.7939 -0.0753079 0.074308
1 6.70896 37.7942 -0.0583308 0.0718809
1 7.81918 37.793 -0.068374 0.0576493
1 8.93128 37.7929 -0.0736551 0.0426344
1 10.0454 37.793 -0.0810761 0.0362114
1 11.162 37.7926 -0.0832967 0.0317618
1 12.2819 37.7909 -0.0776842 0.0300715
1 13.403 37.7888 -0.066432 0.0320514
1 14.5225 37.7863 -0.0303176 0.0368346
1 15.6414 37.7835 -0.00872926 0.0292881
1 16.7623 37.7819 0.00414488 0.020766
1 17.887 37.7807 0.00476806 0.0207758
1 19.0164 37.7785 -0.003041 0.0255555
1 20.1476 37.7757 0.0111157 0.0315946
1 21.2763 37.7729 0.0172772 0.0331975
1 22.4019 37.7721 -0.00762077 0.0321564
1 23.5282 37.7743 -0.0142918 0.0321274
1 24.6581 37.7773 -0.00141578 0.0283615
1 25.7893 37.7799 0.00483135 0.0247111
1 26.9172 37.7818 -0.00288651 0.0210671
1 28.0396 37.783 -0.00204981 0.0221699
1 29.1595 37.785 0.0116561 0.0319862
1 30.2787 37.7879 0.0476159 0.0332463
1 31.3984 37.79 0.0781629 0.0315641
1 32.5185 37.7919 0.0833485 0.0316323
1 33.6368 37.7928 0.079835 0.03106
1 34.753 37.7931 0.0754208 0.036575
1 35.8674 37.7931 0.0790376 0.0474425
1 36.9791 37.7934 0.0662776 0.064428
1 38.0887 37.7941 0.0545018 0.0744766
1 39.1984 37.7935 0.0684223 0.0775745
1 40.3092 37.7912 0.081351 0.0691855
1 41.4209 37.7872 0.0891586 0.0672649
1 42.5327 37.7819 0.0922701 0.0612782
1 43.646 37.775 0.0897955 0.0579188
1 0.587201 38.7394 -0.0937071 0.0578381
1 1.70139 38.747 -0.0969659 0.0625362
1 2.81399 38.7522 -0.0880431 0.0643844
1 3.9264 38.7559 -0.0831029 0.0726708
1 5.03795 38.7585 -0.0726144 0.0703627
1 6.14909 38.7603 -0.0635477 0.0671991
1 7.26017 38.7603 -0.0671487 0.0659392
1 8.3716 38.7588 -0.0675551 0.0633517
1 9.48498 38.7566 -0.0590721 0.0544751
1 10.6002 38.7541 -0.0643664 0.0412365
1 11.7179 38.7523 -0.0774165 0.0344647
1 12.8387 38.7505 -0.0767137 0.0275318
1 13.9591 38.7494 -0.0449271 0.0246964
1 15.079 38.7477 -0.0179314 0.025794
1 16.1999 38.7454 -0.00652083 0.0241456
1 17.3241 38.7434 -0.00321357 0.0258199
1 18.4531 38.7408 -0.00806036 0.0280879
1 19.5843 38.7374 0.00340363 0.0297103
1 20.7141 38.7341 0.0156769 0.0304559
1 21.8399 38.732 0.00060481 0.0297673
1 22.9639 38.7326 -0.0178422 0.0316079
1 24.0915 38.7358 -0.00689814 0.0319609
1 25.2223 38.7394 0.0104617 0.0305982
1 26.3527 38.7424 0.00958592 0.0268553
1 27.4791 38.7448 0.00423818 0.0230092
1 28.6012 38.7469 0.00832113 0.0241183
1 29.7211 38.7486 0.0265632 0.0251199
1 30.8416 38.7499 0.0606629 0.0237498
1 31.9633 38.7516 0.0732351 0.028902
1 33.083 38.7532 0.0702071 0.0358801
1 34.1989 38.7551 0.0672802 0.0484676
1 35.3129 38.7574 0.0676738 0.0561413
1 36.4253 38.7591 0.0661021 0.0635155
1 37.5364 38.7606 0.0576164 0.0721973
1 38.6475 38.7602 0.0679354 0.0712864
1 39.759 38.7575 0.083693 0.0703362
1 40.8711 38.754 0.0827202 0.0654694
1 41.9834 38.7497 0.0833453 0.061585
1 43.0953 38.7439 0.0883644 0.0584006
1 44.2138 38.7357 0.0871262 0.0663291
1 0.0212082 39.7016 -0.0822792 0.0817571
1 1.13931 39.708 -0.0885021 0.0640193
1 2.25249 39.7136 -0.0805344 0.0529706
1 3.36532 39.7182 -0.0775014 0.0629514
1 4.4774 39.7213 -0.0754352 0.0618709
1 5.58943 39.7243 -0.0687473 0.0589609
1 6.70194 39.7257 -0.0664481 0.0587625
1 7.81453 39.7247 -0.0698429 0.0588246
1 8.92764 39.7221 -0.0663563 0.0592654
1 10.0414 39.7179 -0.0615247 0.0543165
1 11.1557 39.7142 -0.0566031 0.037659
1 12.2743 39.7116 -0.0648259 0.0228716
1 13.3958 39.7102 -0.0616897 0.012478
1 14.5163 39.7096 -0.0380701 0.0118973
1 15.6379 39.7079 -0.0266545 0.0167939
1 16.7624 39.7051 -0.0208624 0.0210448
1 17.8902 39.7024 -0.0203047 0.0186476
1 19.0211 39.6994 -0.0121124 0.0163638
1 20.1515 39.6962 0.00601717 0.0188528
1 21.2778 39.6936 0.0097369 0.0155893
1 22.401 39.6929 -0.00306369 0.0169709
1 23.5257 39.6947 -0.00815506 0.0203576
1 24.6541 39.6977 0.00315153 0.0185415
1 25.7853 39.7012 0.0205287 0.019901
1 26.9156 39.7042 0.019739 0.0197454
1 28.0413 39.7068 0.0182381 0.0150278
1 29.1641 39.7091 0.0272484 0.0124984
1 30.285 39.7101 0.049687 0.0108542
1 31.4055 39.7105 0.0702956 0.0151319
1 32.5256 39.7125 0.0694559 0.0294379
1 33.6429 39.7156 0.062513 0.0453939
1 34.758 39.7195 0.0608892 0.0562987
1 35.8719 39.7234 0.0661088 0.0629174
1 36.9836 39.7259 0.0576241 0.063335
1 38.0946 39.726 0.049661 0.0615273
1 39.2064 39.7232 0.057932 0.0567603
1 40.3188 39.7198 0.066248 0.0650392
1 41.4316 39.7158 0.0717933 0.0594275
1 42.5457 39.7109 0.0732659 0.0577819
1 43.6613 39.706 0.0612932 0.0660567
1 0.575161 40.6713 -0.0491344 0.0818079
1 1.69082 40.6744 -0.0611631 0.0663806
1 2.80489 40.6795 -0.0633647 0.0635669
1 3.91886 40.6841 -0.0540492 0.0649186
1 5.03104 40.6871 -0.0432552 0.0653238
1 6.14287 40.6897 -0.0459132 0.0594228
1 7.25568 40.6901 -0.0604763 0.0603714
1 8.36875 40.688 -0.0681853 0.0646686
1 9.48281 40.6835 -0.0633436 0.0606079
1 10.5979 40.6784 -0.0532911 0.0471056
1 11.714 40.674 -0.0556271 0.0363483
1 12.8326 40.6713 -0.0642428 0.0175658
1 13.9522 40.6704 -0.0533957 0.00903653
1 15.0739 40.6689 -0.0431336 0.0147036
1 16.1985 40.6658 -0.0394404 0.0180091
1 17.3262 40.6627 -0.0363175 0.0143548
1 18.4575 40.6604 -0.0274481 0.00800608
1 19.5884 40.658 -0.00713771 0.00610759
1 20.7159 40.6557 0.00565329 0.00629586
1 21.8399 40.6545 0.00139266 0.00514386
1 22.9628 40.6548 -0.00866778 0.00680225
1 24.0887 40.6567 -0.0013048 0.00871418
1 25.218 40.6592 0.0239565 0.00865362
1 26.3492 40.6617 0.0351982 0.00880029
1 27.4786 40.6644 0.0376227 0.0130885
1 28.6046 40.6675 0.0427775 0.0165368
1 29.7277 40.67 0.0439466 0.012662
1 30.8484 40.6708 0.0542276 0.0103469
1 31.9684 40.6719 0.0557547 0.0238898
1 33.0861 40.6754 0.051283 0.0388436
1 34.2007 40.6804 0.0533191 0.0548321
1 35.314 40.6857 0.0560624 0.0688641
1 36.4264 40.69 0.0575523 0.06642
1 37.539 40.6913 0.0556535 0.0587812
1 38.6519 40.6892 0.0595049 0.0583119
1 39.764 40.6854 0.0620387 0.0685602
1 40.8765 40.6821 0.0659409 0.0662898
1 41.9897 40.677 0.072136 0.0636739
1 43.1026 40.6728 0.070803 0.0745334
1 44.2214 40.6719 0.0653741 0.0866288
1 0.0157361 41.6375 -0.0557438 0.0905191
1 1.13507 41.6374 -0.0575664 0.0804298
1 2.24771 41.6412 -0.0597136 0.0771323
1 3.36131 41.6455 -0.0631257 0.0700055
1 4.47481 41.65 -0.0615737 0.0743518
1 5.5876 41.6532 -0.0522444 0.0680662
1 6.70074 41.6548 -0.052425 0.0699488
1 7.81395 41.6539 -0.0591237 0.0689271
1 8.92719 41.6503 -0.0551198 0.0721559
1 10.0407 41.6439 -0.0530741 0.0620502
1 11.155 41.6382 -0.0509708 0.046978
1 12.2715 41.6341 -0.0484084 0.0325274
1 13.3901 41.632 -0.0523882 0.0210983
1 14.5105 41.6298 -0.0492881 0.0255406
1 15.6342 41.6259 -0.0478443 0.0245832
1 16.7614 41.622 -0.0484615 0.0163664
1 17.8917 41.62 -0.0440806 0.00805593
1 19.0231 41.6188 -0.0236037 8.19214e-06
1 20.1522 41.6173 -0.000204455 0.0018848
1 21.2778 41.6163 0.00758057 0.00057655
1 22.4012 41.6161 0.000167484 -0.00191902
1 23.5255 41.6168 -0.00574089 0.00209248
1 24.6529 41.618 0.0103452 0.000633681
1 25.7836 41.6194 0.0369993 0.0029269
1 26.9146 41.621 0.0435074 0.01038
1 28.0431 41.6237 0.0453574 0.0203322
1 29.1688 41.628 0.0497966 0.027598
1 30.2906 41.6311 0.0518756 0.0216709
1 31.4098 41.6325 0.0541727 0.0232748
1 32.5276 41.6354 0.0530707 0.0405331
1 33.6431 41.6405 0.0485317 0.0533545
1 34.7569 41.6471 0.0521044 0.0675686
1 35.8704 41.6531 0.0670505 0.0752093
1 36.9837 41.6557 0.0626477 0.0714856
1 38.0967 41.6548 0.0417286 0.0693151
1 39.2088 41.652 0.0367144 0.0734747
1 40.3209 41.6486 0.0478665 0.0753457
1 41.4343 41.6434 0.0511379 0.068873
1 42.5472 41.6388 0.0464211 0.0765429
1 43.6612 41.6369 0.0409136 0.0818521
1 0.577916 42.6015 -0.0367434 0.0772512
1 1.69207 42.6034 -0.0432647 0.0765609
1 2.80443 42.6068 -0.0447168 0.0733033
1 3.91741 42.6116 -0.046547 0.0705387
1 5.03041 42.6154 -0.0424738 0.0670243
1 6.14299 42.6186 -0.0487939 0.0670533
1 7.25669 42.6191 -0.0614195 0.0681187
1 8.37061 42.6167 -0.065539 0.0689501
1 9.48425 42.6112 -0.0534064 0.0666894
1 10.5977 42.6039 -0.0490174 0.055006
1 11.7129 42.5978 -0.0500502 0.0392489
1 12.8299 42.5942 -0.0528105 0.0258344
1 13.9489 42.5912 -0.0549829 0.0276094
1 15.0713 42.5861 -0.049765 0.0313738
1 16.1964 42.5808 -0.048056 0.0180692
1 17.3247 42.5784 -0.0479644 -0.00121725
1 18.4563 42.5777 -0.0352239 -0.0148988
1 19.5869 42.5775 -0.0097314 -0.0198369
1 20.7144 42.5774 0.00590108 -0.01915
1 21.8397 42.5772 0.00176856 -0.0200613
1 22.9641 42.5772 -0.00678268 -0.0196804
1 24.0902 42.5775 0.00141015 -0.0165304
1 25.2195 42.5777 0.0240141 -0.0164734
1 26.3504 42.5778 0.0408026 -0.0111723
1 27.4798 42.5793 0.0475808 0.00761016
1 28.6064 42.5834 0.0482923 0.025774
1 29.7302 42.5888 0.0483643 0.0291845
1 30.8511 42.5925 0.0549608 0.0232139
1 31.9699 42.5951 0.0532971 0.0307072
1 33.0862 42.5999 0.0507876 0.0466144
1 34.1997 42.6075 0.0490868 0.0652315
1 35.3122 42.6149 0.0521478 0.0700446
1 36.4251 42.6192 0.0552799 0.0698366
1 37.5386 42.6204 0.0551652 0.0693556
1 38.6519 42.6181 0.0561143 0.0681432
1 39.7648 42.6142 0.0615127 0.0688025
1 40.8784 42.6098 0.0573606 0.070296
1 41.9907 42.6051 0.0532268 0.0746818
1 43.1029 42.6015 0.0519915 0.0721454
1 44.2233 42.6 0.0515357 0.0719298
1 0.0176302 43.5646 -0.0421886 0.0698882
1 1.13725 43.5656 -0.0459069 0.0697738
1 2.24925 43.5694 -0.0436146 0.0696637
1 3.36068 43.5738 -0.0445553 0.0743098
1 4.47313 43.5774 -0.0545548 0.0728229
1 5.58609 43.5814 -0.0588854 0.0685026
1 6.70085 43.583 -0.0571734 0.0659596
1 7.81549 43.5825 -0.0545091 0.0641483
1 8.92879 43.5793 -0.0463214 0.0642695
1 10.0413 43.5725 -0.0407297 0.0608134
1 11.1545 43.564 -0.0467468 0.0518676
1 12.2703 43.5577 -0.0493392 0.0407404
1 13.3895 43.5533 -0.0585398 0.0312768
1 14.5113 43.5478 -0.0552281 0.0371568
1 15.6345 43.5412 -0.0416142 0.0296055
1 16.76 43.537 -0.0345015 0.00356373
1 17.8886 43.5359 -0.0317903 -0.0157468
1 19.0192 43.5362 -0.0186942 -0.0269376
1 20.1487 43.5369 0.00119833 -0.0302812
1 21.2759 43.5374 0.00660556 -0.0322572
1 22.402 43.5374 -0.00375729 -0.0316211
1 23.5286 43.537 -0.00637543 -0.0289378
1 24.6567 43.5366 0.00706795 -0.0301636
1 25.7868 43.536 0.027352 -0.0222893
1 26.9165 43.5362 0.0361576 -0.0050124
1 28.0436 43.539 0.0401036 0.0164685
1 29.168 43.5446 0.051033 0.0360567
1 30.2907 43.5504 0.0551741 0.0338019
1 31.4108 43.5548 0.0492001 0.0315416
1 32.5277 43.5599 0.0441112 0.0432266
1 33.6421 43.5675 0.0391985 0.0580691
1 34.755 43.5768 0.0477935 0.0677496
1 35.868 43.5826 0.0634512 0.0670241
1 36.9822 43.5845 0.0647812 0.0658133
1 38.097 43.5836 0.0515206 0.0675325
1 39.2098 43.5805 0.0484613 0.0687223
1 40.3226 43.5758 0.0516218 0.0728402
1 41.4356 43.5717 0.0557262 0.0705118
1 42.5481 43.5667 0.0596971 0.0706053
1 43.6627 43.5635 0.0466565 0.0763261
1 0.577756 44.5271 -0.0420449 0.071629
1 1.69173 44.5304 -0.052262 0.0680165
1 2.80369 44.5362 -0.0520865 0.0695223
1 3.91602 44.5404 -0.045701 0.0833581
1 5.02816 44.5435 -0.0424286 0.0796421
1 6.14175 44.5454 -0.0538634 0.0792295
1 7.25749 44.5463 -0.0647322 0.0687599
1 8.3731 44.5455 -0.0607188 0.0599476
1 9.48713 44.5413 -0.0423229 0.0591438
1 10.6002 44.533 -0.031506 0.0632249
1 11.7141 44.5237 -0.0347254 0.0607547
1 12.831 44.516 -0.0494195 0.052808
1 13.9516 44.5093 -0.0600782 0.0474331
1 15.0743 44.5025 -0.0469554 0.0381526
1 16.1981 44.4969 -0.0289688 0.0171363
1 17.3237 44.4943 -0.0189779 -0.00902803
1 18.4522 44.4942 -0.0153989 -0.0239161
1 19.5819 44.4949 -0.00185562 -0.0317365
1 20.7105 44.4957 0.0104948 -0.041666
1 21.8385 44.496 0.00402531 -0.0405348
1 22.9668 44.4958 -0.00836721 -0.0388187
1 24.095 44.4952 -0.00605618 -0.0363807
1 25.224 44.4946 0.00713937 -0.0288461
1 26.3528 44.4942 0.0165812 -0.016635
1 27.4797 44.4955 0.0249319 0.00559573
1 28.6041 44.4998 0.0366913 0.0278722
1 29.727 44.506 0.0516938 0.045508
1 30.8488 44.5123 0.0545163 0.050753
1 31.9681 44.519 0.0439446 0.052028
1 33.0839 44.5272 0.0372209 0.0585704
1 34.197 44.5374 0.0346324 0.0684222
1 35.3099 44.5453 0.0440215 0.0601968
1 36.4238 44.5474 0.0549907 0.062539
1 37.5395 44.5474 0.0568439 0.0800669
1 38.6541 44.5466 0.0507529 0.0798805
1 39.7675 44.5423 0.050561 0.072528
1 40.8802 44.5378 0.050091 0.075017
1 41.9921 44.5329 0.0461943 0.0662742
1 43.1034 44.5278 0.0444088 0.0738848
1 44.2229 44.5252 0.0436438 0.0801531
1 0.0139886 45.4859 -0.0534188 0.0681835
1 1.1347 45.4909 -0.0509593 0.0681795
1 2.246 45.4971 -0.0516474 0.0685441
1 3.35821 45.5021 -0.0482995 0.0693681
1 4.47105 45.5057 -0.0452035 0.0751042
1 5.58484 45.508 -0.0485475 0.0852107
1 6.70037 45.5085 -0.0495775 0.0750095
1 7.8167 45.5089 -0.0489923 0.0582134
1 8.93177 45.5077 -0.0433378 0.0489337
1 10.0462 45.5022 -0.0339496 0.0522065
1 11.1603 45.4925 -0.030115 0.0629445
1 12.2754 45.4818 -0.0366825 0.0715724
1 13.3944 45.472 -0.0496049 0.065483
1 14.5158 45.4636 -0.0464499 0.0463806
1 15.6379 45.4575 -0.0294484 0.017463
1 16.7618 45.4541 -0.0134873 -0.00602342
1 17.8873 45.4529 -0.00375168 -0.0206961
1 19.0152 45.4533 0.00360905 -0.0344352
1 20.1442 45.4535 0.0159111 -0.0448765
1 21.273 45.4532 0.014092 -0.0502984
1 22.403 45.4532 -0.00377588 -0.0499803
1 23.5327 45.4534 -0.0176966 -0.0477921
1 24.6613 45.4533 -0.0121884 -0.0399369
1 25.7897 45.4531 0.00103888 -0.0257856
1 26.9163 45.4535 0.00612201 -0.0142507
1 28.0409 45.456 0.0187402 0.00404938
1 29.1634 45.461 0.0404454 0.0345539
1 30.2849 45.4678 0.0486109 0.0563923
1 31.4051 45.4759 0.0445148 0.0656544
1 32.5223 45.4857 0.0364382 0.0649791
1 33.6368 45.4968 0.0295873 0.0574868
1 34.751 45.5063 0.0419648 0.0538817
1 35.8658 45.5103 0.054608 0.0520005
1 36.9817 45.5102 0.0550537 0.0706087
1 38.098 45.5102 0.0520993 0.0835051
1 39.213 45.5077 0.0493672 0.0738326
1 40.3268 45.5034 0.0409028 0.0717874
1 41.4395 45.4993 0.0468961 0.0690026
1 42.5513 45.4942 0.0490105 0.0627521
1 43.6651 45.4883 0.0443925 0.0733497
1 0.571602 46.4498 -0.0450651 0.0644065
1 1.68499 46.459 -0.0460506 0.0629928
1 2.79763 46.4636 -0.0444951 0.062685
1 3.91161 46.4678 -0.0410979 0.0701304
1 5.02582 46.4703 -0.0442233 0.0794157
1 6.14156 46.4708 -0.0493208 0.0770437
1 7.25879 46.4716 -0.0487812 0.0630977
1 8.37577 46.4722 -0.0464276 0.048388
1 9.492 46.4692 -0.0381274 0.0378675
1 10.6081 46.4621 -0.0359002 0.0471538
1 11.7238 46.4507 -0.0364805 0.0709034
1 12.841 46.4377 -0.0358592 0.0766428
1 13.96 46.4275 -0.034526 0.061367
1 15.0798 46.4195 -0.0237311 0.0243363
1 16.2013 46.4148 -0.00728358 -0.0132025
1 17.325 46.4133 0.00403841 -0.0260279
1 18.4512 46.4128 0.0132606 -0.0288983
1 19.5794 46.4124 0.0278465 -0.0455696
1 20.7077 46.4116 0.0272745 -0.0557795
1 21.8377 46.4099 0.00464909 -0.0499412
1 22.9684 46.4107 -0.0207094 -0.0552463
1 24.0972 46.4123 -0.0299703 -0.0529561
1 25.2258 46.4128 -0.0196666 -0.0347254
1 26.3528 46.4131 -0.0086695 -0.0279469
1 27.4775 46.4142 0.00541427 -0.0206856
1 28.6003 46.4179 0.0150518 0.00524178
1 29.7204 46.4238 0.0255467 0.0429331
1 30.8396 46.4319 0.0353252 0.0706643
1 31.958 46.4429 0.0361454 0.0714306
1 33.0741 46.4552 0.0350871 0.0540515
1 34.1896 46.4656 0.0349499 0.0441727
1 35.3057 46.4726 0.0372016 0.0464162
1 36.4217 46.4737 0.0407471 0.0558386
1 37.539 46.473 0.0505752 0.0766886
1 38.6565 46.4722 0.0538365 0.0768063
1 39.7717 46.4686 0.0455467 0.068288
1 40.8857 46.4646 0.0438688 0.0665551
1 41.9988 46.4608 0.0501672 0.0651004
1 43.1128 46.4552 0.0537773 0.0597883
1 44.233 46.4468 0.0449388 0.0699923
1 -0.000448507 47.4068 -0.041405 0.0791701
1 1.12035 47.4236 -0.0447966 0.0635052
1 2.23657 47.4291 -0.0522637 0.0691024
1 3.35193 47.4332 -0.0478801 0.0696765
1 4.46747 47.4373 -0.0451157 0.0820917
1 5.58364 47.4374 -0.0447529 0.0940158
1 6.70028 47.4374 -0.0386398 0.076424
1 7.81831 47.4391 -0.035141 0.0563308
1 8.93645 47.4382 -0.0364857 0.0506347
1 10.0546 47.4333 -0.0415082 0.0425171
1 11.1733 47.4243 -0.0475634 0.0631578
1 12.291 47.4101 -0.0399331 0.0883327
1 13.4083 47.3977 -0.0196217 0.0778818
1 14.5254 47.3883 -0.00275527 0.0509286
1 15.6429 47.381 0.0114057 0.00346154
1 16.7641 47.378 0.00818836 -0.0273632
1 17.8886 47.3769 0.0135029 -0.0238756
1 19.016 47.376 0.0313053 -0.0337343
1 20.1448 47.3751 0.0418525 -0.0494472
1 21.2734 47.3724 0.0231425 -0.0435108
1 22.4028 47.3712 -0.00894355 -0.0400772
1 23.5319 47.3739 -0.033902 -0.0494272
1 24.6608 47.3763 -0.0395633 -0.0437741
1 25.7889 47.3766 -0.0270705 -0.0281215
1 26.914 47.3775 -0.0131874 -0.0261298
1 28.0368 47.3801 -0.0109533 -0.0164405
1 29.1561 47.3853 -0.00315797 0.0269953
1 30.2736 47.3928 0.0133268 0.0662267
1 31.3909 47.4027 0.0351507 0.0821331
1 32.5079 47.4157 0.0481195 0.0706889
1 33.6255 47.4278 0.0417318 0.0513957
1 34.7434 47.4366 0.0376493 0.0541603
1 35.8617 47.4409 0.0378486 0.058824
1 36.9807 47.4402 0.0423241 0.0690738
1 38.0992 47.439 0.048864 0.0862918
1 39.2163 47.4378 0.0435207 0.0809103
1 40.3312 47.434 0.0328371 0.074937
1 41.4451 47.4308 0.0424779 0.0703603
1 42.5597 47.4253 0.0495404 0.0650667
1 43.6778 47.4203 0.0479357 0.072583
