1 0.648749 0.114596 0.0652783 0.0796348
1 1.76621 0.107395 0.0676768 0.0764664
1 2.88077 0.105371 0.0697923 0.0743854
1 3.99503 0.102096 0.0617339 0.0864581
1 5.11021 0.0993847 0.0638546 0.0727602
1 6.22456 0.101762 0.0673301 0.0559859
1 7.33825 0.106924 0.0675633 0.0511288
1 8.45022 0.112424 0.0808926 0.0516315
1 9.56046 0.117454 0.0872316 0.0543929
1 10.6702 0.122096 0.0915109 0.0556243
1 11.7792 0.126364 0.0914098 0.0606155
1 12.8895 0.129498 0.0669389 0.0724915
1 14.0035 0.131137 0.0325024 0.0836532
1 15.121 0.13178 0.0115074 0.0897336
1 16.2403 0.131977 0.00269592 0.0916896
1 17.3601 0.132008 0.000415524 0.0919461
1 18.4801 0.132003 -4.33748e-06 0.0920916
1 19.6001 0.132067 -0.000713488 0.0920277
1 20.7201 0.132106 -0.000674568 0.0917267
1 21.8401 0.132025 -0.000169263 0.0918695
1 22.9601 0.131942 0.000178851 0.0918368
1 24.08 0.131943 0.000748219 0.0917515
1 25.2 0.131927 0.000609316 0.0920397
1 26.32 0.131884 -2.72057e-05 0.0923192
1 27.4398 0.131856 -0.00138824 0.0918735
1 28.5595 0.131797 -0.0058399 0.0907803
1 29.6781 0.131503 -0.0199715 0.0872004
1 30.7941 0.130489 -0.0485052 0.0786034
1 31.9061 0.128155 -0.0817033 0.0661226
1 33.0153 0.124414 -0.0926168 0.0572442
1 34.1245 0.119983 -0.0889127 0.0552287
1 35.2343 0.115214 -0.0873759 0.0530139
1 36.345 0.109852 -0.0756622 0.0507113
1 37.458 0.104058 -0.0645799 0.0507127
1 38.5724 0.0989792 -0.0632737 0.0586476
1 39.6879 0.0987565 -0.0607025 0.0849361
1 40.8027 0.103684 -0.0742769 0.0883369
1 41.9166 0.106077 -0.0703467 0.0725267
1 43.0327 0.110096 -0.0706572 0.0855536
1 44.153 0.126751 -0.0742639 0.0755942
1 0.0942271 1.08571 0.0742446 0.0816856
1 1.21492 1.07725 0.071706 0.0796617
1 2.32777 1.07347 0.0707937 0.0736921
1 3.44082 1.07109 0.0751986 0.0806082
1 4.55355 1.06755 0.0704208 0.0847656
1 5.66689 1.06733 0.0666439 0.0621149
1 6.77959 1.07175 0.0712991 0.0490102
1 7.8915 1.07752 0.0769146 0.0498062
1 9.00221 1.08303 0.0856631 0.0511384
1 10.1121 1.08806 0.0862931 0.054764
1 11.222 1.0922 0.0843369 0.0635625
1 12.3325 1.09496 0.0719486 0.074671
1 13.4455 1.09645 0.0432849 0.0838585
1 14.5618 1.09706 0.0186724 0.089036
1 15.6805 1.09728 0.00613408 0.0910741
1 16.8001 1.09732 0.00127006 0.0919141
1 17.92 1.09732 0.000352093 0.0918376
1 19.04 1.09735 -0.000466526 0.0915004
1 20.1601 1.0974 -0.000427198 0.0916504
1 21.2801 1.09739 -0.000487224 0.0915052
1 22.4002 1.09734 0.000104525 0.091158
1 23.5201 1.09729 0.00012911 0.0914539
1 24.64 1.09726 0.000562815 0.0916967
1 25.76 1.09723 7.52969e-05 0.0916827
1 26.88 1.09719 -0.000822056 0.0918306
1 27.9998 1.09718 -0.00279635 0.0916653
1 29.1191 1.09712 -0.0107495 0.0901166
1 30.2368 1.09681 -0.0293803 0.0866763
1 31.3515 1.09588 -0.0578468 0.0796417
1 32.4629 1.09383 -0.080047 0.0693488
1 33.5729 1.09044 -0.0860058 0.0590347
1 34.6826 1.08585 -0.0879216 0.0525697
1 35.7926 1.08053 -0.0801937 0.0497331
1 36.9044 1.07458 -0.0717398 0.0477107
1 38.0165 1.0686 -0.0765112 0.0523927
1 39.1289 1.06581 -0.0679313 0.0727522
1 40.2426 1.06819 -0.0602607 0.0842096
1 41.3564 1.07183 -0.0626903 0.0815508
1 42.4694 1.07533 -0.0640258 0.0767545
1 43.5829 1.08257 -0.0620678 0.0752807
1 0.660913 2.04232 0.0658319 0.0761509
1 1.77455 2.03832 0.064027 0.0743531
1 2.88665 2.03539 0.0660204 0.0824938
1 3.999 2.03182 0.0660693 0.0858916
1 5.11161 2.03023 0.0692328 0.068371
1 6.22279 2.03301 0.0824197 0.05598
1 7.33352 2.03808 0.0769538 0.0512873
1 8.44457 2.04388 0.0789226 0.0499719
1 9.5549 2.04915 0.0805908 0.0573174
1 10.6657 2.05299 0.0754762 0.0684293
1 11.7767 2.05547 0.0729256 0.0771317
1 12.8888 2.05694 0.0567333 0.0841164
1 14.0035 2.05766 0.0297615 0.0892526
1 15.121 2.05795 0.0113921 0.0919784
1 16.2403 2.05803 0.00266528 0.0928426
1 17.3601 2.05803 0.000226888 0.0927492
1 18.48 2.05806 7.55966e-05 0.0929316
1 19.6001 2.05809 -0.000395975 0.0927358
1 20.7201 2.05811 -0.000336905 0.0924415
1 21.8401 2.05811 -2.2534e-05 0.0925537
1 22.9602 2.05806 7.12268e-05 0.0926212
1 24.0801 2.05801 0.000511333 0.0924353
1 25.2 2.05797 0.000435744 0.0927965
1 26.32 2.05794 -0.000138715 0.0929732
1 27.4398 2.0579 -0.000978492 0.0928097
1 28.5594 2.05789 -0.0057439 0.0923938
1 29.6781 2.05781 -0.0190593 0.0905905
1 30.7943 2.0574 -0.0426116 0.0867719
1 31.9075 2.05637 -0.0664569 0.0808624
1 33.0189 2.05446 -0.0739111 0.0734714
1 34.1298 2.05142 -0.078755 0.063931
1 35.24 2.04696 -0.085685 0.0535396
1 36.3502 2.04122 -0.0764557 0.0477745
1 37.4618 2.03503 -0.0716193 0.0480344
1 38.5731 2.0301 -0.0746056 0.0608688
1 39.6848 2.0298 -0.0712361 0.0825246
1 40.7973 2.03301 -0.0682899 0.0831791
1 41.9097 2.03631 -0.0706054 0.0762867
1 43.0218 2.04079 -0.0702721 0.0777782
1 44.144 2.04573 -0.0719001 0.0801106
1 0.0991212 3.00412 0.0675565 0.0770592
1 1.21991 3.00253 0.0710851 0.0731044
1 2.33233 2.99955 0.0660879 0.0741261
1 3.4445 2.99604 0.0731332 0.0809159
1 4.5558 2.99349 0.0718595 0.0727613
1 5.66716 2.9947 0.0734564 0.0565343
1 6.77747 2.99891 0.0769974 0.0491602
1 7.88811 3.0044 0.0731601 0.0481767
1 8.99896 3.00944 0.0753048 0.0568472
1 10.1101 3.01299 0.0700887 0.0677555
1 11.2218 3.01532 0.070138 0.0743305
1 12.3332 3.01689 0.0678014 0.0791873
1 13.4461 3.01782 0.0454638 0.0844689
1 14.5621 3.0182 0.0209911 0.0879873
1 15.6806 3.01833 0.00742958 0.0894336
1 16.8002 3.01836 0.00174646 0.0897343
1 17.92 3.01838 0.000473883 0.0896362
1 19.04 3.01841 -0.000247099 0.0895153
1 20.1601 3.01844 -0.000137098 0.0894456
1 21.2801 3.01845 -0.000519824 0.0894203
1 22.4002 3.01843 0.000131672 0.0894018
1 23.5202 3.01839 0.000102372 0.0894215
1 24.6401 3.01835 0.000146956 0.0895095
1 25.7601 3.01829 -0.00044339 0.089632
1 26.88 3.01826 -0.000988521 0.0896438
1 27.9997 3.01825 -0.00324369 0.0894684
1 29.1189 3.01823 -0.0123757 0.0885689
1 30.2363 3.01807 -0.0320874 0.0863376
1 31.3507 3.01747 -0.0581414 0.081997
1 32.4626 3.01623 -0.0707681 0.076844
1 33.5741 3.01434 -0.0684134 0.0719162
1 34.6856 3.01156 -0.0730625 0.0637119
1 35.7964 3.00734 -0.074858 0.0523437
1 36.9075 3.00172 -0.0762554 0.0451003
1 38.0174 2.99603 -0.0860089 0.0484813
1 39.1273 2.99288 -0.0745713 0.0646847
1 40.2389 2.99369 -0.0658537 0.0786121
1 41.3507 2.99731 -0.0654147 0.0813296
1 42.4624 3.00126 -0.0646092 0.074158
1 43.5763 3.00397 -0.0605926 0.0739237
1 0.663631 3.96562 0.0666283 0.0740918
1 1.7778 3.96346 0.0672319 0.080287
1 2.89011 3.96008 0.0656744 0.0866403
1 4.00189 3.95706 0.0655039 0.080672
1 5.11321 3.95703 0.074459 0.0654754
1 6.22254 3.96045 0.0886922 0.0575826
1 7.33225 3.96507 0.0691592 0.0579588
1 8.44397 3.9695 0.0635748 0.0647891
1 9.55548 3.97281 0.0675912 0.0739142
1 10.6672 3.97506 0.0679379 0.079478
1 11.7786 3.97673 0.0732531 0.0830921
1 12.8901 3.97785 0.0623921 0.0879649
1 14.004 3.97837 0.0341723 0.0922821
1 15.1212 3.97853 0.0130808 0.0944731
1 16.2403 3.97858 0.0028695 0.0949677
1 17.3601 3.9786 0.000492029 0.0949034
1 18.48 3.97863 0.000572261 0.0949341
1 19.6 3.97867 -0.000540832 0.0948612
1 20.7201 3.97867 -0.000446279 0.0947701
1 21.8401 3.97868 9.3607e-05 0.0948196
1 22.9602 3.97865 -0.00013241 0.0948535
1 24.0802 3.97861 0.000556995 0.0947903
1 25.2001 3.97857 0.00062072 0.0949129
1 26.32 3.97853 -0.00023688 0.0949557
1 27.4398 3.97851 -0.00105347 0.0947206
1 28.5593 3.97851 -0.00653782 0.0945121
1 29.6777 3.97847 -0.022168 0.0935085
1 30.7934 3.97818 -0.048334 0.0904218
1 31.9059 3.97739 -0.0704664 0.0854758
1 33.0172 3.97599 -0.0697875 0.0812788
1 34.1289 3.97407 -0.0669175 0.0775894
1 35.2403 3.97143 -0.0705881 0.0707945
1 36.3515 3.9676 -0.0662489 0.061474
1 37.4627 3.9627 -0.0710643 0.0541093
1 38.5727 3.95799 -0.077304 0.0578133
1 39.6829 3.95601 -0.0778295 0.0734841
1 40.7935 3.95791 -0.0753937 0.0863934
1 41.9052 3.96167 -0.0680478 0.0838675
1 43.0175 3.96482 -0.0686656 0.078743
1 44.138 3.96576 -0.0670589 0.0750527
1 0.103474 4.92978 0.0661042 0.0671569
1 1.22322 4.92713 0.0673588 0.0728505
1 2.33588 4.92372 0.061672 0.0809597
1 3.44804 4.9204 0.0724012 0.0789038
1 4.55818 4.91964 0.0771527 0.0668454
1 5.66807 4.92199 0.0723759 0.0562308
1 6.77844 4.92583 0.0617477 0.0576045
1 7.89022 4.92952 0.0579279 0.0629073
1 9.00177 4.93255 0.0690957 0.0696033
1 10.113 4.93479 0.0690098 0.0742633
1 11.2243 4.93652 0.0733233 0.0773233
1 12.335 4.93778 0.0753043 0.081785
1 13.447 4.93845 0.0518289 0.086478
1 14.5624 4.93868 0.023778 0.0889613
1 15.6806 4.93873 0.00813386 0.0898671
1 16.8002 4.93876 0.00177024 0.0900566
1 17.92 4.93879 0.000700702 0.0899509
1 19.0399 4.93881 -0.00035382 0.0900448
1 20.16 4.93883 -0.000448584 0.0899026
1 21.2801 4.93883 -0.00053429 0.0898727
1 22.4002 4.93882 0.000152551 0.0899677
1 23.5202 4.9388 0.000185813 0.0898735
1 24.6401 4.93876 0.000689733 0.0900199
1 25.7601 4.93873 -0.00017937 0.0899746
1 26.88 4.93871 -0.00124528 0.0898473
1 27.9996 4.93871 -0.0038643 0.0897983
1 29.1187 4.93869 -0.0141098 0.0894631
1 30.2357 4.93859 -0.0366505 0.0878868
1 31.3494 4.93818 -0.0655829 0.0842821
1 32.4604 4.93721 -0.0764376 0.0793998
1 33.5714 4.93571 -0.0686326 0.0757768
1 34.6829 4.93375 -0.0676995 0.0724932
1 35.7943 4.93116 -0.0633403 0.0673931
1 36.9063 4.92778 -0.0639472 0.0610455
1 38.0166 4.92381 -0.0801204 0.0558675
1 39.1261 4.9203 -0.0728031 0.0580152
1 40.2368 4.91905 -0.0682062 0.0713883
1 41.3481 4.92142 -0.0653418 0.0831251
1 42.4609 4.92543 -0.0669434 0.0812703
1 43.5757 4.92799 -0.071963 0.071799
1 0.666324 5.89143 0.0594063 0.0788325
1 1.78139 5.88749 0.0560795 0.0868406
1 2.89419 5.88372 0.062524 0.0816213
1 4.00512 5.88266 0.064416 0.0680974
1 5.11582 5.88421 0.0664142 0.0617195
1 6.2257 5.8872 0.0736726 0.0602724
1 7.33636 5.89031 0.0603521 0.0641723
1 8.44815 5.89303 0.0641077 0.0689767
1 9.55912 5.89521 0.0713074 0.0733168
1 10.6702 5.89693 0.0731122 0.0768905
1 11.7807 5.89821 0.0812426 0.0812834
1 12.8912 5.89897 0.070387 0.0863202
1 14.0044 5.89926 0.0384337 0.0895546
1 15.1213 5.89934 0.0146046 0.0906896
1 16.2403 5.89935 0.00335227 0.0909708
1 17.36 5.89938 0.000550289 0.0911056
1 18.48 5.89939 0.000361926 0.0910922
1 19.6 5.89941 -0.000722992 0.0910114
1 20.7201 5.89942 -0.000572436 0.0910339
1 21.8401 5.89941 4.33986e-05 0.090942
1 22.9602 5.8994 -1.42237e-05 0.0909869
1 24.0802 5.89938 0.000711704 0.0910149
1 25.2001 5.89935 0.000775567 0.0909705
1 26.32 5.89934 -0.000217273 0.0909789
1 27.4398 5.89934 -0.00146154 0.0909741
1 28.5593 5.89933 -0.0075285 0.090799
1 29.6775 5.8993 -0.0248095 0.0901948
1 30.7927 5.89914 -0.0545285 0.0880723
1 31.9043 5.89863 -0.0790351 0.0837213
1 33.0146 5.8976 -0.0761656 0.0788484
1 34.1255 5.89608 -0.070609 0.0750783
1 35.2365 5.8941 -0.0709666 0.0715346
1 36.3477 5.89164 -0.0603712 0.0677404
1 37.4595 5.88872 -0.0594359 0.0629311
1 38.5704 5.88548 -0.0676237 0.0598462
1 39.6806 5.8828 -0.076663 0.0636528
1 40.7903 5.88244 -0.0762587 0.0761295
1 41.9022 5.88502 -0.0633033 0.0878751
1 43.0156 5.8891 -0.0685035 0.0848929
1 44.1355 5.89233 -0.0781604 0.0745117
1 0.10649 6.85494 0.0815945 0.0892755
1 1.22773 6.85024 0.0656251 0.0978349
1 2.34106 6.84614 0.0634706 0.0924569
1 3.45245 6.84465 0.0752393 0.0792892
1 4.56216 6.84579 0.072018 0.0701435
1 5.67254 6.84815 0.0641575 0.0674637
1 6.78343 6.8509 0.0588871 0.0704133
1 7.89497 6.85329 0.0617251 0.0746524
1 9.00577 6.85532 0.0745344 0.0780323
1 10.1162 6.85697 0.0749809 0.0817063
1 11.2266 6.85818 0.0815439 0.0860389
1 12.3363 6.85891 0.0841348 0.0906151
1 13.4475 6.85922 0.0571625 0.0938556
1 14.5625 6.85931 0.0258157 0.0951007
1 15.6806 6.85932 0.0087187 0.0953379
1 16.8001 6.85932 0.0018021 0.095419
1 17.9199 6.85933 0.00061149 0.0954146
1 19.0399 6.85934 -0.000429672 0.0954074
1 20.16 6.85936 -0.000528981 0.0953638
1 21.2801 6.85936 -0.000596833 0.095335
1 22.4002 6.85935 8.66807e-05 0.0953395
1 23.5202 6.85934 0.000180147 0.0953304
1 24.6401 6.85932 0.000726959 0.0953412
1 25.7601 6.85931 -0.000155511 0.0952863
1 26.88 6.8593 -0.00119611 0.0953721
1 27.9997 6.8593 -0.00399198 0.0953725
1 29.1187 6.8593 -0.0151656 0.095238
1 30.2355 6.85927 -0.0402383 0.0944981
1 31.3485 6.85909 -0.0729631 0.0922254
1 32.4586 6.85857 -0.0853913 0.0881425
1 33.5686 6.85757 -0.0756865 0.0837213
1 34.6792 6.85609 -0.0728135 0.0796765
1 35.7899 6.85417 -0.0663222 0.0762575
1 36.9015 6.85189 -0.0628437 0.0732614
1 38.0121 6.84931 -0.0730457 0.070489
1 39.1222 6.84669 -0.0633691 0.0692992
1 40.2331 6.84472 -0.0641213 0.0735138
1 41.3437 6.84452 -0.0635539 0.0853893
1 42.4563 6.84743 -0.0527319 0.0979037
1 43.572 6.8523 -0.0517958 0.094322
1 0.672321 7.81289 0.0503819 0.100386
1 1.78782 7.80831 0.0553472 0.089831
1 2.89968 7.80667 0.0662712 0.0738852
1 4.00987 7.80759 0.0649501 0.06426
1 5.1207 7.80964 0.0651412 0.0637411
1 6.23074 7.8119 0.0753017 0.0645884
1 7.3411 7.8141 0.0653969 0.0675474
1 8.45223 7.81599 0.0699285 0.0706477
1 9.56243 7.81755 0.0778496 0.074544
1 10.6726 7.81865 0.0814942 0.0792462
1 11.7821 7.81931 0.090261 0.0837022
1 12.8917 7.8196 0.0764422 0.0868976
1 14.0046 7.81967 0.0406313 0.0882717
1 15.1213 7.81968 0.0149975 0.0885279
1 16.2403 7.81968 0.00332628 0.0885132
1 17.36 7.81969 0.000402672 0.0885057
1 18.48 7.81969 0.00025193 0.088494
1 19.6 7.8197 -0.00077355 0.0884981
1 20.7201 7.81971 -0.000626072 0.0885356
1 21.8401 7.81971 1.03788e-05 0.0884579
1 22.9602 7.8197 5.78948e-05 0.0884314
1 24.0802 7.81969 0.000844109 0.0884392
1 25.2001 7.81968 0.000823264 0.0884516
1 26.32 7.81967 -0.000116325 0.0884773
1 27.4398 7.81967 -0.00138686 0.0885115
1 28.5593 7.81967 -0.00768751 0.0884672
1 29.6775 7.81967 -0.0259603 0.0883393
1 30.7924 7.81964 -0.0585744 0.0875553
1 31.9033 7.81947 -0.0869077 0.0852157
1 33.0126 7.81897 -0.0850706 0.081293
1 34.1226 7.81805 -0.0780599 0.0766934
1 35.2327 7.81665 -0.0769039 0.0723677
1 36.3431 7.81485 -0.0653069 0.0691693
1 37.4545 7.81275 -0.0620878 0.0659045
1 38.5653 7.81038 -0.0655969 0.0634773
1 39.6759 7.80804 -0.0717529 0.0644468
1 40.7857 7.8064 -0.0736949 0.0695711
1 41.8969 7.80648 -0.0643296 0.0820982
1 43.0103 7.80946 -0.0638305 0.0968663
1 44.1335 7.81489 -0.0737761 0.102717
1 0.109344 8.77409 0.0623539 0.109176
1 1.23326 8.76997 0.0628164 0.0946669
1 2.34626 8.76871 0.0664293 0.0773237
1 3.45718 8.7696 0.0762156 0.0681328
1 4.56684 8.77145 0.0724384 0.0649294
1 5.6773 8.77355 0.0667172 0.0654013
1 6.78794 8.77561 0.0641894 0.0681281
1 7.89891 8.77733 0.0683181 0.072096
1 9.00899 8.77871 0.0820384 0.0762412
1 10.1185 8.77968 0.0836806 0.0812913
1 11.2281 8.7802 0.0903326 0.086051
1 12.3369 8.78037 0.0904674 0.0893127
1 13.4476 8.78039 0.0597169 0.0907921
1 14.5625 8.78037 0.0262764 0.0911161
1 15.6806 8.78036 0.008648 0.0910801
1 16.8001 8.78036 0.00173657 0.0910451
1 17.92 8.78037 0.000472246 0.0910365
1 19.0399 8.78037 -0.000532149 0.0910419
1 20.1601 8.78038 -0.000560168 0.0910436
1 21.2801 8.78038 -0.00062616 0.0910309
1 22.4002 8.78039 0.000148393 0.0910108
1 23.5202 8.78038 0.000286474 0.0909894
1 24.6401 8.78037 0.000749381 0.0909897
1 25.7601 8.78036 -5.99669e-05 0.0909888
1 26.88 8.78035 -0.00104876 0.0910206
1 27.9997 8.78035 -0.00394642 0.0910214
1 29.1187 8.78036 -0.0153589 0.0910091
1 30.2354 8.78038 -0.0416541 0.0908729
1 31.3482 8.78039 -0.0774523 0.0900124
1 32.4575 8.78028 -0.0932876 0.0875934
1 33.5666 8.77991 -0.084613 0.08353
1 34.6763 8.77911 -0.0808619 0.0784025
1 35.7862 8.77785 -0.0728099 0.0736007
1 36.8972 8.7762 -0.0684304 0.0697643
1 38.0073 8.77423 -0.0775438 0.0671113
1 39.1172 8.77212 -0.0658785 0.0657354
1 40.2281 8.77002 -0.0655155 0.0653561
1 41.3381 8.76835 -0.0683667 0.071433
1 42.4493 8.76836 -0.0583601 0.086464
1 43.564 8.7713 -0.0492563 0.106815
1 0.67975 9.7305 0.0552572 0.102213
1 1.79377 9.72977 0.0635364 0.0826917
1 2.9045 9.73097 0.0705446 0.0723543
1 4.01441 9.73294 0.0672971 0.0694926
1 5.12512 9.73495 0.0687829 0.0710222
1 6.23486 9.73676 0.0810113 0.0734383
1 7.34472 9.73834 0.0720168 0.0773527
1 8.45522 9.73954 0.0776925 0.0821378
1 9.56463 9.74032 0.0867498 0.0871687
1 10.674 9.74068 0.0900424 0.0916845
1 11.7827 9.74072 0.0965552 0.0946584
1 12.8919 9.74062 0.0793522 0.0958104
1 14.0045 9.74053 0.0412892 0.0958188
1 15.1213 9.7405 0.0149448 0.0956281
1 16.2403 9.74049 0.00323137 0.0955252
1 17.3601 9.74049 0.000348962 0.095505
1 18.48 9.74049 0.000215939 0.0954717
1 19.6 9.7405 -0.000819068 0.0954602
1 20.7201 9.7405 -0.000648577 0.0954778
1 21.8401 9.74051 2.35834e-05 0.0954604
1 22.9602 9.74051 8.73263e-05 0.0954586
1 24.0802 9.7405 0.000893497 0.095472
1 25.2001 9.74049 0.00084498 0.0954673
1 26.32 9.74048 -0.000112463 0.0954573
1 27.4398 9.74048 -0.001441 0.0954521
1 28.5593 9.74049 -0.00767706 0.0954675
1 29.6775 9.74051 -0.026187 0.0956233
1 30.7924 9.74058 -0.0602438 0.0957587
1 31.9029 9.74067 -0.0916673 0.0952474
1 33.0116 9.74069 -0.0926935 0.0930959
1 34.1207 9.74045 -0.0869404 0.0891413
1 35.2299 9.73981 -0.0855441 0.0841963
1 36.3397 9.73876 -0.0726963 0.0793427
1 37.4504 9.7373 -0.067819 0.0747253
1 38.5608 9.73548 -0.0692969 0.071245
1 39.6712 9.73346 -0.0743608 0.0698054
1 40.7808 9.7314 -0.0761489 0.0709143
1 41.8913 9.72973 -0.066365 0.0760987
1 43.0035 9.7293 -0.0617219 0.0902082
1 44.1266 9.73172 -0.0460148 0.109718
1 0.118694 10.691 0.041135 0.0977537
1 1.23992 10.6907 0.063384 0.0783798
1 2.35128 10.6923 0.0689308 0.0701941
1 3.46153 10.6943 0.0782706 0.068971
1 4.57094 10.6962 0.0760765 0.0705427
1 5.6811 10.6979 0.0726264 0.0742213
1 6.79123 10.6993 0.0723262 0.0793174
1 7.90153 10.7003 0.0775052 0.0848004
1 9.01087 10.7008 0.09129 0.0896588
1 10.1197 10.701 0.0916478 0.0936621
1 11.2286 10.701 0.0962127 0.0964279
1 12.337 10.7007 0.0935021 0.0975191
1 13.4476 10.7006 0.060407 0.0973098
1 14.5625 10.7005 0.0262062 0.0968643
1 15.6806 10.7004 0.00858071 0.0966059
1 16.8001 10.7004 0.00173939 0.0965313
1 17.92 10.7004 0.000430743 0.0965225
1 19.0399 10.7004 -0.000533693 0.0965473
1 20.1601 10.7004 -0.000541325 0.0965563
1 21.2801 10.7004 -0.000646371 0.0965653
1 22.4002 10.7004 0.000131639 0.0965683
1 23.5202 10.7004 0.000285417 0.0965358
1 24.6401 10.7004 0.000679687 0.0965146
1 25.7601 10.7004 -8.84754e-05 0.0964808
1 26.88 10.7004 -0.000998188 0.0964799
1 27.9997 10.7004 -0.00390764 0.0964991
1 29.1187 10.7005 -0.0152855 0.0966482
1 30.2355 10.7005 -0.0418764 0.0970245
1 31.3482 10.7006 -0.0792531 0.0974285
1 32.4572 10.7008 -0.0980279 0.0970183
1 33.5657 10.701 -0.091886 0.0949284
1 34.6746 10.7009 -0.0897118 0.0912752
1 35.7838 10.7004 -0.0818537 0.086543
1 36.8941 10.6996 -0.0765846 0.0812278
1 38.0037 10.6983 -0.0846533 0.0764035
1 39.1132 10.6967 -0.0715573 0.0725318
1 40.2238 10.6949 -0.069573 0.0689054
1 41.3335 10.6928 -0.0721329 0.0681004
1 42.4439 10.6908 -0.0659191 0.0724401
1 43.5573 10.6896 -0.060014 0.0859889
1 0.685391 11.6518 0.0639034 0.0680444
1 1.79833 11.6538 0.0689785 0.0653569
1 2.90851 11.6559 0.0750565 0.0676572
1 4.01806 11.6577 0.0733104 0.072208
1 5.12833 11.6591 0.0773574 0.077899
1 6.2375 11.6601 0.0910141 0.0832323
1 7.34676 11.6608 0.0817721 0.0882901
1 8.45665 11.6612 0.0868604 0.0930113
1 9.56548 11.6613 0.0943553 0.0963512
1 10.6744 11.6611 0.0953701 0.0983153
1 11.7828 11.6608 0.0994338 0.0991521
1 12.8918 11.6605 0.080061 0.0987149
1 14.0045 11.6603 0.0411192 0.0977835
1 15.1212 11.6603 0.0147237 0.0972098
1 16.2403 11.6603 0.00314838 0.0970182
1 17.3601 11.6603 0.000362579 0.0970014
1 18.48 11.6603 0.0002323 0.096995
1 19.6001 11.6602 -0.000815606 0.0970328
1 20.7201 11.6603 -0.000641094 0.0970653
1 21.8401 11.6603 3.13779e-05 0.09706
1 22.9602 11.6603 7.58362e-05 0.0970305
1 24.0801 11.6603 0.000865806 0.0970226
1 25.2 11.6603 0.000813073 0.0969772
1 26.32 11.6603 -0.000153593 0.096951
1 27.4398 11.6603 -0.0014864 0.0969746
1 28.5593 11.6603 -0.00753276 0.0970721
1 29.6775 11.6603 -0.0258906 0.0974395
1 30.7924 11.6604 -0.0603779 0.0982228
1 31.9029 11.6607 -0.0935185 0.0990265
1 33.0113 11.6609 -0.0970142 0.0987328
1 34.12 11.6611 -0.0936405 0.0970805
1 35.2287 11.6612 -0.0945084 0.0943182
1 36.3378 11.6609 -0.0828039 0.0902237
1 37.4479 11.6603 -0.0775953 0.0850658
1 38.5577 11.6594 -0.0775427 0.07936
1 39.6677 11.6581 -0.0810027 0.0737753
1 40.7768 11.6564 -0.0819012 0.0693448
1 41.8866 11.6545 -0.0720508 0.0657136
1 42.9971 11.6524 -0.069306 0.0649874
1 44.1158 11.6511 -0.0490839 0.0730385
1 0.128176 12.6151 0.0643136 0.0461958
1 1.2453 12.6166 0.0764038 0.0491104
1 2.35519 12.6183 0.0780193 0.0555494
1 3.46468 12.6197 0.0877633 0.0623044
1 4.57347 12.6207 0.0854947 0.0681782
1 5.6831 12.6214 0.0819503 0.0735174
1 6.79267 12.6218 0.0818553 0.0776821
1 7.90242 12.622 0.0861343 0.0806613
1 9.0113 12.6219 0.0977949 0.0825522
1 10.1198 12.6218 0.0956905 0.0831316
1 11.2286 12.6215 0.098498 0.0829793
1 12.3369 12.6212 0.0941556 0.0819882
1 13.4475 12.621 0.0600712 0.0804889
1 14.5624 12.6209 0.0258555 0.0794275
1 15.6806 12.6209 0.00847973 0.0789394
1 16.8001 12.6209 0.00176066 0.0788141
1 17.92 12.6209 0.000467804 0.0787959
1 19.04 12.6208 -0.000453538 0.0787946
1 20.1601 12.6208 -0.000482987 0.0788163
1 21.2801 12.6208 -0.000670699 0.0788329
1 22.4002 12.6209 6.33078e-05 0.0788365
1 23.5202 12.6209 0.00022228 0.0788432
1 24.6401 12.6209 0.000586228 0.0788335
1 25.7601 12.6209 -0.000150028 0.0788057
1 26.88 12.6209 -0.000944356 0.0788335
1 27.9997 12.6209 -0.00381318 0.0788784
1 29.1187 12.6209 -0.0150492 0.0791436
1 30.2356 12.6209 -0.0414728 0.0799091
1 31.3483 12.6211 -0.0793211 0.0812563
1 32.4572 12.6214 -0.0997018 0.0825541
1 33.5656 12.6216 -0.0954354 0.0829859
1 34.6743 12.6218 -0.0953265 0.08265
1 35.7831 12.6219 -0.0893799 0.0812977
1 36.8929 12.6218 -0.0854031 0.078544
1 38.0019 12.6215 -0.0950584 0.0748022
1 39.1108 12.6209 -0.0820618 0.0700655
1 40.2208 12.62 -0.0785796 0.0641729
1 41.33 12.6187 -0.0802078 0.0576456
1 42.4399 12.6172 -0.0742347 0.0509683
1 43.5524 12.6153 -0.0708414 0.0445002
1 0.688983 13.5819 0.0784163 0.0241984
1 1.8013 13.5829 0.0806396 0.0313972
1 2.91095 13.5838 0.0857417 0.037578
1 4.01994 13.5844 0.0838653 0.0425407
1 5.12964 13.5848 0.0869391 0.0462062
1 6.2383 13.585 0.0985637 0.0487717
1 7.34718 13.5851 0.0872587 0.0501203
1 8.45677 13.585 0.0907789 0.0508069
1 9.5654 13.5849 0.0965534 0.0505916
1 10.6742 13.5848 0.0962732 0.0498396
1 11.7826 13.5846 0.0993758 0.048833
1 12.8917 13.5844 0.0793283 0.0474542
1 14.0044 13.5843 0.0405289 0.0462651
1 15.1212 13.5843 0.0144548 0.0456441
1 16.2403 13.5843 0.00308899 0.0454276
1 17.3601 13.5843 0.000402806 0.0453914
1 18.48 13.5843 0.000288432 0.0453588
1 19.6001 13.5843 -0.00078768 0.0453478
1 20.7201 13.5843 -0.000630233 0.0453656
1 21.8401 13.5843 2.38347e-05 0.0453716
1 22.9602 13.5843 4.05131e-05 0.0453928
1 24.0801 13.5843 0.000838843 0.0454167
1 25.2 13.5843 0.00079211 0.0454006
1 26.32 13.5843 -0.000194726 0.0454046
1 27.4398 13.5843 -0.00152361 0.045442
1 28.5593 13.5843 -0.00738696 0.0455353
1 29.6776 13.5843 -0.0254332 0.0459185
1 30.7925 13.5844 -0.0596708 0.0468266
1 31.9031 13.5845 -0.0931211 0.0481839
1 33.0115 13.5847 -0.0975916 0.0493608
1 34.1201 13.5848 -0.0953035 0.0501274
1 35.2287 13.585 -0.0979457 0.050563
1 36.3374 13.585 -0.0883436 0.050221
1 37.4471 13.585 -0.0848451 0.0490466
1 38.5565 13.5848 -0.0858491 0.0468834
1 39.666 13.5845 -0.0899303 0.0434057
1 40.7746 13.584 -0.0919539 0.0392965
1 41.8838 13.5832 -0.0838305 0.0337332
1 42.9933 13.5823 -0.0855537 0.0272385
1 44.1095 13.5814 -0.0794397 0.0217142
1 0.13151 14.55 0.0880578 0.00854947
1 1.24741 14.5504 0.0901811 0.0120124
1 2.35677 14.5508 0.0881889 0.0153882
1 3.46585 14.551 0.0960192 0.0179241
1 4.57425 14.5512 0.0918455 0.0199039
1 5.68358 14.5513 0.0866534 0.0211519
1 6.79289 14.5514 0.08517 0.0219037
1 7.90243 14.5514 0.0880369 0.021994
1 9.01117 14.5513 0.0982445 0.0217324
1 10.1197 14.5513 0.0952343 0.0211764
1 11.2284 14.5512 0.0977184 0.0205895
1 12.3368 14.5511 0.0931489 0.0198846
1 13.4474 14.5511 0.0592228 0.0191448
1 14.5624 14.551 0.0254275 0.0186768
1 15.6806 14.551 0.00833424 0.0184773
1 16.8001 14.551 0.00172535 0.0184188
1 17.92 14.551 0.000442573 0.0184067
1 19.0399 14.551 -0.000449167 0.0183954
1 20.1601 14.551 -0.000469567 0.0183892
1 21.2801 14.551 -0.000658591 0.0183943
1 22.4002 14.551 7.15022e-05 0.0184076
1 23.5202 14.551 0.000237396 0.0184182
1 24.6401 14.551 0.000580174 0.0184215
1 25.7601 14.551 -0.000134102 0.0184276
1 26.88 14.551 -0.000880876 0.0184365
1 27.9997 14.551 -0.00371991 0.0184591
1 29.1188 14.551 -0.0147999 0.0185637
1 30.2356 14.551 -0.0408595 0.0188877
1 31.3484 14.5511 -0.0783532 0.0195093
1 32.4574 14.5511 -0.0988549 0.0202682
1 33.5658 14.5512 -0.0949835 0.0208949
1 34.6744 14.5513 -0.0954881 0.0214329
1 35.7831 14.5513 -0.0905582 0.0217482
1 36.8927 14.5514 -0.087768 0.0216515
1 38.0015 14.5513 -0.099459 0.0212388
1 39.1101 14.5513 -0.0886654 0.0204074
1 40.2198 14.5511 -0.0865449 0.0185884
1 41.3286 14.5509 -0.0896452 0.0160842
1 42.4382 14.5506 -0.0852325 0.0129965
1 43.5504 14.5502 -0.083372 0.00953471
1 0.689883 15.5197 0.0860065 0.0035289
1 1.80208 15.5197 0.0874451 0.00538645
1 2.91153 15.5198 0.0911443 0.0067351
1 4.02036 15.5199 0.0876657 0.00746761
1 5.1299 15.5199 0.0898213 0.00775697
1 6.23839 15.5199 0.100165 0.00804538
1 7.34716 15.5199 0.0875566 0.00798268
1 8.4567 15.5199 0.0904044 0.00777944
1 9.56531 15.5199 0.0958588 0.00747541
1 10.6741 15.5199 0.0954989 0.0071611
1 11.7825 15.5198 0.098539 0.00683789
1 12.8916 15.5198 0.0786097 0.00648168
1 14.0044 15.5198 0.0401282 0.00621736
1 15.1212 15.5198 0.0143043 0.00608675
1 16.2403 15.5198 0.00305084 0.0060372
1 17.3601 15.5198 0.000393766 0.00603172
1 18.48 15.5198 0.000281197 0.00602011
1 19.6001 15.5198 -0.000781695 0.00600736
1 20.7201 15.5198 -0.000624471 0.00600973
1 21.8401 15.5198 2.6278e-05 0.00600924
1 22.9602 15.5198 4.90177e-05 0.00602221
1 24.0801 15.5198 0.000841669 0.00603131
1 25.2 15.5198 0.000790267 0.00603092
1 26.32 15.5198 -0.000195683 0.0060324
1 27.4398 15.5198 -0.00151894 0.00604218
1 28.5593 15.5198 -0.00730814 0.00605571
1 29.6776 15.5198 -0.0251795 0.00614431
1 30.7926 15.5198 -0.0591129 0.00634237
1 31.9031 15.5198 -0.0923233 0.00666377
1 33.0116 15.5199 -0.0967604 0.00702031
1 34.1202 15.5199 -0.0945712 0.00733559
1 35.2287 15.5199 -0.0976034 0.00760023
1 36.3375 15.5199 -0.0887228 0.00775424
1 37.447 15.5199 -0.085885 0.00779773
1 38.5564 15.5199 -0.0878086 0.00785428
1 39.6657 15.5199 -0.0933928 0.00749919
1 40.7741 15.5198 -0.0970857 0.00706331
1 41.8831 15.5198 -0.0900163 0.00579894
1 42.9924 15.5197 -0.0934902 0.00408961
1 44.1082 15.5197 -0.0917381 0.00229376
1 0.131891 16.4895 0.0923648 0.000451125
1 1.24773 16.4895 0.0936571 0.000611136
1 2.35701 16.4895 0.0909476 0.000919403
1 3.466 16.4895 0.0976103 0.0011502
1 4.57437 16.4895 0.092652 0.00148124
1 5.68364 16.4895 0.0871463 0.00145134
1 6.79291 16.4895 0.0853305 0.00144373
1 7.90241 16.4895 0.0878055 0.00132016
1 9.01114 16.4895 0.0977636 0.00126423
1 10.1196 16.4895 0.09475 0.00119267
1 11.2283 16.4895 0.0972795 0.00112582
1 12.3367 16.4895 0.0927336 0.00106272
1 13.4474 16.4895 0.0589382 0.00100715
1 14.5624 16.4895 0.0252951 0.00097186
1 15.6806 16.4895 0.00828372 0.000957056
1 16.8001 16.4895 0.00171065 0.000953638
1 17.92 16.4895 0.000420024 0.000951204
1 19.0399 16.4895 -0.000457468 0.000949795
1 20.1601 16.4895 -0.000468838 0.000949293
1 21.2801 16.4895 -0.000657088 0.000948052
1 22.4002 16.4895 7.82099e-05 0.000946582
1 23.5202 16.4895 0.000253077 0.000947989
1 24.6401 16.4895 0.00058265 0.00095034
1 25.7601 16.4895 -0.000113058 0.000951174
1 26.88 16.4895 -0.000855252 0.00095304
1 27.9997 16.4895 -0.00369433 0.000955702
1 29.1188 16.4895 -0.0147286 0.000962897
1 30.2356 16.4895 -0.0406712 0.00098708
1 31.3484 16.4895 -0.0779946 0.00103428
1 32.4574 16.4895 -0.0983974 0.00109137
1 33.5658 16.4895 -0.0945037 0.0011507
1 34.6745 16.4895 -0.0950471 0.00122445
1 35.7831 16.4895 -0.0903417 0.00130507
1 36.8927 16.4895 -0.0877372 0.00133565
1 38.0015 16.4895 -0.0996138 0.00129387
1 39.1101 16.4895 -0.0895181 0.00139964
1 40.2196 16.4895 -0.088271 0.0012535
1 41.3284 16.4895 -0.0918585 0.0010353
1 42.4379 16.4895 -0.0882443 0.000957768
1 43.5501 16.4895 -0.0874144 0.0006128
1 0.690003 17.4594 0.0872046 8.7863e-05
1 1.80217 17.4594 0.0883253 0.000289035
1 2.91161 17.4594 0.0918235 0.000441643
1 4.02041 17.4593 0.0881487 0.000305959
1 5.12992 17.4593 0.0900737 0.000259823
1 6.23839 17.4593 0.10013 0.000348126
1 7.34716 17.4593 0.0874041 0.000256229
1 8.4567 17.4594 0.0902222 0.000259517
1 9.5653 17.4594 0.095671 0.000272645
1 10.6741 17.4594 0.095333 0.000257607
1 11.7825 17.4594 0.0983892 0.000262021
1 12.8916 17.4594 0.0784987 0.000281644
1 14.0044 17.4594 0.0400747 0.000288866
1 15.1212 17.4594 0.0142848 0.000291837
1 16.2403 17.4594 0.0030489 0.000292852
1 17.3601 17.4594 0.000393935 0.000288892
1 18.48 17.4594 0.000277397 0.000289894
1 19.6001 17.4594 -0.00078403 0.000291575
1 20.7201 17.4594 -0.000626285 0.000288102
1 21.8401 17.4594 2.62329e-05 0.000289287
1 22.9602 17.4594 5.31381e-05 0.000286962
1 24.0801 17.4594 0.000843712 0.000286982
1 25.2 17.4594 0.000790021 0.000288469
1 26.32 17.4594 -0.000195439 0.000292158
1 27.4398 17.4594 -0.00152122 0.000290232
1 28.5593 17.4594 -0.00730109 0.000295067
1 29.6776 17.4594 -0.0251438 0.000290347
1 30.7926 17.4594 -0.0590329 0.000284349
1 31.9031 17.4594 -0.092197 0.000269035
1 33.0116 17.4594 -0.0966132 0.000234381
1 34.1202 17.4594 -0.0943968 0.000222063
1 35.2287 17.4594 -0.0974163 0.000261047
1 36.3375 17.4593 -0.0886194 0.000332541
1 37.447 17.4594 -0.0858547 0.000303594
1 38.5563 17.4593 -0.0877967 0.000246006
1 39.6657 17.4593 -0.0935811 0.000134003
1 40.7741 17.4593 -0.0976789 0.000325824
1 41.8831 17.4594 -0.0908986 0.000521129
1 42.9924 17.4594 -0.094513 0.000416464
1 44.1082 17.4594 -0.0930756 0.000125423
1 0.131842 18.4294 0.093012 -0.000155154
1 1.24773 18.4294 0.0937339 0.000165127
1 2.35703 18.4293 0.0909678 -3.36775e-05
1 3.46602 18.4293 0.097976 -0.00010953
1 4.57436 18.4293 0.0929058 -0.00015491
1 5.68363 18.4293 0.0870726 -0.00029483
1 6.79291 18.4293 0.0851703 -0.000296477
1 7.90242 18.4293 0.0877209 -0.000349483
1 9.01114 18.4293 0.0977155 -0.000351949
1 10.1196 18.4293 0.0946894 -0.000387626
1 11.2284 18.4293 0.0972257 -0.000431911
1 12.3367 18.4293 0.0927164 -0.000468384
1 13.4474 18.4293 0.0589402 -0.000469054
1 14.5624 18.4293 0.0253008 -0.000462307
1 15.6806 18.4293 0.00828958 -0.000463147
1 16.8001 18.4293 0.00171107 -0.000456994
1 17.92 18.4293 0.000425109 -0.00046154
1 19.0399 18.4293 -0.00046387 -0.000466431
1 20.1601 18.4293 -0.000474478 -0.000462162
1 21.2801 18.4293 -0.000655026 -0.000461975
1 22.4002 18.4293 8.55144e-05 -0.000466768
1 23.5202 18.4293 0.000253713 -0.000460499
1 24.6401 18.4293 0.000586757 -0.000458199
1 25.7601 18.4293 -0.000123138 -0.000464526
1 26.88 18.4293 -0.000864739 -0.000458188
1 27.9997 18.4293 -0.0036977 -0.000458989
1 29.1188 18.4293 -0.0147271 -0.000462289
1 30.2356 18.4293 -0.0406655 -0.000466965
1 31.3484 18.4293 -0.0779924 -0.000472378
1 32.4574 18.4293 -0.0984006 -0.000469428
1 33.5658 18.4293 -0.0945019 -0.000443
1 34.6744 18.4293 -0.0949982 -0.000419524
1 35.7831 18.4293 -0.0901828 -0.000351559
1 36.8927 18.4293 -0.0876048 -0.000247826
1 38.0015 18.4293 -0.0997171 -0.0002369
1 39.11 18.4293 -0.089605 -0.000185709
1 40.2196 18.4293 -0.0881812 -0.000202516
1 41.3284 18.4293 -0.0920148 -0.000197458
1 42.4379 18.4293 -0.0882636 -0.000139464
1 43.5501 18.4293 -0.0867953 -0.000253945
1 0.689951 19.3993 0.0869256 -0.000256472
1 1.80215 19.3993 0.0881831 0.000116067
1 2.91159 19.3993 0.0918051 0.000404519
1 4.02038 19.3993 0.0881964 0.000377986
1 5.12989 19.3992 0.0898331 0.000188113
1 6.23838 19.3992 0.0998729 0.000184232
1 7.34716 19.3992 0.0873218 0.00014396
1 8.4567 19.3992 0.090159 0.000170187
1 9.5653 19.3992 0.0955852 0.000170151
1 10.6741 19.3992 0.0952614 0.000131958
1 11.7825 19.3992 0.0983656 0.000102185
1 12.8916 19.3992 0.0784992 9.36134e-05
1 14.0044 19.3992 0.0400895 8.62506e-05
1 15.1212 19.3992 0.0142892 8.93098e-05
1 16.2403 19.3992 0.00304945 9.12128e-05
1 17.3601 19.3992 0.00039453 8.71562e-05
1 18.48 19.3992 0.000277737 9.05508e-05
1 19.6001 19.3992 -0.000786829 8.64381e-05
1 20.7201 19.3992 -0.000628285 8.35679e-05
1 21.8401 19.3993 2.62436e-05 8.79859e-05
1 22.9602 19.3993 5.44154e-05 9.0923e-05
1 24.0801 19.3993 0.000850011 8.76062e-05
1 25.2 19.3992 0.000794688 8.98403e-05
1 26.32 19.3992 -0.000195603 9.13312e-05
1 27.4398 19.3992 -0.00152768 8.69486e-05
1 28.5593 19.3992 -0.00730856 8.95416e-05
1 29.6776 19.3992 -0.0251455 8.59792e-05
1 30.7926 19.3992 -0.0590439 8.1688e-05
1 31.9031 19.3992 -0.0922007 8.84555e-05
1 33.0116 19.3992 -0.0966129 9.97906e-05
1 34.1202 19.3992 -0.0943596 0.000128299
1 35.2287 19.3992 -0.0973282 0.000155077
1 36.3375 19.3992 -0.0884773 0.000168774
1 37.447 19.3992 -0.0858063 0.000168812
1 38.5563 19.3992 -0.0879044 0.000310782
1 39.6657 19.3992 -0.0934318 0.000340517
1 40.7741 19.3993 -0.0972241 0.000425558
1 41.8831 19.3993 -0.0907017 0.000132686
1 42.9924 19.3993 -0.0943611 -0.00039033
1 44.1083 19.3992 -0.092878 -0.000495749
1 0.131779 20.3691 0.0931471 -0.000464345
1 1.24766 20.3692 0.0938212 -0.000486414
1 2.35698 20.3692 0.0910178 -0.0002244
1 3.46598 20.3692 0.0979664 -2.45867e-05
1 4.57432 20.3692 0.0927758 0.000212029
1 5.6836 20.3692 0.0869091 0.000105148
1 6.79289 20.3692 0.0851151 0.000131244
1 7.9024 20.3692 0.0876844 0.000120829
1 9.01114 20.3692 0.0976414 0.000172527
1 10.1196 20.3692 0.0946137 0.000207433
1 11.2284 20.3692 0.097181 0.000232845
1 12.3367 20.3692 0.0927133 0.000263545
1 13.4474 20.3692 0.0589555 0.000283022
1 14.5624 20.3692 0.0253136 0.00029405
1 15.6806 20.3692 0.00829494 0.000304727
1 16.8001 20.3692 0.00171244 0.000307245
1 17.92 20.3692 0.000424466 0.000306677
1 19.0399 20.3692 -0.000462874 0.000309971
1 20.1601 20.3692 -0.000472301 0.000306143
1 21.2801 20.3692 -0.000658562 0.000307137
1 22.4002 20.3692 8.22113e-05 0.000309973
1 23.5202 20.3692 0.000253096 0.000303944
1 24.6401 20.3692 0.000588514 0.000305281
1 25.7601 20.3692 -0.000118397 0.000311833
1 26.88 20.3692 -0.000861771 0.000306634
1 27.9997 20.3692 -0.00370009 0.000308078
1 29.1188 20.3692 -0.0147376 0.000298112
1 30.2356 20.3692 -0.0406863 0.000284055
1 31.3484 20.3692 -0.0780123 0.000262469
1 32.4574 20.3692 -0.0983906 0.000237292
1 33.5658 20.3692 -0.09445 0.00021792
1 34.6744 20.3692 -0.0949334 0.000214535
1 35.7831 20.3692 -0.0901311 0.00018496
1 36.8927 20.3692 -0.0875516 0.000101012
1 38.0015 20.3692 -0.0996633 4.7217e-05
1 39.11 20.3692 -0.0896192 0.000230684
1 40.2196 20.3692 -0.0881687 0.000190018
1 41.3284 20.3693 -0.0918892 -5.94518e-05
1 42.4379 20.3692 -0.0882155 -0.000173844
1 43.5501 20.3692 -0.0871872 -9.45159e-05
1 0.689878 21.3391 0.0871669 -2.55612e-05
1 1.80207 21.3392 0.0881435 2.0853e-05
1 2.91153 21.3392 0.0916229 0.000180076
1 4.02035 21.3392 0.0880358 0.000129837
1 5.12987 21.3392 0.0899196 0.000110841
1 6.23836 21.3392 0.0999828 0.000205693
1 7.34713 21.3392 0.0873075 0.000118125
1 8.45668 21.3392 0.0901392 5.99209e-05
1 9.56529 21.3392 0.0955659 6.34543e-05
1 10.6741 21.3392 0.0952335 8.11475e-05
1 11.7825 21.3392 0.0983503 6.70594e-05
1 12.8916 21.3392 0.0785186 5.00254e-05
1 14.0044 21.3392 0.0400972 5.30607e-05
1 15.1212 21.3392 0.0143021 6.09636e-05
1 16.2403 21.3392 0.00305036 5.97458e-05
1 17.3601 21.3392 0.000395291 6.22123e-05
1 18.48 21.3392 0.00028113 6.53695e-05
1 19.6001 21.3392 -0.000788153 5.75682e-05
1 20.7201 21.3392 -0.000627445 5.82213e-05
1 21.8401 21.3392 2.81556e-05 5.79763e-05
1 22.9602 21.3392 4.84861e-05 6.26205e-05
1 24.0801 21.3392 0.000844106 5.95642e-05
1 25.2 21.3392 0.000793839 6.18369e-05
1 26.32 21.3392 -0.000196079 6.64057e-05
1 27.4398 21.3392 -0.00152112 6.21194e-05
1 28.5593 21.3392 -0.00730728 5.6618e-05
1 29.6776 21.3392 -0.0251712 5.54084e-05
1 30.7926 21.3392 -0.0590693 4.65059e-05
1 31.9031 21.3392 -0.0922203 4.60237e-05
1 33.0116 21.3392 -0.0965755 7.51377e-05
1 34.1202 21.3392 -0.0943032 0.000103059
1 35.2288 21.3392 -0.0972884 0.000113689
1 36.3375 21.3392 -0.0884826 0.000124225
1 37.4471 21.3392 -0.0857472 7.12757e-05
1 38.5564 21.3392 -0.087759 0.000154153
1 39.6657 21.3392 -0.0935946 5.52814e-05
1 40.7741 21.3392 -0.0976451 0.000218441
1 41.8831 21.3392 -0.0908324 0.000179406
1 42.9924 21.3392 -0.0945417 0.000321378
1 44.1082 21.3392 -0.0933471 0.000232324
1 0.131744 22.309 0.0927522 0.000279635
1 1.24759 22.3091 0.0935736 -0.000248391
1 2.35691 22.3091 0.090764 -0.000807599
1 3.46594 22.3091 0.0975326 -0.000955732
1 4.57431 22.3091 0.092699 -0.000726987
1 5.68358 22.3091 0.087112 -0.000811576
1 6.79286 22.3091 0.0851406 -0.000829022
1 7.90238 22.3091 0.0876204 -0.000931336
1 9.01112 22.3091 0.0976175 -0.000955084
1 10.1196 22.3091 0.0946034 -0.000957786
1 11.2284 22.3091 0.0971457 -0.000968644
1 12.3367 22.3091 0.0926773 -0.000969961
1 13.4474 22.3091 0.0589483 -0.000962148
1 14.5624 22.3091 0.0253162 -0.000960858
1 15.6806 22.3091 0.00829682 -0.000956371
1 16.8001 22.3091 0.00171497 -0.000954922
1 17.92 22.3091 0.000420575 -0.000951954
1 19.0399 22.3091 -0.000460584 -0.000949214
1 20.1601 22.3091 -0.000471446 -0.000950537
1 21.2801 22.3091 -0.000658962 -0.000950847
1 22.4002 22.3091 8.04389e-05 -0.000951342
1 23.5202 22.3091 0.000255303 -0.000956681
1 24.6401 22.3091 0.000584351 -0.000955284
1 25.7601 22.3091 -0.000114885 -0.000954163
1 26.88 22.3091 -0.000860692 -0.000954151
1 27.9997 22.3091 -0.0037039 -0.000954341
1 29.1188 22.3091 -0.0147463 -0.000960907
1 30.2356 22.3091 -0.0407012 -0.000967036
1 31.3484 22.3091 -0.0780076 -0.000970208
1 32.4574 22.3091 -0.0983408 -0.000968131
1 33.5658 22.3091 -0.0943792 -0.000951999
1 34.6745 22.3091 -0.0948641 -0.000923069
1 35.7831 22.3091 -0.0901061 -0.000894952
1 36.8928 22.3091 -0.0875628 -0.000872856
1 38.0015 22.3091 -0.0995524 -0.000874977
1 39.1101 22.3091 -0.0894703 -0.00079212
1 40.2197 22.3091 -0.0882144 -0.000883542
1 41.3285 22.3091 -0.0918761 -0.000990327
1 42.438 22.3091 -0.0881392 -0.000676679
1 43.5502 22.309 -0.0869676 -0.000353577
1 0.689785 23.279 0.0869014 0.000386513
1 1.802 23.279 0.0882871 0.000596973
1 2.91147 23.279 0.0917788 0.000900358
1 4.0203 23.2791 0.0880554 0.000946035
1 5.12983 23.279 0.0899816 0.00097171
1 6.23832 23.279 0.100025 0.000991919
1 7.34711 23.279 0.0872727 0.000905792
1 8.45666 23.279 0.090095 0.00091798
1 9.56528 23.279 0.0955488 0.00092933
1 10.6741 23.279 0.0951996 0.000946101
1 11.7825 23.279 0.0982894 0.000955891
1 12.8916 23.279 0.0784756 0.000955797
1 14.0044 23.279 0.0400864 0.000965467
1 15.1212 23.279 0.0142978 0.000964848
1 16.2403 23.279 0.00304862 0.000958598
1 17.3601 23.279 0.000391115 0.000962536
1 18.48 23.279 0.000281747 0.000961658
1 19.6001 23.279 -0.0007863 0.000962382
1 20.7201 23.279 -0.000627075 0.000963105
1 21.8401 23.279 2.95204e-05 0.000961366
1 22.9602 23.279 5.29323e-05 0.000958866
1 24.0801 23.279 0.000847003 0.000960505
1 25.2 23.279 0.000792868 0.000957777
1 26.32 23.279 -0.000198092 0.000966436
1 27.4398 23.279 -0.00152125 0.000967903
1 28.5593 23.279 -0.00731212 0.000963603
1 29.6776 23.279 -0.025171 0.000962849
1 30.7926 23.279 -0.0590534 0.000962493
1 31.9031 23.279 -0.092162 0.000955373
1 33.0116 23.279 -0.0964967 0.000957211
1 34.1202 23.279 -0.094244 0.000954838
1 35.2288 23.279 -0.0972563 0.000947209
1 36.3375 23.279 -0.0884736 0.000951163
1 37.4471 23.279 -0.0857838 0.000905649
1 38.5564 23.279 -0.0878051 0.00100879
1 39.6658 23.279 -0.0934831 0.000862177
1 40.7741 23.279 -0.0972661 0.000872953
1 41.8832 23.279 -0.0905372 0.000738753
1 42.9925 23.279 -0.094315 0.000311614
1 44.1083 23.2789 -0.0928869 -0.000143069
1 0.131648 24.2489 0.0933376 -0.000198359
1 1.24754 24.2489 0.0939318 -0.000218676
1 2.35687 24.2489 0.0911601 -0.000201673
1 3.46588 24.2489 0.0980696 -0.000136059
1 4.57425 24.2489 0.0928674 0.000162164
1 5.68354 24.2489 0.0870425 0.000126513
1 6.79283 24.2489 0.085101 8.94011e-05
1 7.90236 24.2489 0.087634 1.73634e-05
1 9.0111 24.2489 0.0976442 4.8421e-05
1 10.1196 24.2489 0.0946096 7.1444e-05
1 11.2283 24.2489 0.097124 7.90285e-05
1 12.3367 24.2489 0.0926522 8.16891e-05
1 13.4474 24.2489 0.05893 9.61487e-05
1 14.5624 24.2489 0.025318 0.000107559
1 15.6806 24.2489 0.00830469 0.000108454
1 16.8001 24.2489 0.00170568 0.000116424
1 17.92 24.2489 0.000431491 0.000117122
1 19.0399 24.2489 -0.000463627 0.000112942
1 20.1601 24.2489 -0.000479556 0.000119744
1 21.2801 24.2489 -0.000649874 0.000119944
1 22.4002 24.2489 8.82716e-05 0.000112662
1 23.5202 24.2489 0.000248644 0.000116944
1 24.6401 24.2489 0.00059291 0.0001166
1 25.7601 24.2489 -0.000128998 0.000111433
1 26.88 24.2489 -0.000873054 0.000118042
1 27.9997 24.2489 -0.0036997 0.000117285
1 29.1188 24.2489 -0.0147515 0.000107861
1 30.2356 24.2489 -0.0406922 0.000101634
1 31.3484 24.2489 -0.0779757 9.17156e-05
1 32.4574 24.2489 -0.0983092 8.59018e-05
1 33.5658 24.2489 -0.0943612 7.99357e-05
1 34.6745 24.2489 -0.094875 6.4393e-05
1 35.7832 24.2489 -0.0901452 6.42389e-05
1 36.8928 24.2489 -0.0876114 5.15878e-05
1 38.0016 24.2489 -0.0995806 -2.73635e-06
1 39.1101 24.2489 -0.0893985 0.000156832
1 40.2197 24.2489 -0.0880472 7.46673e-06
1 41.3286 24.2489 -0.0917731 -0.000102065
1 42.4381 24.2489 -0.0881775 1.71534e-05
1 43.5503 24.2489 -0.0872086 7.15015e-05
1 0.689789 25.2187 0.0873231 -0.000219796
1 1.80197 25.2187 0.0882678 -0.000150991
1 2.91144 25.2187 0.0916831 -0.000223551
1 4.02028 25.2187 0.0880501 -0.000387864
1 5.12982 25.2187 0.0898934 -0.000513696
1 6.23832 25.2187 0.0999651 -0.000332036
1 7.3471 25.2187 0.0873468 -0.000404464
1 8.45665 25.2187 0.0901592 -0.000462896
1 9.56527 25.2187 0.0955561 -0.000496299
1 10.6741 25.2187 0.0951843 -0.000535707
1 11.7825 25.2187 0.0982705 -0.000569061
1 12.8916 25.2187 0.0784569 -0.000588092
1 14.0044 25.2187 0.0400828 -0.000591854
1 15.1212 25.2187 0.0143002 -0.00059801
1 16.2403 25.2187 0.00304247 -0.00059989
1 17.3601 25.2187 0.00038461 -0.000594103
1 18.48 25.2187 0.000282248 -0.000593362
1 19.6001 25.2187 -0.000787936 -0.000599518
1 20.7201 25.2187 -0.000626817 -0.000602448
1 21.8401 25.2187 3.16844e-05 -0.000598108
1 22.9602 25.2187 5.18783e-05 -0.000590566
1 24.0801 25.2187 0.000851436 -0.000590926
1 25.2 25.2187 0.000798527 -0.000598144
1 26.32 25.2187 -0.00019839 -0.000598729
1 27.4398 25.2187 -0.00151738 -0.000595109
1 28.5593 25.2187 -0.00730948 -0.000601512
1 29.6776 25.2187 -0.0251669 -0.000596336
1 30.7926 25.2187 -0.0590321 -0.000588239
1 31.9031 25.2187 -0.0921298 -0.000568277
1 33.0116 25.2187 -0.0964967 -0.000541004
1 34.1203 25.2187 -0.0942602 -0.000520029
1 35.2288 25.2187 -0.0972564 -0.000500548
1 36.3375 25.2187 -0.0884622 -0.000462358
1 37.4471 25.2187 -0.0857767 -0.000462573
1 38.5564 25.2187 -0.0877667 -0.000353407
1 39.6658 25.2187 -0.0934262 -0.000395807
1 40.7742 25.2187 -0.097432 -0.000228814
1 41.8832 25.2187 -0.0908475 -0.000155827
1 42.9926 25.2187 -0.0945425 -1.83265e-05
1 44.1085 25.2187 -0.0931303 0.000244658
1 0.131579 26.1886 0.0928799 0.000108372
1 1.2475 26.1886 0.0937276 0.000243652
1 2.35684 26.1886 0.090894 -0.000181247
1 3.46587 26.1885 0.0976787 -0.000479707
1 4.57426 26.1885 0.0927176 -0.000479146
1 5.68355 26.1886 0.08707 -0.000493985
1 6.79284 26.1886 0.0851418 -0.000292014
1 7.90236 26.1886 0.0876174 -0.000286962
1 9.0111 26.1886 0.0975999 -0.000282612
1 10.1196 26.1886 0.0945786 -0.000277843
1 11.2283 26.1886 0.0971019 -0.000255079
1 12.3367 26.1886 0.0926341 -0.000226063
1 13.4474 26.1886 0.0589268 -0.000206599
1 14.5624 26.1886 0.0253248 -0.000192713
1 15.6806 26.1886 0.00830876 -0.000182416
1 16.8001 26.1886 0.00171341 -0.000183935
1 17.92 26.1886 0.00042899 -0.000189473
1 19.0399 26.1886 -0.000461709 -0.000185514
1 20.1601 26.1886 -0.000473925 -0.000184867
1 21.2801 26.1886 -0.000656344 -0.000184387
1 22.4002 26.1886 8.19741e-05 -0.000184069
1 23.5202 26.1886 0.000246812 -0.000184937
1 24.6401 26.1886 0.000587346 -0.000183478
1 25.7601 26.1886 -0.000123973 -0.000179685
1 26.88 26.1886 -0.000870793 -0.000187489
1 27.9997 26.1886 -0.0037001 -0.000184067
1 29.1188 26.1886 -0.0147489 -0.000185358
1 30.2356 26.1886 -0.0406859 -0.000197651
1 31.3484 26.1886 -0.0779522 -0.000210563
1 32.4574 26.1886 -0.0982805 -0.000224483
1 33.5658 26.1886 -0.0943596 -0.000254486
1 34.6745 26.1886 -0.0948769 -0.000300961
1 35.7832 26.1886 -0.090119 -0.000339341
1 36.8928 26.1886 -0.0875777 -0.000355509
1 38.0016 26.1885 -0.0995971 -0.000403161
1 39.1101 26.1885 -0.0894588 -0.000282779
1 40.2197 26.1885 -0.0880854 -0.000443048
1 41.3286 26.1886 -0.0918674 -0.000472976
1 42.4381 26.1885 -0.0881787 -0.000387103
1 43.5503 26.1885 -0.0868686 -1.67787e-05
1 0.689752 27.1584 0.0867384 0.000115662
1 1.80198 27.1584 0.0881049 0.00045268
1 2.91144 27.1584 0.0916351 0.000725732
1 4.02028 27.1584 0.0879204 0.000726381
1 5.12983 27.1584 0.0897565 0.000540683
1 6.23833 27.1584 0.0999526 0.000632632
1 7.34711 27.1584 0.0873275 0.000598163
1 8.45666 27.1584 0.090105 0.000627597
1 9.56528 27.1584 0.0955204 0.000637327
1 10.6741 27.1584 0.095185 0.000609439
1 11.7825 27.1583 0.0982951 0.000603174
1 12.8916 27.1583 0.0784855 0.000602579
1 14.0044 27.1583 0.0400908 0.000584898
1 15.1212 27.1583 0.0143084 0.000573191
1 16.2403 27.1583 0.00304563 0.000573895
1 17.3601 27.1583 0.00039151 0.000567305
1 18.48 27.1583 0.00028472 0.000566437
1 19.6001 27.1583 -0.000789837 0.000569046
1 20.7201 27.1583 -0.000627114 0.00056866
1 21.8401 27.1583 3.06931e-05 0.000569426
1 22.9602 27.1583 4.43716e-05 0.000569549
1 24.0801 27.1583 0.000845194 0.000569663
1 25.2 27.1583 0.000798526 0.000571554
1 26.32 27.1583 -0.000198572 0.000566232
1 27.4398 27.1583 -0.00151433 0.00056707
1 28.5593 27.1583 -0.00730301 0.000575435
1 29.6776 27.1583 -0.0251703 0.000578628
1 30.7926 27.1583 -0.0590355 0.000595551
1 31.9031 27.1584 -0.0921405 0.000615859
1 33.0116 27.1584 -0.0965017 0.000616107
1 34.1203 27.1584 -0.0942855 0.000620846
1 35.2288 27.1584 -0.0972888 0.000628802
1 36.3375 27.1584 -0.0884315 0.000618926
1 37.4471 27.1584 -0.0857274 0.000559991
1 38.5564 27.1584 -0.0879022 0.000623292
1 39.6658 27.1584 -0.0936291 0.000614779
1 40.7742 27.1584 -0.0975467 0.000756381
1 41.8832 27.1584 -0.0907824 0.000464683
1 42.9925 27.1584 -0.094474 -6.38381e-05
1 44.1084 27.1583 -0.0932206 -0.000207285
1 0.13171 28.1283 0.0929531 -0.000267039
1 1.24758 28.1283 0.093752 -0.000587476
1 2.3569 28.1283 0.0908997 -0.000449542
1 3.46592 28.1283 0.097785 -0.000209208
1 4.57428 28.1282 0.09271 -4.62935e-05
1 5.68357 28.1283 0.0869398 -0.000221264
1 6.79286 28.1283 0.0851523 -0.000202148
1 7.90238 28.1283 0.0876657 -0.000274019
1 9.01111 28.1283 0.097594 -0.000234087
1 10.1196 28.1283 0.0945639 -0.000221128
1 11.2284 28.1283 0.097125 -0.000230139
1 12.3367 28.1283 0.0926775 -0.000236289
1 13.4474 28.1283 0.0589496 -0.000239396
1 14.5624 28.1283 0.025322 -0.000245466
1 15.6806 28.1283 0.00830004 -0.000244692
1 16.8001 28.1283 0.00171206 -0.0002515
1 17.92 28.1283 0.000427582 -0.000251454
1 19.0399 28.1283 -0.000462475 -0.000241704
1 20.1601 28.1283 -0.000472693 -0.000244299
1 21.2801 28.1283 -0.0006588 -0.000245033
1 22.4002 28.1283 8.1959e-05 -0.00024161
1 23.5202 28.1283 0.000250045 -0.00024855
1 24.6401 28.1283 0.000590062 -0.000250126
1 25.7601 28.1283 -0.000119398 -0.000250804
1 26.88 28.1283 -0.000865411 -0.000253832
1 27.9997 28.1283 -0.00369872 -0.000251957
1 29.1188 28.1283 -0.0147423 -0.000242468
1 30.2356 28.1283 -0.0406872 -0.000241744
1 31.3484 28.1283 -0.0779747 -0.000235031
1 32.4574 28.1283 -0.0983069 -0.000233132
1 33.5658 28.1283 -0.0943718 -0.000223067
1 34.6745 28.1283 -0.094895 -0.000202795
1 35.7832 28.1283 -0.0901237 -0.000181157
1 36.8928 28.1283 -0.0875482 -0.000210042
1 38.0016 28.1283 -0.0996494 -0.000309169
1 39.1101 28.1282 -0.0896122 -0.000224656
1 40.2197 28.1282 -0.0881725 -0.00016596
1 41.3285 28.1283 -0.0919097 -0.000246872
1 42.438 28.1283 -0.0883443 -9.89102e-05
1 43.5502 28.1283 -0.0873478 -0.000197271
1 0.689889 29.0982 0.0874211 0.000113905
1 1.80206 29.0982 0.0882214 0.000180429
1 2.91153 29.0982 0.0916886 0.000356367
1 4.02034 29.0982 0.0881761 0.000136481
1 5.12985 29.0982 0.089889 7.66338e-05
1 6.23835 29.0982 0.0999042 0.000232974
1 7.34713 29.0982 0.0873291 0.000206956
1 8.45667 29.0982 0.0901375 0.000188328
1 9.56529 29.0982 0.0955363 0.000208399
1 10.6741 29.0982 0.0952035 0.000230999
1 11.7825 29.0982 0.0983358 0.000251601
1 12.8916 29.0982 0.0785068 0.000260549
1 14.0044 29.0982 0.0401046 0.000259559
1 15.1212 29.0982 0.0142967 0.000257429
1 16.2403 29.0982 0.00304979 0.000255315
1 17.3601 29.0982 0.000390946 0.00025374
1 18.48 29.0982 0.000274729 0.000246591
1 19.6001 29.0982 -0.000787983 0.000251373
1 20.7201 29.0982 -0.000628966 0.000257186
1 21.8401 29.0982 2.64892e-05 0.000250577
1 22.9602 29.0982 5.68478e-05 0.000247185
1 24.0801 29.0982 0.000853133 0.000253354
1 25.2 29.0982 0.000796818 0.000255823
1 26.32 29.0982 -0.000192628 0.000252091
1 27.4398 29.0982 -0.00152567 0.000253036
1 28.5593 29.0982 -0.00731553 0.000255288
1 29.6776 29.0982 -0.0251625 0.000258944
1 30.7926 29.0982 -0.0590549 0.00026292
1 31.9031 29.0982 -0.0921703 0.000253955
1 33.0116 29.0982 -0.0965369 0.000241169
1 34.1202 29.0982 -0.0942804 0.000239321
1 35.2288 29.0982 -0.0972766 0.000261583
1 36.3375 29.0982 -0.0884553 0.00028319
1 37.4471 29.0982 -0.0857628 0.000161001
1 38.5564 29.0982 -0.087796 5.58402e-05
1 39.6657 29.0982 -0.0933901 -5.17789e-05
1 40.7742 29.0981 -0.0972755 0.000322081
1 41.8832 29.0982 -0.0907149 0.000530757
1 42.9925 29.0982 -0.0943811 0.00050346
1 44.1083 29.0982 -0.092989 7.17257e-05
1 0.131801 30.0681 0.0930815 6.79195e-05
1 1.24766 30.0681 0.0936988 -0.000227977
1 2.35698 30.0681 0.0908414 -0.00071493
1 3.46599 30.068 0.0978722 -0.00116667
1 4.57433 30.068 0.0928864 -0.00118882
1 5.6836 30.0681 0.0870647 -0.00127558
1 6.79288 30.0681 0.0851218 -0.00109041
1 7.9024 30.0681 0.0876503 -0.00110871
1 9.01114 30.0681 0.0976513 -0.00112562
1 10.1196 30.0681 0.0946319 -0.00110531
1 11.2284 30.0681 0.0971918 -0.00105707
1 12.3367 30.0681 0.0927282 -0.00100117
1 13.4474 30.0681 0.0589657 -0.000978682
1 14.5624 30.0681 0.0253162 -0.000965036
1 15.6806 30.0681 0.00829536 -0.000960883
1 16.8001 30.0681 0.00170745 -0.000964986
1 17.92 30.0681 0.00042647 -0.00096237
1 19.0399 30.0681 -0.000468774 -0.000958089
1 20.1601 30.0681 -0.000478434 -0.000960548
1 21.2801 30.0681 -0.000653238 -0.000960781
1 22.4002 30.0681 8.91435e-05 -0.000957715
1 23.5202 30.0681 0.000251927 -0.000963028
1 24.6401 30.0681 0.000591385 -0.0009637
1 25.7601 30.0681 -0.000122639 -0.000959516
1 26.88 30.0681 -0.000865004 -0.000964585
1 27.9997 30.0681 -0.00370002 -0.000968634
1 29.1188 30.0681 -0.0147425 -0.000964857
1 30.2356 30.0681 -0.0406936 -0.000969823
1 31.3484 30.0681 -0.0780104 -0.000995432
1 32.4574 30.0681 -0.0983672 -0.00102987
1 33.5658 30.0681 -0.0944159 -0.00106828
1 34.6745 30.0681 -0.0949087 -0.00108241
1 35.7831 30.0681 -0.0901166 -0.00109489
1 36.8928 30.0681 -0.0875427 -0.00112477
1 38.0015 30.0681 -0.0996201 -0.00120835
1 39.1101 30.0681 -0.089484 -0.00118147
1 40.2197 30.068 -0.0880574 -0.00121344
1 41.3285 30.068 -0.0917825 -0.00110859
1 42.438 30.0681 -0.088023 -0.000730386
1 43.5502 30.0682 -0.0866846 -0.000314039
1 0.689883 31.038 0.0864222 -0.000444273
1 1.8021 31.038 0.087885 -0.000581687
1 2.91156 31.038 0.091564 -0.000920847
1 4.02038 31.038 0.087934 -0.00130615
1 5.12989 31.038 0.0899238 -0.00152036
1 6.23838 31.038 0.100035 -0.00147607
1 7.34715 31.038 0.0873069 -0.00147042
1 8.4567 31.038 0.0901448 -0.00146142
1 9.56531 31.038 0.0956427 -0.00140086
1 10.6741 31.038 0.0953377 -0.00130681
1 11.7825 31.038 0.0984278 -0.00122337
1 12.8916 31.038 0.0785563 -0.00115552
1 14.0044 31.038 0.0401093 -0.00110188
1 15.1212 31.038 0.0142962 -0.00107825
1 16.2403 31.038 0.00304713 -0.00106979
1 17.3601 31.038 0.000390199 -0.00106296
1 18.48 31.038 0.000276213 -0.00106435
1 19.6001 31.038 -0.000788593 -0.00106674
1 20.7201 31.038 -0.000628031 -0.00106318
1 21.8401 31.038 2.80788e-05 -0.0010661
1 22.9602 31.038 5.2814e-05 -0.00106356
1 24.0801 31.038 0.00084675 -0.0010625
1 25.2 31.038 0.000794544 -0.00106504
1 26.32 31.038 -0.000193684 -0.00107092
1 27.4398 31.038 -0.00152266 -0.00107002
1 28.5593 31.038 -0.00731129 -0.00107968
1 29.6776 31.038 -0.0251727 -0.00108914
1 30.7926 31.038 -0.0590866 -0.00112828
1 31.9031 31.038 -0.092245 -0.00119889
1 33.0115 31.038 -0.0966062 -0.00126592
1 34.1202 31.038 -0.0943546 -0.00134195
1 35.2287 31.038 -0.0973574 -0.0014328
1 36.3375 31.038 -0.0885268 -0.00148789
1 37.447 31.038 -0.0857608 -0.00153726
1 38.5564 31.0379 -0.087758 -0.00141725
1 39.6657 31.038 -0.0934755 -0.00140547
1 40.7741 31.038 -0.0972974 -0.00114053
1 41.8831 31.038 -0.0904211 -0.000986256
1 42.9924 31.038 -0.0940743 -0.00082112
1 44.1083 31.0382 -0.0927227 -0.00044817
1 0.131702 32.0079 0.0913976 -0.00223883
1 1.24761 32.0077 0.0926215 -0.00368935
1 2.35693 32.0076 0.0901439 -0.00509634
1 3.46595 32.0076 0.0971053 -0.00611724
1 4.57433 32.0075 0.0923214 -0.00659486
1 5.68362 32.0075 0.0869097 -0.00704696
1 6.79291 32.0075 0.0851743 -0.00715729
1 7.90243 32.0075 0.0877676 -0.0071379
1 9.01116 32.0075 0.0978485 -0.00693262
1 10.1196 32.0075 0.0948888 -0.00662458
1 11.2284 32.0075 0.0974379 -0.006315
1 12.3367 32.0076 0.0928984 -0.0059977
1 13.4474 32.0076 0.0590506 -0.00570563
1 14.5624 32.0076 0.0253454 -0.00552353
1 15.6806 32.0076 0.00830189 -0.00545205
1 16.8001 32.0076 0.00171282 -0.00542987
1 17.92 32.0076 0.000420851 -0.00542202
1 19.0399 32.0076 -0.000456569 -0.00542214
1 20.1601 32.0076 -0.0004711 -0.00541628
1 21.2801 32.0076 -0.00066104 -0.00541767
1 22.4002 32.0076 7.3584e-05 -0.00542551
1 23.5202 32.0076 0.000251428 -0.00542602
1 24.6401 32.0076 0.000582925 -0.00543022
1 25.7601 32.0076 -0.000116937 -0.00543197
1 26.88 32.0076 -0.000860363 -0.0054329
1 27.9997 32.0076 -0.00370431 -0.00544456
1 29.1188 32.0076 -0.0147613 -0.0054829
1 30.2356 32.0076 -0.0407567 -0.00560418
1 31.3484 32.0076 -0.0781473 -0.00585422
1 32.4574 32.0076 -0.098566 -0.0061783
1 33.5658 32.0075 -0.0946339 -0.00649218
1 34.6744 32.0075 -0.0951338 -0.00680639
1 35.7831 32.0075 -0.0903688 -0.00704944
1 36.8927 32.0075 -0.0877065 -0.00716866
1 38.0015 32.0075 -0.0994719 -0.00722622
1 39.1101 32.0075 -0.0892031 -0.00691033
1 40.2196 32.0075 -0.0878076 -0.00651523
1 41.3285 32.0076 -0.0911485 -0.00575386
1 42.438 32.0077 -0.0871748 -0.00433854
1 43.5502 32.0078 -0.0861196 -0.0026247
1 0.689669 32.9771 0.0835837 -0.00922463
1 1.80188 32.9767 0.0851607 -0.0135193
1 2.91139 32.9764 0.089331 -0.0168809
1 4.02026 32.9762 0.0863606 -0.0195024
1 5.12984 32.9761 0.0888875 -0.0212001
1 6.23838 32.976 0.0996571 -0.0220574
1 7.34718 32.976 0.0874416 -0.0224878
1 8.45674 32.976 0.0905447 -0.0224701
1 9.56535 32.9761 0.0961575 -0.0220289
1 10.6741 32.9761 0.095845 -0.0214207
1 11.7825 32.9762 0.0989026 -0.0207437
1 12.8916 32.9763 0.0789071 -0.0199448
1 14.0044 32.9763 0.0402829 -0.0193117
1 15.1212 32.9763 0.0143596 -0.0189929
1 16.2403 32.9763 0.00306102 -0.0188743
1 17.3601 32.9763 0.000394953 -0.018858
1 18.48 32.9763 0.000283472 -0.018838
1 19.6001 32.9763 -0.000786886 -0.018826
1 20.7201 32.9763 -0.000629816 -0.0188389
1 21.8401 32.9763 2.27262e-05 -0.0188372
1 22.9602 32.9763 4.1868e-05 -0.0188545
1 24.0801 32.9763 0.000838886 -0.0188702
1 25.2 32.9763 0.000792594 -0.0188648
1 26.32 32.9763 -0.000191647 -0.0188706
1 27.4398 32.9763 -0.00151567 -0.0188884
1 28.5593 32.9763 -0.00733336 -0.0189273
1 29.6776 32.9763 -0.0252835 -0.0191308
1 30.7925 32.9763 -0.059352 -0.0196088
1 31.9031 32.9762 -0.0926823 -0.0203647
1 33.0115 32.9762 -0.0971371 -0.0211394
1 34.1202 32.9761 -0.0949126 -0.0217987
1 35.2287 32.976 -0.0978309 -0.0223497
1 36.3374 32.976 -0.0887421 -0.0225565
1 37.447 32.976 -0.0856588 -0.0225339
1 38.5564 32.976 -0.087206 -0.0220156
1 39.6658 32.9761 -0.0924061 -0.0208471
1 40.7742 32.9762 -0.0956589 -0.0187694
1 41.8833 32.9765 -0.0880312 -0.0155985
1 42.9927 32.9769 -0.090762 -0.0115951
1 44.1087 32.9772 -0.0878186 -0.00765862
1 0.130469 33.9458 0.0790634 -0.0207242
1 1.24675 33.9449 0.0846045 -0.0267296
1 2.35627 33.944 0.0839034 -0.0339209
1 3.46549 33.9433 0.0925532 -0.039594
1 4.57402 33.9428 0.0892999 -0.0437135
1 5.68345 33.9425 0.084898 -0.0471123
1 6.79285 33.9424 0.0840327 -0.0491964
1 7.90246 33.9423 0.0874942 -0.0503655
1 9.01125 33.9424 0.0983164 -0.0506783
1 10.1197 33.9425 0.0956591 -0.05021
1 11.2285 33.9427 0.0982392 -0.0494507
1 12.3368 33.9428 0.0936932 -0.0482963
1 13.4474 33.943 0.0596203 -0.0469598
1 14.5624 33.943 0.0256114 -0.0460793
1 15.6806 33.9431 0.00839369 -0.0456913
1 16.8001 33.9431 0.00173997 -0.0455854
1 17.92 33.9431 0.000452857 -0.0455625
1 19.0399 33.9431 -0.000447147 -0.0455428
1 20.1601 33.9431 -0.000475006 -0.0455431
1 21.2801 33.9431 -0.000672509 -0.0455561
1 22.4002 33.9431 5.80134e-05 -0.045575
1 23.5202 33.9431 0.000228296 -0.0455967
1 24.6401 33.9431 0.000581821 -0.0456004
1 25.7601 33.9431 -0.000137294 -0.0455956
1 26.88 33.9431 -0.000899102 -0.0456151
1 27.9997 33.9431 -0.00375287 -0.0456534
1 29.1188 33.943 -0.0149065 -0.0458533
1 30.2356 33.943 -0.0411471 -0.0464728
1 31.3483 33.9429 -0.0788659 -0.0476328
1 32.4573 33.9427 -0.0994292 -0.0489689
1 33.5657 33.9426 -0.0954952 -0.0499509
1 34.6743 33.9424 -0.0958635 -0.0506806
1 35.783 33.9423 -0.0906213 -0.0508832
1 36.8927 33.9423 -0.0874118 -0.0501671
1 38.0016 33.9424 -0.0982878 -0.0488501
1 39.1103 33.9426 -0.0864625 -0.0464276
1 40.22 33.9429 -0.0835682 -0.042832
1 41.329 33.9435 -0.0858233 -0.0379186
1 42.4387 33.9443 -0.0804859 -0.0315186
1 43.5511 33.9453 -0.0776952 -0.0240097
1 0.68765 34.9118 0.070603 -0.044
1 1.80018 34.9101 0.0742641 -0.0501136
1 2.91002 34.9086 0.0801294 -0.0565264
1 4.01923 34.9074 0.0786858 -0.0628879
1 5.12916 34.9065 0.0823733 -0.0686966
1 6.23804 34.9059 0.0952345 -0.0732687
1 7.34707 34.9055 0.0851254 -0.076916
1 8.45678 34.9054 0.0894676 -0.0796477
1 9.56548 34.9055 0.096047 -0.0809896
1 10.6743 34.9057 0.0962938 -0.0812803
1 11.7827 34.9059 0.0997262 -0.0808605
1 12.8917 34.9062 0.0798294 -0.0795896
1 14.0045 34.9064 0.0408583 -0.0782509
1 15.1212 34.9064 0.0145913 -0.0775084
1 16.2403 34.9064 0.00311988 -0.0772433
1 17.3601 34.9064 0.000390848 -0.0772002
1 18.48 34.9064 0.000268784 -0.0771664
1 19.6001 34.9064 -0.000805487 -0.0771715
1 20.7201 34.9064 -0.000642553 -0.0772011
1 21.8401 34.9064 2.07086e-05 -0.0772058
1 22.9602 34.9064 4.72143e-05 -0.0772145
1 24.0801 34.9064 0.000848861 -0.0772332
1 25.2 34.9064 0.000804279 -0.0772037
1 26.32 34.9064 -0.000174567 -0.0771987
1 27.4398 34.9064 -0.00150614 -0.0772436
1 28.5593 34.9064 -0.007455 -0.077362
1 29.6776 34.9064 -0.0256711 -0.0778297
1 30.7925 34.9063 -0.0601285 -0.0788954
1 31.903 34.9061 -0.0936363 -0.0803598
1 33.0113 34.9058 -0.0979107 -0.0812926
1 34.12 34.9056 -0.0953877 -0.0814257
1 35.2286 34.9054 -0.0974581 -0.0808867
1 36.3374 34.9054 -0.0869296 -0.0791071
1 37.4472 34.9056 -0.0825548 -0.0762065
1 38.5568 34.906 -0.0828335 -0.071928
1 39.6665 34.9067 -0.0860073 -0.0667567
1 40.7754 34.9077 -0.0867726 -0.0611462
1 41.8849 34.909 -0.0774481 -0.054926
1 42.9948 34.9106 -0.0767136 -0.0488477
1 44.1119 34.9121 -0.0634377 -0.0459999
1 0.124374 35.8759 0.0490176 -0.0733045
1 1.24307 35.8747 0.0685811 -0.065486
1 2.3535 35.8727 0.0723175 -0.0656159
1 3.46331 35.8708 0.0822569 -0.0690066
1 4.57236 35.8692 0.0801961 -0.0731121
1 5.68224 35.8679 0.0768078 -0.0786799
1 6.79209 35.8669 0.0770444 -0.0842071
1 7.90209 35.8663 0.0820653 -0.0893388
1 9.01117 35.8661 0.0949211 -0.0934028
1 10.1198 35.8661 0.0940541 -0.0961668
1 11.2286 35.8663 0.0976713 -0.097786
1 12.337 35.8666 0.0940367 -0.0980363
1 13.4475 35.8668 0.0603415 -0.0972525
1 14.5624 35.8669 0.0260739 -0.0965011
1 15.6806 35.8669 0.00856032 -0.0961059
1 16.8001 35.867 0.00177737 -0.0959864
1 17.92 35.867 0.000465389 -0.0959617
1 19.0399 35.867 -0.000494534 -0.0959771
1 20.1601 35.867 -0.000513984 -0.0959971
1 21.2801 35.867 -0.000672971 -0.096011
1 22.4002 35.8669 8.90838e-05 -0.0960107
1 23.5202 35.8669 0.000239169 -0.0959906
1 24.6401 35.8669 0.000615945 -0.095976
1 25.7601 35.8669 -0.000135484 -0.0959482
1 26.88 35.8669 -0.000982235 -0.0959754
1 27.9997 35.8669 -0.00387327 -0.0960235
1 29.1187 35.8669 -0.0151858 -0.096256
1 30.2355 35.8669 -0.0417565 -0.0968513
1 31.3482 35.8667 -0.0795593 -0.0977582
1 32.4572 35.8664 -0.0994316 -0.0982305
1 33.5655 35.8661 -0.0945689 -0.0974178
1 34.6743 35.866 -0.0937455 -0.0954273
1 35.7832 35.8661 -0.0869055 -0.0921789
1 36.8931 35.8664 -0.0821163 -0.0876497
1 38.0024 35.8671 -0.0906643 -0.0826352
1 39.1116 35.8682 -0.0769802 -0.0771333
1 40.2219 35.8696 -0.0734907 -0.0716075
1 41.3315 35.8714 -0.0751852 -0.0674592
1 42.4417 35.8734 -0.0689112 -0.0654383
1 43.5546 35.8754 -0.0641776 -0.0680468
1 0.682866 36.8375 0.0603457 -0.085756
1 1.79618 36.8364 0.066125 -0.0718974
1 2.90658 36.8344 0.0719957 -0.0672449
1 4.0163 36.8324 0.0693843 -0.0680836
1 5.12679 36.8305 0.0722132 -0.0716791
1 6.23626 36.8289 0.0852848 -0.0753794
1 7.34582 36.8277 0.0763588 -0.0802182
1 8.45601 36.8268 0.0819067 -0.0856167
1 9.56512 36.8263 0.0904083 -0.090416
1 10.6742 36.8262 0.0927371 -0.0940909
1 11.7828 36.8264 0.0980896 -0.0962687
1 12.8918 36.8265 0.0797828 -0.0967991
1 14.0045 36.8267 0.0412514 -0.0964234
1 15.1213 36.8267 0.0148734 -0.0960771
1 16.2403 36.8268 0.00322677 -0.0959352
1 17.3601 36.8268 0.000378863 -0.0958982
1 18.48 36.8268 0.000230714 -0.0958656
1 19.6 36.8268 -0.000822284 -0.0958761
1 20.7201 36.8268 -0.000655265 -0.0958922
1 21.8401 36.8268 1.85872e-05 -0.0958834
1 22.9602 36.8267 7.80262e-05 -0.0958582
1 24.0801 36.8267 0.00087445 -0.0958573
1 25.2001 36.8268 0.000814117 -0.0958392
1 26.32 36.8268 -0.000154129 -0.0958369
1 27.4398 36.8268 -0.00149087 -0.0958688
1 28.5593 36.8267 -0.00763567 -0.0959577
1 29.6775 36.8267 -0.0260973 -0.0962197
1 30.7924 36.8266 -0.0604951 -0.0966821
1 31.9029 36.8264 -0.093048 -0.0968755
1 33.0113 36.8262 -0.0956117 -0.0957061
1 34.1202 36.8262 -0.091269 -0.0928811
1 35.229 36.8264 -0.0909941 -0.0888229
1 36.3383 36.827 -0.0784053 -0.0838882
1 37.4487 36.828 -0.072914 -0.0784482
1 38.5589 36.8293 -0.0732817 -0.0733367
1 39.6691 36.831 -0.0772336 -0.0697695
1 40.7785 36.833 -0.0786223 -0.0680275
1 41.8887 36.8349 -0.0690573 -0.0693326
1 43.0001 36.8365 -0.0645562 -0.0776895
1 44.1213 36.8362 -0.0419746 -0.0976259
1 0.113625 37.7956 0.0460536 -0.109345
1 1.23664 37.798 0.0612114 -0.0901531
1 2.34879 37.7975 0.0666929 -0.0766621
1 3.45931 37.7959 0.0762243 -0.0716098
1 4.56884 37.7938 0.0734566 -0.0703922
1 5.67915 37.7918 0.0687917 -0.0718469
1 6.78954 37.79 0.0674008 -0.0753142
1 7.90019 37.7885 0.0719646 -0.0799862
1 9.00993 37.7874 0.085939 -0.0848071
1 10.1191 37.7868 0.0873605 -0.0897425
1 11.2284 37.7866 0.0932669 -0.0937475
1 12.337 37.7866 0.0920631 -0.0959366
1 13.4476 37.7867 0.0601191 -0.0965143
1 14.5625 37.7867 0.0262934 -0.0964119
1 15.6806 37.7868 0.00866587 -0.0962526
1 16.8002 37.7868 0.00177802 -0.0961926
1 17.92 37.7868 0.000478969 -0.0961605
1 19.0399 37.7868 -0.000518594 -0.0961427
1 20.1601 37.7868 -0.00055985 -0.0961246
1 21.2801 37.7868 -0.000643532 -0.0961137
1 22.4002 37.7868 0.000129213 -0.0961085
1 23.5202 37.7868 0.00028545 -0.0960909
1 24.6401 37.7868 0.000704777 -0.0960941
1 25.7601 37.7868 -0.000106033 -0.0960908
1 26.88 37.7868 -0.00107705 -0.0961374
1 27.9997 37.7868 -0.00398563 -0.0961834
1 29.1187 37.7868 -0.0154055 -0.0962953
1 30.2355 37.7867 -0.0419534 -0.0965131
1 31.3481 37.7866 -0.0788188 -0.0965092
1 32.4572 37.7865 -0.0964741 -0.0953902
1 33.5659 37.7866 -0.0892184 -0.0924536
1 34.6751 37.7869 -0.086116 -0.0879042
1 35.7846 37.7877 -0.0777533 -0.0827986
1 36.8952 37.7889 -0.072449 -0.0779027
1 38.0051 37.7905 -0.0806576 -0.0740573
1 39.1149 37.7923 -0.0683147 -0.0717369
1 40.2256 37.7943 -0.0675383 -0.0702775
1 41.3355 37.7963 -0.0708252 -0.0730847
1 42.4463 37.7975 -0.0637233 -0.0831601
1 43.5603 37.7967 -0.0556599 -0.102463
1 0.676073 38.7561 0.049221 -0.107235
1 1.79082 38.7589 0.0584735 -0.087006
1 2.90196 38.759 0.068395 -0.0721223
1 4.01197 38.7573 0.0656514 -0.066015
1 5.12273 38.7552 0.0664385 -0.0663965
1 6.23263 38.753 0.0779171 -0.0678555
1 7.34275 38.7511 0.068139 -0.0705736
1 8.45361 38.7494 0.0728781 -0.0742809
1 9.56348 38.7482 0.0815021 -0.0790001
1 10.6733 38.7474 0.0853888 -0.0841162
1 11.7824 38.747 0.0933002 -0.0882125
1 12.8918 38.7469 0.0779054 -0.0906321
1 14.0046 38.7469 0.0409865 -0.0914706
1 15.1213 38.7469 0.0149968 -0.0915929
1 16.2403 38.7469 0.00331727 -0.0915723
1 17.3601 38.7469 0.000413516 -0.0915796
1 18.48 38.7469 0.000267342 -0.0915494
1 19.6 38.7469 -0.000777248 -0.0915187
1 20.7201 38.7469 -0.000635226 -0.091512
1 21.8401 38.7469 1.36579e-05 -0.0914517
1 22.9602 38.7469 7.2271e-05 -0.0914333
1 24.0802 38.7469 0.000855548 -0.0914531
1 25.2001 38.7469 0.000784383 -0.0914854
1 26.32 38.7469 -0.000181636 -0.0915211
1 27.4398 38.7469 -0.00149833 -0.0915394
1 28.5593 38.7469 -0.00777172 -0.0915321
1 29.6775 38.7469 -0.0262363 -0.0915648
1 30.7923 38.7469 -0.0598263 -0.091285
1 31.903 38.7469 -0.0900662 -0.0899054
1 33.0119 38.7471 -0.0897709 -0.0867536
1 34.1213 38.7476 -0.0832636 -0.0820905
1 35.2309 38.7486 -0.0816718 -0.0770064
1 36.341 38.7499 -0.0691099 -0.0727835
1 37.452 38.7517 -0.0648631 -0.0688364
1 38.5626 38.7537 -0.0676099 -0.0661223
1 39.6732 38.7559 -0.0732832 -0.0657963
1 40.7829 38.7577 -0.0757981 -0.0690347
1 41.8938 38.7586 -0.0661535 -0.0781225
1 43.0068 38.7573 -0.0636064 -0.0956006
1 44.1306 38.7531 -0.0628591 -0.109436
1 0.106723 39.7126 0.0742405 -0.103296
1 1.22984 39.7179 0.0634617 -0.0967352
1 2.3432 39.7209 0.064726 -0.0818291
1 3.45438 39.721 0.0744298 -0.0690991
1 4.56412 39.7193 0.0712579 -0.0638903
1 5.67466 39.717 0.064937 -0.0630475
1 6.78546 39.7146 0.0616652 -0.0655309
1 7.89671 39.7125 0.0647566 -0.0688656
1 9.0072 39.7107 0.077402 -0.0720355
1 10.1173 39.7093 0.0785131 -0.0763554
1 11.2273 39.7084 0.0855306 -0.0810559
1 12.3366 39.7079 0.0871826 -0.0850271
1 13.4475 39.7077 0.0584238 -0.0873851
1 14.5625 39.7077 0.0260094 -0.0881613
1 15.6806 39.7077 0.00863435 -0.0882833
1 16.8002 39.7077 0.00175843 -0.088292
1 17.92 39.7077 0.000540591 -0.08831
1 19.0399 39.7077 -0.000475506 -0.0882828
1 20.16 39.7077 -0.000517808 -0.0882273
1 21.2801 39.7077 -0.000593117 -0.0881708
1 22.4002 39.7077 0.000158692 -0.0881489
1 23.5202 39.7077 0.000254207 -0.0881601
1 24.6401 39.7077 0.000701176 -0.088201
1 25.7601 39.7077 -0.00014143 -0.0882316
1 26.88 39.7077 -0.00117406 -0.0882752
1 27.9997 39.7077 -0.00403313 -0.0882621
1 29.1187 39.7077 -0.0153784 -0.0882368
1 30.2354 39.7076 -0.0412946 -0.0879532
1 31.3483 39.7077 -0.0759664 -0.0866222
1 32.4578 39.708 -0.0902059 -0.083491
1 33.5673 39.7086 -0.0807688 -0.0791029
1 34.6774 39.7098 -0.0772858 -0.0743697
1 35.7876 39.7113 -0.0699302 -0.0703833
1 36.8988 39.7132 -0.0658833 -0.0671804
1 38.0092 39.7154 -0.0753918 -0.0642145
1 39.1192 39.7177 -0.065009 -0.0632711
1 40.2301 39.7198 -0.0649156 -0.0638556
1 41.3403 39.7207 -0.0665005 -0.0735796
1 42.4522 39.7191 -0.055473 -0.089613
1 43.5677 39.7145 -0.0504018 -0.100176
1 0.668207 40.6751 0.0527823 -0.0941892
1 1.78385 40.68 0.0531052 -0.0975013
1 2.89632 40.6829 0.0635392 -0.0850518
1 4.00689 40.6827 0.0643933 -0.0734724
1 5.11773 40.6807 0.0638046 -0.0694882
1 6.22786 40.6781 0.0732855 -0.0705785
1 7.33843 40.6755 0.0626458 -0.0734057
1 8.4499 40.6732 0.0665706 -0.0764425
1 9.56056 40.6713 0.0735114 -0.0798845
1 10.6713 40.6698 0.0763768 -0.0839359
1 11.7814 40.6688 0.0853594 -0.0884464
1 12.8914 40.6683 0.0732747 -0.09262
1 14.0045 40.6681 0.0394332 -0.0949052
1 15.1213 40.6681 0.0147228 -0.0955954
1 16.2403 40.6681 0.00320623 -0.0956622
1 17.36 40.6681 0.000349639 -0.0957033
1 18.48 40.6681 0.000277118 -0.0957034
1 19.6 40.6681 -0.000716576 -0.0956905
1 20.7201 40.6681 -0.000553879 -0.0956617
1 21.8401 40.6681 6.8171e-05 -0.0955594
1 22.9602 40.6681 6.08459e-05 -0.0955372
1 24.0802 40.6681 0.000826293 -0.0955901
1 25.2001 40.6681 0.000810007 -0.0956605
1 26.32 40.6681 -0.00014455 -0.0956893
1 27.4398 40.6681 -0.00137433 -0.0956912
1 28.5593 40.6681 -0.00764635 -0.0955844
1 29.6775 40.6681 -0.0256944 -0.0953739
1 30.7925 40.6681 -0.0571947 -0.0941277
1 31.9036 40.6684 -0.0837824 -0.0909037
1 33.0133 40.6691 -0.0811115 -0.0863117
1 34.1237 40.6704 -0.0745856 -0.082025
1 35.2341 40.672 -0.0742277 -0.0783486
1 36.3449 40.6741 -0.0625665 -0.0749157
1 37.4565 40.6765 -0.0595925 -0.0706846
1 38.5674 40.6792 -0.0650683 -0.0675541
1 39.6778 40.6816 -0.0728328 -0.0702145
1 40.7876 40.6827 -0.0749972 -0.0790399
1 41.899 40.6813 -0.0635883 -0.09206
1 43.0123 40.6772 -0.0665357 -0.0974038
1 44.1335 40.6726 -0.0816455 -0.0894085
1 0.104624 41.6351 0.0779822 -0.0743036
1 1.22455 41.6384 0.0679533 -0.0856185
1 2.33788 41.6424 0.0635069 -0.089071
1 3.4498 41.645 0.0764477 -0.0777062
1 4.55943 41.6446 0.0758572 -0.0651713
1 5.6696 41.6419 0.0668835 -0.0615322
1 6.78043 41.6387 0.0589256 -0.064437
1 7.89221 41.6358 0.0597954 -0.0692475
1 9.00343 41.6333 0.0713164 -0.0730558
1 10.1143 41.6313 0.0709215 -0.0765777
1 11.2254 41.6298 0.0765893 -0.0804042
1 12.3356 41.6288 0.0792898 -0.0852
1 13.4472 41.6283 0.0542924 -0.0896141
1 14.5624 41.6281 0.0246779 -0.0917594
1 15.6806 41.6281 0.00834397 -0.0923072
1 16.8001 41.6281 0.00166087 -0.0924375
1 17.9199 41.6281 0.000539322 -0.0924929
1 19.0399 41.6281 -0.000355432 -0.0925189
1 20.16 41.6281 -0.000399243 -0.0924857
1 21.2801 41.6281 -0.000533568 -0.0924137
1 22.4002 41.6281 0.000101262 -0.092364
1 23.5202 41.6281 0.000188018 -0.092378
1 24.6401 41.6281 0.000706012 -0.0923957
1 25.7601 41.6281 -9.4467e-05 -0.0923689
1 26.88 41.6281 -0.00108374 -0.0924257
1 27.9997 41.6281 -0.00388381 -0.0923833
1 29.1187 41.6281 -0.0148793 -0.0921082
1 30.2356 41.6281 -0.0389982 -0.090986
1 31.3488 41.6284 -0.0699915 -0.0877559
1 32.4593 41.6292 -0.0813034 -0.0827253
1 33.5697 41.6304 -0.0723897 -0.0784564
1 34.6807 41.6322 -0.0706485 -0.0748872
1 35.7917 41.6344 -0.0640598 -0.0706332
1 36.9035 41.6371 -0.0607918 -0.0659207
1 38.0142 41.6402 -0.0734793 -0.0619719
1 39.1241 41.6432 -0.066034 -0.0632337
1 40.2349 41.6447 -0.0644101 -0.0696325
1 41.3458 41.6437 -0.0627264 -0.0831283
1 42.4586 41.6399 -0.0562475 -0.0879663
1 43.5737 41.6361 -0.0595017 -0.0794973
1 0.66435 42.5995 0.0712228 -0.0717124
1 1.77919 42.6022 0.0667627 -0.0810343
1 2.8919 42.6062 0.0654725 -0.0828474
1 4.00323 42.6085 0.0682647 -0.0713808
1 5.11394 42.6073 0.0732662 -0.0579653
1 6.22334 42.6037 0.0804138 -0.0557541
1 7.33367 42.5998 0.0634282 -0.0609004
1 8.44554 42.5964 0.0632483 -0.067059
1 9.55689 42.5938 0.0682318 -0.0723052
1 10.6685 42.5918 0.0692888 -0.075531
1 11.7795 42.5903 0.0763797 -0.0790297
1 12.8906 42.5894 0.0659914 -0.0839312
1 14.0042 42.5889 0.0360671 -0.0874958
1 15.1212 42.5888 0.0137773 -0.0891652
1 16.2403 42.5888 0.00323143 -0.0895755
1 17.36 42.5888 0.00060351 -0.089571
1 18.4799 42.5888 0.000420875 -0.0896391
1 19.6 42.5888 -0.00055719 -0.089568
1 20.72 42.5887 -0.000442237 -0.0894641
1 21.8401 42.5888 5.14386e-05 -0.089482
1 22.9602 42.5888 -0.000104065 -0.0895465
1 24.0802 42.5888 0.00047803 -0.0894986
1 25.2001 42.5888 0.000639603 -0.0895465
1 26.3201 42.5888 -0.000102646 -0.0894754
1 27.4398 42.5888 -0.00125174 -0.0894283
1 28.5593 42.5888 -0.00724682 -0.0893735
1 29.6776 42.5889 -0.0239332 -0.0886169
1 30.793 42.5891 -0.0520723 -0.0859732
1 31.9049 42.5897 -0.0751533 -0.0814819
1 33.0156 42.591 -0.0729344 -0.0770153
1 34.1269 42.5927 -0.0686745 -0.0739695
1 35.2381 42.595 -0.0686504 -0.0694543
1 36.3496 42.598 -0.0583927 -0.0627636
1 37.4614 42.6017 -0.0621039 -0.0576352
1 38.5718 42.6055 -0.0730283 -0.056252
1 39.6818 42.6079 -0.0781896 -0.0669243
1 40.792 42.6071 -0.0724806 -0.0787516
1 41.9041 42.6038 -0.0614086 -0.0807839
1 43.0168 42.6004 -0.0679614 -0.0726818
1 44.1365 42.5978 -0.0665554 -0.0672251
1 0.10218 43.5618 0.0668916 -0.0753233
1 1.2226 43.5627 0.0679015 -0.0789773
1 2.33489 43.5658 0.0683342 -0.0837724
1 3.44666 43.5695 0.0755794 -0.0858878
1 4.5572 43.5714 0.0768156 -0.0728455
1 5.6673 43.5695 0.0765734 -0.0574747
1 6.77723 43.5647 0.0706413 -0.053634
1 7.88832 43.5598 0.0657703 -0.0611121
1 8.99958 43.556 0.0710212 -0.0705123
1 10.111 43.5534 0.0672889 -0.0772157
1 11.2227 43.5514 0.0700448 -0.0809665
1 12.334 43.55 0.0706398 -0.0853017
1 13.4465 43.5492 0.0480545 -0.0902922
1 14.5622 43.5489 0.0222545 -0.0933418
1 15.6806 43.5489 0.0078945 -0.0946489
1 16.8001 43.5488 0.0017849 -0.0950185
1 17.92 43.5488 0.000730881 -0.0948244
1 19.0399 43.5488 -0.000221736 -0.09471
1 20.16 43.5488 -0.000425712 -0.0947227
1 21.2801 43.5488 -0.000293367 -0.0947128
1 22.4002 43.5488 8.41844e-05 -0.0946575
1 23.5202 43.5488 -4.98178e-06 -0.0947294
1 24.6401 43.5489 0.000450952 -0.0948235
1 25.7601 43.5489 -0.00045619 -0.0947368
1 26.88 43.5489 -0.00132679 -0.0946578
1 27.9997 43.5489 -0.00358674 -0.0947207
1 29.1188 43.5489 -0.0134842 -0.094097
1 30.2359 43.549 -0.0348178 -0.0920403
1 31.3499 43.5495 -0.0620255 -0.0878759
1 32.4614 43.5506 -0.0733048 -0.0828471
1 33.5727 43.5523 -0.067484 -0.0791304
1 34.6843 43.5546 -0.0670497 -0.0736964
1 35.7959 43.5579 -0.0636638 -0.0645056
1 36.9077 43.5623 -0.0695085 -0.0576033
1 38.0174 43.567 -0.0880415 -0.0572824
1 39.1267 43.5704 -0.0738688 -0.0652322
1 40.2381 43.5704 -0.0657435 -0.080216
1 41.3498 43.5674 -0.0657698 -0.0862604
1 42.4622 43.564 -0.0671308 -0.0801973
1 43.5763 43.5619 -0.0666413 -0.0742558
1 0.663857 44.5236 0.0610925 -0.0737364
1 1.77771 44.5263 0.0650973 -0.0738096
1 2.88939 44.5303 0.065443 -0.0807429
1 4.00117 44.5339 0.0658533 -0.0782252
1 5.11267 44.5347 0.0752485 -0.0644598
1 6.22249 44.5315 0.0866561 -0.0483632
1 7.33249 44.5258 0.0762142 -0.0449693
1 8.44343 44.5202 0.0747916 -0.0521434
1 9.55417 44.516 0.0735023 -0.0634464
1 10.6657 44.5132 0.0690259 -0.0716839
1 11.7773 44.5113 0.070481 -0.0766498
1 12.8893 44.5101 0.0584363 -0.0817699
1 14.0036 44.5094 0.0317319 -0.0862702
1 15.1211 44.5092 0.0119498 -0.088655
1 16.2403 44.5092 0.00266073 -0.0894456
1 17.36 44.5092 0.00040454 -0.0895061
1 18.48 44.5092 0.000372171 -0.0893807
1 19.6 44.5091 -0.000393396 -0.0891746
1 20.7201 44.5091 -0.000300219 -0.0892084
1 21.8401 44.5091 8.71985e-05 -0.0891625
1 22.9602 44.5091 -5.89209e-05 -0.0892357
1 24.0802 44.5092 0.000439319 -0.0892034
1 25.2001 44.5092 0.000519595 -0.08925
1 26.32 44.5093 -0.000293667 -0.0894294
1 27.4399 44.5093 -0.00125918 -0.0893662
1 28.5594 44.5093 -0.0061521 -0.0889747
1 29.6779 44.5093 -0.0205106 -0.0875369
1 30.7938 44.5097 -0.0456153 -0.0841148
1 31.9067 44.5106 -0.0676905 -0.0789993
1 33.0182 44.5122 -0.0697088 -0.0741697
1 34.1298 44.5145 -0.0699748 -0.0677016
1 35.2409 44.518 -0.0749747 -0.0567406
1 36.3517 44.5231 -0.0736128 -0.0480454
1 37.4624 44.5286 -0.0776892 -0.0490993
1 38.5728 44.5328 -0.0741331 -0.0564557
1 39.6842 44.534 -0.0725813 -0.0726605
1 40.7955 44.5315 -0.0732093 -0.0806634
1 41.9077 44.528 -0.066273 -0.0736397
1 43.0201 44.525 -0.071756 -0.0728986
1 44.1408 44.5234 -0.0676022 -0.0771631
1 0.0962021 45.482 0.0720994 -0.0798347
1 1.21838 45.4869 0.0702893 -0.0778544
1 2.33051 45.4914 0.0708817 -0.0765129
1 3.44288 45.4947 0.068681 -0.0837721
1 4.55528 45.4979 0.0708024 -0.0831445
1 5.66688 45.4976 0.074114 -0.0615313
1 6.7782 45.4927 0.0711311 -0.0486119
1 7.88966 45.4865 0.0756701 -0.0483398
1 8.99991 45.4807 0.0858128 -0.0541586
1 10.11 45.4762 0.0791747 -0.0644585
1 11.221 45.4732 0.0740059 -0.0739741
1 12.3323 45.4713 0.0666843 -0.0815958
1 13.4456 45.4702 0.0429615 -0.0877376
1 14.5619 45.4698 0.0193749 -0.0912811
1 15.6805 45.4697 0.00654769 -0.0931051
1 16.8001 45.4696 0.00135247 -0.0935445
1 17.92 45.4696 0.000578635 -0.0934427
1 19.04 45.4696 -0.000211942 -0.0933236
1 20.1601 45.4696 -0.000452832 -0.0931181
1 21.2801 45.4696 -0.00010233 -0.0930741
1 22.4002 45.4696 1.8336e-05 -0.0931069
1 23.5202 45.4696 -0.000138446 -0.0930419
1 24.6401 45.4697 0.000366621 -0.0931816
1 25.7601 45.4697 -0.000237763 -0.0934811
1 26.88 45.4698 -0.00105983 -0.0934355
1 27.9998 45.4697 -0.00313167 -0.0933041
1 29.119 45.4698 -0.011446 -0.0922801
1 30.2366 45.47 -0.0302699 -0.0894376
1 31.3512 45.4707 -0.056443 -0.0846438
1 32.4632 45.4721 -0.0726409 -0.0778067
1 33.5742 45.4746 -0.0751849 -0.0690516
1 34.6849 45.4784 -0.0801992 -0.0581589
1 35.7953 45.4837 -0.078755 -0.050889
1 36.9064 45.4895 -0.077125 -0.0518773
1 38.0171 45.4946 -0.0822254 -0.0565703
1 39.1283 45.4974 -0.0689677 -0.0691579
1 40.2409 45.4958 -0.0659207 -0.0867992
1 41.3533 45.4922 -0.0661825 -0.0832616
1 42.4654 45.4893 -0.0642714 -0.0748065
1 43.5791 45.4853 -0.0656702 -0.0762256
1 0.657252 46.4451 0.0618641 -0.0751568
1 1.7707 46.4523 0.0641566 -0.0765526
1 2.88374 46.4558 0.0627071 -0.0816728
1 3.9975 46.4595 0.0604907 -0.0840209
1 5.11108 46.4619 0.068314 -0.0727862
1 6.22341 46.459 0.0764631 -0.0525838
1 7.33559 46.4531 0.0714475 -0.0477714
1 8.44724 46.4471 0.0802058 -0.0496775
1 9.55721 46.4418 0.0882586 -0.0523392
1 10.6669 46.4372 0.0865595 -0.0593214
1 11.7769 46.4338 0.0802403 -0.0697104
1 12.8885 46.4317 0.0584261 -0.0797748
1 14.0032 46.4308 0.0289882 -0.0871818
1 15.1209 46.4304 0.0105674 -0.0907291
1 16.2402 46.4303 0.00245485 -0.0916167
1 17.36 46.4303 0.000260247 -0.0919092
1 18.48 46.4303 0.000157877 -0.0919254
1 19.6001 46.4303 -0.000606954 -0.0917225
1 20.7201 46.4303 -0.000416657 -0.091512
1 21.8401 46.4303 5.7203e-05 -0.0914812
1 22.9601 46.4303 -2.74355e-05 -0.0915271
1 24.0801 46.4304 0.000568803 -0.0915385
1 25.2 46.4304 0.000502358 -0.0916764
1 26.32 46.4304 -0.000175667 -0.0921079
1 27.4399 46.4304 -0.00105133 -0.0918861
1 28.5595 46.4304 -0.00567744 -0.0911261
1 29.6782 46.4306 -0.0185434 -0.0891222
1 30.7946 46.4312 -0.0431323 -0.0837874
1 31.9074 46.4326 -0.0714465 -0.0744628
1 33.0179 46.4353 -0.0838309 -0.0638139
1 34.1277 46.4394 -0.0861213 -0.0550801
1 35.2377 46.4445 -0.0855849 -0.0512455
1 36.3484 46.45 -0.077615 -0.0501067
1 37.4603 46.4558 -0.0718024 -0.0493335
1 38.573 46.4603 -0.0673092 -0.062153
1 39.6864 46.46 -0.0709984 -0.084947
1 40.7991 46.4565 -0.0746383 -0.0809331
1 41.9122 46.4541 -0.0705356 -0.0738501
1 43.0251 46.4503 -0.0721004 -0.0797102
1 44.1457 46.4418 -0.0741591 -0.0812901
1 0.0871785 47.401 0.0739482 -0.075443
1 1.20752 47.4176 0.0704053 -0.0853429
1 2.32354 47.4216 0.0703259 -0.0721712
1 3.43742 47.424 0.0745207 -0.087757
1 4.55217 47.429 0.0605234 -0.0845781
1 5.66765 47.4287 0.062826 -0.0583527
1 6.78203 47.4236 0.0644625 -0.0501873
1 7.89497 47.4178 0.0749985 -0.0500823
1 9.00561 47.4125 0.0878009 -0.0524918
1 10.1153 47.4077 0.089179 -0.0549549
1 11.2246 47.4032 0.0933339 -0.0569076
1 12.3337 47.3994 0.0822573 -0.0659683
1 13.4458 47.3971 0.0484832 -0.0784456
1 14.5618 47.3961 0.0198516 -0.086827
1 15.6804 47.3957 0.00621717 -0.0906212
1 16.8001 47.3957 0.00118254 -0.0917289
1 17.92 47.3957 0.000149658 -0.0916575
1 19.04 47.3956 -0.000427863 -0.0916185
1 20.1601 47.3956 -0.000502427 -0.0914786
1 21.2801 47.3956 -0.000573579 -0.0913996
1 22.4002 47.3957 3.65327e-05 -0.0913983
1 23.5201 47.3957 0.00041299 -0.0913554
1 24.64 47.3957 0.000639266 -0.091548
1 25.7601 47.3958 5.41702e-05 -0.0916418
1 26.88 47.3958 -0.000488704 -0.0916346
1 27.9998 47.3958 -0.0030525 -0.0913702
1 29.1191 47.3959 -0.0115996 -0.0890974
1 30.2366 47.3965 -0.0327522 -0.0830828
1 31.3506 47.3982 -0.0664292 -0.0720762
1 32.4608 47.4012 -0.0911914 -0.0601678
1 33.5697 47.4054 -0.09076 -0.054939
1 34.6793 47.4101 -0.0869129 -0.0541681
1 35.7896 47.4152 -0.0812523 -0.0514937
1 36.9016 47.4207 -0.067968 -0.0508386
1 38.0153 47.4258 -0.0673602 -0.0557946
1 39.1297 47.4282 -0.0642998 -0.0726961
1 40.2449 47.4255 -0.0618714 -0.0858941
1 41.3592 47.4223 -0.0698317 -0.0741116
1 42.4737 47.4202 -0.068122 -0.0763375
1 43.5912 47.413 -0.0654296 -0.0793062
