1 0.622653 0.0831486 0.0692125 0.0745326
1 1.73964 0.0781077 0.0697329 0.0818756
1 2.85483 0.0726884 0.0630027 0.0844183
1 3.97051 0.0717342 0.0596188 0.063488
1 5.08478 0.0759551 0.0743762 0.0499145
1 6.1963 0.0816266 0.0849426 0.0505904
1 7.30674 0.0866931 0.085595 0.0546268
1 8.41658 0.0910382 0.0836893 0.0612257
1 9.5277 0.094135 0.0592935 0.0736007
1 10.6426 0.0956284 0.0268838 0.0841191
1 11.7606 0.0961029 0.00828134 0.0892423
1 12.8801 0.0961735 0.00173294 0.0910672
1 14 0.096095 0.000279104 0.0913337
1 15.12 0.0960372 0.000364217 0.0916952
1 16.2401 0.0960548 -0.000249401 0.0918962
1 17.3601 0.0960884 -0.000109674 0.0915095
1 18.4801 0.0961414 0.000357976 0.0915767
1 19.6002 0.0962779 0.000119709 0.0913091
1 20.7201 0.0962922 0.000502191 0.0912772
1 21.8401 0.0963244 0.000487287 0.0913046
1 22.9601 0.0962077 -0.000512727 0.0914635
1 24.08 0.0961403 -0.000515796 0.0912655
1 25.1999 0.0960621 -0.000295157 0.0915779
1 26.32 0.0959836 -0.00029662 0.0914704
1 27.44 0.0959928 9.63842e-05 0.0912504
1 28.56 0.0960481 0.000532562 0.0914666
1 29.68 0.0960974 0.000175337 0.0913949
1 30.7998 0.0961697 -0.000338371 0.0911551
1 31.9195 0.0962081 -0.00399323 0.0906316
1 33.0386 0.0959802 -0.0159018 0.0875158
1 34.1553 0.0950846 -0.0423097 0.0796336
1 35.2682 0.0928482 -0.0745632 0.0673715
1 36.3783 0.0890818 -0.0868298 0.0578383
1 37.4883 0.084473 -0.0855909 0.053354
1 38.5988 0.0789728 -0.0821691 0.0469081
1 39.7117 0.0727787 -0.0641692 0.049856
1 40.8272 0.0698231 -0.0606794 0.0746067
1 41.943 0.0741405 -0.0610882 0.0923265
1 43.0598 0.0801736 -0.0608197 0.0774795
1 44.181 0.0975526 -0.0671704 0.0736627
1 0.0686126 1.05525 0.0625431 0.0757623
1 1.18761 1.04728 0.0623142 0.0825763
1 2.30158 1.042 0.0560393 0.0851723
1 3.41473 1.03917 0.0735215 0.0715941
1 4.52655 1.04126 0.0729595 0.0572747
1 5.63842 1.04658 0.0772664 0.0492103
1 6.74907 1.05223 0.082375 0.0542816
1 7.85949 1.05658 0.0785561 0.0655226
1 8.97068 1.0594 0.0652618 0.0769459
1 10.0844 1.06086 0.0377597 0.0857011
1 11.2013 1.06141 0.0147229 0.0905057
1 12.3202 1.0615 0.0040972 0.0922649
1 13.4401 1.06146 0.000305423 0.0928457
1 14.56 1.06138 0.000104726 0.0928426
1 15.68 1.06135 0.000112555 0.093051
1 16.8001 1.06138 -0.000210097 0.0933787
1 17.92 1.06144 0.000251634 0.0930028
1 19.04 1.06154 0.000118561 0.0925755
1 20.1601 1.0616 0.000455 0.0928888
1 21.2801 1.06162 0.000319175 0.0929436
1 22.4002 1.06159 0.00014119 0.0926729
1 23.5201 1.06151 -0.000496886 0.0929812
1 24.64 1.06143 -0.000192317 0.0931264
1 25.76 1.06135 -0.000329484 0.0927299
1 26.88 1.06131 -0.000296882 0.0926348
1 27.9999 1.06135 0.000308993 0.0928917
1 29.1199 1.06141 0.000305144 0.0927385
1 30.2399 1.06146 0.000132568 0.0927858
1 31.3597 1.06153 -0.00128853 0.0928293
1 32.4792 1.0615 -0.00831033 0.0918122
1 33.5974 1.06124 -0.0250004 0.0887443
1 34.7129 1.06031 -0.0519404 0.0818667
1 35.8252 1.05824 -0.0730284 0.0716907
1 36.936 1.05472 -0.08167 0.0606308
1 38.0461 1.04977 -0.0880084 0.0514543
1 39.1566 1.04371 -0.0746096 0.0476946
1 40.2693 1.03839 -0.0632334 0.0570342
1 41.382 1.03847 -0.068234 0.0860166
1 42.4949 1.04416 -0.0655026 0.0903179
1 43.6079 1.05202 -0.0702711 0.0754509
1 0.633743 2.01347 0.0760271 0.0743988
1 1.74754 2.00721 0.0677432 0.0849311
1 2.85977 2.00303 0.0724063 0.0769091
1 3.97089 2.00338 0.0691731 0.0589136
1 5.08243 2.00752 0.0714833 0.0478909
1 6.19287 2.01294 0.0812256 0.0540332
1 7.30345 2.01704 0.0727066 0.0666584
1 8.41495 2.01967 0.0670752 0.0752209
1 9.52742 2.02125 0.051563 0.0823054
1 10.6427 2.02196 0.0260835 0.0874943
1 11.7607 2.02217 0.0089704 0.0898253
1 12.8802 2.02217 0.00217538 0.090489
1 14.0001 2.02211 8.00606e-06 0.0905818
1 15.12 2.02206 0.000309827 0.0908225
1 16.24 2.02204 -9.70536e-05 0.0908861
1 17.36 2.02208 9.48496e-05 0.0907166
1 18.48 2.02217 0.000607749 0.0907702
1 19.6001 2.02225 0.000103327 0.0907033
1 20.7201 2.02227 0.000374832 0.0905569
1 21.8401 2.02227 0.000364277 0.0907832
1 22.9602 2.02222 -0.000656847 0.0908855
1 24.0801 2.02214 -0.000459776 0.090732
1 25.2 2.02208 -0.000148619 0.090669
1 26.32 2.02204 -0.000167656 0.0904795
1 27.44 2.02203 0.0003159 0.0903718
1 28.5599 2.02207 0.000193154 0.0906759
1 29.6799 2.02212 -0.000248974 0.0907467
1 30.7998 2.02217 -0.000404524 0.0906142
1 31.9195 2.0222 -0.00451587 0.09037
1 33.0385 2.02211 -0.016157 0.0890645
1 34.1553 2.02171 -0.0389162 0.0854285
1 35.2691 2.02063 -0.0616472 0.0791291
1 36.3809 2.01858 -0.0687974 0.0713228
1 37.4923 2.01529 -0.0750115 0.0606851
1 38.6026 2.0103 -0.0814568 0.0498914
1 39.7131 2.00475 -0.0776992 0.0511921
1 40.8235 2.00192 -0.0768738 0.0664592
1 41.9346 2.00397 -0.0645197 0.0795032
1 43.0468 2.01011 -0.0658972 0.083905
1 44.1673 2.01416 -0.0628913 0.0863276
1 0.0739009 2.97604 0.0707566 0.078419
1 1.19409 2.97241 0.0667936 0.0893574
1 2.30669 2.96736 0.0641672 0.0827208
1 3.41739 2.96635 0.0792941 0.0632461
1 4.52724 2.96927 0.0725562 0.0548842
1 5.63801 2.97352 0.0715399 0.0581412
1 6.74881 2.97719 0.0694688 0.0684255
1 7.86027 2.97973 0.0675591 0.0754664
1 8.97188 2.98143 0.0649908 0.0815381
1 10.0851 2.98234 0.0421043 0.087312
1 11.2015 2.98268 0.0174754 0.0905821
1 12.3203 2.98272 0.00510421 0.0916763
1 13.4401 2.98269 0.000438091 0.0920069
1 14.5601 2.98264 -7.92869e-06 0.0919682
1 15.68 2.98261 0.000158283 0.0919706
1 16.8 2.98263 -0.000369364 0.0919763
1 17.92 2.98269 6.43718e-05 0.091903
1 19.04 2.98274 -0.000144131 0.092033
1 20.1601 2.98279 0.000379024 0.0919718
1 21.2801 2.9828 0.000234565 0.0920003
1 22.4002 2.98277 0.000270567 0.0921047
1 23.5202 2.98273 -0.000284403 0.0919795
1 24.64 2.98267 0.00021479 0.091979
1 25.76 2.98264 -5.37504e-05 0.0918217
1 26.88 2.98262 -0.000143113 0.0917259
1 27.9999 2.98262 9.83129e-05 0.0917998
1 29.1199 2.98264 -8.29054e-05 0.0918749
1 30.2398 2.98269 0.000105369 0.0919345
1 31.3597 2.98273 -0.00150563 0.09199
1 32.4791 2.98272 -0.00983426 0.0913746
1 33.597 2.98257 -0.0285965 0.0893569
1 34.7119 2.98198 -0.0548745 0.0847618
1 35.8241 2.98071 -0.0677226 0.0787739
1 36.9359 2.97864 -0.0681568 0.072478
1 38.0468 2.97553 -0.0761239 0.0633509
1 39.1572 2.97122 -0.0697167 0.054847
1 40.2681 2.967 -0.0669544 0.0568974
1 41.3785 2.96583 -0.0731797 0.0719673
1 42.4902 2.96913 -0.0697305 0.0886358
1 43.6051 2.97367 -0.0725443 0.0856565
1 0.637065 3.9351 0.0609589 0.0911834
1 1.75198 3.93062 0.0626899 0.0895632
1 2.86316 3.92881 0.0694799 0.0723272
1 3.97364 3.93083 0.0574597 0.0617157
1 5.0852 3.93397 0.0616848 0.0662078
1 6.19559 3.93696 0.074947 0.0722471
1 7.30614 3.93934 0.069727 0.0778366
1 8.4172 3.94105 0.0715512 0.0829906
1 9.52869 3.94209 0.0594446 0.0887604
1 10.6431 3.94251 0.0309245 0.0926977
1 11.7608 3.94261 0.0104038 0.0940988
1 12.8802 3.94259 0.00268506 0.0943705
1 14.0001 3.94255 0.000451669 0.0944818
1 15.12 3.94254 0.000745701 0.0945029
1 16.24 3.94254 -8.04231e-05 0.0943812
1 17.36 3.94257 2.3828e-05 0.0944063
1 18.48 3.94261 0.000563973 0.0944948
1 19.6001 3.94265 -0.00010776 0.0944621
1 20.7201 3.94267 0.000367285 0.0945343
1 21.8401 3.94266 0.000511941 0.0945027
1 22.9602 3.94263 -0.000753942 0.0945475
1 24.0801 3.9426 -0.000517851 0.0944409
1 25.2 3.94256 -8.36243e-05 0.0943742
1 26.32 3.94255 -0.000236403 0.0944117
1 27.44 3.94254 0.000247737 0.0943219
1 28.56 3.94255 -6.87255e-06 0.0942514
1 29.6799 3.94257 -0.000660904 0.0944107
1 30.7998 3.9426 -0.000773994 0.0944744
1 31.9194 3.94262 -0.00530483 0.0943296
1 33.0382 3.94258 -0.0188122 0.0936223
1 34.1545 3.94235 -0.0455002 0.0910831
1 35.2673 3.94164 -0.0686538 0.086049
1 36.3785 3.94026 -0.0692033 0.0805933
1 37.4898 3.93821 -0.0674936 0.0750926
1 38.6006 3.93535 -0.0702379 0.0686756
1 39.7113 3.93197 -0.0709844 0.063949
1 40.8212 3.92913 -0.0772849 0.0668505
1 41.9318 3.92856 -0.0648809 0.0810316
1 43.0448 3.93185 -0.0675534 0.0961079
1 44.1661 3.93605 -0.0808231 0.0860483
1 0.076017 4.89747 0.0720051 0.0971822
1 1.19798 4.89314 0.0646222 0.0849692
1 2.31081 4.89165 0.0611645 0.0675657
1 3.42145 4.89278 0.0725266 0.0594176
1 4.53168 4.89531 0.0685827 0.0609771
1 5.64226 4.89769 0.0731937 0.0649635
1 6.75251 4.89983 0.0730409 0.0693372
1 7.86315 4.90147 0.0748833 0.0746153
1 8.97357 4.9025 0.074756 0.0804363
1 10.0858 4.90297 0.0482738 0.0848348
1 11.2017 4.9031 0.0196897 0.086665
1 12.3203 4.90311 0.00582964 0.0870279
1 13.4401 4.90309 0.000712341 0.087041
1 14.56 4.90307 0.000258449 0.0870528
1 15.68 4.90307 0.000183699 0.0871042
1 16.8 4.90308 -0.000613955 0.0871125
1 17.92 4.9031 8.6958e-05 0.0870833
1 19.04 4.90313 -8.79371e-05 0.0871728
1 20.1601 4.90315 0.000299078 0.087143
1 21.2802 4.90316 0.000357641 0.087166
1 22.4002 4.90315 0.000182151 0.0872227
1 23.5202 4.90312 -0.000427794 0.0871199
1 24.64 4.9031 0.000285205 0.0871205
1 25.76 4.90308 -0.000142569 0.0870676
1 26.88 4.90307 -0.000235442 0.0870138
1 28 4.90307 0.000236766 0.0869597
1 29.12 4.90309 -2.85611e-05 0.0869975
1 30.2399 4.9031 -2.2254e-05 0.0870237
1 31.3597 4.90312 -0.00181803 0.0870815
1 32.479 4.90312 -0.0112121 0.0869395
1 33.5966 4.90305 -0.0326576 0.0859584
1 34.7107 4.90276 -0.0630947 0.0828329
1 35.8218 4.902 -0.0767631 0.0775233
1 36.9325 4.90063 -0.0733818 0.0719136
1 38.0428 4.89864 -0.0764435 0.066893
1 39.1531 4.8962 -0.0633084 0.062722
1 40.2646 4.89355 -0.0586546 0.0598126
1 41.3752 4.89133 -0.0694529 0.0621154
1 42.4862 4.89127 -0.0645933 0.0791238
1 43.6011 4.89449 -0.0583899 0.0959526
1 0.643161 5.85504 0.0614042 0.100355
1 1.75713 5.85366 0.066715 0.0791007
1 2.86785 5.85481 0.0711961 0.0684972
1 3.9783 5.85689 0.0595849 0.0670688
1 5.0897 5.859 0.0668006 0.0717347
1 6.1995 5.86077 0.0817758 0.0755967
1 7.30919 5.86221 0.0788355 0.0809832
1 8.4191 5.8631 0.0822251 0.0869557
1 9.5295 5.8635 0.066958 0.0915151
1 10.6433 5.8636 0.0337971 0.0935275
1 11.7608 5.86361 0.0110626 0.0939905
1 12.8802 5.8636 0.00283341 0.0940232
1 14.0001 5.86358 0.00042214 0.0939897
1 15.12 5.86358 0.000596947 0.0939969
1 16.24 5.86358 -0.000265041 0.0940472
1 17.36 5.8636 -0.000119634 0.0940343
1 18.48 5.86361 0.000506986 0.0940542
1 19.6001 5.86363 -0.000123521 0.0941015
1 20.7201 5.86363 0.000405318 0.094157
1 21.8401 5.86363 0.000571604 0.0941434
1 22.9602 5.86362 -0.000719819 0.0941078
1 24.0801 5.86361 -0.000467063 0.0940681
1 25.2 5.86359 -5.60779e-05 0.0940511
1 26.32 5.86358 -0.000218583 0.0939636
1 27.44 5.86358 0.00029093 0.0939229
1 28.56 5.86359 0.000186562 0.0939082
1 29.68 5.8636 -0.000385863 0.0939614
1 30.7998 5.86361 -0.000665654 0.0940401
1 31.9194 5.86362 -0.00565116 0.0940846
1 33.0381 5.86361 -0.0204493 0.0938398
1 34.154 5.86355 -0.0506464 0.0926369
1 35.2659 5.8633 -0.078173 0.0892821
1 36.3759 5.86263 -0.079525 0.0837981
1 37.4861 5.86139 -0.0756755 0.0776676
1 38.5961 5.8596 -0.07499 0.0726267
1 39.7066 5.85746 -0.0705005 0.0693838
1 40.8167 5.85526 -0.0718727 0.0680175
1 41.9276 5.8534 -0.0588268 0.0724984
1 43.0402 5.85304 -0.0584248 0.0856884
1 44.1624 5.85609 -0.0520918 0.104751
1 0.0822252 6.81571 0.0445838 0.100184
1 1.20349 6.81457 0.0599222 0.081679
1 2.31548 6.81591 0.0607115 0.0731923
1 3.42599 6.81785 0.0753676 0.0731566
1 4.53591 6.81974 0.0738999 0.0756025
1 5.64599 6.82128 0.0803748 0.0804039
1 6.75543 6.82245 0.0825952 0.0858539
1 7.86502 6.82313 0.0856085 0.091525
1 8.97443 6.82337 0.082976 0.0954803
1 10.086 6.82339 0.0517665 0.0970992
1 11.2017 6.82337 0.0204498 0.0973203
1 12.3203 6.82335 0.00583287 0.0972057
1 13.4401 6.82334 0.000614084 0.097121
1 14.56 6.82333 0.000262334 0.0971347
1 15.68 6.82333 0.00022553 0.0971493
1 16.8 6.82334 -0.000581049 0.0971796
1 17.92 6.82335 2.36847e-05 0.0972035
1 19.04 6.82335 -0.000127951 0.0972423
1 20.1601 6.82336 0.000299194 0.0972707
1 21.2802 6.82336 0.000427764 0.0972901
1 22.4002 6.82336 0.000241566 0.0972933
1 23.5201 6.82335 -0.000404272 0.0972594
1 24.64 6.82335 0.000187504 0.0972131
1 25.76 6.82334 -0.000237548 0.0971346
1 26.88 6.82334 -0.000282166 0.0970993
1 28 6.82334 0.000240823 0.0970829
1 29.12 6.82335 6.59086e-05 0.0971255
1 30.2399 6.82335 9.05645e-05 0.0971856
1 31.3597 6.82335 -0.00172904 0.0972132
1 32.479 6.82336 -0.0115522 0.0972808
1 33.5965 6.82337 -0.0346545 0.0972232
1 34.7102 6.82337 -0.0690427 0.0963112
1 35.8204 6.82323 -0.0866953 0.0933391
1 36.93 6.82271 -0.0840665 0.0882089
1 38.0393 6.82168 -0.0858293 0.082407
1 39.1488 6.82019 -0.0697339 0.0773068
1 40.2599 6.81833 -0.0616975 0.0731922
1 41.3703 6.81614 -0.0713862 0.0717099
1 42.4809 6.81423 -0.067775 0.0759343
1 43.5942 6.81367 -0.0653741 0.0920671
1 0.648555 7.77518 0.0707013 0.0754564
1 1.76159 7.77705 0.0717719 0.0676344
1 2.87194 7.77911 0.0747743 0.0681469
1 3.98216 7.78086 0.0663827 0.0727848
1 5.09301 7.78218 0.0760991 0.0789324
1 6.20204 7.78302 0.0925452 0.0846193
1 7.31082 7.78348 0.0892479 0.0896273
1 8.41988 7.78358 0.0900892 0.0932245
1 9.52973 7.78348 0.0706601 0.0945883
1 10.6433 7.78339 0.0346482 0.0945028
1 11.7608 7.78335 0.0110345 0.0942066
1 12.8802 7.78333 0.00271612 0.0940528
1 14 7.78333 0.000372596 0.0939886
1 15.12 7.78333 0.00052674 0.0939715
1 16.24 7.78333 -0.000294854 0.0939947
1 17.36 7.78333 -0.000128251 0.0940335
1 18.48 7.78333 0.000523755 0.0940531
1 19.6001 7.78334 -9.06784e-05 0.0941165
1 20.7201 7.78334 0.000440316 0.0941515
1 21.8401 7.78334 0.000594252 0.0941455
1 22.9602 7.78334 -0.000722701 0.0941041
1 24.0801 7.78334 -0.000498755 0.0940895
1 25.2 7.78334 -0.000116038 0.094032
1 26.32 7.78333 -0.000223633 0.0939741
1 27.44 7.78334 0.000298764 0.0939682
1 28.56 7.78334 0.000301328 0.0939755
1 29.68 7.78334 -0.000222495 0.0940226
1 30.7998 7.78334 -0.000571365 0.0940728
1 31.9194 7.78334 -0.00560246 0.0941517
1 33.0381 7.78336 -0.0208147 0.0943225
1 34.1539 7.78342 -0.0528706 0.0945133
1 35.2654 7.78351 -0.084359 0.0938922
1 36.3746 7.7835 -0.0892951 0.0911725
1 37.4839 7.78316 -0.0866062 0.0864068
1 38.5929 7.78239 -0.0849183 0.0806397
1 39.7027 7.78118 -0.0787819 0.0749283
1 40.8123 7.77955 -0.0790065 0.0700419
1 41.9224 7.77762 -0.0644826 0.0671247
1 43.0335 7.7756 -0.0641922 0.0693382
1 44.1525 7.77478 -0.0434651 0.0832555
1 0.0920637 8.73739 0.0550959 0.058617
1 1.20913 8.73909 0.0701937 0.056735
1 2.3196 8.741 0.0701042 0.0615201
1 3.42931 8.74241 0.0855324 0.0673892
1 4.53854 8.74341 0.0847722 0.0730296
1 5.64793 8.74401 0.0909735 0.0785257
1 6.75666 8.74424 0.0920896 0.082482
1 7.86561 8.74423 0.0925947 0.0849038
1 8.97458 8.74405 0.0864273 0.0856365
1 10.086 8.74388 0.0525074 0.0850714
1 11.2017 8.74379 0.0203623 0.0843751
1 12.3203 8.74376 0.00570729 0.0840534
1 13.44 8.74376 0.000551244 0.0839255
1 14.56 8.74376 0.00027523 0.083909
1 15.68 8.74376 0.000334742 0.0838984
1 16.8 8.74376 -0.00044288 0.0839045
1 17.92 8.74376 0.000107451 0.0839394
1 19.04 8.74376 -1.40443e-05 0.0839727
1 20.1601 8.74376 0.000373494 0.0839913
1 21.2801 8.74375 0.000405127 0.0839987
1 22.4002 8.74376 0.000161262 0.0839983
1 23.5201 8.74376 -0.000487 0.0839817
1 24.64 8.74376 2.73395e-05 0.0839524
1 25.76 8.74377 -0.000375395 0.083926
1 26.88 8.74377 -0.000317584 0.0839229
1 28 8.74377 0.000214469 0.0839168
1 29.12 8.74377 6.60489e-05 0.0839508
1 30.2399 8.74377 0.000118889 0.0839769
1 31.3597 8.74376 -0.0016799 0.084
1 32.479 8.74377 -0.0115019 0.084178
1 33.5965 8.74382 -0.0349683 0.0846384
1 34.7101 8.74394 -0.0711721 0.0853267
1 35.82 8.74412 -0.0922803 0.0851839
1 36.929 8.74419 -0.0928613 0.0832979
1 38.0375 8.74402 -0.096888 0.0799221
1 39.1462 8.74355 -0.0810835 0.0750306
1 40.2567 8.74268 -0.0713811 0.0687834
1 41.3666 8.74136 -0.079502 0.0622115
1 42.4767 8.7396 -0.0753451 0.0567684
1 43.5893 8.73756 -0.0739566 0.0535216
1 0.65237 9.70307 0.0806462 0.032543
1 1.76473 9.70443 0.0813935 0.0406504
1 2.87448 9.70544 0.0850214 0.0477285
1 3.98412 9.7061 0.076847 0.0528265
1 5.09433 9.70646 0.0863259 0.0566001
1 6.20276 9.70656 0.100698 0.058861
1 7.31111 9.70651 0.0944114 0.0596853
1 8.41991 9.70636 0.0925908 0.0595325
1 9.52967 9.70619 0.0711476 0.0584762
1 10.6433 9.70608 0.034405 0.0573632
1 11.7608 9.70604 0.0108185 0.056793
1 12.8802 9.70603 0.00257578 0.0566086
1 14 9.70604 0.000319577 0.0565795
1 15.12 9.70604 0.000466088 0.0565696
1 16.24 9.70603 -0.000338705 0.0565644
1 17.36 9.70604 -0.000101836 0.0565899
1 18.48 9.70603 0.000596348 0.0565614
1 19.6001 9.70603 -4.62746e-05 0.0565592
1 20.7201 9.70603 0.000455741 0.0565789
1 21.8401 9.70603 0.000582183 0.0565605
1 22.9602 9.70603 -0.000767504 0.0565725
1 24.0801 9.70604 -0.000518994 0.0566151
1 25.2 9.70604 -0.000109539 0.0565965
1 26.32 9.70604 -0.000225703 0.0565993
1 27.44 9.70604 0.000302677 0.056614
1 28.56 9.70604 0.000379863 0.0566044
1 29.68 9.70604 -0.000140244 0.0566178
1 30.7998 9.70604 -0.000515391 0.0566229
1 31.9194 9.70604 -0.00545791 0.0566758
1 33.0381 9.70606 -0.0206016 0.0569926
1 34.1539 9.70612 -0.0529561 0.0578188
1 35.2654 9.70626 -0.0860752 0.0589612
1 36.3744 9.70642 -0.0936404 0.0594944
1 37.4832 9.7065 -0.0935015 0.0590022
1 38.5918 9.70645 -0.0939217 0.0572516
1 39.701 9.70618 -0.0893655 0.0537775
1 40.8099 9.70564 -0.0908739 0.0491242
1 41.9192 9.70477 -0.0766411 0.0429965
1 43.0292 9.70361 -0.0796394 0.0355213
1 44.1449 9.70247 -0.07204 0.0293482
1 0.0965574 10.6703 0.0841865 0.0118846
1 1.21182 10.6709 0.0865056 0.0171409
1 2.32145 10.6714 0.0822376 0.0223364
1 3.43052 10.6717 0.0952226 0.0258865
1 4.53925 10.6719 0.0918132 0.027997
1 5.64827 10.672 0.0956904 0.0291171
1 6.75674 10.6719 0.0947928 0.0292891
1 7.86554 10.6719 0.0936922 0.0288992
1 8.97447 10.6718 0.0862708 0.0281272
1 10.0859 10.6717 0.0519522 0.0272189
1 11.2017 10.6717 0.0200283 0.0266489
1 12.3203 10.6716 0.00557137 0.0264318
1 13.44 10.6716 0.000500952 0.0263869
1 14.56 10.6716 0.000259503 0.0263932
1 15.68 10.6716 0.000374477 0.0263837
1 16.8 10.6716 -0.000387319 0.0263852
1 17.92 10.6716 0.0001223 0.0263828
1 19.04 10.6716 7.47767e-06 0.0263655
1 20.1601 10.6716 0.000379909 0.026359
1 21.2802 10.6716 0.000406752 0.0263565
1 22.4002 10.6716 0.000152248 0.0263626
1 23.5201 10.6716 -0.000487262 0.0263875
1 24.64 10.6716 -1.32802e-05 0.0264004
1 25.76 10.6716 -0.00040983 0.0264032
1 26.88 10.6716 -0.000311219 0.0264153
1 28 10.6716 0.000200222 0.0264106
1 29.12 10.6716 5.1918e-05 0.0264088
1 30.2399 10.6716 0.000126726 0.0264131
1 31.3597 10.6716 -0.00163083 0.0264092
1 32.479 10.6716 -0.0113097 0.0265016
1 33.5965 10.6717 -0.034545 0.0268656
1 34.7102 10.6717 -0.0708144 0.0276215
1 35.8201 10.6718 -0.0928628 0.0284803
1 36.9289 10.6719 -0.0949625 0.0289785
1 38.0372 10.6719 -0.101164 0.0290245
1 39.1456 10.6719 -0.0879042 0.0282358
1 40.2556 10.6718 -0.0798933 0.0263874
1 41.365 10.6715 -0.0890581 0.0233232
1 42.4746 10.6711 -0.0863318 0.0190305
1 43.5868 10.6705 -0.0873154 0.0134901
1 0.653594 11.6396 0.0909286 0.00435028
1 1.76569 11.6398 0.0896639 0.00662133
1 2.87513 11.6399 0.091055 0.00835386
1 3.9845 11.64 0.0809856 0.00966318
1 5.09449 11.64 0.0890312 0.0102201
1 6.20275 11.64 0.101805 0.0102298
1 7.31104 11.64 0.0944035 0.00998351
1 8.41981 11.64 0.0920133 0.00966397
1 9.5296 11.6399 0.0704518 0.00926031
1 10.6433 11.6399 0.0339855 0.00892408
1 11.7608 11.6399 0.0106749 0.00876731
1 12.8802 11.6399 0.00254493 0.00872586
1 14 11.6399 0.000322848 0.00872137
1 15.12 11.6399 0.000448111 0.00871978
1 16.24 11.6399 -0.000355505 0.0087238
1 17.36 11.6399 -0.000104915 0.00871823
1 18.48 11.6399 0.000595679 0.00871947
1 19.6001 11.6399 -4.2864e-05 0.00871379
1 20.7201 11.6399 0.000452444 0.00869734
1 21.8401 11.6399 0.000577791 0.00871049
1 22.9602 11.6399 -0.000757426 0.00871716
1 24.0801 11.6399 -0.00050203 0.00872132
1 25.2 11.6399 -8.9135e-05 0.00873364
1 26.32 11.6399 -0.000213849 0.00873183
1 27.44 11.6399 0.000296793 0.00873295
1 28.56 11.6399 0.000386457 0.00873051
1 29.68 11.6399 -0.000133463 0.00872634
1 30.7998 11.6399 -0.000522246 0.00872715
1 31.9194 11.6399 -0.00539872 0.00874146
1 33.0381 11.6399 -0.0203548 0.00882313
1 34.154 11.6399 -0.0524012 0.00906392
1 35.2655 11.6399 -0.0854792 0.00945518
1 36.3745 11.64 -0.0935194 0.00980023
1 37.4833 11.64 -0.094173 0.0100171
1 38.5917 11.64 -0.0958306 0.0100292
1 39.7007 11.64 -0.0930033 0.00961684
1 40.8094 11.6399 -0.0966472 0.00897015
1 41.9184 11.6399 -0.0844866 0.00746334
1 43.028 11.6397 -0.0901568 0.00530922
1 44.1431 11.6395 -0.0893228 0.0032614
1 0.0971554 12.6094 0.0913406 0.000703801
1 1.21224 12.6094 0.0909122 0.00156498
1 2.32175 12.6094 0.0854646 0.00174706
1 3.4307 12.6095 0.0974394 0.00203964
1 4.53931 12.6095 0.0928726 0.00253499
1 5.64826 12.6095 0.0958509 0.00257498
1 6.75671 12.6095 0.0945274 0.00245557
1 7.8655 12.6094 0.0932685 0.00231081
1 8.97443 12.6094 0.0857957 0.00215206
1 10.0859 12.6094 0.0516175 0.00201856
1 11.2016 12.6094 0.0198916 0.00195935
1 12.3203 12.6094 0.00553798 0.00191807
1 13.44 12.6094 0.000499007 0.00191602
1 14.56 12.6094 0.000270099 0.00192673
1 15.68 12.6094 0.00038211 0.00191838
1 16.8 12.6094 -0.00038767 0.00192469
1 17.92 12.6094 0.000112917 0.00192199
1 19.04 12.6094 3.56601e-06 0.00191552
1 20.1601 12.6094 0.000373791 0.00191686
1 21.2802 12.6094 0.000405459 0.00191562
1 22.4002 12.6094 0.000153791 0.00191313
1 23.5201 12.6094 -0.000475385 0.00192169
1 24.64 12.6094 -6.53905e-06 0.00192723
1 25.76 12.6094 -0.000402718 0.00192372
1 26.88 12.6094 -0.000301569 0.00192733
1 28 12.6094 0.00020368 0.00192437
1 29.12 12.6094 3.78725e-05 0.00191725
1 30.2399 12.6094 0.000108865 0.00192724
1 31.3597 12.6094 -0.00162558 0.00191849
1 32.479 12.6094 -0.0112418 0.00192734
1 33.5965 12.6094 -0.0343197 0.00198867
1 34.7102 12.6094 -0.0703869 0.00208068
1 35.8201 12.6094 -0.0924128 0.00222906
1 36.929 12.6095 -0.0947274 0.00235648
1 38.0373 12.6095 -0.101433 0.00240265
1 39.1455 12.6095 -0.0888723 0.00236349
1 40.2555 12.6094 -0.0815644 0.00228779
1 41.3648 12.6094 -0.0920273 0.00217378
1 42.4743 12.6094 -0.0905985 0.00159537
1 43.5864 12.6094 -0.0920257 0.000866044
1 0.653717 13.5793 0.0924172 0.000125602
1 1.76579 13.5793 0.0907963 0.000170745
1 2.8752 13.5793 0.0919108 0.000272535
1 3.98452 13.5793 0.0816589 0.000281918
1 5.09447 13.5793 0.089128 0.000299174
1 6.20274 13.5793 0.101502 0.000274211
1 7.31103 13.5793 0.0941243 0.000236732
1 8.4198 13.5793 0.0917839 0.000184929
1 9.52959 13.5793 0.0702634 0.000134963
1 10.6433 13.5793 0.0338916 9.92379e-05
1 11.7607 13.5793 0.0106486 8.4008e-05
1 12.8802 13.5793 0.00255151 8.067e-05
1 14 13.5793 0.0003272 8.04629e-05
1 15.12 13.5793 0.000439478 8.08975e-05
1 16.24 13.5793 -0.000355693 8.12094e-05
1 17.36 13.5793 -9.93791e-05 8.08275e-05
1 18.48 13.5793 0.000590733 7.94215e-05
1 19.6001 13.5793 -4.02816e-05 7.77668e-05
1 20.7201 13.5793 0.000449752 7.63671e-05
1 21.8401 13.5793 0.000571837 7.74773e-05
1 22.9602 13.5793 -0.000751954 7.91672e-05
1 24.0801 13.5793 -0.000505298 8.08589e-05
1 25.2 13.5793 -8.89489e-05 8.15476e-05
1 26.32 13.5793 -0.00020148 8.14929e-05
1 27.44 13.5793 0.000298959 8.19323e-05
1 28.56 13.5793 0.000387691 8.20259e-05
1 29.68 13.5793 -0.000130384 8.16095e-05
1 30.7998 13.5793 -0.000529141 8.08448e-05
1 31.9194 13.5793 -0.00539899 8.17367e-05
1 33.0381 13.5793 -0.0203014 8.87524e-05
1 34.154 13.5793 -0.0522509 0.000112368
1 35.2655 13.5793 -0.0852416 0.000157458
1 36.3745 13.5793 -0.0933174 0.000211079
1 37.4833 13.5793 -0.0940941 0.000259095
1 38.5917 13.5793 -0.0959146 0.000287763
1 39.7007 13.5793 -0.0932955 0.000226667
1 40.8093 13.5793 -0.0975451 0.000381252
1 41.9183 13.5793 -0.0861459 0.000248884
1 43.0278 13.5793 -0.092302 -2.51463e-05
1 44.1429 13.5793 -0.0917628 6.75609e-05
1 0.0971961 14.5492 0.0920135 0.000279712
1 1.21226 14.5493 0.0915016 0.000328116
1 2.32177 14.5493 0.0858274 0.000649042
1 3.43071 14.5493 0.0976252 0.00049652
1 4.53931 14.5493 0.0929761 0.000498064
1 5.64826 14.5493 0.095818 0.00042998
1 6.75671 14.5493 0.0944353 0.000540022
1 7.86549 14.5493 0.0931865 0.000614932
1 8.97443 14.5493 0.0857254 0.00066869
1 10.0859 14.5493 0.0515738 0.000686245
1 11.2016 14.5493 0.0198748 0.000674049
1 12.3203 14.5493 0.00553427 0.000687523
1 13.44 14.5493 0.000500071 0.000683685
1 14.56 14.5493 0.000270301 0.000673112
1 15.68 14.5493 0.000382029 0.000679912
1 16.8 14.5493 -0.000387322 0.000673706
1 17.92 14.5493 0.00011113 0.000675705
1 19.04 14.5493 1.12392e-06 0.000679662
1 20.1601 14.5493 0.000373049 0.000678011
1 21.2802 14.5493 0.000405607 0.000679036
1 22.4002 14.5493 0.000156173 0.000681891
1 23.5201 14.5493 -0.000473132 0.000676708
1 24.64 14.5493 -6.0929e-06 0.000672915
1 25.76 14.5493 -0.000401691 0.000676975
1 26.88 14.5493 -0.000300457 0.000675442
1 28 14.5493 0.000203154 0.000678445
1 29.12 14.5493 3.71655e-05 0.000684825
1 30.2399 14.5493 0.0001076 0.000675356
1 31.3597 14.5493 -0.00162648 0.000684028
1 32.479 14.5493 -0.0112343 0.000686749
1 33.5965 14.5493 -0.0342923 0.000670806
1 34.7102 14.5493 -0.0703257 0.000673007
1 35.8201 14.5493 -0.0923258 0.000641761
1 36.929 14.5493 -0.0946592 0.000610495
1 38.0373 14.5493 -0.101453 0.000633418
1 39.1455 14.5493 -0.0889766 0.000569878
1 40.2555 14.5493 -0.0816371 0.000409327
1 41.3648 14.5493 -0.0920958 0.000208304
1 42.4743 14.5493 -0.0907546 0.000554633
1 43.5864 14.5493 -0.092417 0.000539024
1 0.653724 15.5193 0.092769 0.000377264
1 1.7658 15.5193 0.0909613 0.000531032
1 2.87521 15.5193 0.0919799 0.00100321
1 3.98454 15.5193 0.0815515 0.000882158
1 5.0945 15.5193 0.0892281 0.000795151
1 6.20274 15.5193 0.101708 0.000769983
1 7.31102 15.5193 0.0942083 0.000809173
1 8.4198 15.5193 0.0917821 0.000793212
1 9.52959 15.5193 0.070254 0.000751165
1 10.6433 15.5193 0.0338851 0.000727316
1 11.7607 15.5193 0.0106452 0.000717214
1 12.8802 15.5193 0.00254254 0.00071141
1 14 15.5193 0.000325341 0.000714053
1 15.12 15.5193 0.000444706 0.00071492
1 16.24 15.5193 -0.000358784 0.000708486
1 17.36 15.5193 -0.000108467 0.000715643
1 18.48 15.5193 0.000590713 0.000704766
1 19.6001 15.5193 -4.46786e-05 0.000701961
1 20.7201 15.5193 0.000451394 0.000717472
1 21.8401 15.5193 0.000578699 0.000703609
1 22.9602 15.5193 -0.000751077 0.000706808
1 24.0801 15.5193 -0.000495705 0.000716039
1 25.2 15.5193 -8.40451e-05 0.000705674
1 26.32 15.5193 -0.000209749 0.000711384
1 27.44 15.5193 0.000296458 0.000714975
1 28.56 15.5193 0.000386007 0.000713563
1 29.68 15.5193 -0.00013369 0.000718318
1 30.7998 15.5193 -0.000525985 0.000715468
1 31.9194 15.5193 -0.0053899 0.000711245
1 33.0381 15.5193 -0.0203006 0.000718875
1 34.154 15.5193 -0.0522583 0.00073347
1 35.2655 15.5193 -0.0852572 0.000760646
1 36.3745 15.5193 -0.0932991 0.000809029
1 37.4833 15.5193 -0.094031 0.00087501
1 38.5917 15.5193 -0.0958925 0.000952741
1 39.7007 15.5193 -0.0933745 0.00085179
1 40.8093 15.5193 -0.0974822 0.000801019
1 41.9183 15.5193 -0.0858817 0.000552414
1 43.0278 15.5193 -0.0919635 0.000704109
1 44.1429 15.5193 -0.0918985 0.000553395
1 0.097248 16.4893 0.0923443 0.000778003
1 1.21231 16.4893 0.0919905 0.000521427
1 2.3218 16.4893 0.0862106 4.55402e-05
1 3.43072 16.4893 0.0978225 -5.90485e-05
1 4.53932 16.4894 0.0929956 0.000212166
1 5.64827 16.4894 0.0959141 0.000233193
1 6.75671 16.4894 0.0945743 0.000306075
1 7.86549 16.4894 0.0932573 0.000365829
1 8.97443 16.4894 0.0857314 0.000418663
1 10.0859 16.4894 0.0515721 0.000457992
1 11.2016 16.4894 0.0198708 0.000477366
1 12.3203 16.4894 0.00552681 0.00048077
1 13.44 16.4894 0.000498197 0.000479178
1 14.56 16.4894 0.000260911 0.000477598
1 15.68 16.4894 0.000378757 0.00047652
1 16.8 16.4894 -0.000382502 0.000476014
1 17.92 16.4894 0.000108972 0.000476436
1 19.04 16.4894 -5.98918e-06 0.000477414
1 20.1601 16.4894 0.000373402 0.000479332
1 21.2802 16.4894 0.000409374 0.000480363
1 22.4002 16.4894 0.000165937 0.000479887
1 23.5201 16.4894 -0.000469441 0.000478662
1 24.64 16.4894 -9.93892e-06 0.000476765
1 25.76 16.4894 -0.000404173 0.000475473
1 26.88 16.4894 -0.000302289 0.000475909
1 28 16.4894 0.000196362 0.000476707
1 29.12 16.4894 4.32731e-05 0.00047781
1 30.2399 16.4894 0.000117327 0.000479174
1 31.3597 16.4894 -0.00162521 0.000480336
1 32.479 16.4894 -0.0112278 0.000480133
1 33.5965 16.4894 -0.0342955 0.000472152
1 34.7102 16.4894 -0.070351 0.000445223
1 35.8201 16.4894 -0.0923585 0.00039755
1 36.929 16.4894 -0.0946428 0.000332294
1 38.0373 16.4894 -0.101325 0.000274662
1 39.1455 16.4894 -0.0889208 0.000219157
1 40.2555 16.4894 -0.0818353 0.000183863
1 41.3648 16.4894 -0.0922387 6.82716e-05
1 42.4742 16.4893 -0.0908774 0.000243187
1 43.5863 16.4893 -0.0923996 0.000499863
1 0.653773 17.4593 0.092521 0.000648321
1 1.76583 17.4592 0.0910744 0.00030615
1 2.87523 17.4593 0.0921129 0.000105741
1 3.98456 17.4593 0.0816546 0.000121162
1 5.09451 17.4593 0.0892675 0.00019636
1 6.20276 17.4593 0.101737 0.000194259
1 7.31103 17.4593 0.0942631 0.000200793
1 8.4198 17.4593 0.0918359 0.000219861
1 9.52959 17.4593 0.0702826 0.000248795
1 10.6433 17.4593 0.033894 0.000258716
1 11.7607 17.4593 0.0106459 0.000262054
1 12.8802 17.4593 0.00254165 0.000266311
1 14 17.4593 0.000323349 0.000263624
1 15.12 17.4593 0.000441378 0.000262861
1 16.24 17.4593 -0.00036143 0.000267429
1 17.36 17.4593 -0.000111096 0.000259284
1 18.48 17.4593 0.000589693 0.000268036
1 19.6001 17.4593 -4.3386e-05 0.000269574
1 20.7201 17.4593 0.00045285 0.000254188
1 21.8401 17.4593 0.000579425 0.000270141
1 22.9602 17.4593 -0.000750118 0.000268994
1 24.0801 17.4593 -0.00049497 0.000260156
1 25.2 17.4593 -8.32441e-05 0.00026954
1 26.32 17.4593 -0.000206986 0.000263303
1 27.44 17.4593 0.000300023 0.00026118
1 28.56 17.4593 0.000389286 0.000263708
1 29.68 17.4593 -0.000130172 0.000261648
1 30.7998 17.4593 -0.000524399 0.000264432
1 31.9194 17.4593 -0.00539002 0.000268778
1 33.0381 17.4593 -0.0203031 0.000264191
1 34.154 17.4593 -0.0522704 0.000260163
1 35.2655 17.4593 -0.0852915 0.000248666
1 36.3745 17.4593 -0.0933721 0.000207495
1 37.4833 17.4593 -0.0941296 0.000142237
1 38.5917 17.4593 -0.0959457 8.12457e-05
1 39.7007 17.4593 -0.0933923 3.84488e-05
1 40.8093 17.4593 -0.0975528 0.000378751
1 41.9182 17.4593 -0.0859069 0.000411345
1 43.0278 17.4593 -0.0918642 0.000162828
1 44.1428 17.4593 -0.0914615 0.000619842
1 0.0973022 18.4294 0.0918204 0.000375582
1 1.21234 18.4293 0.0914856 0.000528494
1 2.32183 18.4293 0.0858116 0.000433098
1 3.43076 18.4293 0.0976432 0.000221587
1 4.53936 18.4293 0.0930236 0.000309449
1 5.64829 18.4293 0.0959207 0.000186945
1 6.75673 18.4293 0.0945501 0.000169453
1 7.86551 18.4293 0.0932746 0.000160721
1 8.97443 18.4293 0.0857809 0.000139958
1 10.0859 18.4293 0.0515961 0.000138422
1 11.2016 18.4293 0.0198802 0.000157907
1 12.3203 18.4293 0.00553454 0.000147615
1 13.44 18.4293 0.000498219 0.000153594
1 14.56 18.4293 0.000268875 0.000162542
1 15.68 18.4293 0.000379509 0.00015576
1 16.8 18.4293 -0.000390339 0.000161821
1 17.92 18.4293 0.000108524 0.000157952
1 19.04 18.4293 1.78808e-06 0.000155125
1 20.1601 18.4293 0.000375325 0.00015885
1 21.2802 18.4293 0.000407501 0.000158496
1 22.4002 18.4293 0.000156751 0.000154222
1 23.5201 18.4293 -0.000472858 0.000157378
1 24.64 18.4293 -6.58676e-06 0.000160807
1 25.76 18.4293 -0.000400471 0.000155826
1 26.88 18.4293 -0.00029659 0.000157652
1 28 18.4293 0.000207528 0.000157237
1 29.12 18.4293 4.13039e-05 0.00015139
1 30.2399 18.4293 0.000109611 0.000161866
1 31.3597 18.4293 -0.00162548 0.000155346
1 32.479 18.4293 -0.0112367 0.000149575
1 33.5965 18.4293 -0.0343032 0.000158893
1 34.7102 18.4293 -0.0703616 0.000141144
1 35.8201 18.4293 -0.0923985 0.000147632
1 36.929 18.4293 -0.0947551 0.000158698
1 38.0372 18.4293 -0.101557 0.000135025
1 39.1455 18.4293 -0.0890549 7.58509e-05
1 40.2554 18.4293 -0.0816824 0.000113167
1 41.3648 18.4293 -0.0920937 0.000366256
1 42.4742 18.4293 -0.0907778 0.000579451
1 43.5863 18.4293 -0.0925276 0.000619452
1 0.653805 19.3993 0.0927144 9.49389e-05
1 1.76587 19.3993 0.0907759 7.50492e-05
1 2.87527 19.3992 0.091846 0.000195119
1 3.98459 19.3992 0.0815853 0.000159923
1 5.09453 19.3992 0.0891921 8.53173e-05
1 6.20278 19.3993 0.101648 5.17135e-06
1 7.31105 19.3993 0.0942357 -2.44603e-06
1 8.41981 19.3993 0.0918498 -1.01571e-05
1 9.52959 19.3993 0.0703029 -2.26921e-06
1 10.6433 19.3993 0.0339075 5.25006e-06
1 11.7607 19.3993 0.010648 1.05995e-05
1 12.8802 19.3993 0.00254639 1.48082e-05
1 14 19.3993 0.000325367 1.44111e-05
1 15.12 19.3993 0.000436107 1.86287e-05
1 16.24 19.3993 -0.000359472 1.73264e-05
1 17.36 19.3993 -0.000102563 1.58722e-05
1 18.48 19.3993 0.000589179 1.63319e-05
1 19.6001 19.3993 -4.014e-05 1.59756e-05
1 20.7201 19.3993 0.000452021 1.48425e-05
1 21.8401 19.3993 0.000574272 1.52833e-05
1 22.9602 19.3993 -0.000751833 1.4959e-05
1 24.0801 19.3993 -0.000506343 1.30131e-05
1 25.2 19.3993 -8.8694e-05 1.42117e-05
1 26.32 19.3993 -0.000198888 1.44958e-05
1 27.44 19.3993 0.00030234 1.37437e-05
1 28.56 19.3993 0.000392965 1.49704e-05
1 29.68 19.3993 -0.000125042 1.76599e-05
1 30.7998 19.3993 -0.000526598 1.47944e-05
1 31.9194 19.3993 -0.00539533 1.58056e-05
1 33.0381 19.3993 -0.0203052 1.00175e-05
1 34.154 19.3993 -0.0522805 5.80662e-07
1 35.2655 19.3993 -0.0853058 -1.15089e-05
1 36.3745 19.3993 -0.0933886 -1.77068e-05
1 37.4832 19.3993 -0.0941559 7.27828e-06
1 38.5917 19.3993 -0.0960076 4.83271e-05
1 39.7007 19.3992 -0.0933979 -2.09464e-05
1 40.8093 19.3992 -0.0975333 4.87556e-05
1 41.9182 19.3992 -0.0860957 -2.00251e-05
1 43.0278 19.3992 -0.0922108 0.000200225
1 44.1428 19.3993 -0.0915868 0.000215489
1 0.097267 20.3692 0.0913704 9.12763e-05
1 1.21234 20.3692 0.0912405 0.00026985
1 2.32184 20.3692 0.0857165 0.000122423
1 3.43076 20.3692 0.0975862 -3.60055e-05
1 4.53936 20.3692 0.0928876 7.24279e-05
1 5.6483 20.3692 0.0958125 4.98332e-05
1 6.75674 20.3692 0.0945261 0.000103695
1 7.86552 20.3692 0.093291 0.000139568
1 8.97444 20.3692 0.0858146 0.000199888
1 10.0859 20.3692 0.0516209 0.000244706
1 11.2016 20.3692 0.0198912 0.000258425
1 12.3203 20.3692 0.00553664 0.000275649
1 13.44 20.3692 0.00049219 0.000276301
1 14.56 20.3692 0.000265186 0.000268672
1 15.68 20.3692 0.000380103 0.000275086
1 16.8 20.3692 -0.000390573 0.000275019
1 17.92 20.3692 0.000108297 0.000275303
1 19.04 20.3692 -8.11414e-07 0.00027693
1 20.1601 20.3692 0.000373499 0.000276019
1 21.2802 20.3692 0.000407792 0.000276354
1 22.4002 20.3692 0.000157125 0.000277274
1 23.5201 20.3692 -0.0004746 0.000274517
1 24.64 20.3692 -8.1434e-06 0.000270991
1 25.76 20.3692 -0.000402273 0.000271864
1 26.88 20.3692 -0.000298606 0.00027089
1 28 20.3692 0.000207563 0.000274879
1 29.12 20.3692 4.18626e-05 0.000276651
1 30.2399 20.3692 0.000115651 0.000268665
1 31.3597 20.3692 -0.00161861 0.000276031
1 32.479 20.3692 -0.0112417 0.000272996
1 33.5965 20.3692 -0.0343229 0.000247538
1 34.7102 20.3692 -0.0704009 0.000216962
1 35.8201 20.3692 -0.0924411 0.000157737
1 36.929 20.3692 -0.0947452 0.000102214
1 38.0372 20.3692 -0.101459 0.000111492
1 39.1455 20.3692 -0.0889457 0.000115714
1 40.2555 20.3692 -0.0816837 8.6752e-05
1 41.3648 20.3692 -0.0922122 -0.000121179
1 42.4742 20.3692 -0.0909003 0.000101076
1 43.5863 20.3693 -0.0921865 -1.10396e-05
1 0.653792 21.3392 0.0922335 -8.49141e-05
1 1.76585 21.3392 0.0908433 0.000213969
1 2.87523 21.3391 0.0919627 0.000414506
1 3.98456 21.3391 0.0815101 6.77632e-05
1 5.09451 21.3391 0.0891114 -3.13709e-05
1 6.20277 21.3391 0.101614 -2.53093e-05
1 7.31104 21.3391 0.0942035 -3.4669e-05
1 8.41982 21.3391 0.0918498 -9.99665e-05
1 9.5296 21.3391 0.0703285 -0.000149343
1 10.6433 21.3391 0.0339231 -0.000162155
1 11.7607 21.3391 0.0106587 -0.000164076
1 12.8802 21.3391 0.00254336 -0.000167349
1 14 21.3391 0.000322655 -0.00016465
1 15.12 21.3391 0.000447065 -0.000155629
1 16.24 21.3391 -0.000365341 -0.000158912
1 17.36 21.3391 -0.000114485 -0.000155844
1 18.48 21.3391 0.00059042 -0.000162577
1 19.6001 21.3391 -4.97219e-05 -0.000169077
1 20.7201 21.3391 0.000451686 -0.000158682
1 21.8401 21.3391 0.000582505 -0.0001686
1 22.9602 21.3391 -0.000755238 -0.000161232
1 24.0801 21.3391 -0.000495462 -0.000155801
1 25.2 21.3391 -8.10979e-05 -0.000164467
1 26.32 21.3391 -0.000209799 -0.000158795
1 27.44 21.3391 0.000301407 -0.000161393
1 28.56 21.3391 0.000393357 -0.000159383
1 29.68 21.3391 -0.000132676 -0.000157253
1 30.7998 21.3391 -0.000520641 -0.000166189
1 31.9194 21.3391 -0.00539313 -0.000169631
1 33.0381 21.3391 -0.0203251 -0.000166457
1 34.154 21.3391 -0.0523155 -0.000164489
1 35.2655 21.3391 -0.0853472 -0.000147003
1 36.3745 21.3391 -0.0933917 -9.04391e-05
1 37.4832 21.3391 -0.0940912 -1.74841e-05
1 38.5917 21.3391 -0.095857 5.83267e-05
1 39.7007 21.3391 -0.093267 9.83044e-05
1 40.8093 21.3391 -0.0974321 0.000324213
1 41.9182 21.3391 -0.0857697 0.000291291
1 43.0278 21.3392 -0.0916693 -6.78622e-05
1 44.1429 21.3392 -0.091298 -0.000405837
1 0.097137 22.3091 0.091948 -0.000386804
1 1.21226 22.3091 0.0916043 -0.000365579
1 2.32177 22.3091 0.0858947 -0.000268408
1 3.4307 22.3091 0.0975591 -0.000400416
1 4.53932 22.3091 0.0928775 -0.000467156
1 5.64827 22.3091 0.0957948 -0.000568061
1 6.75672 22.3091 0.0944395 -0.000524683
1 7.86551 22.3091 0.0931923 -0.000515772
1 8.97444 22.3091 0.085755 -0.000522573
1 10.0859 22.3091 0.0516123 -0.000521892
1 11.2016 22.3091 0.0198941 -0.000514475
1 12.3203 22.3091 0.00553728 -0.00051164
1 13.44 22.3091 0.000496931 -0.000511491
1 14.56 22.3091 0.000263753 -0.000511075
1 15.68 22.3091 0.000380194 -0.000507664
1 16.8 22.3091 -0.000386949 -0.000505894
1 17.92 22.3091 0.000108936 -0.000512854
1 19.04 22.3091 -6.38593e-06 -0.000510023
1 20.1601 22.3091 0.00037257 -0.000508728
1 21.2802 22.3091 0.000407538 -0.000508023
1 22.4002 22.3091 0.000162605 -0.0005077
1 23.5201 22.3091 -0.000472915 -0.00050921
1 24.64 22.3091 -6.78696e-06 -0.000506706
1 25.76 22.3091 -0.000401929 -0.000511134
1 26.88 22.3091 -0.000303111 -0.000514496
1 28 22.3091 0.00020047 -0.000511381
1 29.12 22.3091 4.38059e-05 -0.000512193
1 30.2399 22.3091 0.000118536 -0.000514585
1 31.3597 22.3091 -0.00162259 -0.000513605
1 32.479 22.3091 -0.0112445 -0.000514503
1 33.5965 22.3091 -0.0343343 -0.000520882
1 34.7102 22.3091 -0.0704035 -0.000533632
1 35.8201 22.3091 -0.0923901 -0.000534893
1 36.929 22.3091 -0.094648 -0.000516875
1 38.0372 22.3091 -0.101319 -0.000485207
1 39.1455 22.3091 -0.0888211 -0.000499895
1 40.2555 22.3091 -0.0815894 -0.000412687
1 41.3648 22.3091 -0.0919397 -0.000377298
1 42.4742 22.3091 -0.0904929 -0.000185469
1 43.5864 22.3091 -0.0922314 -0.000219726
1 0.653631 23.279 0.0923762 -0.000143422
1 1.76574 23.279 0.0906692 3.05717e-06
1 2.87517 23.2791 0.091726 0.000397689
1 3.98452 23.279 0.0813857 0.000493093
1 5.09448 23.279 0.0890987 0.000441884
1 6.20274 23.279 0.101601 0.000396813
1 7.31102 23.279 0.0941252 0.000410698
1 8.41981 23.279 0.0917543 0.000430207
1 9.52959 23.279 0.0702708 0.000447106
1 10.6433 23.279 0.0339112 0.000448715
1 11.7608 23.279 0.0106632 0.000451838
1 12.8802 23.279 0.00255558 0.000456729
1 14 23.279 0.000325509 0.000451382
1 15.12 23.279 0.000451518 0.000459017
1 16.24 23.279 -0.000359933 0.000466839
1 17.36 23.279 -0.000108309 0.000451394
1 18.48 23.279 0.000595794 0.00046198
1 19.6001 23.279 -4.95163e-05 0.000463582
1 20.7201 23.279 0.000451082 0.000448902
1 21.8401 23.279 0.000581944 0.000464924
1 22.9602 23.279 -0.000759664 0.000464837
1 24.0801 23.279 -0.000499359 0.000453786
1 25.2 23.279 -8.24174e-05 0.000465305
1 26.32 23.279 -0.000210837 0.000461025
1 27.44 23.279 0.000301906 0.000453512
1 28.56 23.279 0.000389257 0.000463063
1 29.68 23.279 -0.000136307 0.000453705
1 30.7998 23.279 -0.000523169 0.000449428
1 31.9194 23.279 -0.00540506 0.000455891
1 33.0381 23.279 -0.0203313 0.000450459
1 34.154 23.279 -0.0523063 0.000445218
1 35.2655 23.279 -0.085294 0.000440941
1 36.3745 23.279 -0.0932983 0.000421083
1 37.4832 23.279 -0.0939765 0.000416659
1 38.5917 23.279 -0.0957862 0.000442556
1 39.7007 23.279 -0.0932434 0.000381877
1 40.8093 23.279 -0.0973068 0.000532728
1 41.9183 23.279 -0.085736 0.000286849
1 43.0279 23.279 -0.0918396 6.80356e-05
1 44.143 23.2789 -0.0914978 5.95415e-05
1 0.0970259 24.2489 0.0918074 0.000146786
1 1.21215 24.2489 0.0912488 0.000177209
1 2.32169 24.249 0.0856776 -0.000123613
1 3.43066 24.249 0.0975384 -0.00010561
1 4.53928 24.249 0.0928729 0.000188615
1 5.64824 24.2489 0.095808 0.000125246
1 6.7567 24.249 0.0944432 0.000133243
1 7.86549 24.249 0.0931558 0.000157953
1 8.97443 24.249 0.085721 0.000197063
1 10.0859 24.249 0.0515968 0.000229951
1 11.2016 24.249 0.0198967 0.000246233
1 12.3203 24.249 0.00554827 0.000257417
1 13.44 24.249 0.000501066 0.000257686
1 14.56 24.249 0.000275198 0.000253298
1 15.68 24.249 0.000386362 0.000263149
1 16.8 24.249 -0.000393093 0.000260592
1 17.92 24.249 0.000113178 0.000252426
1 19.04 24.249 -4.32258e-07 0.000259404
1 20.1601 24.249 0.000369375 0.000259197
1 21.2802 24.249 0.000409846 0.000259495
1 22.4002 24.249 0.00015672 0.000260145
1 23.5201 24.249 -0.000476816 0.000252992
1 24.64 24.249 1.3963e-06 0.000259769
1 25.76 24.249 -0.00040275 0.000263065
1 26.88 24.249 -0.000303461 0.000253428
1 28 24.249 0.000206118 0.000257595
1 29.12 24.249 3.53825e-05 0.000256701
1 30.2399 24.249 0.000107356 0.000252983
1 31.3597 24.249 -0.00162601 0.000258404
1 32.479 24.249 -0.0112555 0.000256048
1 33.5965 24.249 -0.0343343 0.000240483
1 34.7102 24.249 -0.07038 0.000223589
1 35.8201 24.249 -0.0923593 0.000199227
1 36.929 24.249 -0.0946268 0.000158526
1 38.0373 24.249 -0.101311 0.0001171
1 39.1455 24.249 -0.0888283 6.74741e-05
1 40.2555 24.2489 -0.0816415 0.000121654
1 41.3648 24.249 -0.0920905 5.18875e-05
1 42.4743 24.2489 -0.0906598 -3.72714e-05
1 43.5864 24.2489 -0.0921619 -6.77636e-05
1 0.653608 25.2187 0.092363 -0.000218528
1 1.7657 25.2187 0.0909103 -0.000353614
1 2.87513 25.2187 0.0919299 -0.000200772
1 3.98448 25.2187 0.0815431 -0.000302741
1 5.09445 25.2187 0.0890563 -0.000412557
1 6.20273 25.2187 0.101509 -0.000513541
1 7.31102 25.2187 0.0941052 -0.000550837
1 8.4198 25.2187 0.0917468 -0.000598349
1 9.52959 25.2187 0.0702631 -0.000634888
1 10.6433 25.2187 0.0339129 -0.000651399
1 11.7608 25.2187 0.0106612 -0.000656977
1 12.8802 25.2187 0.00255508 -0.000658028
1 14 25.2187 0.000325985 -0.000655943
1 15.12 25.2187 0.00044686 -0.000653095
1 16.24 25.2187 -0.000355252 -0.000657336
1 17.36 25.2187 -0.000100219 -0.000653553
1 18.48 25.2187 0.000596188 -0.000656401
1 19.6001 25.2187 -4.42979e-05 -0.000658293
1 20.7201 25.2187 0.000450901 -0.000656291
1 21.8401 25.2187 0.000576434 -0.000659222
1 22.9602 25.2187 -0.000760409 -0.000658357
1 24.0801 25.2187 -0.000507688 -0.000656612
1 25.2 25.2187 -8.67506e-05 -0.000657354
1 26.32 25.2187 -0.000205219 -0.000656156
1 27.44 25.2187 0.000301622 -0.000656864
1 28.56 25.2187 0.000386082 -0.000660514
1 29.68 25.2187 -0.000136398 -0.000653521
1 30.7998 25.2187 -0.000526835 -0.000653598
1 31.9194 25.2187 -0.0054054 -0.0006565
1 33.0381 25.2187 -0.0203246 -0.00065359
1 34.154 25.2187 -0.0522872 -0.000638649
1 35.2655 25.2187 -0.0852504 -0.000600105
1 36.3745 25.2187 -0.0932827 -0.000539192
1 37.4833 25.2187 -0.094029 -0.000487587
1 38.5917 25.2187 -0.0958399 -0.00047048
1 39.7007 25.2187 -0.0932428 -0.000536797
1 40.8094 25.2187 -0.0973375 -0.00020913
1 41.9183 25.2187 -0.0857426 -0.00035002
1 43.0279 25.2187 -0.0917727 -0.00045604
1 44.1431 25.2187 -0.0912629 -0.000180541
1 0.0970435 26.1886 0.0917113 -0.000101231
1 1.21217 26.1886 0.0914374 0.000199253
1 2.32171 26.1886 0.0856831 0.00052621
1 3.43067 26.1885 0.0974371 0.000294686
1 4.5393 26.1885 0.0928665 0.000388784
1 5.64825 26.1885 0.0957921 0.000225898
1 6.7567 26.1885 0.0944287 0.000253725
1 7.86549 26.1885 0.0931574 0.000294763
1 8.97443 26.1885 0.0857184 0.000317424
1 10.0859 26.1885 0.0515981 0.000328985
1 11.2016 26.1885 0.0198958 0.000328776
1 12.3203 26.1885 0.00554109 0.000333141
1 13.44 26.1885 0.000494503 0.00033317
1 14.56 26.1885 0.000259613 0.000331608
1 15.68 26.1885 0.000375369 0.000335897
1 16.8 26.1885 -0.00039294 0.000330822
1 17.92 26.1885 0.00010765 0.00033281
1 19.04 26.1885 -9.7054e-06 0.000334941
1 20.1601 26.1885 0.000371251 0.000334687
1 21.2802 26.1885 0.000407913 0.000334344
1 22.4002 26.1885 0.000165621 0.000333714
1 23.5201 26.1885 -0.000471556 0.000330328
1 24.64 26.1885 -1.08525e-06 0.000331104
1 25.76 26.1885 -0.000398802 0.000338816
1 26.88 26.1885 -0.000301808 0.000334816
1 28 26.1885 0.00020259 0.000334154
1 29.12 26.1885 4.29407e-05 0.000335755
1 30.2399 26.1885 0.00012062 0.000334375
1 31.3597 26.1885 -0.00162061 0.000334863
1 32.479 26.1885 -0.0112463 0.000334219
1 33.5965 26.1885 -0.0343196 0.000330547
1 34.7102 26.1885 -0.0703414 0.000334167
1 35.8201 26.1885 -0.0922998 0.000333546
1 36.929 26.1885 -0.0945978 0.000333284
1 38.0373 26.1886 -0.101324 0.000323109
1 39.1455 26.1886 -0.0888299 0.000203606
1 40.2555 26.1885 -0.0815756 9.00964e-05
1 41.3649 26.1885 -0.0919407 0.000146692
1 42.4744 26.1885 -0.0906634 0.000486688
1 43.5865 26.1885 -0.0924445 0.000373081
1 0.653659 27.1584 0.0926098 -8.67346e-05
1 1.76575 27.1584 0.0906365 -8.86783e-05
1 2.87518 27.1584 0.091751 9.48791e-06
1 3.98453 27.1584 0.0814262 9.65211e-05
1 5.09449 27.1584 0.0890907 0.000148816
1 6.20275 27.1584 0.101598 6.29676e-05
1 7.31103 27.1584 0.0941487 6.32241e-05
1 8.41981 27.1584 0.0917761 7.74222e-05
1 9.5296 27.1584 0.0702897 7.43805e-05
1 10.6433 27.1584 0.0339194 7.13958e-05
1 11.7608 27.1584 0.0106666 6.63505e-05
1 12.8802 27.1584 0.00254881 6.35853e-05
1 14 27.1584 0.000321996 6.97408e-05
1 15.12 27.1584 0.000447305 6.05723e-05
1 16.24 27.1584 -0.000366589 5.71617e-05
1 17.36 27.1584 -0.000116722 6.74968e-05
1 18.48 27.1584 0.000587875 6.40365e-05
1 19.6001 27.1584 -5.28552e-05 6.41431e-05
1 20.7201 27.1584 0.000450824 6.88359e-05
1 21.8401 27.1584 0.000584251 6.35451e-05
1 22.9602 27.1584 -0.000753558 6.31604e-05
1 24.0801 27.1584 -0.000493438 6.80443e-05
1 25.2 27.1584 -7.89799e-05 6.37617e-05
1 26.32 27.1584 -0.000209035 6.32659e-05
1 27.44 27.1584 0.000302899 6.74817e-05
1 28.56 27.1584 0.000390064 5.74988e-05
1 29.68 27.1584 -0.000139011 6.15592e-05
1 30.7998 27.1584 -0.000522845 6.95621e-05
1 31.9194 27.1584 -0.00539884 6.39505e-05
1 33.0381 27.1584 -0.0203273 6.90632e-05
1 34.154 27.1584 -0.0522834 7.77516e-05
1 35.2655 27.1584 -0.0852435 8.32601e-05
1 36.3745 27.1584 -0.0932402 9.41059e-05
1 37.4833 27.1584 -0.093977 0.000105843
1 38.5917 27.1584 -0.095861 0.000113752
1 39.7007 27.1584 -0.0932818 -3.68792e-05
1 40.8094 27.1584 -0.0973069 2.73402e-05
1 41.9184 27.1583 -0.0857055 -4.9386e-05
1 43.028 27.1584 -0.0917482 8.2899e-05
1 44.1431 27.1584 -0.0916276 0.000133455
1 0.097146 28.1283 0.091672 0.000216422
1 1.21225 28.1283 0.0913388 0.000195093
1 2.32178 28.1283 0.0857086 -0.000468411
1 3.43071 28.1283 0.0975355 -0.000624827
1 4.53933 28.1283 0.0928307 -0.00023348
1 5.64828 28.1283 0.095735 -0.000204193
1 6.75673 28.1283 0.0944449 -0.000192584
1 7.86551 28.1283 0.0932199 -0.000176646
1 8.97444 28.1283 0.0857838 -0.000169818
1 10.0859 28.1283 0.0516223 -0.000150814
1 11.2016 28.1283 0.0199015 -0.000126949
1 12.3203 28.1283 0.0055452 -0.000142121
1 13.44 28.1283 0.00049288 -0.000142216
1 14.56 28.1283 0.000266665 -0.000132962
1 15.68 28.1283 0.000379649 -0.000148925
1 16.8 28.1283 -0.000397381 -0.000140233
1 17.92 28.1283 0.000109442 -0.000131737
1 19.04 28.1283 -8.25089e-06 -0.000137006
1 20.1601 28.1283 0.000369319 -0.000132645
1 21.2802 28.1283 0.000410002 -0.00013256
1 22.4002 28.1283 0.000163145 -0.000136226
1 23.5201 28.1283 -0.000476269 -0.000129594
1 24.64 28.1283 -1.22013e-06 -0.000134747
1 25.76 28.1283 -0.000401926 -0.000144859
1 26.88 28.1283 -0.000302464 -0.000134973
1 28 28.1283 0.000207952 -0.000142539
1 29.12 28.1283 3.88982e-05 -0.000147246
1 30.2399 28.1283 0.00011353 -0.000135082
1 31.3597 28.1283 -0.00161898 -0.000144815
1 32.479 28.1283 -0.0112508 -0.000143702
1 33.5965 28.1283 -0.034328 -0.000129288
1 34.7102 28.1283 -0.0703681 -0.000156427
1 35.8201 28.1283 -0.0923434 -0.000179346
1 36.929 28.1283 -0.0946081 -0.000193934
1 38.0373 28.1283 -0.101319 -0.000214214
1 39.1455 28.1283 -0.0888337 -0.000244052
1 40.2555 28.1283 -0.0816043 -0.000282374
1 41.3649 28.1283 -0.0920638 -0.000344195
1 42.4743 28.1283 -0.0906805 -0.000138021
1 43.5865 28.1283 -0.0919261 -1.01084e-05
1 0.653768 29.0982 0.0921416 0.000370391
1 1.76583 29.0981 0.090734 0.000304451
1 2.87523 29.0981 0.0919257 0.000301679
1 3.98455 29.0981 0.0815573 0.000170123
1 5.0945 29.0981 0.0890489 0.000268477
1 6.20277 29.0981 0.101505 0.000275201
1 7.31105 29.0981 0.0941649 0.000267519
1 8.41982 29.0981 0.0918437 0.000244365
1 9.5296 29.0981 0.0703272 0.000214502
1 10.6433 29.0981 0.033928 0.000187448
1 11.7607 29.0981 0.0106597 0.00017353
1 12.8802 29.0981 0.00255058 0.000170566
1 14 29.0981 0.000324273 0.000172593
1 15.12 29.0981 0.000440821 0.000166382
1 16.24 29.0981 -0.000360115 0.000169012
1 17.36 29.0981 -0.00010453 0.000171907
1 18.48 29.0981 0.000592993 0.000170787
1 19.6001 29.0981 -4.26976e-05 0.000168166
1 20.7201 29.0981 0.000451095 0.00016579
1 21.8401 29.0981 0.000574944 0.000168794
1 22.9602 29.0981 -0.000757398 0.000172161
1 24.0801 29.0981 -0.00050529 0.000175081
1 25.2 29.0981 -8.75604e-05 0.000173393
1 26.32 29.0981 -0.000203128 0.000172169
1 27.44 29.0981 0.000302932 0.00017524
1 28.56 29.0981 0.000389244 0.000172209
1 29.68 29.0981 -0.000130556 0.000167025
1 30.7998 29.0981 -0.000524665 0.000168853
1 31.9194 29.0981 -0.00540012 0.000168897
1 33.0381 29.0981 -0.0203225 0.000176087
1 34.154 29.0981 -0.0523007 0.000194565
1 35.2655 29.0981 -0.0852941 0.000219384
1 36.3745 29.0981 -0.093323 0.000238507
1 37.4833 29.0981 -0.0940465 0.000255651
1 38.5917 29.0981 -0.09585 0.000301211
1 39.7007 29.0981 -0.0932561 0.00029221
1 40.8093 29.0981 -0.0974564 0.000456598
1 41.9183 29.0981 -0.0859496 0.000426194
1 43.0278 29.0982 -0.0919331 9.86857e-05
1 44.143 29.0982 -0.0914915 0.000106415
1 0.0971792 30.0681 0.09173 0.00011194
1 1.21229 30.0681 0.0913307 -0.000222089
1 2.32181 30.0681 0.0857021 -0.000155943
1 3.43074 30.0681 0.0975235 -0.000288813
1 4.53935 30.0681 0.0928858 -0.000304286
1 5.64829 30.0681 0.0958066 -0.000352107
1 6.75674 30.0681 0.0944761 -0.000267138
1 7.86552 30.0681 0.0932514 -0.000220043
1 8.97444 30.0681 0.0858043 -0.000193249
1 10.0859 30.0681 0.0516204 -0.000190497
1 11.2016 30.0681 0.0198936 -0.000211383
1 12.3203 30.0681 0.00554301 -0.00020435
1 13.44 30.0681 0.000499008 -0.000210418
1 14.56 30.0681 0.000273604 -0.000216155
1 15.68 30.0681 0.00038539 -0.000212549
1 16.8 30.0681 -0.000393263 -0.000216678
1 17.92 30.0681 0.000110492 -0.000208591
1 19.04 30.0681 3.83238e-07 -0.000206252
1 20.1601 30.0681 0.000371911 -0.000209958
1 21.2802 30.0681 0.00040925 -0.000209376
1 22.4002 30.0681 0.000156167 -0.00020472
1 23.5201 30.0681 -0.000476757 -0.000207359
1 24.64 30.0681 -4.60297e-06 -0.000215227
1 25.76 30.0681 -0.000406045 -0.000212367
1 26.88 30.0681 -0.000301601 -0.000210738
1 28 30.0681 0.00020719 -0.000213273
1 29.12 30.0681 3.73616e-05 -0.000207193
1 30.2399 30.0681 0.000108841 -0.000216523
1 31.3597 30.0681 -0.00162403 -0.000212058
1 32.479 30.0681 -0.0112496 -0.000204821
1 33.5965 30.0681 -0.0343296 -0.000212322
1 34.7102 30.0681 -0.0703927 -0.000201421
1 35.8201 30.0681 -0.0923963 -0.000225627
1 36.929 30.0681 -0.0946807 -0.000246054
1 38.0372 30.0681 -0.101417 -0.000207932
1 39.1455 30.0681 -0.0888909 -0.000234016
1 40.2554 30.0681 -0.0815368 -0.000333255
1 41.3648 30.0681 -0.0919633 -0.000515903
1 42.4742 30.0681 -0.0905944 -0.000120121
1 43.5863 30.0681 -0.0923026 0.000214543
1 0.653762 31.038 0.0926228 -0.000187882
1 1.76584 31.0381 0.0908687 -0.000267451
1 2.87525 31.0381 0.0918626 0.000137633
1 3.98458 31.0381 0.0814596 9.30315e-05
1 5.09453 31.0381 0.0892003 5.32888e-05
1 6.20278 31.0381 0.101741 3.50166e-05
1 7.31104 31.0381 0.0942664 6.90472e-05
1 8.41981 31.0381 0.0918514 6.05155e-05
1 9.52959 31.0381 0.0703073 2.84301e-05
1 10.6433 31.0381 0.0339082 5.77963e-06
1 11.7607 31.0381 0.0106517 -3.92602e-06
1 12.8802 31.0381 0.00254525 -8.49706e-06
1 14 31.0381 0.000325931 -7.62816e-06
1 15.12 31.0381 0.000444641 -8.37713e-06
1 16.24 31.0381 -0.000360335 -9.37179e-06
1 17.36 31.0381 -0.000106961 -2.4656e-06
1 18.48 31.0381 0.000595431 -9.18114e-06
1 19.6001 31.0381 -4.50086e-05 -8.95262e-06
1 20.7201 31.0381 0.000452284 1.96829e-06
1 21.8401 31.0381 0.000579644 -9.0139e-06
1 22.9602 31.0381 -0.00075778 -9.17184e-06
1 24.0801 31.0381 -0.000501098 -2.27185e-06
1 25.2 31.0381 -8.54098e-05 -1.08034e-05
1 26.32 31.0381 -0.000210471 -8.55782e-06
1 27.44 31.0381 0.000298053 -4.5227e-06
1 28.56 31.0381 0.000389581 -5.87074e-06
1 29.68 31.0381 -0.000129262 -4.18832e-06
1 30.7998 31.0381 -0.000523814 -6.55942e-06
1 31.9194 31.0381 -0.00539501 -8.25163e-06
1 33.0381 31.0381 -0.0203197 -2.85267e-06
1 34.154 31.0381 -0.052306 8.47163e-06
1 35.2655 31.0381 -0.0853324 2.71306e-05
1 36.3745 31.0381 -0.0933681 5.21812e-05
1 37.4832 31.0381 -0.0940613 9.31582e-05
1 38.5917 31.0381 -0.0958619 0.000152758
1 39.7007 31.0381 -0.0932899 3.37303e-05
1 40.8093 31.0381 -0.0973471 -7.68404e-05
1 41.9182 31.0381 -0.0857318 -0.000330548
1 43.0278 31.038 -0.0917229 -5.67511e-05
1 44.1429 31.038 -0.0911669 0.000151902
1 0.0972717 32.0079 0.0917483 2.48651e-05
1 1.21234 32.008 0.0917082 6.22739e-05
1 2.32183 32.0081 0.086062 -0.000118233
1 3.43074 32.0081 0.0977517 -7.68161e-05
1 4.53935 32.0081 0.0929774 0.000227409
1 5.64829 32.0081 0.0959342 0.000248686
1 6.75673 32.0081 0.0946191 0.000283164
1 7.8655 32.008 0.093314 0.000309314
1 8.97443 32.008 0.0857833 0.00032853
1 10.0859 32.008 0.051599 0.000336864
1 11.2016 32.008 0.0198779 0.000339372
1 12.3203 32.008 0.00552717 0.000336587
1 13.44 32.008 0.000497298 0.000334595
1 14.56 32.008 0.000260531 0.000333854
1 15.68 32.008 0.000379109 0.000331919
1 16.8 32.008 -0.000382089 0.000331464
1 17.92 32.008 0.00010898 0.000336487
1 19.04 32.008 -1.90987e-06 0.000335813
1 20.1601 32.008 0.000376543 0.000338672
1 21.2802 32.008 0.000405838 0.000338232
1 22.4002 32.008 0.000160852 0.00033491
1 23.5201 32.008 -0.000471233 0.000336322
1 24.64 32.008 -1.22149e-05 0.000332616
1 25.76 32.008 -0.000405569 0.000334585
1 26.88 32.008 -0.000302898 0.000336204
1 28 32.008 0.000196002 0.000335382
1 29.12 32.008 4.52126e-05 0.000335212
1 30.2399 32.008 0.000121 0.000336985
1 31.3597 32.008 -0.00162419 0.000336247
1 32.479 32.008 -0.0112349 0.000337517
1 33.5965 32.008 -0.0343202 0.000339565
1 34.7102 32.008 -0.0704053 0.000334856
1 35.8201 32.008 -0.0924325 0.000315708
1 36.929 32.008 -0.0947099 0.000272886
1 38.0372 32.0081 -0.101364 0.000231919
1 39.1455 32.0081 -0.0889107 0.000181636
1 40.2554 32.0081 -0.0817885 0.000119676
1 41.3648 32.0081 -0.0921787 -8.45376e-05
1 42.4742 32.0081 -0.0907901 -0.000172497
1 43.5863 32.008 -0.092271 -0.0002563
1 0.653787 32.9779 0.0924703 -0.00044667
1 1.76584 32.9779 0.0910303 -0.000398875
1 2.87524 32.9779 0.0920856 -0.000351656
1 3.98456 32.9779 0.0816438 -0.000255657
1 5.09451 32.9779 0.0892624 -0.000201431
1 6.20276 32.9779 0.101741 -0.000239266
1 7.31103 32.9779 0.0942733 -0.000290004
1 8.4198 32.9779 0.0918511 -0.000324258
1 9.52959 32.9779 0.0702949 -0.00034716
1 10.6433 32.9779 0.0338975 -0.000370867
1 11.7607 32.9779 0.010644 -0.0003802
1 12.8802 32.9779 0.00253884 -0.000378328
1 14 32.9779 0.000324056 -0.0003815
1 15.12 32.9779 0.00044415 -0.000384548
1 16.24 32.9779 -0.000359395 -0.000377582
1 17.36 32.9779 -0.000109878 -0.00038488
1 18.48 32.9779 0.000590328 -0.000377424
1 19.6001 32.9779 -4.53713e-05 -0.000373975
1 20.7201 32.9779 0.000451447 -0.000389485
1 21.8401 32.9779 0.000579232 -0.000375863
1 22.9602 32.9779 -0.000751562 -0.000379387
1 24.0801 32.9779 -0.000495902 -0.000384461
1 25.2 32.9779 -8.5065e-05 -0.000373376
1 26.32 32.9779 -0.000210182 -0.000379695
1 27.44 32.9779 0.000296378 -0.000380135
1 28.56 32.9779 0.000387713 -0.000377954
1 29.68 32.9779 -0.00013067 -0.000383696
1 30.7998 32.9779 -0.000523825 -0.000380986
1 31.9194 32.9779 -0.00538982 -0.000376552
1 33.0381 32.9779 -0.0203097 -0.000375066
1 34.154 32.9779 -0.0522903 -0.000357164
1 35.2655 32.9779 -0.0853263 -0.000325166
1 36.3745 32.9779 -0.0934087 -0.000313632
1 37.4832 32.9779 -0.0941572 -0.000327421
1 38.5917 32.9779 -0.0959572 -0.000341981
1 39.7007 32.9779 -0.0933872 -0.00037161
1 40.8093 32.9779 -0.0975393 -6.46035e-05
1 41.9182 32.978 -0.0858739 -0.000188811
1 43.0278 32.978 -0.091825 -0.000733762
1 44.1428 32.9779 -0.0914084 -0.000643195
1 0.0972772 33.948 0.0918979 -0.000969838
1 1.21231 33.948 0.0914804 -0.000673193
1 2.32181 33.9479 0.0858015 -0.000637138
1 3.43073 33.9479 0.0976288 -0.000788099
1 4.53934 33.9479 0.0930132 -0.000701872
1 5.64827 33.9479 0.0959018 -0.000838895
1 6.75672 33.9479 0.0945217 -0.000875235
1 7.8655 33.9479 0.0932456 -0.000901787
1 8.97443 33.9479 0.0857579 -0.000940978
1 10.0859 33.9479 0.0515853 -0.000948929
1 11.2016 33.9479 0.0198753 -0.000930244
1 12.3203 33.9479 0.0055315 -0.000941111
1 13.44 33.9479 0.000498333 -0.000937968
1 14.56 33.9479 0.000269887 -0.000928495
1 15.68 33.9479 0.000381352 -0.000936107
1 16.8 33.9479 -0.000387808 -0.000932554
1 17.92 33.9479 0.000109366 -0.000933972
1 19.04 33.9479 -9.94809e-07 -0.000936167
1 20.1601 33.9479 0.000372282 -0.000933267
1 21.2802 33.9479 0.000406295 -0.000934292
1 22.4002 33.9479 0.000157834 -0.00093842
1 23.5201 33.9479 -0.00047241 -0.000934986
1 24.64 33.9479 -7.00757e-06 -0.000931854
1 25.76 33.9479 -0.000401992 -0.000933254
1 26.88 33.9479 -0.000300225 -0.0009314
1 28 33.9479 0.000204578 -0.000933242
1 29.12 33.9479 3.9746e-05 -0.000938699
1 30.2399 33.9479 0.000108996 -0.00092973
1 31.3597 33.9479 -0.0016266 -0.000939158
1 32.479 33.9479 -0.0112371 -0.000941945
1 33.5965 33.9479 -0.0343047 -0.000929741
1 34.7102 33.9479 -0.0703611 -0.000941683
1 35.8201 33.9479 -0.0923915 -0.000921852
1 36.929 33.9479 -0.0947471 -0.000886425
1 38.0372 33.9479 -0.101548 -0.000887466
1 39.1455 33.9479 -0.0890485 -0.000927211
1 40.2555 33.9479 -0.081679 -0.000858431
1 41.3648 33.9479 -0.0920973 -0.000626427
1 42.4742 33.948 -0.0907793 -0.000530868
1 43.5864 33.948 -0.0925266 -0.000672069
1 0.653721 34.9179 0.0923765 -0.00178124
1 1.7658 34.9179 0.0904927 -0.00222195
1 2.87521 34.9178 0.0916768 -0.00237537
1 3.98454 34.9178 0.0815127 -0.00264019
1 5.09449 34.9178 0.0891661 -0.00282903
1 6.20275 34.9178 0.101642 -0.00291839
1 7.31103 34.9178 0.0942278 -0.00285905
1 8.4198 34.9178 0.0918428 -0.00276694
1 9.52959 34.9178 0.0702983 -0.00264957
1 10.6433 34.9178 0.0339058 -0.00255342
1 11.7607 34.9178 0.0106511 -0.00250749
1 12.8802 34.9178 0.00254888 -0.00249378
1 14 34.9178 0.000323767 -0.00249319
1 15.12 34.9178 0.000436765 -0.0024942
1 16.24 34.9178 -0.000358793 -0.00249555
1 17.36 34.9178 -0.000102291 -0.00249696
1 18.48 34.9178 0.000589295 -0.00249497
1 19.6001 34.9178 -4.14931e-05 -0.00249386
1 20.7201 34.9178 0.000449681 -0.0024944
1 21.8401 34.9178 0.000572607 -0.0024941
1 22.9602 34.9178 -0.000751578 -0.00249618
1 24.0801 34.9178 -0.000504049 -0.00249954
1 25.2 34.9178 -8.76771e-05 -0.00249908
1 26.32 34.9178 -0.000199849 -0.00249824
1 27.44 34.9178 0.000302339 -0.00249805
1 28.56 34.9178 0.000392181 -0.00249625
1 29.68 34.9178 -0.000126837 -0.00249628
1 30.7998 34.9178 -0.000526764 -0.00249614
1 31.9194 34.9178 -0.00540064 -0.00249953
1 33.0381 34.9178 -0.0203144 -0.00252392
1 34.154 34.9178 -0.0522886 -0.00259326
1 35.2655 34.9178 -0.0853119 -0.00270741
1 36.3745 34.9178 -0.0933932 -0.00281336
1 37.4833 34.9178 -0.0941641 -0.00287221
1 38.5917 34.9178 -0.096014 -0.00286025
1 39.7007 34.9178 -0.0933685 -0.00287014
1 40.8093 34.9178 -0.0974341 -0.00263591
1 41.9183 34.9179 -0.0859285 -0.0024416
1 43.0278 34.9179 -0.0920491 -0.00185158
1 44.1429 34.9179 -0.0916142 -0.00133442
1 0.0970732 35.8877 0.0896998 -0.00380456
1 1.21216 35.8876 0.0897928 -0.00596932
1 2.3217 35.8875 0.0846001 -0.00815571
1 3.43066 35.8873 0.0969115 -0.00964861
1 4.5393 35.8873 0.092625 -0.0102943
1 5.64826 35.8873 0.0958179 -0.0107026
1 6.75672 35.8873 0.0946335 -0.0106051
1 7.86551 35.8873 0.0934206 -0.0103109
1 8.97444 35.8873 0.0859448 -0.0098695
1 10.0859 35.8874 0.051712 -0.00942393
1 11.2017 35.8874 0.0199275 -0.00917493
1 12.3203 35.8874 0.00554452 -0.00906521
1 13.44 35.8874 0.000494316 -0.00905189
1 14.56 35.8874 0.000264009 -0.00906812
1 15.68 35.8874 0.00037604 -0.00905947
1 16.8 35.8874 -0.00039288 -0.0090664
1 17.92 35.8874 0.000113163 -0.00906331
1 19.04 35.8874 5.64033e-06 -0.0090523
1 20.1601 35.8874 0.000374982 -0.0090511
1 21.2802 35.8874 0.000403947 -0.00904979
1 22.4002 35.8874 0.00015012 -0.00905116
1 23.5201 35.8874 -0.000478404 -0.00906764
1 24.64 35.8874 -4.71093e-06 -0.00907721
1 25.76 35.8874 -0.000399822 -0.00907372
1 26.88 35.8874 -0.000298237 -0.00907835
1 28 35.8874 0.000209926 -0.00907127
1 29.12 35.8874 4.47097e-05 -0.00906306
1 30.2399 35.8874 0.000114961 -0.00907255
1 31.3597 35.8874 -0.00162475 -0.00906033
1 32.479 35.8874 -0.0112623 -0.00909711
1 33.5965 35.8874 -0.0343893 -0.00927756
1 34.7102 35.8873 -0.0705289 -0.00963065
1 35.8201 35.8873 -0.0925918 -0.0101056
1 36.929 35.8873 -0.0948878 -0.0104937
1 38.0372 35.8873 -0.101527 -0.0106885
1 39.1455 35.8873 -0.0888065 -0.0106049
1 40.2555 35.8873 -0.081269 -0.0101303
1 41.3649 35.8874 -0.0913847 -0.00933045
1 42.4744 35.8875 -0.0895748 -0.00738949
1 43.5865 35.8877 -0.0905981 -0.00506902
1 0.653277 36.8568 0.0873721 -0.013929
1 1.76543 36.8562 0.0868562 -0.0192279
1 2.87494 36.8557 0.0891247 -0.0233002
1 3.98438 36.8555 0.0797243 -0.0266555
1 5.09443 36.8553 0.0881874 -0.0286154
1 6.20275 36.8553 0.10149 -0.0294307
1 7.31106 36.8554 0.0945028 -0.0294252
1 8.41985 36.8554 0.0922985 -0.0290197
1 9.52962 36.8555 0.0707357 -0.02823
1 10.6433 36.8556 0.0341403 -0.0275017
1 11.7608 36.8556 0.0107213 -0.0271472
1 12.8802 36.8556 0.00254494 -0.0270444
1 14 36.8556 0.000311925 -0.027034
1 15.12 36.8556 0.000446861 -0.0270306
1 16.24 36.8556 -0.000356889 -0.0270347
1 17.36 36.8556 -0.000107269 -0.0270371
1 18.48 36.8556 0.000596092 -0.0270327
1 19.6001 36.8556 -4.56706e-05 -0.0270274
1 20.7201 36.8556 0.000451949 -0.0270157
1 21.8401 36.8556 0.000577585 -0.0270275
1 22.9602 36.8556 -0.000764238 -0.0270398
1 24.0801 36.8556 -0.00050681 -0.0270562
1 25.2 36.8556 -9.03422e-05 -0.0270637
1 26.32 36.8556 -0.000210975 -0.0270595
1 27.44 36.8556 0.00030749 -0.027061
1 28.56 36.8556 0.000393512 -0.0270502
1 29.68 36.8556 -0.000129547 -0.0270462
1 30.7998 36.8556 -0.000513924 -0.0270475
1 31.9194 36.8556 -0.00541486 -0.0270791
1 33.0381 36.8556 -0.0204501 -0.0272745
1 34.154 36.8556 -0.0526391 -0.027821
1 35.2655 36.8555 -0.0858097 -0.0286709
1 36.3744 36.8554 -0.0937933 -0.0293467
1 37.4832 36.8553 -0.0943103 -0.0296458
1 38.5917 36.8553 -0.0956388 -0.0293825
1 39.7008 36.8554 -0.0921873 -0.0281863
1 40.8095 36.8555 -0.0950173 -0.0258352
1 41.9186 36.8559 -0.0819339 -0.022374
1 43.0283 36.8564 -0.0864413 -0.0176069
1 44.1436 36.8571 -0.0835828 -0.0127116
1 0.0951669 37.8249 0.0729691 -0.0299308
1 1.21092 37.8237 0.079724 -0.0359603
1 2.32079 37.8225 0.0769383 -0.0434073
1 3.43008 37.8217 0.0911145 -0.0496797
1 4.539 37.8211 0.0889931 -0.054226
1 5.64815 37.8209 0.0939429 -0.0577914
1 6.75672 37.8208 0.0939462 -0.0595733
1 7.86557 37.8209 0.0934886 -0.0601194
1 8.97452 37.821 0.0864932 -0.0596236
1 10.0859 37.8212 0.0522428 -0.0585057
1 11.2017 37.8213 0.0201768 -0.0576877
1 12.3203 37.8213 0.00561962 -0.0573515
1 13.44 37.8213 0.000508502 -0.0572653
1 14.56 37.8213 0.000252576 -0.0572679
1 15.68 37.8213 0.000354728 -0.0572469
1 16.8 37.8213 -0.000408937 -0.0572496
1 17.92 37.8213 0.000118495 -0.0572558
1 19.04 37.8213 1.59363e-06 -0.0572463
1 20.1601 37.8213 0.000377038 -0.0572494
1 21.2801 37.8213 0.00040149 -0.0572525
1 22.4002 37.8213 0.000147462 -0.0572613
1 23.5201 37.8213 -0.000494069 -0.0572882
1 24.64 37.8213 -9.92727e-10 -0.0572947
1 25.76 37.8213 -0.000394066 -0.0572849
1 26.88 37.8213 -0.000303887 -0.0572942
1 28 37.8213 0.000216558 -0.0572805
1 29.12 37.8213 6.95989e-05 -0.0572825
1 30.2399 37.8213 0.000135573 -0.0572984
1 31.3597 37.8213 -0.00164723 -0.0573016
1 32.479 37.8213 -0.0114021 -0.0574623
1 33.5965 37.8212 -0.0347902 -0.0580237
1 34.7102 37.8211 -0.071184 -0.0591106
1 35.82 37.821 -0.0930842 -0.0601194
1 36.9289 37.8208 -0.0948218 -0.0602445
1 38.0373 37.8208 -0.100349 -0.0594221
1 39.1457 37.8209 -0.0859926 -0.0572294
1 40.2559 37.8212 -0.0769772 -0.0533868
1 41.3655 37.8219 -0.0850839 -0.047983
1 42.4754 37.8229 -0.0811265 -0.0408254
1 43.5878 37.8243 -0.0807911 -0.0327559
1 0.650745 38.7898 0.0743141 -0.0539173
1 1.76337 38.7878 0.0753808 -0.0575247
1 2.87339 38.786 0.0792046 -0.0630845
1 3.98329 38.7847 0.0712331 -0.0692199
1 5.09379 38.7838 0.0813214 -0.0753229
1 6.20248 38.7834 0.0970431 -0.0802593
1 7.31102 38.7832 0.0922896 -0.0836595
1 8.41992 38.7833 0.0916697 -0.0855104
1 9.5297 38.7834 0.0710516 -0.0855924
1 10.6433 38.7836 0.0345569 -0.0848838
1 11.7608 38.7836 0.0109163 -0.0843963
1 12.8802 38.7836 0.00263156 -0.0842056
1 14 38.7836 0.000339616 -0.0841382
1 15.12 38.7836 0.000494693 -0.0841046
1 16.24 38.7836 -0.000315764 -0.0840882
1 17.36 38.7836 -0.000112946 -0.0841079
1 18.48 38.7836 0.000565077 -0.0840913
1 19.6001 38.7836 -7.06185e-05 -0.0841271
1 20.7201 38.7836 0.000443354 -0.0841654
1 21.8401 38.7836 0.000580349 -0.0841537
1 22.9602 38.7836 -0.000759673 -0.0841426
1 24.0801 38.7836 -0.000516418 -0.0841699
1 25.2 38.7836 -0.000111246 -0.0841342
1 26.32 38.7836 -0.000214366 -0.0841132
1 27.44 38.7836 0.000319523 -0.0841191
1 28.56 38.7836 0.000361908 -0.08412
1 29.68 38.7836 -0.00016885 -0.0841548
1 30.7998 38.7836 -0.000542218 -0.0841903
1 31.9194 38.7836 -0.00553965 -0.084281
1 33.0381 38.7836 -0.0207669 -0.0845916
1 34.1539 38.7835 -0.053167 -0.085287
1 35.2654 38.7833 -0.0858882 -0.0859109
1 36.3744 38.7832 -0.0926146 -0.0852325
1 37.4833 38.7832 -0.0915454 -0.0828856
1 38.5921 38.7834 -0.0909476 -0.0790173
1 39.7015 38.784 -0.085149 -0.0736594
1 40.8107 38.785 -0.0853384 -0.0678252
1 41.9205 38.7864 -0.0701875 -0.0621012
1 43.031 38.7883 -0.0707655 -0.0572408
1 44.1481 38.7898 -0.0548954 -0.0584025
1 0.0876304 39.7526 0.0436961 -0.0827626
1 1.20657 39.7518 0.0634551 -0.0684444
1 2.31764 39.7498 0.0642499 -0.0664641
1 3.42769 39.7479 0.0791509 -0.0693817
1 4.53727 39.7463 0.0784302 -0.0738516
1 5.64701 39.7451 0.0849002 -0.079563
1 6.75611 39.7443 0.0870586 -0.0853767
1 7.86536 39.744 0.0891593 -0.0901656
1 8.97452 39.7439 0.0848148 -0.0928844
1 10.086 39.744 0.0521771 -0.093548
1 11.2017 39.7441 0.0204031 -0.0933448
1 12.3203 39.7441 0.00577119 -0.0931525
1 13.4401 39.7441 0.000608096 -0.0930287
1 14.56 39.7441 0.000304619 -0.0929895
1 15.68 39.7441 0.000318813 -0.0929574
1 16.8 39.7441 -0.000476455 -0.0929276
1 17.92 39.7441 8.13688e-05 -0.0929393
1 19.04 39.7441 -7.19723e-05 -0.092981
1 20.1601 39.7441 0.00033365 -0.0930107
1 21.2801 39.7441 0.000396179 -0.0930348
1 22.4002 39.7441 0.000181723 -0.093047
1 23.5201 39.7441 -0.000470919 -0.0930167
1 24.64 39.7441 8.17577e-05 -0.0929778
1 25.76 39.7441 -0.000312204 -0.0929346
1 26.88 39.7441 -0.000295841 -0.0929221
1 28 39.7441 0.000229121 -0.0929289
1 29.12 39.7441 6.03764e-05 -0.0929948
1 30.2399 39.7441 7.94827e-05 -0.093046
1 31.3597 39.7441 -0.00174797 -0.0930957
1 32.479 39.7441 -0.0115958 -0.093254
1 33.5965 39.7441 -0.0350287 -0.0935187
1 34.7101 39.744 -0.0707273 -0.0935972
1 35.8201 39.7439 -0.0905908 -0.0922238
1 36.9292 39.744 -0.0897919 -0.0886531
1 38.038 39.7444 -0.0925067 -0.083676
1 39.147 39.7453 -0.0759635 -0.077995
1 40.2579 39.7466 -0.0665294 -0.0718481
1 41.3681 39.7484 -0.0751498 -0.0672889
1 42.4785 39.7504 -0.071834 -0.0670299
1 43.5916 39.7522 -0.0702999 -0.0751446
1 0.645968 40.7137 0.0657284 -0.0916384
1 1.75924 40.7131 0.0680246 -0.0753291
1 2.86967 40.7112 0.071384 -0.0708046
1 3.98008 40.7091 0.0618097 -0.0725242
1 5.09123 40.7072 0.0699207 -0.0766992
1 6.20073 40.7057 0.0857394 -0.0818325
1 7.31002 40.7047 0.0833602 -0.0876723
1 8.41951 40.7042 0.0860617 -0.0928812
1 9.52962 40.704 0.0688616 -0.0959143
1 10.6433 40.704 0.0342273 -0.0968493
1 11.7608 40.704 0.0110449 -0.0969148
1 12.8802 40.704 0.0027776 -0.0968479
1 14 40.7041 0.000430739 -0.0967969
1 15.12 40.7041 0.000630952 -0.0967655
1 16.24 40.7041 -0.000201127 -0.0967361
1 17.36 40.7041 -9.05366e-05 -0.0967198
1 18.48 40.7041 0.000522269 -0.0967036
1 19.6001 40.7041 -0.000116636 -0.0967528
1 20.7201 40.7041 0.000402766 -0.0968061
1 21.8401 40.704 0.000555786 -0.0968129
1 22.9602 40.704 -0.000747732 -0.0967882
1 24.0801 40.704 -0.000503424 -0.0967722
1 25.2 40.7041 -0.000118094 -0.0967169
1 26.32 40.7041 -0.000232252 -0.0966715
1 27.44 40.7041 0.000284896 -0.0966862
1 28.56 40.7041 0.000223424 -0.0967176
1 29.68 40.7041 -0.000333533 -0.0967937
1 30.7998 40.704 -0.000648307 -0.0968563
1 31.9194 40.704 -0.00568939 -0.0969223
1 33.0381 40.704 -0.0208419 -0.0969796
1 34.1539 40.704 -0.0523566 -0.0967282
1 35.2655 40.704 -0.0823944 -0.0950852
1 36.375 40.7043 -0.0856321 -0.0910491
1 37.4846 40.705 -0.0820433 -0.0853166
1 38.594 40.7061 -0.0803418 -0.079769
1 39.7041 40.7077 -0.0743614 -0.0749684
1 40.8141 40.7096 -0.0755073 -0.0723926
1 41.9246 40.7115 -0.0611873 -0.0725914
1 43.0366 40.7128 -0.0608846 -0.0813574
1 44.1579 40.7118 -0.0450123 -0.100048
1 0.0778087 41.6713 0.0525643 -0.10454
1 1.19992 41.6744 0.0581405 -0.0863024
1 2.31252 41.674 0.0588214 -0.0731692
1 3.42332 41.6721 0.0720451 -0.068901
1 4.53344 41.6699 0.0701872 -0.0704236
1 5.64386 41.6678 0.0750994 -0.0737702
1 6.75385 41.6661 0.076222 -0.0787582
1 7.86406 41.6648 0.0794921 -0.0847825
1 8.974 41.6641 0.07869 -0.0901741
1 10.0859 41.6639 0.0500096 -0.0935272
1 11.2017 41.6638 0.0200376 -0.0947476
1 12.3203 41.6638 0.00577458 -0.0949277
1 13.4401 41.6638 0.000626808 -0.0949134
1 14.56 41.6638 0.000275572 -0.0949079
1 15.68 41.6639 0.000277317 -0.0949164
1 16.8 41.6639 -0.000539467 -0.0948728
1 17.92 41.6638 3.2437e-05 -0.0948569
1 19.04 41.6638 -0.000174915 -0.0948899
1 20.1601 41.6638 0.000244839 -0.0949297
1 21.2801 41.6638 0.000387954 -0.0949673
1 22.4002 41.6638 0.000242391 -0.0949745
1 23.5201 41.6638 -0.000380279 -0.0949101
1 24.64 41.6638 0.000236317 -0.0948421
1 25.76 41.6638 -0.000195112 -0.0947835
1 26.88 41.6639 -0.000284954 -0.0947946
1 28 41.6639 0.000217888 -0.094833
1 29.12 41.6638 1.5131e-05 -0.0949093
1 30.2399 41.6638 6.41799e-05 -0.0949394
1 31.3597 41.6638 -0.00176567 -0.0949684
1 32.479 41.6638 -0.0115055 -0.0949415
1 33.5965 41.6638 -0.0341595 -0.0944913
1 34.7103 41.6639 -0.0671059 -0.092454
1 35.8208 41.6643 -0.0828119 -0.0879651
1 36.9308 41.6652 -0.0795016 -0.0820262
1 38.0405 41.6667 -0.0817703 -0.076616
1 39.1503 41.6684 -0.0666601 -0.0727175
1 40.2617 41.6705 -0.0597401 -0.0681526
1 41.3722 41.6726 -0.0714604 -0.0698289
1 42.4829 41.6737 -0.0668105 -0.0796714
1 43.597 41.6724 -0.0615788 -0.100191
1 0.639019 42.633 0.0587501 -0.0956451
1 1.75387 42.6362 0.064728 -0.0786862
1 2.86488 42.6362 0.0693206 -0.0614138
1 3.9754 42.634 0.0584512 -0.0594326
1 5.08692 42.6313 0.063509 -0.0624026
1 6.19718 42.6289 0.0765718 -0.0665194
1 7.3075 42.6269 0.0727805 -0.0715108
1 8.4181 42.6255 0.0762737 -0.0770344
1 9.52908 42.6247 0.0630097 -0.0823904
1 10.6432 42.6244 0.0322965 -0.0854298
1 11.7608 42.6244 0.010644 -0.086443
1 12.8802 42.6244 0.00268804 -0.0866938
1 14.0001 42.6244 0.000368157 -0.0866322
1 15.12 42.6244 0.000670848 -0.0866661
1 16.24 42.6244 -0.000172536 -0.0866581
1 17.36 42.6244 -9.87636e-05 -0.0866047
1 18.48 42.6244 0.000422099 -0.08661
1 19.6001 42.6244 -0.000232718 -0.0866656
1 20.7201 42.6244 0.000344907 -0.0867354
1 21.8401 42.6244 0.000596989 -0.0867296
1 22.9602 42.6244 -0.000624342 -0.0866704
1 24.0801 42.6244 -0.000377182 -0.086577
1 25.2 42.6244 -8.62894e-06 -0.0865564
1 26.32 42.6244 -0.000241219 -0.0865147
1 27.44 42.6244 0.000234566 -0.086562
1 28.56 42.6244 0.000134802 -0.0866141
1 29.68 42.6244 -0.000432246 -0.0866701
1 30.7998 42.6244 -0.000621279 -0.0866681
1 31.9194 42.6244 -0.0055291 -0.0867113
1 33.0381 42.6244 -0.0199825 -0.0862218
1 34.1541 42.6245 -0.0489472 -0.0844013
1 35.2664 42.625 -0.0743696 -0.0800903
1 36.3768 42.626 -0.0749893 -0.0742149
1 37.4875 42.6277 -0.0724525 -0.0689302
1 38.5977 42.6298 -0.0730427 -0.0645317
1 39.7083 42.6322 -0.0689283 -0.0606062
1 40.8185 42.6347 -0.0723301 -0.0590602
1 41.9292 42.6358 -0.0611184 -0.0671926
1 43.0421 42.6343 -0.0648971 -0.0844381
1 44.164 42.6301 -0.0714896 -0.096874
1 0.0741047 43.5914 0.08122 -0.0857085
1 1.19531 43.5957 0.0674909 -0.095594
1 2.30823 43.5989 0.0651706 -0.0811382
1 3.41885 43.5984 0.0776358 -0.0670179
1 4.52868 43.5956 0.0707448 -0.0639776
1 5.63938 43.5922 0.0705604 -0.0687119
1 6.75019 43.5893 0.0683167 -0.0749746
1 7.86152 43.5873 0.0693881 -0.0804924
1 8.97267 43.5859 0.0691467 -0.0860679
1 10.0854 43.5852 0.0448885 -0.0910007
1 11.2016 43.5849 0.0184564 -0.0935702
1 12.3203 43.5849 0.00542961 -0.0942769
1 13.4401 43.5849 0.000532986 -0.0944606
1 14.56 43.585 0.000140515 -0.0943849
1 15.68 43.585 0.000103743 -0.094378
1 16.8 43.585 -0.000679484 -0.0944848
1 17.9199 43.585 5.02338e-07 -0.0944676
1 19.0399 43.5849 -0.00013061 -0.094418
1 20.1601 43.5849 0.000213474 -0.0944608
1 21.2801 43.5849 0.00032358 -0.0944942
1 22.4002 43.5849 0.000202192 -0.0944796
1 23.5202 43.5849 -0.000238051 -0.0944716
1 24.6401 43.585 0.000511372 -0.0943919
1 25.76 43.585 -8.8403e-06 -0.094248
1 26.88 43.585 -0.000248887 -0.0943048
1 28 43.585 0.000229942 -0.0943955
1 29.12 43.585 4.03847e-05 -0.0943692
1 30.2399 43.5849 0.000115017 -0.0944196
1 31.3597 43.5849 -0.00164478 -0.0944896
1 32.479 43.5849 -0.0107873 -0.0941314
1 33.5967 43.585 -0.0312295 -0.092734
1 34.7111 43.5854 -0.0596072 -0.0887711
1 35.8227 43.5864 -0.0722947 -0.0830065
1 36.9338 43.5882 -0.0706619 -0.0778222
1 38.0444 43.5906 -0.0750534 -0.0723127
1 39.1548 43.5936 -0.0616295 -0.06629
1 40.2663 43.5967 -0.0577485 -0.0617059
1 41.3768 43.5987 -0.0696371 -0.072348
1 42.488 43.5969 -0.0625889 -0.0896018
1 43.6029 43.5924 -0.0608731 -0.0911682
1 0.635072 44.5539 0.0726428 -0.0853497
1 1.74991 44.5584 0.070164 -0.0880447
1 2.86148 44.5617 0.0731528 -0.071554
1 3.97189 44.5606 0.0667572 -0.0565494
1 5.08289 44.5563 0.0698482 -0.054239
1 6.19318 44.552 0.0761165 -0.0627571
1 7.30417 44.5489 0.0674188 -0.0719891
1 8.41582 44.5468 0.0669831 -0.0781445
1 9.52796 44.5456 0.0545056 -0.0843128
1 10.6428 44.545 0.028338 -0.0888204
1 11.7607 44.5448 0.00937001 -0.0907994
1 12.8802 44.5448 0.00250913 -0.091411
1 14.0001 44.5449 0.000360269 -0.0913881
1 15.12 44.5449 0.000431047 -0.091478
1 16.24 44.5449 -0.000127812 -0.0914675
1 17.3599 44.5449 0.000173335 -0.0914684
1 18.4799 44.5449 0.000621646 -0.0915334
1 19.6001 44.5448 -7.81199e-06 -0.0914412
1 20.7201 44.5448 0.000304622 -0.091449
1 21.8401 44.5448 0.000356515 -0.0914924
1 22.9602 44.5448 -0.000720113 -0.0915834
1 24.0801 44.5448 -0.000486416 -0.0914407
1 25.2001 44.5449 3.40668e-05 -0.0913657
1 26.3201 44.5449 -0.000101859 -0.0912963
1 27.44 44.5449 0.000142269 -0.0912245
1 28.56 44.5449 3.77184e-05 -0.0913222
1 29.68 44.5449 -0.000354918 -0.0914815
1 30.7998 44.5448 -0.000691137 -0.0914459
1 31.9194 44.5448 -0.00512946 -0.0913421
1 33.0383 44.5448 -0.0176363 -0.0901662
1 34.1548 44.5452 -0.0426539 -0.0868285
1 35.2681 44.5461 -0.0644055 -0.0810097
1 36.3797 44.5478 -0.0673964 -0.0749714
1 37.4911 44.5503 -0.0690252 -0.06807
1 38.6019 44.554 -0.0714353 -0.0578132
1 39.7127 44.5583 -0.0726881 -0.0545608
1 40.8226 44.5612 -0.0790427 -0.0625569
1 41.9333 44.5602 -0.0641718 -0.0820637
1 43.0459 44.5551 -0.0671783 -0.0893154
1 44.1661 44.5515 -0.070436 -0.078343
1 0.0728807 45.5136 0.0632538 -0.0863279
1 1.1933 45.5176 0.065636 -0.0838936
1 2.30545 45.5237 0.0645383 -0.0795018
1 3.41653 45.5257 0.0770378 -0.0667879
1 4.52692 45.5229 0.0774321 -0.0512195
1 5.63735 45.5173 0.0815452 -0.0498746
1 6.74769 45.5124 0.0754016 -0.0607718
1 7.85902 45.5091 0.0686193 -0.0715994
1 8.97089 45.507 0.0620156 -0.0794795
1 10.0846 45.5059 0.038565 -0.085624
1 11.2013 45.5055 0.0156121 -0.0890248
1 12.3202 45.5054 0.00444175 -0.0904846
1 13.4401 45.5055 0.000341633 -0.090878
1 14.56 45.5056 6.10987e-05 -0.0908824
1 15.68 45.5056 0.000130554 -0.0910414
1 16.8 45.5056 -0.000246109 -0.0909888
1 17.9199 45.5055 0.000397372 -0.0907665
1 19.0399 45.5054 5.75344e-05 -0.090798
1 20.1601 45.5054 0.000115562 -0.0908227
1 21.2801 45.5054 0.000441943 -0.0908577
1 22.4002 45.5054 0.000142118 -0.0908798
1 23.5202 45.5055 -0.00047366 -0.090834
1 24.6401 45.5055 0.000116382 -0.0909144
1 25.7601 45.5056 -0.000211115 -0.0908254
1 26.88 45.5056 -0.000320046 -0.0905374
1 28 45.5056 0.000159491 -0.0906457
1 29.12 45.5055 9.59312e-05 -0.0908299
1 30.2399 45.5055 9.30393e-05 -0.0908862
1 31.3597 45.5054 -0.00141879 -0.0909102
1 32.4792 45.5054 -0.00912276 -0.0901439
1 33.5972 45.5056 -0.0265289 -0.0875867
1 34.7124 45.5063 -0.0517627 -0.0825387
1 35.825 45.5079 -0.0674709 -0.0755897
1 36.9365 45.5106 -0.0732124 -0.066883
1 38.0471 45.5147 -0.0812359 -0.0542461
1 39.1575 45.5201 -0.0713801 -0.0483304
1 40.2691 45.5242 -0.0691204 -0.0592242
1 41.3802 45.5246 -0.0725808 -0.076865
1 42.4924 45.5204 -0.067951 -0.0847808
1 43.6062 45.5141 -0.0760119 -0.074283
1 0.632244 46.4756 0.0705307 -0.0757502
1 1.74525 46.4835 0.0656227 -0.0909795
1 2.85811 46.4891 0.0680176 -0.0866751
1 3.9708 46.4892 0.0632205 -0.0574901
1 5.08343 46.4839 0.0749316 -0.0479365
1 6.19395 46.4778 0.0880335 -0.052125
1 7.30401 46.4729 0.081332 -0.0615115
1 8.41477 46.4693 0.0726449 -0.0722925
1 9.527 46.4673 0.0516819 -0.0822922
1 10.6424 46.4663 0.0245982 -0.0894719
1 11.7605 46.4661 0.0077206 -0.0924599
1 12.8801 46.4661 0.00183449 -0.09305
1 14 46.4661 9.93267e-05 -0.0936638
1 15.1199 46.4662 0.000254018 -0.0940652
1 16.24 46.4662 -9.51641e-05 -0.0937475
1 17.36 46.4662 2.94198e-05 -0.0935399
1 18.48 46.4661 0.000570484 -0.0936226
1 19.6001 46.466 0.000144381 -0.093478
1 20.7201 46.466 0.000380535 -0.0934779
1 21.8401 46.466 0.000384182 -0.0935646
1 22.9602 46.466 -0.000536064 -0.0937206
1 24.0801 46.4661 -0.000442085 -0.0935015
1 25.2001 46.4662 -0.000343258 -0.0934347
1 26.3201 46.4662 -0.000310634 -0.0935824
1 27.44 46.4663 0.000290699 -0.0933273
1 28.56 46.4662 0.000315892 -0.0934279
1 29.68 46.4661 7.21639e-05 -0.0938063
1 30.7998 46.4661 -0.000312984 -0.0935921
1 31.9195 46.466 -0.00416349 -0.0928763
1 33.0386 46.4661 -0.0150297 -0.0914296
1 34.1555 46.4667 -0.038249 -0.086513
1 35.2693 46.4681 -0.0648753 -0.0772465
1 36.3805 46.471 -0.07861 -0.0662893
1 37.4909 46.4753 -0.0820393 -0.0552943
1 38.6015 46.481 -0.0772958 -0.0497513
1 39.7134 46.4863 -0.0733726 -0.0579603
1 40.8253 46.4884 -0.0734225 -0.0723216
1 41.9384 46.4855 -0.0562577 -0.0856052
1 43.0524 46.4803 -0.0628893 -0.0829995
1 44.1714 46.4723 -0.0626484 -0.0758687
1 0.0592412 47.4302 0.0675205 -0.073493
1 1.18039 47.4475 0.0611077 -0.0771744
1 2.29719 47.4535 0.0611141 -0.0917417
1 3.41287 47.4578 0.0608468 -0.0740982
1 4.52841 47.4549 0.0641463 -0.0492835
1 5.64119 47.4487 0.082182 -0.0464446
1 6.75175 47.4432 0.0859117 -0.0529881
1 7.86172 47.4386 0.0866488 -0.0573843
1 8.97179 47.4349 0.0746208 -0.0669043
1 10.0846 47.4325 0.0417017 -0.0790819
1 11.2012 47.4317 0.0152987 -0.0869402
1 12.3201 47.4315 0.00407638 -0.089929
1 13.4399 47.4315 0.000462097 -0.0909415
1 14.5599 47.4316 0.000215014 -0.0910221
1 15.6799 47.4316 0.00025459 -0.0914257
1 16.8 47.4316 -0.000318016 -0.0912312
1 17.92 47.4316 6.71728e-05 -0.0909305
1 19.04 47.4315 0.000276813 -0.0910109
1 20.1601 47.4314 0.00037019 -0.090768
1 21.2801 47.4314 0.000457968 -0.090794
1 22.4002 47.4314 -1.55264e-05 -0.0910221
1 23.5201 47.4315 -0.00042584 -0.0908328
1 24.64 47.4316 -0.000288273 -0.0909447
1 25.76 47.4316 -0.00053746 -0.0910028
1 26.88 47.4317 -9.12906e-05 -0.0907862
1 28 47.4317 0.000291219 -0.090997
1 29.1201 47.4316 0.000260764 -0.0911013
1 30.24 47.4315 0.000216464 -0.0907414
1 31.3598 47.4315 -0.00133212 -0.0906168
1 32.4793 47.4315 -0.00876468 -0.088947
1 33.5973 47.432 -0.027334 -0.0838419
1 34.7121 47.4335 -0.0591777 -0.0730743
1 35.8233 47.4366 -0.0839907 -0.060951
1 36.9332 47.441 -0.0857978 -0.054124
1 38.0436 47.446 -0.0847338 -0.0503178
1 39.1552 47.4517 -0.0746522 -0.0495328
1 40.2695 47.456 -0.0598398 -0.0629975
1 41.3852 47.4549 -0.0631019 -0.0840464
1 42.5004 47.4495 -0.0700434 -0.0817204
1 43.6174 47.4444 -0.068985 -0.0745283
