1 0.536189 0.0672122 -0.0323956 -0.0624947
1 1.65391 0.0599096 -0.0245088 -0.0558156
1 2.77093 0.0552714 -0.0233801 -0.0625643
1 3.88665 0.0531205 -0.0116242 -0.0525291
1 5.0026 0.0513983 -0.010498 -0.0417972
1 6.12087 0.0530732 -0.0199639 -0.0186712
1 7.24026 0.0565047 -0.0235938 -0.0104737
1 8.35928 0.0643132 -0.0100908 -0.0282754
1 9.47844 0.0738435 0.000333394 -0.0333556
1 10.5986 0.0789145 0.0124019 -0.0228438
1 11.7229 0.0837439 0.0228067 -0.00958806
1 12.8508 0.0922649 0.0334318 0.00419606
1 13.9786 0.104938 0.0505939 -0.00809992
1 15.1056 0.121648 0.0619756 -0.0318306
1 16.2318 0.139259 0.0519735 -0.0362108
1 17.3558 0.156343 0.0329422 -0.0200381
1 18.4769 0.169313 0.0194194 -0.00364096
1 19.5962 0.174844 0.0266087 0.00252054
1 20.7167 0.177327 0.028597 0.0253472
1 21.8394 0.179995 0.00806544 0.047582
1 22.9622 0.17937 -0.0177841 0.0335489
1 24.0835 0.176389 -0.0294314 0.0112135
1 25.2029 0.173339 -0.0229191 0.00321014
1 26.3228 0.164212 -0.0243782 -0.0148752
1 27.4453 0.147825 -0.044148 -0.0343411
1 28.5702 0.130021 -0.0554172 -0.0398619
1 29.697 0.111916 -0.0552901 -0.0262104
1 30.8249 0.0968012 -0.0420625 0.00695962
1 31.9531 0.0885265 -0.0289953 0.0118912
1 33.0794 0.0825352 -0.0242282 -0.0148285
1 34.2014 0.0776191 -0.0126744 -0.0288995
1 35.321 0.0706076 0.00323191 -0.0363353
1 36.4404 0.0607088 0.0171648 -0.0280445
1 37.5595 0.0540546 0.0216479 -0.015095
1 38.678 0.0525915 0.014575 -0.0261598
1 39.7951 0.0524628 0.0217663 -0.0507495
1 40.9114 0.0549434 0.0268138 -0.0530527
1 42.0278 0.0584614 0.0311564 -0.065993
1 43.1451 0.0624385 0.0351298 -0.0656269
1 44.2661 0.0790287 0.0356902 -0.0600727
1 -0.0184994 1.03987 -0.0367407 -0.0698207
1 1.10166 1.02967 -0.0379896 -0.0621569
1 2.21591 1.02418 -0.0355432 -0.067077
1 3.33077 1.02107 -0.0399528 -0.0614581
1 4.44607 1.0186 -0.0310739 -0.0442569
1 5.5618 1.01812 -0.0308804 -0.0331258
1 6.67884 1.02094 -0.0256494 -0.0235765
1 7.79519 1.02689 -0.0125903 -0.0189742
1 8.91355 1.03474 -0.00959979 -0.03388
1 10.0343 1.04143 0.00534637 -0.0300564
1 11.1558 1.04577 0.0169305 -0.0196286
1 12.28 1.05191 0.0238788 -0.0132528
1 13.4054 1.0627 0.0495335 -0.00977127
1 14.5301 1.07727 0.0635466 -0.0229578
1 15.6555 1.09367 0.0560041 -0.0322591
1 16.7808 1.11054 0.0387948 -0.0253484
1 17.9061 1.1261 0.0143293 -0.013228
1 19.0308 1.13624 0.00844993 -0.00018105
1 20.1539 1.14038 0.0193781 0.0115621
1 21.2771 1.1426 0.00929466 0.0302756
1 22.4013 1.1434 -0.00126158 0.0398039
1 23.5249 1.14202 -0.00990877 0.0224117
1 24.6474 1.1391 -0.017172 0.00795199
1 25.7705 1.13263 -0.0146129 -0.00548701
1 26.8957 1.11907 -0.0251859 -0.0231655
1 28.0208 1.10189 -0.0483399 -0.0345522
1 29.146 1.08473 -0.0608128 -0.0349892
1 30.2713 1.06845 -0.0555061 -0.0170406
1 31.3965 1.05647 -0.0350172 3.38485e-05
1 32.5217 1.04965 -0.0183365 -0.0107589
1 33.6451 1.04466 -0.00730599 -0.0223597
1 34.7665 1.03938 0.00544378 -0.0327135
1 35.8865 1.03157 0.011678 -0.0337155
1 37.0043 1.02351 0.0174317 -0.0256311
1 38.1208 1.01934 0.0260206 -0.0245646
1 39.237 1.01878 0.022131 -0.0374533
1 40.352 1.02025 0.0253504 -0.0486667
1 41.4665 1.0234 0.0259812 -0.0614682
1 42.5806 1.02723 0.0201004 -0.0663784
1 43.6945 1.0347 0.0257705 -0.0714202
1 0.548956 1.99606 -0.0305894 -0.0687
1 1.66315 1.99007 -0.0299621 -0.0641913
1 2.77607 1.98592 -0.0347955 -0.0602503
1 3.88962 1.98316 -0.0364405 -0.0530512
1 5.00346 1.98154 -0.0278308 -0.0363915
1 6.11819 1.98273 -0.0265893 -0.0317022
1 7.23329 1.98801 -0.0172161 -0.023434
1 8.34996 1.9933 -0.0103576 -0.0141227
1 9.46924 1.999 -0.00488259 -0.0274198
1 10.5902 2.00485 0.0028551 -0.0291598
1 11.7124 2.01015 0.014785 -0.0191399
1 12.8358 2.0187 0.0275138 -0.0199575
1 13.9593 2.03163 0.0520998 -0.023293
1 15.083 2.04613 0.0626174 -0.0232176
1 16.2071 2.0611 0.0431276 -0.019935
1 17.3326 2.07576 0.0144394 -0.0122368
1 18.4605 2.08807 0.00415667 -0.000444052
1 19.5879 2.09604 0.00902333 0.0131455
1 20.7137 2.10046 0.0145694 0.0223048
1 21.8388 2.10211 0.00689901 0.0305545
1 22.9637 2.10153 -0.010882 0.0323896
1 24.0889 2.09887 -0.0156951 0.0209907
1 25.2151 2.09306 -0.0061597 0.00627023
1 26.3431 2.08278 -0.00609869 -0.00633689
1 27.4699 2.0689 -0.0294502 -0.0215222
1 28.5943 2.05329 -0.0505039 -0.0311364
1 29.7182 2.03779 -0.05847 -0.0251597
1 30.8416 2.02393 -0.0425059 -0.0172198
1 31.9652 2.01433 -0.024511 -0.0111923
1 33.0882 2.00835 -0.018956 -0.0178957
1 34.2096 2.0032 -0.00477136 -0.0297228
1 35.3302 1.99721 0.0107782 -0.0304721
1 36.4487 1.9906 0.0179241 -0.0243728
1 37.5642 1.98492 0.0229344 -0.0259554
1 38.6789 1.98229 0.0266094 -0.0282543
1 39.7932 1.98284 0.032923 -0.0396515
1 40.9068 1.98529 0.0414042 -0.0533909
1 42.0205 1.98874 0.0362531 -0.060205
1 43.1337 1.99369 0.0337471 -0.0662657
1 44.2554 1.99681 0.0262897 -0.0702043
1 -0.0136123 2.95684 -0.0196058 -0.0613677
1 1.10855 2.95501 -0.0263034 -0.0600223
1 2.22156 2.95159 -0.0328629 -0.060521
1 3.33425 2.94816 -0.0359471 -0.05718
1 4.44669 2.94649 -0.0259893 -0.0440039
1 5.55939 2.94588 -0.026641 -0.0359359
1 6.67339 2.9493 -0.0282559 -0.0277005
1 7.78936 2.95371 -0.024862 -0.0114988
1 8.90709 2.95743 -0.0122042 -0.0226884
1 10.0264 2.96303 0.00449261 -0.0331059
1 11.1471 2.96916 0.0131178 -0.0266645
1 12.2689 2.97591 0.0191813 -0.0294012
1 13.3917 2.98725 0.0336439 -0.0334394
1 14.5144 3.00084 0.0523614 -0.0302633
1 15.6369 3.01412 0.0488216 -0.0190438
1 16.761 3.02618 0.0193581 -0.00620911
1 17.8882 3.03716 -0.00445067 -0.00617469
1 19.0174 3.0467 0.0010097 0.00490116
1 20.1464 3.05418 0.0200373 0.0174751
1 21.2744 3.05868 0.0215829 0.024444
1 22.402 3.05936 -0.00357442 0.0281484
1 23.5293 3.05692 -0.0216944 0.0215614
1 24.6572 3.05122 -0.0095275 0.0129631
1 25.7866 3.04257 0.00600605 -0.000387573
1 26.9154 3.03197 -0.00506156 -0.00533838
1 28.041 3.02043 -0.0390836 -0.0151502
1 29.1638 3.00716 -0.0569913 -0.0310133
1 30.2859 2.99298 -0.0499317 -0.03014
1 31.4084 2.98086 -0.0276373 -0.0248764
1 32.5312 2.97281 -0.01128 -0.0234795
1 33.6531 2.96698 -0.00111797 -0.026575
1 34.7737 2.96143 0.00775888 -0.0294975
1 35.8926 2.95631 0.0118256 -0.0255499
1 37.009 2.95159 0.0142396 -0.0235813
1 38.1234 2.94728 0.0229634 -0.0310698
1 39.2367 2.94632 0.0322986 -0.037146
1 40.3498 2.9475 0.0384878 -0.0525874
1 41.4629 2.94987 0.0383709 -0.0553668
1 42.5756 2.95405 0.0304782 -0.0600373
1 43.6909 2.95615 0.0268159 -0.0628657
1 0.550572 3.9173 -0.0310536 -0.060557
1 1.66497 3.91605 -0.0295093 -0.0599103
1 2.77733 3.91321 -0.0365652 -0.0571993
1 3.88934 3.91104 -0.0373294 -0.0548419
1 5.00208 3.91032 -0.0328833 -0.0408255
1 6.11501 3.91159 -0.0257518 -0.0310109
1 7.22968 3.91452 -0.0164563 -0.0197075
1 8.34583 3.91789 -0.00351964 -0.018962
1 9.46316 3.92187 -0.00266558 -0.0287349
1 10.5829 3.92753 -0.00201481 -0.0346762
1 11.7045 3.9342 0.0106484 -0.0331722
1 12.8263 3.94372 0.0281067 -0.0431463
1 13.9482 3.95675 0.0426839 -0.0400152
1 15.0704 3.96947 0.0508936 -0.0236894
1 16.1933 3.97951 0.0270132 -0.00409222
1 17.3185 3.98749 -0.00413159 -0.00136192
1 18.4465 3.99592 -0.00871895 -0.00536151
1 19.5759 4.00423 0.00484245 0.00387352
1 20.7063 4.01102 0.0223081 0.0170515
1 21.8372 4.01398 0.0130311 0.0242863
1 22.9682 4.01302 -0.0180781 0.0196229
1 24.0985 4.00836 -0.0203871 0.00916745
1 25.2281 4.00055 -0.000328466 -0.00262062
1 26.3572 3.99176 0.00786502 -0.00473494
1 27.4838 3.98368 -0.013541 0.000637863
1 28.6072 3.97492 -0.0375658 -0.0153211
1 29.7298 3.9625 -0.0422076 -0.0365662
1 30.8519 3.94925 -0.032651 -0.0419761
1 31.974 3.93852 -0.0202974 -0.0347797
1 33.0956 3.93117 -0.0139341 -0.0267588
1 34.216 3.92562 -0.00484606 -0.0300226
1 35.335 3.92125 0.0107871 -0.0290135
1 36.4524 3.91713 0.0235932 -0.0241802
1 37.568 3.91281 0.0308865 -0.0299295
1 38.6816 3.91058 0.0297345 -0.0364441
1 39.7942 3.91071 0.0318528 -0.0482185
1 40.9062 3.912 0.0444188 -0.0554898
1 42.0184 3.91484 0.0437479 -0.0563318
1 43.1314 3.91727 0.0353797 -0.0585049
1 44.2511 3.91917 0.0374821 -0.0594826
1 -0.00965827 4.88038 -0.0454408 -0.0630452
1 1.10873 4.88059 -0.0412552 -0.0613266
1 2.22068 4.87853 -0.0449798 -0.0574689
1 3.33232 4.87657 -0.0443494 -0.0542578
1 4.44452 4.87534 -0.0393926 -0.0494671
1 5.5571 4.87551 -0.0347283 -0.0368529
1 6.67111 4.87683 -0.0341945 -0.0247545
1 7.78648 4.87989 -0.0229041 -0.0226497
1 8.90284 4.88339 -0.0103047 -0.0265869
1 10.0212 4.88728 0.00325002 -0.0285373
1 11.1413 4.89337 0.0105924 -0.0344602
1 12.2619 4.90191 0.0238084 -0.0433183
1 13.3835 4.91367 0.0309389 -0.0433761
1 14.5066 4.92583 0.029184 -0.0289652
1 15.6301 4.93594 0.0259432 -0.00635873
1 16.754 4.94224 0.00687722 0.010264
1 17.8788 4.94758 -0.0104884 -0.0018049
1 19.006 4.95461 -0.00453527 -0.00345
1 20.1364 4.96128 0.0147997 0.00661406
1 21.2693 4.96551 0.0192246 0.0206668
1 22.4034 4.96652 -0.0056576 0.0243155
1 23.5366 4.96402 -0.0138327 0.0137456
1 24.6683 4.95852 8.45995e-05 0.00305468
1 25.7973 4.95129 0.00554721 -0.00676659
1 26.9234 4.94482 0.00397557 0.0032947
1 28.0477 4.93939 -0.0206277 0.0053918
1 29.1713 4.93094 -0.0345107 -0.0226894
1 30.2944 4.9191 -0.0325488 -0.0375921
1 31.4165 4.907 -0.0261461 -0.0433079
1 32.5378 4.89714 -0.0114906 -0.0372181
1 33.6586 4.89077 0.000426559 -0.0270339
1 34.7784 4.88619 0.00564501 -0.0238908
1 35.8963 4.88284 0.00473382 -0.0234337
1 37.0118 4.87909 0.00780258 -0.0314216
1 38.1257 4.87603 0.0207088 -0.0315705
1 39.2385 4.87536 0.0348179 -0.0420665
1 40.3508 4.87627 0.0360045 -0.0496511
1 41.4623 4.87802 0.0359359 -0.0567936
1 42.574 4.87958 0.0345509 -0.0599136
1 43.6881 4.88139 0.0367687 -0.062102
1 0.550301 5.84517 -0.0281829 -0.0635275
1 1.66465 5.84449 -0.0310328 -0.063767
1 2.77582 5.84293 -0.0332238 -0.0586446
1 3.88751 5.84104 -0.0362399 -0.0505787
1 5.0001 5.84052 -0.0334003 -0.0436012
1 6.1131 5.84043 -0.0267552 -0.0311418
1 7.22735 5.84224 -0.0111792 -0.0324444
1 8.34308 5.84573 -0.0103769 -0.0268463
1 9.46043 5.84877 -0.00931373 -0.0258174
1 10.5794 5.85317 0.00431308 -0.034685
1 11.6991 5.86083 0.0183668 -0.042974
1 12.82 5.871 0.022226 -0.0456345
1 13.9434 5.88213 0.0209981 -0.0352088
1 15.0684 5.89241 0.0235684 -0.0175541
1 16.1926 5.89948 0.0164475 0.00330207
1 17.3162 5.90335 -0.000188278 0.00430198
1 18.4409 5.90742 -0.0086207 -0.0048466
1 19.5688 5.91216 -0.0039125 0.000864211
1 20.7013 5.91599 0.0101685 0.00686799
1 21.8359 5.91759 0.00609508 0.0141688
1 22.971 5.91719 -0.012776 0.0149805
1 24.1044 5.91457 -0.00887867 0.00557999
1 25.235 5.91008 0.0058583 -0.00566349
1 26.3614 5.90537 0.00828379 -0.00166795
1 27.4851 5.90145 -0.00403549 0.00747801
1 28.6088 5.89602 -0.0148555 -0.00940962
1 29.7339 5.88682 -0.0175659 -0.0283996
1 30.8579 5.87634 -0.023782 -0.0403786
1 31.9796 5.86561 -0.0275413 -0.0454679
1 33.0996 5.85694 -0.0254469 -0.033659
1 34.2189 5.85128 -0.00424188 -0.029206
1 35.3375 5.84777 0.0197296 -0.0255546
1 36.4548 5.8453 0.0284368 -0.0266164
1 37.5701 5.84203 0.0284338 -0.0339452
1 38.683 5.84089 0.0333567 -0.0441689
1 39.7954 5.84066 0.0385696 -0.044196
1 40.9076 5.84256 0.0516171 -0.052154
1 42.0191 5.84406 0.0469777 -0.0656979
1 43.1296 5.84502 0.0376605 -0.0654346
1 44.2477 5.84552 0.0430029 -0.06149
1 -0.00844311 6.81137 -0.0428624 -0.0667246
1 1.10858 6.81014 -0.0377013 -0.0701074
1 2.21966 6.80956 -0.0483824 -0.0617268
1 3.33143 6.80711 -0.0514744 -0.0506023
1 4.44384 6.80534 -0.0383213 -0.0451596
1 5.55652 6.80471 -0.0350852 -0.0354642
1 6.67036 6.805 -0.0379009 -0.0339589
1 7.78576 6.80768 -0.0354152 -0.0300188
1 8.90277 6.8107 -0.0208986 -0.0303271
1 10.0208 6.81435 0.00765252 -0.0330252
1 11.1388 6.82028 0.0268697 -0.0406777
1 12.2582 6.82919 0.0264575 -0.0423306
1 13.3811 6.83906 0.0215115 -0.0372587
1 14.5065 6.84829 0.0120124 -0.0274827
1 15.6323 6.8562 0.0119357 -0.00995044
1 16.7566 6.86111 -0.00118135 0.00533926
1 17.8803 6.86343 -0.0112587 0.000928856
1 19.0058 6.86563 -0.00371519 -0.00242962
1 20.1358 6.86739 0.0097681 0.00270094
1 21.2692 6.86854 0.016532 0.00220085
1 22.4036 6.86877 -0.0010507 0.00391279
1 23.5371 6.86805 -0.0105915 0.00629532
1 24.6688 6.86682 -0.000820439 0.00242625
1 25.7968 6.86466 0.00643347 -0.000955245
1 26.921 6.86246 0.00508914 0.004228
1 28.0446 6.85894 -0.0143874 -0.00397234
1 29.1695 6.85178 -0.0139353 -0.0229633
1 30.2953 6.84321 -0.00984354 -0.0287766
1 31.4201 6.83382 -0.0169754 -0.039657
1 32.542 6.82436 -0.0176182 -0.0426068
1 33.661 6.81756 -0.0113798 -0.0358511
1 34.7789 6.81298 0.00307268 -0.0296531
1 35.8963 6.80993 0.0105898 -0.0302231
1 37.0127 6.80707 0.0175623 -0.0347778
1 38.1273 6.80576 0.0263096 -0.0330862
1 39.2405 6.80552 0.0292972 -0.0439985
1 40.3524 6.80645 0.0331446 -0.050319
1 41.4643 6.80852 0.0318441 -0.0526654
1 42.5752 6.81056 0.0211574 -0.0634113
1 43.6882 6.81017 0.0180343 -0.063984
1 0.550722 7.77717 -0.0209298 -0.0657963
1 1.66358 7.77593 -0.0265451 -0.060139
1 2.77539 7.77334 -0.0339536 -0.0495861
1 3.88756 7.77097 -0.0369589 -0.0455077
1 5.00069 7.76954 -0.041336 -0.0379728
1 6.11462 7.76847 -0.0317345 -0.0331796
1 7.22944 7.77019 -0.0154837 -0.0380904
1 8.34542 7.7732 -0.0117563 -0.0331922
1 9.46193 7.77655 -0.00583342 -0.0316165
1 10.5796 7.78151 0.0108218 -0.0396126
1 11.6981 7.78868 0.0181542 -0.0437658
1 12.8201 7.79692 0.0151184 -0.036826
1 13.9457 7.80531 0.0140573 -0.0258678
1 15.0724 7.81272 0.0166162 -0.0172835
1 16.198 7.81847 0.00465874 -0.00358345
1 17.323 7.82145 -0.0155131 0.00290483
1 18.4476 7.82243 -0.00874745 -0.0023851
1 19.5747 7.82228 0.00370578 -0.000332807
1 20.7054 7.82171 0.0141339 -0.000664774
1 21.8367 7.82141 0.010313 -0.00719951
1 22.9683 7.8214 -0.0139569 -0.00265896
1 24.0994 7.82192 -0.020443 0.00349797
1 25.2283 7.82254 0.00107999 -6.77789e-05
1 26.3545 7.82207 0.020259 0.00232023
1 27.4793 7.82039 0.00800256 -0.000367587
1 28.6041 7.81556 -0.00528224 -0.0165609
1 29.7302 7.80827 -0.00857973 -0.0251457
1 30.8566 7.80054 -0.0173085 -0.0297336
1 31.9802 7.79237 -0.0220219 -0.0352983
1 33.1 7.7853 -0.0261848 -0.035826
1 34.2183 7.77942 -0.00726135 -0.0366263
1 35.3364 7.77561 0.0205552 -0.0344651
1 36.4534 7.77227 0.0335372 -0.0391059
1 37.5693 7.76986 0.0372863 -0.0341701
1 38.6837 7.76965 0.0384314 -0.0372599
1 39.7968 7.77115 0.0313241 -0.0413426
1 40.9095 7.77245 0.0385436 -0.046213
1 42.0215 7.77544 0.0373723 -0.0532122
1 43.1328 7.77674 0.0270812 -0.0610441
1 44.2503 7.77495 0.0372762 -0.0606785
1 -0.00976536 8.74346 -0.0411196 -0.0660087
1 1.10775 8.74384 -0.0283234 -0.0617405
1 2.21915 8.74053 -0.0367679 -0.0551741
1 3.3314 8.73733 -0.0392531 -0.0491339
1 4.44503 8.73486 -0.0326931 -0.0381717
1 5.55906 8.73324 -0.0325141 -0.0399199
1 6.67249 8.73344 -0.0316668 -0.0441823
1 7.78792 8.73594 -0.0296858 -0.0416159
1 8.90512 8.73899 -0.0174246 -0.0379837
1 10.0231 8.7437 0.00933734 -0.0452243
1 11.141 8.74996 0.0283894 -0.0417259
1 12.2608 8.75655 0.0261723 -0.0372233
1 13.3849 8.7634 0.0201117 -0.02904
1 14.5119 8.76969 0.0127651 -0.020655
1 15.6392 8.77527 0.00519042 -0.0137848
1 16.7657 8.7789 -0.0193873 -0.00553748
1 17.8913 8.78038 -0.0248503 -0.00616644
1 19.017 8.78041 0.00497669 -0.011239
1 20.1451 8.77861 0.0260356 -0.00468471
1 21.2736 8.77687 0.0242063 -0.0079768
1 22.402 8.77643 -0.00470162 -0.0135598
1 23.5302 8.7773 -0.0235393 -0.00612822
1 24.6582 8.77947 -0.014588 -0.00491798
1 25.7848 8.78073 0.0110414 -0.00987521
1 26.9108 8.7799 0.0273606 -0.006355
1 28.0372 8.77714 0.00104451 -0.0061309
1 29.1637 8.77198 -0.0162611 -0.0174424
1 30.2907 8.76586 -0.0151545 -0.027488
1 31.417 8.75903 -0.0196342 -0.0328223
1 32.5393 8.75283 -0.0219315 -0.0338442
1 33.6584 8.74724 -0.0160454 -0.0447183
1 34.776 8.74195 -0.000509494 -0.040151
1 35.8935 8.73818 0.00858847 -0.0405943
1 37.0098 8.73492 0.0118029 -0.043729
1 38.1246 8.73366 0.0291076 -0.0396438
1 39.2388 8.73472 0.0375615 -0.0368011
1 40.353 8.73654 0.0377026 -0.0451745
1 41.466 8.73954 0.0342744 -0.0495323
1 42.5792 8.74245 0.025831 -0.0576877
1 43.6937 8.74386 0.0172937 -0.0720021
1 0.54889 9.71204 -0.0237903 -0.0730622
1 1.6639 9.70849 -0.0296206 -0.0592776
1 2.77694 9.70384 -0.0387969 -0.0487331
1 3.89054 9.70011 -0.0396237 -0.0411607
1 5.0044 9.69773 -0.0321292 -0.0409939
1 6.11799 9.69767 -0.0221762 -0.0388519
1 7.2327 9.69852 -0.0158175 -0.0410401
1 8.34896 9.70098 -0.0120986 -0.0397728
1 9.46556 9.70539 0.00232896 -0.0452184
1 10.5833 9.7119 0.0186151 -0.0417066
1 11.7021 9.71737 0.0288991 -0.0293201
1 12.8246 9.72219 0.0259056 -0.0208468
1 13.9519 9.72701 0.0160707 -0.0123625
1 15.0803 9.73132 0.0105541 -0.00718585
1 16.2079 9.73482 -0.00477505 -0.0042298
1 17.335 9.73726 -0.0295368 -0.0105852
1 18.4607 9.73867 -0.0160551 -0.0183268
1 19.5869 9.73765 0.0161645 -0.0127044
1 20.7134 9.73517 0.0270597 -0.00590326
1 21.8384 9.73361 0.00996182 -0.00981736
1 22.9635 9.73411 -0.019933 -0.00827642
1 24.0892 9.7363 -0.0318957 -0.00792136
1 25.2154 9.73852 -0.00851753 -0.0183728
1 26.3417 9.7382 0.0278501 -0.0156934
1 27.468 9.73587 0.0246561 -0.00563397
1 28.5952 9.7327 -9.08955e-05 -0.00434689
1 29.7228 9.72888 -0.0102319 -0.00926359
1 30.8507 9.72413 -0.0164203 -0.0197714
1 31.9751 9.71893 -0.0260868 -0.0255817
1 33.0954 9.71426 -0.024338 -0.0342301
1 34.215 9.70886 -0.00867872 -0.0397368
1 35.3337 9.70379 0.014706 -0.0369728
1 36.4507 9.70046 0.0291228 -0.0423664
1 37.5661 9.6984 0.0294519 -0.0448662
1 38.6797 9.69785 0.0317671 -0.0410667
1 39.7937 9.69919 0.0395129 -0.0364189
1 40.9081 9.70227 0.0494761 -0.0408882
1 42.0218 9.70592 0.0496323 -0.0534212
1 43.1339 9.71102 0.0360912 -0.0625342
1 44.2502 9.71422 0.0452458 -0.0877634
1 -0.00408986 10.6854 -0.0458926 -0.0816042
1 1.11199 10.6777 -0.0436854 -0.0603602
1 2.22449 10.671 -0.0570673 -0.0527796
1 3.33774 10.6661 -0.0546084 -0.0461069
1 4.45175 10.6634 -0.0367168 -0.044454
1 5.56475 10.6626 -0.0355616 -0.0444536
1 6.67832 10.6626 -0.0337606 -0.041316
1 7.7934 10.6642 -0.0274412 -0.0431209
1 8.90936 10.6679 -0.00877048 -0.0465559
1 10.027 10.6737 0.013134 -0.0462152
1 11.1461 10.6793 0.0296099 -0.0301963
1 12.2668 10.6831 0.0272093 -0.0168748
1 13.3923 10.6858 0.0199796 -0.00604498
1 14.5213 10.6885 0.0116069 -0.00217186
1 15.6499 10.6916 0.00110204 -0.00505215
1 16.7767 10.694 -0.0176402 -0.0140712
1 17.9023 10.6965 -0.023077 -0.0243164
1 19.0281 10.6979 0.00901528 -0.0248013
1 20.1541 10.6966 0.0349115 -0.0148005
1 21.2779 10.6944 0.0257326 -0.00504475
1 22.4004 10.6938 -0.00586186 -0.00526673
1 23.5231 10.6955 -0.026216 -0.010805
1 24.6482 10.6977 -0.0232893 -0.0226562
1 25.7744 10.6978 0.0054737 -0.0284309
1 26.8998 10.6951 0.0267987 -0.0191456
1 28.026 10.6922 0.00275704 -0.00695666
1 29.1531 10.6896 -0.0168644 -0.00157468
1 30.2817 10.6869 -0.014471 -0.0042381
1 31.4098 10.6841 -0.0226008 -0.0148231
1 32.533 10.6807 -0.0306168 -0.0264946
1 33.6526 10.676 -0.0145052 -0.0379981
1 34.7711 10.6706 0.00826854 -0.0423866
1 35.8883 10.6663 0.0133145 -0.0399552
1 37.0044 10.6641 0.0124508 -0.0434979
1 38.119 10.6629 0.0272417 -0.0428816
1 39.2322 10.6629 0.0399341 -0.0472936
1 40.3457 10.6646 0.0464416 -0.0456613
1 41.4592 10.6684 0.0545363 -0.0497182
1 42.5724 10.6744 0.0490009 -0.0545991
1 43.6881 10.6821 0.0486163 -0.0757444
1 0.561902 11.6506 -0.0529339 -0.0655937
1 1.67678 11.6402 -0.0495698 -0.0541868
1 2.78929 11.6338 -0.0508762 -0.0516363
1 3.90146 11.6297 -0.0458258 -0.0548263
1 5.01413 11.6283 -0.0376937 -0.0488231
1 6.12715 11.6277 -0.0259156 -0.0451968
1 7.24109 11.6285 -0.00768081 -0.0455298
1 8.35542 11.6312 -0.00176747 -0.0489277
1 9.47076 11.6363 0.00248452 -0.0486182
1 10.5888 11.6414 0.018578 -0.0378141
1 11.709 11.6445 0.0219444 -0.0194755
1 12.8338 11.6461 0.0177283 -0.00500134
1 13.9626 11.6471 0.0191911 -0.00306175
1 15.0911 11.6492 0.0208763 -0.0057902
1 16.2176 11.6516 0.00885408 -0.0125359
1 17.3424 11.6543 -0.0138602 -0.0301087
1 18.4668 11.6569 -0.00383041 -0.0362865
1 19.5929 11.658 0.0225553 -0.0241001
1 20.7177 11.6571 0.0257164 -0.00969987
1 21.8393 11.6557 0.00628558 -0.00317255
1 22.9603 11.6564 -0.0201564 -0.00619486
1 24.0835 11.6581 -0.0351447 -0.0214363
1 25.2099 11.658 -0.0155293 -0.0338123
1 26.3355 11.6558 0.0169596 -0.0329963
1 27.4593 11.6526 0.0105487 -0.022582
1 28.5847 11.6499 -0.00980773 -0.011715
1 29.7122 11.6477 -0.0155292 -0.000816575
1 30.8409 11.6464 -0.0200204 -0.00112165
1 31.967 11.6457 -0.0249206 -0.013141
1 33.0884 11.6431 -0.0299318 -0.0329168
1 34.2075 11.6385 -0.017468 -0.0474036
1 35.3255 11.6327 0.00798363 -0.0491263
1 36.4416 11.6296 0.0298894 -0.0424409
1 37.5563 11.6286 0.0381652 -0.0474881
1 38.669 11.6284 0.0424753 -0.0488613
1 39.7814 11.6289 0.0501605 -0.0518101
1 40.8946 11.6315 0.0697625 -0.0559925
1 42.0069 11.6365 0.0735582 -0.0564397
1 43.1187 11.645 0.0664342 -0.0573907
1 44.2357 11.6588 0.0679767 -0.058765
1 0.014465 12.6254 -0.073951 -0.0465965
1 1.13228 12.6112 -0.0672208 -0.0505279
1 2.24304 12.6021 -0.0693981 -0.054713
1 3.35432 12.597 -0.0630643 -0.0474353
1 4.4664 12.5943 -0.0510638 -0.0458251
1 5.57824 12.5932 -0.0427479 -0.0412329
1 6.69003 12.5936 -0.031928 -0.0468181
1 7.80298 12.5954 -0.0200806 -0.0476732
1 8.9171 12.5995 -0.00518964 -0.0464975
1 10.0346 12.6042 0.0128455 -0.0300842
1 11.1545 12.6069 0.0192261 -0.0125233
1 12.2771 12.6075 0.00841696 -0.000207679
1 13.4035 12.6072 0.0131209 0.00658133
1 14.5315 12.6082 0.0183416 -0.00145332
1 15.6582 12.6106 0.0109431 -0.0137337
1 16.7823 12.613 -0.00561293 -0.0231471
1 17.9052 12.6154 -0.0114444 -0.0361002
1 19.0301 12.6175 0.0118084 -0.033752
1 20.1562 12.6188 0.0286461 -0.0181029
1 21.2793 12.6188 0.0198948 0.000800079
1 22.4 12.6187 -0.00531603 0.00243043
1 23.5213 12.6192 -0.0236769 -0.0130221
1 24.6465 12.6189 -0.0200709 -0.0296288
1 25.7724 12.6171 0.00536106 -0.0359852
1 26.8956 12.6143 0.0103782 -0.0301215
1 28.0187 12.6116 -0.0150705 -0.0195882
1 29.1434 12.609 -0.0223203 -0.00753896
1 30.2705 12.6074 -0.0158119 0.00426079
1 31.3984 12.6075 -0.007522 0.00218641
1 32.5242 12.6073 -0.00711432 -0.00652607
1 33.6457 12.6054 -0.0126533 -0.0230301
1 34.7638 12.6015 -0.00382256 -0.0458809
1 35.8785 12.5969 -0.000768736 -0.0482587
1 36.9917 12.5945 0.00804652 -0.0423833
1 38.1049 12.5937 0.0294938 -0.0393537
1 39.217 12.5941 0.0440624 -0.0455842
1 40.3285 12.5954 0.0505279 -0.0513355
1 41.4394 12.5994 0.0577809 -0.0465039
1 42.5501 12.6065 0.0592065 -0.0508236
1 43.6631 12.6183 0.0621014 -0.0425402
1 0.587828 13.5825 -0.0518044 -0.0369241
1 1.70014 13.5721 -0.0506029 -0.0409725
1 2.8097 13.565 -0.0583131 -0.0416891
1 3.91994 13.561 -0.0516499 -0.0416323
1 5.03139 13.5595 -0.0455123 -0.0393269
1 6.1424 13.5598 -0.0251108 -0.0416914
1 7.25375 13.562 -0.00405481 -0.0446922
1 8.36561 13.5652 -0.00777083 -0.041704
1 9.48024 13.5681 -0.0194432 -0.0243364
1 10.5994 13.5699 -0.00955572 -0.0038245
1 11.7218 13.57 -0.00606215 0.00641599
1 12.8475 13.57 -0.0033666 0.00752426
1 13.9742 13.57 0.00706801 0.00195575
1 15.1001 13.5713 0.0202228 -0.0104664
1 16.2243 13.574 0.0130703 -0.0186322
1 17.3465 13.5762 -0.0113406 -0.025883
1 18.4684 13.5781 -0.00656274 -0.0319878
1 19.5933 13.5803 0.011622 -0.0219502
1 20.7179 13.5821 0.0119691 -0.00302579
1 21.8393 13.5828 0.00319637 0.00864668
1 22.9601 13.5828 -0.0102023 0.00442246
1 24.0831 13.5818 -0.0184344 -0.0153295
1 25.2088 13.5795 -0.00484677 -0.0266783
1 26.3325 13.5774 0.0137755 -0.0304495
1 27.4542 13.5754 0.000945773 -0.024772
1 28.5771 13.5727 -0.011413 -0.0154763
1 29.7024 13.5704 -0.0106014 -0.00407243
1 30.8287 13.5699 -0.00970003 0.00373515
1 31.9539 13.5701 0.00356284 0.00679522
1 33.077 13.5702 0.00351136 0.0036604
1 34.198 13.5694 0.00581082 -0.0131329
1 35.3161 13.5668 0.0144804 -0.0352368
1 36.4297 13.5633 0.0192214 -0.0484931
1 37.5414 13.5606 0.0315533 -0.0482067
1 38.6521 13.5598 0.0437773 -0.0405211
1 39.763 13.5607 0.0493162 -0.0392842
1 40.8739 13.563 0.0600682 -0.0427831
1 41.9837 13.5683 0.068448 -0.0469233
1 43.0935 13.5771 0.0573579 -0.0367554
1 44.2117 13.5898 0.0744369 -0.0219906
1 0.0369933 14.5516 -0.0711437 -0.0183012
1 1.15525 14.5418 -0.052758 -0.0361045
1 2.26515 14.5342 -0.0601395 -0.0451021
1 3.37481 14.5293 -0.0596063 -0.0501394
1 4.48516 14.5268 -0.0440166 -0.0449123
1 5.59531 14.527 -0.0360456 -0.0511886
1 6.70483 14.5292 -0.0298498 -0.0512414
1 7.81639 14.5322 -0.0346778 -0.0406511
1 8.93131 14.5339 -0.0360534 -0.0178443
1 10.0501 14.5345 -0.0270991 0.00130355
1 11.1708 14.5344 -0.0165873 0.00994177
1 12.2926 14.5342 -0.00340814 0.00204492
1 13.4172 14.5345 0.0128477 -0.00182886
1 14.5426 14.5349 0.0198466 -0.010607
1 15.667 14.5364 0.0196452 -0.0242505
1 16.7896 14.5385 0.000627841 -0.0270242
1 17.9103 14.5405 -0.0134593 -0.0264738
1 19.032 14.5426 0.001821 -0.020261
1 20.1563 14.545 0.0086574 -0.00615275
1 21.2791 14.5473 0.00315138 0.00285966
1 22.4001 14.548 -0.00235317 0.00253071
1 23.5216 14.5467 -0.00703989 -0.00224206
1 24.6455 14.5442 -0.00245894 -0.0129428
1 25.7686 14.5418 0.0108039 -0.0244593
1 26.8894 14.5398 0.00687868 -0.0273317
1 28.0111 14.5378 -0.0192362 -0.0249424
1 29.134 14.5356 -0.025909 -0.0189647
1 30.2587 14.5349 -0.0159997 -0.00795623
1 31.3844 14.5345 0.000256525 -0.00147855
1 32.5083 14.5342 0.00945844 0.00878065
1 33.6298 14.5346 0.018156 0.00477139
1 34.7494 14.5346 0.0354 -0.0096184
1 35.8652 14.5336 0.025319 -0.0288162
1 36.9777 14.5309 0.00489834 -0.0484706
1 38.0882 14.5283 0.0165537 -0.0505287
1 39.1982 14.5271 0.0367082 -0.047972
1 40.3085 14.5282 0.04434 -0.0508513
1 41.4179 14.5318 0.0474029 -0.0481449
1 42.5272 14.5378 0.0352004 -0.0392499
1 43.6396 14.5462 0.033041 -0.0368863
1 0.607459 15.5099 -0.0324014 -0.0337546
1 1.71998 15.5031 -0.0313026 -0.0377997
1 2.8297 15.4981 -0.0369773 -0.041458
1 3.93909 15.4958 -0.0337851 -0.0444881
1 5.04844 15.4952 -0.0272742 -0.041861
1 6.15828 15.4975 -0.019131 -0.034096
1 7.26964 15.5002 -0.0189954 -0.0180836
1 8.38346 15.5016 -0.0384992 4.80596e-05
1 9.49971 15.5013 -0.0363887 0.0125742
1 10.6183 15.5012 -0.0114428 0.0195918
1 11.7381 15.501 0.00491037 0.0174146
1 12.8605 15.5012 0.0179262 0.00214119
1 13.9856 15.5014 0.0303691 -0.00445136
1 15.1103 15.5016 0.0425809 -0.0126054
1 16.233 15.5028 0.0298074 -0.0196802
1 17.3536 15.5048 -0.00793435 -0.0180829
1 18.4728 15.5076 -0.0144904 -0.00640553
1 19.5943 15.5102 0.00375422 0.00553058
1 20.7172 15.5121 0.00949172 0.0055739
1 21.8392 15.5136 0.00355555 0.00730981
1 22.9611 15.5133 -0.00887268 0.00754757
1 24.0832 15.5116 -0.0112284 0.00632922
1 25.2057 15.5092 0.00126788 -0.00136324
1 26.3266 15.5064 0.0138269 -0.0144825
1 27.4466 15.504 -0.00729399 -0.0183673
1 28.5678 15.5024 -0.0351914 -0.0166089
1 29.6917 15.5019 -0.0409596 -0.0116281
1 30.8168 15.5018 -0.0311571 -0.000897714
1 31.9397 15.5013 -0.0135254 0.0100898
1 33.0596 15.5014 0.00133912 0.0182321
1 34.1789 15.5017 0.0257098 0.0176296
1 35.2976 15.5019 0.0466953 0.00888368
1 36.414 15.5014 0.0396322 -0.0126059
1 37.5267 15.4994 0.0290624 -0.028981
1 38.6364 15.4966 0.0279414 -0.04112
1 39.7453 15.4958 0.028772 -0.0432426
1 40.8549 15.4973 0.0409101 -0.0458851
1 41.9645 15.5007 0.0442615 -0.0430953
1 43.0746 15.5065 0.0363291 -0.0370976
1 44.1928 15.5124 0.0487639 -0.0280419
1 0.0524896 16.4756 -0.0367697 -0.0284504
1 1.17125 16.4712 -0.0239282 -0.0319474
1 2.2815 16.467 -0.0303156 -0.0390244
1 3.39087 16.4646 -0.0285351 -0.0367998
1 4.50047 16.4645 -0.0205954 -0.0295967
1 5.60981 16.4657 -0.0280568 -0.0200117
1 6.72038 16.468 -0.0322012 -0.00239602
1 7.83364 16.4694 -0.0414337 0.0188755
1 8.94938 16.4702 -0.036901 0.0277926
1 10.0667 16.4702 -0.0109354 0.0262145
1 11.1847 16.4704 0.0141379 0.0222824
1 12.3037 16.4703 0.0406004 0.0155184
1 13.4265 16.47 0.0569486 0.00347687
1 14.5519 16.4696 0.0559003 -0.00375203
1 15.6755 16.4699 0.0459065 -0.00391516
1 16.7958 16.4714 0.0118184 -0.00132571
1 17.9142 16.4745 -0.0177149 0.00653544
1 19.0336 16.4779 0.000133319 0.0163642
1 20.1559 16.4796 0.0197597 0.020608
1 21.2786 16.4803 0.0182006 0.0202411
1 22.4004 16.4805 -0.00439089 0.0208269
1 23.5223 16.4801 -0.0209984 0.0227901
1 24.6447 16.4793 -0.0102483 0.0197478
1 25.7658 16.4766 0.0138344 0.0103641
1 26.8845 16.473 0.00760023 0.00343222
1 28.004 16.4708 -0.0415153 -0.0023467
1 29.1256 16.4701 -0.0604825 -0.0063828
1 30.2502 16.4704 -0.0487107 -0.0010114
1 31.3751 16.4708 -0.0405343 0.00794051
1 32.4966 16.4709 -0.0353935 0.017639
1 33.6151 16.4708 -0.00987505 0.0234447
1 34.732 16.4704 0.0229714 0.0280504
1 35.8474 16.4703 0.0295023 0.0219392
1 36.9618 16.4695 0.0185392 0.0116496
1 38.0739 16.4674 0.0190174 -0.00993651
1 39.1841 16.4655 0.0148392 -0.0241587
1 40.2936 16.4652 0.015416 -0.0360962
1 41.4027 16.4662 0.0170078 -0.0385373
1 42.5118 16.4693 0.00908753 -0.0363204
1 43.6249 16.4736 0.01021 -0.0329467
1 0.619046 17.4384 0.0103681 -0.0273132
1 1.73209 17.4357 0.0138557 -0.0355265
1 2.8416 17.4342 0.000378002 -0.0363193
1 3.95072 17.4333 -0.0101223 -0.0267768
1 5.06061 17.4341 -0.0162579 -0.00751674
1 6.1714 17.436 -0.0141887 0.011097
1 7.28361 17.4382 -0.00979205 0.0281104
1 8.39671 17.4397 -0.0205314 0.0312235
1 9.51104 17.441 -0.00993062 0.030436
1 10.6276 17.4414 0.0276964 0.0185189
1 11.7457 17.4415 0.0510024 0.0137212
1 12.8672 17.4406 0.0619227 0.0106925
1 13.9921 17.4395 0.0675422 0.00623591
1 15.1165 17.4392 0.06713 0.00392181
1 16.2371 17.4402 0.0427387 0.0113233
1 17.3553 17.4429 -0.0017217 0.0175101
1 18.4734 17.4468 -0.0103982 0.0215021
1 19.5944 17.4492 0.0158352 0.0242603
1 20.7175 17.4491 0.026891 0.0259188
1 21.8395 17.4489 0.00674931 0.0309405
1 22.9612 17.4491 -0.0242468 0.0301098
1 24.0832 17.4495 -0.0268568 0.0269123
1 25.2053 17.4486 -0.00568717 0.0234199
1 26.3252 17.445 0.0120334 0.0188135
1 27.4434 17.4415 -0.0122818 0.0130464
1 28.5627 17.44 -0.0476381 0.00668936
1 29.6857 17.4399 -0.0641186 0.00346918
1 30.8109 17.4407 -0.0748736 0.0096472
1 31.9335 17.4419 -0.0670616 0.0106194
1 33.0524 17.4424 -0.0428001 0.015127
1 34.1694 17.4419 -0.0124236 0.0261051
1 35.2855 17.4412 0.0151657 0.0292992
1 36.4 17.4394 0.0258481 0.0286209
1 37.5127 17.4378 0.0284001 0.0206781
1 38.6236 17.4356 0.0199334 0.00246914
1 39.7337 17.4344 0.0150299 -0.0187753
1 40.8437 17.4342 0.0218992 -0.0313463
1 41.953 17.4355 0.0143823 -0.0390987
1 43.0632 17.4373 0.00451463 -0.0335103
1 44.1809 17.4405 0.0206179 -0.0264572
1 0.0650533 18.4077 -0.00645878 -0.0180012
1 1.18103 18.4049 0.00804977 -0.0330608
1 2.29062 18.4041 -0.00436921 -0.0299837
1 3.40054 18.4035 -0.0153282 -0.0202747
1 4.51067 18.404 -0.015904 -0.00696502
1 5.62037 18.4059 -0.0203365 0.0148057
1 6.73036 18.4087 -0.0184265 0.0304965
1 7.8425 18.4116 -0.0126351 0.0348897
1 8.95603 18.4141 -0.000123003 0.0277808
1 10.0718 18.415 0.0333902 0.0201169
1 11.189 18.4149 0.0637961 0.0130462
1 12.308 18.414 0.0789212 0.0151509
1 13.4305 18.4126 0.0800949 0.0175006
1 14.5553 18.4119 0.0690262 0.014757
1 15.6775 18.4127 0.0498861 0.0164768
1 16.7958 18.4147 0.0137833 0.0201892
1 17.9136 18.4181 -0.00820638 0.023176
1 19.0339 18.4214 0.0124181 0.0249967
1 20.1568 18.4224 0.0314374 0.0278923
1 21.2795 18.4213 0.0208061 0.0340511
1 22.4005 18.4209 -0.00401702 0.0364196
1 23.5218 18.422 -0.0299959 0.0320007
1 24.6445 18.4224 -0.0237491 0.0281974
1 25.7662 18.42 0.00505375 0.0244321
1 26.8847 18.4166 0.00144531 0.0213293
1 28.0025 18.414 -0.0454492 0.0172347
1 29.1225 18.4126 -0.0696625 0.0165506
1 30.2461 18.4127 -0.0716973 0.0181941
1 31.3705 18.4142 -0.0738921 0.0134779
1 32.4923 18.4154 -0.0678894 0.0124438
1 33.6109 18.4158 -0.0436557 0.0157402
1 34.7276 18.4154 -0.0113023 0.0231995
1 35.8416 18.4138 -0.000496239 0.0316995
1 36.9533 18.4109 -0.00508188 0.0343886
1 38.0643 18.4077 0.00270605 0.0202059
1 39.1747 18.4053 0.012623 0.00230559
1 40.285 18.4042 0.0109003 -0.0137088
1 41.395 18.4042 -0.00236521 -0.0251355
1 42.505 18.4048 -0.0221503 -0.0330492
1 43.6171 18.4061 -0.0209629 -0.0291369
1 0.627672 19.3756 0.0287137 -0.0235587
1 1.73957 19.3747 0.0163591 -0.0225717
1 2.84908 19.3743 -0.00282064 -0.0119536
1 3.95874 19.3751 -0.011483 -0.00124863
1 5.06844 19.3774 -0.0108521 0.0118012
1 6.1775 19.3808 0.00109024 0.0310475
1 7.28767 19.3842 0.0178182 0.0365884
1 8.39946 19.3874 0.0218415 0.0364898
1 9.51361 19.389 0.0313885 0.0276107
1 10.6305 19.3889 0.0593531 0.0211886
1 11.749 19.3881 0.0763063 0.0208613
1 12.8703 19.3875 0.0760128 0.0306254
1 13.994 19.3865 0.0731105 0.0388443
1 15.1169 19.3869 0.0737263 0.0324458
1 16.2368 19.3891 0.0479959 0.0332094
1 17.3548 19.3917 0.000887346 0.0353475
1 18.4729 19.3946 -0.00499685 0.036637
1 19.595 19.3968 0.0241373 0.0416882
1 20.7187 19.3967 0.0326799 0.0489942
1 21.8399 19.3957 0.00804571 0.0543494
1 22.9603 19.396 -0.022375 0.0543401
1 24.0825 19.397 -0.0310881 0.0474661
1 25.2058 19.3959 -0.0130606 0.0392974
1 26.3263 19.3932 0.00414696 0.037158
1 27.4443 19.3907 -0.0210664 0.0361945
1 28.5626 19.3887 -0.0577628 0.0316494
1 29.684 19.3873 -0.0709052 0.0319054
1 30.8079 19.3878 -0.0826462 0.0335034
1 31.9301 19.3885 -0.0834913 0.0255477
1 33.0491 19.3892 -0.0721512 0.0184155
1 34.1666 19.3898 -0.0484432 0.0217353
1 35.2834 19.3892 -0.020425 0.0326811
1 36.3974 19.3867 -0.00547027 0.0369574
1 37.5086 19.3831 0.00615089 0.0324449
1 38.6177 19.3798 0.0134511 0.0177263
1 39.7265 19.3764 0.0134599 0.0054886
1 40.8365 19.3748 0.0173968 -0.00511894
1 41.9466 19.3749 0.00984048 -0.0188077
1 43.0558 19.3758 -0.00735295 -0.0255497
1 44.17 19.3767 -0.00206999 -0.0160136
1 0.0763702 20.3476 0.00634839 -0.0194802
1 1.18993 20.3471 0.00729287 -0.0118968
1 2.29847 20.3462 -0.0136683 -0.00977771
1 3.40662 20.3464 -0.0209761 0.000828456
1 4.51507 20.3487 -0.0091398 0.0134979
1 5.62316 20.3525 -0.00504342 0.0247145
1 6.73166 20.3558 0.00727608 0.0320485
1 7.84284 20.3588 0.0194433 0.0338409
1 8.95729 20.3604 0.0347179 0.0306523
1 10.0745 20.3612 0.0570654 0.0243875
1 11.1922 20.3608 0.0744221 0.0224109
1 12.3106 20.3603 0.0806654 0.0250722
1 13.4324 20.3602 0.0835612 0.0367689
1 14.5559 20.3604 0.0776293 0.0416589
1 15.6771 20.362 0.0587989 0.0388056
1 16.7956 20.3643 0.0194619 0.0373723
1 17.9136 20.3668 -0.00227408 0.0396293
1 19.0337 20.3687 0.0145538 0.0433804
1 20.1573 20.3698 0.0315832 0.0497891
1 21.2801 20.3696 0.0222199 0.0588272
1 22.4004 20.3695 -0.00173368 0.0625559
1 23.5212 20.3697 -0.030083 0.0545852
1 24.6445 20.3692 -0.0259497 0.0470585
1 25.7667 20.3676 0.00122952 0.0423316
1 26.8849 20.366 -0.0038522 0.0411568
1 28.0028 20.364 -0.0525411 0.0376769
1 29.1223 20.3618 -0.0804216 0.0399096
1 30.2448 20.3609 -0.0779594 0.0401614
1 31.3686 20.3609 -0.071504 0.0293652
1 32.4898 20.361 -0.0766187 0.022284
1 33.6078 20.3618 -0.0703724 0.0246058
1 34.7251 20.3618 -0.0459226 0.025544
1 35.8402 20.3605 -0.0347916 0.0326944
1 36.9524 20.3581 -0.0327632 0.0325475
1 38.0626 20.355 -0.0124694 0.0319095
1 39.1714 20.3509 0.00705161 0.0200403
1 40.2797 20.3476 0.0132795 0.00530846
1 41.3883 20.346 0.010132 -0.00547188
1 42.4976 20.3467 -0.00981413 -0.0092626
1 43.61 20.3481 -0.0254494 -0.0117094
1 0.634196 21.3214 0.0157153 -0.013994
1 1.74609 21.3198 0.0114777 -0.00247783
1 2.85417 21.3202 -0.00858295 -0.00232692
1 3.9612 21.3221 -0.0140004 -0.00298742
1 5.06864 21.3248 0.000447744 0.00188407
1 6.17751 21.3274 0.0240818 0.00515507
1 7.2884 21.3298 0.0433924 0.00756149
1 8.40138 21.3313 0.0412032 0.00729332
1 9.516 21.3324 0.0458905 0.00111013
1 10.6329 21.3327 0.0687611 -0.00207363
1 11.7508 21.3327 0.0799815 -0.00709307
1 12.8718 21.3328 0.0744402 -0.00523518
1 13.9956 21.3332 0.0769448 0.00424334
1 15.1181 21.3345 0.0839466 0.0104744
1 16.2377 21.3365 0.0552624 0.00643184
1 17.3557 21.3387 0.00409711 -0.000247138
1 18.4738 21.34 -0.000867584 0.00155708
1 19.5957 21.3411 0.024886 0.0107232
1 20.7192 21.342 0.0276067 0.0148722
1 21.84 21.3425 0.0050391 0.0154135
1 22.9602 21.3424 -0.0176043 0.0159044
1 24.0824 21.3416 -0.0306575 0.0139311
1 25.2052 21.3405 -0.0182966 0.00467087
1 26.3251 21.3396 0.0010643 -0.000460422
1 27.4433 21.3382 -0.0230465 0.00355965
1 28.5618 21.3363 -0.0673201 0.00915413
1 29.6828 21.3343 -0.0778593 0.00695232
1 30.8063 21.3333 -0.0808398 0.000339839
1 31.928 21.3333 -0.0819358 -0.00510625
1 33.0465 21.3333 -0.0766205 -0.00485265
1 34.1644 21.3333 -0.0536849 0.00122532
1 35.2817 21.3327 -0.0350394 0.00357339
1 36.3966 21.3315 -0.0310178 0.00681159
1 37.5088 21.3295 -0.021866 0.00779876
1 38.618 21.3267 -0.00414636 0.00653251
1 39.7253 21.3237 0.00518143 -0.000890437
1 40.8325 21.3211 0.0156435 -0.00246547
1 41.9392 21.3199 0.00965423 -0.00234287
1 43.0468 21.3205 -0.00420867 -0.0042437
1 44.1596 21.3237 0.00329976 -0.0253311
1 0.0839946 22.2991 -0.0157369 -0.0202595
1 1.19512 22.2961 -0.00436672 -0.00400792
1 2.30137 22.2959 -0.00575115 -0.00406154
1 3.40749 22.2975 -0.00474415 -0.00798141
1 4.51436 22.2996 0.0036842 -0.0174013
1 5.62224 22.3007 0.00906552 -0.0186421
1 6.73168 22.3017 0.0249056 -0.0201377
1 7.84409 22.3029 0.0274587 -0.0192819
1 8.95928 22.3043 0.0318751 -0.0222127
1 10.0763 22.3047 0.0555598 -0.0259655
1 11.1937 22.305 0.0763168 -0.0354541
1 12.3123 22.3051 0.0807718 -0.0356354
1 13.4343 22.3054 0.0804795 -0.0347456
1 14.5578 22.3067 0.076456 -0.0334495
1 15.6791 22.3082 0.0656857 -0.0319988
1 16.7981 22.3096 0.0276054 -0.0398919
1 17.9163 22.3109 -0.00116674 -0.0466749
1 19.0356 22.3115 0.0127644 -0.0409543
1 20.158 22.3124 0.032335 -0.0364659
1 21.2799 22.3134 0.027208 -0.0385153
1 22.4002 22.3138 -0.00318458 -0.0404595
1 23.5207 22.3131 -0.0321363 -0.0395603
1 24.6433 22.3122 -0.0241393 -0.0383328
1 25.7648 22.3115 0.000916357 -0.045306
1 26.8829 22.3107 -0.0107721 -0.0455237
1 28.0012 22.3094 -0.059422 -0.0363785
1 29.1208 22.308 -0.0808021 -0.0302369
1 30.243 22.3064 -0.0769706 -0.0325607
1 31.3664 22.3055 -0.0748915 -0.0351726
1 32.4878 22.3055 -0.0767191 -0.0389131
1 33.6061 22.3053 -0.0664457 -0.0309958
1 34.7232 22.3052 -0.0436121 -0.0204354
1 35.8385 22.3044 -0.0398734 -0.0178111
1 36.9519 22.3032 -0.0456878 -0.0157813
1 38.0629 22.3017 -0.0311096 -0.0191248
1 39.1717 22.3008 -0.0108743 -0.0162223
1 40.2795 22.2988 -0.000731231 -0.0117028
1 41.3861 22.2968 -8.04799e-05 -0.00237419
1 42.4925 22.2955 -0.00993931 -0.0018325
1 43.6025 22.2972 -0.00910951 -0.0120068
1 0.637743 23.275 -0.000950205 -0.00402489
1 1.74683 23.274 0.011325 -0.00188884
1 2.85273 23.2746 0.00871458 -0.00375881
1 3.95971 23.2753 0.0101704 -0.00787107
1 5.06851 23.2757 0.0153112 -0.0098199
1 6.17797 23.2759 0.0303663 -0.0133276
1 7.28853 23.2762 0.0382398 -0.00983671
1 8.40115 23.2766 0.0309969 -0.00978279
1 9.5165 23.2771 0.0417169 -0.0122346
1 10.6343 23.2771 0.0690351 -0.0179532
1 11.7529 23.2772 0.0726816 -0.0220257
1 12.874 23.2775 0.0677874 -0.0228379
1 13.9972 23.2781 0.0723318 -0.0206153
1 15.1199 23.2786 0.0833886 -0.0211556
1 16.2398 23.2789 0.0630729 -0.0280556
1 17.3581 23.2794 0.0095783 -0.0289384
1 18.4763 23.2796 -0.00289323 -0.0281005
1 19.5973 23.28 0.0249246 -0.0287266
1 20.7194 23.2805 0.0349759 -0.0305264
1 21.8397 23.281 0.00924609 -0.0300842
1 22.9599 23.2808 -0.0268696 -0.0304044
1 24.0816 23.2804 -0.0354416 -0.0317363
1 25.2035 23.2802 -0.0154604 -0.0315691
1 26.3232 23.2801 0.00264484 -0.0305809
1 27.4414 23.2796 -0.0280975 -0.0301339
1 28.56 23.2791 -0.0698107 -0.0236318
1 29.6815 23.2787 -0.0734958 -0.0192644
1 30.805 23.278 -0.0775647 -0.0210208
1 31.9263 23.2777 -0.0781148 -0.0197055
1 33.0448 23.2779 -0.0789054 -0.0180826
1 34.1627 23.2781 -0.0615255 -0.0160766
1 35.2806 23.2777 -0.0325722 -0.0116606
1 36.3958 23.277 -0.0194747 -0.0070273
1 37.5079 23.2766 -0.0172624 -0.0114684
1 38.6172 23.2763 -0.0150014 -0.00999722
1 39.7259 23.2761 -0.0162313 -0.00793515
1 40.8334 23.2752 -0.0054266 -0.00329036
1 41.9389 23.2741 0.00552082 -0.00309697
1 43.0435 23.274 0.00978109 -0.00131226
1 44.1539 23.2748 0.0260749 -0.0047783
1 0.0857132 24.2527 -0.0262256 0.00562317
1 1.19623 24.2536 -0.0108522 0.00129687
1 2.30106 24.2537 -0.00525993 0.00122311
1 3.40673 24.2528 0.00584728 0.00206037
1 4.51433 24.2519 0.015504 0.00654489
1 5.62298 24.2517 0.0142408 0.00843635
1 6.73222 24.2513 0.0169512 0.00996299
1 7.84424 24.2509 0.0183338 0.00663123
1 8.95924 24.2503 0.0328855 0.0113625
1 10.0769 24.2499 0.0616566 0.0161581
1 11.1947 24.2501 0.0782752 0.0178309
1 12.3131 24.2503 0.0777835 0.0197319
1 13.4345 24.2501 0.0774638 0.020052
1 14.5583 24.2495 0.0760999 0.0184053
1 15.68 24.2488 0.0700888 0.0222371
1 16.7989 24.2481 0.0279388 0.0281979
1 17.9172 24.2475 -0.00325805 0.0282726
1 19.0365 24.2472 0.0152484 0.0289181
1 20.1584 24.247 0.0345612 0.0297247
1 21.2802 24.2467 0.0286138 0.0287215
1 22.4006 24.2465 -0.00593529 0.0276528
1 23.5207 24.2469 -0.0368068 0.0287301
1 24.6427 24.2475 -0.0275032 0.0262327
1 25.7637 24.2478 0.00119355 0.0254079
1 26.882 24.2483 -0.00807091 0.0265875
1 28.0002 24.2488 -0.0616988 0.0269061
1 29.1199 24.2494 -0.0823519 0.0202583
1 30.2424 24.2501 -0.0732677 0.0196095
1 31.3656 24.2506 -0.0677434 0.0220433
1 32.4867 24.2509 -0.0720797 0.0211658
1 33.6054 24.2509 -0.0693148 0.0171261
1 34.7232 24.2508 -0.0436509 0.0119158
1 35.839 24.2514 -0.0318628 0.0094435
1 36.9517 24.2518 -0.0382886 0.00840828
1 38.0622 24.2521 -0.0316039 0.0118773
1 39.1716 24.2522 -0.0160434 0.00813638
1 40.2805 24.2527 -0.0114199 0.00635269
1 41.3876 24.2534 -0.00744295 0.00160646
1 42.4934 24.2537 -0.0106917 0.00102589
1 43.6022 24.2526 0.00226385 0.00484376
1 0.636905 25.2303 0.00982544 0.0121838
1 1.74728 25.232 0.0114579 0.0019216
1 2.85395 25.2309 0.00160661 0.00249967
1 3.96064 25.229 -0.000230379 0.011985
1 5.06846 25.2271 0.0107577 0.0169476
1 6.17743 25.2261 0.0298921 0.0192301
1 7.28845 25.2246 0.0446891 0.0157759
1 8.40165 25.2234 0.0383356 0.0176558
1 9.51657 25.2227 0.0423046 0.0211756
1 10.6336 25.2226 0.0663714 0.0313583
1 11.7518 25.2223 0.0774597 0.0380376
1 12.8731 25.2224 0.075138 0.0344438
1 13.9967 25.2216 0.0765222 0.0320737
1 15.1191 25.2199 0.0818693 0.0303687
1 16.2391 25.2184 0.0599861 0.0356028
1 17.3575 25.2169 0.0124288 0.0450477
1 18.4754 25.2161 -0.00153358 0.0442968
1 19.5968 25.2154 0.0232947 0.0368301
1 20.7195 25.2145 0.0319192 0.0376656
1 21.8401 25.2138 0.00633939 0.0391779
1 22.9603 25.2143 -0.0264515 0.0362001
1 24.0819 25.2152 -0.0343577 0.0355168
1 25.2042 25.216 -0.0144438 0.0400607
1 26.3237 25.2168 0.000245293 0.0450179
1 27.4419 25.2181 -0.0286451 0.0400109
1 28.5606 25.2196 -0.0660351 0.0323096
1 29.6818 25.2212 -0.0745257 0.0335014
1 30.8053 25.2226 -0.0803349 0.034101
1 31.9271 25.2229 -0.081104 0.0350705
1 33.0458 25.2229 -0.0769824 0.0354665
1 34.1632 25.2231 -0.0550991 0.0255466
1 35.2805 25.2235 -0.0310835 0.0221583
1 36.3959 25.225 -0.0279711 0.0188544
1 37.5084 25.2261 -0.0250427 0.0200717
1 38.6179 25.2271 -0.0101667 0.0188204
1 39.7257 25.2282 -0.00395578 0.0178089
1 40.8327 25.2303 0.00449724 0.00697779
1 41.9389 25.2319 0.00549814 0.00457104
1 43.0452 25.2315 0.00295975 0.00517734
1 44.1564 25.2284 0.0187812 0.0198106
1 0.0797951 26.2038 -0.00418435 0.0259209
1 1.19281 26.2069 0.00318781 0.00391695
1 2.30057 26.2075 -0.00825624 0.00284973
1 3.40743 26.2064 -0.0148294 0.00345871
1 4.51484 26.2039 -0.00505091 0.00142158
1 5.62226 26.2011 0.00372741 -0.00491418
1 6.73128 26.1984 0.0220268 -0.00635109
1 7.84344 26.1964 0.0298175 -0.00590806
1 8.95819 26.1951 0.0352245 -0.00371541
1 10.0752 26.1946 0.054143 -0.000546995
1 11.193 26.1945 0.0757187 0.00543375
1 12.3114 26.1945 0.0819722 0.00589302
1 13.4333 26.1945 0.0819523 0.00133522
1 14.557 26.1935 0.078611 -0.00465816
1 15.6782 26.1915 0.0652789 -0.00708782
1 16.797 26.1895 0.0219288 -0.00136965
1 17.9152 26.188 -0.000275369 0.00318281
1 19.0349 26.1871 0.0194786 -0.00335031
1 20.1577 26.1862 0.0307116 -0.0122879
1 21.2802 26.1854 0.0189712 -0.0150892
1 22.4004 26.1852 -0.00297324 -0.0138792
1 23.5211 26.1857 -0.0287138 -0.0132661
1 24.6442 26.1866 -0.0270968 -0.00868456
1 25.766 26.1877 -0.000362627 0.00113777
1 26.8841 26.189 -0.00292032 0.00229673
1 28.0021 26.1911 -0.0550363 -0.0034935
1 29.1215 26.1932 -0.08267 -0.00844176
1 30.2441 26.1947 -0.0768997 -0.00242911
1 31.3678 26.1951 -0.0733082 0.00583097
1 32.4888 26.1951 -0.0792976 0.00800052
1 33.6067 26.1951 -0.0689332 0.00176455
1 34.7237 26.1953 -0.0470343 -0.00109434
1 35.8387 26.1965 -0.0414807 -0.00684362
1 36.9519 26.198 -0.0433793 -0.00674578
1 38.0628 26.2004 -0.0248409 -0.00384138
1 39.1715 26.2029 -0.00100329 -0.00103348
1 40.279 26.2056 0.0122347 0.00399195
1 41.3862 26.2075 0.0084718 0.00344674
1 42.4943 26.2078 -0.0114156 0.00311596
1 43.6061 26.2061 -0.0146037 0.0146968
1 0.629871 27.1791 0.0254244 0.0114976
1 1.74232 27.1805 0.0103926 0.00896337
1 2.85161 27.1811 -0.00915705 0.0050426
1 3.96026 27.1796 -0.0143466 -0.0061768
1 5.06869 27.1766 -0.00752607 -0.0194563
1 6.17761 27.1727 0.012119 -0.0317655
1 7.28788 27.1696 0.0333711 -0.0318458
1 8.40007 27.1672 0.0345103 -0.0317619
1 9.51474 27.1659 0.0445986 -0.0236915
1 10.6319 27.1658 0.0704329 -0.0225029
1 11.7498 27.1666 0.0773928 -0.0213605
1 12.8709 27.1667 0.0730383 -0.0277546
1 13.9948 27.1666 0.078688 -0.0387095
1 15.1175 27.1657 0.081404 -0.0374074
1 16.2372 27.1636 0.0523004 -0.0354251
1 17.3552 27.1614 0.0050411 -0.0376824
1 18.4734 27.1598 -0.00230954 -0.0405396
1 19.5956 27.1584 0.024636 -0.0446501
1 20.7192 27.158 0.0289202 -0.0516949
1 21.84 27.1581 0.00375954 -0.0600887
1 22.9602 27.1579 -0.0223505 -0.0577853
1 24.0826 27.1577 -0.0318919 -0.0477826
1 25.206 27.1589 -0.0152249 -0.0397836
1 26.3263 27.1609 0.00205292 -0.0367704
1 27.4443 27.1631 -0.020714 -0.0353956
1 28.5626 27.1654 -0.0592108 -0.0366965
1 29.6838 27.167 -0.0758031 -0.0395563
1 30.8073 27.1673 -0.0825686 -0.0351026
1 31.9289 27.1672 -0.0801628 -0.0237779
1 33.0473 27.1668 -0.0752132 -0.0210224
1 34.1651 27.1664 -0.0566079 -0.0233584
1 35.2826 27.1672 -0.0348746 -0.0295959
1 36.3972 27.1687 -0.0207455 -0.0330228
1 37.5085 27.1718 -0.00800448 -0.0313375
1 38.6171 27.1751 0.00381491 -0.0237848
1 39.7252 27.1788 0.00802175 -0.0125297
1 40.8336 27.1809 0.0207215 -0.000335739
1 41.9418 27.1812 0.0154304 0.00996951
1 43.0502 27.1802 -0.0066792 0.0115181
1 44.1636 27.1796 -0.00483746 0.0205272
1 0.070305 28.1506 0.00308775 0.0150655
1 1.18441 28.1514 0.00730196 0.0259846
1 2.29352 28.1521 -0.00892662 0.0194903
1 3.40346 28.1523 -0.0188449 0.00621732
1 4.51334 28.1508 -0.015169 -0.00531364
1 5.62229 28.1476 -0.0149338 -0.0179587
1 6.73147 28.1445 -0.00683798 -0.0319712
1 7.84276 28.1409 0.00401711 -0.0361407
1 8.95649 28.1384 0.020191 -0.0310046
1 10.0731 28.1377 0.049113 -0.0204582
1 11.1905 28.1382 0.0715795 -0.0170601
1 12.3094 28.1388 0.0835397 -0.0245435
1 13.4319 28.1396 0.0834247 -0.0322436
1 14.5559 28.1401 0.0722895 -0.0308451
1 15.6773 28.1387 0.0567433 -0.030001
1 16.7958 28.1367 0.0203737 -0.0342741
1 17.9138 28.134 -0.0048228 -0.0358702
1 19.034 28.1315 0.0123014 -0.0392746
1 20.1575 28.1305 0.0303836 -0.0459273
1 21.2801 28.1314 0.0231555 -0.0523703
1 22.4005 28.1317 -0.0051897 -0.0532296
1 23.5214 28.1307 -0.0330408 -0.0481101
1 24.6449 28.1306 -0.0256246 -0.0404269
1 25.7669 28.133 0.00413397 -0.0345397
1 26.8852 28.1357 -0.000772714 -0.0347315
1 28.0031 28.1381 -0.047832 -0.0325652
1 29.1228 28.1402 -0.07197 -0.0317764
1 30.2455 28.1408 -0.071238 -0.0371798
1 31.3693 28.1398 -0.0736088 -0.0291516
1 32.4907 28.1392 -0.0753962 -0.0193973
1 33.6094 28.1385 -0.0590387 -0.0200099
1 34.7264 28.1384 -0.0321693 -0.026585
1 35.8409 28.1399 -0.0226964 -0.0354037
1 36.9527 28.1432 -0.0185003 -0.0356799
1 38.0629 28.1467 -0.00247603 -0.0295052
1 39.1719 28.15 0.00983251 -0.0108529
1 40.2816 28.1521 0.0112671 0.00279058
1 41.3912 28.153 0.00581714 0.0136632
1 42.5006 28.1525 -0.0135174 0.0233057
1 43.6123 28.1517 -0.0277639 0.022571
1 0.62332 29.1212 0.0207974 0.0284355
1 1.73535 29.1224 0.023023 0.0332323
1 2.84518 29.1228 0.00348029 0.0267999
1 3.95492 29.1228 -0.0120081 0.0153512
1 5.06508 29.1218 -0.0143828 -0.00175706
1 6.1756 29.1196 -0.00452159 -0.0202383
1 7.28688 29.1164 0.00365032 -0.0338462
1 8.39858 29.1137 -7.7103e-05 -0.031904
1 9.51236 29.112 0.0102097 -0.0231658
1 10.629 29.1116 0.0440167 -0.0157285
1 11.7475 29.1119 0.0677144 -0.011455
1 12.8691 29.1131 0.0749894 -0.0123575
1 13.9936 29.1145 0.0729804 -0.0170321
1 15.1174 29.1147 0.0711315 -0.0149277
1 16.2376 29.1132 0.045047 -0.0164162
1 17.3555 29.1105 -0.000730643 -0.0209915
1 18.4738 29.1071 -0.0065018 -0.0248295
1 19.5954 29.1049 0.0227466 -0.0275117
1 20.7184 29.1053 0.0278293 -0.0308739
1 21.8398 29.1063 0.00521777 -0.0352548
1 22.9609 29.1058 -0.021259 -0.0332799
1 24.0831 29.1049 -0.0320988 -0.0269592
1 25.2058 29.1059 -0.0130635 -0.0233342
1 26.3263 29.1092 0.0085127 -0.0221118
1 27.4443 29.1124 -0.0134293 -0.0209359
1 28.5624 29.1144 -0.0492306 -0.0162433
1 29.6845 29.1152 -0.0668162 -0.0139361
1 30.8091 29.1145 -0.0782662 -0.0169518
1 31.9315 29.1132 -0.0786795 -0.0140415
1 33.0507 29.1124 -0.0646005 -0.0134748
1 34.168 29.1123 -0.0334869 -0.0203482
1 35.284 29.1131 -0.000230326 -0.0278976
1 36.3977 29.1156 0.0100322 -0.0338507
1 37.5099 29.1186 0.0178528 -0.0296933
1 38.62 29.1215 0.0197796 -0.0136496
1 39.7297 29.1233 0.0164266 0.00891619
1 40.8398 29.1237 0.0162591 0.02208
1 41.9496 29.1232 0.00639584 0.031127
1 43.059 29.1224 -0.00811322 0.0330159
1 44.1747 29.1196 0.00569419 0.0161749
1 0.059527 30.0869 -0.0198423 0.0250366
1 1.17729 30.0899 -0.00445437 0.0321488
1 2.28735 30.0917 -0.0136133 0.0386535
1 3.39649 30.0931 -0.0218528 0.0311407
1 4.50619 30.0928 -0.0148976 0.0178153
1 5.61639 30.0916 -0.021025 -0.0032982
1 6.72723 30.0894 -0.0296306 -0.0209949
1 7.83988 30.0879 -0.0293646 -0.0294399
1 8.95433 30.0862 -0.0156035 -0.0294681
1 10.0703 30.0855 0.0124527 -0.0267862
1 11.1872 30.085 0.0419756 -0.014344
1 12.3061 30.0855 0.0671978 -0.010955
1 13.429 30.0866 0.0760525 -0.00938241
1 14.5543 30.0874 0.0660787 -0.00376603
1 15.6775 30.0873 0.04792 -0.00633743
1 16.7969 30.0857 0.0124532 -0.0124321
1 17.9149 30.0821 -0.012467 -0.0192719
1 19.0345 30.0786 0.0047561 -0.0238769
1 20.1568 30.0776 0.0263526 -0.0265154
1 21.2792 30.078 0.0244097 -0.0287813
1 22.4008 30.0782 -0.00425326 -0.030969
1 23.5224 30.0779 -0.0272402 -0.0260555
1 24.6453 30.0779 -0.0171044 -0.02314
1 25.7665 30.0804 0.0100145 -0.0207561
1 26.8848 30.0843 0.00252765 -0.0179828
1 28.003 30.0869 -0.0422933 -0.0120753
1 29.1233 30.0878 -0.0656866 -0.004564
1 30.2474 30.0876 -0.0661966 -0.00602028
1 31.3724 30.0866 -0.0607671 -0.01098
1 32.494 30.0858 -0.0516912 -0.0141616
1 33.6123 30.0858 -0.0281195 -0.0181955
1 34.7289 30.0863 0.0079043 -0.0305605
1 35.8435 30.0876 0.0192527 -0.0303084
1 36.9567 30.0892 0.00950237 -0.027575
1 38.0688 30.0913 0.0138616 -0.0118887
1 39.1797 30.0931 0.0161728 0.00621287
1 40.2896 30.094 0.011031 0.0266598
1 41.3986 30.0931 0.00197368 0.0370442
1 42.508 30.0916 -0.0137015 0.0355947
1 43.6209 30.089 -0.0119822 0.025646
1 0.615452 31.0538 -0.0103208 0.0327786
1 1.72843 31.0581 -0.00846932 0.0356469
1 2.83747 31.0612 -0.0155178 0.0365569
1 3.94651 31.0622 -0.015199 0.0349275
1 5.05604 31.0618 -0.0152238 0.0239978
1 6.16615 31.0599 -0.0195784 0.00959198
1 7.27818 31.0579 -0.0193316 -0.01269
1 8.39256 31.0572 -0.030426 -0.023848
1 9.50778 31.0571 -0.0243209 -0.0291067
1 10.6247 31.0569 0.00982928 -0.0241348
1 11.7432 31.0567 0.0353887 -0.0178826
1 12.8647 31.0567 0.0427127 -0.00794821
1 13.9896 31.057 0.0507683 0.000446304
1 15.1145 31.0573 0.0625512 0.00539378
1 16.2364 31.0566 0.0415207 0.00230788
1 17.3559 31.0543 -0.00695726 -0.00398576
1 18.4743 31.0508 -0.0139591 -0.0115218
1 19.5951 31.0481 0.0104605 -0.0207833
1 20.7178 31.0472 0.0206906 -0.0225517
1 21.8398 31.0467 0.00575676 -0.0202816
1 22.9617 31.0469 -0.0185172 -0.0206696
1 24.0839 31.0476 -0.020651 -0.0210746
1 25.2061 31.0494 -0.00132476 -0.0162592
1 26.3259 31.0528 0.0170318 -0.00754582
1 27.4445 31.0559 -0.011826 -0.00110707
1 28.5646 31.0574 -0.0463285 0.00264621
1 29.6879 31.0577 -0.0552572 0.00362652
1 30.8132 31.0573 -0.0564136 -0.0036879
1 31.9358 31.0571 -0.041343 -0.015517
1 33.0547 31.057 -0.0159597 -0.0227938
1 34.1728 31.0573 0.0107801 -0.0253447
1 35.2904 31.0574 0.0363607 -0.0275789
1 36.4065 31.0582 0.0386485 -0.0192793
1 37.5199 31.0595 0.0327323 0.000814507
1 38.6305 31.0616 0.0282677 0.0188008
1 39.7398 31.0628 0.0207427 0.0285944
1 40.8494 31.0628 0.0285238 0.0365677
1 41.9586 31.0605 0.0319659 0.0398723
1 43.0687 31.0562 0.0236786 0.0326107
1 44.1874 31.0518 0.0351985 0.0282373
1 0.0473352 32.0151 -0.0491623 0.0275659
1 1.16561 32.0211 -0.0356357 0.0369885
1 2.27569 32.0267 -0.0413282 0.0416607
1 3.38531 32.03 -0.040766 0.0431708
1 4.49506 32.0316 -0.0281262 0.0418266
1 5.60396 32.0307 -0.0280884 0.040708
1 6.7134 32.028 -0.028646 0.0280798
1 7.82601 32.0259 -0.0410268 0.0106364
1 8.94211 32.0255 -0.0470588 -0.0112595
1 10.0606 32.0258 -0.0256511 -0.0195272
1 11.18 32.0261 -0.00262238 -0.0196193
1 12.2999 32.0261 0.0129634 -0.0111277
1 13.4231 32.0255 0.0322314 -0.000425751
1 14.5484 32.0254 0.0433877 0.0101648
1 15.6725 32.0249 0.0359224 0.015254
1 16.7939 32.0233 0.00764085 0.0174992
1 17.9137 32.021 -0.0144728 0.0127304
1 19.0342 32.0183 -0.00219108 -0.000661671
1 20.1568 32.0159 0.0109261 -0.00796817
1 21.2792 32.014 0.00985502 -0.00901297
1 22.401 32.0137 -0.00125348 -0.00841046
1 23.5226 32.0151 -0.00913321 -0.00629695
1 24.6454 32.017 -0.00483864 -0.00585027
1 25.7672 32.0196 0.0129497 0.00417572
1 26.8867 32.0224 0.00753817 0.0150904
1 28.0072 32.0245 -0.0309743 0.0169899
1 29.1295 32.0257 -0.042224 0.0114018
1 30.254 32.026 -0.0293997 0.00353924
1 31.3792 32.0261 -0.0167345 -0.00290236
1 32.5016 32.0264 -0.0053784 -0.0174658
1 33.6213 32.0263 0.0110413 -0.0200914
1 34.7399 32.0262 0.0357651 -0.0132191
1 35.8565 32.0258 0.0382568 -0.00123182
1 36.9706 32.0272 0.018818 0.0159972
1 38.082 32.0298 0.0186635 0.0326021
1 39.1919 32.032 0.0264265 0.0420111
1 40.301 32.0317 0.0328846 0.0441413
1 41.4103 32.0295 0.0366396 0.0402805
1 42.5199 32.0245 0.031254 0.0380987
1 43.6325 32.0175 0.0319718 0.0342055
1 0.600605 32.9815 -0.0344918 0.0370201
1 1.71295 32.9898 -0.0347681 0.038385
1 2.8223 32.9957 -0.0458318 0.0467363
1 3.93171 32.9992 -0.0432877 0.0492815
1 5.0421 33.0004 -0.0364542 0.0468165
1 6.1521 32.9991 -0.0171457 0.0500953
1 7.26257 32.9965 -0.00488431 0.047473
1 8.37484 32.9939 -0.0251624 0.0286113
1 9.49033 32.9929 -0.0346191 0.00879457
1 10.6098 32.9928 -0.0178153 -0.00492361
1 11.7314 32.9932 -0.0101385 -0.00899603
1 12.8554 32.9927 0.000755776 0.000772203
1 13.9811 32.9924 0.0172376 0.00748776
1 15.1061 32.9917 0.0264623 0.0188936
1 16.2293 32.9895 0.018127 0.0253863
1 17.351 32.9876 -0.00713708 0.0273625
1 18.4716 32.9858 -0.0115369 0.0248375
1 19.5945 32.9833 0.00190394 0.0125893
1 20.7186 32.9808 0.00692634 0.00224704
1 21.8402 32.9794 0.00347061 -0.0025257
1 22.9613 32.9801 -0.00402746 -0.00176584
1 24.0837 32.9821 -0.00874796 0.00659159
1 25.2078 32.9845 -0.00187435 0.0203069
1 26.3298 32.9867 0.0127366 0.0256212
1 27.4506 32.9888 8.50117e-05 0.0258299
1 28.573 32.9909 -0.0192843 0.0237773
1 29.6973 32.9925 -0.0183068 0.0102542
1 30.8225 32.9928 -0.012831 0.0022278
1 31.9468 32.9932 0.00322661 -0.0014978
1 33.0686 32.9931 0.0151742 -0.00905513
1 34.1893 32.993 0.0271882 -0.00147781
1 35.3084 32.9936 0.0356811 0.0174653
1 36.4237 32.9951 0.033138 0.0395372
1 37.5354 32.998 0.0291841 0.0508467
1 38.6449 33.0003 0.0345923 0.0514999
1 39.7549 33.0007 0.0436211 0.044994
1 40.8652 32.9983 0.0584913 0.0501157
1 41.9749 32.9934 0.0618911 0.0440627
1 43.0847 32.9858 0.0530645 0.0355744
1 44.2028 32.9759 0.0705954 0.0192008
1 0.0283803 33.9379 -0.0753574 0.0225866
1 1.14665 33.9505 -0.0580726 0.0356775
1 2.25654 33.9594 -0.0662334 0.0461853
1 3.36638 33.9645 -0.059436 0.0420813
1 4.47734 33.9669 -0.0477912 0.0391986
1 5.58822 33.9678 -0.0442139 0.0394853
1 6.69893 33.967 -0.0319035 0.0475352
1 7.81051 33.9643 -0.0209228 0.04821
1 8.92388 33.9607 -0.0151848 0.034305
1 10.0417 33.9582 -0.00517855 0.0134228
1 11.1626 33.9573 -0.00397605 -0.00409719
1 12.2856 33.9572 -0.003525 -0.00698756
1 13.4112 33.9574 0.0103068 -0.00484948
1 14.5377 33.957 0.0127329 0.00324941
1 15.663 33.9547 0.0110621 0.0151845
1 16.786 33.9522 -0.00104518 0.024889
1 17.9076 33.9503 -0.0147541 0.0304928
1 19.0311 33.9483 0.00383881 0.0267712
1 20.157 33.9459 0.0175286 0.0152383
1 21.2804 33.9448 0.0100105 -0.00437067
1 22.4012 33.9449 -0.00132165 -0.00920533
1 23.5223 33.9454 -0.0104097 0.00289038
1 24.6466 33.9471 -0.0114631 0.0216098
1 25.7717 33.9493 0.00651845 0.0313099
1 26.8939 33.9513 0.012457 0.0258561
1 28.0159 33.9536 -0.0138743 0.0178422
1 29.1398 33.9563 -0.0209643 0.0098446
1 30.2655 33.9575 -0.00720774 -0.00262585
1 31.392 33.9575 0.00434581 -0.0073084
1 32.5178 33.9575 0.00616744 -0.00579673
1 33.6402 33.9577 0.0104899 0.00403638
1 34.7594 33.9594 0.0199895 0.0240011
1 35.8744 33.9622 0.00732029 0.0408021
1 36.9865 33.9653 0.00233618 0.0446948
1 38.0977 33.9677 0.0229304 0.0415222
1 39.2085 33.9681 0.0448284 0.0397539
1 40.3199 33.9666 0.0514205 0.0414832
1 41.4302 33.9626 0.0591673 0.0413987
1 42.5398 33.9555 0.0514947 0.0405231
1 43.6522 33.9453 0.0517967 0.0377048
1 0.577078 34.9092 -0.0624335 0.0421725
1 1.69005 34.9209 -0.0591977 0.0502419
1 2.80084 34.928 -0.0580437 0.0462254
1 3.91177 34.932 -0.0503173 0.0510351
1 5.02329 34.9334 -0.0437313 0.0443626
1 6.13537 34.9337 -0.0297736 0.0394637
1 7.24851 34.9329 -0.00901409 0.0422041
1 8.36151 34.9304 -0.000899222 0.04804
1 9.47591 34.9258 0.0032178 0.0445559
1 10.594 34.9219 0.0126686 0.0221562
1 11.7155 34.9199 0.00712765 0.00569014
1 12.8411 34.9196 0.00802303 -0.00343407
1 13.9692 34.9198 0.015923 -0.00593725
1 15.0963 34.9184 0.0216019 0.00588936
1 16.2214 34.9158 0.0142988 0.0174506
1 17.3445 34.9133 -0.00964177 0.0286487
1 18.4675 34.9106 -0.00567471 0.0351012
1 19.5934 34.9087 0.0191013 0.0277393
1 20.7189 34.9084 0.022999 0.0107573
1 21.8405 34.9089 0.00572738 -0.00526364
1 22.9612 34.9088 -0.0192196 -0.00327888
1 24.084 34.9086 -0.027348 0.0154332
1 25.2099 34.9098 -0.0107124 0.0315021
1 26.3351 34.9119 0.0112192 0.0345673
1 27.458 34.9146 0.00539381 0.0217697
1 28.5818 34.9171 -0.011782 0.0124697
1 29.7084 34.9193 -0.0159974 -1.72806e-05
1 30.8362 34.9202 -0.0117745 -0.00729087
1 31.9623 34.9199 -0.00792111 -0.00111688
1 33.085 34.9205 -0.01962 0.012004
1 34.2051 34.9231 -0.0118471 0.0288207
1 35.3228 34.9276 0.00451589 0.0461371
1 36.4372 34.9317 0.0187157 0.0471404
1 37.5502 34.9337 0.0313898 0.0476546
1 38.6619 34.9343 0.0414861 0.0410346
1 39.7736 34.9332 0.0522186 0.0453116
1 40.8856 34.9305 0.063957 0.0473269
1 41.997 34.9253 0.0722037 0.054344
1 43.1077 34.9164 0.0667608 0.0511718
1 44.2255 34.9023 0.0756931 0.0472601
1 0.00444454 35.8686 -0.0696861 0.0590563
1 1.12145 35.8824 -0.0679066 0.0579866
1 2.23331 35.8908 -0.0721894 0.0563784
1 3.34562 35.896 -0.068985 0.0551828
1 4.45886 35.8985 -0.0501323 0.0512177
1 5.57138 35.8991 -0.042054 0.0472712
1 6.68393 35.8989 -0.0376215 0.0466402
1 7.79854 35.8977 -0.0305229 0.041978
1 8.91444 35.8945 -0.00960283 0.0473574
1 10.0322 35.8889 0.0164069 0.0456276
1 11.1512 35.8843 0.0278299 0.0305842
1 12.2725 35.8817 0.0248897 0.0123378
1 13.3989 35.8809 0.0214647 -0.000149784
1 14.5277 35.8796 0.0180152 -0.000968916
1 15.6553 35.8774 0.00971554 0.00932384
1 16.7808 35.875 -0.010558 0.0208556
1 17.9047 35.8719 -0.0188227 0.0319893
1 19.0299 35.8697 0.0154956 0.0331719
1 20.1565 35.8696 0.03613 0.020941
1 21.2801 35.8712 0.0213888 0.00542137
1 22.4012 35.8719 -0.00535534 0.0024032
1 23.5226 35.8705 -0.0265495 0.00789597
1 24.6472 35.8695 -0.0241989 0.0224734
1 25.7732 35.8706 0.00309859 0.0349051
1 26.8978 35.8733 0.0148995 0.0293582
1 28.0225 35.8761 -0.00861172 0.0116386
1 29.1487 35.8786 -0.02139 0.00445284
1 30.2772 35.8804 -0.0184039 0.00169056
1 31.4058 35.8815 -0.0164407 0.00329931
1 32.5306 35.8828 -0.0218668 0.017545
1 33.6508 35.886 -0.0180952 0.0355309
1 34.769 35.8909 -0.00233905 0.0469288
1 35.8846 35.896 0.000615524 0.0473168
1 36.999 35.8988 0.00606058 0.0450331
1 38.1129 35.8997 0.024703 0.0444362
1 39.2259 35.899 0.0381612 0.04799
1 40.3386 35.8978 0.0465656 0.0539235
1 41.4508 35.8936 0.0518252 0.0518051
1 42.5632 35.8873 0.0508079 0.0540107
1 43.6782 35.8769 0.0526868 0.0642774
1 0.552028 36.8454 -0.0495068 0.0761026
1 1.66765 36.853 -0.0484115 0.0553191
1 2.78077 36.8591 -0.0543018 0.0500271
1 3.89437 36.8629 -0.0471432 0.0458287
1 5.00807 36.8647 -0.0403005 0.0471374
1 6.12141 36.8647 -0.028244 0.043643
1 7.23601 36.8635 -0.0137744 0.0438279
1 8.35188 36.8611 -0.0141444 0.0412259
1 9.46864 36.8568 -0.00839526 0.0431196
1 10.5871 36.8514 0.013612 0.0376139
1 11.7067 36.8468 0.0310245 0.0261377
1 12.8299 36.8434 0.024171 0.0151072
1 13.9581 36.8405 0.0162132 0.00518901
1 15.0868 36.8377 0.0164201 0.00137426
1 16.2142 36.8352 -0.00294217 0.00618285
1 17.3403 36.8325 -0.026851 0.0198861
1 18.4654 36.8299 -0.00803967 0.0297396
1 19.5917 36.83 0.0209547 0.0239035
1 20.717 36.8322 0.0245968 0.0120747
1 21.8401 36.8337 0.00823568 0.00615511
1 22.9625 36.8331 -0.0240564 0.00597262
1 24.0861 36.8309 -0.0341599 0.0153302
1 25.2117 36.8297 -0.00872763 0.0249477
1 26.3378 36.8311 0.0220537 0.0251715
1 27.4635 36.8337 0.0186741 0.0147507
1 28.5901 36.8362 -0.00152329 0.00586768
1 29.7185 36.8392 -0.0100172 0.00231797
1 30.8473 36.8418 -0.0182252 0.00674569
1 31.9726 36.8444 -0.0274941 0.0167152
1 33.0934 36.8481 -0.0307209 0.0303329
1 34.2126 36.8535 -0.0130793 0.0463533
1 35.3306 36.8594 0.0075321 0.04715
1 36.4467 36.8632 0.0260755 0.0437114
1 37.5617 36.8649 0.0335628 0.0418074
1 38.6753 36.8648 0.0362764 0.0448396
1 39.7883 36.8639 0.037381 0.0450044
1 40.9022 36.8614 0.0554144 0.04723
1 42.0156 36.8564 0.0592791 0.0527065
1 43.1281 36.8498 0.0441249 0.0608665
1 44.2443 36.8422 0.0469408 0.0801223
1 -0.0103466 37.8133 -0.0451079 0.0857096
1 1.10615 37.8165 -0.0372468 0.0618783
1 2.21826 37.8216 -0.0476611 0.0538734
1 3.33193 37.8252 -0.048563 0.0410207
1 4.44657 37.8282 -0.0395894 0.036798
1 5.56069 37.8296 -0.0320485 0.0411895
1 6.67433 37.8291 -0.0299628 0.0451867
1 7.78966 37.827 -0.0296784 0.0441245
1 8.9064 37.8236 -0.0148112 0.0387855
1 10.0248 37.8184 0.00911083 0.0409088
1 11.1442 37.8131 0.0233212 0.0336609
1 12.2645 37.8084 0.0270334 0.025986
1 13.3892 37.8033 0.0197433 0.0195427
1 14.5172 37.7984 0.0124112 0.0102898
1 15.6449 37.7945 -0.000470982 0.00467867
1 16.772 37.7915 -0.0247849 0.00527843
1 17.8983 37.7893 -0.0292502 0.0156194
1 19.0242 37.789 0.00857555 0.0191953
1 20.1508 37.7911 0.0321829 0.00764795
1 21.277 37.7933 0.0218307 0.00762478
1 22.4022 37.7937 -0.00757856 0.0107229
1 23.5269 37.7922 -0.0280924 0.00641956
1 24.6531 37.7898 -0.0185682 0.0122956
1 25.7792 37.7888 0.0145758 0.0174166
1 26.9051 37.7903 0.0297149 0.0106306
1 28.0321 37.7928 0.00450214 0.00530589
1 29.1596 37.7963 -0.0117518 0.00811792
1 30.2878 37.8005 -0.015068 0.0124108
1 31.415 37.8052 -0.0253799 0.0212972
1 32.5374 37.8099 -0.0288708 0.0293445
1 33.6563 37.8153 -0.0194222 0.0419783
1 34.7741 37.8217 -0.00296601 0.0462594
1 35.8911 37.8263 0.0103858 0.0410902
1 37.0075 37.8288 0.0152752 0.0416416
1 38.1221 37.8296 0.0220544 0.0392233
1 39.2357 37.8296 0.0332473 0.0421943
1 40.3495 37.8272 0.0395707 0.041948
1 41.4631 37.8236 0.0389196 0.0489088
1 42.5761 37.819 0.0310814 0.0593243
1 43.6912 37.8154 0.0240718 0.0729135
1 0.546135 38.7836 -0.018076 0.0709364
1 1.6608 38.785 -0.0254842 0.0573375
1 2.774 38.7878 -0.0343876 0.0494798
1 3.88713 38.7908 -0.0377572 0.0451381
1 5.00142 38.7926 -0.03827 0.0364271
1 6.11572 38.7937 -0.0302412 0.0388776
1 7.23064 38.7926 -0.01291 0.0444359
1 8.34674 38.7892 -0.00990516 0.0411884
1 9.46373 38.7853 -0.0010724 0.0407131
1 10.5814 38.78 0.0156119 0.0442371
1 11.7005 38.7744 0.0219635 0.0334831
1 12.823 38.7682 0.0210471 0.0316518
1 13.9492 38.7615 0.0166105 0.0275562
1 15.0765 38.7553 0.0157974 0.017484
1 16.2029 38.7501 -0.0018639 0.00610172
1 17.3292 38.7474 -0.0272146 0.00572419
1 18.4549 38.7466 -0.0119895 0.00957108
1 19.5816 38.7478 0.0134865 0.00419713
1 20.71 38.7499 0.0223663 0.00564324
1 21.8386 38.7508 0.00618961 0.0136433
1 22.9669 38.7504 -0.0231038 0.00815871
1 24.0951 38.7488 -0.0249535 0.00451601
1 25.2227 38.7471 -0.00421446 0.00921013
1 26.3487 38.7471 0.0241875 0.00518228
1 27.4742 38.7485 0.0192952 0.00588664
1 28.6006 38.7522 -0.00553424 0.0155221
1 29.7278 38.7578 -0.0120402 0.0205726
1 30.8546 38.764 -0.018426 0.0282822
1 31.9786 38.7707 -0.0262583 0.0357243
1 33.0986 38.7772 -0.0287882 0.0407663
1 34.2165 38.7833 -0.00931522 0.0453751
1 35.3348 38.7881 0.0170072 0.0379365
1 36.4522 38.7913 0.0293516 0.0418775
1 37.5677 38.7938 0.0308366 0.0442867
1 38.6811 38.794 0.0338676 0.0399582
1 39.7951 38.7924 0.0334726 0.0376648
1 40.9088 38.7899 0.0399083 0.0492943
1 42.021 38.7869 0.0368992 0.0549973
1 43.1324 38.7835 0.0275268 0.0607374
1 44.2499 38.7837 0.0399244 0.0653318
1 -0.0102916 39.7526 -0.0353338 0.0612848
1 1.10713 39.7507 -0.0265375 0.060967
1 2.21857 39.752 -0.0364328 0.0521501
1 3.33051 39.755 -0.0379741 0.0466265
1 4.44344 39.7563 -0.0326569 0.0407095
1 5.55654 39.7578 -0.0380349 0.036019
1 6.67097 39.7577 -0.0381081 0.0335953
1 7.7869 39.7553 -0.0350655 0.037801
1 8.90371 39.7519 -0.0206838 0.0348918
1 10.0215 39.7479 0.00725008 0.0354806
1 11.1396 39.742 0.0256894 0.0346569
1 12.2593 39.735 0.0211446 0.0342738
1 13.3832 39.727 0.0182799 0.0292698
1 14.5098 39.7193 0.00880851 0.0242563
1 15.6361 39.7119 0.00455938 0.0153371
1 16.7609 39.7071 -0.00778865 -0.00066898
1 17.8856 39.7053 -0.0187993 -0.0027861
1 19.0114 39.7048 -0.000280122 0.000492073
1 20.1406 39.7054 0.020522 -0.00300614
1 21.2721 39.7059 0.01595 0.00295306
1 22.4038 39.7059 -0.0090856 0.00710752
1 23.535 39.7058 -0.0154812 0.000496296
1 24.6654 39.7053 -0.00600672 -0.000595969
1 25.7924 39.7052 0.00753334 0.000568058
1 26.917 39.7062 0.0148485 -0.0031631
1 28.0418 39.7091 -0.00477824 0.0044294
1 29.1673 39.7148 -0.0161743 0.0182993
1 30.2939 39.7222 -0.0131158 0.0247426
1 31.4196 39.7305 -0.013382 0.0348655
1 32.5416 39.7386 -0.0179579 0.0409732
1 33.6602 39.7457 -0.0111593 0.0383351
1 34.7778 39.7507 0.00452716 0.0311265
1 35.8946 39.7541 0.0100205 0.0335985
1 37.0107 39.7572 0.0150055 0.0376501
1 38.1255 39.7589 0.03066 0.0322061
1 39.2395 39.7578 0.0423692 0.0370418
1 40.3525 39.7563 0.0369554 0.0456021
1 41.4647 39.7541 0.033708 0.049045
1 42.5766 39.7515 0.0269655 0.0590586
1 43.6895 39.7502 0.0206567 0.065234
1 0.551836 40.7173 -0.0184219 0.0638568
1 1.66478 40.7169 -0.0206135 0.0628636
1 2.77568 40.719 -0.0318746 0.0530011
1 3.88758 40.721 -0.0346089 0.0507054
1 4.99965 40.722 -0.029331 0.0433709
1 6.11294 40.7218 -0.0278298 0.0337176
1 7.22761 40.7204 -0.017652 0.035941
1 8.34391 40.7175 -0.0131822 0.0303841
1 9.46088 40.7144 -0.00464239 0.0308367
1 10.5788 40.7098 0.0108354 0.0369253
1 11.6976 40.7029 0.0178974 0.0434977
1 12.8196 40.6936 0.0181125 0.0401632
1 13.9445 40.6842 0.010155 0.0297038
1 15.0706 40.6756 0.0135635 0.0218815
1 16.1955 40.6685 0.0137878 0.00290881
1 17.3192 40.665 -0.00489576 -0.0039848
1 18.4432 40.6627 -0.0076902 0.00315453
1 19.5711 40.6604 0.000291936 -0.000887205
1 20.7032 40.6592 0.010793 -0.00496017
1 21.8369 40.6585 0.00278247 -0.00266732
1 22.9712 40.6588 -0.0148917 -0.00109817
1 24.1042 40.66 -0.00935939 -0.00237287
1 25.234 40.6619 0.00323854 0.00142749
1 26.3598 40.6642 0.0106181 -0.000901475
1 27.4834 40.6665 0.000232639 -0.00429202
1 28.6075 40.6713 -0.0111713 0.0121256
1 29.7332 40.6791 -0.0103347 0.0286011
1 30.8585 40.6882 -0.0193041 0.0373193
1 31.9813 40.698 -0.0280812 0.0410643
1 33.1007 40.7068 -0.0284196 0.0402202
1 34.2189 40.7129 -0.00870441 0.0341259
1 35.3371 40.7166 0.0210511 0.0308314
1 36.4542 40.7197 0.0357518 0.0317343
1 37.5697 40.7223 0.0378336 0.035261
1 38.6836 40.7227 0.0352629 0.0349549
1 39.7963 40.722 0.0375226 0.044857
1 40.9086 40.7203 0.0528725 0.051093
1 42.0205 40.7179 0.0494815 0.0616226
1 43.1316 40.7172 0.0366847 0.0693281
1 44.2485 40.7161 0.0421342 0.065989
1 -0.00735363 41.682 -0.0424753 0.0618224
1 1.11073 41.6824 -0.0376087 0.0654932
1 2.22104 41.6834 -0.0447736 0.0668716
1 3.33249 41.6849 -0.0508869 0.0543475
1 4.44486 41.6867 -0.038065 0.0449073
1 5.55721 41.6865 -0.0328031 0.0442837
1 6.67028 41.6854 -0.0289034 0.034145
1 7.7855 41.6822 -0.0286504 0.0281184
1 8.90257 41.6796 -0.019511 0.0269891
1 10.0209 41.6761 0.00388832 0.0306966
1 11.1399 41.6704 0.0241503 0.0358302
1 12.2598 41.6617 0.0273536 0.0467584
1 13.3819 41.651 0.0251966 0.041897
1 14.506 41.6405 0.0193379 0.0287539
1 15.6312 41.6314 0.0145871 0.00807553
1 16.7551 41.626 0.00353916 -0.00742085
1 17.8787 41.6221 -0.00817053 0.00361964
1 19.0049 41.6172 -0.00571539 0.00828253
1 20.1357 41.6127 0.00907152 -0.00399044
1 21.2693 41.61 0.0142695 -0.014168
1 22.4044 41.6096 -0.00502453 -0.0134895
1 23.539 41.6113 -0.0106771 -0.00639811
1 24.6712 41.6152 0.00120134 -0.00037002
1 25.7991 41.6201 0.00759682 0.00507308
1 26.9238 41.6243 0.000296182 -0.00336651
1 28.0474 41.6281 -0.0173503 -0.00258201
1 29.1714 41.635 -0.023476 0.0195814
1 30.2962 41.645 -0.0199438 0.0367876
1 31.4196 41.6561 -0.0213318 0.0460553
1 32.5405 41.6662 -0.0191543 0.0441844
1 33.6602 41.674 -0.00577408 0.0357614
1 34.7791 41.6786 0.0077318 0.0261702
1 35.8969 41.6816 0.00905229 0.0273888
1 37.0127 41.685 0.0109064 0.0335249
1 38.1269 41.6868 0.0261982 0.0319969
1 39.2399 41.6866 0.0337895 0.0440148
1 40.3525 41.6863 0.036005 0.0521119
1 41.4642 41.6844 0.0335235 0.0597154
1 42.5754 41.6827 0.0304466 0.0641363
1 43.6897 41.6822 0.0278387 0.0640713
1 0.552176 42.6462 -0.0356979 0.0628293
1 1.66627 42.6481 -0.032923 0.060579
1 2.77789 42.6496 -0.0356966 0.0578831
1 3.88946 42.6511 -0.0355169 0.0497347
1 5.0017 42.652 -0.0338079 0.0410522
1 6.11459 42.6514 -0.0217145 0.0310843
1 7.22858 42.6484 -0.00849839 0.031701
1 8.34396 42.6447 -0.00582822 0.0242667
1 9.46144 42.6413 -0.00607999 0.0232312
1 10.581 42.6367 -0.000362221 0.0275245
1 11.7018 42.6302 0.0125017 0.0367999
1 12.8231 42.6204 0.0272504 0.0428119
1 13.9455 42.6082 0.0323651 0.0370432
1 15.0687 42.5965 0.0348753 0.0202514
1 16.1923 42.5881 0.0187457 -0.00673592
1 17.3167 42.5828 -0.00540064 -0.00395295
1 18.4427 42.5763 -0.00778593 0.00617987
1 19.5719 42.569 -0.000627185 -0.00274453
1 20.7036 42.5634 0.0142484 -0.0140292
1 21.8368 42.5609 0.0078718 -0.0255926
1 22.9709 42.5618 -0.0180227 -0.0221148
1 24.1036 42.5662 -0.0146661 -0.00785762
1 25.2338 42.5729 0.0043311 0.00244101
1 26.3611 42.58 0.0107588 0.000872787
1 27.4861 42.5854 -0.00824367 -0.0106649
1 28.6097 42.5916 -0.0268524 0.00616823
1 29.7332 42.6015 -0.0277921 0.0294928
1 30.8562 42.6135 -0.028766 0.0431999
1 31.9776 42.6253 -0.0244592 0.0434597
1 33.0982 42.6339 -0.0113249 0.0342475
1 34.2184 42.64 -0.00276737 0.0276961
1 35.337 42.644 0.00954306 0.0250391
1 36.4535 42.6474 0.0209674 0.0231388
1 37.5689 42.6505 0.0337133 0.0249738
1 38.6829 42.6518 0.0346751 0.0365488
1 39.7955 42.6519 0.0401967 0.0494705
1 40.9076 42.6508 0.0450128 0.0556266
1 42.0193 42.6489 0.0463362 0.057267
1 43.1312 42.6468 0.0410635 0.0610197
1 44.2496 42.647 0.0463188 0.0632369
1 -0.0107275 43.6085 -0.0380858 0.0600332
1 1.10895 43.6105 -0.0353682 0.0594721
1 2.22199 43.6129 -0.0429923 0.0570009
1 3.33413 43.6156 -0.0424492 0.0558778
1 4.44616 43.6168 -0.0315357 0.0475276
1 5.55872 43.6169 -0.0296946 0.0357553
1 6.67235 43.6148 -0.0316678 0.0292775
1 7.78787 43.6106 -0.0238451 0.023037
1 8.90511 43.6064 -0.0110728 0.0288496
1 10.0238 43.6021 0.00619443 0.0296881
1 11.1441 43.5964 0.0145669 0.0276813
1 12.2656 43.5889 0.0209407 0.035498
1 13.3877 43.5782 0.0332166 0.0422967
1 14.51 43.5651 0.0438231 0.0361039
1 15.6325 43.5528 0.0367351 0.0145658
1 16.7561 43.544 0.0130073 -0.000354541
1 17.8828 43.5359 -0.00837433 0.00495006
1 19.0119 43.5272 -0.00109231 0.00280409
1 20.1416 43.5194 0.0196249 -0.00844911
1 21.272 43.5146 0.0198185 -0.018759
1 22.403 43.5136 -0.0110724 -0.0242
1 23.5338 43.5166 -0.021613 -0.0168681
1 24.6642 43.5234 -0.00801935 -0.00370903
1 25.7935 43.5318 0.00668893 0.00583756
1 26.9214 43.5402 0.00487788 0.00216441
1 28.0467 43.5482 -0.0277537 0.00510283
1 29.1693 43.5581 -0.0513102 0.0244292
1 30.2915 43.5707 -0.042455 0.039771
1 31.4134 43.5837 -0.0269077 0.0434541
1 32.5351 43.5933 -0.0102727 0.0332851
1 33.6568 43.6 0.00310429 0.0344532
1 34.7765 43.6057 0.00212627 0.029007
1 35.8941 43.6096 0.00220147 0.0173989
1 37.0104 43.6129 0.0150728 0.0192506
1 38.125 43.6159 0.0255343 0.030531
1 39.2378 43.617 0.0327487 0.039542
1 40.3506 43.6163 0.0383423 0.0550223
1 41.4626 43.6142 0.0371287 0.0575555
1 42.575 43.6114 0.0309787 0.0602041
1 43.6894 43.6102 0.0314521 0.0610123
1 0.549549 44.5716 -0.0270122 0.0625337
1 1.6648 44.5738 -0.03079 0.0601849
1 2.7775 44.5778 -0.0381137 0.0552901
1 3.89057 44.58 -0.0387755 0.053053
1 5.00365 44.5811 -0.0319218 0.0367648
1 6.11697 44.5802 -0.022809 0.0301948
1 7.23135 44.576 -0.0138492 0.0235786
1 8.34764 44.5712 -0.011438 0.0243181
1 9.46629 44.5662 -0.00812385 0.0281991
1 10.587 44.5606 0.00174061 0.0250749
1 11.7088 44.5547 0.0120975 0.0240684
1 12.8314 44.5467 0.0288034 0.0257202
1 13.9538 44.5345 0.0505351 0.0292558
1 15.076 44.5205 0.0572935 0.0294433
1 16.1989 44.5072 0.0380778 0.0147315
1 17.3245 44.4956 0.00456882 0.00538415
1 18.4534 44.485 -0.00776144 -0.000332526
1 19.5828 44.4766 0.00845718 -0.0128851
1 20.711 44.4708 0.0220161 -0.0215315
1 21.8382 44.4683 0.0059604 -0.0285964
1 22.9659 44.4689 -0.0200725 -0.0252104
1 24.0938 44.4734 -0.0188239 -0.0175829
1 25.2223 44.481 -0.00244678 -0.00503366
1 26.3515 44.4905 0.00365048 0.00620506
1 27.4789 44.5014 -0.0192872 0.00693512
1 28.6028 44.5134 -0.0491259 0.0189347
1 29.7254 44.5265 -0.0514007 0.0297241
1 30.848 44.5401 -0.0342478 0.0323958
1 31.9708 44.5515 -0.0197983 0.0287158
1 33.0926 44.5583 -0.0135149 0.0261061
1 34.2134 44.5645 -0.00481117 0.0324805
1 35.3328 44.5701 0.011997 0.0221685
1 36.4506 44.5737 0.0240996 0.0104176
1 37.5667 44.578 0.0288998 0.0266227
1 38.6807 44.5814 0.0249996 0.0347287
1 39.7934 44.5807 0.0262759 0.0445554
1 40.9058 44.5791 0.0370494 0.056438
1 42.0185 44.5758 0.0349243 0.0602139
1 43.1315 44.5724 0.0266557 0.0607423
1 44.2536 44.5705 0.0193273 0.0616421
1 -0.015061 45.5311 -0.0273017 0.0702852
1 1.10673 45.5342 -0.03454 0.0671091
1 2.21991 45.539 -0.0363512 0.0603459
1 3.33367 45.5423 -0.0402402 0.0548095
1 4.44729 45.5447 -0.0335674 0.0415306
1 5.56151 45.5453 -0.0266915 0.02905
1 6.67623 45.5427 -0.0229852 0.0259175
1 7.79167 45.537 -0.0180565 0.0250989
1 8.91002 45.5303 -0.0113996 0.0313244
1 10.0306 45.5243 0.0034224 0.0299319
1 11.1518 45.5193 0.0178731 0.0180599
1 12.2746 45.5133 0.0239556 0.0128961
1 13.3982 45.5037 0.0439591 0.0177217
1 14.5215 45.4899 0.0597747 0.0247008
1 15.6455 45.4743 0.0497788 0.0307559
1 16.77 45.4586 0.0302952 0.0216614
1 17.8969 45.4446 0.00613831 0.00579433
1 19.0248 45.4345 0.00504756 -0.00639068
1 20.1512 45.4288 0.0150722 -0.0203204
1 21.2764 45.426 0.0116244 -0.0316728
1 22.4015 45.4254 -0.00580949 -0.0308355
1 23.5266 45.4271 -0.0134938 -0.0219401
1 24.6523 45.4316 -0.0114792 -0.012586
1 25.7793 45.4396 -0.00539515 0.00157615
1 26.9071 45.4518 -0.0134661 0.0126492
1 28.0328 45.4663 -0.0428531 0.0215908
1 29.1567 45.4812 -0.0626236 0.0237355
1 30.2804 45.4957 -0.0515306 0.0226281
1 31.4038 45.5086 -0.0281279 0.0204191
1 32.5274 45.5174 -0.0139842 0.0200233
1 33.6496 45.5227 -0.00335346 0.0281862
1 34.7705 45.5286 0.00513875 0.0280147
1 35.8901 45.5343 0.0106345 0.0144509
1 37.0069 45.5394 0.0180239 0.0246885
1 38.1219 45.5446 0.0259512 0.0321789
1 39.2364 45.5458 0.0289117 0.0370297
1 40.3503 45.544 0.0355005 0.0542249
1 41.4638 45.5414 0.0348803 0.0619324
1 42.5768 45.5374 0.0297387 0.0654361
1 43.691 45.5314 0.0303222 0.0690819
1 0.545963 46.4932 -0.0264205 0.0716006
1 1.65982 46.5006 -0.020252 0.0669135
1 2.77382 46.5044 -0.0272475 0.0619161
1 3.88843 46.5075 -0.0250232 0.0496009
1 5.00344 46.5089 -0.0212658 0.0380976
1 6.11963 46.5084 -0.0250525 0.0258143
1 7.23613 46.5042 -0.0174298 0.027243
1 8.35388 46.496 -0.0116653 0.0346128
1 9.4736 46.4882 -0.00676197 0.0339017
1 10.5949 46.4831 0.00604553 0.0236587
1 11.7181 46.4782 0.0186338 0.0115866
1 12.8433 46.4714 0.0357127 0.00139446
1 13.9683 46.4594 0.0564735 0.0170691
1 15.0937 46.4431 0.0595603 0.0360155
1 16.2191 46.4257 0.0474639 0.0353077
1 17.3443 46.4084 0.0253876 0.0227644
1 18.4694 46.395 0.013143 0.00650339
1 19.5927 46.3886 0.0172592 -0.00690641
1 20.7154 46.3856 0.010441 -0.0216413
1 21.8389 46.3841 0.00183751 -0.0388016
1 22.963 46.3849 -0.00789701 -0.0295274
1 24.0862 46.3873 -0.0191705 -0.0106346
1 25.2091 46.3916 -0.00882777 0.00151886
1 26.3338 46.4017 -0.01451 0.0142645
1 27.459 46.417 -0.0379366 0.0262405
1 28.5843 46.4337 -0.0539671 0.0345606
1 29.7097 46.4501 -0.0635261 0.0240077
1 30.8344 46.4648 -0.0494409 0.0100352
1 31.9596 46.4756 -0.0248979 0.0136422
1 33.0839 46.4819 -0.0178104 0.0197402
1 34.2056 46.4862 -0.00533045 0.0310253
1 35.3265 46.4929 0.00981718 0.0331869
1 36.4451 46.5006 0.0127873 0.0206499
1 37.5614 46.5066 0.0253107 0.0243319
1 38.6783 46.5094 0.0315462 0.0347733
1 39.7941 46.5087 0.0312664 0.0449843
1 40.9092 46.5062 0.0415818 0.0633379
1 42.0241 46.5033 0.0378107 0.0683612
1 43.1384 46.4979 0.0381673 0.0632635
1 44.2585 46.4876 0.0365567 0.0698053
1 -0.0257731 47.4488 -0.0368137 0.0620413
1 1.09523 47.4655 -0.0346372 0.0669706
1 2.21243 47.4693 -0.0319967 0.0672411
1 3.32901 47.4726 -0.0252922 0.0536974
1 4.44541 47.4751 -0.0215783 0.0489669
1 5.56252 47.4751 -0.014186 0.0251679
1 6.68104 47.4737 -0.0218961 0.014993
1 7.80011 47.4669 -0.0181903 0.0293428
1 8.91928 47.4568 -0.0046728 0.0366633
1 10.0386 47.45 0.010503 0.0273039
1 11.1605 47.4454 0.0234665 0.0150606
1 12.2866 47.4393 0.0287918 -0.0110123
1 13.4147 47.431 0.0423023 -0.00665465
1 14.5428 47.4158 0.0551031 0.0258308
1 15.6697 47.3974 0.055272 0.038691
1 16.7946 47.3795 0.0440662 0.0331895
1 17.9171 47.3632 0.0245013 0.0132015
1 19.0371 47.3543 0.0211552 -0.00366109
1 20.1567 47.3513 0.0292077 -0.0118562
1 21.2779 47.3482 0.018062 -0.034669
1 22.4007 47.3475 -0.00710922 -0.0484633
1 23.5233 47.3502 -0.0275751 -0.0265196
1 24.6439 47.3529 -0.0263986 -0.00370539
1 25.7632 47.3585 -0.0193102 0.00318319
1 26.8843 47.3713 -0.0318855 0.0196678
1 28.0083 47.3881 -0.0507794 0.0365534
1 29.1343 47.4056 -0.0618114 0.032458
1 30.2611 47.4224 -0.0505121 0.00867893
1 31.3889 47.4352 -0.0328654 -0.00507108
1 32.5168 47.4438 -0.0217112 0.00856817
1 33.6412 47.4487 -0.0131182 0.0224728
1 34.7614 47.4538 -0.00179658 0.0323031
1 35.8808 47.4631 0.0104431 0.0272629
1 37 47.471 0.0234116 0.0101053
1 38.1194 47.4744 0.0221663 0.0182687
1 39.2377 47.476 0.0110353 0.0416918
1 40.3535 47.4741 0.012452 0.0541452
1 41.469 47.472 0.0241305 0.0642705
1 42.5862 47.4675 0.0246768 0.0568288
1 43.704 47.4603 0.0318422 0.062905
