1 0.783726 0.261831 0.0727859 0.0788466
1 1.90079 0.255261 0.0689076 0.0742584
1 3.01551 0.252085 0.0694549 0.0775932
1 4.12925 0.249839 0.0719117 0.0749196
1 5.24263 0.248206 0.067418 0.0778037
1 6.35615 0.246509 0.0718468 0.0735679
1 7.46919 0.24628 0.0691618 0.0744753
1 8.5828 0.24442 0.0680215 0.0811586
1 9.69578 0.242756 0.0698899 0.0719519
1 10.8084 0.243592 0.0581861 0.0655388
1 11.9195 0.24311 0.0423681 0.0731177
1 13.0281 0.239428 0.00498449 0.0690303
1 14.1333 0.23626 -0.0314578 0.041278
1 15.2353 0.236067 -0.0391634 0.0185873
1 16.3374 0.238019 -0.0260894 0.0150075
1 17.4402 0.240745 -0.0123769 0.0188659
1 18.5419 0.243034 -0.00854337 0.0215864
1 19.643 0.244254 -0.00772347 0.0227218
1 20.7443 0.244906 -0.000600357 0.023396
1 21.845 0.245417 0.00068796 0.0245685
1 22.9453 0.245307 -0.00216074 0.0237858
1 24.0463 0.244777 0.00557999 0.0227199
1 25.1476 0.244123 0.00963167 0.021945
1 26.2486 0.242431 0.00771941 0.0205756
1 27.3509 0.239593 0.0174926 0.0164706
1 28.4536 0.236571 0.032993 0.0132066
1 29.5553 0.234867 0.0402028 0.0252144
1 30.6589 0.236264 0.0184666 0.0574626
1 31.7665 0.240791 -0.0273204 0.0791052
1 32.8762 0.243913 -0.0560789 0.0705156
1 33.9881 0.243109 -0.0621414 0.0647036
1 35.101 0.243131 -0.0700178 0.0782922
1 36.214 0.245673 -0.0679898 0.0788344
1 37.3274 0.246008 -0.0710692 0.0692071
1 38.4408 0.24678 -0.0687659 0.0810084
1 39.5543 0.249771 -0.0725555 0.0765568
1 40.6675 0.250633 -0.0709371 0.0717113
1 41.7817 0.25335 -0.0691579 0.0788419
1 42.8971 0.257631 -0.0720771 0.0743485
1 44.0177 0.274133 -0.0705153 0.0742196
1 0.230184 1.23359 0.0734515 0.0744655
1 1.35009 1.22517 0.073141 0.0749782
1 2.46287 1.22075 0.070669 0.0773105
1 3.57553 1.21807 0.0710548 0.075845
1 4.6884 1.21645 0.0707908 0.0747736
1 5.80098 1.21464 0.0745568 0.0791892
1 6.91367 1.21356 0.0711485 0.0721304
1 8.02697 1.2127 0.0698084 0.0778903
1 9.13985 1.21078 0.0718406 0.0781791
1 10.2522 1.21052 0.0640526 0.0681568
1 11.3646 1.21076 0.0516001 0.0720304
1 12.4747 1.20914 0.0335044 0.076105
1 13.5815 1.20656 -0.00390121 0.0652214
1 14.6849 1.20581 -0.0266688 0.0392559
1 15.7864 1.20757 -0.0237974 0.0178654
1 16.8885 1.21006 -0.0178972 0.0132509
1 17.9906 1.21228 -0.0129502 0.0177837
1 19.0918 1.21411 -0.00859616 0.0210435
1 20.1932 1.2153 -0.00447807 0.0220951
1 21.2945 1.21578 -0.000530793 0.0234035
1 22.395 1.21591 -8.86902e-05 0.0238067
1 23.496 1.21578 0.00185078 0.0226472
1 24.5975 1.21509 0.00715148 0.0216166
1 25.6987 1.21362 0.0098933 0.0197459
1 26.8003 1.21152 0.0156691 0.014282
1 27.9028 1.20875 0.0217654 0.0121775
1 29.0045 1.20581 0.0250983 0.0263812
1 30.1064 1.2048 0.0159703 0.053896
1 31.2114 1.20685 -0.0150079 0.072959
1 32.3203 1.20974 -0.04283 0.0767812
1 33.432 1.21087 -0.0592663 0.0719524
1 34.5441 1.21059 -0.0707843 0.0705427
1 35.6565 1.21165 -0.068249 0.078589
1 36.7697 1.21317 -0.0687589 0.0746081
1 37.8827 1.21359 -0.0694689 0.0737341
1 38.9956 1.21544 -0.0695207 0.0780853
1 40.1086 1.21733 -0.0699761 0.076163
1 41.221 1.21938 -0.0704475 0.0753353
1 42.3337 1.22258 -0.0684014 0.0767444
1 43.4466 1.22987 -0.0714159 0.0786446
1 0.796524 2.19057 0.0703232 0.0774598
1 1.91002 2.18576 0.0716691 0.0766855
1 3.02184 2.18241 0.0683867 0.0753176
1 4.13404 2.18023 0.0706818 0.0767872
1 5.24613 2.1784 0.0724304 0.0755727
1 6.35851 2.1772 0.0702444 0.0745913
1 7.47136 2.1759 0.0697924 0.0782333
1 8.58418 2.17438 0.0707382 0.0754656
1 9.69653 2.17378 0.0678576 0.0724231
1 10.8086 2.17331 0.0586854 0.0746315
1 11.9198 2.17261 0.04208 0.0726076
1 13.0283 2.17138 0.0161003 0.0710404
1 14.133 2.17032 -0.00616831 0.0592353
1 15.235 2.17165 -0.00977881 0.0384345
1 16.3373 2.17464 -0.00962936 0.0234328
1 17.4401 2.17746 -0.0131902 0.0145519
1 18.5415 2.17953 -0.0137505 0.0144787
1 19.6423 2.18078 -0.0087066 0.02015
1 20.7439 2.18157 -0.00133016 0.0225328
1 21.8448 2.182 0.000333652 0.0216899
1 22.9454 2.18193 -0.000732178 0.0224247
1 24.0469 2.18142 0.00651194 0.0221031
1 25.1482 2.18054 0.0125777 0.0171369
1 26.249 2.17893 0.0115933 0.0130901
1 27.3511 2.17628 0.00975509 0.0175024
1 28.454 2.17273 0.00982344 0.028222
1 29.5561 2.16969 0.0138898 0.0467528
1 30.6594 2.16951 -0.00179123 0.0696865
1 31.7658 2.1716 -0.0342173 0.0764816
1 32.8758 2.173 -0.0532658 0.0720532
1 33.9877 2.17348 -0.0657396 0.0736771
1 35.0996 2.17416 -0.0712803 0.0755396
1 36.2123 2.17521 -0.0654334 0.0744347
1 37.3254 2.17622 -0.0731056 0.0738687
1 38.4375 2.17742 -0.0728829 0.0762928
1 39.55 2.17927 -0.0707272 0.0762529
1 40.6621 2.18141 -0.0740578 0.0766811
1 41.7739 2.18386 -0.0712252 0.0774964
1 42.8859 2.18834 -0.0727302 0.0745008
1 44.0072 2.19208 -0.0752464 0.0767315
1 0.235269 3.15226 0.0744914 0.0750538
1 1.35622 3.14986 0.0701362 0.0718445
1 2.46844 3.14671 0.0712818 0.0774257
1 3.57998 3.14395 0.0706617 0.0755714
1 4.69191 3.14199 0.0706512 0.0742863
1 5.80364 3.14045 0.071001 0.0760764
1 6.91623 3.139 0.0679367 0.0763024
1 8.02874 3.1376 0.0715144 0.0762514
1 9.14103 3.13667 0.0691308 0.0733054
1 10.2531 3.13608 0.0661543 0.074124
1 11.3642 3.13524 0.0547524 0.073667
1 12.4734 3.13474 0.0334339 0.0702941
1 13.5793 3.13404 0.0025408 0.0683041
1 14.6826 3.13428 -0.0114332 0.0547025
1 15.7851 3.13708 0.000488635 0.0375776
1 16.8885 3.14103 0.00484124 0.0266318
1 17.9914 3.14434 -0.00486613 0.0204143
1 19.0925 3.14623 -0.0128351 0.0167477
1 20.1934 3.14706 -0.00953914 0.0167242
1 21.2944 3.14743 -0.0021965 0.0212335
1 22.395 3.14755 2.38751e-05 0.0229271
1 23.4959 3.14739 0.00471639 0.0187008
1 24.597 3.14696 0.0136203 0.0161981
1 25.6978 3.14574 0.010202 0.0181768
1 26.8 3.14299 0.000293135 0.0227459
1 27.9038 3.13885 -0.00470345 0.0311155
1 29.0067 3.13488 0.00211341 0.0448493
1 30.1087 3.13303 0.00431187 0.0609625
1 31.2128 3.13349 -0.0178866 0.0708381
1 32.3207 3.13462 -0.0401479 0.0745813
1 33.4317 3.13563 -0.05708 0.0751253
1 34.5434 3.13636 -0.0693425 0.0734573
1 35.6554 3.13713 -0.0680557 0.0753362
1 36.7681 3.13825 -0.0688769 0.0756428
1 37.8805 3.13951 -0.072936 0.0751893
1 38.9924 3.14101 -0.0744824 0.076116
1 40.1043 3.14303 -0.0712547 0.0767985
1 41.2161 3.14535 -0.0725695 0.0728781
1 42.3279 3.14837 -0.0726821 0.0754719
1 43.4421 3.15094 -0.0727909 0.0794321
1 0.799608 4.11237 0.073372 0.0782279
1 1.9139 4.11028 0.0703881 0.0763859
1 3.02563 4.10788 0.0729069 0.0755673
1 4.13733 4.10573 0.0723305 0.0784414
1 5.2489 4.1038 0.0766126 0.0761896
1 6.36077 4.10237 0.073275 0.0767534
1 7.47296 4.10079 0.0735906 0.079375
1 8.58501 4.09967 0.069678 0.0742887
1 9.69726 4.09909 0.067727 0.0753453
1 10.8085 4.09803 0.058835 0.0782516
1 11.9188 4.09744 0.0365144 0.0710606
1 13.0263 4.09735 0.0148155 0.0700218
1 14.13 4.09708 -0.00252385 0.0649227
1 15.2319 4.09881 0.00290249 0.04876
1 16.3347 4.10271 0.0118471 0.0390722
1 17.4391 4.10695 0.0087138 0.0333489
1 18.5423 4.11052 0.00224892 0.0271146
1 19.6438 4.1127 -0.00564962 0.0221244
1 20.745 4.1133 -0.00736168 0.018646
1 21.8451 4.11326 -0.00216127 0.0172101
1 22.9447 4.11336 0.00431739 0.0175014
1 24.0456 4.1133 0.00927676 0.0199509
1 25.147 4.11202 0.00266494 0.0245225
1 26.2492 4.10903 -0.00789825 0.0302327
1 27.3532 4.10482 -0.0129673 0.0357478
1 28.4569 4.10026 -0.00834067 0.0420585
1 29.5592 4.09695 0.0106107 0.0551418
1 30.6623 4.09625 0.000802258 0.0697493
1 31.7676 4.09696 -0.0378251 0.0736206
1 32.8759 4.09757 -0.0574363 0.0740124
1 33.9869 4.09836 -0.0638698 0.0765303
1 35.0986 4.09937 -0.0711074 0.0771923
1 36.2105 4.10027 -0.0687604 0.0751843
1 37.3229 4.10139 -0.066613 0.0763666
1 38.4351 4.10287 -0.0692778 0.0784841
1 39.5469 4.10471 -0.0685837 0.0764275
1 40.6588 4.10681 -0.0692261 0.0766206
1 41.7704 4.10904 -0.0686348 0.0792915
1 42.8827 4.11149 -0.068224 0.0735352
1 44.0029 4.11327 -0.067682 0.0725477
1 0.238307 5.07448 0.0714301 0.0754315
1 1.35843 5.0732 0.0694962 0.0760211
1 2.47085 5.0712 0.0702662 0.0751045
1 3.58245 5.06907 0.0694327 0.075424
1 4.69422 5.06727 0.0693126 0.0749685
1 5.80581 5.06546 0.0710762 0.0785366
1 6.9179 5.06385 0.0725144 0.0750042
1 8.02964 5.06286 0.0711231 0.0742415
1 9.1419 5.06171 0.0669937 0.0774929
1 10.2536 5.06065 0.0666525 0.0749976
1 11.3639 5.06024 0.0535314 0.0708425
1 12.4718 5.06007 0.034238 0.0707424
1 13.5763 5.05978 0.00130214 0.0678093
1 14.6791 5.06061 -0.0133033 0.0544602
1 15.7816 5.06368 0.00738797 0.0435019
1 16.8852 5.06798 0.0192828 0.0385549
1 17.9892 5.07239 0.0154851 0.0353267
1 19.0921 5.076 0.00793887 0.032739
1 20.1945 5.0783 0.00341667 0.0255384
1 21.2956 5.07952 0.00309389 0.0153914
1 22.3946 5.07981 -0.00159122 0.0123743
1 23.4945 5.07914 -0.00399171 0.020084
1 24.5965 5.07749 -0.00394059 0.0299882
1 25.6991 5.07451 -0.0111847 0.0339352
1 26.8029 5.0702 -0.0147836 0.035809
1 27.9076 5.06545 -0.0159789 0.0404389
1 29.0102 5.06149 -0.00575543 0.0491128
1 30.1115 5.05941 0.00587927 0.0602979
1 31.2149 5.05915 -0.0100908 0.0689839
1 32.322 5.05968 -0.0376689 0.0738633
1 33.4318 5.0604 -0.0604848 0.0751459
1 34.5427 5.06116 -0.0675916 0.0742936
1 35.6548 5.06216 -0.0702604 0.0756869
1 36.7665 5.06337 -0.0737328 0.0755462
1 37.8784 5.06458 -0.0714684 0.074402
1 38.9902 5.0662 -0.0773598 0.0754476
1 40.1016 5.06789 -0.0715936 0.0772319
1 41.2134 5.07024 -0.0712231 0.0749286
1 42.3253 5.07221 -0.0718769 0.0736629
1 43.4396 5.07394 -0.0716704 0.0765533
1 0.801001 6.03581 0.073244 0.0752557
1 1.91533 6.03427 0.0712525 0.0754565
1 3.02722 6.03271 0.0714821 0.0748731
1 4.13904 6.03075 0.0711006 0.0765907
1 5.25053 6.02885 0.074069 0.0757508
1 6.36222 6.0274 0.0730861 0.0729059
1 7.47395 6.02616 0.0725467 0.0761919
1 8.58609 6.02477 0.0671565 0.0763121
1 9.69798 6.02372 0.0714072 0.0737799
1 10.8084 6.02327 0.0590416 0.0719588
1 11.9178 6.02294 0.0351525 0.0719711
1 13.0241 6.02267 0.0100162 0.0679926
1 14.1272 6.02308 -0.0102438 0.0585999
1 15.2287 6.02522 0.00487458 0.0466558
1 16.3309 6.02906 0.0198061 0.0404169
1 17.4351 6.0335 0.0155671 0.0381108
1 18.539 6.03776 0.0169065 0.0355309
1 19.6417 6.04149 0.0194528 0.0309912
1 20.744 6.04445 0.0169733 0.0255694
1 21.8449 6.04607 0.00463696 0.0225806
1 22.9452 6.0456 -0.0126261 0.0235043
1 24.0471 6.04322 -0.0171766 0.0281517
1 25.1497 6.03984 -0.0193249 0.0339492
1 26.2528 6.03579 -0.0199214 0.036608
1 27.3569 6.03113 -0.0186735 0.0370119
1 28.4604 6.02655 -0.00928949 0.0417585
1 29.5625 6.02332 0.0129654 0.0540011
1 30.6648 6.02222 0.00270381 0.0654638
1 31.7689 6.02238 -0.0340582 0.0694948
1 32.8765 6.02272 -0.0549369 0.0719251
1 33.9866 6.02329 -0.0650043 0.074364
1 35.098 6.02421 -0.0674033 0.0753346
1 36.2101 6.02542 -0.0691798 0.0761046
1 37.3219 6.02675 -0.0709279 0.0743159
1 38.4337 6.02819 -0.0746136 0.0758725
1 39.545 6.02989 -0.0736712 0.0729569
1 40.6565 6.03158 -0.0717663 0.0749319
1 41.7682 6.03347 -0.070467 0.0770445
1 42.8804 6.0352 -0.0702391 0.0755713
1 44.0002 6.03646 -0.0745709 0.0754898
1 0.240368 6.99849 0.0767655 0.0732237
1 1.36019 6.99729 0.0719421 0.0746456
1 2.47249 6.99581 0.0698554 0.078207
1 3.58429 6.99402 0.0723828 0.0767149
1 4.69561 6.99253 0.0741173 0.0767253
1 5.80688 6.99086 0.0727075 0.0787811
1 6.91874 6.9894 0.0718602 0.0775152
1 8.03061 6.98804 0.0702963 0.0780255
1 9.1426 6.98673 0.0691067 0.0785373
1 10.2536 6.98606 0.0658503 0.0745548
1 11.3634 6.986 0.0529318 0.0736771
1 12.4704 6.9855 0.0312974 0.0745034
1 13.5743 6.98557 -0.00923402 0.0651656
1 14.6765 6.98716 -0.0160575 0.0533475
1 15.7782 6.99034 0.0110815 0.0460091
1 16.8813 6.99454 0.0199751 0.0417849
1 17.9849 6.99915 0.0224281 0.0373956
1 19.0872 7.0036 0.0254081 0.0354633
1 20.19 7.00735 0.0203799 0.0375576
1 21.2931 7.00982 0.012224 0.0411973
1 22.3954 7.01039 -0.00473501 0.0426716
1 23.4982 7.0089 -0.0176736 0.0397586
1 24.6015 7.00571 -0.0217186 0.0359162
1 25.7039 7.0015 -0.0244909 0.0361868
1 26.807 6.99685 -0.0202707 0.0393063
1 27.911 6.99217 -0.018617 0.0417723
1 29.0131 6.98807 -0.0044525 0.0477013
1 30.1139 6.9855 0.0126563 0.0605326
1 31.2165 6.98494 -0.00290614 0.0722763
1 32.323 6.98539 -0.0329619 0.0747014
1 33.4321 6.98583 -0.0625292 0.0747893
1 34.542 6.98628 -0.0708573 0.0756602
1 35.6538 6.98719 -0.0662518 0.0785471
1 36.7657 6.98876 -0.071703 0.0797913
1 37.8776 6.99021 -0.0708962 0.0771925
1 38.9893 6.9918 -0.0751573 0.0765627
1 40.1006 6.99333 -0.0726222 0.0772161
1 41.2123 6.99501 -0.0723341 0.0747712
1 42.3241 6.99666 -0.0746592 0.0747986
1 43.4383 6.99782 -0.0745087 0.0783924
1 0.802441 7.96013 0.0706092 0.078001
1 1.91648 7.95895 0.0692366 0.0757331
1 3.02841 7.95752 0.0702287 0.0730931
1 4.14014 7.95607 0.0717908 0.0744427
1 5.25154 7.95433 0.0751761 0.0749378
1 6.36307 7.953 0.0724022 0.0751214
1 7.4749 7.95131 0.0717358 0.0797948
1 8.58694 7.94974 0.0671827 0.0756953
1 9.69834 7.94925 0.0733617 0.070657
1 10.808 7.94905 0.058992 0.0731371
1 11.9171 7.94839 0.0291518 0.07505
1 13.0232 7.94814 -0.0028672 0.0655253
1 14.1256 7.94943 -0.0162419 0.0553923
1 15.2261 7.95203 0.00736123 0.0461142
1 16.3274 7.95594 0.022219 0.0377171
1 17.4307 7.96078 0.021228 0.0332493
1 18.5333 7.96554 0.023504 0.0341193
1 19.6358 7.96928 0.0173611 0.0396244
1 20.7401 7.97174 0.0103663 0.0468647
1 21.8441 7.97284 0.00299175 0.0511521
1 22.9477 7.97254 -0.00809971 0.0500026
1 24.0521 7.97078 -0.0123034 0.0436055
1 25.1558 7.96762 -0.0207729 0.0360204
1 26.258 7.96325 -0.0271061 0.0330462
1 27.3607 7.95828 -0.0246192 0.0350539
1 28.4633 7.95366 -0.0105699 0.0397342
1 29.5647 7.95003 0.0171292 0.048054
1 30.6661 7.94791 0.0093065 0.0617881
1 31.7694 7.94768 -0.0271963 0.073264
1 32.8768 7.94843 -0.0485638 0.0751649
1 33.9867 7.94899 -0.0668313 0.0724643
1 35.0971 7.94942 -0.069888 0.0738055
1 36.209 7.95048 -0.0663008 0.0769273
1 37.321 7.95205 -0.06775 0.0759838
1 38.433 7.95355 -0.0697893 0.0759243
1 39.5447 7.95531 -0.0712111 0.0759669
1 40.6562 7.95696 -0.0751343 0.0721198
1 41.7676 7.95829 -0.0733519 0.0763285
1 42.8801 7.95981 -0.0723761 0.0753467
1 44 7.9603 -0.0768256 0.074917
1 0.24099 8.92286 0.0735306 0.079644
1 1.36102 8.92189 0.0721958 0.0756162
1 2.47316 8.92061 0.0718256 0.0761349
1 3.58459 8.91925 0.0703406 0.0765773
1 4.69622 8.91771 0.07064 0.0763474
1 5.80768 8.91621 0.0698377 0.0782206
1 6.91989 8.91439 0.0670927 0.0806265
1 8.03194 8.91289 0.0699709 0.0761586
1 9.14315 8.91233 0.0728393 0.0738552
1 10.2536 8.91191 0.0644674 0.0772254
1 11.3636 8.91112 0.0442373 0.077285
1 12.4707 8.91064 0.0222267 0.0724603
1 13.5737 8.91151 -0.0131111 0.061954
1 14.6745 8.91392 -0.0144974 0.049905
1 15.7751 8.91778 0.0141114 0.0390117
1 16.8771 8.92264 0.0234796 0.0358344
1 17.9797 8.92729 0.0198688 0.0403037
1 19.0822 8.93077 0.0109117 0.0466454
1 20.1867 8.93301 0.00362739 0.05263
1 21.2919 8.93416 0.00441266 0.0574696
1 22.3959 8.93438 -0.00131263 0.059365
1 23.5005 8.93376 -0.0055861 0.0563589
1 24.6056 8.93213 -0.00566931 0.0494291
1 25.7092 8.92923 -0.0137442 0.0426421
1 26.812 8.92502 -0.0212855 0.0375871
1 27.9146 8.92007 -0.0259717 0.0366403
1 29.0153 8.91549 -0.00720771 0.0423911
1 30.1151 8.91205 0.0190296 0.0539952
1 31.2168 8.91028 0.00414443 0.0675382
1 32.3226 8.91024 -0.027596 0.0773905
1 33.4318 8.91127 -0.0571031 0.0798921
1 34.5418 8.91206 -0.0712977 0.075409
1 35.6529 8.91242 -0.0679624 0.0743013
1 36.7645 8.91351 -0.0713025 0.079702
1 37.8764 8.91536 -0.0704086 0.0789451
1 38.9882 8.91683 -0.0740183 0.0768613
1 40.0997 8.91858 -0.0709835 0.0796244
1 41.2115 8.92014 -0.070796 0.0757133
1 42.3235 8.92133 -0.069453 0.0759328
1 43.438 8.92246 -0.0712957 0.0773714
1 0.803635 9.88482 0.0720327 0.0750094
1 1.91768 9.88406 0.0729661 0.0723462
1 3.0293 9.883 0.0729927 0.072407
1 4.14099 9.88119 0.0715253 0.075343
1 5.25247 9.87945 0.0738473 0.0757265
1 6.36428 9.87769 0.070683 0.0764369
1 7.47612 9.87615 0.0738495 0.0740665
1 8.5875 9.87548 0.0689309 0.0714389
1 9.69883 9.87499 0.069141 0.0737811
1 10.809 9.87394 0.0524446 0.0770247
1 11.9182 9.87317 0.0226687 0.0735259
1 13.0235 9.87366 -0.00524985 0.062872
1 14.1244 9.87608 -0.0153193 0.0484847
1 15.2233 9.88002 0.00917218 0.0373814
1 16.3237 9.88465 0.0213147 0.036584
1 17.4268 9.88889 0.0118404 0.0430775
1 18.5301 9.89202 0.00347343 0.0486576
1 19.6342 9.89407 -0.00116066 0.0525342
1 20.7396 9.89523 0.00155952 0.0565885
1 21.8441 9.89565 0.00232604 0.0586475
1 22.948 9.89551 -0.00263382 0.0583531
1 24.0532 9.89478 -0.000380791 0.0556041
1 25.1581 9.89323 -0.00148848 0.0504268
1 26.2617 9.89061 -0.00914119 0.0451122
1 27.3649 9.88682 -0.018741 0.0393341
1 28.4667 9.88223 -0.0157785 0.0359662
1 29.5665 9.87771 0.0134861 0.0402297
1 30.6662 9.8742 0.0134675 0.0540744
1 31.7685 9.87263 -0.0202821 0.0686541
1 32.8758 9.87296 -0.0410034 0.0771269
1 33.9861 9.87411 -0.0617816 0.0776979
1 35.0966 9.87513 -0.0703492 0.0743532
1 36.2078 9.8757 -0.0697816 0.0721978
1 37.3194 9.87684 -0.0669553 0.0759021
1 38.4316 9.87863 -0.0672984 0.0773331
1 39.5432 9.88035 -0.0686832 0.0741414
1 40.6549 9.88192 -0.06843 0.0727706
1 41.7666 9.88339 -0.066985 0.0732407
1 42.8789 9.88469 -0.0664877 0.0743033
1 43.9985 9.88612 -0.064526 0.0741963
1 0.242814 10.8477 0.0693615 0.0714512
1 1.36205 10.8475 0.0684059 0.0747348
1 2.474 10.8465 0.068959 0.0747406
1 3.58573 10.8449 0.0681383 0.0772883
1 4.69756 10.8431 0.0686492 0.0783428
1 5.8092 10.8411 0.0697069 0.0796407
1 6.92114 10.8395 0.0701755 0.0771489
1 8.03272 10.8387 0.0708299 0.0742132
1 9.14396 10.8381 0.0694077 0.077781
1 10.2551 10.8369 0.0580109 0.081658
1 11.3655 10.8357 0.0382615 0.0789962
1 12.472 10.836 0.0213263 0.0681159
1 13.5732 10.8384 -0.0114614 0.0522587
1 14.6723 10.8425 -0.016837 0.0427486
1 15.7722 10.8468 0.00588059 0.0439927
1 16.8749 10.8505 0.00890721 0.0497881
1 17.9787 10.8533 1.46036e-05 0.0540334
1 19.0823 10.8553 -0.00530116 0.0562494
1 20.1872 10.8565 -0.00323485 0.0587097
1 21.2922 10.8571 0.00330282 0.0606373
1 22.3958 10.8572 3.94885e-05 0.0611671
1 23.5001 10.8568 -0.00191127 0.0603123
1 24.6053 10.856 0.00364237 0.0579405
1 25.7096 10.8544 0.0042321 0.0550854
1 26.8136 10.852 -0.00112689 0.0511624
1 27.9175 10.8486 -0.0124631 0.0461359
1 29.0182 10.8445 -0.00429591 0.0428593
1 30.1165 10.8402 0.0165615 0.0464285
1 31.2162 10.8367 0.00243455 0.058134
1 32.3207 10.8351 -0.0250044 0.072816
1 33.4298 10.8356 -0.0496733 0.0816636
1 34.5404 10.8372 -0.0640122 0.0811506
1 35.6519 10.8383 -0.0652501 0.0758248
1 36.7631 10.8389 -0.0712145 0.0765994
1 37.8748 10.8402 -0.0677065 0.0787729
1 38.9868 10.842 -0.0718575 0.0781577
1 40.0983 10.8437 -0.0712305 0.0787692
1 41.21 10.8456 -0.0697448 0.077985
1 42.3216 10.847 -0.0710235 0.0738952
1 43.4353 10.848 -0.0698927 0.073025
1 0.803903 11.8113 0.073322 0.0677274
1 1.91798 11.8101 0.0715498 0.0726372
1 3.03018 11.8081 0.0686392 0.0762376
1 4.14222 11.8062 0.0687765 0.0768135
1 5.254 11.8042 0.0692903 0.0781872
1 6.36595 11.8025 0.067812 0.0756435
1 7.47744 11.8016 0.072467 0.07252
1 8.58887 11.8009 0.0629807 0.0771951
1 9.70107 11.7993 0.0598851 0.0832099
1 10.8117 11.7977 0.0500872 0.0799237
1 11.92 11.798 0.0268472 0.0661492
1 13.0236 11.8006 -0.00378094 0.0538359
1 14.1232 11.8044 -0.023888 0.0485599
1 15.2219 11.8083 -0.00633962 0.0497491
1 16.3233 11.8116 0.004247 0.0537806
1 17.4276 11.8142 -0.00470407 0.0562682
1 18.5317 11.8161 -0.00820531 0.0575784
1 19.6356 11.8175 -0.00475815 0.0592897
1 20.7403 11.8183 0.000754364 0.0610447
1 21.8441 11.8185 0.00200001 0.0612771
1 22.9476 11.8184 -0.0013143 0.060959
1 24.0522 11.8179 0.00177385 0.0603585
1 25.1567 11.8168 0.0045481 0.0588875
1 26.2604 11.8153 0.00399265 0.057164
1 27.3647 11.813 -0.000602186 0.0544229
1 28.4678 11.81 0.00275307 0.050818
1 29.5681 11.8063 0.02561 0.0477649
1 30.667 11.8022 0.0154859 0.0505068
1 31.7675 11.7988 -0.024765 0.0598723
1 32.8733 11.7973 -0.0418785 0.0724527
1 33.9834 11.798 -0.0562014 0.0809845
1 35.0946 11.7999 -0.0629189 0.0807421
1 36.2064 11.8012 -0.0670415 0.0747838
1 37.3178 11.8019 -0.0673641 0.0733655
1 38.4296 11.8032 -0.0678592 0.0789297
1 39.5413 11.8052 -0.0686122 0.0782451
1 40.6527 11.8071 -0.0685694 0.075944
1 41.7643 11.8091 -0.0668506 0.0755728
1 42.8762 11.8108 -0.0693329 0.0702481
1 43.9951 11.8115 -0.0696712 0.0705992
1 0.244795 12.7762 0.0719496 0.0666724
1 1.36363 12.7744 0.0685216 0.0726343
1 2.47596 12.7719 0.0664174 0.0753259
1 3.58779 12.7698 0.0674075 0.073597
1 4.69972 12.7676 0.0664897 0.0756267
1 5.81137 12.7657 0.0692248 0.0710788
1 6.92296 12.7649 0.068962 0.0680899
1 8.03478 12.7639 0.0633997 0.0744327
1 9.14704 12.7619 0.0616592 0.0800341
1 10.2584 12.7603 0.0585476 0.0738691
1 11.3677 12.7605 0.0428098 0.0626849
1 12.4729 12.7628 0.0186337 0.0533331
1 13.5736 12.7662 -0.0250607 0.0490047
1 14.6729 12.7698 -0.0352475 0.0488877
1 15.7737 12.7728 -0.0103665 0.0506169
1 16.877 12.7753 -0.00326032 0.0517954
1 17.9812 12.7772 -0.00693747 0.0521806
1 19.0845 12.7787 -0.00591621 0.0535159
1 20.1885 12.7797 -0.00298551 0.0552869
1 21.2926 12.7801 0.00153454 0.0552279
1 22.3956 12.7802 2.21166e-05 0.0544982
1 23.4993 12.7799 -0.000292042 0.0547702
1 24.6037 12.7792 0.00430792 0.0543519
1 25.7073 12.778 0.00727352 0.0531816
1 26.8112 12.7764 0.00727288 0.0522208
1 27.9156 12.7741 0.00230382 0.051076
1 29.0173 12.7713 0.0150908 0.0495537
1 30.1163 12.768 0.0331122 0.0487718
1 31.2157 12.7643 0.00901847 0.0494402
1 32.3191 12.7612 -0.0282975 0.0562606
1 33.4268 12.7598 -0.053376 0.0684905
1 34.537 12.7608 -0.0587137 0.0777013
1 35.6494 12.7628 -0.0572203 0.0770247
1 36.7613 12.7644 -0.0689365 0.0705996
1 37.8726 12.7653 -0.0697072 0.0686626
1 38.9843 12.7665 -0.0693056 0.0727128
1 40.096 12.7687 -0.0673766 0.0750385
1 41.2081 12.7708 -0.0671984 0.073101
1 42.3203 12.7731 -0.0680249 0.0735626
1 43.4346 12.7749 -0.0716699 0.0717274
1 0.806373 13.7385 0.0615033 0.0735413
1 1.92089 13.7355 0.0594098 0.077868
1 3.03339 13.7329 0.0604323 0.0776148
1 4.14562 13.7305 0.0636486 0.0775166
1 5.25706 13.7287 0.06969 0.070711
1 6.36832 13.7277 0.0661621 0.0703508
1 7.48022 13.7262 0.0645549 0.0774317
1 8.59265 13.724 0.0559412 0.0801493
1 9.70503 13.7222 0.0585756 0.074462
1 10.8148 13.7222 0.050035 0.0641279
1 11.9224 13.7242 0.0195063 0.0554263
1 13.026 13.7273 -0.0188659 0.0528857
1 14.1258 13.7305 -0.0413442 0.0530202
1 15.225 13.7334 -0.0202752 0.0521294
1 16.3266 13.7359 -0.00422578 0.0518074
1 17.4307 13.738 -0.00842065 0.0517476
1 18.5342 13.7395 -0.00716779 0.0528288
1 19.6373 13.7406 -0.00285499 0.0541918
1 20.7412 13.7413 -0.000663196 0.0543218
1 21.8443 13.7416 0.000399148 0.0534704
1 22.947 13.7415 -0.000227448 0.0533099
1 24.0509 13.741 0.00250507 0.0536514
1 25.1547 13.7401 0.00401417 0.0532945
1 26.2577 13.7388 0.00503444 0.0527413
1 27.3614 13.737 0.00434689 0.0523609
1 28.4645 13.7348 0.0143588 0.0519858
1 29.5653 13.732 0.0432298 0.0516514
1 30.6647 13.7288 0.033399 0.052257
1 31.7655 13.7255 -0.0140873 0.0541461
1 32.8708 13.7229 -0.0413783 0.0590309
1 33.9797 13.7217 -0.0597438 0.068593
1 35.0905 13.7227 -0.0593705 0.0785453
1 36.2031 13.7251 -0.0573863 0.0796145
1 37.3155 13.7271 -0.0623399 0.0718454
1 38.4272 13.7282 -0.0679404 0.0684042
1 39.5386 13.7295 -0.0658214 0.0742909
1 40.6505 13.7317 -0.06568 0.0765386
1 41.7623 13.734 -0.0657047 0.0776235
1 42.875 13.7368 -0.0681983 0.0780829
1 43.9944 13.7393 -0.073904 0.0698755
1 0.247163 14.7031 0.0650652 0.0731679
1 1.36719 14.699 0.0586303 0.0716295
1 2.47979 14.6956 0.0583667 0.0662057
1 3.59168 14.693 0.0592147 0.0638341
1 4.70342 14.6909 0.0624116 0.059179
1 5.81464 14.6896 0.0635761 0.058639
1 6.92675 14.6878 0.0575589 0.0640425
1 8.0396 14.6851 0.0541359 0.066588
1 9.15208 14.683 0.0578056 0.0597212
1 10.2629 14.6828 0.0550278 0.0482253
1 11.3718 14.6845 0.0349158 0.0420102
1 12.4772 14.6871 0.00708426 0.0391566
1 13.5781 14.6901 -0.0370326 0.0374617
1 14.6774 14.6929 -0.0448007 0.0357478
1 15.7779 14.6955 -0.0156058 0.0350105
1 16.8807 14.6975 -0.00482908 0.0354939
1 17.984 14.6992 -0.00591924 0.0355874
1 19.0865 14.7004 -0.00350906 0.0361611
1 20.1897 14.7013 -0.00292228 0.0366104
1 21.2932 14.7018 -0.000421579 0.0358858
1 22.3954 14.702 -0.000111796 0.0353381
1 23.4984 14.7016 0.000653789 0.0358614
1 24.6021 14.7009 0.00360171 0.0358355
1 25.7049 14.6998 0.00684939 0.0354214
1 26.808 14.6984 0.00815453 0.0356386
1 27.9116 14.6965 0.00491613 0.0359126
1 29.0129 14.6942 0.0221034 0.0360863
1 30.1118 14.6915 0.0449044 0.0371419
1 31.2115 14.6886 0.0224837 0.0372704
1 32.3153 14.6856 -0.0176574 0.0388674
1 33.4229 14.6833 -0.0492843 0.0447894
1 34.5324 14.6825 -0.0577505 0.0539393
1 35.6444 14.6837 -0.0525365 0.0636497
1 36.7571 14.6864 -0.05702 0.066973
1 37.8696 14.689 -0.0598637 0.0616026
1 38.9814 14.6903 -0.0680295 0.055928
1 40.0925 14.6919 -0.0657664 0.0610912
1 41.2044 14.6944 -0.0611073 0.0655352
1 42.3168 14.6971 -0.0573041 0.0682364
1 43.4316 14.7008 -0.0568182 0.0700674
1 0.812121 15.6627 0.0486141 0.0677354
1 1.92654 15.6585 0.0527455 0.058532
1 3.03844 15.6553 0.0556701 0.052606
1 4.14998 15.6527 0.0594967 0.0456716
1 5.26099 15.6509 0.0604471 0.0423046
1 6.37309 15.6484 0.051072 0.0483953
1 7.48632 15.6451 0.0514107 0.0480564
1 8.59907 15.6427 0.0494087 0.0382296
1 9.71101 15.6421 0.0544693 0.0273055
1 10.8204 15.6433 0.0454547 0.0190379
1 11.9279 15.6456 0.0139214 0.0133238
1 13.0315 15.6484 -0.0241206 0.0105367
1 14.1311 15.651 -0.0458359 0.00924609
1 15.2298 15.6534 -0.0226989 0.0072022
1 16.3307 15.6556 -0.0041796 0.00647729
1 17.4339 15.6573 -0.00756372 0.00590524
1 18.5365 15.6586 -0.00575727 0.00521593
1 19.6388 15.6596 -0.00198051 0.00515989
1 20.7421 15.6604 -0.00173742 0.00477198
1 21.8445 15.6608 -0.000429426 0.00402345
1 22.9465 15.6607 0.000373397 0.00429548
1 24.0497 15.6601 0.00231402 0.00482977
1 25.1528 15.6592 0.00312759 0.0046567
1 26.255 15.658 0.00487197 0.00531365
1 27.3578 15.6564 0.00418097 0.00644621
1 28.46 15.6545 0.0151446 0.00681033
1 29.5602 15.6522 0.0465018 0.00782435
1 30.6592 15.6496 0.0386796 0.0100189
1 31.7599 15.6469 -0.00740269 0.0126005
1 32.8655 15.6443 -0.0343603 0.0154587
1 33.9744 15.6424 -0.0545803 0.0212688
1 35.0847 15.6419 -0.0557874 0.033092
1 36.197 15.6436 -0.0499789 0.0439862
1 37.3102 15.6467 -0.0485509 0.0490229
1 38.4232 15.6498 -0.0551671 0.046049
1 39.5347 15.6519 -0.0579183 0.0430259
1 40.6461 15.654 -0.0557462 0.047542
1 41.7579 15.6568 -0.0501249 0.053573
1 42.8707 15.6602 -0.0487582 0.0621287
1 43.9913 15.6649 -0.0484598 0.0670287
1 0.251761 16.6249 0.0331291 0.0544146
1 1.3729 16.62 0.0397127 0.0489736
1 2.48541 16.616 0.0449998 0.0410285
1 3.59682 16.6127 0.0504561 0.0328306
1 4.70824 16.6099 0.0499622 0.0305389
1 5.82038 16.6065 0.0456526 0.0333543
1 6.93383 16.6025 0.0427587 0.0293913
1 8.04709 16.5995 0.0469856 0.0187619
1 9.15909 16.5983 0.0549435 0.00571277
1 10.2693 16.599 0.0529624 -0.00608029
1 11.378 16.6009 0.0322804 -0.012052
1 12.4832 16.6032 0.00462244 -0.0159552
1 13.5837 16.6056 -0.0390235 -0.0192572
1 14.6825 16.6079 -0.0462562 -0.022114
1 15.7823 16.6099 -0.0156216 -0.0236251
1 16.8842 16.6117 -0.00467362 -0.0242887
1 17.9866 16.6131 -0.00645632 -0.0263924
1 19.0883 16.6142 -0.00361492 -0.027975
1 20.1909 16.6151 -0.00324816 -0.0285937
1 21.2937 16.6156 -0.00103136 -0.029569
1 22.3953 16.6158 1.97753e-05 -0.0298663
1 23.4976 16.6154 0.000937607 -0.028882
1 24.6006 16.6147 0.00327504 -0.0283308
1 25.7027 16.6137 0.00769868 -0.0276884
1 26.8049 16.6124 0.00920785 -0.0257626
1 27.9076 16.6107 0.00468859 -0.0240012
1 29.0081 16.6088 0.022356 -0.022498
1 30.1064 16.6067 0.0467067 -0.0201982
1 31.2056 16.6044 0.024739 -0.0183468
1 32.3092 16.6019 -0.0150843 -0.0152902
1 33.4166 16.5997 -0.0458682 -0.00954848
1 34.5259 16.5983 -0.0532961 -0.00163996
1 35.6374 16.5984 -0.0472397 0.010625
1 36.7498 16.6005 -0.0459146 0.0253134
1 37.8633 16.6043 -0.0405721 0.033635
1 38.9766 16.6082 -0.0494735 0.0315725
1 40.0882 16.6112 -0.0531346 0.0308643
1 41.1997 16.6142 -0.0504074 0.0377807
1 42.3114 16.6179 -0.0473333 0.0440709
1 43.4255 16.6223 -0.0430543 0.0528038
1 0.816869 17.5804 0.0382284 0.0295761
1 1.93103 17.5757 0.0408505 0.0234919
1 3.04287 17.5714 0.04298 0.016787
1 4.15463 17.5676 0.0419413 0.0143
1 5.26701 17.5632 0.038595 0.0171534
1 6.38065 17.5583 0.0344288 0.0150001
1 7.49419 17.5544 0.0445092 0.00256215
1 8.6062 17.5526 0.0479868 -0.0128332
1 9.71739 17.5527 0.0528503 -0.0238739
1 10.8264 17.554 0.0435085 -0.0309814
1 11.9337 17.5558 0.0113478 -0.0359156
1 13.037 17.5578 -0.0266347 -0.0392298
1 14.1361 17.5596 -0.0480552 -0.0412496
1 15.2343 17.5613 -0.0240164 -0.0437834
1 16.3345 17.5629 -0.00552045 -0.0458348
1 17.4368 17.5643 -0.0105723 -0.0482508
1 18.5386 17.5655 -0.00867716 -0.0511904
1 19.6403 17.5665 -0.00327185 -0.0530376
1 20.7429 17.5672 -0.00263692 -0.0544214
1 21.8447 17.5675 -0.000632329 -0.0555301
1 22.9461 17.5674 0.0011603 -0.0549568
1 24.0486 17.5669 0.00288412 -0.0534572
1 25.1509 17.5661 0.00450163 -0.0521407
1 26.2523 17.565 0.00802801 -0.0498446
1 27.3543 17.5636 0.00699686 -0.0472457
1 28.4558 17.562 0.0170955 -0.0454905
1 29.5554 17.5603 0.0481937 -0.0431886
1 30.6538 17.5585 0.0401447 -0.0402942
1 31.7542 17.5566 -0.00554081 -0.037213
1 32.8595 17.5546 -0.0322003 -0.0339575
1 33.9681 17.553 -0.0526023 -0.0289675
1 35.0779 17.5522 -0.0532926 -0.0183502
1 36.1895 17.553 -0.044993 -0.00577295
1 37.3024 17.5558 -0.0363166 0.00779183
1 38.4163 17.5603 -0.0355979 0.0175871
1 39.5294 17.5653 -0.0383889 0.0170945
1 40.6414 17.5694 -0.0434209 0.0146452
1 41.7528 17.5734 -0.039186 0.0194173
1 42.8652 17.578 -0.0326929 0.0240787
1 43.9867 17.5828 -0.0140182 0.0277977
1 0.253689 18.5382 0.00435647 -0.000391655
1 1.37613 18.5347 0.0285813 0.00841416
1 2.48894 18.5301 0.036823 0.0103968
1 3.60085 18.5255 0.0373367 0.0136265
1 4.71388 18.5202 0.0316329 0.0211194
1 5.82756 18.5144 0.0327059 0.0198879
1 6.94114 18.5099 0.0388992 0.00855423
1 8.05347 18.5076 0.0469232 -0.00366832
1 9.16454 18.507 0.0536814 -0.0132671
1 10.2743 18.5076 0.0498868 -0.020479
1 11.3827 18.5089 0.0281714 -0.0238672
1 12.4879 18.5103 0.000517746 -0.0256579
1 13.5882 18.5117 -0.0425682 -0.027931
1 14.6866 18.5131 -0.0497741 -0.0310277
1 15.786 18.5144 -0.0195746 -0.0339262
1 16.8873 18.5156 -0.009989 -0.0363876
1 17.989 18.5168 -0.012425 -0.039699
1 19.09 18.5178 -0.00782925 -0.0429873
1 20.192 18.5186 -0.00575811 -0.0452594
1 21.2942 18.519 -0.00245117 -0.0471007
1 22.3952 18.5191 0.000757732 -0.0476057
1 23.4969 18.5188 0.00316557 -0.0461046
1 24.5992 18.5182 0.00635672 -0.0439663
1 25.7006 18.5173 0.0127869 -0.0413056
1 26.802 18.5162 0.0148137 -0.0380598
1 27.904 18.5149 0.0089781 -0.0352443
1 29.0041 18.5136 0.026072 -0.0325709
1 30.102 18.5122 0.0506221 -0.0299363
1 31.201 18.5108 0.0287095 -0.0278484
1 32.3044 18.5093 -0.0114008 -0.0252326
1 33.4117 18.5079 -0.04286 -0.0215669
1 34.5206 18.5069 -0.0512563 -0.0175674
1 35.6314 18.5067 -0.0469047 -0.0101007
1 36.7428 18.5081 -0.0443536 0.00264431
1 37.8557 18.5116 -0.0321968 0.0154354
1 38.9697 18.5169 -0.0320256 0.0211642
1 40.0831 18.5227 -0.0342255 0.0177778
1 41.1956 18.5277 -0.0369593 0.0107824
1 42.3079 18.5323 -0.0341175 0.00921869
1 43.4225 18.5367 -0.0295994 0.00360422
1 0.818127 19.4913 0.0255247 -0.0159803
1 1.93353 19.488 0.0326199 0.00458224
1 3.04649 19.4834 0.0335297 0.018909
1 4.16001 19.4775 0.0307853 0.031471
1 5.2737 19.4713 0.0343074 0.032472
1 6.38706 19.4664 0.037391 0.0246189
1 7.49943 19.4637 0.048972 0.0141588
1 8.61035 19.4628 0.0495133 0.00600142
1 9.72103 19.463 0.050633 0.00262942
1 10.8299 19.4637 0.0401305 0.00127814
1 11.9371 19.4645 0.0072143 -0.000219782
1 13.0404 19.4656 -0.03179 -0.00202404
1 14.1395 19.4666 -0.0537746 -0.00379802
1 15.2375 19.4676 -0.0298771 -0.00655655
1 16.3375 19.4685 -0.0119642 -0.00968992
1 17.4393 19.4695 -0.0182338 -0.0127827
1 18.5405 19.4705 -0.0156518 -0.0163822
1 19.6416 19.4714 -0.00799954 -0.0198554
1 20.7436 19.4719 -0.0057653 -0.022536
1 21.8449 19.4721 -0.00128163 -0.0239819
1 22.9457 19.472 0.00358459 -0.0233601
1 24.0477 19.4716 0.00691813 -0.0210494
1 25.1493 19.4709 0.0100822 -0.017839
1 26.2501 19.47 0.0152446 -0.0142667
1 27.3515 19.4689 0.0141422 -0.0113444
1 28.4526 19.4679 0.0234235 -0.00872638
1 29.552 19.4669 0.0535475 -0.00560047
1 30.6504 19.4658 0.044937 -0.00260424
1 31.7507 19.4648 -0.000419108 -0.000786126
1 32.8561 19.4638 -0.0277779 5.55841e-05
1 33.9646 19.4629 -0.0499609 0.00133322
1 35.074 19.4625 -0.0530823 0.00502739
1 36.1848 19.4628 -0.0483982 0.0101001
1 37.2964 19.4645 -0.0408383 0.0183992
1 38.4094 19.4682 -0.035019 0.0293205
1 39.5232 19.474 -0.028863 0.0338558
1 40.637 19.4803 -0.032194 0.0256193
1 41.7501 19.4856 -0.0330936 0.0116126
1 42.8642 19.4898 -0.0265316 -0.00273688
1 43.9889 19.4916 -0.00653698 -0.0272891
1 0.248212 20.4437 0.0172843 -0.041208
1 1.37558 20.4434 0.0258413 -0.0187392
1 2.49129 20.44 0.0314562 0.00412485
1 3.60573 20.4344 0.0319225 0.0225109
1 4.72007 20.4282 0.0346135 0.0270636
1 5.83322 20.4233 0.0432544 0.0202799
1 6.94536 20.4206 0.0493197 0.0112837
1 8.05652 20.4196 0.0530945 0.00673607
1 9.16699 20.4194 0.0557341 0.00507266
1 10.2765 20.4196 0.0495418 0.00445291
1 11.385 20.4201 0.0262312 0.00420175
1 12.4902 20.4206 -0.0026181 0.00393596
1 13.5905 20.4212 -0.0465574 0.00255453
1 14.689 20.4219 -0.0549472 3.59796e-05
1 15.7884 20.4225 -0.026033 -0.00294187
1 16.8896 20.4232 -0.0175008 -0.00589642
1 17.9909 20.4241 -0.0200171 -0.00892586
1 19.0915 20.4249 -0.01374 -0.0127067
1 20.1929 20.4255 -0.0101367 -0.0162454
1 21.2946 20.4258 -0.00487679 -0.0184368
1 22.3951 20.4259 0.00179254 -0.0189235
1 23.4961 20.4257 0.00701304 -0.0175194
1 24.598 20.4251 0.0115595 -0.0144538
1 25.6988 20.4244 0.0196411 -0.0104656
1 26.7999 20.4235 0.0219668 -0.00719997
1 27.9016 20.4227 0.0153057 -0.00448324
1 29.0015 20.422 0.0319311 -0.00152594
1 30.0995 20.4213 0.0557859 0.00108721
1 31.1986 20.4206 0.032789 0.00321628
1 32.3021 20.42 -0.00867957 0.00442252
1 33.4094 20.4195 -0.0414029 0.00513301
1 34.5183 20.4192 -0.0516346 0.00457483
1 35.6287 20.419 -0.0512147 0.00494973
1 36.7392 20.4196 -0.0534546 0.00913114
1 37.8507 20.4214 -0.0442198 0.0161388
1 38.9635 20.4251 -0.0412649 0.0240361
1 40.0771 20.4309 -0.0350562 0.0271141
1 41.1914 20.4372 -0.0338474 0.0158484
1 42.3058 20.442 -0.0318032 -0.00686089
1 43.4227 20.4443 -0.0235283 -0.0338849
1 0.816251 21.3953 0.0214696 -0.0400506
1 1.93493 21.3943 0.0285121 -0.0153049
1 3.05093 21.3899 0.0327031 0.00724974
1 4.16582 21.3843 0.0399991 0.0133959
1 5.2788 21.3799 0.0506004 0.00761303
1 6.39058 21.3774 0.0529042 0.00119413
1 7.50171 21.3763 0.0596288 -0.00225653
1 8.61199 21.376 0.0557066 -0.00326119
1 9.72247 21.376 0.053677 -0.00226197
1 10.8313 21.3761 0.0411569 -0.00102137
1 11.9386 21.3763 0.00646062 -0.00104907
1 13.0419 21.3765 -0.0339634 -0.00228046
1 14.1411 21.3769 -0.0570854 -0.00407977
1 15.2393 21.3772 -0.0345811 -0.00642535
1 16.3393 21.3776 -0.0179985 -0.00921818
1 17.441 21.3782 -0.025589 -0.0118878
1 18.542 21.3788 -0.0228512 -0.0149948
1 19.6427 21.3794 -0.0136404 -0.0187072
1 20.7442 21.3798 -0.00987627 -0.0215618
1 21.845 21.3799 -0.00223597 -0.0227605
1 22.9452 21.3798 0.00664709 -0.0222793
1 24.0467 21.3795 0.0120408 -0.0201997
1 25.1479 21.379 0.0165241 -0.0167021
1 26.2484 21.3783 0.0225205 -0.0131436
1 27.3496 21.3776 0.0205933 -0.0104676
1 28.4507 21.3772 0.0286732 -0.00775235
1 29.5502 21.3768 0.0577364 -0.00504628
1 30.6487 21.3764 0.0477578 -0.00259643
1 31.7491 21.3761 0.00110886 -0.00120378
1 32.8546 21.3759 -0.027747 -0.00131876
1 33.9632 21.3757 -0.0515965 -0.00173814
1 35.0725 21.3756 -0.0572626 -0.00198849
1 36.1829 21.3758 -0.0568967 -0.00249186
1 37.2936 21.3763 -0.0544491 -0.00132719
1 38.405 21.378 -0.0523084 0.00441654
1 39.5174 21.3815 -0.0431918 0.0118863
1 40.6314 21.3867 -0.0351344 0.0128486
1 41.7472 21.3921 -0.0260846 -0.00207083
1 42.8655 21.3948 -0.0227133 -0.0277474
1 43.9958 21.3944 -0.0281332 -0.0419106
1 0.242182 22.3436 0.0386743 -0.033518
1 1.37414 22.3441 0.0194126 -0.0229233
1 2.49436 22.3422 0.0235624 -0.000595722
1 3.61097 22.3382 0.0399115 0.00858294
1 4.7247 22.3347 0.0524444 0.00554396
1 5.83627 22.3326 0.0608401 -2.24885e-05
1 6.94716 22.3318 0.062148 -0.002663
1 8.05769 22.3315 0.0611463 -0.00248785
1 9.16796 22.3314 0.0606364 -0.00141108
1 10.2775 22.3314 0.0523085 -0.000494739
1 11.386 22.3314 0.0270268 2.25154e-05
1 12.4912 22.3315 -0.00357577 0.000399885
1 13.5916 22.3316 -0.0489297 -0.000177002
1 14.6902 22.3317 -0.0588231 -0.00166016
1 15.7897 22.3319 -0.0313904 -0.0034231
1 16.8909 22.3322 -0.0242003 -0.00522369
1 17.9921 22.3325 -0.027559 -0.00706503
1 19.0924 22.3329 -0.0204887 -0.00959148
1 20.1936 22.3333 -0.0153187 -0.012144
1 21.2949 22.3334 -0.00775336 -0.0135004
1 22.3949 22.3334 0.00293704 -0.0137698
1 23.4955 22.3333 0.0114192 -0.0129655
1 24.597 22.3329 0.0176395 -0.0109497
1 25.6977 22.3325 0.0270063 -0.00818726
1 26.7986 22.3321 0.0291819 -0.00590137
1 27.9002 22.3317 0.0210228 -0.00388782
1 29.0002 22.3315 0.0365119 -0.00199019
1 30.0984 22.3314 0.0591995 -0.000733653
1 31.1975 22.3312 0.0346242 0.000420991
1 32.3011 22.3311 -0.00875197 0.000845829
1 33.4085 22.3311 -0.0432487 0.000641774
1 34.5173 22.3311 -0.0552291 -0.00067246
1 35.6277 22.3311 -0.0575653 -0.002137
1 36.7377 22.3312 -0.0635672 -0.00237999
1 37.8484 22.3317 -0.059242 -0.00132975
1 38.9597 22.3331 -0.05968 0.00247343
1 40.072 22.3358 -0.0487854 0.00790754
1 41.187 22.3397 -0.0333078 0.00641435
1 42.305 22.343 -0.0207216 -0.00986569
1 43.4259 22.3435 -0.0204543 -0.0279516
1 0.812875 23.2907 0.0231603 -0.0113499
1 1.93507 23.2906 0.0157828 -0.00345905
1 3.05416 23.2893 0.0306086 0.00295705
1 4.16933 23.2879 0.0503619 0.00315292
1 5.2812 23.2869 0.0639901 0.000824274
1 6.39194 23.2865 0.0634366 -0.00064285
1 7.50251 23.2864 0.0666671 -0.000653797
1 8.61259 23.2863 0.0602145 -0.000160696
1 9.72304 23.2863 0.0564436 0.000387344
1 10.8319 23.2863 0.0426196 0.000894613
1 11.9392 23.2863 0.00661057 0.00114466
1 13.0426 23.2863 -0.0353495 0.00114804
1 14.1418 23.2863 -0.0601416 0.000859511
1 15.2401 23.2864 -0.0386364 0.000305756
1 16.3401 23.2865 -0.022669 -0.000188479
1 17.4417 23.2866 -0.031026 -0.000688672
1 18.5425 23.2867 -0.028238 -0.00140508
1 19.6431 23.2868 -0.0179214 -0.00234936
1 20.7445 23.2869 -0.0128338 -0.00306841
1 21.845 23.2869 -0.00287923 -0.00331065
1 22.945 23.2868 0.00870108 -0.00319317
1 24.0462 23.2867 0.0157296 -0.00270949
1 25.1473 23.2865 0.0214376 -0.00180512
1 26.2477 23.2863 0.02838 -0.000907133
1 27.3489 23.2862 0.0261014 -0.000121612
1 28.45 23.2861 0.033027 0.000660462
1 29.5496 23.2861 0.0609691 0.00115327
1 30.6481 23.286 0.0498518 0.00139925
1 31.7485 23.286 0.00181422 0.00151086
1 32.854 23.286 -0.0287399 0.0013533
1 33.9625 23.286 -0.0539216 0.000975085
1 35.0719 23.286 -0.0608241 0.000622963
1 36.1822 23.286 -0.0623946 0.000165725
1 37.2925 23.286 -0.0628895 -0.000233749
1 38.4032 23.2863 -0.064736 0.000690446
1 39.5144 23.2869 -0.0571198 0.0028463
1 40.6276 23.2881 -0.043229 0.0049179
1 41.7447 23.2895 -0.0212843 0.00231546
1 42.8663 23.2904 -0.0175591 -0.0064083
1 43.9996 23.2903 -0.0443709 -0.0103216
1 0.240643 24.2371 0.0448458 0.0116651
1 1.37377 24.2369 0.0173127 0.00725633
1 2.49535 24.2376 0.0218693 -0.00248947
1 3.61237 24.2391 0.0433546 -0.00539679
1 4.72573 24.2403 0.0576461 -0.00315426
1 5.83686 24.2409 0.0651503 -0.00096411
1 6.94748 24.2412 0.0652537 -0.000185205
1 8.05789 24.2412 0.0632258 -0.000530325
1 9.16812 24.2413 0.0619662 -0.00104319
1 10.2777 24.2413 0.0529468 -0.00128436
1 11.3862 24.2413 0.0272438 -0.00166154
1 12.4914 24.2412 -0.00372229 -0.00199012
1 13.5919 24.2412 -0.049827 -0.00195194
1 14.6904 24.2412 -0.0603339 -0.00158405
1 15.7899 24.2412 -0.0330357 -0.00100463
1 16.8911 24.2411 -0.0259196 -0.000286465
1 17.9923 24.2409 -0.0293724 0.000365784
1 19.0926 24.2407 -0.0220598 0.00132275
1 20.1936 24.2406 -0.0164926 0.00231256
1 21.2948 24.2405 -0.00840192 0.00282488
1 22.3948 24.2404 0.00321029 0.00293642
1 23.4954 24.2404 0.0124081 0.00266447
1 24.5968 24.2405 0.0190718 0.0019703
1 25.6974 24.2406 0.0289415 0.00100851
1 26.7984 24.2407 0.0313786 0.0002437
1 27.9 24.2408 0.0229888 -0.000343325
1 29 24.2409 0.0378899 -0.000796452
1 30.0981 24.2409 0.0600577 -0.00125321
1 31.1973 24.2409 0.0351531 -0.00151017
1 32.3008 24.2409 -0.00864242 -0.00161382
1 33.4082 24.2409 -0.0437673 -0.00127892
1 34.5171 24.2409 -0.0562795 -0.00066914
1 35.6275 24.2409 -0.0590859 -0.000126139
1 36.7375 24.2409 -0.0658988 0.000300156
1 37.8479 24.2407 -0.0629548 0.000249132
1 38.9588 24.2403 -0.0641169 -0.00115093
1 40.0707 24.2393 -0.0518904 -0.00347397
1 41.1858 24.2378 -0.0321401 -0.00356305
1 42.3049 24.2366 -0.0161068 0.00343171
1 43.4271 24.2365 -0.0227122 0.0119423
1 0.814298 25.1839 0.020272 0.0292072
1 1.93514 25.1843 0.0212648 0.0105259
1 3.05297 25.1876 0.0322386 -0.00586743
1 4.16806 25.1915 0.0471391 -0.00715609
1 5.28035 25.1943 0.0595136 -0.00151638
1 6.39146 25.1956 0.0599029 0.00216135
1 7.50222 25.1961 0.0644145 0.00324746
1 8.61235 25.1963 0.0586866 0.00296827
1 9.72282 25.1963 0.0553882 0.00147813
1 10.8316 25.1963 0.0419119 0.000252425
1 11.939 25.1962 0.00641309 -5.52228e-05
1 13.0424 25.1962 -0.0349273 0.000175616
1 14.1416 25.196 -0.0590423 0.00130658
1 15.2398 25.1959 -0.037009 0.00273769
1 16.3398 25.1957 -0.0207384 0.00467118
1 17.4415 25.1953 -0.0288651 0.00647019
1 18.5423 25.1949 -0.0262761 0.00858505
1 19.6429 25.1945 -0.0165073 0.0114031
1 20.7443 25.1942 -0.0118534 0.0135602
1 21.8449 25.194 -0.00263917 0.0143851
1 22.9449 25.194 0.00805784 0.0140917
1 24.0463 25.1941 0.0145445 0.0127309
1 25.1474 25.1945 0.0198372 0.0102415
1 26.2479 25.1949 0.026363 0.00770085
1 27.3491 25.1953 0.0242154 0.00578199
1 28.4502 25.1955 0.0315219 0.00393703
1 29.5498 25.1957 0.059707 0.00232546
1 30.6483 25.1958 0.0489857 0.00105472
1 31.7487 25.1959 0.00149994 0.000428151
1 32.8542 25.1959 -0.0283663 0.000789297
1 33.9627 25.196 -0.0530404 0.00127562
1 35.0721 25.196 -0.0595027 0.00219482
1 36.1824 25.1959 -0.0603453 0.00333548
1 37.2929 25.1956 -0.0598805 0.00361543
1 38.4038 25.1947 -0.0603605 0.00069076
1 39.5154 25.1927 -0.0520088 -0.00455845
1 40.629 25.1891 -0.0399251 -0.00790542
1 41.7456 25.1851 -0.0231667 0.000940786
1 42.8658 25.1831 -0.0193719 0.0234736
1 43.9979 25.1837 -0.0368542 0.033438
1 0.244454 26.133 0.0280986 0.0419364
1 1.37473 26.1325 0.0228378 0.0269038
1 2.49282 26.1353 0.0272934 0.00150647
1 3.60857 26.1406 0.0351254 -0.0132927
1 4.72273 26.1459 0.0437206 -0.0123418
1 5.83503 26.1493 0.0528406 -0.00481292
1 6.94643 26.151 0.0564545 0.00078024
1 8.0572 26.1516 0.057485 0.00187514
1 9.16752 26.1517 0.0582474 0.00133242
1 10.277 26.1516 0.050799 0.000959737
1 11.3855 26.1515 0.0265015 0.000574265
1 12.4908 26.1512 -0.0031716 0.000611171
1 13.5912 26.151 -0.0477698 0.00200158
1 14.6897 26.1506 -0.0568862 0.00449999
1 15.7892 26.1502 -0.0286825 0.00727281
1 16.8904 26.1497 -0.0207227 0.0100261
1 17.9916 26.1491 -0.0236303 0.0126224
1 19.092 26.1484 -0.0170593 0.0162257
1 20.1932 26.1479 -0.012764 0.0197513
1 21.2946 26.1475 -0.00628554 0.0218049
1 22.3948 26.1475 0.00246112 0.0222906
1 23.4956 26.1476 0.00941703 0.0211364
1 24.5973 26.148 0.0148178 0.0183139
1 25.698 26.1486 0.0235767 0.0146007
1 26.799 26.1492 0.025706 0.0114657
1 27.9007 26.1497 0.0182319 0.00870276
1 29.0007 26.1501 0.0342341 0.00593408
1 30.0988 26.1505 0.0574672 0.00350083
1 31.198 26.1508 0.0337073 0.00170908
1 32.3015 26.1511 -0.00869748 0.000523926
1 33.4089 26.1512 -0.0422178 0.000401375
1 34.5177 26.1513 -0.0533732 0.0015413
1 35.6281 26.1514 -0.0543552 0.00248247
1 36.7383 26.151 -0.0586489 0.00152949
1 37.8493 26.15 -0.0520659 -0.00163972
1 38.9613 26.1474 -0.0506716 -0.00792623
1 40.0742 26.143 -0.0417592 -0.0136922
1 41.189 26.1374 -0.034073 -0.00764416
1 42.305 26.1331 -0.0283653 0.0149482
1 43.4235 26.1319 -0.0206381 0.0399289
1 0.817531 27.083 0.024277 0.0329794
1 1.93432 27.0854 0.0324137 0.00621132
1 3.0486 27.0902 0.032905 -0.0156672
1 4.163 27.0965 0.0337383 -0.0268377
1 5.27652 27.1022 0.0415134 -0.0237902
1 6.38909 27.106 0.0449155 -0.0159539
1 7.50077 27.1078 0.0540881 -0.00899172
1 8.61131 27.1083 0.0523061 -0.00489179
1 9.72186 27.1082 0.051851 -0.00451432
1 10.8307 27.1078 0.0403308 -0.00501777
1 11.9379 27.1074 0.00648342 -0.00434267
1 13.0413 27.1068 -0.0331354 -0.00299171
1 14.1404 27.1061 -0.0555894 -0.000920051
1 15.2386 27.1054 -0.0322916 0.00157672
1 16.3385 27.1047 -0.0149503 0.00463842
1 17.4402 27.1039 -0.0216643 0.00739912
1 18.5412 27.103 -0.0187946 0.0106818
1 19.642 27.1023 -0.0103617 0.0145509
1 20.7437 27.1017 -0.00747584 0.0176493
1 21.8447 27.1015 -0.00154347 0.0191403
1 22.9452 27.1016 0.00514017 0.0186791
1 24.0469 27.1019 0.00939072 0.0164569
1 25.1484 27.1025 0.0131533 0.0128867
1 26.249 27.1033 0.0187312 0.00913673
1 27.3503 27.1041 0.0173015 0.00618189
1 28.4514 27.1049 0.026121 0.00339296
1 29.551 27.1055 0.0558131 0.000230089
1 30.6494 27.1062 0.0465669 -0.00260319
1 31.7498 27.1068 0.000558488 -0.0041231
1 32.8552 27.1073 -0.0273878 -0.00412051
1 33.9637 27.1078 -0.0502088 -0.00424846
1 35.0731 27.108 -0.0546843 -0.00517203
1 36.1836 27.1078 -0.0523913 -0.00683588
1 37.2947 27.1067 -0.0472881 -0.0113044
1 38.4069 27.104 -0.0426962 -0.0201296
1 39.5201 27.0992 -0.0340224 -0.0268454
1 40.6343 27.093 -0.0319579 -0.0223683
1 41.7486 27.0874 -0.0306018 -0.00411938
1 42.8643 27.0839 -0.0255973 0.0182036
1 43.9917 27.0835 -0.0150747 0.0414554
1 0.251507 28.0358 0.00732704 0.0261283
1 1.37601 28.0378 0.0268321 0.00235067
1 2.48994 28.042 0.034163 -0.0115014
1 3.60301 28.0472 0.0323487 -0.0253023
1 4.71698 28.0535 0.029661 -0.0334165
1 5.83067 28.0593 0.0356504 -0.0289506
1 6.94359 28.063 0.042959 -0.017981
1 8.0553 28.0647 0.0493077 -0.00976775
1 9.16601 28.065 0.0540166 -0.00452784
1 10.2756 28.0646 0.0490505 -0.000885996
1 11.3841 28.0637 0.026617 0.000307574
1 12.4892 28.0628 -0.00151353 0.00126302
1 13.5895 28.0617 -0.0448904 0.00309416
1 14.6879 28.0607 -0.0527458 0.00589597
1 15.7873 28.0597 -0.0233195 0.00889739
1 16.8885 28.0586 -0.0141275 0.0116273
1 17.9899 28.0576 -0.0162985 0.0145906
1 19.0906 28.0567 -0.0105808 0.0182178
1 20.1922 28.0559 -0.00758133 0.0212742
1 21.2941 28.0555 -0.00332285 0.0234775
1 22.3949 28.0554 0.00155081 0.0242241
1 23.4963 28.0557 0.00529185 0.0228522
1 24.5984 28.0562 0.00909411 0.0202047
1 25.6995 28.057 0.016329 0.0166722
1 26.8008 28.058 0.0184731 0.0130223
1 27.9026 28.059 0.0122105 0.0100548
1 29.0025 28.06 0.0292928 0.00714613
1 30.1005 28.061 0.0537561 0.00412239
1 31.1995 28.062 0.0314244 0.00212288
1 32.303 28.063 -0.00925799 0.000361526
1 33.4103 28.0639 -0.0411663 -0.00105242
1 34.5192 28.0645 -0.0505711 -0.0020779
1 35.6298 28.0647 -0.0483737 -0.00554804
1 36.7406 28.0638 -0.0483226 -0.0137869
1 37.8528 28.0611 -0.0370015 -0.0242833
1 38.9664 28.0562 -0.0343795 -0.0321458
1 40.08 28.05 -0.0323704 -0.0313285
1 41.1935 28.0442 -0.0348892 -0.0187672
1 42.3065 28.0396 -0.0330391 -0.00476956
1 43.4219 28.036 -0.0263189 0.0151124
1 0.8176 28.9908 0.0300512 -0.0049693
1 1.93217 28.9952 0.0342577 -0.00989365
1 3.04437 28.9999 0.0360294 -0.0112055
1 4.15698 29.0048 0.0328728 -0.0182187
1 5.27031 29.0106 0.032332 -0.0217137
1 6.38411 29.0159 0.0330015 -0.0158805
1 7.49716 29.0194 0.0455133 -0.00315537
1 8.60859 29.0207 0.0481153 0.00958638
1 9.71949 29.0205 0.0512687 0.0168855
1 10.8284 29.0195 0.0415836 0.0210784
1 11.9356 29.0182 0.0093112 0.024715
1 13.0389 29.0167 -0.0291071 0.0274186
1 14.1379 29.0152 -0.0507032 0.0295982
1 15.236 29.0139 -0.0267364 0.0321022
1 16.336 29.0126 -0.00865753 0.0349265
1 17.438 29.0113 -0.0144538 0.0377404
1 18.5394 29.0102 -0.0121332 0.0409419
1 19.6407 29.0093 -0.00525103 0.0435503
1 20.743 29.0087 -0.00366008 0.0457039
1 21.8445 29.0084 -0.000454101 0.047198
1 22.9456 29.0085 0.00274848 0.046808
1 24.0479 29.0089 0.00501788 0.044955
1 25.1499 29.0097 0.00717135 0.0425457
1 26.251 29.0107 0.0113886 0.0392421
1 27.3526 29.0118 0.0101608 0.0360083
1 28.4539 29.0131 0.0198058 0.0335507
1 29.5534 29.0144 0.0504685 0.0305882
1 30.6518 29.0157 0.0423374 0.0275282
1 31.7521 29.0172 -0.00274462 0.0250416
1 32.8574 29.0186 -0.029449 0.0230642
1 33.966 29.0198 -0.0507635 0.0197349
1 35.0755 29.0205 -0.052673 0.0125775
1 36.1866 29.0199 -0.0458991 0.00314307
1 37.2989 29.0176 -0.0368315 -0.00901311
1 38.4126 29.0131 -0.0324894 -0.0202651
1 39.5263 29.0073 -0.0313846 -0.0216982
1 40.6391 29.002 -0.0375532 -0.0141758
1 41.7511 28.9974 -0.0363189 -0.0110391
1 42.8639 28.9928 -0.0293213 -0.00965471
1 43.9863 28.9892 -0.00489839 -0.00104748
1 0.253479 29.9447 0.0163745 -0.0290761
1 1.37479 29.9495 0.0330553 -0.0245023
1 2.48715 29.9541 0.0400957 -0.0195272
1 3.59856 29.9581 0.0435197 -0.0146351
1 4.71066 29.9622 0.0391016 -0.0171885
1 5.82377 29.9671 0.0363654 -0.0175735
1 6.93759 29.9717 0.0387304 -0.00763169
1 8.05051 29.9744 0.0460379 0.00590892
1 9.16207 29.9752 0.0542135 0.0184936
1 10.272 29.9744 0.0517731 0.0290842
1 11.3806 29.9727 0.0309672 0.0341515
1 12.4857 29.9708 0.00346819 0.037536
1 13.5861 29.9689 -0.0400095 0.0406907
1 14.6846 29.9671 -0.0473313 0.0437413
1 15.7841 29.9654 -0.0170652 0.0459889
1 16.8857 29.9638 -0.00702264 0.0476933
1 17.9877 29.9624 -0.00921196 0.0503824
1 19.089 29.9613 -0.00513561 0.0526569
1 20.1912 29.9605 -0.00362357 0.0539382
1 21.2937 29.96 -0.00082708 0.0554312
1 22.395 29.9599 0.00100548 0.0560277
1 23.497 29.9602 0.00216145 0.0548471
1 24.5997 29.9609 0.00432136 0.0535055
1 25.7014 29.9619 0.00938166 0.0517174
1 26.8032 29.9631 0.0110052 0.0486878
1 27.9055 29.9645 0.0058188 0.0461356
1 29.0058 29.9661 0.0233003 0.0441053
1 30.1038 29.9677 0.0479866 0.0416163
1 31.2029 29.9696 0.0263101 0.0397817
1 32.3064 29.9716 -0.0136192 0.0362668
1 33.4138 29.9734 -0.0448991 0.0309427
1 34.5228 29.9747 -0.052782 0.0238909
1 35.6339 29.9748 -0.0468474 0.0126724
1 36.7458 29.973 -0.0436843 -0.00259888
1 37.8592 29.9691 -0.034046 -0.0148896
1 38.9731 29.9642 -0.0389145 -0.0170186
1 40.0854 29.9598 -0.0439358 -0.0143015
1 41.1972 29.956 -0.0443933 -0.0168486
1 42.3091 29.9517 -0.0412952 -0.0236409
1 43.4232 29.9471 -0.0387299 -0.030392
1 0.814394 30.9054 0.0434633 -0.0530805
1 1.92847 30.9098 0.0474217 -0.0445037
1 3.0403 30.9134 0.049617 -0.038214
1 4.15181 30.9164 0.0516681 -0.031479
1 5.26343 30.9194 0.0496431 -0.0320603
1 6.37649 30.9232 0.041379 -0.0340046
1 7.49012 30.9271 0.0469009 -0.0256413
1 8.60263 30.9291 0.0484553 -0.0108796
1 9.71422 30.9292 0.0537766 0.00108884
1 10.8234 30.9278 0.0448301 0.00900917
1 11.9308 30.9256 0.0130426 0.0148021
1 13.0342 30.9231 -0.0250403 0.0178789
1 14.1336 30.9208 -0.0467197 0.0199333
1 15.2319 30.9187 -0.023045 0.0221519
1 16.3324 30.9167 -0.00449534 0.0236874
1 17.4351 30.9151 -0.00890774 0.0253137
1 18.5373 30.9138 -0.00709879 0.0271729
1 19.6393 30.9127 -0.0022102 0.0278677
1 20.7423 30.9121 -0.00142751 0.0284485
1 21.8444 30.9117 0.000357663 0.0293007
1 22.9461 30.9119 0.00131849 0.0289294
1 24.049 30.9124 0.00247253 0.0279893
1 25.1516 30.9133 0.00301414 0.0274088
1 26.2534 30.9144 0.00537758 0.0258418
1 27.3558 30.9158 0.00469925 0.0238729
1 28.4576 30.9176 0.0155505 0.0230564
1 29.5575 30.9196 0.0470605 0.0216029
1 30.6562 30.9218 0.039279 0.0189604
1 31.7568 30.9243 -0.00663832 0.0156348
1 32.8622 30.9266 -0.0336705 0.0117766
1 33.9709 30.9285 -0.0538122 0.00563033
1 35.081 30.9292 -0.0541095 -0.00602491
1 36.193 30.928 -0.0463249 -0.019111
1 37.3062 30.925 -0.0408315 -0.0297894
1 38.4197 30.921 -0.0453094 -0.033757
1 39.5319 30.9176 -0.0497996 -0.0310355
1 40.6432 30.9149 -0.0508837 -0.0334409
1 41.7547 30.9115 -0.0446904 -0.0414795
1 42.8672 30.9076 -0.0405775 -0.0490196
1 43.9885 30.9028 -0.0337924 -0.0552837
1 0.248576 31.8631 0.0499759 -0.0668407
1 1.36922 31.8676 0.0490438 -0.062705
1 2.48194 31.871 0.0513195 -0.0544857
1 3.59376 31.8738 0.0559642 -0.0487531
1 4.7053 31.8758 0.0584237 -0.0443495
1 5.81689 31.878 0.0558233 -0.0473187
1 6.9298 31.881 0.0506828 -0.0500956
1 8.04303 31.8841 0.0507911 -0.0452879
1 9.1553 31.8857 0.0568082 -0.0345158
1 10.2658 31.8853 0.0539773 -0.0227429
1 11.3746 31.8834 0.0329257 -0.0171188
1 12.4799 31.8808 0.00524102 -0.0141361
1 13.5807 31.878 -0.0384913 -0.0117042
1 14.6797 31.8754 -0.0456192 -0.00961677
1 15.7799 31.8731 -0.0153419 -0.00857149
1 16.8822 31.8711 -0.00438072 -0.00835404
1 17.985 31.8696 -0.00603557 -0.00710194
1 19.0871 31.8684 -0.00365228 -0.00651268
1 20.1901 31.8675 -0.00305852 -0.00669088
1 21.2933 31.867 -0.000182721 -0.00620934
1 22.3952 31.8669 0.000768349 -0.00599787
1 23.4978 31.8673 0.0012405 -0.00683991
1 24.6011 31.868 0.0031261 -0.00711375
1 25.7035 31.869 0.00639809 -0.00703591
1 26.8062 31.8703 0.00788068 -0.00782677
1 27.9094 31.8721 0.00442772 -0.00847423
1 29.0103 31.8742 0.022152 -0.0089506
1 30.1089 31.8766 0.0459308 -0.0108633
1 31.2084 31.8793 0.0239625 -0.0121202
1 32.3121 31.882 -0.0158269 -0.0149405
1 33.4197 31.8843 -0.0466206 -0.0204569
1 34.5292 31.8855 -0.0542097 -0.0286479
1 35.641 31.8849 -0.0483044 -0.0394954
1 36.7537 31.8825 -0.0504714 -0.0489822
1 37.8667 31.8793 -0.0504466 -0.0494999
1 38.9791 31.8768 -0.0604131 -0.0438277
1 40.0901 31.875 -0.0611678 -0.0470392
1 41.2017 31.8723 -0.0566389 -0.0540158
1 42.3136 31.8691 -0.0528656 -0.0593967
1 43.428 31.865 -0.0486423 -0.0678557
1 0.808259 32.827 0.0566376 -0.0694211
1 1.92309 32.8306 0.057422 -0.0680367
1 3.03547 32.8334 0.0603404 -0.0656839
1 4.14744 32.8359 0.0640248 -0.0616588
1 5.25853 32.8374 0.0679174 -0.0564747
1 6.37014 32.8388 0.0603419 -0.0624428
1 7.48281 32.8414 0.0582832 -0.0677258
1 8.59553 32.844 0.0537837 -0.0642538
1 9.70765 32.8452 0.0577224 -0.0547393
1 10.8171 32.8444 0.0478917 -0.0457494
1 11.9247 32.8421 0.0156013 -0.0395532
1 13.0284 32.839 -0.0230167 -0.0381083
1 14.1282 32.8361 -0.0450406 -0.03836
1 15.2272 32.8334 -0.0225002 -0.0374275
1 16.3285 32.8311 -0.00445296 -0.0369593
1 17.432 32.8292 -0.00769351 -0.0366617
1 18.5351 32.8278 -0.00617955 -0.0366273
1 19.6378 32.8268 -0.00244659 -0.0369873
1 20.7415 32.826 -0.00121015 -0.0369299
1 21.8443 32.8257 0.000403777 -0.0365337
1 22.9466 32.8258 0.00056926 -0.0370616
1 24.0501 32.8264 0.00231978 -0.0377891
1 25.1534 32.8273 0.0030218 -0.0373409
1 26.256 32.8285 0.00462389 -0.0367609
1 27.3593 32.8301 0.00437193 -0.0365346
1 28.462 32.8322 0.015234 -0.0362678
1 29.5626 32.8348 0.0457342 -0.0368023
1 30.6619 32.8376 0.0373656 -0.0383377
1 31.7628 32.8406 -0.00886386 -0.0398803
1 32.8684 32.8432 -0.0359117 -0.0427288
1 33.9774 32.8448 -0.0555066 -0.0493165
1 35.088 32.8447 -0.0568865 -0.0605527
1 36.2005 32.8426 -0.0531663 -0.0671247
1 37.3133 32.8399 -0.0554783 -0.0647387
1 38.4255 32.8381 -0.0628101 -0.0592194
1 39.5367 32.8368 -0.0619033 -0.0598291
1 40.6484 32.8347 -0.0593658 -0.0644165
1 41.7603 32.8321 -0.057461 -0.0666231
1 42.8729 32.8286 -0.058488 -0.0713732
1 43.993 32.8244 -0.0637442 -0.0721132
1 0.245514 33.7885 0.0742878 -0.0693622
1 1.36498 33.7909 0.0677534 -0.0772607
1 2.47755 33.7937 0.0660613 -0.0766778
1 3.58938 33.796 0.0650792 -0.0756366
1 4.7014 33.7982 0.0661575 -0.0738662
1 5.81277 33.7996 0.0686953 -0.0681066
1 6.92442 33.8006 0.0643039 -0.0715001
1 8.03691 33.8026 0.0585125 -0.0795157
1 9.14942 33.805 0.0603714 -0.078419
1 10.2604 33.8059 0.0591678 -0.0683793
1 11.3693 33.8048 0.0402329 -0.0590648
1 12.4744 33.802 0.0122899 -0.0542687
1 13.5752 33.7987 -0.033242 -0.0523407
1 14.6747 33.7956 -0.0423795 -0.0517403
1 15.7754 33.7928 -0.0146294 -0.0520104
1 16.8786 33.7906 -0.00457701 -0.0525419
1 17.9823 33.7888 -0.00604036 -0.0526521
1 19.0852 33.7875 -0.00429914 -0.0532387
1 20.1889 33.7866 -0.00303258 -0.0536974
1 21.2928 33.7861 0.000361032 -0.0533138
1 22.3954 33.7859 -0.000105705 -0.0533907
1 23.4986 33.7863 1.19141e-05 -0.0543898
1 24.6026 33.787 0.00385349 -0.0542084
1 25.7058 33.7881 0.00753791 -0.0528368
1 26.8093 33.7897 0.00860912 -0.0518427
1 27.9134 33.7917 0.00458191 -0.0518426
1 29.0151 33.7942 0.019892 -0.0521578
1 30.1142 33.7971 0.0411356 -0.0530006
1 31.2139 33.8003 0.0183831 -0.0528526
1 32.3177 33.8034 -0.021097 -0.0553432
1 33.4254 33.8055 -0.0511606 -0.0638116
1 34.5352 33.8055 -0.0587261 -0.0743765
1 35.6474 33.8037 -0.0548037 -0.080313
1 36.7598 33.8014 -0.0633328 -0.0773371
1 37.8715 33.7999 -0.0659101 -0.0699886
1 38.983 33.799 -0.0696173 -0.0703777
1 40.0945 33.7971 -0.0651105 -0.076703
1 41.2067 33.7947 -0.061031 -0.0769635
1 42.3192 33.7921 -0.0593378 -0.0771075
1 43.4337 33.7891 -0.061768 -0.0726708
1 0.805382 34.7527 0.0709793 -0.0713419
1 1.91956 34.7546 0.0678479 -0.0734208
1 3.03183 34.7569 0.0665592 -0.072752
1 4.14395 34.759 0.066012 -0.0748751
1 5.25567 34.7612 0.0691558 -0.0724538
1 6.36718 34.7624 0.0693062 -0.0686995
1 7.47861 34.7633 0.0698131 -0.0705328
1 8.59054 34.7649 0.058244 -0.0770078
1 9.7031 34.7669 0.0586813 -0.0777274
1 10.8133 34.7678 0.0521464 -0.0684846
1 11.9209 34.7664 0.0264832 -0.056358
1 13.0242 34.7632 -0.0101359 -0.0496864
1 14.1237 34.7596 -0.0336283 -0.0490506
1 15.2228 34.7563 -0.0151217 -0.0497968
1 16.3245 34.7535 -0.0016653 -0.0513232
1 17.4288 34.7512 -0.00722205 -0.0525127
1 18.5327 34.7496 -0.00712639 -0.0535436
1 19.6362 34.7484 -0.00326243 -0.0545164
1 20.7406 34.7477 -0.000284958 -0.0549317
1 21.8441 34.7474 0.000294433 -0.0547464
1 22.9472 34.7475 -0.00149535 -0.0553229
1 24.0513 34.748 0.00235641 -0.0555421
1 25.1554 34.7489 0.00556975 -0.0539521
1 26.2588 34.7504 0.00608684 -0.0525751
1 27.3629 34.7524 0.00315614 -0.0519175
1 28.4662 34.7548 0.00989262 -0.0508011
1 29.567 34.7579 0.0359376 -0.0491905
1 30.6663 34.7614 0.0254584 -0.0494785
1 31.7671 34.7649 -0.0199807 -0.0532949
1 32.8725 34.7672 -0.043671 -0.0624045
1 33.9818 34.7674 -0.0588519 -0.0736904
1 35.093 34.7658 -0.0605787 -0.0797669
1 36.2053 34.7637 -0.062185 -0.0745282
1 37.3171 34.7627 -0.0666973 -0.0685141
1 38.4287 34.7619 -0.0680936 -0.0711564
1 39.5404 34.76 -0.06601 -0.0753087
1 40.6523 34.7578 -0.0678249 -0.0736632
1 41.7641 34.7556 -0.0658097 -0.0750299
1 42.8765 34.7532 -0.0682891 -0.0722017
1 43.9953 34.7514 -0.0701129 -0.066086
1 0.244808 35.716 0.0704621 -0.0703819
1 1.36369 35.7169 0.0692996 -0.0702319
1 2.47555 35.7185 0.0673228 -0.0753795
1 3.58715 35.7205 0.0678482 -0.0755225
1 4.69873 35.7224 0.0684843 -0.0780342
1 5.81035 35.7244 0.0687076 -0.0783192
1 6.92212 35.7257 0.06954 -0.073
1 8.03357 35.7264 0.0683969 -0.0743832
1 9.14528 35.7277 0.0639623 -0.0802688
1 10.2568 35.7295 0.055965 -0.0801517
1 11.3669 35.7301 0.0408867 -0.0716981
1 12.4724 35.7286 0.0229811 -0.0592898
1 13.5729 35.7253 -0.0153387 -0.0497461
1 14.6718 35.7212 -0.0252094 -0.0471268
1 15.7721 35.7175 -0.00356541 -0.0503028
1 16.8753 35.7145 0.00046458 -0.0540349
1 17.9796 35.7122 -0.00486805 -0.0564521
1 19.0832 35.7106 -0.00508966 -0.0581774
1 20.1877 35.7096 -0.00247046 -0.0596457
1 21.2922 35.7091 0.00134019 -0.0602577
1 22.3956 35.709 -0.00163134 -0.0605581
1 23.4995 35.7093 -0.00128037 -0.0605124
1 24.6043 35.71 0.00585355 -0.0586801
1 25.7083 35.7114 0.0083638 -0.0568675
1 26.8125 35.7134 0.004922 -0.0556094
1 27.9167 35.716 -0.00345788 -0.0531236
1 29.0182 35.7192 0.00663749 -0.0491795
1 30.1169 35.7231 0.0239383 -0.0479915
1 31.2163 35.7269 0.00281295 -0.0532562
1 32.3201 35.7295 -0.02878 -0.0655703
1 33.4285 35.7298 -0.0511948 -0.0789404
1 34.5391 35.7282 -0.0595064 -0.0818056
1 35.6512 35.7267 -0.0619281 -0.0764691
1 36.7625 35.7259 -0.0715202 -0.0722356
1 37.8739 35.725 -0.0679055 -0.0753129
1 38.9861 35.7233 -0.0691226 -0.078081
1 40.0979 35.7214 -0.0699477 -0.0767259
1 41.2099 35.7194 -0.0691196 -0.0763584
1 42.3221 35.7174 -0.0717031 -0.0723347
1 43.4362 35.7162 -0.073659 -0.0677613
1 0.804518 36.6796 0.0694349 -0.0732744
1 1.91825 36.6806 0.0703654 -0.0738874
1 3.02988 36.6819 0.0692624 -0.0775378
1 4.14171 36.6838 0.0699831 -0.0783012
1 5.25317 36.6855 0.0719732 -0.0777593
1 6.36496 36.6873 0.0680163 -0.0784978
1 7.47668 36.6885 0.0721894 -0.0762032
1 8.58802 36.6892 0.0659682 -0.0750162
1 9.69973 36.6902 0.06428 -0.0807933
1 10.8103 36.6917 0.0480426 -0.0808344
1 11.9194 36.6922 0.0225961 -0.0717668
1 13.0237 36.6906 -0.00332912 -0.0573341
1 14.1235 36.6872 -0.0161029 -0.0454168
1 15.2219 36.6828 0.00478606 -0.0416382
1 16.3226 36.6787 0.0131817 -0.045204
1 17.4264 36.6753 0.00130518 -0.050109
1 18.5304 36.6729 -0.00394707 -0.0538751
1 19.6346 36.6714 -0.00271856 -0.0567605
1 20.7397 36.6706 0.00112439 -0.0591578
1 21.8439 36.6702 0.000473953 -0.0601215
1 22.9476 36.6703 -0.00312564 -0.0596208
1 24.0526 36.6709 0.0025359 -0.0576619
1 25.1575 36.6722 0.0047564 -0.0551003
1 26.2613 36.6741 -0.000860078 -0.0529738
1 27.3652 36.6769 -0.0089195 -0.0486488
1 28.4677 36.6806 -0.00667629 -0.0428762
1 29.5677 36.685 0.0170258 -0.0416584
1 30.6667 36.689 0.0116186 -0.0513531
1 31.768 36.6914 -0.0230231 -0.0672919
1 32.8747 36.6917 -0.0394389 -0.0781018
1 33.9852 36.6906 -0.0579677 -0.0807536
1 35.0961 36.6894 -0.0679412 -0.0767085
1 36.2074 36.6887 -0.0691399 -0.0733118
1 37.3189 36.688 -0.0676885 -0.076479
1 38.4309 36.6863 -0.068762 -0.0794616
1 39.5425 36.6844 -0.0691947 -0.0779341
1 40.6543 36.6826 -0.068828 -0.0773391
1 41.766 36.681 -0.0683004 -0.0746341
1 42.878 36.68 -0.0681909 -0.0747995
1 43.9972 36.6798 -0.0681183 -0.0717116
1 0.241396 37.6415 0.0659416 -0.0751869
1 1.36103 37.6428 0.0662705 -0.0742721
1 2.47332 37.6441 0.0672512 -0.0733337
1 3.58502 37.6455 0.0675227 -0.072703
1 4.69675 37.647 0.0680221 -0.0745811
1 5.80833 37.6488 0.068424 -0.0779942
1 6.92044 37.6505 0.0693108 -0.0766209
1 8.03215 37.6516 0.0712107 -0.0729755
1 9.14342 37.6521 0.0709709 -0.0746739
1 10.2542 37.6531 0.0614963 -0.0775899
1 11.3644 37.6543 0.0400456 -0.0775179
1 12.4714 37.6546 0.0186979 -0.0687777
1 13.5736 37.653 -0.0133091 -0.0541649
1 14.6734 37.6495 -0.0134734 -0.0407424
1 15.7732 37.645 0.0147252 -0.0361779
1 16.8751 37.6405 0.0189709 -0.039291
1 17.9783 37.6367 0.00854328 -0.0452151
1 19.0817 37.6341 0.000864408 -0.0505196
1 20.1867 37.6325 -0.000279502 -0.055693
1 21.2917 37.6318 0.00280033 -0.0586825
1 22.3956 37.6317 -0.00186268 -0.0588062
1 23.5003 37.6321 -0.00238143 -0.0567981
1 24.6058 37.6332 0.00214286 -0.052878
1 25.7099 37.6353 -0.00331842 -0.0488824
1 26.8132 37.6385 -0.0117832 -0.0431662
1 27.9163 37.6427 -0.0205984 -0.0367034
1 29.0168 37.6473 -0.00850941 -0.0375831
1 30.1157 37.6513 0.0159618 -0.0487726
1 31.2165 37.6536 0.00444979 -0.0629748
1 32.3219 37.6541 -0.0251065 -0.0735852
1 33.4312 37.6534 -0.0541557 -0.0772091
1 34.5414 37.6523 -0.0686799 -0.0738054
1 35.6526 37.6519 -0.0677824 -0.0718067
1 36.7639 37.6512 -0.0724949 -0.0744278
1 37.8757 37.6496 -0.0701287 -0.0767891
1 38.9877 37.6478 -0.0733386 -0.0760676
1 40.0991 37.6461 -0.0725784 -0.0757447
1 41.2107 37.6444 -0.0731602 -0.0724565
1 42.3223 37.6433 -0.0730188 -0.0723665
1 43.4364 37.6426 -0.0719471 -0.0750705
1 0.80196 38.6051 0.0704199 -0.0779858
1 1.91645 38.6061 0.0685076 -0.0765889
1 3.02837 38.6072 0.0699844 -0.0765294
1 4.14028 38.6088 0.069749 -0.0808078
1 5.2518 38.6105 0.0747153 -0.0784159
1 6.36347 38.6119 0.071 -0.0800768
1 7.4755 38.6137 0.0723174 -0.0809466
1 8.5872 38.6147 0.0687645 -0.0751423
1 9.69845 38.6151 0.0717425 -0.0764863
1 10.8084 38.6158 0.0558224 -0.0808368
1 11.9175 38.6169 0.0258643 -0.0785606
1 13.0232 38.6169 -0.00468487 -0.0688954
1 14.125 38.6151 -0.0183321 -0.0551097
1 15.2248 38.6117 0.00757857 -0.0434503
1 16.3254 38.6071 0.0263653 -0.0379221
1 17.4281 38.6022 0.021044 -0.0386051
1 18.5308 38.598 0.0136486 -0.0437051
1 19.6343 38.5951 0.00649035 -0.0507517
1 20.7394 38.5935 0.00477854 -0.057453
1 21.8438 38.5929 0.00175197 -0.0604972
1 22.9478 38.5931 -0.00443879 -0.0587401
1 24.0531 38.5942 -0.00404295 -0.0539883
1 25.1576 38.5964 -0.011136 -0.0479728
1 26.2602 38.5999 -0.0203259 -0.0416233
1 27.3629 38.6046 -0.0230313 -0.0370829
1 28.4649 38.6095 -0.0146152 -0.0401282
1 29.5654 38.6133 0.0145738 -0.0507789
1 30.6661 38.6157 0.012866 -0.0630141
1 31.7692 38.6166 -0.0239007 -0.0738188
1 32.8765 38.6161 -0.0453948 -0.0781949
1 33.9866 38.6153 -0.0649708 -0.0781456
1 35.0968 38.6149 -0.0723914 -0.0750416
1 36.2082 38.6143 -0.0681741 -0.0768194
1 37.3202 38.6128 -0.0648658 -0.0814669
1 38.4325 38.611 -0.06858 -0.0795318
1 39.5439 38.6094 -0.0710185 -0.077458
1 40.6555 38.608 -0.070841 -0.0775299
1 41.7669 38.6066 -0.071226 -0.0769164
1 42.8791 38.6054 -0.0718322 -0.0762482
1 43.9991 38.6044 -0.0714312 -0.0795489
1 0.239941 39.5672 0.0780075 -0.0752824
1 1.35994 39.5677 0.0719446 -0.0757979
1 2.47242 39.5691 0.073223 -0.0763426
1 3.58385 39.5705 0.0742108 -0.0721581
1 4.6954 39.5721 0.0703812 -0.0754249
1 5.80707 39.5738 0.0709479 -0.0749778
1 6.91905 39.5752 0.0691817 -0.0746631
1 8.03115 39.5767 0.0678644 -0.0758578
1 9.14298 39.5778 0.0703531 -0.0727954
1 10.2536 39.5782 0.066776 -0.0717566
1 11.3634 39.5788 0.0474261 -0.074603
1 12.4706 39.5795 0.0257646 -0.0724728
1 13.5739 39.5793 -0.00953657 -0.0611196
1 14.6752 39.5772 -0.0172262 -0.0476405
1 15.7767 39.5736 0.0104001 -0.0389416
1 16.8793 39.569 0.0253111 -0.0339857
1 17.982 39.5641 0.0266243 -0.0324337
1 19.084 39.5597 0.0205084 -0.0351413
1 20.1877 39.5565 0.0119093 -0.0425474
1 21.292 39.5548 0.00808872 -0.0491922
1 22.3955 39.5544 -0.00254817 -0.0505427
1 23.4997 39.5555 -0.0112988 -0.0461938
1 24.6042 39.558 -0.0164428 -0.0389624
1 25.7068 39.5617 -0.0234864 -0.0335692
1 26.8093 39.5665 -0.0215638 -0.0326677
1 27.9126 39.5714 -0.0220473 -0.0369963
1 29.014 39.5753 -0.00678701 -0.0455014
1 30.1144 39.5779 0.0168668 -0.0546551
1 31.2168 39.5792 0.00188037 -0.0646921
1 32.323 39.5789 -0.0308994 -0.0742761
1 33.4321 39.5782 -0.0604795 -0.0726456
1 34.5418 39.578 -0.0732798 -0.0697321
1 35.6531 39.5775 -0.0659936 -0.0745216
1 36.7651 39.576 -0.0705577 -0.0784194
1 37.8769 39.5743 -0.0716601 -0.0739826
1 38.9886 39.573 -0.0740763 -0.0738923
1 40.1 39.5712 -0.0721774 -0.0740937
1 41.2116 39.5698 -0.070318 -0.0729876
1 42.3236 39.5683 -0.0698008 -0.0761527
1 43.4377 39.5671 -0.0705908 -0.0785596
1 0.801782 40.5296 0.0735826 -0.0781549
1 1.91592 40.5309 0.0737928 -0.0742697
1 3.02766 40.5325 0.072253 -0.0745084
1 4.13942 40.5342 0.0722806 -0.0762607
1 5.2508 40.5357 0.0762175 -0.075477
1 6.3624 40.5372 0.0715935 -0.0757075
1 7.47438 40.5386 0.0721585 -0.0782323
1 8.5864 40.54 0.0674136 -0.0771151
1 9.69825 40.541 0.0707435 -0.0744675
1 10.8083 40.5414 0.0612262 -0.0735831
1 11.9172 40.5418 0.031258 -0.0736572
1 13.0236 40.5423 0.00238499 -0.0712868
1 14.1263 40.5418 -0.0116393 -0.0593232
1 15.227 40.5392 0.00523062 -0.0463472
1 16.3291 40.5352 0.0188954 -0.0406573
1 17.4331 40.5305 0.0197115 -0.0381629
1 18.5361 40.5259 0.0244129 -0.0351465
1 19.6385 40.5217 0.0228567 -0.0348666
1 20.7417 40.5185 0.0168919 -0.0386845
1 21.8442 40.517 0.00512789 -0.0418147
1 22.9465 40.5175 -0.0122224 -0.0405802
1 24.0498 40.52 -0.0208065 -0.0369307
1 25.1526 40.5237 -0.0260023 -0.0347628
1 26.255 40.5282 -0.022686 -0.0365067
1 27.3587 40.5328 -0.0192413 -0.0408389
1 28.4617 40.5371 -0.0113316 -0.0449633
1 29.5634 40.5402 0.0160337 -0.0521946
1 30.6655 40.5418 0.00839327 -0.0638966
1 31.7694 40.5419 -0.0333436 -0.0733596
1 32.8766 40.5414 -0.0540573 -0.0726379
1 33.9865 40.5413 -0.0656869 -0.0732434
1 35.0973 40.5406 -0.0686565 -0.0774144
1 36.2094 40.5393 -0.0682439 -0.0762809
1 37.3213 40.538 -0.0701954 -0.0759273
1 38.4332 40.5366 -0.0714662 -0.0773093
1 39.5446 40.5349 -0.0752264 -0.0755214
1 40.6558 40.5334 -0.0729124 -0.0757176
1 41.7676 40.5316 -0.0696341 -0.0776032
1 42.8799 40.53 -0.071655 -0.0741337
1 43.9996 40.5288 -0.0743955 -0.0734734
1 0.239762 41.4908 0.0764158 -0.0754345
1 1.35969 41.4922 0.0705558 -0.0762028
1 2.47191 41.4939 0.0709875 -0.0779381
1 3.58363 41.4958 0.0716226 -0.0757752
1 4.69517 41.4975 0.0726434 -0.0731366
1 5.80641 41.4991 0.0756247 -0.0759688
1 6.91818 41.5005 0.0722728 -0.0745384
1 8.03009 41.5017 0.0705294 -0.0765058
1 9.1422 41.5029 0.0677197 -0.0758208
1 10.2537 41.5039 0.0650545 -0.0750172
1 11.3637 41.5045 0.0535696 -0.0723038
1 12.4711 41.5048 0.0323158 -0.069836
1 13.5752 41.505 -0.00363145 -0.0657918
1 14.6775 41.5039 -0.0131578 -0.0542474
1 15.7796 41.5007 0.00935981 -0.0421762
1 16.8831 41.4961 0.0191802 -0.0374885
1 17.9872 41.4915 0.0194292 -0.0368153
1 19.0901 41.4875 0.0189514 -0.0341184
1 20.1927 41.4841 0.0165812 -0.028625
1 21.2945 41.4817 0.0122948 -0.0239687
1 22.3947 41.4812 -0.00393707 -0.023253
1 23.4958 41.4827 -0.0173982 -0.0262964
1 24.5983 41.4857 -0.0183602 -0.0316499
1 25.701 41.4894 -0.0169184 -0.0361815
1 26.805 41.4938 -0.0158544 -0.0387698
1 27.9092 41.4982 -0.0197979 -0.0409257
1 29.0113 41.5021 -0.00413205 -0.0473438
1 30.1128 41.5043 0.0115652 -0.0593119
1 31.2158 41.5047 -0.0106651 -0.0682272
1 32.3223 41.5044 -0.0368956 -0.0720809
1 33.4318 41.5041 -0.0598819 -0.0723849
1 34.5421 41.5036 -0.0715107 -0.0742458
1 35.6539 41.5025 -0.0658126 -0.0769268
1 36.766 41.5011 -0.0719662 -0.0766093
1 37.8777 41.4999 -0.0716518 -0.0729025
1 38.9895 41.4984 -0.073631 -0.0755535
1 40.101 41.4966 -0.0720955 -0.0768788
1 41.2127 41.4946 -0.0719407 -0.074983
1 42.3247 41.493 -0.072085 -0.0760023
1 43.439 41.4915 -0.0732441 -0.0754833
1 0.800429 42.4535 0.0721488 -0.0765468
1 1.91478 42.4552 0.0711564 -0.0737616
1 3.02664 42.4572 0.0707476 -0.0751905
1 4.1386 42.4596 0.0713104 -0.0775337
1 5.24999 42.4613 0.077333 -0.0756303
1 6.36161 42.4628 0.0722417 -0.0747215
1 7.47369 42.4639 0.0740756 -0.0756491
1 8.5855 42.4651 0.0713806 -0.0758954
1 9.69758 42.4662 0.0672131 -0.0745112
1 10.8086 42.4669 0.0594377 -0.0753644
1 11.9182 42.4677 0.0356328 -0.073947
1 13.0252 42.4682 0.00930765 -0.0688784
1 14.1286 42.468 -0.00466125 -0.0599251
1 15.23 42.4659 0.00660353 -0.048894
1 16.3326 42.462 0.0160391 -0.0404622
1 17.4372 42.4573 0.0146821 -0.0354721
1 18.541 42.453 0.0111931 -0.0336273
1 19.6435 42.45 0.00502428 -0.0299521
1 20.7453 42.4483 0.00342737 -0.0204775
1 21.8451 42.4476 0.00221936 -0.012565
1 22.9441 42.4478 -0.0032266 -0.0153536
1 24.0452 42.449 -0.00388312 -0.0257953
1 25.1477 42.4513 -0.00849013 -0.0330797
1 26.2508 42.455 -0.0160454 -0.0355074
1 27.3548 42.4594 -0.0188911 -0.0388947
1 28.4584 42.4638 -0.00764706 -0.0436873
1 29.5608 42.4669 0.0132853 -0.0545004
1 30.6635 42.4677 -0.00168652 -0.0680246
1 31.7681 42.4674 -0.0356178 -0.0706799
1 32.8762 42.4673 -0.0547398 -0.07055
1 33.9865 42.4668 -0.0667289 -0.0749579
1 35.098 42.4658 -0.0664623 -0.0776341
1 36.2102 42.4646 -0.0696818 -0.0743496
1 37.322 42.4635 -0.07102 -0.0752902
1 38.4341 42.4619 -0.0695858 -0.0786716
1 39.5458 42.4602 -0.0705218 -0.0750292
1 40.6575 42.4584 -0.0702196 -0.0749542
1 41.7691 42.4563 -0.0703228 -0.0749185
1 42.8815 42.4543 -0.0692165 -0.0762285
1 44.0014 42.453 -0.0696459 -0.0755602
1 0.237169 43.4144 0.0701576 -0.0726305
1 1.35743 43.4161 0.0694723 -0.0729683
1 2.46976 43.4186 0.0685285 -0.0784054
1 3.58142 43.4209 0.0686378 -0.075987
1 4.69332 43.4229 0.0673827 -0.0750271
1 5.80505 43.4247 0.0702559 -0.0765234
1 6.91725 43.4261 0.0685145 -0.0743664
1 8.02963 43.4272 0.0702246 -0.0736567
1 9.14154 43.4281 0.0717752 -0.0755237
1 10.2534 43.4291 0.0639502 -0.0746914
1 11.3643 43.4299 0.0561196 -0.0723311
1 12.4724 43.4306 0.0362906 -0.0716245
1 13.5777 43.4313 -0.00151349 -0.0673858
1 14.6808 43.4306 -0.0109782 -0.0525204
1 15.7832 43.4273 0.00759213 -0.0393586
1 16.8869 43.4228 0.0135013 -0.0332419
1 17.9908 43.4187 0.00747724 -0.0275489
1 19.0928 43.4157 -0.00361053 -0.0222619
1 20.1942 43.4144 -0.00994592 -0.0179942
1 21.295 43.4143 -0.00447214 -0.0153578
1 22.3946 43.4143 0.002664 -0.0149442
1 23.4949 43.4142 0.00711781 -0.0161433
1 24.5962 43.4148 0.00719151 -0.0197292
1 25.6977 43.417 -0.002094 -0.0251862
1 26.801 43.4206 -0.00943152 -0.0317061
1 27.9054 43.4249 -0.0115607 -0.0372404
1 29.0082 43.4289 -0.00183596 -0.0465181
1 30.11 43.4306 0.00398374 -0.0625313
1 31.2137 43.4304 -0.0152724 -0.0677128
1 32.3213 43.4303 -0.0383515 -0.0690899
1 33.4316 43.4296 -0.0602329 -0.0764188
1 34.5428 43.4285 -0.0681184 -0.0734092
1 35.655 43.428 -0.0683986 -0.0723798
1 36.7669 43.4268 -0.0735378 -0.0772455
1 37.879 43.4252 -0.0724496 -0.0748276
1 38.991 43.4237 -0.0761044 -0.0746766
1 40.1025 43.4218 -0.0725757 -0.0769552
1 41.2142 43.4197 -0.0736164 -0.0744631
1 42.326 43.4174 -0.0717428 -0.0761859
1 43.4404 43.4152 -0.0736613 -0.0780916
1 0.798106 44.3767 0.0733037 -0.0798112
1 1.91232 44.3793 0.0718947 -0.0756553
1 3.02399 44.3824 0.071955 -0.0736456
1 4.13587 44.3847 0.0708325 -0.0774883
1 5.24778 44.3866 0.0748869 -0.0763759
1 6.35965 44.388 0.07396 -0.0754785
1 7.47208 44.3893 0.069293 -0.0755967
1 8.58476 44.3904 0.0690828 -0.0753371
1 9.6969 44.3912 0.0692029 -0.073486
1 10.8086 44.3919 0.0561113 -0.0752467
1 11.9195 44.3929 0.0391226 -0.0748013
1 13.0274 44.3941 0.0180079 -0.0710876
1 14.1314 44.3946 -0.00268629 -0.0609874
1 15.2335 44.3928 -0.00143958 -0.0446004
1 16.3363 44.3889 0.00422475 -0.0304133
1 17.44 44.3848 -0.000573513 -0.0223567
1 18.5422 44.3821 -0.0103981 -0.0185669
1 19.6429 44.3809 -0.0125398 -0.0165827
1 20.7439 44.3804 -0.00504894 -0.0189382
1 21.8447 44.3802 0.000478522 -0.023026
1 22.9453 44.3802 0.00212203 -0.0211145
1 24.0464 44.3805 0.00910774 -0.016465
1 25.1473 44.3813 0.0127644 -0.0168727
1 26.2485 44.3832 0.00444542 -0.0209159
1 27.3515 44.3866 -0.00458986 -0.0274538
1 28.4549 44.3906 -0.000937792 -0.0381811
1 29.5574 44.3935 0.0104294 -0.0548248
1 30.6606 44.3938 -0.00374305 -0.0682137
1 31.7665 44.3931 -0.0350139 -0.0701565
1 32.8758 44.3925 -0.056068 -0.0737145
1 33.987 44.3916 -0.0664258 -0.074352
1 35.0989 44.391 -0.0687734 -0.0732187
1 36.2111 44.3901 -0.0703119 -0.0758339
1 37.3236 44.3887 -0.0669721 -0.0763002
1 38.4362 44.3872 -0.0703667 -0.0763186
1 39.548 44.3856 -0.0713773 -0.0747208
1 40.6599 44.3836 -0.0709319 -0.0759729
1 41.7715 44.3809 -0.0711969 -0.0783044
1 42.8837 44.3777 -0.0699677 -0.0726755
1 44.0045 44.3753 -0.0735486 -0.0747932
1 0.232902 45.3357 0.0756437 -0.0767282
1 1.3543 45.3394 0.0732279 -0.0736193
1 2.46627 45.3437 0.0708956 -0.0772566
1 3.57813 45.3462 0.0733034 -0.0771188
1 4.69022 45.3482 0.0699494 -0.076955
1 5.80268 45.35 0.0734705 -0.0765375
1 6.91476 45.3512 0.0739054 -0.0750024
1 8.0278 45.3522 0.0665355 -0.0757748
1 9.14057 45.3533 0.0719809 -0.0763774
1 10.2526 45.354 0.0660122 -0.0742653
1 11.3645 45.3544 0.0526625 -0.0731427
1 12.4743 45.3558 0.0332247 -0.0779126
1 13.5807 45.3579 0.00101017 -0.0709211
1 14.684 45.3578 -0.0140729 -0.0471542
1 15.786 45.3549 -0.0106157 -0.0277594
1 16.8889 45.3514 -0.00939255 -0.0176743
1 17.991 45.3488 -0.0118344 -0.0140212
1 19.0916 45.3472 -0.0126398 -0.0181392
1 20.1929 45.3463 -0.00682737 -0.0230919
1 21.2944 45.3457 0.000468245 -0.0232122
1 22.3949 45.3456 0.000300674 -0.0224744
1 23.496 45.346 0.0013297 -0.0230349
1 24.5976 45.3466 0.00954906 -0.0205553
1 25.6985 45.3479 0.0138585 -0.0152549
1 26.7998 45.3499 0.0125179 -0.0155479
1 27.9027 45.3528 0.00942752 -0.0245872
1 29.005 45.356 0.00976304 -0.0395837
1 30.107 45.3574 0.00680437 -0.0604122
1 31.2117 45.3563 -0.0167566 -0.0721244
1 32.3203 45.3551 -0.0435082 -0.0735151
1 33.4315 45.3544 -0.0596134 -0.0751494
1 34.5435 45.3538 -0.0683703 -0.0730496
1 35.6558 45.3532 -0.0702329 -0.07647
1 36.7684 45.3517 -0.0691822 -0.0794153
1 37.8812 45.3503 -0.0694556 -0.0747307
1 38.9937 45.349 -0.0718514 -0.075907
1 40.1059 45.3471 -0.0706214 -0.0768635
1 41.218 45.345 -0.0683657 -0.0752137
1 42.33 45.3418 -0.0719462 -0.0765928
1 43.4435 45.3371 -0.0699554 -0.0772249
1 0.793492 46.2979 0.0714462 -0.0775767
1 1.90648 46.3052 0.0679746 -0.0755263
1 3.01917 46.3083 0.0706766 -0.0744154
1 4.1316 46.3103 0.0703089 -0.0751342
1 5.24455 46.3121 0.0697851 -0.077159
1 6.35736 46.3139 0.0701682 -0.0735821
1 7.4703 46.3143 0.0691635 -0.0740327
1 8.58365 46.3158 0.0689753 -0.0781647
1 9.69624 46.3169 0.0704504 -0.0705508
1 10.8084 46.3166 0.0584988 -0.0721542
1 11.92 46.3177 0.0417185 -0.0763372
1 13.0288 46.3206 0.0137188 -0.0724276
1 14.1337 46.3227 -0.0155887 -0.0534268
1 15.2355 46.3218 -0.0243718 -0.0258013
1 16.3373 46.319 -0.0219893 -0.0116198
1 17.4398 46.3163 -0.0161949 -0.0139334
1 18.5413 46.3142 -0.0100288 -0.0198456
1 19.6425 46.3127 -0.00625169 -0.0218842
1 20.7439 46.312 -0.00230078 -0.0226908
1 21.8447 46.3118 0.000384145 -0.0236688
1 22.9453 46.3118 0.000946174 -0.02312
1 24.0467 46.3123 0.00438569 -0.0218316
1 25.1481 46.3133 0.00826071 -0.0205313
1 26.2494 46.3151 0.0128417 -0.0174942
1 27.3514 46.3174 0.0184887 -0.0133635
1 28.4534 46.32 0.0236018 -0.0183615
1 29.555 46.3219 0.025699 -0.0398934
1 30.6584 46.3212 0.00267598 -0.0652935
1 31.7652 46.3186 -0.0349632 -0.0755779
1 32.8755 46.317 -0.0522275 -0.0715628
1 33.9879 46.3172 -0.0634528 -0.0678629
1 35.1 46.3169 -0.0713586 -0.0776373
1 36.2129 46.315 -0.068747 -0.0772521
1 37.3262 46.3141 -0.0697791 -0.0716239
1 38.4389 46.3129 -0.0735809 -0.0784778
1 39.5516 46.311 -0.0711859 -0.0734816
1 40.6645 46.3093 -0.0712519 -0.0744228
1 41.7772 46.3068 -0.0705849 -0.0757302
1 42.89 46.3025 -0.0732375 -0.0740065
1 44.0098 46.2942 -0.0729218 -0.0742666
1 0.222036 47.2535 0.0709809 -0.0738778
1 1.3429 47.2702 0.0723745 -0.0736967
1 2.45843 47.2744 0.0690542 -0.0788563
1 3.57278 47.2771 0.0712381 -0.0721086
1 4.68605 47.2779 0.0728284 -0.076321
1 5.79943 47.2808 0.0695201 -0.0805522
1 6.91274 47.2815 0.0718571 -0.0691189
1 8.02603 47.2818 0.0688855 -0.0789169
1 9.13911 47.2843 0.0702683 -0.0783568
1 10.2521 47.2843 0.0621155 -0.0647571
1 11.3641 47.2836 0.0549684 -0.0704883
1 12.4736 47.2867 0.025398 -0.0789153
1 13.5811 47.2913 -0.0199295 -0.0571898
1 14.6846 47.2928 -0.0400128 -0.0249113
1 15.7863 47.2912 -0.0334528 -0.0129444
1 16.8891 47.2883 -0.0171163 -0.0163882
1 17.9914 47.2855 -0.00797774 -0.0207645
1 19.0923 47.2838 -0.0095156 -0.0225012
1 20.1936 47.2831 -0.00570475 -0.0230414
1 21.2946 47.2825 0.00195025 -0.0237517
1 22.3949 47.2823 -2.43137e-05 -0.0243091
1 23.4956 47.2827 0.000123445 -0.0233924
1 24.597 47.2833 0.00850589 -0.0222922
1 25.6981 47.2845 0.00865194 -0.0214247
1 26.7997 47.2867 0.0121559 -0.0191448
1 27.9025 47.2896 0.0263382 -0.0155582
1 29.0046 47.2916 0.039179 -0.018925
1 30.1065 47.2915 0.0317444 -0.0416191
1 31.2118 47.2884 -0.00633772 -0.0698087
1 32.3206 47.2847 -0.0438717 -0.0734376
1 33.4318 47.2842 -0.0582348 -0.065271
1 34.5444 47.285 -0.0692975 -0.0715225
1 35.6572 47.2833 -0.0665203 -0.0805319
1 36.7707 47.2815 -0.0682835 -0.0738724
1 37.8837 47.2812 -0.0711075 -0.0732557
1 38.9974 47.2794 -0.0667992 -0.0777835
1 40.1108 47.2776 -0.0720293 -0.0747669
1 41.2244 47.2754 -0.0698557 -0.0769661
1 42.3392 47.2724 -0.0688927 -0.0736204
1 43.4563 47.2659 -0.0724867 -0.0781087
