1 0.611781 0.178499 -0.0750044 -0.0877496
1 1.72937 0.170355 -0.0651082 -0.073856
1 2.84401 0.16801 -0.0648457 -0.094048
1 3.95944 0.165836 -0.0734693 -0.0764767
1 5.07667 0.162604 -0.079007 -0.0822781
1 6.19277 0.163115 -0.0743735 -0.102663
1 7.30775 0.166149 -0.0647641 -0.111529
1 8.42281 0.169912 -0.0662224 -0.112228
1 9.53815 0.172182 -0.0692871 -0.0979075
1 10.6541 0.169139 -0.0585952 -0.0701341
1 11.7706 0.163024 -0.0527648 -0.04596
1 12.8874 0.156387 -0.0546233 -0.0212695
1 14.0052 0.151804 -0.0582544 -0.00367046
1 15.1238 0.150273 -0.0804369 0.00496998
1 16.2433 0.146562 -0.0995117 0.00360362
1 17.3642 0.139958 -0.0960386 -0.00878422
1 18.485 0.133976 -0.0855268 -0.0101453
1 19.6053 0.130066 -0.0577321 0.00448755
1 20.7238 0.128438 -0.0370105 7.81762e-05
1 21.8407 0.128194 -0.0111372 -0.0208817
1 22.9576 0.128207 0.0248528 -0.0138633
1 24.075 0.129286 0.0447772 0.00694196
1 25.1941 0.13207 0.0706578 -0.00242225
1 26.3145 0.136032 0.0920033 -0.0136009
1 27.4357 0.142623 0.0987568 0.000743012
1 28.5562 0.149429 0.0942031 0.00717504
1 29.6753 0.151987 0.0677436 -0.00289898
1 30.7933 0.154696 0.0550925 -0.0115313
1 31.9102 0.161149 0.0567334 -0.0324091
1 33.0268 0.167146 0.0609866 -0.0575415
1 34.1436 0.172152 0.067592 -0.0805818
1 35.2594 0.171897 0.0686456 -0.114105
1 36.375 0.16633 0.0650643 -0.120894
1 37.4908 0.162695 0.0709557 -0.106395
1 38.6063 0.162096 0.0754175 -0.0897256
1 39.7227 0.164528 0.0721425 -0.0738503
1 40.8387 0.169464 0.069248 -0.0754647
1 41.9528 0.171865 0.0588469 -0.101507
1 43.0675 0.17256 0.0685832 -0.0890282
1 44.1887 0.186715 0.0847973 -0.0684604
1 0.0550121 1.1492 -0.0833314 -0.0800925
1 1.1776 1.13993 -0.0817198 -0.0983345
1 2.29095 1.13582 -0.0692165 -0.0864679
1 3.40459 1.13333 -0.0663911 -0.0819547
1 4.51945 1.12992 -0.0686062 -0.0806981
1 5.63411 1.12918 -0.069901 -0.0976009
1 6.74828 1.13136 -0.0659831 -0.104576
1 7.86364 1.13411 -0.0696874 -0.112064
1 8.98003 1.13668 -0.0758443 -0.104677
1 10.0979 1.13628 -0.0763838 -0.0818427
1 11.2161 1.13203 -0.0717599 -0.0594113
1 12.3332 1.12564 -0.0693384 -0.033449
1 13.4505 1.12013 -0.0666037 -0.00801529
1 14.5684 1.11649 -0.0794741 0.00316553
1 15.688 1.11363 -0.0931808 0.00770651
1 16.8087 1.10857 -0.0894036 -0.00371656
1 17.9289 1.10248 -0.0868605 -0.0163359
1 19.0481 1.09822 -0.0724662 -0.00699898
1 20.1662 1.09574 -0.0438859 -0.00486159
1 21.2828 1.09505 -0.0213813 -0.0184265
1 22.3988 1.09526 0.0043827 -0.0207744
1 23.5151 1.09554 0.0321768 -0.0116291
1 24.6322 1.09714 0.0580841 -0.00526253
1 25.7507 1.09987 0.080531 -0.0132286
1 26.8704 1.10463 0.0925968 -0.0105152
1 27.9912 1.11106 0.09591 0.00370711
1 29.1121 1.11567 0.084925 0.00463385
1 30.2304 1.11923 0.0657175 -0.000864143
1 31.3474 1.12423 0.0654406 -0.0182742
1 32.4641 1.1302 0.070041 -0.0460068
1 33.5816 1.13545 0.0775176 -0.0720677
1 34.7008 1.13717 0.0839884 -0.0976825
1 35.8188 1.13472 0.0741957 -0.115339
1 36.9346 1.13076 0.0649589 -0.109287
1 38.0493 1.12901 0.0615074 -0.0956701
1 39.1633 1.12975 0.0645756 -0.0836482
1 40.2775 1.13329 0.067137 -0.0791029
1 41.3923 1.13672 0.0728626 -0.0881584
1 42.506 1.13884 0.0710657 -0.0946746
1 43.6195 1.14322 0.0663919 -0.0903392
1 0.624583 2.10461 -0.0626162 -0.0825279
1 1.73909 2.09985 -0.0736494 -0.103572
1 2.85147 2.09744 -0.0683654 -0.0962646
1 3.96475 2.09449 -0.0649202 -0.0867705
1 5.07846 2.09245 -0.0659102 -0.0971856
1 6.19142 2.09345 -0.0655522 -0.104653
1 7.30557 2.0948 -0.0621036 -0.104441
1 8.4214 2.09625 -0.0725001 -0.103553
1 9.53963 2.09643 -0.0888039 -0.0954496
1 10.6597 2.09488 -0.0858863 -0.0754734
1 11.7787 2.09044 -0.0808721 -0.0458662
1 12.8963 2.08461 -0.0792799 -0.0214508
1 14.014 2.08001 -0.0757991 -0.000506504
1 15.1324 2.07635 -0.0812724 0.00322604
1 16.2522 2.07244 -0.0869132 -0.00289628
1 17.3723 2.06768 -0.0820605 -0.0134474
1 18.4913 2.06319 -0.0743366 -0.0172664
1 19.6089 2.06024 -0.0557574 -0.0134685
1 20.7253 2.05909 -0.0321 -0.0181068
1 21.8409 2.05885 -0.00617226 -0.024631
1 22.9566 2.05896 0.0167521 -0.0203656
1 24.0723 2.05997 0.0379974 -0.0149513
1 25.1894 2.06176 0.0669698 -0.0165617
1 26.3078 2.06464 0.0796185 -0.0157832
1 27.4269 2.0696 0.0832509 -0.00841193
1 28.5468 2.07463 0.0909828 -0.00246691
1 29.6662 2.07868 0.0785675 0.00359179
1 30.7838 2.08333 0.0719097 -0.00485423
1 31.9015 2.08907 0.0854405 -0.0326423
1 33.0201 2.09423 0.0876683 -0.0634279
1 34.1399 2.09646 0.0916821 -0.089622
1 35.2596 2.09603 0.0862376 -0.103837
1 36.3767 2.09415 0.0695061 -0.108367
1 37.492 2.09242 0.0685172 -0.101829
1 38.606 2.09258 0.0736452 -0.0913306
1 39.7197 2.09453 0.0691194 -0.0886604
1 40.834 2.09731 0.0627495 -0.0921993
1 41.9471 2.10023 0.0641942 -0.100199
1 43.0603 2.10328 0.065024 -0.096002
1 44.1814 2.1058 0.06657 -0.10004
1 0.0650851 3.06757 -0.0794641 -0.0956398
1 1.18522 3.06427 -0.0682864 -0.0933497
1 2.2973 3.06163 -0.0659169 -0.107277
1 3.40978 3.0588 -0.0707887 -0.0921777
1 4.52312 3.05608 -0.0759755 -0.0944434
1 5.63619 3.05628 -0.0795154 -0.102589
1 6.7494 3.05694 -0.0726572 -0.098208
1 7.8639 3.05607 -0.0751419 -0.094435
1 8.98108 3.05532 -0.0889176 -0.0938862
1 10.101 3.05455 -0.10074 -0.0885919
1 11.2217 3.05251 -0.104739 -0.0660567
1 12.3414 3.04822 -0.0966102 -0.0374458
1 13.46 3.04364 -0.0812136 -0.0138832
1 14.5774 3.03947 -0.0762229 -0.00243867
1 15.6955 3.03614 -0.0785394 -0.00556209
1 16.8145 3.03245 -0.0779102 -0.0138393
1 17.933 3.02831 -0.0736261 -0.0188695
1 19.0509 3.02533 -0.059705 -0.0187877
1 20.1677 3.02357 -0.0395593 -0.0217821
1 21.2834 3.02298 -0.0174547 -0.0240916
1 22.3986 3.02303 0.00662116 -0.0231737
1 23.5142 3.02325 0.0270601 -0.0229846
1 24.6303 3.02468 0.0473042 -0.0183732
1 25.7475 3.02663 0.0672286 -0.018622
1 26.8656 3.02993 0.0772873 -0.020266
1 27.9842 3.0344 0.0763949 -0.0112883
1 29.1029 3.0381 0.076389 -0.00459506
1 30.2206 3.04207 0.0767847 -0.00791127
1 31.338 3.04692 0.0872322 -0.0222484
1 32.457 3.05192 0.105426 -0.0477293
1 33.578 3.05482 0.110053 -0.0804788
1 34.6992 3.05492 0.0960003 -0.096262
1 35.8176 3.05511 0.0796876 -0.0945633
1 36.9333 3.05535 0.0716306 -0.0988762
1 38.0469 3.05525 0.0691861 -0.0956766
1 39.1596 3.05649 0.0711922 -0.0897632
1 40.273 3.05859 0.0736674 -0.0926914
1 41.3862 3.0615 0.075255 -0.098298
1 42.4994 3.0641 0.0793724 -0.105167
1 43.6145 3.06917 0.0812609 -0.10466
1 0.631487 4.03097 -0.0871856 -0.0961031
1 1.74595 4.02588 -0.0834914 -0.0965818
1 2.85864 4.02244 -0.0877065 -0.0907972
1 3.97196 4.02016 -0.0779224 -0.0921828
1 5.08372 4.01955 -0.0751838 -0.0991095
1 6.19567 4.01974 -0.0757866 -0.0953174
1 7.3092 4.01834 -0.0783625 -0.0835304
1 8.42447 4.01525 -0.0879157 -0.0829611
1 9.54243 4.01265 -0.107104 -0.08443
1 10.6643 4.01148 -0.121904 -0.0764671
1 11.7858 4.00956 -0.119982 -0.0574035
1 12.9051 4.00619 -0.100014 -0.0352236
1 14.0223 4.00285 -0.0784448 -0.0179642
1 15.1388 3.99969 -0.06928 -0.0123538
1 16.2563 3.9968 -0.0693729 -0.015685
1 17.3744 3.99362 -0.0720129 -0.0189328
1 18.4922 3.99043 -0.0661131 -0.0238934
1 19.6093 3.9884 -0.0486905 -0.0264913
1 20.7254 3.98754 -0.0288087 -0.0256411
1 21.8408 3.9872 -0.00849229 -0.0251933
1 22.9564 3.98718 0.0140446 -0.0254498
1 24.0722 3.98797 0.0350105 -0.0245741
1 25.1887 3.98946 0.0580455 -0.0224333
1 26.3063 3.99188 0.0728612 -0.0228335
1 27.4242 3.99523 0.077072 -0.0198379
1 28.542 3.99858 0.0782436 -0.0146673
1 29.6589 4.00164 0.0726096 -0.0149042
1 30.7754 4.00516 0.0758998 -0.0246188
1 31.8933 4.00907 0.104681 -0.0427903
1 33.0138 4.01197 0.125304 -0.067571
1 34.1361 4.01274 0.120268 -0.0836112
1 35.2562 4.01387 0.0978841 -0.0863278
1 36.372 4.0162 0.0854744 -0.0883956
1 37.4867 4.01779 0.0894032 -0.0916462
1 38.6002 4.01889 0.0926208 -0.0911239
1 39.7132 4.01986 0.0895821 -0.0890866
1 40.8264 4.02223 0.0789659 -0.0861644
1 41.939 4.0253 0.0835045 -0.100558
1 43.0515 4.02993 0.0859182 -0.096813
1 44.1727 4.03699 0.0935096 -0.111463
1 0.0738136 5.00012 -0.0940232 -0.103125
1 1.19485 4.9918 -0.0902248 -0.0958667
1 2.3074 4.98692 -0.085796 -0.0938522
1 3.41917 4.98403 -0.0766411 -0.102385
1 4.53066 4.98412 -0.0809336 -0.101602
1 5.64283 4.98403 -0.0945726 -0.0964965
1 6.75646 4.98217 -0.0948267 -0.084829
1 7.87139 4.97809 -0.0964439 -0.0751742
1 8.98769 4.97322 -0.110611 -0.073901
1 10.1071 4.97008 -0.126506 -0.079667
1 11.2284 4.96909 -0.130474 -0.0746384
1 12.3489 4.96816 -0.112226 -0.0591058
1 13.4669 4.96614 -0.0834746 -0.0410723
1 14.5825 4.96385 -0.0779563 -0.0267863
1 15.6984 4.96172 -0.0782295 -0.0237506
1 16.8153 4.95917 -0.078389 -0.0258101
1 17.9329 4.95633 -0.0771755 -0.0263514
1 19.0507 4.95443 -0.0637939 -0.0290023
1 20.1673 4.953 -0.0410088 -0.0309733
1 21.2832 4.95213 -0.0183841 -0.028532
1 22.3989 4.95215 0.00523836 -0.0285526
1 23.5147 4.95258 0.0326646 -0.0302197
1 24.6307 4.95366 0.051153 -0.0299948
1 25.7475 4.95544 0.0667664 -0.0268397
1 26.865 4.95783 0.0816058 -0.025934
1 27.9825 4.9607 0.0759437 -0.0229799
1 29.0993 4.96327 0.0695598 -0.024924
1 30.2148 4.96561 0.0780055 -0.0366526
1 31.3308 4.96809 0.099124 -0.0482758
1 32.4497 4.97006 0.12565 -0.063418
1 33.5713 4.97037 0.136676 -0.0815172
1 34.693 4.97159 0.121871 -0.0792301
1 35.8106 4.976 0.0948935 -0.074054
1 36.9248 4.98002 0.0825527 -0.0861638
1 38.0378 4.98226 0.0867063 -0.0952208
1 39.15 4.98319 0.0933324 -0.0992091
1 40.2622 4.98403 0.0944043 -0.0963466
1 41.3746 4.98598 0.105695 -0.0970094
1 42.487 4.9903 0.105693 -0.0914805
1 43.6014 4.99699 0.110081 -0.0969439
1 0.645801 5.95902 -0.107488 -0.0899489
1 1.75943 5.95223 -0.108442 -0.0957566
1 2.87062 5.94917 -0.0982722 -0.106716
1 3.98143 5.94927 -0.0951845 -0.112832
1 5.09309 5.94915 -0.0998494 -0.10247
1 6.20587 5.94715 -0.103473 -0.0876146
1 7.32034 5.94298 -0.104489 -0.0751314
1 8.43544 5.93695 -0.111013 -0.0669383
1 9.55238 5.93105 -0.122453 -0.0750241
1 10.6721 5.9292 -0.137858 -0.0860922
1 11.7923 5.92941 -0.136716 -0.0755779
1 12.9109 5.92911 -0.106403 -0.0597074
1 14.0268 5.92819 -0.0856686 -0.0469408
1 15.1417 5.92674 -0.0791705 -0.0334792
1 16.2578 5.925 -0.0838327 -0.0283051
1 17.375 5.9229 -0.0924726 -0.0307668
1 18.4928 5.92079 -0.0814023 -0.0316934
1 19.6095 5.91945 -0.0617909 -0.0305695
1 20.7255 5.91842 -0.0393608 -0.0313667
1 21.8409 5.91773 -0.00996679 -0.0336601
1 22.9561 5.91802 0.0212244 -0.0311216
1 24.0719 5.91895 0.0493663 -0.0309623
1 25.1886 5.92016 0.0691558 -0.0303644
1 26.3059 5.92199 0.0870118 -0.0285422
1 27.4231 5.92424 0.0940993 -0.0300488
1 28.5398 5.92634 0.0900403 -0.0325869
1 29.6552 5.92818 0.0850749 -0.0390657
1 30.7703 5.92946 0.0875164 -0.0524321
1 31.8877 5.93014 0.11542 -0.0681464
1 33.0073 5.93014 0.138355 -0.0830562
1 34.1272 5.93044 0.134576 -0.0835423
1 35.2457 5.93418 0.120756 -0.0687744
1 36.3616 5.94018 0.108825 -0.0718034
1 37.4765 5.94531 0.103165 -0.0815287
1 38.59 5.94821 0.0993891 -0.103679
1 39.7016 5.94847 0.0884517 -0.108022
1 40.8121 5.9491 0.0791333 -0.106553
1 41.9222 5.95154 0.0880542 -0.096222
1 43.0332 5.95673 0.0993668 -0.0930844
1 44.1527 5.96624 0.100956 -0.0830261
1 0.0939511 6.92606 -0.0925562 -0.0810047
1 1.21322 6.91926 -0.0895384 -0.0855004
1 2.32279 6.9152 -0.0789768 -0.103833
1 3.43148 6.91436 -0.0744252 -0.104752
1 4.54231 6.91402 -0.098948 -0.100196
1 5.65561 6.91214 -0.119499 -0.0867665
1 6.77081 6.90754 -0.118236 -0.0727282
1 7.88626 6.90154 -0.115654 -0.0662592
1 9.00154 6.89501 -0.120056 -0.0681927
1 10.1179 6.89096 -0.125232 -0.0840807
1 11.2357 6.89053 -0.136783 -0.0854519
1 12.3543 6.89111 -0.12408 -0.0761973
1 13.4717 6.89135 -0.0959075 -0.0610924
1 14.5867 6.89117 -0.0911094 -0.0475591
1 15.7018 6.89053 -0.0974355 -0.0378389
1 16.818 6.88914 -0.102644 -0.0362333
1 17.9354 6.8875 -0.094014 -0.036788
1 19.0526 6.88614 -0.0763733 -0.0350022
1 20.1687 6.88481 -0.0558685 -0.0337974
1 21.2842 6.8841 -0.0225421 -0.0364864
1 22.3987 6.88418 0.00764805 -0.0372324
1 23.5133 6.88466 0.0381362 -0.0344046
1 24.629 6.88553 0.0667834 -0.0349701
1 25.7455 6.88699 0.0872557 -0.0352203
1 26.8625 6.88862 0.102677 -0.0347843
1 27.9796 6.89016 0.0948222 -0.037779
1 29.096 6.89126 0.0854086 -0.0430111
1 30.211 6.89179 0.0919025 -0.0549058
1 31.3265 6.89202 0.109555 -0.0690551
1 32.4439 6.89186 0.129382 -0.0793145
1 33.562 6.89134 0.129198 -0.085535
1 34.6794 6.89313 0.119295 -0.076165
1 35.7952 6.89879 0.117683 -0.0670196
1 36.9101 6.90477 0.114605 -0.0696256
1 38.025 6.91026 0.120399 -0.0783867
1 39.139 6.91353 0.114543 -0.0973413
1 40.2504 6.9145 0.091693 -0.107398
1 41.36 6.91489 0.091888 -0.105005
1 42.4693 6.91803 0.104369 -0.0959635
1 43.5816 6.92412 0.104665 -0.0828467
1 0.661766 7.88591 -0.0934008 -0.0859329
1 1.77408 7.8822 -0.0898473 -0.0928479
1 2.88276 7.88058 -0.0874343 -0.0985062
1 3.99315 7.87886 -0.0988583 -0.0843405
1 5.10689 7.87605 -0.121966 -0.0754061
1 6.22245 7.87154 -0.123359 -0.0672905
1 7.3378 7.86614 -0.109174 -0.0693338
1 8.45161 7.86049 -0.100753 -0.0697269
1 9.56567 7.85542 -0.100937 -0.0789279
1 10.6812 7.85339 -0.112497 -0.0853672
1 11.7978 7.8534 -0.123596 -0.0777235
1 12.9148 7.85395 -0.107875 -0.0689636
1 14.03 7.85441 -0.0887746 -0.060609
1 15.1447 7.85465 -0.0815747 -0.0461158
1 16.2612 7.85446 -0.0962647 -0.0338634
1 17.3785 7.85382 -0.107876 -0.0323573
1 18.4958 7.85261 -0.0871042 -0.0312221
1 19.6119 7.85137 -0.0676022 -0.0292678
1 20.727 7.85076 -0.0433827 -0.0296462
1 21.8412 7.85045 -0.00702474 -0.0290318
1 22.9552 7.85058 0.0194945 -0.0279137
1 24.0701 7.8513 0.051276 -0.0290907
1 25.1858 7.85226 0.0793125 -0.0307575
1 26.3029 7.85339 0.0972788 -0.0324997
1 27.4202 7.85441 0.104306 -0.0341511
1 28.5369 7.85485 0.0999248 -0.0408582
1 29.6521 7.85494 0.0929011 -0.0529511
1 30.7667 7.85479 0.0894818 -0.0643174
1 31.8834 7.85437 0.108203 -0.0732039
1 33.0006 7.85407 0.119343 -0.0801552
1 34.1163 7.85505 0.107241 -0.0807362
1 35.2308 7.85862 0.104246 -0.0742133
1 36.3448 7.86357 0.105247 -0.0709277
1 37.4592 7.86916 0.113518 -0.0672455
1 38.5751 7.87436 0.124077 -0.0715683
1 39.69 7.87788 0.104394 -0.0808453
1 40.8016 7.8802 0.0723829 -0.0926088
1 41.9099 7.88198 0.0662846 -0.0980135
1 43.0192 7.8849 0.0667613 -0.0801998
1 44.1391 7.88885 0.0658532 -0.0751356
1 0.101829 8.85132 -0.0593758 -0.0794582
1 1.22125 8.84912 -0.0651028 -0.0921253
1 2.33115 8.84749 -0.0617367 -0.0944173
1 3.44139 8.84483 -0.0776187 -0.0849554
1 4.55466 8.84032 -0.103281 -0.0806408
1 5.67019 8.83601 -0.111618 -0.0830241
1 6.78573 8.83164 -0.0957322 -0.0884892
1 7.8995 8.82699 -0.0859988 -0.0935452
1 9.01209 8.8228 -0.085992 -0.0962274
1 10.1256 8.81964 -0.0867294 -0.097259
1 11.2399 8.81819 -0.0978802 -0.0931886
1 12.356 8.81778 -0.0962432 -0.0848551
1 13.4725 8.81806 -0.0803746 -0.0757445
1 14.5867 8.81867 -0.0855534 -0.070614
1 15.7018 8.81911 -0.0972033 -0.0590658
1 16.8191 8.81908 -0.105412 -0.0467461
1 17.9372 8.81901 -0.0949525 -0.0421817
1 19.0543 8.81837 -0.0758913 -0.0409025
1 20.1701 8.81735 -0.0564169 -0.0361975
1 21.285 8.8171 -0.0208148 -0.0346958
1 22.3986 8.81722 0.00780704 -0.0360738
1 23.5128 8.81745 0.0354116 -0.0353131
1 24.6277 8.81809 0.0657346 -0.0367198
1 25.7436 8.81892 0.0869976 -0.0438045
1 26.8611 8.81936 0.105374 -0.0456794
1 27.9787 8.81931 0.0971502 -0.0509212
1 29.0956 8.81919 0.0799806 -0.0660346
1 30.2106 8.81869 0.0800933 -0.0765817
1 31.3258 8.81832 0.0935488 -0.0795176
1 32.4417 8.81869 0.103709 -0.0846475
1 33.5567 8.81954 0.091341 -0.092021
1 34.6708 8.8219 0.0786468 -0.0941792
1 35.7837 8.82575 0.0801065 -0.0947282
1 36.8961 8.82976 0.0829142 -0.0933616
1 38.0103 8.83388 0.101496 -0.0855676
1 39.126 8.83844 0.113846 -0.0788224
1 40.2405 8.84332 0.0957329 -0.0818946
1 41.3523 8.847 0.0769171 -0.0888281
1 42.4621 8.84891 0.0705431 -0.0910928
1 43.5746 8.85055 0.0726815 -0.0863393
1 0.664779 9.81499 -0.0677649 -0.0877833
1 1.77779 9.8143 -0.0777335 -0.0913075
1 2.88878 9.81124 -0.0768824 -0.081448
1 4.00191 9.80675 -0.0874562 -0.0843016
1 5.11637 9.80172 -0.0980824 -0.0943411
1 6.23064 9.79788 -0.0864257 -0.105382
1 7.34421 9.79495 -0.0690469 -0.111539
1 8.45599 9.79185 -0.0636988 -0.112746
1 9.56823 9.78851 -0.06938 -0.110481
1 10.682 9.78632 -0.0789573 -0.105255
1 11.7963 9.78482 -0.0920536 -0.0923183
1 12.9118 9.7835 -0.0831238 -0.0870473
1 14.0267 9.78339 -0.071448 -0.0875546
1 15.1416 9.78415 -0.0752202 -0.082953
1 16.2587 9.78484 -0.0951396 -0.075818
1 17.3769 9.78556 -0.106818 -0.0674105
1 18.495 9.78588 -0.087069 -0.0585201
1 19.6119 9.78541 -0.0674491 -0.0563955
1 20.7272 9.78507 -0.0401137 -0.0533976
1 21.8411 9.7852 -0.0069252 -0.0480304
1 22.9552 9.78509 0.0185491 -0.0507712
1 24.0702 9.78537 0.0540935 -0.0542925
1 25.1859 9.78595 0.0781946 -0.0564955
1 26.3041 9.78597 0.0954468 -0.0641094
1 27.4227 9.7854 0.105475 -0.0705399
1 28.5403 9.7847 0.09592 -0.0801076
1 29.6559 9.78414 0.0801439 -0.0883791
1 30.77 9.78373 0.0711769 -0.0868576
1 31.8858 9.78454 0.0806223 -0.0866472
1 33.0012 9.78625 0.0789577 -0.095621
1 34.1146 9.78836 0.0690185 -0.106401
1 35.2275 9.79098 0.0697204 -0.111262
1 36.3394 9.79393 0.067522 -0.112841
1 37.4524 9.79679 0.0782229 -0.108979
1 38.5669 9.7998 0.0927389 -0.101318
1 39.6813 9.80433 0.0866259 -0.0861744
1 40.7952 9.80959 0.0676007 -0.0801915
1 41.9069 9.8135 0.0608637 -0.0882014
1 43.0181 9.81503 0.0619372 -0.0877299
1 44.1385 9.81384 0.0542172 -0.0796072
1 0.100424 10.7772 -0.0574943 -0.0829883
1 1.22147 10.7794 -0.0592489 -0.0747473
1 2.33373 10.778 -0.0596372 -0.0756198
1 3.44531 10.7735 -0.0584334 -0.0721216
1 4.55856 10.7685 -0.0721737 -0.0790899
1 5.67207 10.7648 -0.0776866 -0.0950175
1 6.7856 10.7622 -0.0704036 -0.10394
1 7.89825 10.7601 -0.0611664 -0.10455
1 9.01009 10.7577 -0.0614255 -0.101313
1 10.1231 10.7556 -0.0611845 -0.0948962
1 11.2364 10.7536 -0.0703881 -0.0812763
1 12.351 10.7511 -0.0695163 -0.0668304
1 13.4663 10.7493 -0.0619132 -0.0675465
1 14.5801 10.7488 -0.0770819 -0.0712489
1 15.6954 10.7496 -0.0937761 -0.0693222
1 16.8139 10.751 -0.104909 -0.062881
1 17.9337 10.7523 -0.0994945 -0.0540541
1 19.0524 10.7531 -0.0818829 -0.0478112
1 20.1693 10.7532 -0.0556946 -0.0425337
1 21.2847 10.7531 -0.0220551 -0.0364201
1 22.3988 10.7532 0.00298045 -0.0361625
1 23.5135 10.7532 0.0387174 -0.0395128
1 24.629 10.7531 0.0673007 -0.0420874
1 25.7464 10.7528 0.0888851 -0.0505895
1 26.8655 10.752 0.115116 -0.0583866
1 27.9844 10.7506 0.0987813 -0.0657011
1 29.1019 10.7496 0.0698669 -0.0730885
1 30.2167 10.7493 0.0643517 -0.0691555
1 31.3311 10.7504 0.0736405 -0.0640595
1 32.4461 10.7531 0.0816038 -0.0715076
1 33.56 10.7554 0.0723582 -0.0889917
1 34.6738 10.7572 0.0605216 -0.0961859
1 35.7864 10.7596 0.0539882 -0.101363
1 36.8977 10.7616 0.0552132 -0.105695
1 38.0105 10.7637 0.0709449 -0.101018
1 39.1237 10.7667 0.0787987 -0.0873721
1 40.2373 10.7711 0.0741499 -0.0724308
1 41.3502 10.776 0.0722851 -0.068834
1 42.4622 10.779 0.0773462 -0.0741798
1 43.5774 10.7788 0.0704955 -0.0785308
1 0.659922 11.7424 -0.072177 -0.0741547
1 1.77581 11.7426 -0.072394 -0.0602672
1 2.88879 11.7402 -0.0644616 -0.058143
1 4.00127 11.7355 -0.0658744 -0.0632311
1 5.11382 11.7314 -0.0712539 -0.0754129
1 6.22617 11.7283 -0.0633892 -0.082472
1 7.3387 11.7266 -0.0516079 -0.0938371
1 8.45024 11.7251 -0.0506169 -0.0883138
1 9.56258 11.7227 -0.0540353 -0.0816679
1 10.6768 11.7212 -0.0644295 -0.0717766
1 11.7908 11.7189 -0.0741589 -0.0487725
1 12.9051 11.7153 -0.0626281 -0.0366542
1 14.0191 11.713 -0.0524622 -0.0404443
1 15.1336 11.7124 -0.0664515 -0.0462811
1 16.2511 11.7134 -0.101111 -0.0462704
1 17.3707 11.7153 -0.115793 -0.0407311
1 18.4911 11.717 -0.0942071 -0.0311157
1 19.6096 11.7181 -0.0721415 -0.0254669
1 20.7259 11.7186 -0.0374807 -0.0201675
1 21.8411 11.7188 -0.00644418 -0.0140056
1 22.9561 11.7187 0.020242 -0.0142408
1 24.0719 11.7183 0.0605903 -0.0216473
1 25.1892 11.7178 0.082408 -0.0283976
1 26.3091 11.7164 0.1008 -0.0338518
1 27.4295 11.7144 0.105365 -0.0415338
1 28.5485 11.7131 0.0879851 -0.049125
1 29.6637 11.713 0.0691963 -0.043668
1 30.7766 11.7145 0.0541236 -0.0378963
1 31.8912 11.7176 0.0624117 -0.0428059
1 33.0061 11.7209 0.0680628 -0.0599155
1 34.1202 11.7225 0.0602564 -0.07739
1 35.2337 11.724 0.0576 -0.0837784
1 36.3456 11.7262 0.0542336 -0.0891928
1 37.4582 11.7278 0.0597973 -0.0851601
1 38.5715 11.7304 0.0650191 -0.0783004
1 39.6837 11.7335 0.0560086 -0.0726685
1 40.7956 11.7382 0.041404 -0.0618723
1 41.907 11.7418 0.0451842 -0.0630294
1 43.02 11.7424 0.0531416 -0.0653266
1 44.1409 11.7414 0.0545411 -0.0836389
1 0.0970123 12.7062 -0.0445224 -0.0761916
1 1.2173 12.7058 -0.0498438 -0.0651133
1 2.3299 12.7046 -0.0371447 -0.0593576
1 3.44163 12.7019 -0.0288737 -0.0609224
1 4.55322 12.6977 -0.0434615 -0.0723446
1 5.66484 12.6944 -0.0582878 -0.0793636
1 6.77709 12.6914 -0.0547942 -0.0861688
1 7.88977 12.6899 -0.0508594 -0.0878802
1 9.00205 12.6881 -0.0558598 -0.0867064
1 10.1156 12.6864 -0.0581798 -0.0842559
1 11.2301 12.6846 -0.0649279 -0.0669991
1 12.3453 12.6816 -0.0600792 -0.0457457
1 13.4597 12.6779 -0.0497357 -0.038508
1 14.5723 12.6752 -0.0596886 -0.0462944
1 15.6873 12.6748 -0.0835336 -0.0575456
1 16.8064 12.6762 -0.109007 -0.0570608
1 17.9278 12.6782 -0.105442 -0.0527598
1 19.0485 12.6805 -0.0874978 -0.0489583
1 20.1666 12.6822 -0.0627267 -0.0451819
1 21.2834 12.6824 -0.024059 -0.0377501
1 22.3991 12.6826 0.00582625 -0.035391
1 23.5148 12.6825 0.0442893 -0.0406977
1 24.6321 12.6815 0.0718326 -0.0463257
1 25.7519 12.6794 0.0959956 -0.0491189
1 26.8728 12.6772 0.121332 -0.0556879
1 27.9929 12.6755 0.0971804 -0.0587521
1 29.1101 12.6752 0.0611806 -0.049907
1 30.2239 12.6768 0.047051 -0.0394498
1 31.3373 12.6804 0.0519183 -0.0414861
1 32.4516 12.684 0.07109 -0.0544826
1 33.5665 12.6861 0.0691628 -0.0764955
1 34.6812 12.6875 0.0540517 -0.086812
1 35.7939 12.6894 0.0464167 -0.0881609
1 36.9057 12.6906 0.0468101 -0.0883466
1 38.0181 12.6925 0.0620329 -0.0805248
1 39.1301 12.6962 0.06969 -0.0743553
1 40.2422 12.7 0.0536386 -0.0618455
1 41.3545 12.7035 0.0518279 -0.059631
1 42.4668 12.7053 0.0683775 -0.0628748
1 43.5817 12.7061 0.077063 -0.0748885
1 0.656045 13.6705 -0.0769405 -0.0635953
1 1.7702 13.6692 -0.0710502 -0.0642879
1 2.88147 13.667 -0.0508561 -0.0609419
1 3.99344 13.6643 -0.0452022 -0.0631352
1 5.10572 13.661 -0.0612943 -0.0746294
1 6.21805 13.6578 -0.0616914 -0.0845931
1 7.33022 13.6553 -0.0492779 -0.0954418
1 8.44214 13.6538 -0.0457605 -0.0971709
1 9.55483 13.6523 -0.0522095 -0.0964688
1 10.6697 13.6509 -0.0688695 -0.0945654
1 11.7848 13.6489 -0.0721989 -0.0779236
1 12.8999 13.6458 -0.0553421 -0.0594875
1 14.0136 13.6424 -0.0432334 -0.0585648
1 15.127 13.6404 -0.053862 -0.0725113
1 16.244 13.6403 -0.0951744 -0.0827416
1 17.3639 13.6419 -0.117599 -0.0868777
1 18.4853 13.6445 -0.0962622 -0.0856168
1 19.6059 13.6473 -0.0781906 -0.0799852
1 20.7241 13.6489 -0.0467835 -0.0785483
1 21.8407 13.6492 -0.00675264 -0.0800671
1 22.9569 13.6491 0.0248165 -0.0776392
1 24.0746 13.6483 0.0636568 -0.0802963
1 25.1942 13.6462 0.0907305 -0.0854697
1 26.3152 13.6431 0.108 -0.0850198
1 27.4366 13.641 0.103333 -0.08447
1 28.5558 13.6402 0.0784922 -0.076441
1 29.6698 13.6414 0.0559299 -0.0625678
1 30.7822 13.6448 0.0438779 -0.057766
1 31.8969 13.6483 0.0600317 -0.0676162
1 33.0124 13.6507 0.072024 -0.087629
1 34.1276 13.6521 0.0618074 -0.0986633
1 35.2419 13.6532 0.0564181 -0.09778
1 36.3545 13.6544 0.0530222 -0.0965866
1 37.467 13.6565 0.0526065 -0.0895423
1 38.5791 13.6596 0.0552503 -0.0781289
1 39.6911 13.6627 0.0364077 -0.0670609
1 40.8028 13.6659 0.0272853 -0.0608061
1 41.9139 13.6682 0.0387095 -0.0628653
1 43.0253 13.6698 0.0492948 -0.0640665
1 44.1454 13.67 0.0337909 -0.059323
1 0.0908844 14.6335 -0.0249607 -0.0333749
1 1.21162 14.6344 -0.0424503 -0.0521881
1 2.32294 14.6333 -0.0412889 -0.0627748
1 3.43316 14.6308 -0.0344084 -0.0679471
1 4.54479 14.628 -0.0411958 -0.0662042
1 5.65733 14.6252 -0.0526183 -0.0774581
1 6.76996 14.6228 -0.0537202 -0.088397
1 7.88254 14.6205 -0.0542876 -0.103224
1 8.99505 14.6194 -0.0580117 -0.109328
1 10.1091 14.6186 -0.0610577 -0.10752
1 11.2245 14.6173 -0.0706683 -0.101105
1 12.3406 14.6153 -0.0642095 -0.0889299
1 13.4559 14.6127 -0.0472529 -0.0754649
1 14.5685 14.6103 -0.0504716 -0.0741385
1 15.6827 14.609 -0.0709627 -0.0886303
1 16.8013 14.6093 -0.10052 -0.0993906
1 17.9222 14.6114 -0.107868 -0.104368
1 19.0437 14.6145 -0.0926801 -0.104933
1 20.1639 14.6171 -0.0663263 -0.102644
1 21.2823 14.6186 -0.0258286 -0.10163
1 22.3994 14.6189 0.00628036 -0.104835
1 23.5167 14.6181 0.045958 -0.105269
1 24.6359 14.6159 0.0804124 -0.103338
1 25.7571 14.6128 0.0999383 -0.10333
1 26.8785 14.6102 0.112715 -0.104517
1 27.9979 14.6091 0.089373 -0.0937496
1 29.1139 14.6097 0.051375 -0.078717
1 30.2274 14.6119 0.0374848 -0.0731392
1 31.3416 14.6147 0.058185 -0.0805962
1 32.4571 14.6171 0.0831276 -0.0949073
1 33.573 14.6184 0.0713828 -0.105932
1 34.6885 14.6191 0.0560985 -0.109253
1 35.8014 14.6201 0.0480607 -0.107467
1 36.913 14.6216 0.0459237 -0.0959295
1 38.0253 14.6241 0.0575818 -0.0829121
1 39.1381 14.6267 0.0615035 -0.0702741
1 40.2503 14.6296 0.0490557 -0.0685582
1 41.3614 14.632 0.0565843 -0.0638791
1 42.4719 14.6342 0.0705969 -0.0581012
1 43.586 14.6345 0.0679682 -0.044883
1 0.650485 15.598 -0.0551797 -0.0251975
1 1.76499 15.5987 -0.0632296 -0.0471073
1 2.87613 15.5973 -0.0575043 -0.0600479
1 3.98704 15.595 -0.0567518 -0.0712629
1 5.09908 15.592 -0.0635038 -0.0737942
1 6.21168 15.5897 -0.0572136 -0.0799963
1 7.32445 15.5876 -0.0452116 -0.0893645
1 8.43633 15.5864 -0.0490114 -0.105815
1 9.54914 15.5857 -0.059355 -0.111332
1 10.6645 15.585 -0.0760911 -0.106034
1 11.7806 15.5839 -0.08213 -0.0968452
1 12.897 15.5824 -0.0627359 -0.0878759
1 14.0116 15.5807 -0.0447062 -0.0779632
1 15.1254 15.5793 -0.0483136 -0.0734707
1 16.242 15.5786 -0.0821968 -0.0846288
1 17.3609 15.5794 -0.106463 -0.098518
1 18.4818 15.5816 -0.0929928 -0.103242
1 19.603 15.5846 -0.0770344 -0.103256
1 20.7224 15.5872 -0.047825 -0.106028
1 21.8402 15.5885 -0.00638117 -0.108214
1 22.9578 15.5881 0.0258099 -0.10522
1 24.0771 15.586 0.0634756 -0.102846
1 25.1977 15.583 0.0909291 -0.104305
1 26.3189 15.5803 0.104119 -0.100889
1 27.4395 15.579 0.0951264 -0.091243
1 28.5575 15.579 0.0645589 -0.0784704
1 29.6718 15.5802 0.0471127 -0.0751148
1 30.785 15.582 0.0509864 -0.0805477
1 31.9005 15.5837 0.0695085 -0.0904551
1 33.0173 15.5849 0.0730298 -0.103119
1 34.1331 15.5857 0.0664295 -0.110936
1 35.2472 15.5863 0.061603 -0.108327
1 36.3596 15.587 0.0517927 -0.0988841
1 37.4725 15.5889 0.053361 -0.0837789
1 38.5858 15.591 0.0627087 -0.0782164
1 39.6981 15.5937 0.051118 -0.0724611
1 40.8092 15.5965 0.0383722 -0.0686276
1 41.919 15.5985 0.0378432 -0.0556659
1 43.0307 15.5985 0.0352689 -0.0376147
1 44.1522 15.5968 0.0205191 -0.0156663
1 0.0836101 16.5592 -0.0174151 -0.00244583
1 1.20556 16.5613 -0.025365 -0.0190651
1 2.31858 16.5618 -0.0288524 -0.0364207
1 3.42936 16.5609 -0.0315205 -0.048327
1 4.54091 16.5587 -0.0541974 -0.0577247
1 5.65301 16.5562 -0.0672205 -0.065153
1 6.7658 16.5539 -0.0581658 -0.0708761
1 7.87856 16.5525 -0.051122 -0.0769326
1 8.99136 16.5519 -0.0581644 -0.0873332
1 10.1057 16.5516 -0.0651908 -0.0941956
1 11.2211 16.551 -0.0782434 -0.0862768
1 12.3379 16.5498 -0.0731445 -0.0767646
1 13.4545 16.5489 -0.0537566 -0.0678856
1 14.5683 16.5483 -0.0524061 -0.0575134
1 15.6831 16.5476 -0.0637781 -0.0551616
1 16.8011 16.5477 -0.0867152 -0.0651835
1 17.921 16.5488 -0.0983859 -0.0756521
1 19.0417 16.5508 -0.0870355 -0.0824607
1 20.1623 16.5534 -0.0602836 -0.0845855
1 21.2818 16.5561 -0.0250046 -0.0870879
1 22.3998 16.5568 0.00265343 -0.08939
1 23.518 16.5549 0.0422087 -0.0865934
1 24.6377 16.552 0.0777676 -0.0819428
1 25.7587 16.5496 0.0916092 -0.0797673
1 26.879 16.5481 0.100859 -0.0722239
1 27.9975 16.5476 0.0814247 -0.0591403
1 29.1141 16.5483 0.051188 -0.0554513
1 30.2286 16.5491 0.044478 -0.0632743
1 31.3438 16.5495 0.0639336 -0.070498
1 32.4605 16.5507 0.084642 -0.0803646
1 33.5767 16.5518 0.0775688 -0.0908647
1 34.692 16.5521 0.0616829 -0.0917399
1 35.8054 16.5525 0.0444746 -0.0831146
1 36.9173 16.5534 0.0424321 -0.07491
1 38.0297 16.5552 0.0672928 -0.0683025
1 39.1419 16.5578 0.0757469 -0.0642808
1 40.2542 16.5601 0.0600311 -0.0562385
1 41.3656 16.5617 0.0529123 -0.0402306
1 42.4775 16.5621 0.053723 -0.0271319
1 43.5924 16.5606 0.0507709 -0.012006
1 0.644104 17.5225 -0.0474832 -0.00380821
1 1.75986 17.5237 -0.045606 -0.0130301
1 2.87266 17.5243 -0.042498 -0.0251532
1 3.98517 17.5235 -0.0526349 -0.0389691
1 5.09804 17.5221 -0.0755636 -0.0526642
1 6.21047 17.5197 -0.0741015 -0.061717
1 7.32245 17.5179 -0.0549375 -0.0687994
1 8.43407 17.5168 -0.0503255 -0.0695891
1 9.54733 17.5165 -0.0551589 -0.0759492
1 10.663 17.5165 -0.0751029 -0.0757831
1 11.779 17.5154 -0.0879421 -0.0688227
1 12.8953 17.5143 -0.0675622 -0.0614776
1 14.011 17.5139 -0.046629 -0.0515986
1 15.1264 17.5141 -0.050813 -0.0415976
1 16.2435 17.5146 -0.078998 -0.0434748
1 17.3619 17.5152 -0.0981452 -0.0501407
1 18.4819 17.5159 -0.0899865 -0.0581957
1 19.6023 17.5177 -0.0779163 -0.0674579
1 20.7217 17.5204 -0.0442586 -0.072866
1 21.8403 17.5224 -0.00151243 -0.072612
1 22.9589 17.5217 0.0263362 -0.07079
1 24.0781 17.5191 0.0591782 -0.0695805
1 25.1979 17.5166 0.0845134 -0.0635302
1 26.3183 17.5155 0.0963735 -0.0526574
1 27.4378 17.5149 0.0870398 -0.0472096
1 28.5559 17.5145 0.0636909 -0.0440443
1 29.6717 17.5143 0.0547755 -0.0444658
1 30.7862 17.5143 0.0567128 -0.0548468
1 31.9022 17.515 0.0728118 -0.0657704
1 33.0189 17.5162 0.0798995 -0.0721801
1 34.1351 17.5167 0.0671676 -0.0753102
1 35.2498 17.5168 0.0565255 -0.072449
1 36.3625 17.5176 0.055514 -0.0695306
1 37.4747 17.5192 0.0643445 -0.0647589
1 38.5869 17.5215 0.0675615 -0.0574333
1 39.6994 17.5232 0.046891 -0.048597
1 40.8119 17.5244 0.0236082 -0.0333944
1 41.9238 17.5244 0.0186501 -0.0197039
1 43.0372 17.5236 0.0197166 -0.0084053
1 44.1599 17.521 0.0140801 0.00157878
1 0.0778935 18.4833 -0.0134284 0.00117223
1 1.20116 18.4841 -0.017972 -0.00545254
1 2.31499 18.485 -0.0118392 -0.0101851
1 3.42762 18.4855 -0.0144808 -0.0202356
1 4.54083 18.4855 -0.0373214 -0.0339076
1 5.65408 18.4846 -0.0600189 -0.0436661
1 6.76652 18.4827 -0.0601459 -0.0539001
1 7.87848 18.481 -0.0592424 -0.0602128
1 8.99054 18.4801 -0.0640626 -0.058264
1 10.1049 18.4796 -0.0629256 -0.0591883
1 11.2211 18.4793 -0.0725343 -0.0545668
1 12.3377 18.4782 -0.073774 -0.0467841
1 13.4538 18.4769 -0.0602545 -0.0391157
1 14.5682 18.477 -0.0563633 -0.0330538
1 15.6843 18.4784 -0.0653252 -0.0251699
1 16.8031 18.4797 -0.0900268 -0.0224422
1 17.9227 18.4803 -0.0994611 -0.0277656
1 19.0423 18.481 -0.0866215 -0.040432
1 20.1616 18.4828 -0.0628591 -0.0486012
1 21.2811 18.4848 -0.0291041 -0.0511282
1 22.4 18.4852 0.00324606 -0.0517173
1 23.5191 18.4838 0.0461179 -0.0513595
1 24.6383 18.4819 0.078801 -0.0438363
1 25.7576 18.4806 0.0910095 -0.0336891
1 26.8769 18.4802 0.102418 -0.025393
1 27.9958 18.4793 0.0835445 -0.0240536
1 29.1136 18.4778 0.0551099 -0.0285501
1 30.2289 18.4769 0.049204 -0.0373183
1 31.3441 18.4776 0.0659233 -0.0421933
1 32.4605 18.4791 0.0822696 -0.0498258
1 33.5768 18.4795 0.0717797 -0.0553236
1 34.6926 18.4797 0.0575226 -0.0584171
1 35.8055 18.4808 0.0528165 -0.0587395
1 36.9165 18.4822 0.0581798 -0.0571416
1 38.0287 18.484 0.0728069 -0.0477487
1 39.142 18.4854 0.0681056 -0.0396067
1 40.2561 18.4859 0.0452277 -0.0262742
1 41.3695 18.4857 0.0373199 -0.0138709
1 42.4825 18.485 0.0420511 -0.00616866
1 43.5989 18.4837 0.0469731 -0.000966676
1 0.641638 19.4437 -0.0445577 -0.00115748
1 1.75739 19.4446 -0.0362945 -0.000804705
1 2.87011 19.4455 -0.0291066 -0.00285493
1 3.98357 19.4463 -0.0353412 -0.0111067
1 5.09805 19.4465 -0.0565081 -0.016875
1 6.21216 19.4461 -0.0624462 -0.0246534
1 7.32518 19.4447 -0.0537867 -0.0357308
1 8.43655 19.4436 -0.0566382 -0.0451309
1 9.54871 19.4424 -0.0655018 -0.0446516
1 10.6636 19.4414 -0.0754284 -0.0405859
1 11.78 19.4405 -0.0831041 -0.0306458
1 12.8966 19.4392 -0.0637556 -0.0213662
1 14.0115 19.4384 -0.0467363 -0.019181
1 15.1265 19.4393 -0.0596449 -0.0126131
1 16.2447 19.4415 -0.091393 -0.00342211
1 17.3639 19.4434 -0.10494 -9.32446e-05
1 18.4829 19.4443 -0.0920651 -0.0083485
1 19.6014 19.4449 -0.0806597 -0.0220356
1 20.7202 19.4456 -0.0473283 -0.0301603
1 21.8399 19.4461 -0.00419719 -0.0316991
1 22.96 19.4459 0.027028 -0.0303715
1 24.0795 19.4453 0.0636187 -0.0265737
1 25.1978 19.4447 0.0899624 -0.0161642
1 26.3166 19.4442 0.101447 -0.00283998
1 27.4362 19.4428 0.0954878 -0.000827274
1 28.5555 19.4404 0.0751111 -0.0088673
1 29.6716 19.4387 0.0601147 -0.0157708
1 30.7854 19.4388 0.0534115 -0.0189607
1 31.9011 19.4403 0.067679 -0.0255481
1 33.018 19.441 0.0743113 -0.0357342
1 34.1338 19.4418 0.0678114 -0.0424996
1 35.2477 19.4432 0.06688 -0.0442815
1 36.3598 19.4444 0.0610438 -0.041334
1 37.4722 19.4456 0.0569915 -0.031087
1 38.5859 19.4464 0.0509752 -0.0213933
1 39.7004 19.4466 0.029641 -0.0111472
1 40.8143 19.446 0.0106936 -0.00691341
1 41.9271 19.4452 0.0101409 -0.000919614
1 43.0414 19.4442 0.0199998 -0.000308811
1 44.1654 19.4441 0.0136372 0.00264766
1 0.0741754 20.4025 -0.0157243 -0.00134117
1 1.19859 20.4037 -0.0181426 0.00126437
1 2.31243 20.4051 -0.00980725 -0.00164027
1 3.42495 20.4061 -0.0079085 -0.00576796
1 4.53914 20.4066 -0.0269382 -0.00943086
1 5.65398 20.4066 -0.0444765 -0.013741
1 6.76875 20.4062 -0.0487516 -0.0199398
1 7.88253 20.4056 -0.0509552 -0.0357623
1 8.99519 20.4052 -0.0657474 -0.0405333
1 10.1087 20.4036 -0.0719441 -0.0406439
1 11.2236 20.4019 -0.080175 -0.0372199
1 12.3399 20.4004 -0.0716171 -0.0254823
1 13.4555 20.399 -0.0533663 -0.0134797
1 14.5688 20.399 -0.0581051 -0.00845055
1 15.6841 20.4008 -0.079276 -0.00384482
1 16.8033 20.4038 -0.106237 0.00245484
1 17.9233 20.4063 -0.105415 0.00189824
1 19.0421 20.4071 -0.085052 -0.01001
1 20.1604 20.4064 -0.0603807 -0.0212948
1 21.2799 20.405 -0.0273943 -0.0261
1 22.4004 20.4047 0.0032644 -0.0269752
1 23.5204 20.4058 0.0416188 -0.025589
1 24.639 20.4071 0.0737528 -0.0160434
1 25.7573 20.407 0.0918054 -0.00367477
1 26.8765 20.4053 0.116649 0.00256178
1 27.9957 20.4025 0.104589 -0.00094572
1 29.1133 20.3998 0.0648152 -0.00558812
1 30.2277 20.3989 0.0457124 -0.00976404
1 31.3424 20.3998 0.063576 -0.0162864
1 32.4586 20.4013 0.0873441 -0.0322818
1 33.574 20.4027 0.0789142 -0.0413089
1 34.6887 20.4045 0.0674018 -0.0408846
1 35.8017 20.4057 0.0497521 -0.0369917
1 36.9137 20.4059 0.0374188 -0.0270952
1 38.0277 20.4066 0.0488228 -0.0156024
1 39.1426 20.4069 0.0465606 -0.0130638
1 40.2575 20.4064 0.0320472 -0.00875461
1 41.3709 20.4054 0.0265098 -0.00156475
1 42.4837 20.4044 0.0367848 -0.000177945
1 43.5995 20.4037 0.0451456 0.00253331
1 0.639411 21.3629 -0.0414109 0.00206482
1 1.75507 21.3641 -0.0378069 0.000845675
1 2.86804 21.3652 -0.0286952 -0.00173149
1 3.98149 21.3657 -0.0304776 -0.00194735
1 5.0969 21.3661 -0.0434738 -0.00297953
1 6.2123 21.3661 -0.0425778 -0.00446742
1 7.32671 21.366 -0.0303559 -0.0128898
1 8.43999 21.3659 -0.0422934 -0.0226371
1 9.55415 21.3654 -0.0620954 -0.0304888
1 10.669 21.3641 -0.0808731 -0.0302309
1 11.784 21.3617 -0.0987528 -0.0246871
1 12.8992 21.3596 -0.0756788 -0.0155494
1 14.0127 21.359 -0.0495452 -0.0016251
1 15.126 21.36 -0.0635965 0.00995406
1 16.243 21.3626 -0.107214 0.012523
1 17.3621 21.3659 -0.119318 0.00696211
1 18.4821 21.3681 -0.0913754 -0.000275282
1 19.602 21.3677 -0.0694387 -0.00631216
1 20.7214 21.3651 -0.0382348 -0.0124884
1 21.8403 21.363 -0.00229779 -0.0161367
1 22.9593 21.3638 0.0211541 -0.0142218
1 24.0785 21.3667 0.0512578 -0.00933003
1 25.1979 21.3685 0.0812742 -0.0047778
1 26.3179 21.3675 0.108461 0.00235955
1 27.4379 21.3645 0.112881 0.00908209
1 28.5564 21.3612 0.0842523 0.0112717
1 29.671 21.3594 0.0624715 0.0060364
1 30.7833 21.3592 0.0614837 -0.00584636
1 31.8978 21.3606 0.0840686 -0.020162
1 33.0134 21.363 0.0864733 -0.028088
1 34.1284 21.3651 0.0687487 -0.0308719
1 35.2429 21.3659 0.058446 -0.0266333
1 36.3568 21.3659 0.0401193 -0.0174826
1 37.4712 21.3659 0.0373837 -0.0087083
1 38.5866 21.3663 0.0404181 -0.00106521
1 39.702 21.3661 0.0248632 -0.00299929
1 40.8161 21.3655 0.00520884 -0.00145753
1 41.9283 21.3646 0.00826519 -0.00034053
1 43.042 21.3636 0.0169063 0.0020595
1 44.1661 21.3627 0.014229 0.00427728
1 0.0728235 22.3221 -0.0184181 0.00277192
1 1.19646 22.3235 -0.0197139 0.00371567
1 2.31043 22.3241 -0.0123207 0.000923151
1 3.42306 22.3248 -0.00818442 0.00190002
1 4.53749 22.3251 -0.0229009 -5.40974e-05
1 5.65329 22.3253 -0.0337512 0.00303764
1 6.76885 22.3251 -0.0309897 0.000819797
1 7.88368 22.3252 -0.0317151 -0.00506003
1 8.99836 22.3253 -0.0481741 -0.0136949
1 10.1141 22.3252 -0.0644119 -0.0176135
1 11.2301 22.3236 -0.0876241 -0.0163558
1 12.3449 22.3213 -0.0900155 -0.0162209
1 13.4576 22.3201 -0.0758516 -0.00696289
1 14.5684 22.3201 -0.0760208 0.0102397
1 15.6817 22.3216 -0.0850527 0.0174973
1 16.7998 22.3243 -0.105491 0.0122026
1 17.9207 22.3269 -0.104683 0.0031625
1 19.0428 22.3274 -0.0807577 -0.00353258
1 20.1638 22.3255 -0.0514869 -0.00337611
1 21.2826 22.3231 -0.0208132 -0.00301575
1 22.3994 22.3225 -0.00112905 -0.00425341
1 23.5168 22.3244 0.0333055 -0.00452134
1 24.6366 22.327 0.068116 -0.00416562
1 25.7584 22.3278 0.0902405 -0.000590396
1 26.88 22.3261 0.114325 0.00741444
1 27.9992 22.3231 0.105026 0.0157215
1 29.1149 22.3208 0.0762783 0.0156711
1 30.2266 22.32 0.065598 0.00233486
1 31.3384 22.3205 0.0823711 -0.0120836
1 32.4524 22.3224 0.0996151 -0.0159005
1 33.5678 22.3247 0.0810881 -0.0165132
1 34.6842 22.3255 0.0568222 -0.0163676
1 35.7992 22.3253 0.0304317 -0.00910831
1 36.913 22.3253 0.0204396 -0.00330776
1 38.0279 22.3251 0.0384117 0.00313901
1 39.1438 22.3253 0.044434 0.00203725
1 40.2592 22.325 0.0325132 0.00378495
1 41.3727 22.3248 0.0290021 -8.98866e-05
1 42.4853 22.3238 0.0340481 0.00182703
1 43.6006 22.323 0.0372838 0.00323335
1 0.637305 23.2834 -0.0397431 0.00209083
1 1.75334 23.2837 -0.0389199 0.00080632
1 2.86623 23.284 -0.0334492 -0.000382425
1 3.98004 23.2842 -0.0337084 -0.00174702
1 5.09598 23.2844 -0.0481812 -0.00213846
1 6.21225 23.2841 -0.0401791 -0.00201365
1 7.32718 23.2841 -0.0209992 -0.00493021
1 8.44126 23.2842 -0.02596 -0.00603306
1 9.55676 23.2844 -0.0478852 -0.00933463
1 10.6739 23.2842 -0.0756609 -0.00942004
1 11.7897 23.2833 -0.101449 -0.00993266
1 12.9031 23.2824 -0.0916253 -0.00830934
1 14.0137 23.2822 -0.0754451 -0.00209829
1 15.1239 23.2825 -0.0790738 0.00261948
1 16.2387 23.2833 -0.103133 0.00335487
1 17.3586 23.2845 -0.106806 0.000386764
1 18.4819 23.2851 -0.083644 -0.0032233
1 19.6049 23.2848 -0.069464 -0.00460525
1 20.7246 23.2838 -0.0420961 -0.00437851
1 21.841 23.2832 -0.00385605 -0.00228255
1 22.9568 23.2834 0.024434 -0.00351016
1 24.0749 23.2845 0.0561307 -0.0056329
1 25.1963 23.2853 0.0793223 -0.00541264
1 26.3201 23.2853 0.0968132 -0.00200847
1 27.4424 23.2843 0.101455 0.00327446
1 28.5601 23.283 0.0895527 0.00482743
1 29.6718 23.2823 0.0863244 0.00101323
1 30.7809 23.2824 0.0827703 -0.00631236
1 31.8926 23.2829 0.0902481 -0.0105329
1 33.0076 23.2837 0.0862384 -0.00883398
1 34.1246 23.2842 0.0629086 -0.00792635
1 35.2412 23.2843 0.0434395 -0.00695595
1 36.3564 23.2844 0.0272118 -0.00468939
1 37.4716 23.2843 0.0266245 -0.00339145
1 38.5871 23.2844 0.0326913 -0.000776515
1 39.7029 23.2843 0.0199486 -0.00269997
1 40.8171 23.2844 0.00859134 -0.00102768
1 41.9298 23.2841 0.00956594 0.00069162
1 43.0433 23.2837 0.0146006 0.00294453
1 44.1663 23.2826 0.012947 -0.00268706
1 0.0737429 24.2449 -0.0134841 0.00284988
1 1.19681 24.2437 -0.0150802 -0.00264265
1 2.31034 24.2433 -0.00900932 -0.00129145
1 3.42312 24.243 -0.00841388 -0.000122173
1 4.5374 24.2431 -0.020365 0.0014401
1 5.65317 24.243 -0.0300739 0.000127703
1 6.76858 24.2431 -0.0253216 0.0025454
1 7.88373 24.2429 -0.0271557 0.00494578
1 8.99891 24.2429 -0.0439992 0.00741214
1 10.1154 24.2429 -0.0620331 0.0079539
1 11.2323 24.2435 -0.0863443 0.00843326
1 12.3472 24.2444 -0.0910494 0.0099871
1 13.459 24.245 -0.0826723 0.00605303
1 14.5681 24.245 -0.0850814 -0.00106402
1 15.6798 24.2443 -0.0886827 -0.00451868
1 16.7976 24.2431 -0.10094 -0.00259619
1 17.9199 24.2421 -0.0972954 0.00286775
1 19.0435 24.2422 -0.0794937 0.00645941
1 20.1652 24.243 -0.0563394 0.00650916
1 21.2834 24.244 -0.0249502 0.00401652
1 22.3991 24.2442 0.00285061 0.00231123
1 23.5155 24.2436 0.0403661 0.00493211
1 24.6352 24.2427 0.0683969 0.00560947
1 25.7582 24.2423 0.083565 0.00399818
1 26.8814 24.2429 0.107057 0.000360808
1 28.0013 24.244 0.103548 -0.0027045
1 29.1161 24.2449 0.0827062 -0.00265664
1 30.2263 24.2452 0.077464 0.00185159
1 31.3368 24.2448 0.0904196 0.00779708
1 32.4502 24.2439 0.0995472 0.00977412
1 33.5659 24.243 0.0752036 0.00928612
1 34.6832 24.2428 0.0487688 0.00947831
1 35.7987 24.243 0.0245778 0.00630422
1 36.9127 24.2432 0.018109 0.00459865
1 38.0277 24.2432 0.0386211 0.00118676
1 39.1441 24.2429 0.0485888 0.00139701
1 40.2601 24.2432 0.0348076 0.000690365
1 41.3738 24.2433 0.0331477 -0.000336367
1 42.4866 24.2437 0.0388098 -0.00144161
1 43.6026 24.2441 0.0408233 -0.00224776
1 0.639336 25.2046 -0.0371802 -0.00287254
1 1.75468 25.2037 -0.0336262 -0.000904632
1 2.86738 25.2027 -0.0286761 0.00103321
1 3.981 25.2025 -0.0309071 -0.00255387
1 5.09644 25.2023 -0.0439311 -0.000846413
1 6.21211 25.2024 -0.0391889 -0.00111759
1 7.32712 25.2022 -0.0227649 0.00516331
1 8.44094 25.202 -0.0306905 0.0115773
1 9.55578 25.2017 -0.0554514 0.0183632
1 10.672 25.2024 -0.0810059 0.0173495
1 11.7875 25.2049 -0.101645 0.015947
1 12.9015 25.2068 -0.0837549 0.0131114
1 14.0133 25.2074 -0.0640177 -0.00162495
1 15.1251 25.2065 -0.0721685 -0.0148443
1 16.2408 25.2043 -0.103834 -0.0145698
1 17.36 25.2014 -0.113869 -0.00622928
1 18.4816 25.1997 -0.0900065 0.00160213
1 19.6035 25.2005 -0.0688471 0.00575751
1 20.7233 25.2031 -0.0349398 0.00567821
1 21.8407 25.2049 0.000362294 0.00526263
1 22.9576 25.2043 0.0198788 0.00414717
1 24.0763 25.2019 0.0506467 0.00465742
1 25.1972 25.2 0.0804728 0.00469491
1 26.3194 25.2005 0.103953 -0.00176271
1 27.4403 25.203 0.105478 -0.0111868
1 28.5582 25.2058 0.0858154 -0.0162032
1 29.6716 25.2073 0.0770736 -0.009577
1 30.7823 25.2072 0.0752195 0.00729901
1 31.895 25.2059 0.0894501 0.0172393
1 33.0099 25.2036 0.0878604 0.0175746
1 34.1258 25.2019 0.0646895 0.0186831
1 35.2417 25.202 0.0471046 0.0155062
1 36.3563 25.2021 0.0310296 0.00651722
1 37.4712 25.2023 0.0323663 0.00169928
1 38.5868 25.202 0.0362881 -0.00196305
1 39.7027 25.2023 0.0223082 0.00214462
1 40.8171 25.2026 0.00838626 -0.000702203
1 41.9296 25.2034 0.0129475 1.06537e-05
1 43.0435 25.2041 0.0194826 -0.00389349
1 44.1671 25.2056 0.0183994 -0.00315239
1 0.0739485 26.165 -0.0149997 -0.00453572
1 1.19803 26.1641 -0.0170554 -0.00233482
1 2.31179 26.163 -0.00748525 0.000121373
1 3.42406 26.1621 -0.00485826 0.00134587
1 4.53827 26.1615 -0.0254899 0.00267736
1 5.65367 26.1613 -0.0382828 0.00206004
1 6.76902 26.1616 -0.036286 0.00833007
1 7.88348 26.1615 -0.0399572 0.0183853
1 8.99739 26.1614 -0.0582896 0.0268499
1 10.1116 26.1622 -0.067546 0.0309455
1 11.2265 26.1643 -0.0857274 0.02671
1 12.342 26.1668 -0.0842402 0.0194054
1 13.4566 26.1682 -0.0622278 0.00595479
1 14.5689 26.168 -0.0614319 -0.00606855
1 15.6835 26.1662 -0.0831499 -0.0117872
1 16.8021 26.163 -0.112645 -0.00959225
1 17.922 26.1599 -0.10874 -0.00295926
1 19.042 26.159 -0.0810292 0.00470797
1 20.1616 26.1608 -0.0515127 0.00883174
1 21.2809 26.1637 -0.021738 0.0135862
1 22.3997 26.1645 0.00109031 0.0155225
1 23.5187 26.1624 0.0361428 0.0121517
1 24.6381 26.1598 0.06829 0.0058111
1 25.7579 26.1594 0.0911261 7.04603e-06
1 26.8779 26.1615 0.119831 -0.00742443
1 27.997 26.1648 0.108259 -0.0126315
1 29.1139 26.1675 0.0669786 -0.00991259
1 30.2273 26.1684 0.0505042 0.00131637
1 31.3407 26.1676 0.0737856 0.0146438
1 32.4559 26.1656 0.0970167 0.0248207
1 33.5708 26.1633 0.0805321 0.0300073
1 34.6856 26.1619 0.0627005 0.0303464
1 35.7999 26.1614 0.0408743 0.0218806
1 36.9131 26.1614 0.0272613 0.0134821
1 38.0276 26.1614 0.0411314 0.00434935
1 39.1431 26.1613 0.0431972 0.00369657
1 40.2585 26.1618 0.0319541 0.00157683
1 41.3718 26.1624 0.0285663 0.00135735
1 42.4847 26.1635 0.0378728 -0.00127992
1 43.6004 26.1647 0.0413489 -0.00228172
1 0.640535 27.1241 -0.0439474 -0.0023617
1 1.75631 27.1233 -0.0365396 0.000103312
1 2.86915 27.1223 -0.0261209 0.00171295
1 3.9826 27.1213 -0.0300615 0.00895999
1 5.09757 27.1209 -0.0466799 0.0123394
1 6.21246 27.1211 -0.0502753 0.016035
1 7.32638 27.1217 -0.04101 0.0263949
1 8.43847 27.122 -0.0515448 0.0375916
1 9.55132 27.123 -0.0666503 0.0402857
1 10.6659 27.1247 -0.0788682 0.0406966
1 11.7813 27.1262 -0.0886278 0.0312861
1 12.8975 27.1277 -0.0653038 0.0166325
1 14.0123 27.1286 -0.044831 0.00963995
1 15.1267 27.1276 -0.0611782 0.00496105
1 16.2444 27.1251 -0.103438 -0.000426009
1 17.3636 27.1222 -0.115866 -0.00310578
1 18.4827 27.1206 -0.0915512 0.00324673
1 19.6012 27.1205 -0.074692 0.0153389
1 20.7197 27.1218 -0.0434518 0.0248033
1 21.8396 27.1229 -0.00246897 0.0261703
1 22.9601 27.1226 0.0263158 0.0253455
1 24.0796 27.1212 0.0594539 0.0207081
1 25.1977 27.1205 0.0848387 0.0091365
1 26.3167 27.1213 0.104914 -0.00247439
1 27.4366 27.1238 0.106449 -0.00292241
1 28.5557 27.1267 0.0805645 0.00360849
1 29.6712 27.1285 0.0587149 0.0077127
1 30.7845 27.1284 0.052572 0.0125949
1 31.9 27.127 0.07121 0.0253048
1 33.0163 27.1257 0.0809528 0.0378588
1 34.1312 27.124 0.0730022 0.0399335
1 35.2448 27.1224 0.0664102 0.0398416
1 36.3574 27.1218 0.051412 0.0351961
1 37.4712 27.1213 0.049639 0.0202289
1 38.5861 27.1209 0.0461832 0.0125988
1 39.7009 27.121 0.0260931 0.00889073
1 40.8151 27.1216 0.008131 0.0062448
1 41.9274 27.1225 0.00967408 0.000880009
1 43.0412 27.1239 0.0185475 -0.00173609
1 44.1657 27.1251 0.0159465 0.00124534
1 0.0748636 28.0839 -0.0142384 -0.00183119
1 1.19878 28.0837 -0.0193032 0.00184628
1 2.31308 28.0827 -0.010194 0.00276927
1 3.426 28.0818 -0.0102266 0.00786409
1 4.5399 28.0813 -0.0307107 0.0131002
1 5.65439 28.0815 -0.0506197 0.0237503
1 6.76795 28.0823 -0.0569336 0.0325885
1 7.88045 28.0835 -0.0604 0.0429529
1 8.99248 28.0846 -0.0662242 0.0458078
1 10.1062 28.0859 -0.0659146 0.0451087
1 11.2219 28.0867 -0.0726448 0.0372226
1 12.3387 28.0875 -0.0677086 0.0276806
1 13.4545 28.0888 -0.0542862 0.021453
1 14.5684 28.0889 -0.0600064 0.017686
1 15.6844 28.0872 -0.0747902 0.00969933
1 16.8037 28.0849 -0.0955318 0.00217949
1 17.9234 28.0835 -0.101685 0.00426083
1 19.0422 28.083 -0.0900629 0.0176375
1 20.1606 28.0824 -0.0644311 0.0277539
1 21.28 28.0818 -0.0278546 0.0317522
1 22.4 28.0816 0.00329857 0.0333792
1 23.5199 28.0821 0.0451746 0.0315432
1 24.6386 28.0827 0.0796003 0.0229469
1 25.7571 28.0833 0.0925758 0.00970276
1 26.8761 28.0843 0.106113 0.00196513
1 27.9954 28.0861 0.0930311 0.00549007
1 29.1135 28.0883 0.0635573 0.0144021
1 30.2285 28.0892 0.0479887 0.0206263
1 31.3434 28.0884 0.0620493 0.0224641
1 32.4599 28.0871 0.0809904 0.0335418
1 33.5762 28.0865 0.0746505 0.0430481
1 34.6912 28.0855 0.0655645 0.0469223
1 35.8034 28.0841 0.0551258 0.0458247
1 36.9146 28.083 0.0508422 0.0378467
1 38.0276 28.0817 0.0616601 0.0256949
1 39.1418 28.0812 0.0570768 0.0184965
1 40.2563 28.0815 0.0376173 0.0125482
1 41.3697 28.0823 0.0289383 0.00413747
1 42.4823 28.0831 0.0356536 0.00203349
1 43.5981 28.0839 0.0450092 0.000892304
1 0.641187 29.0442 -0.0470539 0.00124343
1 1.75754 29.0429 -0.0423662 0.00618073
1 2.87066 29.0422 -0.0380312 0.014244
1 3.98406 29.042 -0.0442901 0.0260187
1 5.09808 29.0423 -0.0678754 0.0392575
1 6.21135 29.0438 -0.073814 0.0478247
1 7.3235 29.0456 -0.0607441 0.0565311
1 8.43463 29.0469 -0.0548028 0.058638
1 9.54741 29.048 -0.0572879 0.0578152
1 10.6631 29.0481 -0.071583 0.0547847
1 11.7794 29.0486 -0.0827242 0.0494525
1 12.8958 29.05 -0.0676413 0.0430383
1 14.0111 29.0506 -0.0489928 0.0377587
1 15.1264 29.0498 -0.0531549 0.0284559
1 16.2443 29.0483 -0.0830456 0.0229975
1 17.3632 29.0474 -0.101892 0.0245627
1 18.4824 29.047 -0.0914203 0.0329945
1 19.6017 29.0457 -0.080113 0.0428684
1 20.7208 29.0438 -0.0481631 0.0505471
1 21.8399 29.0424 -0.00410511 0.050957
1 22.959 29.0428 0.0283678 0.0502766
1 24.0783 29.0447 0.0623942 0.0476307
1 25.1976 29.0466 0.0868701 0.0395274
1 26.3172 29.0473 0.100004 0.0274136
1 27.4368 29.0478 0.0911659 0.0225425
1 28.5556 29.0492 0.0668159 0.0254706
1 29.6718 29.0505 0.0572185 0.0327203
1 30.7862 29.0506 0.0600736 0.0388144
1 31.9021 29.0493 0.073325 0.0465322
1 33.0187 29.0484 0.072992 0.0552995
1 34.135 29.0482 0.064624 0.0586617
1 35.2496 29.0477 0.0642253 0.057757
1 36.3616 29.0466 0.0605229 0.0596021
1 37.4734 29.0449 0.0605925 0.0538162
1 38.5859 29.043 0.060694 0.0430929
1 39.6992 29.0422 0.0367185 0.0328541
1 40.8124 29.0422 0.0147035 0.020047
1 41.9249 29.0427 0.0122152 0.0101744
1 43.0387 29.0436 0.0185883 0.00494274
1 44.162 29.0444 0.0121312 -0.00137848
1 0.0801327 30.0067 -0.0145598 -0.00145062
1 1.20281 30.0043 -0.0198872 0.00771677
1 2.31634 30.0034 -0.019155 0.019429
1 3.42833 30.0033 -0.0243167 0.033012
1 4.54086 30.0045 -0.0477971 0.0481543
1 5.65328 30.0062 -0.066693 0.0553763
1 6.76537 30.0084 -0.0638812 0.0622051
1 7.87764 30.01 -0.0540146 0.0665612
1 8.99038 30.0108 -0.0557554 0.0693588
1 10.105 30.0108 -0.0642715 0.0724677
1 11.221 30.0114 -0.0779562 0.0686352
1 12.3376 30.0126 -0.0728145 0.0635363
1 13.4539 30.0132 -0.0577745 0.0530126
1 14.5684 30.0131 -0.0546881 0.0425168
1 15.684 30.0129 -0.0631739 0.041089
1 16.802 30.0126 -0.0872665 0.0442131
1 17.9215 30.012 -0.0973459 0.0496517
1 19.0419 30.0108 -0.0851959 0.0605104
1 20.1619 30.0084 -0.060351 0.0665944
1 21.2812 30.0058 -0.0275011 0.0676677
1 22.3996 30.0051 0.000274232 0.0694995
1 23.5183 30.007 0.0424551 0.0696153
1 24.6377 30.0097 0.0778266 0.0644084
1 25.7582 30.0115 0.0919266 0.0555765
1 26.8783 30.0123 0.100475 0.0476491
1 27.9967 30.0128 0.0806029 0.0413539
1 29.1136 30.0133 0.0529061 0.039124
1 30.229 30.0135 0.0466185 0.0487372
1 31.3446 30.0131 0.0659885 0.0584488
1 32.4608 30.012 0.0874359 0.0666865
1 33.5768 30.0111 0.0746625 0.0738451
1 34.6926 30.0111 0.05435 0.0731607
1 35.806 30.0107 0.0471207 0.0661703
1 36.9175 30.0096 0.0523691 0.0665527
1 38.0293 30.0077 0.0736628 0.0599943
1 39.1418 30.0054 0.0766976 0.0515495
1 40.2547 30.0039 0.053658 0.0378869
1 41.3672 30.0033 0.0422962 0.0237605
1 42.4799 30.0039 0.0461706 0.0121862
1 43.5958 30.0052 0.0489844 0.00394908
1 0.647417 30.9673 -0.0497574 0.0122596
1 1.76242 30.9658 -0.0540334 0.027788
1 2.87432 30.9661 -0.0540799 0.0406586
1 3.98589 30.9677 -0.0601149 0.0566126
1 5.09811 30.9699 -0.0740044 0.0635405
1 6.21032 30.9724 -0.067647 0.0672794
1 7.32279 30.9742 -0.0443556 0.0737586
1 8.43478 30.9751 -0.0466842 0.0821108
1 9.54809 30.9755 -0.0609553 0.0901911
1 10.6634 30.9758 -0.0769514 0.0889618
1 11.7795 30.977 -0.0842939 0.0796365
1 12.8962 30.9781 -0.0653505 0.0707955
1 14.0114 30.9784 -0.0440003 0.0628286
1 15.1259 30.9792 -0.0492518 0.0546725
1 16.2425 30.9799 -0.0805736 0.0580336
1 17.361 30.9794 -0.0993211 0.0709363
1 18.4813 30.9779 -0.0903811 0.0787935
1 19.6023 30.9755 -0.07797 0.0812285
1 20.722 30.9726 -0.0439682 0.0860746
1 21.8401 30.9708 -0.00396844 0.0889467
1 22.9582 30.9713 0.0235473 0.0866706
1 24.0776 30.974 0.059146 0.0839481
1 25.1982 30.9767 0.0872205 0.0818447
1 26.3189 30.9786 0.0985606 0.075146
1 27.4389 30.9797 0.0874794 0.0646292
1 28.557 30.9799 0.0646921 0.0545303
1 29.6719 30.9792 0.0520995 0.0560753
1 30.7856 30.9785 0.0522652 0.0665404
1 31.9018 30.9777 0.0721845 0.076199
1 33.0186 30.9765 0.0793136 0.0864179
1 34.1341 30.9759 0.0667673 0.0931788
1 35.2486 30.9757 0.0576013 0.0861665
1 36.3614 30.975 0.0514458 0.0760128
1 37.4742 30.9736 0.0581273 0.0699767
1 38.587 30.9713 0.0684541 0.0655227
1 39.6991 30.9688 0.0541385 0.0576444
1 40.8106 30.9666 0.0320978 0.0480936
1 41.9213 30.9657 0.0286414 0.0355003
1 43.0343 30.9663 0.0251417 0.0194665
1 44.1563 30.9685 0.0170013 0.00309975
1 0.087702 31.9313 -0.0221546 0.0155897
1 1.20909 31.9294 -0.0362396 0.0384709
1 2.32082 31.9294 -0.0394025 0.0568407
1 3.43079 31.9314 -0.0384875 0.0686254
1 4.54206 31.934 -0.0519294 0.0727542
1 5.65436 31.9366 -0.0616939 0.078391
1 6.76752 31.9386 -0.0535944 0.0839958
1 7.8805 31.9405 -0.0508562 0.0986824
1 8.99298 31.9412 -0.0611058 0.108747
1 10.107 31.9418 -0.0645849 0.111338
1 11.2226 31.9427 -0.0728145 0.103715
1 12.3393 31.9439 -0.0706559 0.0914543
1 13.4552 31.9455 -0.0522341 0.0816243
1 14.5684 31.9472 -0.0467945 0.0759871
1 15.6825 31.9485 -0.0632149 0.0786928
1 16.8005 31.9484 -0.0942921 0.0913574
1 17.921 31.9471 -0.10391 0.10123
1 19.0422 31.9444 -0.0904869 0.104886
1 20.1629 31.9414 -0.064611 0.104022
1 21.2821 31.9394 -0.0274833 0.10639
1 22.3997 31.9388 0.00507529 0.109471
1 23.5175 31.9401 0.0460792 0.107277
1 24.637 31.9427 0.0770078 0.104296
1 25.7584 31.9457 0.0944927 0.104079
1 26.8793 31.948 0.108034 0.0991828
1 27.9982 31.9488 0.0828512 0.0851568
1 29.1146 31.9481 0.0492043 0.0735558
1 30.2284 31.9467 0.0441009 0.0780503
1 31.3429 31.945 0.0609144 0.0883698
1 32.4592 31.9434 0.0828294 0.0978438
1 33.5753 31.9425 0.0768034 0.107848
1 34.6907 31.9418 0.0595251 0.111719
1 35.8036 31.9411 0.0459877 0.106136
1 36.9155 31.9399 0.0425127 0.0892895
1 38.0282 31.9378 0.0565829 0.0801194
1 39.1408 31.9355 0.0660717 0.0744849
1 40.2529 31.9324 0.0581325 0.0720725
1 41.3637 31.9301 0.0581353 0.059893
1 42.4748 31.9287 0.064097 0.0462136
1 43.5894 31.9296 0.0560127 0.0254856
1 0.653788 32.8934 -0.06821 0.0448046
1 1.76777 32.8936 -0.0710441 0.0589749
1 2.87839 32.8958 -0.0560074 0.0646382
1 3.98968 32.898 -0.048036 0.0691492
1 5.10192 32.9008 -0.0599979 0.0707175
1 6.21467 32.9034 -0.0578146 0.0825899
1 7.32714 32.9058 -0.0473043 0.0956749
1 8.4389 32.9073 -0.050093 0.107707
1 9.55158 32.9082 -0.0557327 0.110345
1 10.667 32.909 -0.0712944 0.10685
1 11.7828 32.9103 -0.0830362 0.0959949
1 12.8985 32.9126 -0.0604383 0.0809781
1 14.0127 32.9155 -0.0385822 0.0734052
1 15.1262 32.9177 -0.0501484 0.0789776
1 16.2422 32.9182 -0.0880504 0.0940976
1 17.3615 32.917 -0.110655 0.104629
1 18.483 32.9145 -0.0978272 0.103688
1 19.6042 32.9114 -0.0798967 0.103838
1 20.7232 32.9093 -0.0474986 0.105878
1 21.8404 32.9084 -0.00740727 0.105583
1 22.9576 32.9086 0.024381 0.102339
1 24.0761 32.9101 0.0650619 0.103149
1 25.1962 32.9127 0.0926136 0.105624
1 26.3178 32.9158 0.107284 0.104607
1 27.4388 32.9179 0.100222 0.0999704
1 28.5573 32.9182 0.0713737 0.0890475
1 29.6716 32.917 0.050667 0.0743491
1 30.7841 32.9146 0.0460265 0.0757615
1 31.899 32.912 0.0635626 0.0897199
1 33.0152 32.91 0.0720436 0.102505
1 34.1306 32.9088 0.0630093 0.108656
1 35.2448 32.9079 0.058563 0.110093
1 36.3573 32.9068 0.0542329 0.103385
1 37.4699 32.9046 0.0524381 0.0876176
1 38.5827 32.9022 0.0532689 0.0767992
1 39.6953 32.8993 0.0408757 0.0669571
1 40.8069 32.8965 0.0352316 0.0688624
1 41.917 32.8939 0.0409864 0.0629351
1 43.0283 32.8928 0.042858 0.0509601
1 44.1491 32.8939 0.0246037 0.0324534
1 0.0944773 33.8578 -0.0362866 0.0589743
1 1.21454 33.858 -0.0495873 0.0640305
1 2.32614 33.8596 -0.0386678 0.0628144
1 3.43745 33.8618 -0.0264323 0.06245
1 4.54919 33.8649 -0.0363478 0.067193
1 5.66119 33.8678 -0.0532746 0.0779013
1 6.7732 33.871 -0.052004 0.0898475
1 7.88572 33.873 -0.0526846 0.0969616
1 8.99832 33.8743 -0.0560869 0.0985117
1 10.1124 33.8754 -0.0605695 0.0991062
1 11.2275 33.8768 -0.0713525 0.0885378
1 12.3429 33.8791 -0.0614682 0.0681451
1 13.4579 33.8827 -0.0451158 0.0582935
1 14.5704 33.886 -0.0561709 0.0629884
1 15.6843 33.8872 -0.0780798 0.0766979
1 16.8034 33.8864 -0.10294 0.0846505
1 17.9248 33.8843 -0.108079 0.0849164
1 19.0457 33.8812 -0.0902808 0.0848131
1 20.1653 33.8792 -0.0642687 0.0803429
1 21.283 33.8784 -0.0260682 0.0775507
1 22.3992 33.8781 0.00563392 0.0797517
1 23.5158 33.8784 0.0449078 0.0784499
1 24.6341 33.88 0.0780369 0.079827
1 25.7548 33.8827 0.0977315 0.0855939
1 26.8761 33.8853 0.119305 0.0870538
1 27.9961 33.8869 0.096199 0.0833655
1 29.1131 33.887 0.0550381 0.0735021
1 30.2265 33.8851 0.0425282 0.0596862
1 31.3399 33.8817 0.0530379 0.0599963
1 32.4548 33.8785 0.0727639 0.0776668
1 33.57 33.8765 0.0700808 0.0951829
1 34.685 33.875 0.0536083 0.0968314
1 35.7978 33.8735 0.0439461 0.0979071
1 36.9096 33.872 0.0471429 0.0956656
1 38.0217 33.8695 0.0609773 0.0844208
1 39.1342 33.8662 0.062946 0.0736835
1 40.2466 33.863 0.0460998 0.0633565
1 41.3585 33.8603 0.0506222 0.062271
1 42.4696 33.8581 0.0707078 0.0653947
1 43.5838 33.8568 0.0775001 0.0629848
1 0.658048 34.8216 -0.0764833 0.0745255
1 1.77309 34.8225 -0.0687456 0.0627849
1 2.88569 34.8243 -0.0521743 0.0603035
1 3.99804 34.8278 -0.0530284 0.0624134
1 5.11009 34.8315 -0.0674611 0.0753187
1 6.22215 34.835 -0.0616217 0.0804839
1 7.33459 34.8369 -0.0484728 0.0890417
1 8.44649 34.8383 -0.0480521 0.0882769
1 9.55888 34.8402 -0.0532182 0.0874803
1 10.6736 34.8415 -0.066993 0.0766175
1 11.7882 34.8436 -0.0704913 0.055551
1 12.9027 34.8472 -0.0543781 0.0419542
1 14.0163 34.8508 -0.0486352 0.040148
1 15.13 34.8524 -0.0609446 0.0503451
1 16.2473 34.852 -0.0962376 0.0592251
1 17.3673 34.8504 -0.11974 0.0559208
1 18.4882 34.8482 -0.0947442 0.0491455
1 19.6079 34.8462 -0.0720859 0.0460925
1 20.7251 34.8452 -0.0460825 0.0404039
1 21.8408 34.8451 -0.00693028 0.0351084
1 22.9566 34.8451 0.0230825 0.0372672
1 24.0733 34.8453 0.0623614 0.0446128
1 25.1914 34.8469 0.087826 0.0496172
1 26.3121 34.8492 0.105041 0.0529842
1 27.4335 34.8512 0.1093 0.0578718
1 28.5528 34.8527 0.0843769 0.0590698
1 29.6678 34.8525 0.0604774 0.0479427
1 30.7803 34.8499 0.0493242 0.0390971
1 31.8943 34.8461 0.0590232 0.0457551
1 33.0095 34.8428 0.0654761 0.0656118
1 34.1242 34.841 0.0599772 0.0846172
1 35.2379 34.8394 0.0574522 0.0875146
1 36.3501 34.8374 0.0506242 0.0879323
1 37.4628 34.8359 0.0545207 0.0862293
1 38.5753 34.8329 0.0596935 0.0798028
1 39.687 34.8297 0.0432096 0.0728094
1 40.7985 34.8254 0.0284108 0.0609864
1 41.9101 34.8228 0.0366467 0.0614578
1 43.0227 34.8215 0.050433 0.0670956
1 44.1431 34.821 0.0440097 0.0752123
1 0.098805 35.786 -0.0542722 0.0846606
1 1.21987 35.785 -0.0533289 0.0645101
1 2.33302 35.7859 -0.0456471 0.0615524
1 3.44471 35.7895 -0.0422781 0.0610548
1 4.5567 35.7941 -0.0555071 0.070975
1 5.669 35.7971 -0.0636927 0.0780183
1 6.78213 35.7997 -0.0603681 0.0860829
1 7.89467 35.8014 -0.0561166 0.0905493
1 9.00641 35.8036 -0.0573367 0.0840894
1 10.1198 35.8051 -0.0587543 0.0768873
1 11.2338 35.8067 -0.0669731 0.0607599
1 12.3485 35.8098 -0.0636347 0.042501
1 13.4634 35.8129 -0.0550565 0.0377343
1 14.5764 35.8144 -0.0697666 0.0433563
1 15.6916 35.8143 -0.0879112 0.0486107
1 16.8105 35.8131 -0.105744 0.0413133
1 17.9309 35.8112 -0.1021 0.0337113
1 19.0508 35.8098 -0.0827999 0.0275133
1 20.1681 35.8093 -0.0613836 0.0210033
1 21.284 35.8089 -0.0215593 0.0135342
1 22.3988 35.8086 0.00572983 0.0128699
1 23.514 35.8088 0.0361417 0.0190895
1 24.6304 35.8093 0.0722451 0.0247383
1 25.7488 35.8104 0.0959121 0.0308794
1 26.8691 35.8121 0.117863 0.0407575
1 27.9889 35.814 0.102918 0.0466622
1 29.1064 35.8151 0.068042 0.0468301
1 30.221 35.8146 0.0520632 0.0407978
1 31.3348 35.8123 0.0614413 0.0360894
1 32.449 35.8086 0.0751749 0.047362
1 33.563 35.806 0.0668965 0.0710149
1 34.6774 35.8046 0.0552015 0.0816239
1 35.79 35.8022 0.0506541 0.0897953
1 36.9013 35.8006 0.051036 0.094827
1 38.0138 35.799 0.0633027 0.0827314
1 39.1262 35.7958 0.071452 0.0747223
1 40.2388 35.7917 0.0654812 0.0626095
1 41.3511 35.787 0.0633461 0.0577128
1 42.464 35.7846 0.0725749 0.0601554
1 43.58 35.7847 0.074784 0.0748446
1 0.662375 36.7486 -0.0692055 0.0786022
1 1.7775 36.7484 -0.0782988 0.0731172
1 2.88979 36.7515 -0.0728673 0.0664883
1 4.00293 36.7564 -0.0739214 0.070117
1 5.11664 36.7607 -0.0778852 0.0870195
1 6.22972 36.7638 -0.0722672 0.100502
1 7.34245 36.766 -0.0575932 0.106127
1 8.45391 36.7681 -0.054243 0.100574
1 9.56622 36.7705 -0.0592397 0.0956235
1 10.68 36.7723 -0.0705565 0.0891049
1 11.7938 36.7745 -0.0819891 0.0715514
1 12.9089 36.777 -0.0752378 0.0639984
1 14.0235 36.7781 -0.0654948 0.0686447
1 15.1382 36.7779 -0.0690097 0.0722899
1 16.2557 36.777 -0.0970685 0.0645214
1 17.3744 36.7756 -0.113275 0.0576459
1 18.4936 36.7749 -0.0877833 0.0500398
1 19.611 36.7746 -0.0685719 0.0416856
1 20.7265 36.7744 -0.0412754 0.0388503
1 21.8412 36.7743 -0.00413739 0.0360332
1 22.9554 36.7744 0.0210737 0.0360276
1 24.0707 36.7743 0.0554693 0.0419869
1 25.1876 36.7744 0.0825785 0.0478076
1 26.3063 36.7751 0.0997629 0.0537602
1 27.426 36.7765 0.10563 0.0626177
1 28.5445 36.7779 0.0948518 0.0690142
1 29.6599 36.7788 0.0767978 0.0709508
1 30.7736 36.7784 0.0616478 0.0667801
1 31.8888 36.7765 0.0692463 0.0658984
1 33.0036 36.7739 0.0717826 0.0789262
1 34.1169 36.7717 0.062587 0.0946141
1 35.23 36.7695 0.0612055 0.100541
1 36.3419 36.7673 0.060706 0.104999
1 37.4545 36.7651 0.0712476 0.104284
1 38.568 36.7624 0.0786355 0.0950788
1 39.6815 36.7587 0.0706566 0.0784714
1 40.7947 36.7537 0.0569287 0.0708987
1 41.906 36.7492 0.0595692 0.0746683
1 43.0185 36.7476 0.0591988 0.0736516
1 44.1395 36.7497 0.0569377 0.0843165
1 0.101396 37.7135 -0.0548156 0.0797571
1 1.22176 37.7123 -0.0617928 0.0885759
1 2.33301 37.7138 -0.0601166 0.0869421
1 3.44496 37.7177 -0.0681614 0.0793143
1 4.559 37.723 -0.087728 0.0864242
1 5.67339 37.7275 -0.0938171 0.101523
1 6.78784 37.7307 -0.0790151 0.109088
1 7.90089 37.7337 -0.068869 0.111607
1 9.01283 37.7367 -0.0699621 0.110365
1 10.1256 37.7394 -0.0677688 0.106634
1 11.2388 37.7413 -0.0776825 0.096578
1 12.3541 37.7429 -0.081865 0.0876888
1 13.4701 37.7437 -0.071984 0.0876007
1 14.5842 37.7432 -0.0804353 0.0882786
1 15.6998 37.7427 -0.0950217 0.0797686
1 16.8174 37.7421 -0.104865 0.0703918
1 17.936 37.7416 -0.0954203 0.0641216
1 19.0541 37.7416 -0.0782776 0.056773
1 20.1697 37.7421 -0.0554583 0.0551516
1 21.2847 37.7424 -0.0200739 0.0516939
1 22.3989 37.7422 0.00580365 0.0485549
1 23.5129 37.7423 0.0383591 0.054399
1 24.6282 37.742 0.0672904 0.0573295
1 25.7451 37.7415 0.0889302 0.0594956
1 26.863 37.7419 0.108912 0.0684968
1 27.9812 37.7426 0.0970483 0.0763222
1 29.0984 37.7433 0.0766405 0.0829028
1 30.2134 37.7441 0.07115 0.0878055
1 31.3282 37.744 0.0823498 0.0874031
1 32.4436 37.7427 0.0907777 0.0921024
1 33.5578 37.741 0.0804768 0.103412
1 34.6717 37.7387 0.0705238 0.109462
1 35.7841 37.7353 0.0641743 0.112601
1 36.8958 37.7323 0.0672916 0.111168
1 38.0093 37.7294 0.0865393 0.106665
1 39.1234 37.7255 0.0991146 0.0954668
1 40.2378 37.7204 0.0870626 0.0848401
1 41.3509 37.7159 0.0769011 0.0803991
1 42.462 37.7127 0.0777498 0.0909618
1 43.5751 37.712 0.0680404 0.0880035
1 0.665348 38.6768 -0.0706538 0.0871479
1 1.77787 38.6784 -0.0700471 0.0908323
1 2.88765 38.6801 -0.0758757 0.0891827
1 3.99956 38.6839 -0.0956979 0.082368
1 5.11403 38.6888 -0.113827 0.0802227
1 6.22963 38.6935 -0.102924 0.0863072
1 7.34401 38.6976 -0.0857534 0.0930659
1 8.45652 38.7018 -0.0803354 0.0945653
1 9.5692 38.7058 -0.0772074 0.0950431
1 10.6832 38.708 -0.0898096 0.0942345
1 11.7982 38.7087 -0.104927 0.0863572
1 12.9144 38.709 -0.0945742 0.0804675
1 14.0297 38.7086 -0.0801262 0.0772405
1 15.1447 38.7081 -0.0781055 0.0672203
1 16.2614 38.7081 -0.0948442 0.0518973
1 17.3788 38.7081 -0.102655 0.0465777
1 18.4964 38.7085 -0.085039 0.0446574
1 19.6123 38.7093 -0.0661775 0.0385523
1 20.7271 38.7099 -0.0372168 0.0372476
1 21.8414 38.7101 -0.0084596 0.0381374
1 22.9551 38.7102 0.0193643 0.0358169
1 24.07 38.71 0.0548351 0.0377685
1 25.1858 38.7089 0.0754201 0.0427618
1 26.303 38.7084 0.0950219 0.0445991
1 27.4209 38.7083 0.106171 0.0486235
1 28.5382 38.7083 0.0982988 0.0605241
1 29.6533 38.7087 0.0846558 0.0714775
1 30.7673 38.7093 0.0789551 0.0766361
1 31.8837 38.7096 0.0945623 0.0854596
1 32.9999 38.7091 0.0987925 0.0931212
1 34.1144 38.7075 0.0882002 0.0965819
1 35.228 38.7043 0.0855943 0.0968736
1 36.3406 38.7001 0.0853062 0.0952008
1 37.4543 38.6956 0.0958832 0.0892021
1 38.5698 38.6913 0.112068 0.0854594
1 39.6852 38.6869 0.104771 0.0816364
1 40.7985 38.6823 0.0769758 0.0854274
1 41.9086 38.6794 0.0627564 0.0929004
1 43.0186 38.6777 0.064338 0.0928281
1 44.138 38.6756 0.0587275 0.0807822
1 0.10105 39.6389 -0.0670442 0.0769292
1 1.22096 39.6426 -0.0679348 0.0797812
1 2.33023 39.6454 -0.0653345 0.0968617
1 3.43864 39.6471 -0.0726058 0.0913562
1 4.55024 39.6496 -0.104747 0.0803741
1 5.66506 39.6532 -0.123993 0.0714311
1 6.78091 39.6584 -0.113063 0.0666679
1 7.89543 39.664 -0.105031 0.0692866
1 9.00938 39.6692 -0.104767 0.0728907
1 10.1239 39.6728 -0.105506 0.0814412
1 11.2395 39.6736 -0.118447 0.0810999
1 12.3566 39.6731 -0.1097 0.0738533
1 13.4735 39.6727 -0.0912881 0.063652
1 14.5882 39.6725 -0.0931861 0.0522232
1 15.7034 39.6726 -0.0982805 0.040099
1 16.8201 39.6732 -0.102191 0.0334521
1 17.9373 39.6742 -0.0955361 0.0319706
1 19.0543 39.6754 -0.0782704 0.0311604
1 20.17 39.6762 -0.0514895 0.0299501
1 21.2848 39.6769 -0.0202613 0.0290832
1 22.3987 39.677 0.00622439 0.028927
1 23.5131 39.6767 0.0414812 0.0295276
1 24.6282 39.6761 0.065971 0.0296663
1 25.7442 39.6749 0.0867735 0.0321087
1 26.8614 39.6738 0.108452 0.0329902
1 27.9787 39.6732 0.0972946 0.0337543
1 29.0952 39.6729 0.0826047 0.0453883
1 30.2099 39.673 0.0889645 0.0596439
1 31.325 39.6734 0.107492 0.0683939
1 32.4419 39.674 0.122028 0.0778729
1 33.5586 39.674 0.113033 0.0846749
1 34.6742 39.6719 0.101559 0.0778656
1 35.7884 39.6668 0.100457 0.0696578
1 36.9021 39.6613 0.1062 0.0689605
1 38.0173 39.656 0.122888 0.0674405
1 39.133 39.6514 0.124323 0.0741576
1 40.2467 39.6484 0.10024 0.0825325
1 41.3571 39.6464 0.086913 0.0969289
1 42.4657 39.6447 0.0889587 0.0914294
1 43.578 39.6412 0.0936994 0.0853514
1 0.658578 40.6035 -0.103995 0.0829101
1 1.77075 40.6094 -0.104278 0.0961281
1 2.88024 40.6123 -0.0928099 0.105152
1 3.98987 40.6129 -0.0920988 0.107943
1 5.10131 40.614 -0.113434 0.0980869
1 6.21511 40.6172 -0.119693 0.0795525
1 7.3301 40.6227 -0.115711 0.0696771
1 8.4449 40.6288 -0.116955 0.0667987
1 9.56054 40.6345 -0.118538 0.0780272
1 10.6781 40.6362 -0.130067 0.0872759
1 11.7963 40.6356 -0.131494 0.0804941
1 12.9138 40.6353 -0.109894 0.0698043
1 14.0293 40.6355 -0.0914942 0.0557654
1 15.1443 40.6361 -0.0837559 0.0437678
1 16.2606 40.6372 -0.0945495 0.0379532
1 17.3776 40.6389 -0.102195 0.0353759
1 18.4947 40.6406 -0.0874338 0.036265
1 19.6112 40.642 -0.0676258 0.0361976
1 20.7268 40.6428 -0.0390277 0.0360916
1 21.8414 40.6432 -0.00786755 0.038775
1 22.9559 40.6432 0.021432 0.0370785
1 24.0713 40.6426 0.0551306 0.0347629
1 25.1874 40.6413 0.0768538 0.0364373
1 26.3046 40.6399 0.0949343 0.0383272
1 27.422 40.6383 0.104326 0.0368814
1 28.5383 40.6369 0.0989573 0.0385592
1 29.6533 40.6361 0.0906754 0.048131
1 30.7681 40.6358 0.0942034 0.0623326
1 31.8853 40.6361 0.122721 0.0768869
1 33.0039 40.6367 0.137114 0.0869176
1 34.1219 40.6363 0.127159 0.085373
1 35.2384 40.6323 0.119446 0.06928
1 36.3537 40.6258 0.115741 0.0666262
1 37.469 40.6199 0.118328 0.0730038
1 38.5843 40.6153 0.11972 0.0864641
1 39.6976 40.6133 0.100147 0.100304
1 40.8084 40.6126 0.0744651 0.105049
1 41.9169 40.6117 0.0797539 0.103564
1 43.0265 40.6079 0.0878463 0.0862823
1 44.1457 40.6011 0.0907556 0.0805151
1 0.087561 41.5615 -0.101358 0.0824703
1 1.20701 41.5709 -0.0996425 0.0927811
1 2.31794 41.5757 -0.0879797 0.0970363
1 3.42813 41.578 -0.0803207 0.107973
1 4.53873 41.5788 -0.088966 0.10931
1 5.65039 41.5792 -0.0989855 0.103693
1 6.76386 41.5821 -0.10237 0.0836436
1 7.87861 41.5872 -0.10837 0.0728793
1 8.99443 41.5933 -0.121118 0.0704776
1 10.1129 41.5969 -0.133566 0.084271
1 11.2329 41.5972 -0.138622 0.0840211
1 12.3524 41.5971 -0.115788 0.0688503
1 13.4699 41.5978 -0.088586 0.0522457
1 14.585 41.5991 -0.0854705 0.0394387
1 15.7004 41.601 -0.0887169 0.0334302
1 16.817 41.6031 -0.0929955 0.0302689
1 17.9342 41.6054 -0.0872181 0.0285269
1 19.0515 41.6073 -0.0692329 0.0301041
1 20.1682 41.6084 -0.049397 0.0314069
1 21.284 41.6092 -0.0216627 0.0323385
1 22.3992 41.6095 0.00952399 0.0342022
1 23.5147 41.6088 0.0379297 0.0318036
1 24.6306 41.6078 0.0607126 0.03085
1 25.7473 41.6065 0.0815765 0.0319265
1 26.8649 41.6044 0.093046 0.031246
1 27.9822 41.6023 0.0848589 0.0286452
1 29.0983 41.6004 0.0804799 0.0340435
1 30.2132 41.5989 0.0852158 0.0473233
1 31.3289 41.5981 0.105487 0.0603443
1 32.4474 41.5977 0.13513 0.0757333
1 33.5675 41.5979 0.13836 0.0870451
1 34.6873 41.5962 0.123868 0.0756281
1 35.8044 41.5903 0.111416 0.0682811
1 36.9194 41.5843 0.102848 0.0767263
1 38.0339 41.5801 0.103781 0.0880952
1 39.1468 41.5781 0.101458 0.102653
1 40.2585 41.5777 0.0953327 0.114062
1 41.3691 41.5777 0.0979958 0.108149
1 42.4801 41.5749 0.108904 0.0952994
1 43.5938 41.5681 0.108832 0.0897778
1 0.638796 42.5308 -0.108489 0.0966166
1 1.75325 42.5372 -0.10555 0.0907642
1 2.86556 42.5413 -0.105496 0.0959931
1 3.97798 42.5433 -0.0938225 0.0974603
1 5.09013 42.5444 -0.0914649 0.0973515
1 6.20228 42.5454 -0.0873545 0.0944761
1 7.31529 42.5477 -0.0848735 0.0853519
1 8.4296 42.5517 -0.0942956 0.074682
1 9.54704 42.5559 -0.120971 0.0801927
1 10.6688 42.5571 -0.136344 0.081
1 11.7904 42.5574 -0.126637 0.0636432
1 12.9093 42.5594 -0.100196 0.0478414
1 14.0253 42.5619 -0.0780266 0.0363616
1 15.1408 42.5643 -0.0691183 0.0250035
1 16.2576 42.5669 -0.0755166 0.0228847
1 17.375 42.5698 -0.0807385 0.0256162
1 18.4926 42.5722 -0.0667378 0.0263143
1 19.6096 42.5739 -0.0518074 0.0289972
1 20.7256 42.5749 -0.0335488 0.0299336
1 21.8413 42.5753 -0.00590741 0.0292084
1 22.957 42.5754 0.0172505 0.0281416
1 24.0728 42.5745 0.0399403 0.0305292
1 25.1893 42.5731 0.0639134 0.029153
1 26.3072 42.5712 0.0783882 0.0261161
1 27.4248 42.5683 0.0800639 0.025098
1 28.5417 42.5657 0.0792059 0.0240744
1 29.6576 42.5635 0.0760066 0.0269566
1 30.7729 42.5613 0.0815808 0.0410988
1 31.8908 42.5592 0.111368 0.0586322
1 33.0113 42.5582 0.131581 0.0746195
1 34.1326 42.5573 0.128075 0.0802202
1 35.252 42.5542 0.110664 0.0730293
1 36.3685 42.5494 0.0966349 0.0753135
1 37.4835 42.5453 0.0952903 0.0844032
1 38.5972 42.5435 0.0963659 0.0949616
1 39.7094 42.5432 0.0816281 0.100513
1 40.8207 42.543 0.0754015 0.10259
1 41.9322 42.5403 0.0854773 0.0928851
1 43.0447 42.5355 0.0906692 0.0931566
1 44.1657 42.5272 0.0936797 0.102018
1 0.0674267 43.4907 -0.0928667 0.111585
1 1.18873 43.4977 -0.086547 0.096874
1 2.30121 43.5021 -0.0830633 0.0992376
1 3.41384 43.5052 -0.078935 0.0869995
1 4.52695 43.5077 -0.0879482 0.0889409
1 5.63996 43.5088 -0.0915321 0.0904249
1 6.75344 43.5099 -0.0887992 0.0904857
1 7.8681 43.5115 -0.0866319 0.0884632
1 8.98399 43.5137 -0.0986053 0.0864877
1 10.1039 43.5147 -0.119761 0.0833748
1 11.2262 43.5156 -0.125169 0.066877
1 12.3466 43.5185 -0.105681 0.0424554
1 13.4647 43.5224 -0.0778604 0.0237433
1 14.5811 43.526 -0.0734683 0.0149338
1 15.698 43.5291 -0.0773759 0.0148722
1 16.8159 43.5324 -0.0758999 0.0195997
1 17.9339 43.5357 -0.071852 0.0217811
1 19.0515 43.5381 -0.0573478 0.0219106
1 20.1681 43.5395 -0.036028 0.0240601
1 21.2838 43.5403 -0.0151157 0.0252096
1 22.3993 43.5403 0.00756865 0.0247547
1 23.5147 43.54 0.0278244 0.0252956
1 24.6309 43.5391 0.0483996 0.0259746
1 25.748 43.5371 0.0666166 0.0230889
1 26.8657 43.5339 0.0721459 0.0188293
1 27.9838 43.5307 0.0696189 0.0157166
1 29.1012 43.5277 0.0691547 0.0129169
1 30.2176 43.5246 0.0782723 0.0176352
1 31.3348 43.5213 0.0991118 0.0346489
1 32.4539 43.5179 0.119957 0.0571198
1 33.5754 43.5159 0.122683 0.0762637
1 34.6973 43.5147 0.108415 0.0842233
1 35.8154 43.5123 0.088524 0.0823876
1 36.9306 43.5092 0.0764256 0.0833411
1 38.044 43.5077 0.0756799 0.0942208
1 39.1561 43.5079 0.0757516 0.0993022
1 40.2679 43.5072 0.0778732 0.0926887
1 41.381 43.5048 0.0875476 0.0906212
1 42.4936 43.5015 0.0834221 0.0960301
1 43.6079 43.4964 0.0873181 0.0964664
1 0.625415 44.4583 -0.0814303 0.104932
1 1.74056 44.4633 -0.0795569 0.103901
1 2.85375 44.4659 -0.0762873 0.0981237
1 3.96698 44.4688 -0.0716633 0.0933439
1 5.08028 44.4711 -0.0698578 0.0902548
1 6.19308 44.4723 -0.0692246 0.095075
1 7.30689 44.4722 -0.0718199 0.0980447
1 8.42264 44.4724 -0.0797549 0.0964797
1 9.54101 44.4725 -0.0954872 0.0962838
1 10.6621 44.4726 -0.108486 0.0809876
1 11.783 44.4756 -0.105349 0.0472114
1 12.9019 44.4806 -0.0876679 0.0224384
1 14.0192 44.4855 -0.0771345 0.00794002
1 15.1369 44.4895 -0.0762493 0.00454452
1 16.2558 44.4931 -0.0762049 0.0108608
1 17.3746 44.4975 -0.0773985 0.0193535
1 18.4928 44.5008 -0.0675416 0.0176195
1 19.6101 44.5028 -0.0478575 0.018495
1 20.7259 44.5042 -0.0285407 0.0232951
1 21.8414 44.5044 -0.00709847 0.0231806
1 22.9568 44.5044 0.0170712 0.0236022
1 24.0724 44.5038 0.039261 0.0215257
1 25.1893 44.5021 0.060415 0.0182432
1 26.3073 44.4991 0.074438 0.0185342
1 27.4256 44.495 0.0786031 0.0134111
1 28.5444 44.4912 0.0790857 0.00613603
1 29.6625 44.4879 0.0748918 0.0023947
1 30.78 44.4837 0.0801528 0.0137261
1 31.8985 44.4792 0.0964891 0.0372873
1 33.0181 44.475 0.103929 0.066323
1 34.1387 44.4728 0.101719 0.0887341
1 35.2586 44.4721 0.0887681 0.0953227
1 36.3759 44.4714 0.0748388 0.0948698
1 37.4904 44.4706 0.0721 0.0980027
1 38.6037 44.4711 0.0800661 0.102948
1 39.7168 44.4713 0.0759581 0.0945132
1 40.8301 44.4684 0.0710001 0.0921816
1 41.9425 44.4656 0.06601 0.107898
1 43.0545 44.4631 0.067637 0.0931351
1 44.1746 44.4597 0.0788945 0.0968908
1 0.0585655 45.4216 -0.0663774 0.101049
1 1.17966 45.4242 -0.0658642 0.0966118
1 2.29284 45.4273 -0.0645261 0.0995954
1 3.40602 45.4303 -0.0621031 0.0922657
1 4.52028 45.4331 -0.0668779 0.0888502
1 5.63398 45.4349 -0.0725421 0.0925186
1 6.74811 45.435 -0.0682415 0.100024
1 7.86344 45.4333 -0.0700845 0.106703
1 8.98063 45.4314 -0.085275 0.103091
1 10.1002 45.4312 -0.0904499 0.0882084
1 11.2199 45.4334 -0.0872444 0.0626675
1 12.3385 45.4386 -0.0844387 0.0327518
1 13.4561 45.4444 -0.0726137 0.00555487
1 14.5737 45.449 -0.0784885 -0.00393888
1 15.693 45.453 -0.0904621 0.00190431
1 16.8131 45.458 -0.0828824 0.008675
1 17.9323 45.4629 -0.0792677 0.0146391
1 19.0508 45.4659 -0.0678464 0.0159693
1 20.1679 45.4678 -0.0394396 0.0149955
1 21.2836 45.4687 -0.0167651 0.0205536
1 22.3991 45.4687 0.00665699 0.0243075
1 23.5149 45.4684 0.0315972 0.0181206
1 24.6314 45.4673 0.0562264 0.0136382
1 25.749 45.4643 0.0744344 0.0168569
1 26.8678 45.4599 0.0812435 0.013625
1 27.9878 45.4551 0.0866131 0.00281477
1 29.1075 45.4511 0.0808702 -0.00408101
1 30.226 45.4474 0.075714 0.000847962
1 31.3437 45.4429 0.0795519 0.0205576
1 32.4613 45.4371 0.0796779 0.0457042
1 33.5801 45.4327 0.0853699 0.0749962
1 34.7001 45.4311 0.0879017 0.0956772
1 35.8184 45.4312 0.0728523 0.103325
1 36.9343 45.4328 0.0609167 0.102637
1 38.0483 45.4341 0.0661385 0.103915
1 39.1614 45.435 0.0658952 0.0977921
1 40.2751 45.433 0.0656744 0.0869926
1 41.3883 45.4299 0.0677444 0.0958007
1 42.5006 45.4275 0.0731033 0.103929
1 43.6152 45.4228 0.0621758 0.083401
1 0.620269 46.3843 -0.0662439 0.0895594
1 1.73375 46.3887 -0.071451 0.094789
1 2.8475 46.3908 -0.0722736 0.086527
1 3.96232 46.3942 -0.0666578 0.0786209
1 5.07669 46.3977 -0.0628252 0.0831898
1 6.19087 46.3982 -0.0615064 0.0968935
1 7.30572 46.3965 -0.066632 0.10819
1 8.42141 46.3928 -0.0747599 0.113859
1 9.53926 46.3903 -0.0845589 0.0977249
1 10.6584 46.3921 -0.0773058 0.0707547
1 11.776 46.3974 -0.0705801 0.045221
1 12.8928 46.4035 -0.064699 0.0182853
1 14.0096 46.4084 -0.0658292 -8.33813e-05
1 15.1279 46.4119 -0.0845953 -0.00402829
1 16.2487 46.4164 -0.095965 -0.00376083
1 17.3696 46.4228 -0.0929489 0.0102444
1 18.4893 46.4277 -0.0810448 0.011981
1 19.608 46.4305 -0.0585668 0.00448259
1 20.7251 46.4322 -0.0333275 0.0105691
1 21.8414 46.4323 -0.00425615 0.0200196
1 22.9575 46.4324 0.0211558 0.0180518
1 24.0741 46.4317 0.0440141 0.00518368
1 25.192 46.4292 0.0730262 0.00703025
1 26.3112 46.4251 0.0875248 0.0165997
1 27.4313 46.4189 0.0891815 0.00264452
1 28.552 46.4138 0.0925526 -0.00883026
1 29.6716 46.4108 0.0784043 -0.0041986
1 30.7894 46.4073 0.06575 0.0076983
1 31.9066 46.4019 0.0704111 0.0339634
1 33.0238 46.3955 0.0726881 0.0593665
1 34.1418 46.3912 0.0767605 0.0822671
1 35.2599 46.3909 0.0776532 0.104494
1 36.3763 46.3934 0.0696882 0.112268
1 37.4916 46.3961 0.066477 0.104695
1 38.6059 46.3983 0.0684183 0.0975622
1 39.7204 46.3976 0.0676929 0.0810638
1 40.8353 46.3942 0.0664224 0.0806437
1 41.9487 46.3915 0.068941 0.0855975
1 43.0622 46.3875 0.0809085 0.0985777
1 44.1846 46.3783 0.084079 0.0784002
1 0.0511201 47.3409 -0.0841925 0.0688188
1 1.17222 47.355 -0.0677765 0.0889069
1 2.28703 47.3557 -0.0590557 0.100371
1 3.4011 47.358 -0.0669719 0.0742252
1 4.51731 47.363 -0.0724861 0.0728725
1 5.63381 47.3652 -0.0752935 0.0901742
1 6.7495 47.3645 -0.0719518 0.105531
1 7.86531 47.3611 -0.0654203 0.119789
1 8.98081 47.3557 -0.0674582 0.112881
1 10.0965 47.3555 -0.0671593 0.0788569
1 11.2131 47.3606 -0.0597736 0.0559238
1 12.3298 47.3666 -0.0565182 0.0311399
1 13.4467 47.3731 -0.0556024 0.0113655
1 14.5648 47.3758 -0.0674273 0.00371842
1 15.6836 47.3782 -0.0942654 -0.00681065
1 16.8041 47.3849 -0.0990111 -0.000693315
1 17.9253 47.3915 -0.0916449 0.0127116
1 19.0459 47.3956 -0.0702981 0.00110725
1 20.1653 47.3984 -0.0449667 -0.00822113
1 21.2827 47.3995 -0.0256316 0.0128642
1 22.3996 47.3995 0.0102919 0.0203191
1 23.5166 47.3991 0.0363674 -0.000118205
1 24.635 47.3975 0.0586105 -0.00349189
1 25.7552 47.3937 0.0861462 0.0108321
1 26.8758 47.3877 0.0955386 0.00832086
1 27.9966 47.381 0.0986865 -0.00527337
1 29.1162 47.3771 0.0791407 -0.00758575
1 30.2348 47.3756 0.0579479 0.00287227
1 31.3527 47.3712 0.05531 0.0219137
1 32.4695 47.3646 0.0544652 0.0469059
1 33.5858 47.3585 0.0585606 0.0699133
1 34.7017 47.3555 0.0692508 0.0965273
1 35.8172 47.3576 0.0659897 0.111105
1 36.9323 47.3614 0.0626549 0.111664
1 38.0472 47.3644 0.0733736 0.10229
1 39.1632 47.3649 0.0788719 0.0823345
1 40.2804 47.3619 0.0732825 0.0761421
1 41.3959 47.3595 0.0651786 0.0932469
1 42.5105 47.3571 0.0640074 0.0725026
1 43.6279 47.349 0.0749179 0.0853186
