1 0.584289 0.143763 -0.0542125 -0.0780546
1 1.70261 0.137241 -0.0672677 -0.0957452
1 2.81964 0.13381 -0.0755079 -0.0852836
1 3.93571 0.131724 -0.0644641 -0.0949297
1 5.05038 0.131094 -0.0484431 -0.0847344
1 6.16468 0.12772 -0.0587036 -0.0837939
1 7.28146 0.125291 -0.0645202 -0.0985145
1 8.39952 0.125806 -0.0592757 -0.108241
1 9.51757 0.129319 -0.0512042 -0.116185
1 10.6349 0.136957 -0.033895 -0.100625
1 11.7518 0.14491 -0.0367754 -0.0551112
1 12.8679 0.150511 -0.0524592 -0.0209717
1 13.9836 0.15246 -0.0561886 -0.00305173
1 15.0992 0.149366 -0.0561927 -0.00693006
1 16.2158 0.144564 -0.050175 -0.0125511
1 17.3345 0.140499 -0.0443768 0.0111127
1 18.4556 0.137704 -0.0583717 0.0263603
1 19.5801 0.136219 -0.0530437 0.0212061
1 20.7073 0.133514 -0.036109 0.0284315
1 21.8366 0.13054 -0.0109563 0.0397858
1 22.967 0.131846 0.0233148 0.0342727
1 24.0954 0.135197 0.0441088 0.0213967
1 25.2219 0.136834 0.0605733 0.024749
1 26.3454 0.139203 0.0527782 0.0253413
1 27.4649 0.142639 0.041096 -0.00201044
1 28.5822 0.146256 0.0538039 -0.0126987
1 29.6985 0.151271 0.0584232 -0.000935345
1 30.8143 0.15326 0.0565195 -0.0125229
1 31.93 0.149466 0.045672 -0.0383614
1 33.0463 0.142501 0.0337594 -0.0808164
1 34.1634 0.132428 0.0415627 -0.119282
1 35.2813 0.125092 0.0571315 -0.110651
1 36.3997 0.124311 0.0610971 -0.0936223
1 37.5174 0.126943 0.0638933 -0.0833277
1 38.6327 0.131147 0.0544166 -0.0794093
1 39.7469 0.133948 0.0547802 -0.0914922
1 40.8619 0.13314 0.0714772 -0.10328
1 41.978 0.134045 0.0701451 -0.0855354
1 43.0954 0.138752 0.0625952 -0.0821124
1 44.2169 0.158404 0.0610341 -0.0748255
1 0.0330951 1.11719 -0.0446541 -0.087115
1 1.15287 1.10823 -0.0482817 -0.0796531
1 2.26607 1.10235 -0.0641724 -0.07962
1 3.38073 1.09921 -0.0646494 -0.0853731
1 4.49535 1.09857 -0.0600333 -0.0905536
1 5.61001 1.09647 -0.0632458 -0.0804659
1 6.72518 1.09304 -0.0610834 -0.0871795
1 7.84084 1.09248 -0.0568295 -0.1035
1 8.95641 1.09419 -0.0560305 -0.107135
1 10.0724 1.09883 -0.0552919 -0.0992577
1 11.1899 1.10604 -0.0623169 -0.0752912
1 12.3079 1.11297 -0.0664932 -0.0421723
1 13.4257 1.11738 -0.0623437 -0.0131996
1 14.5434 1.11707 -0.0598906 -0.00941465
1 15.6603 1.11306 -0.0580895 -0.00920729
1 16.778 1.10813 -0.055167 0.000992438
1 17.8976 1.10375 -0.0621264 0.0167886
1 19.0201 1.10132 -0.060656 0.0226444
1 20.1461 1.09877 -0.0446432 0.0165411
1 21.2736 1.09558 -0.0266362 0.021785
1 22.4014 1.0949 0.00773983 0.0282942
1 23.5292 1.0973 0.0395795 0.01723
1 24.6565 1.09988 0.051904 0.0179763
1 25.7809 1.10237 0.0570677 0.0246382
1 26.9018 1.10623 0.0587169 0.0117923
1 28.0205 1.11047 0.0577674 -0.0061947
1 29.1377 1.11498 0.0619138 -0.0113726
1 30.2551 1.11831 0.0699478 -0.010602
1 31.3735 1.11661 0.070619 -0.0267755
1 32.4913 1.11093 0.0633126 -0.0584121
1 33.6095 1.10304 0.0574741 -0.0936841
1 34.7263 1.09507 0.0535076 -0.111017
1 35.8416 1.09148 0.0561013 -0.101852
1 36.9574 1.09227 0.0596477 -0.0883043
1 38.0728 1.0954 0.0576638 -0.0777719
1 39.1877 1.09938 0.0550029 -0.0804388
1 40.3022 1.10104 0.0547749 -0.09232
1 41.4161 1.10078 0.056233 -0.0929961
1 42.5289 1.10361 0.0555663 -0.0836607
1 43.6421 1.11245 0.054679 -0.0828412
1 0.599095 2.07508 -0.0629819 -0.0813293
1 1.71409 2.06901 -0.0568283 -0.0746505
1 2.82654 2.06387 -0.0635643 -0.0798008
1 3.94034 2.06197 -0.0560776 -0.0881947
1 5.05487 2.06074 -0.0544011 -0.0838096
1 6.16903 2.05756 -0.0543196 -0.083785
1 7.28302 2.0563 -0.0529551 -0.0994265
1 8.39733 2.05729 -0.0537773 -0.0974099
1 9.512 2.05908 -0.064515 -0.092243
1 10.6286 2.06338 -0.0693808 -0.0800557
1 11.747 2.06975 -0.0761617 -0.0576134
1 12.866 2.07569 -0.0822526 -0.0325182
1 13.9853 2.07828 -0.076074 -0.015707
1 15.1044 2.07664 -0.0689121 -0.00911353
1 16.2228 2.07185 -0.0681336 -0.000471262
1 17.3418 2.067 -0.0638709 0.00843377
1 18.4623 2.06328 -0.059915 0.0147995
1 19.5856 2.06052 -0.0498499 0.014522
1 20.7115 2.0581 -0.0357634 0.0119874
1 21.8379 2.05636 -0.00859237 0.0142073
1 22.9642 2.05712 0.0217786 0.0146832
1 24.0906 2.05934 0.0407345 0.0123016
1 25.2157 2.06177 0.0573628 0.014764
1 26.3379 2.06528 0.063079 0.0153443
1 27.4572 2.06963 0.0619271 0.00666109
1 28.5758 2.0744 0.0706117 -0.00729478
1 29.6947 2.07803 0.0731185 -0.0121082
1 30.814 2.07819 0.0781571 -0.0239435
1 31.9333 2.0739 0.0836263 -0.0497081
1 33.0525 2.06706 0.075549 -0.0715037
1 34.1704 2.06102 0.067207 -0.0881938
1 35.2856 2.05691 0.0551878 -0.0977378
1 36.3995 2.05561 0.0479292 -0.093584
1 37.5135 2.05723 0.0506679 -0.088418
1 38.6272 2.06021 0.0608815 -0.0842941
1 39.7422 2.06275 0.0668346 -0.0831238
1 40.8574 2.06419 0.0684336 -0.0863263
1 41.9703 2.06674 0.0590155 -0.0866042
1 43.0816 2.07113 0.055912 -0.0851351
1 44.2036 2.07443 0.0590269 -0.0791057
1 0.0390633 3.03728 -0.0661721 -0.0781099
1 1.16009 3.03378 -0.0641837 -0.0860554
1 2.27281 3.02973 -0.0684845 -0.0704331
1 3.38578 3.02517 -0.0705151 -0.0802874
1 4.49988 3.02376 -0.0641676 -0.0877244
1 5.61419 3.02183 -0.0559158 -0.0855479
1 6.72723 3.02019 -0.0471089 -0.0928884
1 7.84031 3.02041 -0.0518301 -0.0968092
1 8.95411 3.0214 -0.0608833 -0.0872151
1 10.0693 3.02292 -0.0700304 -0.0740754
1 11.1864 3.02627 -0.0812936 -0.0639093
1 12.3054 3.03197 -0.0893612 -0.0499434
1 13.426 3.03683 -0.0877505 -0.0271134
1 14.5467 3.0374 -0.0859578 -0.0142677
1 15.6672 3.0345 -0.0780991 -0.00430793
1 16.7867 3.03007 -0.0684516 0.00256753
1 17.9059 3.02613 -0.0615655 0.00534916
1 19.0267 3.02328 -0.052014 0.00795008
1 20.1502 3.02084 -0.039762 0.00695438
1 21.2752 3.01924 -0.0208235 0.00706711
1 22.4006 3.01897 0.00912756 0.00656535
1 23.5262 3.01994 0.0315371 0.00443956
1 24.651 3.02196 0.0449835 0.00883408
1 25.7734 3.02473 0.0560662 0.00765233
1 26.8936 3.02819 0.0619381 0.00438829
1 28.0125 3.03245 0.0680442 0.00345548
1 29.1324 3.03647 0.0868724 -0.00978138
1 30.2533 3.03826 0.095275 -0.0226725
1 31.3739 3.03565 0.088987 -0.0429507
1 32.4938 3.02958 0.0835981 -0.0631976
1 33.6123 3.0243 0.0772802 -0.070341
1 34.7288 3.02135 0.0692718 -0.079807
1 35.8433 3.0199 0.0619502 -0.0891732
1 36.957 3.02018 0.0551083 -0.0900485
1 38.0704 3.02163 0.0486626 -0.0879142
1 39.184 3.02361 0.0475636 -0.085435
1 40.2983 3.02573 0.0568686 -0.0862358
1 41.4124 3.02828 0.0599978 -0.0736922
1 42.525 3.03269 0.0464983 -0.0802632
1 43.6394 3.03477 0.0327712 -0.0796617
1 0.604013 3.99778 -0.037149 -0.0740831
1 1.71837 3.99448 -0.0571228 -0.0702866
1 2.83101 3.98958 -0.0604691 -0.0684931
1 3.94378 3.98697 -0.055492 -0.0814826
1 5.05741 3.98492 -0.0526773 -0.0842398
1 6.17032 3.98338 -0.0506207 -0.0875264
1 7.28313 3.9834 -0.053267 -0.0941475
1 8.39673 3.9845 -0.0656831 -0.0876357
1 9.51106 3.98431 -0.0705946 -0.0688997
1 10.6275 3.98483 -0.0739252 -0.0568394
1 11.7454 3.98792 -0.0828344 -0.0542197
1 12.8656 3.99283 -0.0959662 -0.041119
1 13.9874 3.99596 -0.100597 -0.0213478
1 15.1095 3.99507 -0.0919173 -0.0132352
1 16.2302 3.99219 -0.072282 -0.00628847
1 17.3494 3.9891 -0.0580873 -0.00243284
1 18.4686 3.98644 -0.0487962 -0.0017164
1 19.5898 3.98418 -0.0403549 0.000169891
1 20.7134 3.98262 -0.0287645 0.000959686
1 21.8381 3.98196 -0.00727156 0.000805186
1 22.9633 3.98228 0.0165288 -0.00193012
1 24.088 3.98351 0.0329818 0.000574799
1 25.2104 3.98538 0.04433 0.00072703
1 26.3307 3.98791 0.0488647 -0.00254309
1 27.4493 3.99067 0.0589088 -0.00177723
1 28.5685 3.99377 0.0855908 -0.00751048
1 29.6902 3.99628 0.10413 -0.0187463
1 30.8132 3.99558 0.103813 -0.0339443
1 31.9351 3.99101 0.096604 -0.0538465
1 33.0541 3.98631 0.0789891 -0.0587233
1 34.1708 3.98418 0.0706605 -0.0625331
1 35.2859 3.98357 0.0628403 -0.0762336
1 36.3993 3.9833 0.0522557 -0.0851524
1 37.5125 3.9836 0.054182 -0.0881267
1 38.6257 3.98478 0.0626546 -0.0875011
1 39.7397 3.9867 0.0702058 -0.0830863
1 40.854 3.98875 0.0678744 -0.0714131
1 41.9669 3.99334 0.0683209 -0.0674105
1 43.0797 3.9969 0.0560805 -0.0687091
1 44.1984 3.99861 0.069027 -0.0793208
1 0.0465949 4.96251 -0.0734625 -0.0778927
1 1.16541 4.95976 -0.063624 -0.065172
1 2.27722 4.95528 -0.0674371 -0.0689433
1 3.38884 4.95145 -0.0761384 -0.0741247
1 4.50239 4.94828 -0.0803219 -0.0780225
1 5.61605 4.94704 -0.0733706 -0.0934961
1 6.72835 4.94701 -0.0579975 -0.0971619
1 7.84069 4.94763 -0.060529 -0.0873243
1 8.95477 4.94747 -0.0710403 -0.0683922
1 10.0699 4.9465 -0.0743435 -0.0532588
1 11.186 4.946 -0.0861745 -0.0447003
1 12.3048 4.94845 -0.0984921 -0.047522
1 13.427 4.95256 -0.104019 -0.0359291
1 14.55 4.95408 -0.104984 -0.024558
1 15.6724 4.95352 -0.0850295 -0.0206905
1 16.792 4.9519 -0.0570508 -0.0156306
1 17.91 4.94998 -0.0444464 -0.0112694
1 19.0295 4.94854 -0.0382977 -0.00525298
1 20.1514 4.94686 -0.0286147 -0.00446755
1 21.2754 4.94592 -0.0142705 -0.00423308
1 22.4004 4.94619 0.00573087 -0.0043318
1 23.5255 4.94654 0.0260596 -0.00628624
1 24.6492 4.94779 0.034712 -0.00498865
1 25.7702 4.94938 0.0350894 -0.00925639
1 26.8891 4.95102 0.0483882 -0.0141218
1 28.0074 4.95274 0.0659712 -0.0155977
1 29.1278 4.95412 0.0937927 -0.0232579
1 30.2507 4.95421 0.114694 -0.0323813
1 31.3736 4.95127 0.107958 -0.0434338
1 32.4942 4.94749 0.0864956 -0.0463567
1 33.6114 4.94657 0.075594 -0.0494262
1 34.7273 4.94655 0.0781486 -0.0651425
1 35.8423 4.94671 0.0752775 -0.0747494
1 36.9558 4.94694 0.0627697 -0.0889006
1 38.0685 4.94699 0.0597433 -0.0901195
1 39.1811 4.94848 0.0618803 -0.0844438
1 40.2946 4.95054 0.0665686 -0.0810704
1 41.4076 4.95392 0.0732245 -0.0717116
1 42.5211 4.95771 0.0696122 -0.0669921
1 43.6363 4.96295 0.0645836 -0.0807406
1 0.609727 5.92651 -0.077889 -0.0763517
1 1.72499 5.92142 -0.0791522 -0.0749992
1 2.83716 5.91763 -0.080233 -0.0723833
1 3.95007 5.91365 -0.0746045 -0.0774499
1 5.06217 5.91117 -0.0635779 -0.0933915
1 6.1733 5.91129 -0.0594923 -0.0995086
1 7.28519 5.91184 -0.0699339 -0.0911253
1 8.3988 5.91108 -0.0846959 -0.0731008
1 9.5141 5.90945 -0.0832604 -0.0544009
1 10.6306 5.90766 -0.082528 -0.0366407
1 11.7479 5.90661 -0.0939385 -0.0396342
1 12.8669 5.90896 -0.102929 -0.0449049
1 13.9885 5.91217 -0.111504 -0.0406249
1 15.111 5.9136 -0.0979764 -0.0348337
1 16.232 5.91399 -0.0660027 -0.0276644
1 17.3505 5.9138 -0.0439431 -0.0228707
1 18.4689 5.91289 -0.0331135 -0.0135806
1 19.5893 5.91168 -0.0290534 -0.00408509
1 20.7128 5.91079 -0.0222855 -0.00615561
1 21.8381 5.91079 -0.00807797 -0.00521493
1 22.9636 5.91085 0.0088512 -0.00392535
1 24.0884 5.9114 0.0262879 -0.00704034
1 25.2109 5.91242 0.0342414 -0.0106702
1 26.3304 5.91335 0.0381475 -0.0180845
1 27.4482 5.91397 0.0528891 -0.0253641
1 28.5671 5.91403 0.0804132 -0.0319507
1 29.6886 5.91354 0.104134 -0.0359424
1 30.8114 5.91141 0.107965 -0.0421715
1 31.9328 5.90793 0.102864 -0.0460622
1 33.0506 5.90745 0.0897098 -0.0370176
1 34.1667 5.90944 0.0817873 -0.0494598
1 35.2823 5.90982 0.0824679 -0.0701845
1 36.3961 5.91056 0.0768301 -0.0807808
1 37.5087 5.91072 0.0762848 -0.0917244
1 38.6211 5.91137 0.0879155 -0.0912358
1 39.7342 5.9129 0.0976927 -0.0844914
1 40.8477 5.91633 0.093964 -0.0771797
1 41.9601 5.91973 0.0916583 -0.0815346
1 43.0716 5.9248 0.0890411 -0.079409
1 44.1906 5.93274 0.0947742 -0.0926332
1 0.0552022 6.89672 -0.10249 -0.0855668
1 1.17417 6.88792 -0.0951454 -0.0799332
1 2.28573 6.88376 -0.0982144 -0.0776714
1 3.39748 6.87907 -0.0979787 -0.0735414
1 4.50971 6.87635 -0.0899332 -0.0877261
1 5.62078 6.87559 -0.0840793 -0.0979962
1 6.73219 6.87544 -0.0792567 -0.0922528
1 7.84526 6.8744 -0.0904061 -0.0740201
1 8.9604 6.87244 -0.101729 -0.0578023
1 10.0768 6.87013 -0.0952746 -0.0392244
1 11.1929 6.86739 -0.0929908 -0.0304824
1 12.3093 6.86719 -0.0956218 -0.042824
1 13.4282 6.86982 -0.0999141 -0.0484054
1 14.5492 6.87265 -0.105712 -0.045466
1 15.6707 6.87446 -0.0885943 -0.0427355
1 16.7898 6.87576 -0.0583748 -0.0387804
1 17.9075 6.87632 -0.0388495 -0.028523
1 19.027 6.87606 -0.0354249 -0.0167422
1 20.1492 6.87522 -0.0315334 -0.0138491
1 21.2744 6.87497 -0.0124283 -0.0111529
1 22.4012 6.87515 0.00758169 -0.00843031
1 23.5272 6.87516 0.0238926 -0.0128831
1 24.6514 6.87584 0.03391 -0.0176134
1 25.7725 6.87635 0.0332229 -0.0221014
1 26.8912 6.87613 0.0446609 -0.0329082
1 28.0095 6.8754 0.0662381 -0.0410547
1 29.1297 6.87394 0.0960718 -0.0435907
1 30.2506 6.87184 0.114385 -0.0471025
1 31.3705 6.86907 0.106849 -0.0494184
1 32.4882 6.86761 0.0915803 -0.0374976
1 33.6045 6.86949 0.0868982 -0.0315374
1 34.7213 6.87171 0.0967093 -0.0507247
1 35.837 6.87358 0.095243 -0.0686855
1 36.9504 6.87461 0.0730073 -0.0892088
1 38.0615 6.87458 0.0659405 -0.0932083
1 39.1723 6.87573 0.0772429 -0.08791
1 40.2837 6.87825 0.0850416 -0.0778636
1 41.3959 6.88226 0.0969586 -0.0762113
1 42.5068 6.88695 0.0949368 -0.079372
1 43.6205 6.89345 0.0970524 -0.0797392
1 0.6261 7.85631 -0.0871256 -0.0780435
1 1.73879 7.85001 -0.092607 -0.0768263
1 2.8494 7.84599 -0.0921145 -0.075049
1 3.95976 7.84249 -0.0839994 -0.0875975
1 5.06972 7.84121 -0.0767426 -0.0913793
1 6.17976 7.8399 -0.0774692 -0.0871741
1 7.29218 7.83828 -0.0979762 -0.0759944
1 8.40708 7.83556 -0.116542 -0.0604084
1 9.52378 7.83272 -0.114028 -0.0449687
1 10.6407 7.83024 -0.0972645 -0.0360522
1 11.7557 7.8288 -0.0949528 -0.0386467
1 12.8711 7.82985 -0.101571 -0.0476788
1 13.9885 7.83249 -0.114537 -0.0516986
1 15.1085 7.83473 -0.105641 -0.048207
1 16.2289 7.83684 -0.080362 -0.0452036
1 17.3472 7.83891 -0.0574219 -0.0402776
1 18.4657 7.83974 -0.0399797 -0.0292539
1 19.5868 7.83992 -0.0416574 -0.022932
1 20.7113 7.83993 -0.0353164 -0.0208756
1 21.8378 7.83969 -0.0079119 -0.0160042
1 22.9647 7.83962 0.0152277 -0.0154878
1 24.0905 7.84016 0.0359253 -0.0213802
1 25.2137 7.84024 0.0452226 -0.025108
1 26.3337 7.83943 0.0481607 -0.0351576
1 27.4516 7.83808 0.0662206 -0.0454996
1 28.5704 7.83614 0.0979792 -0.0464189
1 29.6905 7.83413 0.111373 -0.0468992
1 30.8095 7.83187 0.0973922 -0.0502851
1 31.9265 7.82979 0.0946659 -0.0469856
1 33.0412 7.83007 0.0987336 -0.0375381
1 34.1561 7.8323 0.106652 -0.0417568
1 35.273 7.83457 0.120794 -0.0520838
1 36.3892 7.8372 0.111997 -0.0696698
1 37.5028 7.8391 0.0871981 -0.0854493
1 38.6131 7.84026 0.0831468 -0.0940201
1 39.723 7.84162 0.094445 -0.0860347
1 40.8337 7.84477 0.100429 -0.0767853
1 41.944 7.84943 0.102227 -0.0777566
1 43.0544 7.85391 0.104066 -0.0784513
1 44.1734 7.86278 0.118182 -0.0680114
1 0.0716498 8.8232 -0.108129 -0.0645291
1 1.19101 8.81756 -0.0964333 -0.0782256
1 2.30061 8.81339 -0.092187 -0.085618
1 3.40977 8.81055 -0.0883911 -0.0899218
1 4.51935 8.80871 -0.0941237 -0.0957981
1 5.62942 8.80644 -0.0968066 -0.0887864
1 6.74153 8.8029 -0.107537 -0.0772578
1 7.85706 8.79915 -0.126221 -0.0672403
1 8.97375 8.7961 -0.128527 -0.0595176
1 10.0901 8.79399 -0.107657 -0.0525379
1 11.2039 8.79278 -0.0948209 -0.0518923
1 12.3171 8.79298 -0.0914641 -0.0564422
1 13.4321 8.7945 -0.0936847 -0.0520658
1 14.5494 8.7965 -0.110084 -0.0498665
1 15.6689 8.79842 -0.102479 -0.0539687
1 16.7876 8.80072 -0.0760468 -0.0532489
1 17.9052 8.80283 -0.0537517 -0.0450231
1 19.0248 8.80432 -0.0503717 -0.038075
1 20.1482 8.80504 -0.0465377 -0.0326622
1 21.2741 8.80525 -0.0176324 -0.0283882
1 22.401 8.80524 0.0116428 -0.0301055
1 23.528 8.80529 0.0353028 -0.0310369
1 24.6531 8.805 0.049784 -0.0321909
1 25.7749 8.80388 0.0473658 -0.0405917
1 26.8938 8.80196 0.0597587 -0.0506461
1 28.0118 8.79963 0.081849 -0.0526163
1 29.1312 8.79772 0.102485 -0.0491558
1 30.2494 8.79622 0.106616 -0.0518925
1 31.3646 8.79482 0.0971986 -0.0563035
1 32.4779 8.79401 0.0926719 -0.0542823
1 33.5915 8.79412 0.0951027 -0.0547026
1 34.7074 8.79526 0.115225 -0.057411
1 35.8244 8.79802 0.133855 -0.0644515
1 36.9405 8.80122 0.114443 -0.0738224
1 38.0538 8.80496 0.0884768 -0.0815239
1 39.1636 8.80791 0.0792205 -0.0960355
1 40.2726 8.80978 0.0772909 -0.0968006
1 41.3821 8.81262 0.0832266 -0.0826693
1 42.4916 8.81616 0.0844724 -0.0852313
1 43.6035 8.82109 0.0768486 -0.0767867
1 0.638702 9.78309 -0.0696215 -0.0760281
1 1.75117 9.78071 -0.0765912 -0.0872158
1 2.85993 9.77841 -0.0780433 -0.0947584
1 3.96933 9.77688 -0.0788651 -0.092526
1 5.08013 9.77391 -0.0879554 -0.0811199
1 6.19189 9.76867 -0.0980329 -0.0675978
1 7.30629 9.76323 -0.113409 -0.0693736
1 8.42226 9.75957 -0.121092 -0.0683065
1 9.53821 9.75742 -0.104158 -0.0654714
1 10.6533 9.75707 -0.0842592 -0.0624089
1 11.7659 9.75787 -0.0815311 -0.0619331
1 12.8783 9.7592 -0.0839414 -0.0591155
1 13.9916 9.76005 -0.0951263 -0.0505862
1 15.1084 9.761 -0.0924025 -0.0490432
1 16.2274 9.7629 -0.0761922 -0.0564517
1 17.3451 9.76541 -0.0635644 -0.0586406
1 18.4635 9.76767 -0.0520921 -0.0516035
1 19.5854 9.76965 -0.0529883 -0.0472079
1 20.7107 9.77095 -0.0409055 -0.043782
1 21.8376 9.77128 -0.0105129 -0.0404384
1 22.9652 9.77119 0.0177735 -0.0440093
1 24.0919 9.77064 0.0459958 -0.045883
1 25.2155 9.76896 0.0520913 -0.0487902
1 26.336 9.76671 0.0538436 -0.0569067
1 27.4535 9.7642 0.0725228 -0.0581861
1 28.5713 9.76205 0.0945871 -0.0507493
1 29.6892 9.76104 0.0979214 -0.0456682
1 30.8044 9.76063 0.0823132 -0.0533264
1 31.918 9.75959 0.0801932 -0.0618044
1 33.0305 9.75838 0.0845654 -0.0658005
1 34.1434 9.758 0.0923038 -0.067378
1 35.2585 9.7589 0.112659 -0.0671925
1 36.3742 9.76159 0.116703 -0.0683541
1 37.4897 9.76624 0.109818 -0.06854
1 38.6031 9.772 0.101805 -0.0755694
1 39.7142 9.77581 0.0901076 -0.0870374
1 40.8244 9.77799 0.0782013 -0.0943224
1 41.9329 9.78017 0.0762471 -0.0936028
1 43.042 9.78271 0.072704 -0.0766882
1 44.1614 9.78496 0.0817039 -0.0650494
1 0.0796915 10.7474 -0.0674126 -0.0663654
1 1.19804 10.746 -0.0584862 -0.0791417
1 2.30713 10.7456 -0.0659436 -0.0866602
1 3.41645 10.744 -0.0835449 -0.0822377
1 4.52855 10.7405 -0.0943866 -0.0641652
1 5.64166 10.7349 -0.0936462 -0.0537198
1 6.75535 10.7283 -0.0886751 -0.0577134
1 7.86981 10.7233 -0.0934793 -0.0616831
1 8.98436 10.7209 -0.0908232 -0.0678263
1 10.0986 10.7208 -0.0747202 -0.0644375
1 11.2111 10.7217 -0.0702267 -0.0622295
1 12.3234 10.7239 -0.0664135 -0.0610537
1 13.4368 10.7256 -0.0669038 -0.0461888
1 14.551 10.7255 -0.0866176 -0.0357823
1 15.6675 10.7259 -0.0834692 -0.036445
1 16.7849 10.7275 -0.0615517 -0.0438241
1 17.9021 10.73 -0.0488825 -0.0489974
1 19.0217 10.7329 -0.053844 -0.0461895
1 20.146 10.7352 -0.0484125 -0.0397868
1 21.2734 10.7362 -0.0186113 -0.0365159
1 22.4016 10.7366 0.0101459 -0.0396453
1 23.5298 10.7361 0.0423029 -0.0408231
1 24.6561 10.7341 0.0536247 -0.041753
1 25.7782 10.7316 0.043057 -0.0492677
1 26.8966 10.729 0.0546124 -0.047276
1 28.0138 10.7266 0.0661673 -0.0395
1 29.1314 10.7258 0.0751985 -0.033907
1 30.2468 10.7262 0.0798347 -0.0364853
1 31.3595 10.726 0.0706232 -0.0525303
1 32.4714 10.7241 0.066339 -0.0642792
1 33.5838 10.7221 0.06681 -0.0644951
1 34.698 10.7214 0.0812206 -0.0661377
1 35.813 10.7226 0.0958365 -0.0660181
1 36.9272 10.726 0.0851897 -0.0610319
1 38.0407 10.7319 0.0801107 -0.0524067
1 39.1535 10.7386 0.0802825 -0.0564754
1 40.2657 10.7431 0.0758446 -0.0750651
1 41.3763 10.7455 0.0654906 -0.0824735
1 42.4855 10.7467 0.0548526 -0.0794768
1 43.5979 10.7469 0.0508802 -0.0756129
1 0.642014 11.7117 -0.0413523 -0.0779158
1 1.75379 11.712 -0.0529458 -0.084621
1 2.86386 11.7108 -0.0621631 -0.0764194
1 3.97602 11.7075 -0.0696963 -0.0719501
1 5.08893 11.7019 -0.0667992 -0.0609712
1 6.20139 11.6948 -0.0573415 -0.063983
1 7.31407 11.6894 -0.0598251 -0.07472
1 8.42732 11.6858 -0.0732563 -0.082186
1 9.54128 11.685 -0.0641148 -0.083503
1 10.6555 11.6859 -0.0539117 -0.0777333
1 11.768 11.6883 -0.0586543 -0.0765054
1 12.8803 11.6912 -0.0635797 -0.0671569
1 13.9933 11.6919 -0.0662591 -0.0489494
1 15.1083 11.691 -0.0629339 -0.0364664
1 16.2249 11.6906 -0.0554279 -0.0375531
1 17.3411 11.6921 -0.04349 -0.0500369
1 18.4588 11.6948 -0.040963 -0.0522822
1 19.5811 11.6977 -0.0554584 -0.0481052
1 20.7079 11.6998 -0.0422005 -0.0485398
1 21.8371 11.701 -0.0121651 -0.047167
1 22.9668 11.7007 0.0178226 -0.0471062
1 24.0953 11.699 0.0511547 -0.0498298
1 25.2204 11.6965 0.0489103 -0.0533823
1 26.3406 11.6937 0.0399927 -0.0517758
1 27.457 11.6913 0.052604 -0.0428391
1 28.5731 11.6909 0.0695416 -0.0367967
1 29.6887 11.6918 0.0751466 -0.0381829
1 30.8025 11.6925 0.059061 -0.0543584
1 31.9163 11.6909 0.0519638 -0.0742265
1 33.0288 11.688 0.0546738 -0.077464
1 34.1413 11.6863 0.0601429 -0.0810411
1 35.2551 11.6858 0.0711547 -0.0856614
1 36.3685 11.6878 0.0665944 -0.0764555
1 37.4815 11.6926 0.0611195 -0.0684675
1 38.5942 11.6989 0.0750822 -0.0588082
1 39.7074 11.7055 0.0842414 -0.0652009
1 40.8212 11.7098 0.0759921 -0.0742852
1 41.9324 11.712 0.0599491 -0.0813255
1 43.0423 11.7122 0.0494897 -0.0818492
1 44.1606 11.7108 0.0530995 -0.0686412
1 0.078328 12.6761 -0.0506669 -0.0715172
1 1.19668 12.6788 -0.0474679 -0.08009
1 2.30697 12.6779 -0.0616213 -0.0858534
1 3.41856 12.6746 -0.0705635 -0.0807107
1 4.53257 12.6699 -0.0713331 -0.0771959
1 5.64579 12.6636 -0.0614702 -0.0786562
1 6.75787 12.6579 -0.0521945 -0.0903544
1 7.87053 12.6533 -0.0549213 -0.0941393
1 8.98338 12.6512 -0.0602323 -0.103831
1 10.097 12.6518 -0.0509588 -0.101042
1 11.2097 12.6534 -0.0440977 -0.09698
1 12.3224 12.6566 -0.0460579 -0.0918779
1 13.4366 12.6591 -0.0552616 -0.077049
1 14.5507 12.6587 -0.0660522 -0.0602609
1 15.6659 12.6573 -0.0586423 -0.050247
1 16.7815 12.6567 -0.0403705 -0.0547478
1 17.8972 12.6579 -0.0303837 -0.0670525
1 19.0168 12.6603 -0.0454458 -0.0716699
1 20.1421 12.6631 -0.0493011 -0.0716237
1 21.2717 12.665 -0.0196741 -0.0719157
1 22.4028 12.6656 0.00954777 -0.0709087
1 23.533 12.6645 0.041588 -0.0716504
1 24.6609 12.6619 0.0479251 -0.071868
1 25.7834 12.6593 0.032769 -0.0704242
1 26.9004 12.6574 0.037217 -0.0618431
1 28.0157 12.6571 0.0416043 -0.0520194
1 29.1317 12.6584 0.0559193 -0.0539865
1 30.2467 12.6594 0.0655662 -0.0667742
1 31.3608 12.6587 0.0564416 -0.0852389
1 32.4737 12.6557 0.0517279 -0.0939862
1 33.5861 12.653 0.0488433 -0.0959313
1 34.7005 12.652 0.0554369 -0.102126
1 35.8145 12.6528 0.0567788 -0.0981588
1 36.9268 12.6563 0.0401303 -0.0908589
1 38.038 12.6611 0.0343331 -0.0865134
1 39.1493 12.6673 0.048916 -0.0764563
1 40.2628 12.6725 0.0561084 -0.0804444
1 41.3759 12.6765 0.0581478 -0.0797934
1 42.4868 12.6786 0.0499227 -0.082709
1 43.5997 12.6779 0.0308065 -0.0744754
1 0.637537 13.6448 -0.0256222 -0.0725571
1 1.75179 13.645 -0.0399342 -0.0727015
1 2.8635 13.6425 -0.0524619 -0.0764337
1 3.97613 13.6383 -0.0508831 -0.0809156
1 5.08923 13.6334 -0.0404938 -0.0840955
1 6.20043 13.6281 -0.0257237 -0.0873225
1 7.31164 13.6236 -0.0300127 -0.0935617
1 8.4233 13.62 -0.04577 -0.095437
1 9.53682 13.6187 -0.0488707 -0.0968155
1 10.6516 13.6199 -0.043031 -0.094675
1 11.7646 13.6225 -0.044252 -0.0916606
1 12.8779 13.6256 -0.0526597 -0.0808191
1 13.9923 13.6272 -0.061041 -0.0668531
1 15.1079 13.6265 -0.050514 -0.0531175
1 16.2238 13.6247 -0.0380809 -0.0454994
1 17.3383 13.6242 -0.0266009 -0.0513897
1 18.4549 13.625 -0.0266539 -0.062335
1 19.5774 13.6268 -0.0476492 -0.0668867
1 20.7053 13.6293 -0.0366563 -0.0703015
1 21.8367 13.6308 -0.0068869 -0.0716096
1 22.9689 13.6302 0.0176921 -0.0684037
1 24.099 13.6283 0.044494 -0.0694608
1 25.2246 13.6263 0.0390284 -0.0658935
1 26.3436 13.6248 0.0205708 -0.0553715
1 27.4588 13.6245 0.0273534 -0.0468121
1 28.5741 13.626 0.0536715 -0.0488051
1 29.6893 13.6274 0.0698423 -0.0618081
1 30.8044 13.627 0.0527522 -0.0774047
1 31.9194 13.6244 0.0429474 -0.0861592
1 33.0324 13.6215 0.0382393 -0.0898467
1 34.1453 13.6197 0.0401721 -0.0949534
1 35.2592 13.6196 0.0525192 -0.0947994
1 36.3718 13.6222 0.0497312 -0.0921649
1 37.484 13.6265 0.0411661 -0.0901162
1 38.5957 13.6313 0.0480784 -0.0826597
1 39.7084 13.6363 0.0591205 -0.0812483
1 40.8217 13.6408 0.0616453 -0.0787122
1 41.9333 13.6441 0.0539856 -0.0753654
1 43.0444 13.6452 0.0427533 -0.0682022
1 44.1627 13.6436 0.0572084 -0.0726789
1 0.077015 14.6128 -0.0567148 -0.0718204
1 1.19449 14.6119 -0.0340308 -0.0630331
1 2.30565 14.61 -0.0385841 -0.061979
1 3.41744 14.6069 -0.0488727 -0.0703216
1 4.53024 14.6023 -0.0508831 -0.0741489
1 5.64231 14.598 -0.0395252 -0.0767965
1 6.75359 14.5932 -0.0326633 -0.0760725
1 7.86593 14.5893 -0.0400804 -0.07739
1 8.97843 14.5862 -0.047522 -0.0790085
1 10.0919 14.5855 -0.0399189 -0.0774346
1 11.2052 14.5872 -0.034291 -0.0712698
1 12.3188 14.5899 -0.0363086 -0.0663062
1 13.4342 14.5925 -0.052117 -0.0552646
1 14.5497 14.5931 -0.0677514 -0.0401011
1 15.6658 14.592 -0.050269 -0.0299134
1 16.7812 14.5904 -0.0251127 -0.0227029
1 17.896 14.5897 -0.0162248 -0.0256299
1 19.0149 14.5901 -0.0312022 -0.0393149
1 20.1399 14.5915 -0.0411193 -0.0464328
1 21.2701 14.5929 -0.0171801 -0.0455409
1 22.4036 14.5933 0.0104212 -0.0464438
1 23.5354 14.5924 0.0368042 -0.0487777
1 24.6631 14.5909 0.0379577 -0.0413024
1 25.7852 14.5899 0.0181959 -0.0290049
1 26.9015 14.5903 0.0173904 -0.0232682
1 28.0161 14.5917 0.0337459 -0.0254181
1 29.1322 14.5932 0.0548205 -0.0356502
1 30.2488 14.5934 0.0582125 -0.0510836
1 31.364 14.5917 0.0494401 -0.0634549
1 32.4774 14.5889 0.0408854 -0.0670554
1 33.5907 14.5866 0.0346067 -0.073419
1 34.7054 14.586 0.0458032 -0.0776376
1 35.8189 14.5882 0.045006 -0.07633
1 36.9308 14.5916 0.0251615 -0.0774188
1 38.0421 14.5958 0.0218967 -0.0747412
1 39.153 14.6004 0.0369933 -0.0767232
1 40.2656 14.605 0.0395391 -0.0716603
1 41.3781 14.6086 0.0383242 -0.0658701
1 42.49 14.611 0.0311173 -0.0623044
1 43.6041 14.6119 0.0283502 -0.0713869
1 0.636514 15.5801 -0.0246094 -0.0713964
1 1.74946 15.577 -0.0256932 -0.0624397
1 2.86051 15.5734 -0.0272615 -0.0610255
1 3.97276 15.5701 -0.026809 -0.0650797
1 5.08481 15.5657 -0.0261047 -0.071688
1 6.19572 15.5611 -0.020608 -0.0687654
1 7.30674 15.5566 -0.0250827 -0.0696189
1 8.41916 15.5531 -0.0407316 -0.0671713
1 9.53275 15.5506 -0.0394089 -0.0671781
1 10.6471 15.5503 -0.0350734 -0.0631028
1 11.7605 15.552 -0.034875 -0.0562528
1 12.8746 15.5545 -0.0408462 -0.0486236
1 13.9903 15.556 -0.0580363 -0.0411319
1 15.107 15.5559 -0.0549481 -0.0329789
1 16.2239 15.5548 -0.0352479 -0.023572
1 17.3386 15.5533 -0.0189031 -0.0174713
1 18.4546 15.5523 -0.0146484 -0.0243209
1 19.5766 15.5525 -0.0360818 -0.0360677
1 20.7045 15.5532 -0.0366205 -0.0445351
1 21.8365 15.5534 -0.00860762 -0.0473666
1 22.9699 15.5532 0.0191938 -0.0439782
1 24.1004 15.5528 0.0383115 -0.039994
1 25.2251 15.5525 0.0266163 -0.0309531
1 26.3433 15.553 0.00968403 -0.0186978
1 27.4584 15.5545 0.0232186 -0.0168508
1 28.5742 15.5557 0.053489 -0.0275181
1 29.6911 15.5564 0.0700496 -0.0383053
1 30.8075 15.556 0.0516972 -0.044841
1 31.923 15.5537 0.0350957 -0.052249
1 33.0369 15.5512 0.0276948 -0.0626679
1 34.1502 15.5506 0.0332877 -0.0660534
1 35.2636 15.5519 0.043142 -0.0620151
1 36.3767 15.5552 0.035725 -0.0655867
1 37.4888 15.5592 0.0277391 -0.0679656
1 38.5999 15.5638 0.0381938 -0.0712796
1 39.7119 15.568 0.0402899 -0.0661374
1 40.8251 15.5721 0.0398081 -0.0624794
1 41.9364 15.5753 0.0335044 -0.061059
1 43.0465 15.5783 0.0336378 -0.0682986
1 44.1633 15.5809 0.0518719 -0.0661702
1 0.0765617 16.5481 -0.0334829 -0.0554173
1 1.19393 16.5451 -0.0234727 -0.0645655
1 2.3034 16.5411 -0.0302928 -0.0620988
1 3.41362 16.5369 -0.034885 -0.0588879
1 4.52624 16.5332 -0.0334787 -0.0587428
1 5.63858 16.5291 -0.0291574 -0.0648222
1 6.74979 16.5248 -0.0242909 -0.0691087
1 7.86164 16.5204 -0.0390157 -0.0699698
1 8.97468 16.5169 -0.043012 -0.0702931
1 10.0882 16.5152 -0.0295824 -0.0721898
1 11.2015 16.5154 -0.0289939 -0.0687953
1 12.3155 16.5172 -0.0313465 -0.0631619
1 13.4314 16.5191 -0.0427521 -0.0553497
1 14.5479 16.5199 -0.066548 -0.0542811
1 15.6651 16.5198 -0.0574217 -0.0553736
1 16.7815 16.5191 -0.0306524 -0.0471093
1 17.8968 16.518 -0.0190706 -0.0442438
1 19.0151 16.5173 -0.029687 -0.0545924
1 20.1396 16.5167 -0.0369833 -0.067474
1 21.2702 16.5163 -0.015578 -0.0737635
1 22.4038 16.5162 0.00944259 -0.0766311
1 23.5357 16.5164 0.0355113 -0.0723281
1 24.6632 16.517 0.0368463 -0.05911
1 25.7849 16.5177 0.0155222 -0.0471139
1 26.9012 16.5188 0.0185162 -0.0449473
1 28.0162 16.5197 0.0396541 -0.0514597
1 29.1333 16.5202 0.0565602 -0.054424
1 30.251 16.5201 0.055676 -0.0538287
1 31.3669 16.5186 0.0426751 -0.0600111
1 32.4811 16.5166 0.0339326 -0.0693101
1 33.5944 16.5156 0.0292091 -0.0691548
1 34.7088 16.5162 0.0392921 -0.0693553
1 35.8227 16.5188 0.0412034 -0.0688999
1 36.9352 16.5228 0.0225984 -0.0699039
1 38.046 16.5272 0.0145823 -0.0665912
1 39.1571 16.5313 0.0168423 -0.0630446
1 40.2693 16.5352 0.0202331 -0.0605303
1 41.3809 16.539 0.0270202 -0.0590325
1 42.4907 16.5433 0.0247978 -0.0631141
1 43.6029 16.5467 0.0190279 -0.0643842
1 0.638316 17.5126 -0.00174531 -0.0526241
1 1.75052 17.5097 -0.0161056 -0.0591448
1 2.85986 17.5054 -0.0282667 -0.0617942
1 3.9704 17.5009 -0.0248271 -0.0690449
1 5.08189 17.4969 -0.0170444 -0.0686677
1 6.19294 17.4931 -0.00869375 -0.0739458
1 7.3042 17.4892 -0.0191263 -0.0778454
1 8.4163 17.4851 -0.0425062 -0.0852752
1 9.52989 17.4823 -0.0393991 -0.0900809
1 10.6443 17.4812 -0.0291227 -0.0892922
1 11.7581 17.4821 -0.0351086 -0.0885686
1 12.8725 17.4842 -0.0420615 -0.0826336
1 13.9882 17.4857 -0.0549837 -0.0787122
1 15.1056 17.4865 -0.0599933 -0.0810868
1 16.2232 17.4871 -0.0486582 -0.0852325
1 17.3387 17.4869 -0.0281735 -0.0825803
1 18.455 17.4863 -0.0189763 -0.0808161
1 19.5767 17.4853 -0.0351146 -0.0886129
1 20.7044 17.4838 -0.0333542 -0.103622
1 21.8362 17.4827 -0.0069726 -0.112578
1 22.9697 17.4831 0.016521 -0.106877
1 24.1003 17.4845 0.0328615 -0.0953273
1 25.225 17.486 0.02768 -0.0849613
1 26.3436 17.4868 0.023694 -0.0797568
1 27.4591 17.4872 0.0386418 -0.0826233
1 28.5756 17.4871 0.0594442 -0.0839004
1 29.6929 17.4865 0.0690333 -0.0775795
1 30.8092 17.4855 0.0483607 -0.0789007
1 31.925 17.4836 0.0303889 -0.0875563
1 33.0393 17.4819 0.0244308 -0.0888621
1 34.1525 17.482 0.0319871 -0.0891985
1 35.2659 17.4838 0.0460137 -0.0909512
1 36.3792 17.487 0.0409988 -0.0845967
1 37.4917 17.4911 0.0262672 -0.0735772
1 38.6034 17.4948 0.0268129 -0.068009
1 39.7154 17.499 0.0364728 -0.0665872
1 40.8273 17.5034 0.0413515 -0.0667971
1 41.9369 17.5078 0.0297982 -0.063901
1 43.0465 17.5114 0.0161464 -0.054606
1 44.1651 17.5131 0.0231405 -0.0434645
1 0.0735704 18.4768 -0.0149728 -0.036982
1 1.19362 18.4764 -0.0125371 -0.041829
1 2.30407 18.4737 -0.0275051 -0.0538509
1 3.41409 18.4698 -0.0411039 -0.0633622
1 4.52541 18.4656 -0.0441544 -0.06959
1 5.63649 18.4614 -0.0336723 -0.0707177
1 6.74766 18.4576 -0.0273192 -0.0735823
1 7.86045 18.454 -0.0393739 -0.0810345
1 8.97375 18.451 -0.0522808 -0.0883194
1 10.0873 18.4491 -0.0360358 -0.0957102
1 11.2002 18.4487 -0.0278483 -0.0939734
1 12.3144 18.4502 -0.0337677 -0.088571
1 13.4305 18.4527 -0.04867 -0.0812211
1 14.5465 18.4547 -0.0722753 -0.0782347
1 15.6634 18.4557 -0.0675905 -0.0830858
1 16.7799 18.4566 -0.0456686 -0.0908398
1 17.8955 18.457 -0.0289885 -0.0938921
1 19.0144 18.4562 -0.0278438 -0.0913456
1 20.1399 18.454 -0.025873 -0.0951856
1 21.2708 18.4519 -0.0102201 -0.1079
1 22.4036 18.4514 0.00314721 -0.113886
1 23.5352 18.4528 0.0236346 -0.105459
1 24.6633 18.4553 0.0327105 -0.0920348
1 25.7858 18.4569 0.0218963 -0.090981
1 26.9026 18.4569 0.0334363 -0.0923793
1 28.0181 18.4563 0.0546404 -0.0854617
1 29.1353 18.4555 0.0660205 -0.0792166
1 30.2518 18.4542 0.0587631 -0.0805281
1 31.3677 18.4518 0.0450764 -0.0853981
1 32.4826 18.4499 0.0386179 -0.0892423
1 33.5959 18.4492 0.0351633 -0.0945292
1 34.71 18.4502 0.0444967 -0.0955321
1 35.8241 18.4527 0.0408427 -0.084524
1 36.9367 18.456 0.0172132 -0.0769925
1 38.0478 18.4594 0.00881114 -0.0727143
1 39.1579 18.4634 0.0213961 -0.0723322
1 40.2692 18.4678 0.0313924 -0.0674579
1 41.3798 18.472 0.0280017 -0.0582833
1 42.4899 18.4754 0.00590974 -0.0481198
1 43.6031 18.4772 -0.00779857 -0.04008
1 0.635763 19.4399 0.00167279 -0.0246035
1 1.74972 19.4392 -0.00521716 -0.0304009
1 2.86086 19.4372 -0.0266678 -0.0408751
1 3.97264 19.4343 -0.0347153 -0.050789
1 5.08386 19.4305 -0.0297945 -0.0614184
1 6.19329 19.4266 -0.0197705 -0.0656432
1 7.30377 19.4228 -0.0227632 -0.0698345
1 8.41609 19.4195 -0.040936 -0.0730094
1 9.53016 19.4174 -0.0470155 -0.0837011
1 10.6445 19.4168 -0.0396301 -0.085254
1 11.7576 19.4171 -0.044384 -0.0809346
1 12.8717 19.4192 -0.0506056 -0.0741504
1 13.9871 19.4224 -0.0650202 -0.0641069
1 15.1038 19.4246 -0.0705994 -0.0618967
1 16.2205 19.4259 -0.0570659 -0.0734091
1 17.3357 19.4265 -0.0323781 -0.086077
1 18.4533 19.4263 -0.0238606 -0.0862782
1 19.5773 19.4244 -0.032312 -0.0838474
1 20.7059 19.4219 -0.0200037 -0.0871548
1 21.8368 19.4207 -0.00122779 -0.0895995
1 22.9686 19.4213 0.0062372 -0.0874236
1 24.0989 19.4232 0.0222615 -0.0846166
1 25.2254 19.4255 0.0286469 -0.0861737
1 26.3462 19.4266 0.0277522 -0.086981
1 27.4623 19.4263 0.0431576 -0.0789923
1 28.5779 19.4255 0.0708663 -0.0659988
1 29.6943 19.424 0.081842 -0.0614439
1 30.8103 19.4212 0.0586152 -0.0704639
1 31.9257 19.4183 0.0414127 -0.0769772
1 33.0393 19.4172 0.0353659 -0.081324
1 34.1522 19.4174 0.038015 -0.0864776
1 35.2661 19.4185 0.0501078 -0.077677
1 36.3796 19.4214 0.0432121 -0.0697931
1 37.4917 19.4248 0.0322644 -0.0699919
1 38.6022 19.4287 0.0365482 -0.0660463
1 39.7131 19.4324 0.0440098 -0.056218
1 40.825 19.436 0.0389838 -0.0465099
1 41.9363 19.4384 0.0188331 -0.0358674
1 43.0479 19.4403 0.00624255 -0.0272574
1 44.1685 19.4402 0.0130952 -0.0268006
1 0.0700034 20.4016 -0.0212765 -0.0133435
1 1.19104 20.4021 -0.00770252 -0.0157928
1 2.30336 20.4014 -0.0164565 -0.0240567
1 3.4158 20.4 -0.0348539 -0.0364081
1 4.52903 20.3976 -0.0399716 -0.0481536
1 5.64026 20.3947 -0.0374376 -0.0583964
1 6.75021 20.3912 -0.0370659 -0.0647781
1 7.86164 20.3876 -0.0478984 -0.0662098
1 8.97425 20.3843 -0.0537021 -0.0675567
1 10.0876 20.383 -0.0419729 -0.0729991
1 11.2007 20.3836 -0.0396654 -0.0694444
1 12.3139 20.3851 -0.0480605 -0.0620745
1 13.4284 20.3879 -0.0705529 -0.0516063
1 14.5439 20.3911 -0.0904637 -0.0472738
1 15.6604 20.3935 -0.0704855 -0.0533131
1 16.7767 20.3941 -0.0395897 -0.0678088
1 17.8933 20.3933 -0.0243884 -0.0787918
1 19.0148 20.3917 -0.0287695 -0.0787867
1 20.1421 20.39 -0.0278947 -0.0713065
1 21.2722 20.3893 -0.0116351 -0.0664256
1 22.4028 20.3893 0.00229878 -0.0646072
1 23.533 20.3898 0.0249908 -0.0687116
1 24.6621 20.3909 0.0354196 -0.0744611
1 25.7871 20.3926 0.0213184 -0.080817
1 26.9056 20.3939 0.0275531 -0.0753085
1 28.0212 20.3942 0.0516723 -0.0585958
1 29.138 20.3927 0.072434 -0.04697
1 30.2545 20.3899 0.0763043 -0.0493884
1 31.3692 20.3867 0.0632454 -0.057447
1 32.4821 20.3846 0.0514227 -0.065256
1 33.5946 20.3837 0.0416888 -0.0713534
1 34.7091 20.3838 0.0506629 -0.0704211
1 35.8229 20.386 0.0516652 -0.0650981
1 36.9345 20.3896 0.0329816 -0.0671758
1 38.0445 20.3931 0.0250807 -0.0629182
1 39.1544 20.3964 0.0268347 -0.0545906
1 40.2664 20.399 0.0284086 -0.0403965
1 41.3795 20.4007 0.0196647 -0.0312084
1 42.4917 20.4021 0.00119777 -0.0205901
1 43.6066 20.4028 -0.00297858 -0.0146066
1 0.631734 21.3635 0.00192723 -0.00522308
1 1.74694 21.3631 -0.00451641 -0.012115
1 2.86001 21.3626 -0.0188572 -0.0177909
1 3.9738 21.3617 -0.0219462 -0.0273079
1 5.08694 21.3604 -0.0205053 -0.0365449
1 6.19797 21.3583 -0.0236907 -0.0476418
1 7.30824 21.3555 -0.0401521 -0.0512313
1 8.41956 21.3517 -0.0616134 -0.0525833
1 9.53179 21.349 -0.0589433 -0.0549432
1 10.6447 21.3487 -0.0499857 -0.0492479
1 11.757 21.3504 -0.0602211 -0.0404969
1 12.8696 21.353 -0.0700423 -0.0318603
1 13.9835 21.3559 -0.0814962 -0.0290513
1 15.1 21.3584 -0.0726535 -0.0326375
1 16.2182 21.3596 -0.0473533 -0.0420962
1 17.3351 21.359 -0.0197049 -0.0550098
1 18.4537 21.357 -0.0206048 -0.0603992
1 19.578 21.3556 -0.0428914 -0.0540137
1 20.7064 21.3557 -0.0334834 -0.0456093
1 21.8367 21.3565 -0.00523114 -0.0386693
1 22.9678 21.3562 0.0163522 -0.0417793
1 24.0979 21.3555 0.036878 -0.0488287
1 25.2248 21.3561 0.0343698 -0.0585085
1 26.3464 21.358 0.0189007 -0.0597409
1 27.4639 21.3595 0.0297855 -0.049051
1 28.5813 21.3595 0.0650443 -0.0366191
1 29.6986 21.3578 0.092605 -0.0288031
1 30.8135 21.3549 0.0783696 -0.0288157
1 31.9269 21.3519 0.0587111 -0.0364684
1 33.0395 21.3496 0.0476771 -0.0445877
1 34.1516 21.3491 0.0483064 -0.0504689
1 35.2636 21.3506 0.0639971 -0.0536526
1 36.3754 21.3537 0.0572097 -0.0527507
1 37.4868 21.3572 0.036576 -0.0515442
1 38.5974 21.3596 0.0328013 -0.0406767
1 39.7099 21.3614 0.0334699 -0.0305755
1 40.8242 21.3622 0.0304255 -0.0217569
1 41.9372 21.3631 0.0145025 -0.0122722
1 43.05 21.3636 0.0118373 -0.00740867
1 44.1716 21.3644 0.0292755 -0.00657858
1 0.0666047 22.3243 -0.0294474 0.00157154
1 1.1885 22.3237 -0.00426793 -0.000664662
1 2.30178 22.3235 -0.0106784 -0.00581198
1 3.41524 22.3231 -0.0240538 -0.00870131
1 4.52973 22.323 -0.0276348 -0.0152298
1 5.64337 22.3221 -0.026898 -0.0214709
1 6.75537 22.3209 -0.036398 -0.0282272
1 7.86743 22.3184 -0.0605525 -0.0330597
1 8.97861 22.3159 -0.0751878 -0.036319
1 10.0891 22.3142 -0.0643597 -0.0306365
1 11.1994 22.3146 -0.0607011 -0.0241795
1 12.3107 22.317 -0.062903 -0.0144724
1 13.4244 22.3195 -0.0781415 -0.00912943
1 14.5402 22.3213 -0.0884725 -0.0162468
1 15.6586 22.3224 -0.059018 -0.0240301
1 16.7771 22.3221 -0.0252613 -0.0279969
1 17.8947 22.3207 -0.0204516 -0.0318676
1 19.0152 22.3196 -0.0387196 -0.0340453
1 20.1407 22.3196 -0.0436417 -0.028359
1 21.2707 22.3204 -0.0200704 -0.0203955
1 22.4033 22.3207 0.00814206 -0.018779
1 23.5346 22.32 0.0398369 -0.025168
1 24.6624 22.3193 0.0463654 -0.0319908
1 25.7856 22.3199 0.0214377 -0.0336697
1 26.9042 22.3214 0.0174318 -0.0305061
1 28.0218 22.3226 0.0401968 -0.0271692
1 29.1409 22.3224 0.068844 -0.0201294
1 30.2585 22.3209 0.0820639 -0.0111311
1 31.3732 22.3186 0.0756239 -0.00919027
1 32.4851 22.3159 0.0701192 -0.0192952
1 33.5952 22.3143 0.0643702 -0.0268285
1 34.7061 22.3152 0.0718811 -0.0325468
1 35.8174 22.3173 0.0635529 -0.0343829
1 36.9288 22.3202 0.0336558 -0.0286024
1 38.0402 22.3219 0.0156681 -0.025716
1 39.1518 22.3228 0.0139039 -0.0177809
1 40.2656 22.3232 0.0178129 -0.0125612
1 41.3797 22.3236 0.0153693 -0.00456177
1 42.4928 22.3238 0.0035961 -0.00417609
1 43.6078 22.3242 0.00386216 0.00147747
1 0.63125 23.2841 0.00614278 -0.000342738
1 1.74649 23.2838 -0.00066118 -0.0017278
1 2.85988 23.2836 -0.0152458 -0.00277284
1 3.97396 23.2834 -0.0142527 -0.00752702
1 5.08847 23.2834 -0.0107411 -0.0076975
1 6.20099 23.283 -0.00970154 -0.0119822
1 7.31279 23.2824 -0.0312903 -0.0132041
1 8.42418 23.2815 -0.0653002 -0.013356
1 9.53493 23.2805 -0.0789881 -0.0123127
1 10.6445 23.28 -0.0772729 -0.0112906
1 11.7534 23.2807 -0.085091 -0.00925676
1 12.8652 23.2818 -0.0775912 -0.00366868
1 13.9804 23.2827 -0.0705856 -0.00465077
1 15.0991 23.2833 -0.0602747 -0.00992036
1 16.2193 23.2833 -0.0423179 -0.0110235
1 17.337 23.2828 -0.0202276 -0.0103981
1 18.4544 23.2824 -0.0206893 -0.0122372
1 19.5768 23.2824 -0.0484448 -0.0123203
1 20.7047 23.2826 -0.044454 -0.0110766
1 21.8363 23.2827 -0.0089337 -0.0073851
1 22.9691 23.2827 0.0241678 -0.00849266
1 24.0996 23.2824 0.0454883 -0.0118325
1 25.225 23.2822 0.0357418 -0.0141291
1 26.3447 23.2825 0.0186665 -0.0127991
1 27.462 23.2833 0.0279732 -0.010898
1 28.581 23.2836 0.0570434 -0.0115494
1 29.7006 23.2833 0.0818509 -0.00823986
1 30.8175 23.2826 0.0765601 -0.00169827
1 31.9315 23.2816 0.0738283 -0.0029906
1 33.0417 23.2806 0.0736335 -0.00832107
1 34.1497 23.2804 0.0724951 -0.0120096
1 35.259 23.2812 0.079036 -0.0143068
1 36.3705 23.2822 0.060244 -0.0126793
1 37.4835 23.2831 0.0370196 -0.0112171
1 38.5962 23.2834 0.0244852 -0.00806495
1 39.7102 23.2838 0.0238523 -0.0085018
1 40.8248 23.2838 0.0209684 -0.00618232
1 41.9383 23.284 0.0126145 -0.00244222
1 43.0515 23.2838 0.00946976 0.00108693
1 44.174 23.2835 0.037216 0.0035883
1 0.0662504 24.244 -0.0350286 -0.00284283
1 1.18867 24.2437 -0.00896827 -0.000752524
1 2.30191 24.2436 -0.0115838 0.00280449
1 3.41532 24.2437 -0.0215012 0.00681169
1 4.52984 24.2438 -0.0259227 0.00917972
1 5.6438 24.2442 -0.0238876 0.00846364
1 6.75651 24.2446 -0.0361642 0.011692
1 7.86951 24.2454 -0.059958 0.013604
1 8.98082 24.2464 -0.0795358 0.0154858
1 10.09 24.2471 -0.0720655 0.0139441
1 11.1982 24.2467 -0.0726439 0.0102676
1 12.3085 24.2456 -0.0720964 0.00423831
1 13.4227 24.2447 -0.0754598 0.00214945
1 14.5395 24.2441 -0.0824844 0.00850409
1 15.6592 24.2438 -0.0583278 0.0119896
1 16.7784 24.2442 -0.0274849 0.0113038
1 17.8954 24.245 -0.0192025 0.0129267
1 19.0148 24.2453 -0.037451 0.0139299
1 20.1401 24.2451 -0.0463678 0.0115241
1 21.2705 24.2448 -0.0238251 0.00870382
1 22.4035 24.2447 0.00881734 0.00731142
1 23.535 24.2448 0.0441677 0.010405
1 24.663 24.2451 0.0479491 0.0117954
1 25.7856 24.2451 0.0209966 0.0121674
1 26.9032 24.2448 0.020223 0.0107707
1 28.0209 24.2442 0.0406564 0.0111976
1 29.141 24.2441 0.060593 0.0103361
1 30.2597 24.2446 0.0715241 0.00539224
1 31.375 24.2455 0.0784651 0.00418381
1 32.4867 24.2466 0.0839509 0.0106545
1 33.5951 24.2474 0.0766195 0.0131554
1 34.7047 24.247 0.0803433 0.0139021
1 35.8158 24.2461 0.0660511 0.0144216
1 36.9273 24.2451 0.0296647 0.0136347
1 38.0392 24.2446 0.0076586 0.0124909
1 39.1515 24.2442 0.00979832 0.00853324
1 40.2661 24.2442 0.014566 0.0079771
1 41.3801 24.244 0.0141935 0.00346548
1 42.4936 24.2438 3.92773e-05 0.00190577
1 43.6089 24.2434 -0.00557387 0.000604183
1 0.632524 25.2035 -0.00287862 -0.000874967
1 1.74744 25.2039 -0.00416357 0.00519265
1 2.86044 25.2041 -0.0165922 0.00571834
1 3.97459 25.2045 -0.0174159 0.0139536
1 5.08828 25.2048 -0.0149615 0.0186916
1 6.19998 25.2058 -0.0177269 0.0267599
1 7.31132 25.2076 -0.0361662 0.0300073
1 8.42258 25.2105 -0.063239 0.0352751
1 9.53365 25.2125 -0.0714058 0.0337357
1 10.6447 25.2132 -0.0649079 0.028293
1 11.7551 25.2115 -0.070712 0.0207257
1 12.867 25.2088 -0.0746183 0.00982016
1 13.9816 25.2066 -0.0811444 0.0109405
1 15.0992 25.2051 -0.0684494 0.0203431
1 16.2184 25.2049 -0.041871 0.0278649
1 17.336 25.2061 -0.0178379 0.0308684
1 18.4544 25.2076 -0.0214364 0.0336117
1 19.5776 25.2083 -0.0469266 0.0321745
1 20.7053 25.2077 -0.0401892 0.0257095
1 21.8364 25.2069 -0.0073605 0.0193007
1 22.9689 25.2071 0.0207675 0.0204804
1 24.0989 25.2079 0.0432692 0.0275736
1 25.2245 25.2081 0.0376447 0.0340018
1 26.3453 25.207 0.0202228 0.0324953
1 27.4632 25.2056 0.0253082 0.0283225
1 28.5815 25.2051 0.0578247 0.0242669
1 29.7 25.2061 0.0881277 0.0167583
1 30.8158 25.208 0.0792297 0.00993046
1 31.9292 25.2105 0.0650018 0.0146968
1 33.0404 25.213 0.0612549 0.0253283
1 34.1505 25.2133 0.0647332 0.0316629
1 35.2612 25.2117 0.0749114 0.0377163
1 36.3725 25.2092 0.0610422 0.0336882
1 37.4845 25.2067 0.0371263 0.0298291
1 38.5965 25.2056 0.0275573 0.0222657
1 39.7102 25.2046 0.0257809 0.0161196
1 40.8247 25.2045 0.0243913 0.00997947
1 41.9382 25.2041 0.011789 0.00685313
1 43.0515 25.2038 0.00480826 0.00136211
1 44.1734 25.2033 0.0305957 -0.00155689
1 0.0688035 26.1635 -0.026814 0.00646428
1 1.19038 26.1642 -0.0110678 0.00708496
1 2.30313 26.1647 -0.0136888 0.0117296
1 3.41614 26.1654 -0.0303825 0.0206751
1 4.53026 26.1662 -0.0349725 0.0301923
1 5.64257 26.1679 -0.0329804 0.039862
1 6.75314 26.1705 -0.036683 0.0496171
1 7.86453 26.174 -0.0570065 0.0518711
1 8.97635 26.1771 -0.0644457 0.0517234
1 10.0883 26.1786 -0.04851 0.0494919
1 11.2005 26.1779 -0.0472628 0.0432151
1 12.3131 26.1755 -0.0561042 0.0353806
1 13.4267 26.1726 -0.077087 0.026779
1 14.5415 26.1698 -0.0931764 0.0276271
1 15.6587 26.1681 -0.0665199 0.0358824
1 16.7764 26.168 -0.0308313 0.047665
1 17.8937 26.1696 -0.01978 0.0578844
1 19.015 26.1715 -0.0348733 0.0573349
1 20.1418 26.1722 -0.0373183 0.048012
1 21.272 26.1715 -0.0158297 0.0401926
1 22.4031 26.1711 0.00502013 0.0382097
1 23.5334 26.1718 0.0341111 0.044004
1 24.6619 26.172 0.0429918 0.0526835
1 25.7862 26.1707 0.0209263 0.0590517
1 26.905 26.1688 0.0199691 0.0536777
1 28.022 26.168 0.0462006 0.040581
1 29.1401 26.1691 0.0735955 0.0314155
1 30.2566 26.1715 0.0825837 0.0283568
1 31.3706 26.1745 0.0709253 0.0308367
1 32.483 26.1771 0.0595069 0.0386933
1 33.595 26.1788 0.0492918 0.0474941
1 34.7079 26.1785 0.0596555 0.0533441
1 35.8204 26.1758 0.0622278 0.0515433
1 36.9318 26.172 0.0391545 0.050118
1 38.042 26.1692 0.0229205 0.0467682
1 39.153 26.1672 0.0198075 0.0354587
1 40.2661 26.1658 0.022158 0.0259522
1 41.38 26.165 0.0178226 0.0168138
1 42.493 26.1645 0.0040526 0.0115636
1 43.6083 26.1641 -0.00148495 0.00500851
1 0.6337 27.125 0.00362802 0.0143593
1 1.74853 27.1256 -0.00224823 0.01993
1 2.86074 27.127 -0.021277 0.0304036
1 3.97368 27.1287 -0.0287956 0.039728
1 5.08554 27.1312 -0.0281765 0.0532111
1 6.19549 27.1344 -0.0263595 0.0610311
1 7.30563 27.138 -0.0343028 0.0649926
1 8.41726 27.1416 -0.0514543 0.063379
1 9.53087 27.1438 -0.0505532 0.0686661
1 10.6454 27.1438 -0.0416662 0.0695908
1 11.7582 27.1428 -0.05107 0.0638194
1 12.871 27.1406 -0.0616653 0.0553065
1 13.9855 27.1376 -0.0756416 0.047224
1 15.1019 27.1348 -0.0720505 0.0456806
1 16.2189 27.1333 -0.0537667 0.0572345
1 17.3345 27.1335 -0.0283528 0.0739844
1 18.4528 27.1348 -0.0214857 0.0798028
1 19.5778 27.1366 -0.0358739 0.0735718
1 20.7069 27.1378 -0.0260405 0.0678746
1 21.837 27.1382 -0.00230121 0.0627499
1 22.9677 27.1381 0.0118283 0.0658183
1 24.0977 27.1374 0.0283949 0.0703604
1 25.225 27.1359 0.0291664 0.0779419
1 26.3468 27.1343 0.0242278 0.0778615
1 27.4637 27.1334 0.0394094 0.0660838
1 28.5798 27.1339 0.0696421 0.0510756
1 29.6963 27.1362 0.0901474 0.0453469
1 30.8118 27.1395 0.0716392 0.0511397
1 31.926 27.1424 0.0497443 0.0607063
1 33.0391 27.1439 0.0393805 0.0674001
1 34.152 27.1443 0.041209 0.0702078
1 35.2655 27.1431 0.0538322 0.0661818
1 36.3782 27.1399 0.0483917 0.0646018
1 37.4896 27.1362 0.0379348 0.0638993
1 38.5996 27.1328 0.0384024 0.0568903
1 39.7109 27.1298 0.0394352 0.0465468
1 40.8243 27.1275 0.0355617 0.0354708
1 41.9367 27.1262 0.0176495 0.0228067
1 43.049 27.1254 0.0092165 0.0149429
1 44.1699 27.1259 0.0225497 0.0130466
1 0.0717504 28.0876 -0.0125353 0.0263312
1 1.19224 28.0875 -0.00539629 0.0277678
1 2.30386 28.0894 -0.019193 0.0368367
1 3.41506 28.0918 -0.0384856 0.0471655
1 4.5268 28.0955 -0.0450019 0.0573364
1 5.63774 28.099 -0.0364521 0.0671002
1 6.74816 28.1028 -0.0322799 0.0705548
1 7.86039 28.1061 -0.0429921 0.071112
1 8.97389 28.1089 -0.0504432 0.0783541
1 10.0878 28.1101 -0.0387701 0.0877468
1 11.2007 28.1102 -0.0352552 0.0821814
1 12.3143 28.109 -0.0392414 0.0777494
1 13.4299 28.1062 -0.056977 0.0698194
1 14.5458 28.1035 -0.0817581 0.0621596
1 15.6621 28.1019 -0.0725926 0.0671862
1 16.7778 28.1011 -0.0448225 0.0802874
1 17.8937 28.1007 -0.0287802 0.0874849
1 19.0143 28.1018 -0.0285469 0.0867426
1 20.1409 28.1041 -0.0222346 0.0855824
1 21.2713 28.1061 -0.00629954 0.0883123
1 22.4032 28.1066 0.00115477 0.0903644
1 23.534 28.1055 0.0204463 0.0884774
1 24.6626 28.1031 0.0327466 0.0851512
1 25.7867 28.1012 0.0243928 0.087235
1 26.9046 28.1009 0.0324362 0.0867059
1 28.0198 28.1015 0.0560883 0.0737418
1 29.1363 28.1027 0.0712075 0.0621494
1 30.253 28.1049 0.0654948 0.065118
1 31.3685 28.1083 0.0517077 0.0758184
1 32.4824 28.1103 0.0440761 0.0812963
1 33.5953 28.1105 0.0393717 0.085498
1 34.7095 28.1099 0.0470029 0.0848364
1 35.8239 28.1079 0.0415284 0.0737307
1 36.9363 28.1047 0.022004 0.0713261
1 38.0467 28.101 0.0186528 0.0667519
1 39.156 28.097 0.0293352 0.0629144
1 40.2673 28.0932 0.0349674 0.0510024
1 41.3791 28.0903 0.0258001 0.0409396
1 42.4904 28.0883 0.00495567 0.0307316
1 43.6044 28.0877 -0.000115246 0.0250266
1 0.637148 29.0506 0.0080525 0.0392451
1 1.75021 29.0524 -0.00704579 0.0478707
1 2.86015 29.0558 -0.0297926 0.0579495
1 3.97073 29.0601 -0.0317938 0.0679662
1 5.08191 29.0643 -0.0218015 0.0718029
1 6.1922 29.0682 -0.0102837 0.0740374
1 7.30353 29.0715 -0.0180818 0.0774699
1 8.41608 29.0747 -0.0399563 0.0854616
1 9.53007 29.0771 -0.0437716 0.0954503
1 10.6442 29.0781 -0.0350231 0.095248
1 11.7577 29.0775 -0.0385099 0.0900818
1 12.8725 29.0755 -0.0439734 0.0853652
1 13.9882 29.0733 -0.0580891 0.0804105
1 15.1046 29.0719 -0.0655583 0.0800415
1 16.2219 29.071 -0.0553331 0.0864169
1 17.3374 29.0703 -0.0326371 0.092605
1 18.454 29.0703 -0.0214162 0.0906967
1 19.5765 29.0719 -0.0327034 0.0917181
1 20.7047 29.0744 -0.0242842 0.105217
1 21.8362 29.0759 -0.00279027 0.114605
1 22.9691 29.0755 0.0109742 0.107468
1 24.0999 29.0734 0.0262373 0.0962808
1 25.2255 29.0711 0.0276558 0.0918079
1 26.3448 29.0703 0.027473 0.0943279
1 27.4605 29.0707 0.0437402 0.0904683
1 28.5769 29.0716 0.0662183 0.0830143
1 29.6937 29.0725 0.072504 0.0788863
1 30.8096 29.0746 0.0504636 0.083168
1 31.9255 29.0772 0.0349252 0.0891477
1 33.0396 29.0786 0.0266695 0.0940373
1 34.1523 29.0781 0.0348964 0.0954201
1 35.2659 29.0762 0.0513854 0.0889472
1 36.3793 29.0733 0.0396651 0.0811041
1 37.4922 29.0698 0.0271088 0.0741521
1 38.6035 29.066 0.0338904 0.0713505
1 39.7145 29.0619 0.044283 0.069557
1 40.8259 29.0576 0.0426009 0.0628771
1 41.936 29.0537 0.027567 0.0529024
1 43.0465 29.0512 0.0136222 0.0408971
1 44.1666 29.0508 0.017455 0.0367144
1 0.0748505 30.0146 -0.0226321 0.0425167
1 1.19349 30.0165 -0.0160044 0.0541418
1 2.30302 30.0202 -0.0293152 0.0631809
1 3.41255 30.0245 -0.0405871 0.0659249
1 4.5245 30.0287 -0.0366665 0.0658133
1 5.6366 30.0329 -0.0271237 0.0673916
1 6.7483 30.0364 -0.0269911 0.0725039
1 7.86096 30.0403 -0.0404204 0.0828142
1 8.97415 30.0435 -0.0470137 0.0896142
1 10.0875 30.0454 -0.0332343 0.0888626
1 11.2007 30.0456 -0.0264007 0.0883781
1 12.315 30.0438 -0.0297266 0.0861262
1 13.4309 30.0421 -0.0466309 0.0772528
1 14.5472 30.041 -0.0675144 0.0772941
1 15.6645 30.0403 -0.0597317 0.0838162
1 16.781 30.04 -0.0397375 0.0827113
1 17.8964 30.0405 -0.0253266 0.0787801
1 19.0147 30.0413 -0.0278456 0.0839807
1 20.1394 30.0427 -0.0325591 0.0942569
1 21.27 30.0442 -0.014676 0.106603
1 22.4035 30.0447 0.00889168 0.111796
1 23.5354 30.0437 0.0338232 0.103713
1 24.6631 30.0421 0.0341471 0.088303
1 25.785 30.041 0.0185935 0.0804444
1 26.9015 30.0404 0.027477 0.0816887
1 28.017 30.0402 0.0471346 0.0842678
1 29.1345 30.0408 0.0599767 0.0807923
1 30.2519 30.0417 0.0549914 0.0791793
1 31.3676 30.0433 0.042711 0.082841
1 32.4819 30.0454 0.0352664 0.0873556
1 33.5954 30.0462 0.0292858 0.0879527
1 34.7098 30.045 0.0401688 0.0890167
1 35.8235 30.0422 0.0433076 0.0832724
1 36.9358 30.0381 0.0188441 0.0765536
1 38.047 30.0343 0.00729305 0.0717716
1 39.158 30.0306 0.0167354 0.0680095
1 40.2696 30.0266 0.024864 0.067936
1 41.3802 30.0221 0.0274407 0.0614001
1 42.4895 30.0177 0.0148298 0.0581325
1 43.6019 30.0148 0.00201474 0.0512868
1 0.636952 30.9812 -0.0187586 0.0643131
1 1.7492 30.9847 -0.0251592 0.063485
1 2.85899 30.989 -0.0272577 0.0591566
1 3.97051 30.9927 -0.0208129 0.0617806
1 5.08269 30.9965 -0.0171112 0.0638437
1 6.19397 31.0005 -0.0154352 0.067661
1 7.3051 31.0047 -0.0223546 0.070419
1 8.41754 31.0087 -0.0406171 0.0703699
1 9.53127 31.0114 -0.0381307 0.0706568
1 10.6456 31.0121 -0.0293939 0.07053
1 11.7591 31.011 -0.0336118 0.0704688
1 12.8733 31.009 -0.042902 0.060777
1 13.9891 31.0076 -0.0562058 0.0551094
1 15.1067 31.0074 -0.0566785 0.0563242
1 16.2241 31.0077 -0.0410758 0.0536515
1 17.339 31.0086 -0.0187253 0.0464424
1 18.455 31.0097 -0.0153734 0.0482567
1 19.5766 31.0104 -0.0372609 0.0602496
1 20.7041 31.011 -0.0350406 0.073312
1 21.8359 31.0113 -0.00831864 0.0778289
1 22.9695 31.0112 0.0174302 0.0756012
1 24.1001 31.0108 0.0370775 0.0692484
1 25.2248 31.0102 0.0289704 0.0561648
1 26.3433 31.0094 0.016238 0.0459467
1 27.4587 31.0084 0.0286482 0.0485107
1 28.575 31.0077 0.0572616 0.0570959
1 29.6922 31.0075 0.0685695 0.0566194
1 30.8087 31.0084 0.0447347 0.0580819
1 31.9244 31.0105 0.0321132 0.06483
1 33.0383 31.0122 0.0273602 0.0692712
1 34.1514 31.0123 0.0282013 0.072484
1 35.265 31.0106 0.0417639 0.07142
1 36.3781 31.007 0.0399599 0.0712712
1 37.4899 31.0027 0.0240788 0.0694441
1 38.6013 30.9983 0.0284775 0.0649669
1 39.7137 30.9944 0.0331278 0.0590159
1 40.8265 30.9906 0.0362379 0.0597488
1 41.9367 30.9864 0.0315677 0.0637511
1 43.0462 30.9823 0.0239983 0.0651014
1 44.1636 30.9794 0.0350401 0.0543883
1 0.0764356 31.9469 -0.04959 0.0664575
1 1.19347 31.9497 -0.0327127 0.0675995
1 2.30365 31.9526 -0.0324807 0.0604528
1 3.41508 31.9558 -0.0383293 0.0627858
1 4.52817 31.9598 -0.0393997 0.0671497
1 5.64027 31.9638 -0.0375484 0.072511
1 6.75139 31.9683 -0.0282142 0.0696094
1 7.86354 31.9723 -0.0353958 0.066993
1 8.97645 31.9756 -0.0442401 0.0629994
1 10.0898 31.977 -0.0341546 0.0670098
1 11.2031 31.9763 -0.0292473 0.063391
1 12.317 31.9739 -0.0341703 0.0526193
1 13.4326 31.9717 -0.0499825 0.0456076
1 14.5489 31.9712 -0.0683006 0.0393786
1 15.6659 31.9718 -0.0536313 0.0283827
1 16.7818 31.973 -0.0249854 0.0179424
1 17.8969 31.9744 -0.0124124 0.0194267
1 19.0149 31.9749 -0.027312 0.0313752
1 20.1395 31.9746 -0.0381141 0.0399667
1 21.2699 31.9741 -0.0170195 0.0437993
1 22.4032 31.974 0.00987337 0.0470719
1 23.5352 31.9743 0.036728 0.0450672
1 24.6632 31.9749 0.0355764 0.0367793
1 25.7853 31.9751 0.0147648 0.0257155
1 26.9015 31.9742 0.0181122 0.0187811
1 28.0163 31.9727 0.0333776 0.0243406
1 29.1329 31.9716 0.0543077 0.0340937
1 30.2497 31.9716 0.0577963 0.0429132
1 31.3654 31.973 0.0409286 0.0500478
1 32.4794 31.9756 0.0354034 0.056532
1 33.5927 31.9772 0.0349774 0.0634564
1 34.707 31.9769 0.0409552 0.0675764
1 35.8207 31.9743 0.0421065 0.0681201
1 36.9331 31.9707 0.0261911 0.0711076
1 38.0441 31.9662 0.0195975 0.0695865
1 39.1549 31.9617 0.025649 0.072135
1 40.2672 31.9574 0.0252239 0.0653218
1 41.3796 31.9542 0.026114 0.0618698
1 42.4905 31.9506 0.0254145 0.0632982
1 43.6034 31.9474 0.0248191 0.0716742
1 0.635785 32.9158 -0.0276368 0.0701559
1 1.75002 32.9167 -0.0326936 0.0601983
1 2.862 32.9192 -0.0396722 0.0641714
1 3.97461 32.9227 -0.0396658 0.0697457
1 5.08708 32.9272 -0.0361124 0.0754721
1 6.19812 32.9317 -0.0227382 0.0737867
1 7.30945 32.9358 -0.0243748 0.0770629
1 8.4213 32.9393 -0.043443 0.0755213
1 9.53455 32.9415 -0.0440455 0.0768618
1 10.6492 32.9409 -0.0347217 0.0719456
1 11.7627 32.9386 -0.0404071 0.0657181
1 12.8761 32.9358 -0.0486913 0.0612467
1 13.9913 32.9341 -0.0577697 0.0491867
1 15.1078 32.9343 -0.0547529 0.0342368
1 16.2241 32.9357 -0.0358445 0.0239735
1 17.3387 32.9371 -0.0192821 0.0218334
1 18.4548 32.9375 -0.0190118 0.0273836
1 19.5767 32.9365 -0.0389882 0.0392253
1 20.7044 32.9349 -0.0365562 0.0460835
1 21.8362 32.934 -0.00863046 0.0444576
1 22.9696 32.9345 0.0194861 0.0435411
1 24.0999 32.9358 0.0414915 0.044868
1 25.225 32.9373 0.0311882 0.0381883
1 26.3442 32.9377 0.0142624 0.0244894
1 27.4591 32.937 0.0236275 0.0212718
1 28.5742 32.9355 0.0498601 0.0284949
1 29.6902 32.9344 0.0693432 0.0385931
1 30.8058 32.9349 0.0533619 0.0536249
1 31.921 32.9375 0.0371637 0.0654486
1 33.0347 32.9402 0.0328924 0.0694979
1 34.1479 32.9419 0.0390258 0.0758499
1 35.2615 32.9412 0.0477711 0.0783623
1 36.374 32.938 0.0410182 0.076678
1 37.4863 32.9341 0.0324809 0.0747516
1 38.5976 32.9293 0.0396987 0.0752079
1 39.7097 32.9249 0.0506158 0.0727295
1 40.8226 32.9205 0.0488613 0.0696595
1 41.9344 32.9175 0.0384609 0.060907
1 43.0456 32.9155 0.0351873 0.0619981
1 44.163 32.9143 0.0573144 0.0715529
1 0.077165 33.8843 -0.0547436 0.0721646
1 1.19545 33.8824 -0.0418339 0.0674747
1 2.3066 33.8834 -0.0545836 0.0738076
1 3.41846 33.8868 -0.0612288 0.0770439
1 4.53179 33.8913 -0.0589028 0.0795877
1 5.64461 33.8961 -0.0483646 0.0825505
1 6.75621 33.9011 -0.0418585 0.0904029
1 7.8684 33.9055 -0.0497797 0.0917182
1 8.98087 33.908 -0.0530876 0.0938513
1 10.0946 33.9079 -0.0415148 0.094105
1 11.2077 33.9062 -0.0400143 0.0895366
1 12.3206 33.9032 -0.0423698 0.0857598
1 13.4356 33.9005 -0.0510697 0.0775558
1 14.5506 33.9001 -0.0680893 0.0614311
1 15.6659 33.9014 -0.0540378 0.0480952
1 16.7814 33.9029 -0.0291635 0.0461987
1 17.8966 33.9027 -0.0231655 0.0547186
1 19.0153 33.9012 -0.0396163 0.0648439
1 20.1407 33.8991 -0.0447652 0.0686341
1 21.2708 33.8972 -0.0161891 0.0679056
1 22.4031 33.8967 0.00886166 0.0713568
1 23.5345 33.8982 0.0372559 0.0711717
1 24.6625 33.9006 0.0473079 0.0672684
1 25.7852 33.9025 0.0265457 0.0626879
1 26.9018 33.9033 0.025162 0.0511088
1 28.0163 33.9028 0.0360214 0.0447944
1 29.132 33.901 0.0507736 0.051931
1 30.2476 33.9003 0.0619921 0.0662622
1 31.3622 33.9019 0.0536426 0.0805205
1 32.4755 33.905 0.0457613 0.0909671
1 33.5883 33.9075 0.0433309 0.0942238
1 34.7031 33.9088 0.0512342 0.095286
1 35.8169 33.9076 0.0475723 0.0949154
1 36.9284 33.9038 0.0307379 0.0929076
1 38.0394 33.8991 0.0241944 0.087217
1 39.1505 33.8939 0.0401584 0.0835453
1 40.2637 33.8891 0.0499404 0.080906
1 41.3765 33.8849 0.0512239 0.076122
1 42.4883 33.8823 0.0392677 0.071875
1 43.6026 33.8824 0.0272223 0.0725492
1 0.640244 34.8497 -0.0303138 0.0752902
1 1.75305 34.849 -0.0506848 0.0828745
1 2.86419 34.851 -0.0588718 0.0791709
1 3.97735 34.8549 -0.0582631 0.0793951
1 5.09079 34.8602 -0.0507793 0.0778242
1 6.20216 34.8665 -0.0370955 0.0865093
1 7.31343 34.8714 -0.0401611 0.09093
1 8.42573 34.8749 -0.0553682 0.0967016
1 9.53943 34.8757 -0.0537814 0.102493
1 10.6538 34.8747 -0.0495845 0.0958309
1 11.7664 34.872 -0.0517081 0.0942909
1 12.8794 34.869 -0.0562578 0.0860939
1 13.9933 34.8681 -0.0641185 0.0674895
1 15.1082 34.8691 -0.0549937 0.0544248
1 16.2244 34.8704 -0.0431345 0.052355
1 17.3397 34.8701 -0.0394953 0.0620804
1 18.4565 34.8681 -0.033778 0.0701711
1 19.579 34.8655 -0.0485158 0.0720094
1 20.7067 34.863 -0.0416717 0.0716365
1 21.837 34.8619 -0.00779205 0.0721492
1 22.968 34.8625 0.0211227 0.0740098
1 24.0977 34.8644 0.0495423 0.0736736
1 25.2232 34.8672 0.0455534 0.0733908
1 26.343 34.8696 0.0288098 0.0682369
1 27.4588 34.8709 0.0392296 0.0553737
1 28.5741 34.8704 0.0584751 0.0505299
1 29.6892 34.8688 0.0676629 0.0595488
1 30.8034 34.8683 0.057142 0.0757787
1 31.9176 34.8708 0.0471656 0.0920799
1 33.0305 34.8741 0.0428629 0.0969898
1 34.143 34.8757 0.0505091 0.101755
1 35.2567 34.8762 0.0599689 0.102932
1 36.3696 34.8742 0.0546971 0.0928554
1 37.4822 34.8695 0.0516531 0.090443
1 38.594 34.8637 0.0619067 0.0805607
1 39.7071 34.8574 0.0715219 0.0785589
1 40.8213 34.8528 0.0707071 0.0804386
1 41.933 34.8494 0.0618688 0.0858464
1 43.0434 34.8484 0.0481828 0.0804855
1 44.1618 34.8511 0.0520841 0.0733314
1 0.0794368 35.8168 -0.0517484 0.0691113
1 1.19773 35.8155 -0.0481956 0.0828762
1 2.30763 35.8153 -0.0582673 0.0821738
1 3.41882 35.8174 -0.076631 0.0758075
1 4.53252 35.8219 -0.08574 0.0661077
1 5.64579 35.8287 -0.0757536 0.0600111
1 6.75858 35.835 -0.0616665 0.0697956
1 7.87173 35.8397 -0.0669606 0.0776023
1 8.98506 35.8417 -0.0716038 0.0875917
1 10.0988 35.8413 -0.0610202 0.0823287
1 11.2113 35.8397 -0.0552219 0.0789629
1 12.3237 35.8368 -0.0515095 0.0754022
1 13.4375 35.835 -0.0566918 0.0560554
1 14.5512 35.8356 -0.0733231 0.0396726
1 15.6669 35.8364 -0.0694184 0.0383164
1 16.7833 35.836 -0.0535562 0.0443519
1 17.8996 35.8336 -0.0413435 0.0528875
1 19.0195 35.8309 -0.047993 0.0544832
1 20.1444 35.8283 -0.0504139 0.0508371
1 21.2727 35.8266 -0.0172076 0.0481509
1 22.4025 35.8264 0.0137464 0.0488744
1 23.5318 35.8275 0.0418319 0.0510278
1 24.6589 35.8297 0.0547979 0.0500773
1 25.7814 35.8326 0.0396963 0.054572
1 26.8991 35.8354 0.0412188 0.0522134
1 28.0153 35.8369 0.0542107 0.0393282
1 29.1318 35.8365 0.0639381 0.0371707
1 30.2469 35.8355 0.0672842 0.0483164
1 31.3599 35.836 0.0634391 0.0668266
1 32.472 35.8388 0.0580099 0.0783112
1 33.5845 35.8414 0.0532245 0.0797821
1 34.6987 35.8424 0.0651648 0.0849833
1 35.8128 35.8414 0.0745958 0.0842535
1 36.926 35.8379 0.059381 0.0760249
1 38.0385 35.8326 0.0555609 0.0662521
1 39.1508 35.8254 0.0664401 0.0625831
1 40.2637 35.8197 0.0698109 0.0736839
1 41.3761 35.8164 0.0619266 0.0759712
1 42.4863 35.8152 0.0519456 0.0851716
1 43.5982 35.8156 0.0409173 0.0790805
1 0.642085 36.7808 -0.0502232 0.0756764
1 1.75465 36.7809 -0.0554385 0.0800204
1 2.86381 36.7818 -0.0659244 0.083147
1 3.97426 36.7842 -0.0764752 0.0749425
1 5.08634 36.789 -0.0807139 0.0563682
1 6.19915 36.7957 -0.0817634 0.0515063
1 7.31285 36.8015 -0.0859233 0.0602593
1 8.42717 36.8051 -0.0955573 0.0653219
1 9.54192 36.8062 -0.0808865 0.0657741
1 10.6563 36.8056 -0.0678375 0.0636148
1 11.7687 36.8037 -0.0668269 0.0637054
1 12.8808 36.8017 -0.0692175 0.052266
1 13.9933 36.8015 -0.077738 0.0367363
1 15.1086 36.8017 -0.0745096 0.0338299
1 16.2264 36.8009 -0.0674576 0.0388721
1 17.3437 36.7984 -0.0565333 0.0464643
1 18.4619 36.7958 -0.0436073 0.0485625
1 19.5839 36.7934 -0.0533737 0.0412701
1 20.7098 36.7914 -0.042027 0.0393134
1 21.838 36.7909 -0.00779832 0.0390015
1 22.9661 36.7913 0.0184707 0.0361409
1 24.0938 36.7923 0.0478124 0.0392697
1 25.2183 36.7947 0.053647 0.0455676
1 26.3382 36.7977 0.0473605 0.0487853
1 27.4554 36.8002 0.0609082 0.0433536
1 28.5726 36.8017 0.0840785 0.0359158
1 29.689 36.802 0.0872446 0.0344106
1 30.8032 36.8018 0.0680304 0.0442232
1 31.9166 36.8033 0.0666372 0.0599013
1 33.0289 36.8056 0.070622 0.0619948
1 34.1414 36.8066 0.0738683 0.0652714
1 35.2558 36.8065 0.08971 0.0676595
1 36.3703 36.8041 0.0930381 0.0622194
1 37.4846 36.7992 0.0877206 0.057318
1 38.5982 36.7926 0.0933516 0.0528199
1 39.7112 36.7868 0.0952109 0.0630383
1 40.8235 36.7831 0.0849117 0.081554
1 41.9328 36.7815 0.0678877 0.086174
1 43.0421 36.7813 0.0580567 0.0799326
1 44.1604 36.7802 0.0684319 0.0662624
1 0.0787217 37.7429 -0.0802673 0.0653713
1 1.19818 37.7449 -0.072571 0.0772914
1 2.30718 37.7472 -0.0756332 0.0937897
1 3.41565 37.7493 -0.0780189 0.0953982
1 4.52576 37.7516 -0.0901063 0.0873604
1 5.63684 37.7555 -0.100801 0.0747625
1 6.75023 37.7613 -0.108513 0.0679228
1 7.86577 37.7659 -0.116394 0.0677957
1 8.98161 37.7686 -0.113161 0.066327
1 10.0967 37.7696 -0.0932811 0.0660258
1 11.2096 37.7694 -0.0842811 0.0646236
1 12.3221 37.7682 -0.0795578 0.0620234
1 13.4357 37.767 -0.0807626 0.0537595
1 14.5508 37.7665 -0.0973983 0.0458429
1 15.669 37.7654 -0.0941776 0.0504697
1 16.7871 37.7632 -0.0720957 0.0576819
1 17.9045 37.7608 -0.0536016 0.0564352
1 19.0246 37.7586 -0.0505145 0.0483979
1 20.1479 37.757 -0.0453935 0.0448028
1 21.2743 37.7564 -0.0173404 0.0427244
1 22.402 37.7562 0.0126876 0.0395076
1 23.5289 37.7565 0.0402517 0.0434725
1 24.6546 37.7579 0.0517624 0.0465157
1 25.7766 37.7599 0.0496467 0.0505365
1 26.895 37.7622 0.0597925 0.0577651
1 28.0127 37.7646 0.0740189 0.05607
1 29.1316 37.7665 0.093148 0.0487983
1 30.2484 37.7674 0.0973748 0.049836
1 31.3619 37.7681 0.0859153 0.058226
1 32.4741 37.7693 0.0801838 0.0615202
1 33.5867 37.7702 0.0835435 0.0628362
1 34.7016 37.77 0.103387 0.065652
1 35.8178 37.7678 0.121258 0.0685701
1 36.9337 37.7642 0.111997 0.0689127
1 38.0479 37.7588 0.0960051 0.0665548
1 39.1597 37.7534 0.0880006 0.0791342
1 40.2706 37.7502 0.0789273 0.0921529
1 41.3801 37.7485 0.0779932 0.0956759
1 42.4887 37.7464 0.0760924 0.0881423
1 43.6011 37.7442 0.0698467 0.0763915
1 0.636589 38.7065 -0.0750198 0.0767601
1 1.74846 38.7112 -0.0854791 0.0861989
1 2.85795 38.7147 -0.0842813 0.0846285
1 3.96738 38.7176 -0.077992 0.0981083
1 5.07641 38.7196 -0.079179 0.0963085
1 6.18632 38.7226 -0.0887417 0.0826262
1 7.29969 38.7263 -0.114562 0.0753054
1 8.41577 38.7294 -0.132585 0.0662828
1 9.53255 38.7321 -0.116053 0.0575949
1 10.6486 38.7334 -0.0962306 0.0546751
1 11.7623 38.7337 -0.0942029 0.0548101
1 12.8757 38.7329 -0.0947493 0.0581151
1 13.9907 38.7312 -0.104884 0.0538088
1 15.109 38.7297 -0.102239 0.0505909
1 16.2286 38.7278 -0.0849013 0.0537012
1 17.3467 38.7255 -0.0633225 0.0515575
1 18.4655 38.7237 -0.0495213 0.0413435
1 19.5871 38.7226 -0.0501634 0.0322953
1 20.7118 38.7224 -0.0354512 0.0312924
1 21.8386 38.7223 -0.00854286 0.0309038
1 22.9655 38.7222 0.0176501 0.0291236
1 24.0915 38.7224 0.0461604 0.0333666
1 25.215 38.7233 0.0509378 0.0383718
1 26.3349 38.7247 0.0534567 0.0452099
1 27.4525 38.7268 0.0759923 0.0535184
1 28.5711 38.729 0.103383 0.0551197
1 29.6906 38.7309 0.111433 0.0508984
1 30.808 38.7328 0.0955156 0.0532164
1 31.9229 38.7342 0.0915575 0.0568422
1 33.036 38.7343 0.0944831 0.0530899
1 34.1497 38.7332 0.107061 0.0542329
1 35.266 38.7313 0.128429 0.0608952
1 36.3828 38.7283 0.126483 0.0690112
1 37.4983 38.7245 0.108045 0.0782051
1 38.6105 38.7208 0.09605 0.0884585
1 39.7206 38.7185 0.0946748 0.0960597
1 40.8302 38.7164 0.0874267 0.0921152
1 41.9393 38.7136 0.0930278 0.0871732
1 43.0487 38.7095 0.0955786 0.0793858
1 44.1682 38.7039 0.109334 0.0645526
1 0.0667405 39.6648 -0.116964 0.0667143
1 1.18579 39.6735 -0.104421 0.0782934
1 2.29616 39.678 -0.100693 0.0789218
1 3.4064 39.6827 -0.100509 0.0766804
1 4.51704 39.6859 -0.0945573 0.0861771
1 5.62695 39.6873 -0.08455 0.0927468
1 6.73739 39.6886 -0.086704 0.0859423
1 7.85096 39.6905 -0.111168 0.06998
1 8.96708 39.6929 -0.121346 0.0530148
1 10.0839 39.6953 -0.106883 0.0401729
1 11.1989 39.6977 -0.098794 0.0362873
1 12.3136 39.698 -0.0943507 0.046921
1 13.4307 39.6958 -0.096961 0.0513895
1 14.5497 39.6934 -0.111325 0.0470191
1 15.6699 39.6914 -0.0978956 0.0463956
1 16.7887 39.6895 -0.0670471 0.0453662
1 17.9065 39.6883 -0.0497039 0.0346107
1 19.0264 39.6875 -0.0451552 0.0241589
1 20.1494 39.6877 -0.0366189 0.0205383
1 21.275 39.6882 -0.0149394 0.0153873
1 22.402 39.6881 0.00953735 0.0157662
1 23.5285 39.6877 0.0359943 0.0208346
1 24.6532 39.6878 0.0417915 0.0224742
1 25.7744 39.688 0.0390678 0.028227
1 26.893 39.6888 0.0551881 0.0392938
1 28.0113 39.6907 0.0785582 0.0445587
1 29.1316 39.6928 0.105944 0.048329
1 30.2514 39.6951 0.116118 0.0513355
1 31.3689 39.6976 0.104445 0.0475499
1 32.4843 39.6986 0.0941461 0.0387299
1 33.5991 39.6971 0.0963077 0.0362264
1 34.7159 39.6947 0.11423 0.0456505
1 35.8328 39.6919 0.118297 0.0603408
1 36.9477 39.6893 0.0971429 0.0759741
1 38.0601 39.6875 0.0771611 0.0866702
1 39.1701 39.686 0.0769002 0.0908044
1 40.2802 39.6847 0.0835159 0.087356
1 41.3905 39.6812 0.0909359 0.0762232
1 42.5009 39.6771 0.0921977 0.0776462
1 43.6136 39.6706 0.0882258 0.0773196
1 0.619734 40.6339 -0.0968052 0.0785393
1 1.73346 40.6405 -0.0947013 0.0808298
1 2.84433 40.6453 -0.0973466 0.0765808
1 3.95626 40.6492 -0.084547 0.0787138
1 5.06765 40.6517 -0.0775788 0.0877657
1 6.17852 40.6529 -0.0677958 0.0934394
1 7.28985 40.653 -0.0750792 0.0884665
1 8.40318 40.654 -0.0944726 0.068879
1 9.51871 40.6559 -0.0966374 0.0504984
1 10.6355 40.6583 -0.0881366 0.0310645
1 11.7519 40.6601 -0.0924485 0.0371303
1 12.8697 40.6586 -0.10514 0.0503413
1 13.9895 40.6557 -0.114071 0.0486276
1 15.1105 40.6536 -0.0964635 0.0434828
1 16.2309 40.6522 -0.0684189 0.0408147
1 17.3492 40.6515 -0.0463621 0.0333432
1 18.4677 40.6513 -0.0342308 0.0222909
1 19.5887 40.6519 -0.0345047 0.0173354
1 20.7127 40.6526 -0.0242851 0.0128704
1 21.8387 40.6526 -0.005197 0.00881533
1 22.9653 40.6527 0.0128184 0.0120428
1 24.0906 40.6524 0.0312709 0.0140985
1 25.2129 40.6516 0.0351533 0.0165928
1 26.3326 40.6513 0.0381752 0.0278787
1 27.4504 40.6518 0.0580528 0.0383407
1 28.5694 40.6531 0.0888343 0.0433388
1 29.6907 40.655 0.106079 0.0461152
1 30.8117 40.6577 0.101877 0.048658
1 31.9307 40.6603 0.0974558 0.0431068
1 33.047 40.66 0.0929077 0.0308211
1 34.163 40.6573 0.095331 0.040563
1 35.2794 40.655 0.101328 0.0579497
1 36.3947 40.6531 0.091499 0.0736292
1 37.5078 40.6519 0.0803402 0.0918467
1 38.6191 40.6517 0.0837799 0.0981464
1 39.7302 40.6509 0.089321 0.0887749
1 40.8424 40.6482 0.0968601 0.074029
1 41.9541 40.6434 0.0996653 0.0785733
1 43.0656 40.6391 0.0950557 0.0816069
1 44.1846 40.6302 0.105402 0.0850652
1 0.0496112 41.5945 -0.093576 0.090566
1 1.16882 41.6025 -0.0896373 0.0792504
1 2.28021 41.6077 -0.0906652 0.0823372
1 3.39248 41.6112 -0.0947314 0.077946
1 4.50586 41.6144 -0.0973327 0.084882
1 5.61891 41.616 -0.088475 0.0919898
1 6.7314 41.6166 -0.0759386 0.0909693
1 7.84413 41.6169 -0.0767762 0.0806432
1 8.95786 41.6177 -0.0829217 0.0691754
1 10.0733 41.6182 -0.0822336 0.0488337
1 11.1893 41.6202 -0.0909397 0.0375605
1 12.3072 41.6196 -0.101812 0.0472628
1 13.4288 41.616 -0.107645 0.0429193
1 14.5515 41.6139 -0.104708 0.036012
1 15.673 41.6135 -0.0802146 0.0315276
1 16.7921 41.6136 -0.0525605 0.0247812
1 17.9099 41.6141 -0.0388389 0.0178317
1 19.0291 41.6151 -0.0338386 0.0113152
1 20.1514 41.6161 -0.0270978 0.00788934
1 21.2761 41.6167 -0.00962298 0.00429866
1 22.4018 41.6167 0.00751954 0.00621273
1 23.5271 41.6167 0.0229078 0.00689414
1 24.6507 41.6157 0.0292132 0.00383881
1 25.7713 41.6145 0.0327906 0.0125224
1 26.8899 41.6136 0.0415249 0.0227656
1 28.0082 41.6134 0.0636939 0.0284038
1 29.1289 41.6139 0.0980379 0.035713
1 30.2513 41.6153 0.113019 0.0406687
1 31.373 41.6184 0.105865 0.0448836
1 32.4922 41.6207 0.094518 0.0398171
1 33.6093 41.6197 0.0827158 0.0369129
1 34.7257 41.6179 0.0834219 0.0551407
1 35.8411 41.6163 0.0860257 0.0735821
1 36.9548 41.6155 0.0691092 0.0906973
1 38.0666 41.6159 0.0586499 0.0988313
1 39.1776 41.616 0.0630292 0.0949341
1 40.2897 41.6136 0.0742505 0.0782906
1 41.4027 41.6096 0.0798213 0.0727122
1 42.5148 41.6056 0.0790067 0.0766461
1 43.63 41.6005 0.0782745 0.0766637
1 0.603851 42.5643 -0.0648283 0.0805131
1 1.71911 42.5697 -0.0700891 0.0674766
1 2.83259 42.5738 -0.0739648 0.0718693
1 3.94555 42.5771 -0.0676253 0.0801721
1 5.0589 42.5791 -0.0625666 0.0842292
1 6.1716 42.5804 -0.0612156 0.0883293
1 7.28445 42.5806 -0.0637735 0.0865422
1 8.39791 42.5809 -0.0734137 0.0732956
1 9.51264 42.5813 -0.0775521 0.0631245
1 10.6286 42.5813 -0.0765374 0.0495037
1 11.746 42.5802 -0.0869164 0.047058
1 12.8666 42.5763 -0.106939 0.0441975
1 13.9894 42.5734 -0.113948 0.0321349
1 15.1123 42.5735 -0.0934835 0.0220964
1 16.233 42.5749 -0.0673293 0.0145493
1 17.3513 42.5766 -0.0497937 0.0139317
1 18.47 42.5782 -0.0371832 0.00958786
1 19.5909 42.5799 -0.0356923 0.00626725
1 20.7143 42.5812 -0.0261814 0.00727493
1 21.8393 42.5815 -0.00334636 0.00542033
1 22.9644 42.5817 0.0146204 0.00474133
1 24.0885 42.5807 0.0281137 0.00475303
1 25.2105 42.5789 0.037108 0.00531419
1 26.3302 42.5775 0.0430535 0.0111508
1 27.4482 42.5756 0.0568053 0.0156809
1 28.5676 42.5741 0.0860278 0.0209291
1 29.6899 42.5736 0.105714 0.024225
1 30.8129 42.575 0.105432 0.0360058
1 31.935 42.579 0.100387 0.0472299
1 33.054 42.5815 0.0869516 0.0447078
1 34.17 42.5811 0.0733483 0.0532005
1 35.2851 42.5801 0.0702982 0.067825
1 36.3992 42.5798 0.0610342 0.0861775
1 37.5115 42.5804 0.0579114 0.0956706
1 38.6236 42.5804 0.0738555 0.0923776
1 39.7373 42.5791 0.081191 0.0772664
1 40.851 42.576 0.0760846 0.0733026
1 41.9626 42.572 0.0678571 0.070462
1 43.0744 42.5675 0.0645013 0.0650589
1 44.1932 42.5646 0.075301 0.0765929
1 0.0417728 43.5286 -0.0682694 0.0784664
1 1.16048 43.5305 -0.0566081 0.0685591
1 2.27324 43.5344 -0.0675096 0.0678615
1 3.38621 43.5389 -0.0685757 0.070827
1 4.50053 43.5409 -0.0700885 0.0825139
1 5.61446 43.5426 -0.062213 0.0879544
1 6.72777 43.5438 -0.0531149 0.0881075
1 7.84092 43.5443 -0.0525887 0.0850988
1 8.9543 43.544 -0.0634189 0.0761974
1 10.0693 43.5435 -0.0716243 0.0630091
1 11.1861 43.5414 -0.0786527 0.0595598
1 12.305 43.5366 -0.0940657 0.054531
1 13.4269 43.532 -0.10161 0.0341304
1 14.5499 43.5312 -0.102006 0.0188674
1 15.6716 43.5337 -0.0850486 0.00772893
1 16.7908 43.5368 -0.0592293 0.00210769
1 17.9094 43.5395 -0.0504655 0.00327362
1 19.0294 43.5421 -0.0455965 0.000340188
1 20.1519 43.5441 -0.0343049 0.000163239
1 21.2766 43.5453 -0.0155778 0.00245655
1 22.4019 43.5456 0.00761957 5.33995e-05
1 23.5266 43.5449 0.029363 -0.000268036
1 24.6503 43.5432 0.0398259 0.00036891
1 25.7715 43.5409 0.0473882 0.00203914
1 26.8908 43.5383 0.0551928 0.00285531
1 28.0099 43.5353 0.0712158 0.0065265
1 29.1306 43.5325 0.0923388 0.014224
1 30.2525 43.5316 0.101703 0.0221275
1 31.3743 43.5346 0.0965666 0.0420879
1 32.4944 43.5395 0.082953 0.0551019
1 33.6124 43.5427 0.0724636 0.0574815
1 34.7286 43.5433 0.0718313 0.0697377
1 35.8432 43.543 0.0678107 0.0874427
1 36.9568 43.544 0.0535433 0.0943015
1 38.0695 43.544 0.0488016 0.0877875
1 39.1824 43.5425 0.0521749 0.0841516
1 40.296 43.5405 0.0552004 0.0813014
1 41.4088 43.5378 0.060415 0.0679122
1 42.5215 43.5328 0.0571204 0.0713059
1 43.6359 43.5295 0.0382361 0.0741391
1 0.600728 44.4926 -0.0334866 0.078171
1 1.71513 44.4948 -0.0465098 0.0812113
1 2.82778 44.4991 -0.0596895 0.0744826
1 3.94195 44.5017 -0.0568045 0.086753
1 5.05626 44.5037 -0.0485828 0.0842976
1 6.1698 44.5057 -0.048697 0.0880609
1 7.28318 44.5072 -0.054337 0.0910552
1 8.39684 44.5075 -0.0614221 0.0899768
1 9.51116 44.5062 -0.0686335 0.0801188
1 10.6279 44.5032 -0.0777476 0.0714282
1 11.7464 44.4979 -0.08359 0.0638204
1 12.8663 44.4918 -0.087791 0.0434821
1 13.9869 44.4892 -0.0931762 0.0237407
1 15.1078 44.491 -0.0861041 0.0106281
1 16.2277 44.4949 -0.0685561 -0.00316113
1 17.3466 44.4991 -0.0631968 -0.00409918
1 18.4666 44.5026 -0.0576736 -0.00645864
1 19.589 44.5054 -0.0455958 -0.00857414
1 20.7136 44.5075 -0.0320836 -0.00424873
1 21.8393 44.5085 -0.00711022 -0.00600702
1 22.9649 44.5082 0.021123 -0.00605117
1 24.0899 44.5065 0.0391946 -0.00630368
1 25.2132 44.5041 0.0504275 -0.00736142
1 26.3341 44.5011 0.0598266 -0.00477716
1 27.4532 44.4971 0.0675934 -0.00250569
1 28.5728 44.4929 0.0787732 0.00540177
1 29.6933 44.4901 0.0857636 0.0150253
1 30.8139 44.4906 0.0887235 0.028627
1 31.9343 44.4954 0.0910041 0.0515763
1 33.0534 44.5011 0.081485 0.0650672
1 34.1705 44.5045 0.0692119 0.0742886
1 35.2858 44.506 0.0598509 0.0865152
1 36.3997 44.5069 0.0533282 0.0969037
1 37.5127 44.507 0.0475005 0.0938655
1 38.6256 44.5055 0.0551323 0.0856937
1 39.7398 44.5036 0.0641089 0.0875443
1 40.8539 44.5022 0.071007 0.0804963
1 41.9669 44.4975 0.0683388 0.0706232
1 43.0795 44.4933 0.0645789 0.0862775
1 44.2005 44.4901 0.0674507 0.0768195
1 0.0363689 45.453 -0.057232 0.0782965
1 1.1584 45.4564 -0.0555406 0.084607
1 2.26992 45.4607 -0.0573119 0.0859572
1 3.38273 45.4632 -0.0664564 0.0856304
1 4.498 45.4645 -0.0666646 0.0814104
1 5.61296 45.4671 -0.0613668 0.0831924
1 6.72674 45.4702 -0.0507295 0.0879905
1 7.84059 45.4718 -0.0484409 0.0935001
1 8.95452 45.4704 -0.0573914 0.0963974
1 10.0698 45.4664 -0.068229 0.0870332
1 11.1876 45.4603 -0.0763974 0.0695331
1 12.3068 45.4535 -0.0821511 0.0473076
1 13.4262 45.4493 -0.0769246 0.0218683
1 14.5455 45.4495 -0.0723612 0.0111552
1 15.6643 45.4531 -0.0697435 0.00538348
1 16.7828 45.4578 -0.0625669 -0.00773672
1 17.9021 45.4621 -0.0637393 -0.0165944
1 19.0241 45.4656 -0.0574477 -0.0164986
1 20.1493 45.4681 -0.0414575 -0.0138028
1 21.2758 45.4704 -0.0216797 -0.0154518
1 22.4023 45.4712 0.00789856 -0.0156905
1 23.5287 45.4694 0.0357333 -0.0131303
1 24.6545 45.4671 0.049341 -0.0156273
1 25.7777 45.4642 0.058837 -0.0170365
1 26.8982 45.4602 0.0627259 -0.00972715
1 28.0172 45.4554 0.0678305 -0.00111685
1 29.1356 45.4508 0.0691899 0.00818804
1 30.2548 45.4492 0.0767971 0.0152685
1 31.374 45.4518 0.0825872 0.0306525
1 32.4928 45.4576 0.0768823 0.0564586
1 33.6112 45.4641 0.0697451 0.0783833
1 34.7278 45.4683 0.0649775 0.0905468
1 35.8426 45.47 0.0561173 0.095069
1 36.9569 45.471 0.0518987 0.0985789
1 38.0707 45.4698 0.0546988 0.0840142
1 39.1847 45.4667 0.0523399 0.0820887
1 40.2993 45.4654 0.0564266 0.0869587
1 41.4132 45.4635 0.0622172 0.0777498
1 42.5255 45.4582 0.0565166 0.0734983
1 43.6404 45.4521 0.063043 0.0797354
1 0.598012 46.4151 -0.053478 0.0815532
1 1.71125 46.4237 -0.0543033 0.0838082
1 2.82416 46.4265 -0.055293 0.0926933
1 3.93793 46.4262 -0.0546221 0.0931184
1 5.05247 46.428 -0.0548945 0.0797637
1 6.16721 46.4321 -0.0573343 0.0791595
1 7.28262 46.4351 -0.0595982 0.0899941
1 8.39847 46.4358 -0.0547135 0.102199
1 9.51384 46.4322 -0.054647 0.111372
1 10.6307 46.4242 -0.0568585 0.0943175
1 11.7488 46.4164 -0.0627921 0.0582959
1 12.8666 46.4108 -0.0694921 0.0264553
1 13.9849 46.4093 -0.0696018 0.0093617
1 15.1025 46.4126 -0.0609564 0.0118031
1 16.2197 46.417 -0.0570701 0.00659044
1 17.3383 46.4211 -0.0589023 -0.0116465
1 18.4591 46.4249 -0.0577679 -0.0243769
1 19.5835 46.4274 -0.0523632 -0.0181745
1 20.7107 46.4301 -0.0400118 -0.0171547
1 21.8387 46.4325 -0.00646356 -0.0281615
1 22.9665 46.4319 0.0271988 -0.02136
1 24.0941 46.4288 0.0433193 -0.0164666
1 25.2199 46.4263 0.0588698 -0.0229895
1 26.3425 46.4236 0.0615064 -0.0168339
1 27.4619 46.4191 0.0556699 -0.00141086
1 28.5796 46.4142 0.0598776 0.0110408
1 29.6967 46.4103 0.0600744 0.0104038
1 30.8143 46.4101 0.061438 0.0138013
1 31.932 46.4145 0.0665826 0.0411005
1 33.05 46.4214 0.0608605 0.0754004
1 34.1674 46.4284 0.0541255 0.0990489
1 35.2835 46.4332 0.0552969 0.107583
1 36.3989 46.4349 0.055091 0.103393
1 37.5146 46.4344 0.0616723 0.0882916
1 38.6298 46.431 0.0620998 0.0802696
1 39.7444 46.4288 0.059141 0.0904108
1 40.859 46.428 0.0643239 0.0846831
1 41.9737 46.425 0.0656187 0.0799186
1 43.087 46.419 0.0477157 0.0792026
1 44.2068 46.4098 0.044313 0.0863861
1 0.0232056 47.3692 -0.0597867 0.0748074
1 1.14481 47.3886 -0.0605561 0.081735
1 2.26224 47.3932 -0.0696754 0.0856406
1 3.37828 47.3941 -0.0696757 0.103216
1 4.49318 47.3934 -0.0558064 0.0918746
1 5.60738 47.3965 -0.0539402 0.0791814
1 6.72278 47.4007 -0.0638075 0.0842271
1 7.84033 47.4028 -0.0611679 0.0951719
1 8.95882 47.402 -0.0565613 0.110004
1 10.0767 47.3948 -0.0436861 0.119223
1 11.1937 47.3848 -0.0347568 0.0807793
1 12.3099 47.378 -0.0462989 0.0380557
1 13.4256 47.3743 -0.0563239 0.0112083
1 14.5416 47.3763 -0.0572148 -0.000241606
1 15.6579 47.3813 -0.0529401 0.0114933
1 16.7754 47.3848 -0.0408716 0.00174349
1 17.8948 47.3881 -0.0529638 -0.0247402
1 19.0179 47.3905 -0.0608253 -0.024672
1 20.1444 47.3922 -0.0445814 -0.0220734
1 21.273 47.3956 -0.0239683 -0.0347325
1 22.4035 47.3969 0.00971788 -0.039815
1 23.5329 47.394 0.0359574 -0.0283951
1 24.66 47.3914 0.0524811 -0.0213938
1 25.7846 47.3898 0.0575336 -0.0276419
1 26.9058 47.387 0.0441094 -0.0120549
1 28.0244 47.3827 0.0511711 0.0125396
1 29.1408 47.3779 0.0574843 0.00799135
1 30.2564 47.3749 0.056428 0.00412794
1 31.3719 47.377 0.0525031 0.0210514
1 32.4881 47.3825 0.0363609 0.0538845
1 33.605 47.3905 0.0326709 0.099395
1 34.7222 47.3981 0.0495425 0.116441
1 35.8402 47.4016 0.060383 0.107576
1 36.9582 47.4021 0.0650325 0.0975523
1 38.0749 47.3998 0.0590946 0.0832253
1 39.1893 47.3964 0.0472929 0.0843902
1 40.3039 47.3955 0.0626401 0.0945862
1 41.42 47.3934 0.0760763 0.0852715
1 42.5372 47.3901 0.0679627 0.0956781
1 43.6555 47.3833 0.0549573 0.0780863
