1 0.740971 0.34086 -0.145916 -0.157179
1 1.86034 0.330617 -0.147518 -0.120749
1 2.97646 0.321924 -0.146901 -0.102328
1 4.09119 0.313836 -0.140332 -0.0817418
1 5.20618 0.304174 -0.149723 -0.0610561
1 6.32132 0.292017 -0.154797 -0.0583783
1 7.43562 0.280673 -0.133653 -0.0658153
1 8.5475 0.269809 -0.105709 -0.0689954
1 9.6569 0.260054 -0.0873763 -0.0787742
1 10.764 0.250875 -0.0621498 -0.0772992
1 11.8704 0.241383 -0.0524983 -0.0806044
1 12.9762 0.233468 -0.0476398 -0.0873153
1 14.0816 0.224742 -0.0374733 -0.0826998
1 15.1885 0.214939 -0.0257624 -0.0860962
1 16.2961 0.206604 -0.0208091 -0.0943357
1 17.4045 0.198127 -0.016125 -0.0860728
1 18.5144 0.189322 -0.0029771 -0.0700974
1 19.6246 0.184902 -0.0060372 -0.0640335
1 20.7344 0.186962 0.000996857 -0.0585984
1 21.8431 0.190664 0.00398577 -0.0506232
1 22.9513 0.190028 -0.00581748 -0.055683
1 24.0604 0.186606 0.0030793 -0.0646352
1 25.1704 0.187111 0.00471526 -0.0656855
1 26.2806 0.193932 0.00928241 -0.0740043
1 27.3898 0.20257 0.0190061 -0.0912819
1 28.4975 0.210214 0.021528 -0.0905415
1 29.6049 0.219665 0.0315781 -0.0792734
1 30.711 0.229576 0.039916 -0.0860993
1 31.8162 0.236876 0.0514597 -0.0881783
1 32.9229 0.245549 0.0582296 -0.0747298
1 34.0294 0.255563 0.0706892 -0.0809136
1 35.1371 0.264103 0.0957368 -0.0776233
1 36.2474 0.274989 0.115052 -0.0638538
1 37.3598 0.286482 0.143982 -0.063034
1 38.4749 0.298311 0.159883 -0.0537312
1 39.5907 0.310277 0.14914 -0.067478
1 40.7054 0.318528 0.135354 -0.0990471
1 41.8198 0.323832 0.143128 -0.123377
1 42.9373 0.331997 0.149496 -0.119545
1 44.0628 0.36391 0.173481 -0.119661
1 0.191444 1.31162 -0.132623 -0.122863
1 1.31524 1.29735 -0.160982 -0.136221
1 2.43115 1.28912 -0.153388 -0.115289
1 3.5458 1.28147 -0.14387 -0.0949845
1 4.66009 1.2725 -0.142303 -0.0786997
1 5.77448 1.262 -0.145485 -0.0711861
1 6.88829 1.25103 -0.131435 -0.072856
1 8.00049 1.2405 -0.10987 -0.0775822
1 9.1105 1.23069 -0.0891992 -0.0860888
1 10.2183 1.22182 -0.0660565 -0.0856079
1 11.3249 1.21274 -0.0508564 -0.0871101
1 12.4307 1.20429 -0.0427416 -0.0921072
1 13.5363 1.19608 -0.0338607 -0.0895373
1 14.6424 1.18687 -0.021897 -0.0892379
1 15.7488 1.17756 -0.0182507 -0.0964839
1 16.856 1.16907 -0.0160339 -0.0940743
1 17.9643 1.16072 -0.00731331 -0.0803129
1 19.0723 1.15421 -0.00464823 -0.0717961
1 20.1803 1.15326 -0.00259919 -0.0630074
1 21.2886 1.1563 0.0010974 -0.0571504
1 22.3969 1.15776 -0.00222133 -0.0609141
1 23.5056 1.15574 -0.000606501 -0.063633
1 24.6139 1.15421 0.00491111 -0.0676792
1 25.7215 1.15766 0.0063643 -0.0730372
1 26.8297 1.16504 0.0132316 -0.0873252
1 27.9376 1.17302 0.0178284 -0.0956265
1 29.0443 1.182 0.021506 -0.0907934
1 30.1509 1.19159 0.0315494 -0.0895077
1 31.257 1.19989 0.0364852 -0.0916011
1 32.3623 1.20802 0.0429115 -0.0877227
1 33.4685 1.2171 0.0545511 -0.0850418
1 34.5753 1.22603 0.0706699 -0.0857814
1 35.6834 1.23546 0.0919988 -0.081957
1 36.794 1.24592 0.117841 -0.0760541
1 37.9068 1.25664 0.140815 -0.0701042
1 39.021 1.26789 0.148426 -0.0717256
1 40.136 1.27781 0.149656 -0.086743
1 41.2509 1.28435 0.148839 -0.110183
1 42.3639 1.29117 0.136776 -0.120256
1 43.4759 1.30573 0.142759 -0.131026
1 0.765917 2.25948 -0.115834 -0.108804
1 1.88276 2.24997 -0.137118 -0.119483
1 2.99746 2.24319 -0.132402 -0.104171
1 4.11183 2.23631 -0.120312 -0.094343
1 5.2257 2.22786 -0.123869 -0.0872395
1 6.33874 2.21796 -0.1192 -0.0866704
1 7.45115 2.20804 -0.0998409 -0.0909651
1 8.56207 2.19851 -0.0788108 -0.0959966
1 9.67042 2.18955 -0.0567289 -0.101972
1 10.777 2.1808 -0.0385595 -0.10422
1 11.8834 2.17248 -0.0303036 -0.107939
1 12.9888 2.16423 -0.0225103 -0.109496
1 14.0942 2.15561 -0.0144068 -0.111223
1 15.2008 2.1468 -0.00766119 -0.11537
1 16.3071 2.138 -0.00795845 -0.117784
1 17.4137 2.12978 -0.00846874 -0.113574
1 18.5209 2.12315 -0.00620408 -0.100319
1 19.6276 2.11964 -0.00429137 -0.092222
1 20.7348 2.12046 0.00341727 -0.0898449
1 21.8428 2.12263 0.0029462 -0.0845993
1 22.951 2.12241 -0.00201545 -0.0865418
1 24.0589 2.1208 0.00302225 -0.0925579
1 25.166 2.12169 0.0020105 -0.0956678
1 26.2728 2.12671 0.00189609 -0.105683
1 27.3798 2.13396 0.0109026 -0.117019
1 28.4861 2.1422 0.00766796 -0.117172
1 29.5922 2.15098 0.00786487 -0.111159
1 30.6984 2.15979 0.020694 -0.11063
1 31.804 2.16802 0.0251903 -0.108746
1 32.9095 2.17629 0.0294763 -0.103044
1 34.0159 2.18507 0.0492633 -0.103214
1 35.1233 2.19395 0.0683355 -0.0988202
1 36.2325 2.20343 0.0854193 -0.0912315
1 37.3438 2.21342 0.10818 -0.0885102
1 38.4563 2.22367 0.1211 -0.0852735
1 39.5696 2.23304 0.12264 -0.0903897
1 40.6837 2.23966 0.129737 -0.107526
1 41.7981 2.24532 0.145996 -0.111217
1 42.9131 2.25476 0.148795 -0.113766
1 44.0439 2.2596 0.133172 -0.117624
1 0.196168 3.21432 -0.149975 -0.0973296
1 1.32819 3.208 -0.138034 -0.0911256
1 2.44574 3.20297 -0.131515 -0.110946
1 3.5602 3.1989 -0.11458 -0.108931
1 4.67351 3.19395 -0.104723 -0.095852
1 5.78633 3.18649 -0.108168 -0.0926715
1 6.89877 3.17776 -0.100204 -0.0947809
1 8.01035 3.1685 -0.0806633 -0.0995184
1 9.12006 3.15982 -0.0594815 -0.108033
1 10.2277 3.15162 -0.0387603 -0.113194
1 11.3342 3.14342 -0.0244281 -0.117829
1 12.4399 3.13545 -0.0162012 -0.120824
1 13.5452 3.12732 -0.0103287 -0.126811
1 14.6511 3.11908 -0.00311593 -0.131792
1 15.757 3.11069 -0.00221794 -0.134368
1 16.8629 3.10283 -0.00437133 -0.135646
1 17.9694 3.09623 -0.0051899 -0.128712
1 19.0756 3.09144 -0.00220315 -0.118339
1 20.182 3.09018 0.00189011 -0.112843
1 21.2891 3.09146 -0.000375211 -0.108521
1 22.3967 3.09201 -0.00258762 -0.107169
1 23.5043 3.09141 -0.00206048 -0.11108
1 24.6114 3.09148 0.0035224 -0.118246
1 25.7175 3.09416 0.00722945 -0.123562
1 26.8238 3.09965 0.00459719 -0.129968
1 27.93 3.10681 0.00301487 -0.134575
1 29.036 3.1148 0.0021855 -0.134331
1 30.1419 3.12303 0.0075252 -0.130159
1 31.2477 3.13119 0.0154263 -0.123202
1 32.3531 3.13918 0.0204206 -0.120735
1 33.4592 3.14711 0.0286516 -0.11446
1 34.566 3.15565 0.0452777 -0.107458
1 35.6743 3.16439 0.0650744 -0.103398
1 36.7846 3.17359 0.0854193 -0.0947646
1 37.8963 3.183 0.104518 -0.0902232
1 39.0093 3.19131 0.104783 -0.0932296
1 40.1229 3.19735 0.104561 -0.109201
1 41.2368 3.20055 0.109575 -0.114715
1 42.3506 3.20509 0.106964 -0.101978
1 43.47 3.20919 0.10227 -0.0878323
1 0.773369 4.16252 -0.114604 -0.0742368
1 1.89033 4.15901 -0.102255 -0.0864793
1 3.00419 4.15785 -0.0975065 -0.106096
1 4.1179 4.15695 -0.097898 -0.108033
1 5.2313 4.15306 -0.106692 -0.0940543
1 6.34432 4.14651 -0.103105 -0.087251
1 7.45677 4.13861 -0.0873579 -0.0908379
1 8.56767 4.13048 -0.0683853 -0.0984859
1 9.67617 4.12238 -0.0471657 -0.102244
1 10.7836 4.1148 -0.0312002 -0.107685
1 11.8901 4.10735 -0.0207655 -0.110565
1 12.9954 4.09958 -0.0137685 -0.116053
1 14.1008 4.09191 -0.00399162 -0.121638
1 15.2066 4.08416 -1.644e-06 -0.12567
1 16.3122 4.07641 -0.00363176 -0.126584
1 17.4183 4.06971 -0.0051605 -0.123317
1 18.5244 4.06492 -0.00889106 -0.115909
1 19.6298 4.06198 -0.00564614 -0.110491
1 20.7362 4.06149 0.0029104 -0.106719
1 21.8433 4.06223 0.00653658 -0.101122
1 22.9501 4.06222 0.00215676 -0.102249
1 24.0567 4.06225 -0.000682986 -0.109489
1 25.163 4.06394 0.00171338 -0.114562
1 26.269 4.06754 0.00035547 -0.118508
1 27.3749 4.07319 0.0033768 -0.124582
1 28.4804 4.08027 0.00603771 -0.127043
1 29.5861 4.08794 0.0032398 -0.122422
1 30.692 4.09566 0.01137 -0.119336
1 31.7976 4.10333 0.0185938 -0.114785
1 32.9032 4.11079 0.0201434 -0.107529
1 34.0099 4.11847 0.0356187 -0.103504
1 35.1175 4.12662 0.0550985 -0.0989212
1 36.2269 4.13499 0.0746093 -0.092498
1 37.3385 4.14323 0.0934533 -0.0880885
1 38.4514 4.15075 0.106297 -0.0875347
1 39.5647 4.15635 0.106417 -0.0988226
1 40.6785 4.15783 0.102549 -0.114684
1 41.7927 4.15812 0.110858 -0.101042
1 42.9094 4.15951 0.129044 -0.0797478
1 44.0389 4.16417 0.147668 -0.068758
1 0.204617 5.11644 -0.136801 -0.0397914
1 1.3326 5.11408 -0.124925 -0.0669247
1 2.44672 5.1131 -0.111339 -0.0865824
1 3.56028 5.11438 -0.101067 -0.0983347
1 4.67479 5.11497 -0.107481 -0.0892728
1 5.78876 5.11171 -0.116426 -0.0790832
1 6.90222 5.10568 -0.101729 -0.075153
1 8.01441 5.0988 -0.0780048 -0.0738647
1 9.12424 5.09138 -0.0600417 -0.0794316
1 10.2322 5.08392 -0.0417756 -0.0825631
1 11.3391 5.0769 -0.0235752 -0.0822568
1 12.4447 5.06975 -0.0172352 -0.0872897
1 13.5503 5.06262 -0.0129761 -0.0934579
1 14.656 5.05513 -0.00273787 -0.0939718
1 15.7614 5.04759 -0.00642572 -0.0975187
1 16.8669 5.04088 -0.00486534 -0.0989326
1 17.9726 5.03541 -0.00153244 -0.0906906
1 19.0785 5.03181 -0.00190261 -0.0849955
1 20.1842 5.03022 -0.000781968 -0.0830637
1 21.2899 5.02991 -0.00387398 -0.0783015
1 22.3961 5.02993 -0.00204484 -0.0766269
1 23.5028 5.03027 -0.00211352 -0.0824043
1 24.609 5.03159 0.00351569 -0.0865027
1 25.7145 5.03398 0.0121998 -0.0879981
1 26.8202 5.03817 0.00489138 -0.092479
1 27.9258 5.04432 0.00273358 -0.0980019
1 29.0314 5.05133 0.00644806 -0.0966972
1 30.1372 5.0588 0.00634614 -0.0929851
1 31.2425 5.06622 0.0133045 -0.0893754
1 32.3479 5.07334 0.0218888 -0.0861335
1 33.4543 5.0803 0.0308134 -0.0814665
1 34.5614 5.0877 0.0483664 -0.0788786
1 35.6702 5.0954 0.070435 -0.0771371
1 36.7815 5.10268 0.0884932 -0.072902
1 37.8944 5.10943 0.110618 -0.0725747
1 39.0082 5.1145 0.112249 -0.0822998
1 40.1231 5.11566 0.0993028 -0.0963049
1 41.2372 5.11397 0.0942238 -0.0950963
1 42.3496 5.11318 0.101591 -0.0816548
1 43.4643 5.11467 0.109294 -0.0608458
1 0.776389 6.06822 -0.0965293 -0.0449937
1 1.89097 6.06884 -0.102553 -0.0672847
1 3.00185 6.06976 -0.100826 -0.0842559
1 4.11513 6.07185 -0.105734 -0.0863444
1 5.23067 6.07245 -0.118922 -0.0689508
1 6.34591 6.06949 -0.118204 -0.0575275
1 7.45955 6.0641 -0.0957834 -0.0559103
1 8.5713 6.05784 -0.073965 -0.0558853
1 9.68036 6.05097 -0.0483735 -0.0521345
1 10.7876 6.04418 -0.031091 -0.0535075
1 11.8938 6.03733 -0.0205199 -0.0565369
1 12.9991 6.03063 -0.0163791 -0.0584584
1 14.1047 6.0234 -0.00672058 -0.0607057
1 15.2102 6.01597 -0.00489906 -0.0655899
1 16.3157 6.0092 -0.00750867 -0.0654716
1 17.4214 6.00321 -0.00693116 -0.058431
1 18.5267 5.99885 -0.013384 -0.057165
1 19.6318 5.99643 -0.00478383 -0.0533837
1 20.7377 5.99506 0.00281823 -0.0485452
1 21.8436 5.99479 0.00424112 -0.0489142
1 22.9492 5.99516 0.00598916 -0.0499014
1 24.0549 5.99608 8.88103e-05 -0.0508291
1 25.1605 5.99803 0.00175975 -0.0545862
1 26.2662 6.00113 0.00284155 -0.0586557
1 27.3719 6.00617 0.00275223 -0.0624836
1 28.4769 6.01264 0.00794287 -0.0647874
1 29.5821 6.01978 0.00847622 -0.0622586
1 30.688 6.02703 0.0125202 -0.060578
1 31.7934 6.03404 0.0197204 -0.0565952
1 32.8991 6.04093 0.027541 -0.0548882
1 34.006 6.04762 0.0421211 -0.0553694
1 35.1138 6.05434 0.0603134 -0.0532991
1 36.224 6.06127 0.0837407 -0.0517206
1 37.3367 6.06724 0.109356 -0.0565672
1 38.4513 6.07183 0.120874 -0.0594393
1 39.5672 6.07302 0.117299 -0.0737665
1 40.6822 6.07123 0.111024 -0.0864561
1 41.7945 6.06955 0.114938 -0.0760064
1 42.9073 6.06899 0.115268 -0.0584984
1 44.0343 6.06839 0.120545 -0.030479
1 0.205238 7.02034 -0.109917 -0.0274618
1 1.33185 7.02346 -0.101085 -0.0472908
1 2.44514 7.02564 -0.107335 -0.0685771
1 3.55672 7.02744 -0.114719 -0.0826008
1 4.67082 7.02952 -0.126596 -0.0729285
1 5.78692 7.0292 -0.133712 -0.0545087
1 6.90285 7.02643 -0.114442 -0.0448344
1 8.01683 7.02191 -0.0902987 -0.0400737
1 9.12752 7.01597 -0.0668012 -0.0383003
1 10.2356 7.00959 -0.0446399 -0.0350831
1 11.3427 7.00322 -0.0269605 -0.0344521
1 12.4481 6.99661 -0.020464 -0.0382293
1 13.5536 6.98963 -0.013353 -0.0397043
1 14.6592 6.98245 -0.00354193 -0.0404815
1 15.7643 6.9755 -0.00995978 -0.0441509
1 16.8694 6.96907 -0.00228682 -0.0412843
1 17.9748 6.96386 -0.00181218 -0.0336945
1 19.0803 6.96074 -0.00394178 -0.0320088
1 20.1855 6.95883 0.00166476 -0.0294315
1 21.2904 6.9577 -0.00597778 -0.026522
1 22.3957 6.95773 -0.00559832 -0.0267947
1 23.5017 6.95839 -0.00146873 -0.0292972
1 24.6074 6.96001 0.00447642 -0.0316029
1 25.7125 6.96257 0.0139271 -0.0328484
1 26.8179 6.96646 0.00897936 -0.0372773
1 27.9233 6.97228 0.00703494 -0.0415586
1 29.0285 6.97907 0.00667002 -0.0413253
1 30.1341 6.9861 0.00623461 -0.0406498
1 31.2395 6.99321 0.0160358 -0.0386464
1 32.3447 7.00012 0.0229998 -0.0365795
1 33.4511 7.00662 0.0281625 -0.0345379
1 34.5581 7.01292 0.047478 -0.0363825
1 35.667 7.01914 0.0742535 -0.0404441
1 36.7793 7.02455 0.098008 -0.0418287
1 37.8943 7.02827 0.125366 -0.044867
1 39.011 7.02997 0.133727 -0.0625262
1 40.1266 7.02891 0.116888 -0.0817458
1 41.2392 7.02678 0.103153 -0.0711171
1 42.3504 7.02501 0.0901893 -0.0557928
1 43.4654 7.02216 0.0781382 -0.0371315
1 0.771623 7.97594 -0.072316 -0.0354046
1 1.88725 7.97963 -0.0798174 -0.0452176
1 2.99939 7.98248 -0.0922759 -0.0599713
1 4.11209 7.98501 -0.115975 -0.0750061
1 5.22769 7.98613 -0.144958 -0.063634
1 6.34421 7.9852 -0.137836 -0.0482665
1 7.46027 7.98262 -0.104899 -0.0349183
1 8.57394 7.97868 -0.0745905 -0.0299068
1 9.68348 7.97345 -0.0491546 -0.0261847
1 10.7907 7.96714 -0.03025 -0.0243456
1 11.8969 7.96091 -0.0215907 -0.0234501
1 13.0022 7.95432 -0.0169633 -0.0251599
1 14.1074 7.9471 -0.00528016 -0.0279567
1 15.2125 7.9401 -0.00618004 -0.0301952
1 16.3178 7.93347 -0.00774319 -0.0259738
1 17.423 7.92741 -0.00876836 -0.0216887
1 18.528 7.92327 -0.0169111 -0.0200935
1 19.6328 7.92112 -0.00259247 -0.0154485
1 20.7385 7.91932 0.00105326 -0.012587
1 21.8443 7.91847 -0.000162935 -0.014066
1 22.9491 7.91915 0.00881095 -0.0129543
1 24.0537 7.92047 0.00274781 -0.0143317
1 25.1589 7.92235 0.000541459 -0.017824
1 26.2643 7.9255 0.00200946 -0.0207304
1 27.3698 7.93043 0.00590613 -0.0257695
1 28.4749 7.93663 0.010737 -0.0270524
1 29.5796 7.9436 0.00857921 -0.0272988
1 30.6852 7.95081 0.0160176 -0.0272122
1 31.7905 7.95777 0.0190056 -0.0231856
1 32.8959 7.96425 0.0257214 -0.0218161
1 34.0029 7.97059 0.0453011 -0.0267671
1 35.1111 7.97649 0.0648387 -0.0292699
1 36.2225 7.98094 0.0886939 -0.0307003
1 37.3377 7.98409 0.124382 -0.042115
1 38.4543 7.98592 0.145691 -0.055924
1 39.5706 7.98614 0.132158 -0.0669567
1 40.6847 7.98395 0.105605 -0.0690162
1 41.797 7.98134 0.0977936 -0.0523971
1 42.9112 7.97807 0.0955118 -0.0353585
1 44.0374 7.97366 0.113285 -0.0297239
1 0.198967 8.92801 -0.115331 -0.0279267
1 1.32535 8.9327 -0.0946684 -0.0273277
1 2.44011 8.93601 -0.0914212 -0.0404784
1 3.5532 8.93955 -0.0945846 -0.0525822
1 4.668 8.94218 -0.124443 -0.0556666
1 5.78477 8.9425 -0.151449 -0.0558134
1 6.90164 8.94118 -0.136769 -0.047662
1 8.01739 8.93874 -0.0986064 -0.0321839
1 9.12966 8.93533 -0.0659045 -0.0225185
1 10.2388 8.93053 -0.0426609 -0.0201502
1 11.3457 8.92464 -0.0262684 -0.0187438
1 12.4508 8.91801 -0.0211149 -0.0166388
1 13.5561 8.91114 -0.0129673 -0.0193037
1 14.6613 8.90425 -0.00713014 -0.021789
1 15.766 8.89717 -0.0138012 -0.0193731
1 16.8708 8.89051 -0.00137093 -0.0167888
1 17.976 8.88568 -0.00247717 -0.0142192
1 19.0813 8.88257 -0.00573821 -0.00673552
1 20.1862 8.88055 -0.00150731 -0.00326504
1 21.2909 8.87932 -0.00591739 -0.0071211
1 22.3954 8.87913 5.13385e-06 -0.00638638
1 23.5008 8.8799 -0.000716405 -0.00195876
1 24.6068 8.88173 0.00306388 -0.0067421
1 25.7119 8.88434 0.0140567 -0.0110247
1 26.8166 8.88817 0.00791793 -0.0135674
1 27.9217 8.89381 0.0104249 -0.0186201
1 29.0267 8.90065 0.00767041 -0.0212039
1 30.1315 8.90773 0.00340139 -0.0197915
1 31.2367 8.91473 0.0167478 -0.0168669
1 32.3416 8.92149 0.0252237 -0.0195672
1 33.4477 8.92773 0.0329142 -0.0198549
1 34.5555 8.93338 0.0507699 -0.0183886
1 35.6661 8.93737 0.0798251 -0.0296056
1 36.7803 8.94004 0.11431 -0.0411232
1 37.8966 8.94206 0.146993 -0.0499222
1 39.0138 8.94265 0.140021 -0.0554849
1 40.1301 8.94114 0.102481 -0.0532439
1 41.2438 8.93803 0.0766791 -0.0418314
1 42.3566 8.93456 0.0695391 -0.0328292
1 43.4722 8.93083 0.0694814 -0.0324798
1 0.763842 9.8856 -0.0722822 -0.0322293
1 1.87957 9.88965 -0.0660985 -0.0252789
1 2.99255 9.89314 -0.0670976 -0.0352858
1 4.10672 9.8967 -0.0872915 -0.0387725
1 5.22385 9.89867 -0.128062 -0.0398196
1 6.34201 9.89883 -0.146738 -0.042825
1 7.45927 9.89757 -0.125955 -0.0449117
1 8.5739 9.89554 -0.0935411 -0.0346078
1 9.68496 9.89227 -0.0571475 -0.0206648
1 10.7933 9.88772 -0.0305542 -0.015105
1 11.8998 9.8819 -0.026093 -0.0139286
1 13.0047 9.87512 -0.0211195 -0.0145478
1 14.1095 9.86818 -0.00500892 -0.0145639
1 15.2143 9.86118 -0.00715714 -0.0154175
1 16.3189 9.85427 -0.00906294 -0.0142133
1 17.4234 9.84843 -0.00984725 -0.0120523
1 18.5284 9.84434 -0.0140303 -0.00392548
1 19.6332 9.84168 -0.000376183 0.00280473
1 20.7389 9.84022 -0.0015893 0.00183291
1 21.8445 9.83961 0.000792858 -0.000511785
1 22.9488 9.83987 0.00612579 -0.000182317
1 24.0532 9.84106 -0.0015466 0.000929021
1 25.1585 9.84317 0.00618657 -0.000142814
1 26.264 9.84646 0.00404517 -0.00583111
1 27.3688 9.85135 0.00254224 -0.0139017
1 28.4733 9.85762 0.0154591 -0.0146372
1 29.578 9.86469 0.0107026 -0.0123217
1 30.6832 9.87173 0.0172513 -0.0151306
1 31.7881 9.8787 0.0239186 -0.0150783
1 32.8933 9.88516 0.0256036 -0.0137027
1 34.0009 9.89026 0.0425117 -0.0182998
1 35.1102 9.89421 0.0723755 -0.0278735
1 36.2226 9.89687 0.108104 -0.038883
1 37.3388 9.89846 0.142375 -0.0468569
1 38.4569 9.89899 0.142312 -0.0420878
1 39.5748 9.89783 0.110909 -0.0353497
1 40.6906 9.89506 0.0847057 -0.0370914
1 41.8044 9.89134 0.0868544 -0.0308993
1 42.9193 9.88806 0.0974309 -0.0236196
1 44.0461 9.88354 0.115825 -0.0275004
1 0.188546 10.838 -0.110243 -0.0314818
1 1.31575 10.8432 -0.0962879 -0.028537
1 2.43092 10.8467 -0.084439 -0.0287527
1 3.54516 10.8504 -0.0796621 -0.0332139
1 4.66129 10.8535 -0.0978966 -0.0284529
1 5.77998 10.8548 -0.133609 -0.0312042
1 6.89941 10.8549 -0.137129 -0.0424105
1 8.01684 10.8546 -0.113792 -0.0453421
1 9.12989 10.8527 -0.0858704 -0.0387225
1 10.2395 10.8494 -0.0544791 -0.0277957
1 11.3473 10.8447 -0.0290343 -0.0175858
1 12.4531 10.8388 -0.0235016 -0.0155035
1 13.558 10.8322 -0.0174141 -0.0177657
1 14.6626 10.8251 -0.008838 -0.0172121
1 15.767 10.8181 -0.0127965 -0.0156601
1 16.8714 10.8117 -0.0036853 -0.0150144
1 17.9762 10.8067 -0.00526515 -0.010231
1 19.0813 10.8029 -0.0052146 0.000191001
1 20.1864 10.8008 -0.00279152 0.00269275
1 21.2911 10.8002 -0.00247077 -2.65054e-05
1 22.3951 10.8 0.00578668 -0.00250706
1 23.5007 10.8005 -0.00469767 0.0020768
1 24.6068 10.8021 -0.00232246 0.00237287
1 25.7117 10.8049 0.0168567 -0.0057648
1 26.8163 10.8091 0.00829189 -0.0120096
1 27.9208 10.8149 0.00876793 -0.0143999
1 29.0253 10.8215 0.00998771 -0.0171359
1 30.1298 10.8285 0.00803874 -0.0168992
1 31.2345 10.8357 0.0223616 -0.014508
1 32.3398 10.842 0.0266679 -0.016154
1 33.4466 10.8473 0.0363571 -0.0227147
1 34.5548 10.8514 0.0675438 -0.0333114
1 35.666 10.8539 0.102491 -0.0449746
1 36.7816 10.855 0.127598 -0.0459313
1 37.9005 10.855 0.139294 -0.0347509
1 39.0201 10.8543 0.11681 -0.0292562
1 40.1375 10.8523 0.0788297 -0.0312816
1 41.2519 10.8487 0.0616851 -0.0307871
1 42.3646 10.8451 0.0661425 -0.0280062
1 43.4804 10.8406 0.0759208 -0.0339789
1 0.754242 11.7951 -0.0815898 -0.0385944
1 1.87065 11.8002 -0.0712738 -0.0316499
1 2.98358 11.8039 -0.0624227 -0.0253898
1 4.0979 11.8076 -0.0731817 -0.0245965
1 5.21559 11.8097 -0.109351 -0.015554
1 6.33579 11.8104 -0.131191 -0.020096
1 7.4558 11.8111 -0.121445 -0.03491
1 8.57312 11.8114 -0.102761 -0.0421467
1 9.68547 11.81 -0.0758384 -0.038032
1 10.7939 11.8065 -0.0463609 -0.0278819
1 11.9006 11.8014 -0.0299544 -0.0194719
1 13.0057 11.7955 -0.0197519 -0.0135006
1 14.1104 11.7891 -0.00782314 -0.0126374
1 15.2152 11.782 -0.010871 -0.0153602
1 16.3195 11.7752 -0.0107272 -0.0140576
1 17.4238 11.7694 -0.0107935 -0.00847626
1 18.5285 11.7647 -0.0158595 -0.00146812
1 19.6332 11.7615 0.000595607 0.00278888
1 20.739 11.7603 0.00239268 0.00532941
1 21.8442 11.7603 -0.00191329 0.00487993
1 22.9486 11.7604 0.000106532 0.00103079
1 24.0535 11.7609 0.0013889 0.00390939
1 25.1584 11.7631 0.0115269 0.00426235
1 26.2638 11.7672 0.00472682 -0.00598189
1 27.3687 11.7723 0.00111891 -0.0130677
1 28.4726 11.7784 0.0170486 -0.0126865
1 29.5769 11.7856 0.0106703 -0.0130298
1 30.6818 11.7924 0.0148073 -0.0142723
1 31.7868 11.7985 0.0283549 -0.015658
1 32.8925 11.8042 0.0392391 -0.022114
1 34.0004 11.8086 0.0636923 -0.0370294
1 35.1103 11.8108 0.0912662 -0.0419251
1 36.2251 11.8115 0.112064 -0.0369786
1 37.3442 11.8107 0.127844 -0.029628
1 38.4645 11.81 0.122453 -0.0163525
1 39.5836 11.8091 0.0915537 -0.0162734
1 40.6998 11.806 0.0745415 -0.02831
1 41.814 11.8022 0.0822715 -0.0291815
1 42.9295 11.7977 0.0956397 -0.0360682
1 44.0572 11.7915 0.114975 -0.0379774
1 0.177706 12.7463 -0.115856 -0.0451497
1 1.30585 12.7522 -0.0973173 -0.0400487
1 2.42136 12.7577 -0.0826381 -0.0324921
1 3.53549 12.7617 -0.0717924 -0.0259627
1 4.65159 12.7648 -0.0865288 -0.0131794
1 5.77057 12.7655 -0.115168 -0.00853023
1 6.89099 12.7662 -0.122197 -0.0171443
1 8.01109 12.7674 -0.107217 -0.0277599
1 9.12747 12.7682 -0.0890585 -0.0378353
1 10.2394 12.7674 -0.0706972 -0.0363766
1 11.3479 12.7638 -0.0484571 -0.0290758
1 12.4533 12.7586 -0.0336241 -0.0214413
1 13.5581 12.7525 -0.0204634 -0.0125082
1 14.6632 12.7459 -0.00903623 -0.00935659
1 15.7677 12.7393 -0.0115848 -0.0127107
1 16.8718 12.733 -0.00350927 -0.0115443
1 17.9763 12.7272 -0.00732546 -0.00361097
1 19.0813 12.7229 -0.00796196 0.00309298
1 20.1863 12.7208 -0.000219171 0.00509357
1 21.2909 12.7204 -0.000947811 0.00742787
1 22.3953 12.7205 0.00274286 0.00684678
1 23.501 12.7208 -0.00323257 0.00622809
1 24.6065 12.7219 -0.00334264 0.00376273
1 25.7113 12.725 0.0152518 -0.00110724
1 26.8163 12.7301 0.0145893 -0.00667533
1 27.9204 12.7362 0.0120135 -0.0111514
1 29.0246 12.7425 0.00781245 -0.0119539
1 30.1297 12.7492 0.00773367 -0.0089207
1 31.2346 12.7558 0.0281831 -0.0159915
1 32.3394 12.7613 0.0394816 -0.0279711
1 33.4462 12.7658 0.0532022 -0.033546
1 34.556 12.7681 0.0748143 -0.0373409
1 35.6698 12.7678 0.0948249 -0.0355401
1 36.7885 12.7666 0.113451 -0.0238034
1 37.9088 12.7657 0.122599 -0.0109715
1 39.029 12.7652 0.10633 -0.00895817
1 40.147 12.7635 0.0738649 -0.0208837
1 41.2615 12.7598 0.0616086 -0.0264763
1 42.3748 12.7552 0.0709058 -0.0378784
1 43.4911 12.749 0.0762481 -0.0443999
1 0.744562 13.7037 -0.0765809 -0.0452363
1 1.86061 13.7104 -0.0725919 -0.0380956
1 2.97386 13.7157 -0.0634712 -0.0270622
1 4.08826 13.7196 -0.0719862 -0.0181498
1 5.20621 13.7214 -0.102149 -0.00844375
1 6.32599 13.7218 -0.11737 -0.00678776
1 7.44624 13.7222 -0.106997 -0.0160181
1 8.56549 13.7236 -0.0918438 -0.0298224
1 9.68128 13.7249 -0.0718843 -0.0349588
1 10.7929 13.7244 -0.0522406 -0.0350772
1 11.9009 13.7216 -0.0438716 -0.0326648
1 13.0061 13.7163 -0.0361712 -0.0222129
1 14.1108 13.7097 -0.0151629 -0.0163263
1 15.2152 13.7033 -0.00687838 -0.0134018
1 16.3195 13.6971 -0.00759426 -0.00917074
1 17.4242 13.6908 -0.0135287 -0.00607984
1 18.5287 13.6854 -0.0203532 -0.00314175
1 19.6331 13.682 0.00109328 0.00223562
1 20.7385 13.6808 0.00461981 0.00634164
1 21.844 13.6808 -0.00410949 0.00901273
1 22.9489 13.6809 0.00028043 0.00892302
1 24.0539 13.6814 0.00285434 0.00506199
1 25.1587 13.6837 0.00893102 -0.00105589
1 26.2635 13.6882 0.00786921 -0.00657282
1 27.3681 13.694 0.00539244 -0.00784145
1 28.4724 13.7001 0.0127293 -0.00991753
1 29.577 13.7065 0.0115489 -0.015043
1 30.6816 13.713 0.0293408 -0.0194589
1 31.7864 13.719 0.0438265 -0.0262259
1 32.8928 13.7233 0.046584 -0.0335004
1 34.003 13.7249 0.0638093 -0.0369029
1 35.1165 13.7242 0.081665 -0.0336915
1 36.2339 13.7227 0.0978502 -0.0227996
1 37.3539 13.7218 0.115689 -0.0113187
1 38.4741 13.7216 0.113369 -0.00576835
1 39.593 13.7208 0.0864895 -0.0102031
1 40.7093 13.7178 0.0718651 -0.0234429
1 41.8237 13.7132 0.087087 -0.0330057
1 42.9396 13.7069 0.101733 -0.0414159
1 44.0675 13.7003 0.120452 -0.0481552
1 0.167719 14.655 -0.111391 -0.0402679
1 1.29548 14.6624 -0.101331 -0.037795
1 2.41145 14.6685 -0.0900015 -0.0333833
1 3.52604 14.6737 -0.0770464 -0.0225847
1 4.64234 14.6764 -0.0892912 -0.00940612
1 5.76115 14.6773 -0.112289 -0.00518407
1 6.88114 14.6774 -0.113342 -0.00607969
1 8.00094 14.6778 -0.0957871 -0.0147058
1 9.11865 14.6791 -0.0764509 -0.0279762
1 10.2336 14.6807 -0.0587546 -0.0351221
1 11.3453 14.681 -0.0447856 -0.0315776
1 12.4534 14.6785 -0.0421035 -0.0274217
1 13.5591 14.6735 -0.031837 -0.0255691
1 14.6634 14.6673 -0.0187321 -0.0201808
1 15.7671 14.6607 -0.0185592 -0.0126402
1 16.8716 14.6542 -0.00454719 -0.00804383
1 17.9767 14.6483 -0.00497459 -0.00468177
1 19.0813 14.6437 -0.00918604 -0.0029341
1 20.1856 14.6412 -0.00286888 0.00211031
1 21.2904 14.6405 -0.00158497 0.0103598
1 22.3957 14.6404 0.00326087 0.0135415
1 23.5016 14.6409 -0.00364002 0.00614244
1 24.6069 14.6426 -0.00223661 -0.00271932
1 25.7113 14.6461 0.0184224 -0.0037894
1 26.8161 14.6512 0.0142172 -0.00392063
1 27.9207 14.6575 0.0100769 -0.0107645
1 29.0248 14.6639 0.0142941 -0.0195494
1 30.1289 14.6703 0.0225148 -0.0226879
1 31.2336 14.6761 0.0403067 -0.0258099
1 32.3402 14.6798 0.0423159 -0.0305151
1 33.4504 14.6808 0.0494141 -0.0318851
1 34.5638 14.6799 0.0670286 -0.030872
1 35.6801 14.6782 0.0836591 -0.0231136
1 36.799 14.6774 0.102647 -0.00857747
1 37.9188 14.6775 0.114353 -0.00146795
1 39.0385 14.6771 0.100887 -0.00731116
1 40.1564 14.6754 0.0731665 -0.0154711
1 41.2712 14.6713 0.0621852 -0.0284203
1 42.3845 14.6655 0.0690192 -0.0363263
1 43.5003 14.6588 0.0757237 -0.0421294
1 0.733783 15.6145 -0.0739161 -0.0349023
1 1.85032 15.6215 -0.0706353 -0.0297087
1 2.96368 15.6275 -0.0636881 -0.022324
1 4.07856 15.6318 -0.0706069 -0.0103477
1 5.19628 15.6336 -0.101835 -0.0039009
1 6.31629 15.6339 -0.116556 0.000735744
1 7.4361 15.6336 -0.0991569 -0.00311668
1 8.55459 15.6338 -0.0823557 -0.013996
1 9.67114 15.6349 -0.0639388 -0.0242071
1 10.7854 15.6366 -0.0448657 -0.0294872
1 11.8971 15.6372 -0.0378969 -0.0275465
1 13.0054 15.6355 -0.0342859 -0.0231346
1 14.1114 15.6313 -0.0203815 -0.0231523
1 15.2158 15.6254 -0.020286 -0.020392
1 16.3196 15.6185 -0.0213843 -0.011583
1 17.424 15.6117 -0.0167317 -0.00691203
1 18.5283 15.6065 -0.0155443 -0.00612592
1 19.6325 15.6031 0.00179397 -0.00107766
1 20.7377 15.6009 0.000805922 0.00914818
1 21.8438 15.5999 -0.00347035 0.0168568
1 22.9495 15.6004 0.00448064 0.014003
1 24.0547 15.6021 0.00266871 0.00410316
1 25.1592 15.6049 0.005673 -0.00248392
1 26.2635 15.609 0.00702272 -0.00634366
1 27.3682 15.615 0.0123479 -0.0108549
1 28.4724 15.622 0.0257562 -0.0161487
1 29.5763 15.6285 0.0222974 -0.0219676
1 30.6812 15.6335 0.0308716 -0.0238005
1 31.7884 15.6364 0.0386014 -0.0242386
1 32.8985 15.637 0.0391924 -0.028812
1 34.0116 15.6355 0.0541953 -0.0276755
1 35.1268 15.634 0.0721975 -0.0169546
1 36.2442 15.6337 0.0895653 -0.00518697
1 37.3633 15.6339 0.110563 -0.000708215
1 38.4832 15.634 0.114295 -0.00145259
1 39.6021 15.633 0.0910144 -0.0070941
1 40.7189 15.63 0.0835927 -0.0184548
1 41.834 15.6245 0.0912194 -0.0272649
1 42.9497 15.6181 0.101249 -0.030628
1 44.0769 15.6111 0.104676 -0.0277231
1 0.157803 16.5678 -0.0997157 -0.024104
1 1.28455 16.5745 -0.0979184 -0.0246592
1 2.40045 16.581 -0.0910785 -0.0222234
1 3.51561 16.5865 -0.0857679 -0.0148833
1 4.63246 16.5899 -0.0955812 -0.00177418
1 5.75178 16.5907 -0.117046 0.00207899
1 6.87196 16.5908 -0.11168 0.000918283
1 7.99105 16.5902 -0.0900891 0.00129017
1 9.1079 16.5897 -0.069377 -0.00863438
1 10.2228 16.5907 -0.0503793 -0.0224582
1 11.3365 16.5925 -0.0383042 -0.0236677
1 12.4479 16.5932 -0.035438 -0.0225131
1 13.5568 16.5925 -0.0240756 -0.0223754
1 14.6634 16.5892 -0.0176577 -0.0165442
1 15.7685 16.5833 -0.0292974 -0.0126427
1 16.8728 16.5763 -0.0175166 -0.0150124
1 17.9764 16.5703 -0.00939513 -0.0137549
1 19.0801 16.5656 -0.00838118 -0.00478757
1 20.1845 16.5622 -0.00341899 0.0086287
1 21.2899 16.56 -0.00303455 0.0173537
1 22.3957 16.5596 0.00381299 0.0193
1 23.5023 16.5612 -0.00218848 0.0144208
1 24.608 16.5641 -0.000832909 0.00338117
1 25.7121 16.5679 0.0195815 -0.00948501
1 26.8157 16.5731 0.0202098 -0.0147676
1 27.9195 16.5799 0.0242213 -0.0142731
1 29.024 16.5865 0.023945 -0.0143166
1 30.13 16.591 0.0179939 -0.0182629
1 31.2376 16.5931 0.0282315 -0.0229749
1 32.3476 16.593 0.034036 -0.024626
1 33.4603 16.5915 0.0394563 -0.0229059
1 34.5741 16.5899 0.0551174 -0.0156665
1 35.6898 16.5897 0.0771324 -0.0017967
1 36.8081 16.5907 0.100842 0.00305078
1 37.9278 16.591 0.118328 0.00149225
1 39.0482 16.5905 0.107589 -0.00125262
1 40.1665 16.5885 0.077294 -0.0105277
1 41.2817 16.5839 0.0644179 -0.0189461
1 42.3949 16.5779 0.0681833 -0.0247288
1 43.5109 16.5711 0.0680235 -0.0219713
1 0.723687 17.5285 -0.075309 -0.0160025
1 1.83962 17.5346 -0.0731974 -0.0234112
1 2.95292 17.5402 -0.0706536 -0.0199086
1 4.06821 17.5448 -0.0820226 -0.0153099
1 5.18672 17.5469 -0.111544 -0.00559881
1 6.30723 17.5474 -0.123495 -0.00121977
1 7.42782 17.5471 -0.103055 0.001014
1 8.54584 17.5463 -0.0749929 -0.00159942
1 9.66068 17.5457 -0.0511621 -0.00868903
1 10.7744 17.5462 -0.036394 -0.0179114
1 11.8873 17.5476 -0.0301959 -0.025056
1 12.998 17.5492 -0.0262458 -0.0242447
1 14.1073 17.5487 -0.0162958 -0.0163389
1 15.2153 17.5455 -0.0171977 -0.0136487
1 16.3212 17.5404 -0.0201455 -0.0174072
1 17.425 17.5347 -0.0227095 -0.0219584
1 18.528 17.5292 -0.0268402 -0.0178328
1 19.6314 17.5242 -0.00607833 -0.0049239
1 20.7368 17.5203 -0.00106347 0.00906603
1 21.8436 17.5185 -0.00457968 0.016956
1 22.9501 17.5192 0.0043625 0.0156537
1 24.0556 17.5221 0.00818706 0.00463066
1 25.1597 17.5266 0.0164767 -0.0110698
1 26.2631 17.532 0.0146904 -0.0217887
1 27.3667 17.5375 0.0157976 -0.0211543
1 28.4715 17.543 0.0259932 -0.0123448
1 29.5783 17.5474 0.0188576 -0.0127557
1 30.6871 17.5492 0.0236259 -0.0216998
1 31.7974 17.5485 0.032485 -0.0256707
1 32.9093 17.5469 0.033759 -0.0220448
1 34.0227 17.5458 0.0424025 -0.0152182
1 35.1364 17.5457 0.0604127 -0.00432605
1 36.2526 17.5467 0.0878021 0.00098565
1 37.372 17.5472 0.115529 -0.000961546
1 38.4929 17.5471 0.119939 -0.00203426
1 39.6127 17.5462 0.097318 -0.00765959
1 40.73 17.5428 0.0831087 -0.0193955
1 41.8451 17.5378 0.0887244 -0.0242168
1 42.9607 17.5314 0.0950365 -0.0200085
1 44.0869 17.5246 0.100092 -0.0152115
1 0.149312 18.4834 -0.107664 -0.00862677
1 1.27503 18.4889 -0.0992283 -0.0155787
1 2.39018 18.4948 -0.0905301 -0.0178378
1 3.5047 18.4996 -0.0829914 -0.0131078
1 4.62179 18.5028 -0.101721 -0.00326433
1 5.74194 18.5039 -0.12389 0.000252527
1 6.86327 18.504 -0.118906 -0.00150281
1 7.98326 18.5039 -0.0911012 0.000663567
1 9.09942 18.5031 -0.0624041 0.00335497
1 10.2128 18.5021 -0.0385074 -0.00343204
1 11.3254 18.5024 -0.026723 -0.0134028
1 12.4373 18.5039 -0.0311153 -0.0190015
1 13.5485 18.5052 -0.0261098 -0.0151794
1 14.6586 18.5046 -0.0148699 -0.00890043
1 15.7667 18.502 -0.0180265 -0.0108726
1 16.8729 18.4984 -0.00904854 -0.0164759
1 17.9773 18.4938 -0.0124667 -0.0174129
1 19.0808 18.4882 -0.0208739 -0.0102261
1 20.1847 18.4827 -0.0183423 0.00190265
1 21.2897 18.4787 -0.0117345 0.012372
1 22.3957 18.4777 0.00843261 0.0152943
1 23.5022 18.4802 0.0109299 0.00901062
1 24.6075 18.4854 0.012227 -0.00334425
1 25.7112 18.4912 0.0266809 -0.0143845
1 26.8151 18.4963 0.0178105 -0.0155218
1 27.92 18.5004 0.0136564 -0.0120239
1 29.027 18.5035 0.0146089 -0.00971248
1 30.1365 18.5051 0.0167786 -0.0122733
1 31.2472 18.5047 0.0284693 -0.0195625
1 32.3585 18.5029 0.0280371 -0.0180298
1 33.4709 18.502 0.0296812 -0.0073575
1 34.5836 18.5026 0.0448707 0.000953658
1 35.6978 18.5035 0.0713884 0.000816631
1 36.8159 18.5038 0.102426 0.000539034
1 37.9367 18.5039 0.125182 0.00140888
1 39.058 18.5035 0.11792 -0.00280766
1 40.1775 18.5013 0.0873974 -0.00971624
1 41.2929 18.4971 0.0708672 -0.0122353
1 42.4064 18.492 0.0706566 -0.0151948
1 43.5217 18.4864 0.0710198 -0.0130211
1 0.714607 19.4447 -0.0703949 -0.00958083
1 1.82964 19.4503 -0.068479 -0.0129501
1 2.94244 19.4549 -0.0683158 -0.0113388
1 4.05762 19.4582 -0.0862885 -0.00310085
1 5.17696 19.46 -0.118895 -9.10859e-05
1 6.29852 19.4606 -0.127315 0.00278683
1 7.41995 19.4607 -0.105115 -0.000557435
1 8.53858 19.4608 -0.0745534 -0.0003101
1 9.65313 19.46 -0.0447223 0.00540673
1 10.7654 19.4588 -0.0243462 0.00137396
1 11.877 19.4587 -0.0206385 -0.00919895
1 12.9881 19.46 -0.0245785 -0.0130527
1 14.0992 19.4607 -0.0172772 -0.00967702
1 15.2094 19.4604 -0.0120132 -0.00891135
1 16.3175 19.4592 -0.00763594 -0.009935
1 17.4236 19.4566 -0.0107114 -0.00854008
1 18.5289 19.4523 -0.0251132 -0.00447545
1 19.6336 19.4464 -0.0169891 0.000182876
1 20.7388 19.4408 -0.0153204 0.00284406
1 21.844 19.4377 -0.00905243 0.00378111
1 22.9486 19.4387 0.0142689 0.00339326
1 24.0532 19.4432 0.0214948 0.00226386
1 25.158 19.4493 0.0222764 -0.00036916
1 26.2632 19.4548 0.0101462 -0.0053039
1 27.3692 19.4582 0.0049139 -0.00941343
1 28.4763 19.46 0.0142171 -0.0092002
1 29.5854 19.4607 0.0138832 -0.0100538
1 30.6962 19.4604 0.0245767 -0.0130704
1 31.8075 19.4591 0.0275313 -0.0117794
1 32.9188 19.4584 0.0208929 -0.00374605
1 34.0306 19.4593 0.0337311 0.00444949
1 35.1436 19.4606 0.0608197 0.00453028
1 36.26 19.4608 0.0916433 -0.000895576
1 37.3803 19.4605 0.120858 0.00102016
1 38.5022 19.4604 0.128547 0.00174411
1 39.6231 19.459 0.10565 -0.00249445
1 40.7405 19.4564 0.0867094 -0.00830016
1 41.8552 19.4523 0.0935677 -0.0115461
1 42.97 19.4477 0.102252 -0.0115732
1 44.095 19.4427 0.117504 -0.0101196
1 0.141178 20.4009 -0.110961 -0.00689607
1 1.26554 20.4068 -0.101778 -0.0116524
1 2.3804 20.4109 -0.0929117 -0.0119399
1 3.49514 20.4139 -0.0863395 -0.0106032
1 4.61255 20.4157 -0.106337 -0.00672938
1 5.73366 20.4166 -0.131727 -0.00478079
1 6.8558 20.4169 -0.119457 -0.00752301
1 7.97624 20.4174 -0.0911297 -0.00924913
1 9.09328 20.4173 -0.064299 -0.00267632
1 10.2069 20.4163 -0.0338967 0.00143967
1 11.3183 20.415 -0.0144809 -0.00231751
1 12.4287 20.4146 -0.0204424 -0.0109941
1 13.5399 20.4152 -0.0205907 -0.0159024
1 14.6505 20.4162 -0.010042 -0.0173321
1 15.7596 20.4169 -0.011124 -0.0165785
1 16.8677 20.4164 -0.00282248 -0.0104009
1 17.9755 20.4137 -0.00880647 -0.00289403
1 19.0824 20.4089 -0.0185975 -0.000591046
1 20.1878 20.4036 -0.0156241 -0.00704537
1 21.2918 20.3998 -0.0099009 -0.0147445
1 22.395 20.3989 0.00718539 -0.0168319
1 23.4993 20.4014 0.00755597 -0.0112426
1 24.6048 20.4062 0.00998079 -0.00244373
1 25.7111 20.4114 0.0241621 0.00072934
1 26.8185 20.4153 0.0130562 -0.00491243
1 27.9262 20.4169 0.00635412 -0.0144329
1 29.0349 20.4167 0.0088835 -0.019172
1 30.1451 20.4157 0.0135732 -0.0162649
1 31.256 20.4147 0.0213579 -0.0129063
1 32.3664 20.4145 0.0144283 -0.00679745
1 33.4772 20.4156 0.0198242 0.000566401
1 34.5893 20.417 0.0460664 -0.000558427
1 35.7043 20.4174 0.078494 -0.00708094
1 36.8234 20.417 0.106689 -0.0077178
1 37.945 20.4167 0.129628 -0.00410704
1 39.0673 20.4161 0.12137 -0.00649443
1 40.1869 20.4146 0.0854955 -0.00765474
1 41.3021 20.4122 0.0668301 -0.0118379
1 42.4148 20.4089 0.0649003 -0.012237
1 43.5293 20.4044 0.068625 -0.0122656
1 0.70529 21.3634 -0.0634738 -0.0118385
1 1.82081 21.3674 -0.0623713 -0.00944254
1 2.9339 21.3699 -0.0607082 -0.00308148
1 4.04942 21.3714 -0.0782076 0.000286246
1 5.16892 21.3722 -0.117833 0.00157548
1 6.29115 21.3729 -0.128203 -9.74144e-05
1 7.41312 21.3735 -0.106712 -0.00094999
1 8.5329 21.3737 -0.0796337 0.000190537
1 9.64881 21.3736 -0.0465899 0.00321977
1 10.7612 21.3729 -0.0193587 0.00869966
1 11.8719 21.3713 -0.0110026 0.00798617
1 12.9817 21.3705 -0.0127299 -0.00134012
1 14.0916 21.3713 -0.00378424 -0.0113762
1 15.2013 21.3731 -0.00367349 -0.0128673
1 16.3103 21.3741 -0.00930399 -0.00325544
1 17.4193 21.3728 -0.0147961 0.00809302
1 18.5278 21.3696 -0.0196724 0.0108449
1 19.6347 21.3657 0.000586026 0.00380994
1 20.7402 21.3626 0.0029627 -0.00849378
1 21.8444 21.3611 -0.00502105 -0.0156057
1 22.9477 21.3616 0.00113994 -0.012471
1 24.0518 21.364 0.00272152 -0.00148297
1 25.1577 21.3675 0.0102258 0.00830502
1 26.2656 21.3712 0.0088217 0.00934506
1 27.375 21.3735 0.00804236 0.00155018
1 28.4843 21.3737 0.012425 -0.00892624
1 29.5935 21.3722 0.00499558 -0.0124094
1 30.7032 21.3706 0.0132437 -0.00609246
1 31.8133 21.3707 0.0158089 0.00489096
1 32.9234 21.3721 0.0122631 0.00914506
1 34.0348 21.3734 0.0333921 0.00557148
1 35.1487 21.3736 0.0666203 0.00212516
1 36.2664 21.3736 0.0936634 -0.000410158
1 37.3871 21.3731 0.117934 -0.00141535
1 38.5093 21.3724 0.128249 0.00122066
1 39.6303 21.3717 0.105045 0.00338235
1 40.748 21.3705 0.0891161 -0.000627694
1 41.863 21.3686 0.0937137 -0.0048423
1 42.9777 21.3658 0.101286 -0.011107
1 44.1019 21.3617 0.107534 -0.00607921
1 0.1337 22.322 -0.0962798 -0.00662416
1 1.25784 22.3249 -0.0909296 -0.00770626
1 2.37337 22.327 -0.0879618 -0.00338575
1 3.48904 22.3278 -0.0829051 -0.00112416
1 4.60684 22.3285 -0.0985123 0.00132111
1 5.72764 22.3288 -0.125573 -0.00145385
1 6.84987 22.3294 -0.120689 -0.00331404
1 7.97127 22.3297 -0.0945805 -0.00190197
1 9.08936 22.3298 -0.0677635 -0.0026033
1 10.2041 22.33 -0.0394012 0.00101505
1 11.3162 22.329 -0.0159425 0.00767898
1 12.4259 22.3274 -0.0108008 0.00408647
1 13.535 22.3272 -0.00258475 -0.00766857
1 14.6438 22.3286 0.00208061 -0.0135483
1 15.7531 22.3301 -0.0119718 -0.00833676
1 16.8632 22.3301 -0.00720576 0.00140104
1 17.9728 22.3284 -0.00396915 0.00669453
1 19.0806 22.3261 -0.00295352 0.00393519
1 20.1865 22.3241 0.00332728 -0.00465385
1 21.2912 22.3231 0.00231307 -0.0120311
1 22.3954 22.3228 0.00371149 -0.0135886
1 23.5004 22.3234 -0.00964302 -0.00883117
1 24.6061 22.3249 -0.00968783 -0.000595866
1 25.713 22.327 0.013114 0.00559681
1 26.8221 22.3291 0.0143469 0.00479755
1 27.932 22.3301 0.0119832 -0.00286724
1 29.0418 22.3294 0.0043574 -0.0113682
1 30.151 22.3278 -0.00328129 -0.0111033
1 31.2597 22.3271 0.00445287 -0.000912676
1 32.3686 22.3282 0.0106997 0.00698024
1 33.4797 22.3297 0.0256617 0.00529747
1 34.5928 22.3299 0.0508528 -0.00215817
1 35.7088 22.3296 0.0799319 -0.00237502
1 36.8289 22.3297 0.107802 -0.00258257
1 37.9509 22.3292 0.128181 -0.00386254
1 39.073 22.3286 0.116736 -0.000308473
1 40.1925 22.3282 0.0812722 -0.000330484
1 41.3081 22.3273 0.0630524 -0.00113897
1 42.4214 22.3262 0.06268 -0.00628939
1 43.5368 22.3234 0.0607953 -0.00639443
1 0.700121 23.2838 -0.0616854 -0.000906064
1 1.81599 23.2845 -0.0634605 -0.00316367
1 2.93007 23.2848 -0.0649996 -0.00147729
1 4.04612 23.2851 -0.0803478 -0.00340085
1 5.16573 23.2852 -0.113374 -0.00296165
1 6.2874 23.2854 -0.125996 -0.00453583
1 7.40973 23.2857 -0.108483 -0.00409158
1 8.52992 23.2857 -0.0799414 -0.00363358
1 9.64643 23.2859 -0.0537628 -0.00464184
1 10.7604 23.2857 -0.0284963 -0.00114116
1 11.8715 23.285 -0.00977499 0.000249133
1 12.9799 23.2846 9.83749e-05 -0.00371404
1 14.0879 23.2849 0.00676975 -0.00788728
1 15.1972 23.2856 -0.00214971 -0.00841298
1 16.3072 23.286 -0.00954819 -0.00470468
1 17.417 23.2856 -0.00895357 -0.00145969
1 18.5255 23.2849 -0.00900453 -0.00111033
1 19.6322 23.2842 0.0108858 -0.00293526
1 20.7384 23.2838 0.00953743 -0.00596326
1 21.8441 23.2835 -0.00325577 -0.00781532
1 22.9491 23.2835 -0.00284799 -0.00813921
1 24.0542 23.2837 -0.00665828 -0.00600251
1 25.1602 23.2842 -0.00203377 -0.00277003
1 26.2679 23.285 0.000164297 -0.00108631
1 27.3777 23.2857 0.00710198 -0.00209481
1 28.4881 23.2857 0.0139455 -0.00561556
1 29.5977 23.2852 -0.00174938 -0.00802794
1 30.7061 23.2847 -0.00163142 -0.0066566
1 31.8142 23.2848 0.00725753 -0.00156088
1 32.9238 23.2854 0.0179806 0.000784662
1 34.0366 23.2858 0.0436128 -0.00314089
1 35.1516 23.2857 0.0685572 -0.00493511
1 36.2698 23.2856 0.0947491 -0.00444145
1 37.3913 23.2856 0.121116 -0.00464076
1 38.5137 23.2854 0.123878 -0.00320244
1 39.6343 23.2854 0.097059 -0.00317637
1 40.7521 23.2851 0.0792069 -0.00378138
1 41.8675 23.2849 0.0853015 -0.00198284
1 42.9832 23.284 0.0887535 -0.00234913
1 44.1076 23.2823 0.0903455 -0.00190584
1 0.132486 24.2447 -0.0887006 0.00284876
1 1.25688 24.243 -0.0885763 0.00291974
1 2.37254 24.242 -0.0853395 0.00304519
1 3.48793 24.2419 -0.0788001 0.00351575
1 4.60562 24.2417 -0.0972762 0.00314281
1 5.72619 24.2417 -0.124388 0.00328794
1 6.84851 24.2416 -0.121939 0.00502937
1 7.97016 24.2416 -0.0961032 0.00484481
1 9.08831 24.2416 -0.0706705 0.00534156
1 10.2036 24.2414 -0.0448783 0.00347884
1 11.3164 24.2418 -0.0179322 -0.000270642
1 12.4259 24.2424 -0.00634968 0.00161324
1 13.534 24.2426 0.00269421 0.00655851
1 14.6423 24.242 0.00276849 0.00783247
1 15.7519 24.2416 -0.0130204 0.00558299
1 16.8623 24.2417 -0.00517864 0.00230694
1 17.972 24.2423 0.00081222 0.00143034
1 19.0797 24.2431 0.00177975 0.00309288
1 20.1856 24.2437 0.00597874 0.00652726
1 21.2907 24.2439 0.00292282 0.00870954
1 22.3956 24.2438 0.00351979 0.00821765
1 23.5014 24.2436 -0.0103503 0.0064196
1 24.6075 24.2431 -0.0125326 0.00336385
1 25.7143 24.2424 0.00808717 0.00147757
1 26.823 24.2417 0.00944945 0.00189656
1 27.9329 24.2414 0.0100228 0.00482298
1 29.043 24.2417 0.00360335 0.00817157
1 30.1522 24.2424 -0.00663758 0.0078517
1 31.2603 24.2427 -0.00033915 0.00366786
1 32.3686 24.2422 0.00975861 -0.000115325
1 33.4798 24.2415 0.0289209 0.00147235
1 34.5937 24.2414 0.0529882 0.00508256
1 35.71 24.2416 0.0794627 0.00418733
1 36.8301 24.2415 0.107812 0.00407149
1 37.9523 24.2418 0.126866 0.0046328
1 39.0742 24.242 0.11513 0.00312744
1 40.1939 24.2419 0.0824072 0.00322192
1 41.31 24.2421 0.0655043 0.00219852
1 42.4241 24.2424 0.0626905 0.00406347
1 43.5397 24.2433 0.0580133 0.00241053
1 0.703221 25.2037 -0.0625673 0.00699174
1 1.81878 25.201 -0.0634193 0.00767779
1 2.932 25.1997 -0.0624613 0.000880694
1 4.04751 25.1989 -0.0793129 0.000194068
1 5.16692 25.1986 -0.115264 -0.000244052
1 6.2888 25.1981 -0.1278 0.00388669
1 7.41106 25.1976 -0.108739 0.00247242
1 8.53115 25.1976 -0.0804901 0.00197622
1 9.64734 25.1973 -0.0516993 0.00173334
1 10.7606 25.1975 -0.0247895 -0.00585079
1 11.8716 25.1991 -0.0108084 -0.00786534
1 12.9805 25.2002 -0.00416697 0.00040995
1 14.0891 25.1995 0.00354619 0.0104374
1 15.1983 25.198 -0.00321669 0.0104442
1 16.3081 25.1972 -0.0112974 0.00191941
1 17.4179 25.1982 -0.0132432 -0.00554696
1 18.5268 25.2003 -0.0132608 -0.00629526
1 19.6337 25.2025 0.00849742 -3.28039e-05
1 20.7394 25.2039 0.00911808 0.00810677
1 21.8443 25.2045 -0.00309576 0.0129054
1 22.9485 25.2042 -0.00236184 0.0112321
1 24.0533 25.2031 -0.00460959 0.00387629
1 25.1592 25.2012 0.00205397 -0.00456918
1 26.2671 25.1989 0.00423466 -0.00718612
1 27.3768 25.1973 0.00845149 -0.00193061
1 28.4868 25.1972 0.0129583 0.00723724
1 29.5962 25.1986 -0.00070365 0.0127048
1 30.7051 25.2001 0.00326891 0.0072828
1 31.8141 25.1999 0.0118489 -0.00470693
1 32.9239 25.1983 0.0155898 -0.00868018
1 34.036 25.1972 0.0375021 -0.00173962
1 35.1504 25.1975 0.0660787 0.00248719
1 36.2686 25.1976 0.0932715 0.00134009
1 37.3898 25.1978 0.120151 0.00279735
1 38.5122 25.1984 0.125156 0.000844383
1 39.6331 25.1987 0.0991573 -0.00148015
1 40.7509 25.1993 0.0833955 0.00188901
1 41.8666 25.2001 0.0880552 0.00362702
1 42.9821 25.2022 0.0914705 0.00952232
1 44.1061 25.2052 0.0985428 0.00762888
1 0.13837 26.1657 -0.10585 0.00771126
1 1.26245 26.1615 -0.100848 0.0118908
1 2.37718 26.1585 -0.0937567 0.00552276
1 3.49203 26.1565 -0.0890578 9.5214e-05
1 4.6095 26.1555 -0.105203 -0.00351933
1 5.73046 26.1549 -0.129577 -0.000695307
1 6.85263 26.1541 -0.119134 0.00249031
1 7.97353 26.1536 -0.0949891 0.00128024
1 9.09131 26.1536 -0.0683771 -0.00150584
1 10.2055 26.1539 -0.0353402 -0.00462475
1 11.3168 26.1552 -0.0128433 -0.0085263
1 12.4268 26.1566 -0.015172 -0.00402222
1 13.5369 26.1566 -0.0125798 0.00698618
1 14.6466 26.1552 -0.00360586 0.013092
1 15.7557 26.1536 -0.0111848 0.0100564
1 16.8651 26.1538 -0.00653265 -0.000648315
1 17.9744 26.1561 -0.00811211 -0.0086557
1 19.0822 26.1598 -0.0105692 -0.00752208
1 20.188 26.1633 -0.00344086 0.0021197
1 21.2921 26.1656 -0.00105929 0.0126937
1 22.3953 26.1661 0.00544654 0.0157133
1 23.4995 26.1646 -0.00376991 0.00895438
1 24.6051 26.1614 -0.00210137 -0.00311343
1 25.712 26.1576 0.0191721 -0.00980917
1 26.8207 26.1544 0.0155378 -0.0069581
1 27.9297 26.1532 0.00956134 0.00439742
1 29.0388 26.1542 0.00473996 0.0138009
1 30.1485 26.156 0.00414341 0.0121208
1 31.2584 26.1568 0.013345 0.00228003
1 32.3682 26.156 0.011538 -0.00678892
1 33.4789 26.1545 0.0197969 -0.00835497
1 34.5912 26.1537 0.0459754 -0.00259723
1 35.707 26.1536 0.0787438 0.000403191
1 36.8267 26.1538 0.106476 0.00130708
1 37.9485 26.1543 0.128743 0.000146785
1 39.071 26.155 0.119648 -0.000851232
1 40.1906 26.1558 0.0801109 -0.000308764
1 41.3062 26.1574 0.0611837 0.00382377
1 42.4192 26.1597 0.0610092 0.00904678
1 43.5344 26.1638 0.0619083 0.0129795
1 0.710687 27.123 -0.0705677 0.0125847
1 1.82551 27.1184 -0.0666335 0.0136303
1 2.93811 27.1149 -0.0667912 0.0123383
1 4.05321 27.1126 -0.0838574 0.00789113
1 5.17258 27.1113 -0.120432 0.00677785
1 6.29477 27.1107 -0.129615 0.00504977
1 7.41654 27.1104 -0.107551 0.00912338
1 8.53578 27.1099 -0.0799166 0.00826615
1 9.65104 27.1104 -0.0470267 0.00180271
1 10.7631 27.1118 -0.0193599 0.00100507
1 11.8739 27.1129 -0.0139045 0.00812104
1 12.9842 27.1127 -0.020399 0.0145247
1 14.0951 27.1118 -0.0130197 0.0179971
1 15.2053 27.1108 -0.0078933 0.0210455
1 16.3139 27.1105 -0.0063546 0.0161725
1 17.4216 27.1122 -0.0126651 0.00668058
1 18.5288 27.116 -0.0248353 0.00085587
1 19.635 27.1212 -0.0111164 0.00401423
1 20.7405 27.1259 -0.00773437 0.0130016
1 21.8447 27.1283 -0.00671628 0.0188168
1 22.948 27.1274 0.00957752 0.0163946
1 24.052 27.1236 0.0147139 0.00878695
1 25.1575 27.1183 0.0183629 0.00247621
1 26.2645 27.1136 0.00969828 0.00489132
1 27.3722 27.1109 0.00439639 0.0122911
1 28.4804 27.1104 0.01245 0.0182216
1 29.5895 27.1111 0.0116387 0.0193089
1 30.7002 27.1122 0.0209717 0.0178559
1 31.8113 27.1128 0.0206956 0.0126446
1 32.9218 27.1125 0.0137186 0.00404593
1 34.0331 27.1112 0.031916 -0.000216486
1 35.1464 27.1101 0.062664 0.00331404
1 36.2636 27.11 0.0904962 0.00991424
1 37.3839 27.1104 0.118866 0.00786299
1 38.5061 27.1106 0.131251 0.00519271
1 39.6273 27.1116 0.106164 0.00777125
1 40.7448 27.1135 0.0863557 0.0113989
1 41.8596 27.1166 0.0925794 0.0118965
1 42.9743 27.1204 0.10248 0.011767
1 44.0987 27.1262 0.113019 0.00690192
1 0.145397 28.0849 -0.115624 0.00972947
1 1.27029 28.0797 -0.101522 0.0114661
1 2.38507 28.075 -0.0932282 0.011884
1 3.49956 28.071 -0.0859556 0.00849588
1 4.61685 28.0684 -0.105228 0.00162898
1 5.73759 28.0672 -0.129196 -0.00187504
1 6.8596 28.067 -0.121834 -0.000993147
1 7.98001 28.0666 -0.0924313 0.00116407
1 9.09641 28.0668 -0.0620376 -0.00457611
1 10.2097 28.0682 -0.0349419 -0.00447256
1 11.3214 28.0691 -0.0216101 0.0040429
1 12.4326 28.0684 -0.0272955 0.0121791
1 13.544 28.0671 -0.0242144 0.0130948
1 14.6547 28.0668 -0.0122689 0.0101642
1 15.7637 28.0675 -0.0129197 0.00970902
1 16.8709 28.0693 -0.00380334 0.00966449
1 17.9768 28.0728 -0.00924885 0.00534717
1 19.0819 28.0782 -0.0220571 0.000864804
1 20.1866 28.0842 -0.0222448 -0.00152926
1 21.2912 28.0887 -0.0147938 -0.0025942
1 22.3957 28.0896 0.00934169 -0.00308844
1 23.5009 28.0866 0.0151311 -0.00216306
1 24.6061 28.081 0.0159635 0.000495773
1 25.7109 28.0751 0.0247215 0.00526441
1 26.8163 28.0708 0.0112556 0.00876179
1 27.9225 28.0682 0.00763105 0.0101471
1 29.0306 28.067 0.0128724 0.00929552
1 30.1408 28.0667 0.0178395 0.010144
1 31.252 28.0675 0.0260252 0.0134271
1 32.3632 28.0688 0.0213577 0.00992295
1 33.4749 28.0688 0.0240401 -0.00131003
1 34.5869 28.0676 0.0431037 -0.00588298
1 35.7013 28.0667 0.0727157 -0.000132253
1 36.8198 28.0668 0.104462 -0.000593864
1 37.9411 28.0668 0.127467 -0.00379613
1 39.0628 28.0673 0.120148 6.40491e-05
1 40.1824 28.0693 0.0879995 0.00377719
1 41.2976 28.0727 0.0678144 0.0110417
1 42.4105 28.0772 0.0661353 0.0121929
1 43.5252 28.0826 0.068532 0.00919037
1 0.718606 29.0411 -0.0725439 0.0130184
1 1.83404 29.0354 -0.0727405 0.014774
1 2.94733 29.0302 -0.0710252 0.012202
1 4.06259 29.026 -0.0853429 0.00930809
1 5.18187 29.0239 -0.116895 0.0021095
1 6.30311 29.0234 -0.125755 -0.000847773
1 7.42416 29.0234 -0.103313 -0.000121626
1 8.54227 29.0237 -0.0722919 -0.00151419
1 9.65668 29.0247 -0.0458576 -0.00133681
1 10.7695 29.0254 -0.0299412 0.00729136
1 11.8818 29.0244 -0.0277311 0.0175246
1 12.993 29.0226 -0.0271429 0.0190808
1 14.1036 29.0223 -0.0157128 0.0116592
1 15.2131 29.0239 -0.0134318 0.00905553
1 16.3201 29.027 -0.0139956 0.0113424
1 17.425 29.0311 -0.0176723 0.0145332
1 18.5288 29.0362 -0.0271915 0.0131106
1 19.6324 29.042 -0.0129283 0.00247572
1 20.7375 29.0471 -0.0106352 -0.00988607
1 21.8439 29.0496 -0.00806107 -0.0161551
1 22.95 29.0486 0.011071 -0.0132949
1 24.0552 29.0446 0.0174299 -0.00296439
1 25.159 29.039 0.0210524 0.00935121
1 26.2626 29.0334 0.0136511 0.0168025
1 27.3671 29.0289 0.0101521 0.0156095
1 28.4731 29.0252 0.0189447 0.00986765
1 29.5814 29.0227 0.0161341 0.00846556
1 30.6915 29.0221 0.0262019 0.0148714
1 31.8027 29.0234 0.0315131 0.0185192
1 32.9146 29.025 0.0263779 0.0134387
1 34.0273 29.0253 0.0370112 0.00311629
1 35.1404 29.0243 0.0605832 -0.00438337
1 36.2566 29.0234 0.0897267 -0.00187215
1 37.3764 29.0232 0.118319 0.000759538
1 38.4978 29.0233 0.123394 -0.000768199
1 39.618 29.0245 0.102184 0.00377945
1 40.7352 29.0278 0.0836513 0.0133112
1 41.8499 29.0328 0.091079 0.0170837
1 42.9649 29.0385 0.0997933 0.0140214
1 44.0907 29.044 0.11031 0.00867048
1 0.153548 30.0027 -0.0981669 0.0148302
1 1.27959 29.996 -0.0943757 0.0211308
1 2.39519 29.9895 -0.0881795 0.0252384
1 3.51013 29.9845 -0.0823541 0.0205768
1 4.62718 29.981 -0.096771 0.00897282
1 5.74694 29.9801 -0.120941 0.00417739
1 6.86783 29.9799 -0.116534 0.00265409
1 7.98738 29.9805 -0.0889645 0.000588462
1 9.10355 29.9815 -0.0626087 0.0058725
1 10.2176 29.9815 -0.0444323 0.0162526
1 11.331 29.9803 -0.0340839 0.0229633
1 12.4428 29.9787 -0.0319312 0.0264986
1 13.5531 29.9781 -0.0237147 0.0223162
1 14.6617 29.9799 -0.0176544 0.0137338
1 15.7685 29.9843 -0.0253836 0.0131365
1 16.8734 29.9897 -0.0153789 0.0214262
1 17.977 29.9953 -0.0135709 0.0221487
1 19.0803 30.0006 -0.0159121 0.0114217
1 20.1843 30.0051 -0.00880841 -0.00427193
1 21.2897 30.008 -0.0047849 -0.0149638
1 22.396 30.0087 0.00506348 -0.0162752
1 23.5029 30.0068 0.000915193 -0.00855676
1 24.6083 30.0029 0.00506506 0.00532284
1 25.7119 29.998 0.0265685 0.0184899
1 26.8151 29.9925 0.0231509 0.0224402
1 27.9189 29.9868 0.0200618 0.0179378
1 29.0247 29.9817 0.018623 0.01427
1 30.1327 29.9784 0.017016 0.0171424
1 31.2421 29.978 0.0271661 0.0250584
1 32.3528 29.9796 0.0307512 0.026062
1 33.4658 29.981 0.0366334 0.0190342
1 34.5794 29.9816 0.0508723 0.00994795
1 35.6941 29.9811 0.0739768 0.00259114
1 36.8121 29.9801 0.102078 -0.00029434
1 37.9324 29.9798 0.1229 0.00234465
1 39.0531 29.9802 0.11282 0.00765913
1 40.1717 29.9826 0.0836922 0.0174567
1 41.2871 29.9872 0.0710043 0.0207844
1 42.4005 29.9929 0.0712621 0.0234365
1 43.5162 29.9989 0.0736361 0.0153159
1 0.729119 30.9564 -0.0695503 0.0214102
1 1.84544 30.9496 -0.0692712 0.02462
1 2.95858 30.9435 -0.0634913 0.0191588
1 4.07365 30.9388 -0.0749414 0.0101187
1 5.19175 30.9369 -0.105479 0.00146422
1 6.31189 30.9364 -0.11839 -0.00105459
1 7.43186 30.9367 -0.101458 -0.00265929
1 8.55026 30.9376 -0.0789622 0.00217033
1 9.66611 30.9374 -0.0562336 0.0159437
1 10.7801 30.9358 -0.0399439 0.0232378
1 11.8927 30.9344 -0.0336829 0.0244021
1 13.0026 30.9343 -0.0274197 0.0227756
1 14.1101 30.9364 -0.0175488 0.0183071
1 15.2161 30.941 -0.0225249 0.0141931
1 16.3207 30.9475 -0.0244739 0.0143498
1 17.4245 30.9542 -0.0201772 0.014724
1 18.5279 30.9595 -0.0200391 0.0095488
1 19.6318 30.9633 -0.000397265 -0.00290797
1 20.7374 30.9662 0.0017311 -0.0139365
1 21.8439 30.9677 -0.00336856 -0.0189604
1 22.9499 30.9673 0.00269441 -0.0167946
1 24.0553 30.9651 0.00297319 -0.00821417
1 25.1598 30.9616 0.00924983 0.00494271
1 26.2636 30.957 0.0109043 0.0139627
1 27.3673 30.951 0.0182359 0.0153623
1 28.4714 30.944 0.0301765 0.0125383
1 29.5766 30.9381 0.0191863 0.0164803
1 30.6832 30.9348 0.0239071 0.022055
1 31.792 30.934 0.0358811 0.0223312
1 32.9035 30.9348 0.0382344 0.0237393
1 34.0173 30.9366 0.049021 0.0230023
1 35.1319 30.9377 0.0678191 0.00923638
1 36.2488 30.9372 0.0890513 -0.00187333
1 37.3678 30.9366 0.110329 -0.00143171
1 38.488 30.9366 0.115496 -0.0021645
1 39.6072 30.9376 0.0956519 0.0025432
1 40.7243 30.9411 0.0866269 0.01462
1 41.8395 30.9466 0.0913091 0.0216208
1 42.9554 30.9531 0.0989142 0.0236783
1 44.0821 30.9598 0.101243 0.0230398
1 0.163381 31.9165 -0.101981 0.0273398
1 1.29053 31.9094 -0.0995553 0.0291165
1 2.4063 31.903 -0.0911773 0.0263586
1 3.5213 31.8975 -0.0824993 0.0173046
1 4.63786 31.8944 -0.0904261 0.00512649
1 5.75672 31.8935 -0.114425 0.000392728
1 6.87656 31.8935 -0.111058 -0.000785188
1 7.99573 31.8937 -0.0907664 0.00386509
1 9.11319 31.8934 -0.0746353 0.0153176
1 10.2287 31.8918 -0.0560733 0.0260181
1 11.3418 31.8904 -0.0398846 0.0268537
1 12.4517 31.891 -0.0378002 0.0223792
1 13.5589 31.8941 -0.0306677 0.021976
1 14.6638 31.899 -0.0208869 0.0204487
1 15.7676 31.9054 -0.0249671 0.014598
1 16.8719 31.9124 -0.0114973 0.00901197
1 17.9765 31.9184 -0.0056233 0.00507581
1 19.0808 31.9226 -0.00493125 0.00109485
1 20.1852 31.9253 -0.00288235 -0.00578269
1 21.2903 31.927 -0.00458564 -0.0153302
1 22.3958 31.9275 0.00383963 -0.018189
1 23.502 31.9265 -0.00125509 -0.0107826
1 24.6073 31.9243 -0.00319566 -0.000323254
1 25.7117 31.9209 0.0148546 0.00479127
1 26.8162 31.9156 0.0166866 0.00541102
1 27.9205 31.9088 0.0209774 0.0100287
1 29.0242 31.9019 0.0216437 0.0187722
1 30.1286 31.8961 0.0210685 0.0214471
1 31.2346 31.8918 0.0350678 0.0213511
1 32.343 31.8901 0.0380236 0.0258379
1 33.4547 31.8907 0.0445407 0.0275306
1 34.5689 31.8925 0.0633353 0.0228199
1 35.6853 31.8937 0.0810849 0.0123417
1 36.8038 31.8938 0.0988693 0.00111081
1 37.9233 31.8936 0.115402 -0.00270836
1 39.0434 31.8938 0.10255 0.00225922
1 40.1613 31.8957 0.0722693 0.00931913
1 41.2762 31.9001 0.0635752 0.020884
1 42.3896 31.9062 0.0687812 0.0285463
1 43.5058 31.9132 0.0715176 0.0338064
1 0.739746 32.8687 -0.0780979 0.0421823
1 1.85584 32.8619 -0.0712406 0.0370758
1 2.96915 32.856 -0.062341 0.0289422
1 4.08386 32.852 -0.0707643 0.0164096
1 5.20156 32.8503 -0.0989753 0.00847081
1 6.32103 32.8499 -0.113763 0.00259924
1 7.44093 32.85 -0.102158 0.0096866
1 8.55998 32.8491 -0.085434 0.0237559
1 9.67651 32.8473 -0.0681371 0.0312418
1 10.7899 32.8465 -0.0504752 0.0320885
1 11.9001 32.8476 -0.0421203 0.0305382
1 13.0066 32.8513 -0.0387846 0.0258935
1 14.1112 32.8571 -0.0219528 0.0229036
1 15.2153 32.8634 -0.0129143 0.019899
1 16.3194 32.8698 -0.0100058 0.0113383
1 17.4241 32.8761 -0.0136414 0.00433457
1 18.5288 32.8812 -0.0186066 0.00409136
1 19.633 32.8847 0.000725518 0.00307489
1 20.7381 32.8864 0.00261003 -0.00566868
1 21.8439 32.8869 -0.00317863 -0.0134308
1 22.9493 32.8868 0.00175488 -0.0102245
1 24.0543 32.8861 0.00317568 -0.00163857
1 25.1586 32.8835 0.00980261 0.00340338
1 26.2633 32.879 0.00553316 0.00515869
1 27.3684 32.873 0.00464355 0.00866325
1 28.4728 32.8665 0.0190824 0.0128888
1 29.5766 32.86 0.0201168 0.0205179
1 30.6809 32.8537 0.0319014 0.0258337
1 31.7865 32.8487 0.0430754 0.0278591
1 32.8947 32.8463 0.0442693 0.0315267
1 34.0065 32.8465 0.0571845 0.0350352
1 35.1212 32.8482 0.0746904 0.028461
1 36.2389 32.8495 0.0945038 0.0154136
1 37.3586 32.85 0.112707 0.00680728
1 38.4786 32.8501 0.110473 0.00583711
1 39.5974 32.8511 0.0884757 0.0107484
1 40.7138 32.8538 0.0775988 0.0235779
1 41.8285 32.8591 0.0895332 0.034254
1 42.9444 32.8653 0.102372 0.0386316
1 44.0721 32.8726 0.112945 0.0396788
1 0.172696 33.8272 -0.11749 0.0484403
1 1.30076 33.8205 -0.100348 0.0418952
1 2.41673 33.8143 -0.0869216 0.0330164
1 3.53103 33.8096 -0.0712245 0.0235279
1 4.6471 33.8067 -0.0858334 0.0104988
1 5.76598 33.8059 -0.113568 0.00615636
1 6.88611 33.8057 -0.115993 0.0121696
1 8.00621 33.8046 -0.0995054 0.023607
1 9.12361 33.803 -0.0842704 0.0341559
1 10.2373 33.8025 -0.0658246 0.0369718
1 11.3474 33.8042 -0.0477101 0.0332351
1 12.4537 33.8085 -0.043084 0.0260734
1 13.5585 33.8144 -0.0287788 0.0195809
1 14.6631 33.8209 -0.00966304 0.0154548
1 15.7676 33.8272 -0.0117394 0.0108393
1 16.8721 33.8334 -0.0044282 0.00816307
1 17.9766 33.8391 -0.00664516 0.00675904
1 19.0813 33.8436 -0.00815334 0.00139855
1 20.186 33.8459 -0.00246508 -0.00472918
1 21.2909 33.8464 -0.000117652 -0.00835049
1 22.3956 33.8465 0.00391074 -0.00826528
1 23.5013 33.8465 -0.00567718 -0.00610613
1 24.6068 33.8453 -0.00262911 -0.0020992
1 25.7113 33.8419 0.0195953 0.00356785
1 26.8159 33.8365 0.0134895 0.00672452
1 27.9205 33.8302 0.00697136 0.00963101
1 29.0248 33.824 0.00761326 0.0137497
1 30.1292 33.8176 0.0154476 0.0165176
1 31.2339 33.8109 0.0379147 0.0225325
1 32.3392 33.8056 0.044987 0.0327281
1 33.4472 33.8028 0.0517351 0.0347944
1 34.5587 33.8023 0.0710305 0.0347077
1 35.6743 33.8037 0.0899949 0.0304029
1 36.7935 33.8052 0.107338 0.0166106
1 37.9136 33.8058 0.11727 0.00718335
1 39.0335 33.8062 0.102899 0.00883553
1 40.1516 33.808 0.073436 0.0183647
1 41.2661 33.8119 0.0626862 0.0276193
1 42.3794 33.8173 0.0696056 0.0380857
1 43.4952 33.824 0.0746847 0.0453323
1 0.749045 34.7783 -0.0793456 0.0444912
1 1.86556 34.7722 -0.0739336 0.0372245
1 2.97885 34.7677 -0.0622453 0.0253037
1 4.09323 34.764 -0.0719341 0.0201353
1 5.21112 34.7623 -0.10549 0.00838686
1 6.33115 34.7618 -0.123156 0.0103587
1 7.45165 34.7608 -0.114538 0.0233215
1 8.57027 34.7596 -0.0975711 0.0350252
1 9.68417 34.7593 -0.0762524 0.0362672
1 10.7939 34.7618 -0.053507 0.0322801
1 11.9008 34.7662 -0.0386097 0.0266935
1 13.0054 34.7718 -0.0271054 0.0149264
1 14.1104 34.7783 -0.00738079 0.00836776
1 15.2155 34.7849 -0.00630544 0.0113814
1 16.3197 34.7912 -0.0121607 0.0105077
1 17.4239 34.7973 -0.0143343 0.00615991
1 18.5288 34.8024 -0.0154886 0.000422612
1 19.6334 34.8055 0.00201171 -0.0041631
1 20.7388 34.8066 0.00214731 -0.00647237
1 21.8443 34.8069 -0.0030395 -0.00742755
1 22.9488 34.8071 0.000925523 -0.0076976
1 24.0535 34.8067 0.000662338 -0.0054332
1 25.1586 34.8045 0.00874024 -0.00385206
1 26.2636 34.8002 0.00817567 0.00305848
1 27.3682 34.7945 0.00395333 0.0112365
1 28.4722 34.7882 0.0120462 0.0117961
1 29.5767 34.7815 0.0104148 0.00816177
1 30.6819 34.7748 0.021073 0.0114554
1 31.7867 34.7687 0.0350866 0.0208802
1 32.8922 34.7635 0.0476989 0.0280726
1 34.0007 34.7599 0.0691502 0.0351475
1 35.1123 34.759 0.0871476 0.0363016
1 36.2287 34.7599 0.105959 0.026824
1 37.3487 34.7613 0.122669 0.0165444
1 38.4692 34.7621 0.115561 0.00800122
1 39.5882 34.7629 0.087189 0.0125806
1 40.7044 34.7659 0.0716387 0.0252277
1 41.8187 34.7699 0.0832203 0.0312689
1 42.9341 34.7755 0.0986687 0.0395077
1 44.0622 34.7815 0.119319 0.044519
1 0.182942 35.7355 -0.113628 0.0382686
1 1.31073 35.7296 -0.0956141 0.0356372
1 2.42625 35.7252 -0.0813146 0.0290588
1 3.54041 35.7216 -0.0737731 0.0279931
1 4.65656 35.7184 -0.0911863 0.016001
1 5.77566 35.7174 -0.123225 0.0158609
1 6.89587 35.7168 -0.128054 0.0300648
1 8.01492 35.716 -0.113592 0.037213
1 9.12957 35.7167 -0.0921335 0.0417349
1 10.2397 35.719 -0.0647807 0.0369475
1 11.3474 35.7234 -0.0398606 0.0219619
1 12.4531 35.7291 -0.0274842 0.0152657
1 13.5582 35.7351 -0.0141086 0.0145092
1 14.6632 35.7419 -0.00822724 0.013425
1 15.7674 35.749 -0.0161601 0.0132481
1 16.8714 35.7551 -0.00122595 0.0132232
1 17.9763 35.7602 -0.00455398 0.00651967
1 19.0815 35.7643 -0.0113539 -0.00326825
1 20.1864 35.7665 -0.00126175 -0.00329914
1 21.2911 35.7671 -3.06522e-05 -0.000585353
1 22.3954 35.7672 0.00191988 -0.00430139
1 23.5008 35.7672 -0.00349476 -0.00489029
1 24.6066 35.766 -0.00161768 -0.00207025
1 25.7116 35.7628 0.0161688 0.00223766
1 26.8163 35.7581 0.011401 0.0090059
1 27.9205 35.7523 0.0104426 0.0142878
1 29.0248 35.7455 0.0119096 0.0154937
1 30.1296 35.7383 0.00762479 0.0121267
1 31.2345 35.7318 0.0207035 0.0130194
1 32.3397 35.726 0.0308715 0.0193801
1 33.4463 35.7208 0.0463417 0.0282248
1 34.5547 35.7172 0.0749509 0.037912
1 35.6667 35.7158 0.100675 0.0416356
1 36.784 35.7162 0.120547 0.0350167
1 37.9039 35.7171 0.131052 0.0200488
1 39.0243 35.7179 0.110726 0.0150456
1 40.142 35.7201 0.0750528 0.0242901
1 41.2564 35.7236 0.0628105 0.0251151
1 42.3693 35.7274 0.0696556 0.0318429
1 43.4855 35.7326 0.0796115 0.0388731
1 0.759668 36.6867 -0.0776726 0.0338553
1 1.87564 36.6823 -0.0675495 0.027483
1 2.9883 36.6789 -0.060833 0.0310119
1 4.10266 36.6752 -0.0775859 0.0317847
1 5.2201 36.6731 -0.116221 0.0301547
1 6.33954 36.6725 -0.140269 0.0350832
1 7.45842 36.6727 -0.128307 0.0455537
1 8.57405 36.6738 -0.103578 0.044324
1 9.68525 36.6764 -0.0667512 0.0329409
1 10.7935 36.6805 -0.0355994 0.0224334
1 11.9003 36.6856 -0.0252005 0.0159603
1 13.0054 36.692 -0.0210258 0.0144939
1 14.1103 36.699 -0.00781059 0.017781
1 15.2148 36.706 -0.00931803 0.0173963
1 16.3192 36.7126 -0.00958173 0.0141279
1 17.4238 36.7184 -0.00805277 0.0122991
1 18.5283 36.7227 -0.017242 0.00635035
1 19.6331 36.7254 0.000600068 -0.00168404
1 20.7391 36.7271 0.00323524 -0.00155269
1 21.8446 36.7276 -0.00551325 0.00253592
1 22.9486 36.7274 0.00315906 0.000390346
1 24.0534 36.7268 0.0032689 -0.00185258
1 25.1586 36.7247 0.00555287 0.000466084
1 26.2639 36.7209 0.00581101 0.0107293
1 27.3687 36.7159 0.00421764 0.0153445
1 28.4729 36.7095 0.0140534 0.0153436
1 29.5773 36.7023 0.0112331 0.0169005
1 30.6821 36.6952 0.0178329 0.0172066
1 31.7871 36.6886 0.0237786 0.0149256
1 32.8929 36.6827 0.0274274 0.0169926
1 34.0007 36.678 0.0523814 0.0278251
1 35.11 36.6747 0.0840689 0.0390507
1 36.2229 36.6727 0.112393 0.0453685
1 37.3402 36.6724 0.136511 0.0421343
1 38.4597 36.6728 0.133284 0.0315756
1 39.5786 36.6742 0.0988705 0.0279859
1 40.6948 36.6772 0.0803896 0.0327511
1 41.8091 36.6809 0.0860948 0.0290171
1 42.9242 36.6845 0.0972392 0.0291685
1 44.0514 36.6898 0.113661 0.031678
1 0.194026 37.6439 -0.114299 0.0270281
1 1.32089 37.6395 -0.0971182 0.0228194
1 2.43594 37.6363 -0.0857967 0.0302757
1 3.54969 37.6325 -0.0850398 0.0372243
1 4.66541 37.6296 -0.110935 0.036132
1 5.78313 37.6285 -0.143981 0.0419787
1 6.90113 37.6291 -0.142697 0.0454658
1 8.01733 37.6308 -0.109488 0.0369023
1 9.12973 37.6336 -0.0730503 0.0262267
1 10.2393 37.6375 -0.0436329 0.016993
1 11.3469 37.6426 -0.0255627 0.0119452
1 12.4521 37.6489 -0.021893 0.0135164
1 13.557 37.6558 -0.0158823 0.0146094
1 14.6621 37.6628 -0.00809367 0.0117353
1 15.7666 37.6699 -0.0139597 0.0138859
1 16.8712 37.6762 -0.00183006 0.0127192
1 17.9761 37.6811 -0.00363021 0.00496104
1 19.0813 37.6844 -0.0061131 -0.000649484
1 20.1866 37.6865 0.00156997 -0.00205493
1 21.291 37.6878 -0.00604272 -0.00074637
1 22.3952 37.688 -0.00050731 -0.000228079
1 23.501 37.6874 0.000659555 -0.00269274
1 24.6068 37.686 -0.000833404 -0.00350659
1 25.7117 37.6833 0.0138964 0.0030976
1 26.8167 37.6792 0.0102518 0.0110971
1 27.9211 37.6733 0.00836666 0.0134451
1 29.0257 37.6664 0.00795994 0.0141391
1 30.1306 37.6593 0.00445388 0.0128839
1 31.2353 37.6522 0.0208339 0.0128376
1 32.3404 37.6454 0.0256993 0.0119269
1 33.447 37.6396 0.0296479 0.0133041
1 34.5552 37.6351 0.0560178 0.0200654
1 35.6661 37.6319 0.0917657 0.0344356
1 36.7805 37.6298 0.124958 0.0443322
1 37.8975 37.6286 0.146997 0.0423614
1 39.0159 37.6289 0.128814 0.0383903
1 40.1332 37.631 0.0880734 0.0371463
1 41.2474 37.6345 0.0675104 0.0337379
1 42.3604 37.6381 0.0645915 0.0253984
1 43.4759 37.6421 0.0700495 0.0316255
1 0.767777 38.5967 -0.0704561 0.0321922
1 1.88369 38.593 -0.0702151 0.0330263
1 2.99653 38.5896 -0.077537 0.044681
1 4.11006 38.5864 -0.10293 0.0565894
1 5.22626 38.5849 -0.140568 0.0573036
1 6.34321 38.5855 -0.147051 0.0510564
1 7.45964 38.5876 -0.1156 0.0421383
1 8.57382 38.5904 -0.0809281 0.0304842
1 9.68456 38.5944 -0.050336 0.0189086
1 10.7925 38.6 -0.0320665 0.0205342
1 11.8986 38.606 -0.0240665 0.0210494
1 13.0036 38.6128 -0.0162152 0.0191592
1 14.1087 38.6197 -0.00370256 0.0219212
1 15.2134 38.6268 -0.00680945 0.0227059
1 16.3183 38.6337 -0.0102487 0.0200962
1 17.4234 38.6393 -0.00717138 0.0153515
1 18.528 38.6432 -0.0144828 0.0120753
1 19.6331 38.6458 -0.00438059 0.00761218
1 20.7391 38.6476 -0.000227052 0.00349811
1 21.8443 38.6484 0.000530621 0.0077891
1 22.9489 38.6483 0.00634852 0.00899665
1 24.0537 38.647 0.00145712 0.00492581
1 25.1586 38.645 0.00536877 0.00789582
1 26.2641 38.6419 0.00262466 0.0157724
1 27.3692 38.637 0.00164719 0.018448
1 28.474 38.6304 0.0151175 0.0203366
1 29.5788 38.6232 0.00974053 0.0229141
1 30.6839 38.6162 0.0136234 0.0202259
1 31.7892 38.6092 0.0216374 0.0175832
1 32.8944 38.6025 0.024888 0.019747
1 34.0014 38.5968 0.0404228 0.0214597
1 35.1103 38.5921 0.0636538 0.0245789
1 36.2225 38.5888 0.0962211 0.0349235
1 37.338 38.5863 0.136677 0.0495943
1 38.4549 38.585 0.150609 0.0574783
1 39.5718 38.5854 0.124849 0.0562783
1 40.6868 38.588 0.09278 0.0529038
1 41.8 38.5916 0.0919675 0.0408142
1 42.9146 38.595 0.0942039 0.0275392
1 44.0409 38.5996 0.115863 0.0284969
1 0.202867 39.554 -0.110379 0.0282232
1 1.3291 39.5496 -0.094443 0.0358632
1 2.44336 39.5465 -0.0970828 0.0549543
1 3.5555 39.5439 -0.106694 0.070961
1 4.66947 39.5416 -0.131421 0.0680275
1 5.78561 39.5418 -0.145301 0.056224
1 6.90212 39.5438 -0.124187 0.0424109
1 8.0173 39.547 -0.0899366 0.0313423
1 9.1288 39.5514 -0.0663896 0.0288252
1 10.2373 39.5572 -0.046175 0.0258542
1 11.3444 39.5635 -0.0264867 0.0225781
1 12.4498 39.57 -0.0185821 0.0249148
1 13.5551 39.5769 -0.0147374 0.0284601
1 14.6605 39.5841 -0.00537224 0.0276875
1 15.7651 39.591 -0.00873212 0.0279674
1 16.8702 39.5972 -0.00484687 0.0259509
1 17.9757 39.6022 -0.00187138 0.0209255
1 19.0809 39.6054 -0.000488068 0.0179603
1 20.1861 39.6073 -0.00218341 0.0141658
1 21.2907 39.6086 -0.00779064 0.0128788
1 22.3954 39.6093 0.000353301 0.0146525
1 23.5015 39.6084 -0.0022357 0.0131181
1 24.6072 39.6067 0.000813317 0.0160119
1 25.7121 39.6045 0.0160196 0.0205544
1 26.8171 39.6003 0.00859382 0.0212236
1 27.9222 39.5942 0.00702844 0.0261699
1 29.0275 39.5875 0.00695093 0.0303722
1 30.1327 39.5805 0.0048364 0.0279653
1 31.2378 39.5732 0.0167623 0.0257645
1 32.3431 39.5665 0.0214471 0.0248408
1 33.4494 39.5602 0.0296275 0.0246782
1 34.5566 39.5541 0.0489772 0.0271526
1 35.6661 39.5491 0.0733587 0.0306697
1 36.7796 39.5452 0.102936 0.0357071
1 37.8954 39.5426 0.138275 0.0493303
1 39.012 39.5415 0.145645 0.0644824
1 40.1277 39.5426 0.116868 0.074915
1 41.2406 39.5452 0.0908486 0.059345
1 42.3527 39.5481 0.0782569 0.0451657
1 43.4683 39.5517 0.0695338 0.0357633
1 0.774745 40.5056 -0.079918 0.0379793
1 1.88982 40.5029 -0.0919056 0.0564986
1 3.00099 40.5012 -0.103453 0.0718046
1 4.11354 40.499 -0.115368 0.0812202
1 5.22908 40.4978 -0.13206 0.0612832
1 6.34548 40.4997 -0.124536 0.0441545
1 7.4606 40.5036 -0.0980474 0.0415127
1 8.57295 40.5089 -0.0753473 0.0391882
1 9.68195 40.5149 -0.0464054 0.0347577
1 10.7892 40.5211 -0.0280066 0.0349695
1 11.8956 40.5277 -0.0227574 0.0369517
1 13.0007 40.5346 -0.0164414 0.0386017
1 14.1061 40.5417 -0.00677291 0.040682
1 15.2117 40.5487 -0.00553636 0.0408227
1 16.3168 40.5555 -0.00719546 0.0409473
1 17.4223 40.5613 -0.00876901 0.0369434
1 18.5276 40.5652 -0.0140782 0.0318392
1 19.6325 40.5678 -0.00518211 0.0306657
1 20.7382 40.5694 0.00113031 0.0284757
1 21.844 40.57 0.00635853 0.0262655
1 22.9493 40.57 0.00632206 0.0261448
1 24.0543 40.5689 -0.00185947 0.0288721
1 25.1595 40.5671 0.00288633 0.0312657
1 26.2653 40.5639 0.00122459 0.0326055
1 27.3705 40.5586 0.0030046 0.0404136
1 28.4756 40.5522 0.0112529 0.0434491
1 29.5808 40.5452 0.0061678 0.0399572
1 30.6864 40.538 0.0142111 0.0391964
1 31.7918 40.5309 0.0213518 0.0381315
1 32.8973 40.5242 0.0259887 0.0354708
1 34.0044 40.5179 0.0424425 0.0356703
1 35.1124 40.5118 0.0648975 0.0372275
1 36.2229 40.506 0.0886378 0.0391528
1 37.3369 40.5014 0.114253 0.0446085
1 38.4529 40.4986 0.13332 0.0534459
1 39.5691 40.4982 0.127961 0.0724829
1 40.6832 40.5002 0.114557 0.0816181
1 41.795 40.502 0.10743 0.0668776
1 42.9082 40.5043 0.100858 0.0471774
1 44.0349 40.5073 0.109478 0.0293183
1 0.205928 41.4594 -0.119353 0.0300285
1 1.3329 41.4589 -0.115121 0.0584912
1 2.44581 41.4583 -0.11344 0.0767315
1 3.55812 41.4566 -0.109625 0.0867907
1 4.67303 41.4547 -0.115058 0.0733721
1 5.78861 41.456 -0.120978 0.0591925
1 6.90311 41.4607 -0.109043 0.0552086
1 8.01588 41.4668 -0.0849451 0.0502334
1 9.12616 41.4733 -0.0615338 0.050007
1 10.2343 41.4799 -0.0421067 0.0551268
1 11.3411 41.4868 -0.0288622 0.0552274
1 12.4467 41.4937 -0.0189823 0.0575971
1 13.5521 41.5006 -0.0118462 0.0600515
1 14.6579 41.5079 -0.00649578 0.0623977
1 15.7631 41.515 -0.00668491 0.0635198
1 16.8682 41.5215 -0.00218407 0.0611632
1 17.9739 41.5265 -0.00315476 0.0576462
1 19.0794 41.5297 -0.00182013 0.0539101
1 20.1849 41.5316 -0.00025617 0.0494461
1 21.2905 41.5324 -0.00520913 0.0488019
1 22.396 41.5327 -0.0031199 0.0484111
1 23.5022 41.5325 -0.00285013 0.047118
1 24.6081 41.5312 0.00348295 0.0521935
1 25.7134 41.5288 0.0123831 0.0561111
1 26.8187 41.5244 0.00636306 0.0570468
1 27.9243 41.5184 0.00717279 0.0647563
1 29.0298 41.5116 0.00609044 0.0651704
1 30.1354 41.5042 0.00652278 0.0597559
1 31.241 41.497 0.0158885 0.0578656
1 32.3463 41.4902 0.0213129 0.0563166
1 33.4523 41.4832 0.0303002 0.0539054
1 34.5595 41.4763 0.0492438 0.0508242
1 35.6686 41.4698 0.0736036 0.0525438
1 36.7804 41.4636 0.0968924 0.0559095
1 37.8941 41.4583 0.119141 0.0567133
1 39.0094 41.4553 0.119865 0.0682005
1 40.125 41.4558 0.107971 0.0855755
1 41.2382 41.4578 0.101932 0.0842206
1 42.349 41.4587 0.101788 0.0674211
1 43.4636 41.4594 0.0943601 0.0459849
1 0.775639 42.4131 -0.112072 0.0613983
1 1.89063 42.4146 -0.102806 0.0807087
1 3.00311 42.4136 -0.0942029 0.0950002
1 4.1172 42.412 -0.0972274 0.0966298
1 5.23184 42.4132 -0.111327 0.0822747
1 6.34547 42.4183 -0.108774 0.0720146
1 7.45839 42.4251 -0.0885256 0.0718161
1 8.56987 42.4323 -0.0705493 0.0748887
1 9.67864 42.4398 -0.048338 0.0782289
1 10.7858 42.4472 -0.0313183 0.0820709
1 11.8922 42.4543 -0.0218585 0.0845601
1 12.9977 42.4615 -0.0139235 0.0885822
1 14.1029 42.4688 -0.00629655 0.0919349
1 15.2087 42.4762 -0.00563044 0.0954814
1 16.3143 42.4833 -0.00387969 0.0961466
1 17.4199 42.4895 -0.00538635 0.0910337
1 18.5256 42.4937 -0.0125437 0.0869054
1 19.6311 42.4961 -0.00367802 0.0853103
1 20.7371 42.4972 0.00269574 0.0812112
1 21.8436 42.4975 0.00338607 0.0762353
1 22.9498 42.4975 0.00440151 0.0770535
1 24.0557 42.4972 0.000418595 0.0813725
1 25.1614 42.4957 0.000804192 0.0836443
1 26.2674 42.4921 0.000671793 0.089368
1 27.3731 42.4866 0.0052589 0.0979455
1 28.4785 42.4799 0.00800061 0.096686
1 29.584 42.4724 0.00482867 0.0922726
1 30.6898 42.465 0.0139991 0.0929898
1 31.7953 42.4578 0.0181576 0.0857577
1 32.9009 42.4506 0.0229336 0.0811668
1 34.0078 42.4433 0.0413447 0.0817881
1 35.1156 42.4358 0.0593066 0.0760367
1 36.2254 42.4285 0.076827 0.0735565
1 37.3377 42.4218 0.101624 0.0758159
1 38.4513 42.4158 0.117108 0.0786653
1 39.5654 42.4126 0.108259 0.0871253
1 40.6799 42.4132 0.102585 0.0974787
1 41.7935 42.4145 0.112893 0.087003
1 42.9075 42.4134 0.126306 0.0681781
1 44.0354 42.4112 0.137567 0.040771
1 0.201044 43.3636 -0.147711 0.0705377
1 1.33068 43.3682 -0.128835 0.0790498
1 2.44756 43.3695 -0.111034 0.101719
1 3.5617 43.3698 -0.10286 0.114307
1 4.67538 43.3715 -0.10533 0.0995837
1 5.78851 43.377 -0.105083 0.0891565
1 6.90134 43.3846 -0.0943182 0.088545
1 8.01303 43.3928 -0.0760583 0.0921634
1 9.12251 43.401 -0.0568339 0.0987851
1 10.2303 43.409 -0.0369409 0.104051
1 11.3369 43.4167 -0.0204856 0.108923
1 12.4425 43.4243 -0.0172954 0.115129
1 13.548 43.4319 -0.0102006 0.119555
1 14.6538 43.4396 -0.00231265 0.122715
1 15.7594 43.4473 -0.00527264 0.126421
1 16.8651 43.4545 -0.00385189 0.124021
1 17.9711 43.4602 -0.0012345 0.118479
1 19.077 43.4638 -0.00307813 0.114553
1 20.1832 43.4654 -0.00027311 0.109853
1 21.2897 43.4653 -0.00131088 0.103179
1 22.3964 43.4652 -0.00512518 0.101894
1 23.5037 43.4659 -0.00209849 0.106639
1 24.6102 43.4654 0.00589573 0.11049
1 25.7157 43.4625 0.00854766 0.116332
1 26.8218 43.4578 0.00520497 0.123471
1 27.9279 43.4511 0.00308824 0.126722
1 29.0335 43.4433 0.00169892 0.125255
1 30.1394 43.4356 0.00515913 0.121658
1 31.2448 43.428 0.0131216 0.115868
1 32.3501 43.4203 0.0205997 0.110987
1 33.4566 43.4126 0.0304822 0.107273
1 34.5638 43.4048 0.0478644 0.101008
1 35.6723 43.3967 0.0680986 0.0976065
1 36.7831 43.3886 0.0869176 0.0916389
1 37.8956 43.3809 0.104808 0.0878176
1 39.0088 43.3745 0.106614 0.0943091
1 40.1223 43.3707 0.0986375 0.107879
1 41.236 43.3698 0.0957015 0.106422
1 42.3498 43.3685 0.0997698 0.0882933
1 43.4665 43.3651 0.112054 0.0755675
1 0.770089 44.3183 -0.10442 0.0866576
1 1.8894 44.3225 -0.109573 0.100428
1 3.00329 44.3269 -0.111687 0.111649
1 4.11707 44.3304 -0.104645 0.107323
1 5.23064 44.3364 -0.104547 0.0928544
1 6.34341 44.3448 -0.103474 0.0894959
1 7.45528 44.3542 -0.086371 0.0952289
1 8.56574 44.3633 -0.066465 0.103223
1 9.67411 44.3718 -0.0472448 0.107321
1 10.781 44.3803 -0.0300395 0.114479
1 11.8871 44.3883 -0.0197441 0.120949
1 12.9925 44.3964 -0.0142482 0.123369
1 14.0981 44.4045 -0.00565964 0.129571
1 15.204 44.4127 -0.000418167 0.133597
1 16.3099 44.4207 -0.00289939 0.133717
1 17.4162 44.4279 -0.00510286 0.129098
1 18.5225 44.4335 -0.00812418 0.123167
1 19.6286 44.4362 -0.00377745 0.117724
1 20.7355 44.4361 0.00236214 0.111023
1 21.8431 44.4354 0.00364998 0.106846
1 22.9507 44.4358 0.00130191 0.108272
1 24.058 44.4371 -0.0017158 0.11257
1 25.1644 44.4359 0.00171414 0.118153
1 26.2708 44.4311 0.00474382 0.128599
1 27.3772 44.4245 0.00397139 0.135367
1 28.483 44.4167 0.00230233 0.133804
1 29.589 44.4083 0.00343113 0.131243
1 30.6949 44.4001 0.010476 0.126119
1 31.8003 44.3921 0.0169343 0.121588
1 32.9061 44.3841 0.0245233 0.117639
1 34.0126 44.3758 0.0388863 0.112185
1 35.1199 44.3674 0.0584958 0.10616
1 36.2296 44.3587 0.0797769 0.0994434
1 37.3412 44.3495 0.0998 0.095071
1 38.4538 44.3409 0.108406 0.090912
1 39.5667 44.3335 0.104137 0.0940055
1 40.68 44.3286 0.113656 0.107585
1 41.7943 44.3245 0.13246 0.10976
1 42.9117 44.3195 0.139244 0.0912543
1 44.0436 44.3132 0.153545 0.0964346
1 0.195938 45.2679 -0.131683 0.117836
1 1.3267 45.2729 -0.147862 0.114787
1 2.44181 45.2822 -0.143982 0.111063
1 3.55617 45.288 -0.130868 0.106819
1 4.67031 45.2947 -0.122788 0.0911417
1 5.78362 45.3041 -0.122657 0.0861193
1 6.89609 45.3144 -0.108335 0.0887128
1 8.00751 45.3244 -0.0871885 0.0913703
1 9.11678 45.3337 -0.0698498 0.0994036
1 10.2243 45.3425 -0.0499341 0.102685
1 11.3307 45.3513 -0.0302707 0.102759
1 12.4361 45.3597 -0.0245963 0.109246
1 13.5417 45.368 -0.0187893 0.111658
1 14.6478 45.3767 -0.00618872 0.111677
1 15.7537 45.3854 -0.00599139 0.117394
1 16.8602 45.3937 -0.0105889 0.117459
1 17.9672 45.401 -0.00184989 0.105915
1 19.074 45.4061 -0.00170735 0.0958733
1 20.1811 45.4069 -0.00299404 0.0932712
1 21.2888 45.4052 0.00214735 0.0871548
1 22.3969 45.4048 -0.00242822 0.085365
1 23.5052 45.407 -0.00284051 0.0907177
1 24.6125 45.4078 0.00400649 0.0930819
1 25.7193 45.4043 0.00599207 0.101
1 26.8265 45.3977 0.00833364 0.114476
1 27.9331 45.3895 0.00652917 0.118635
1 29.0393 45.3806 0.00765295 0.115791
1 30.1459 45.3719 0.0149667 0.112019
1 31.2514 45.3634 0.0224412 0.110665
1 32.3569 45.3552 0.0304485 0.108401
1 33.4633 45.3469 0.0388495 0.103112
1 34.5698 45.338 0.0564035 0.100766
1 35.678 45.3288 0.0785131 0.0962537
1 36.7889 45.3192 0.0986286 0.0911922
1 37.9011 45.3093 0.11925 0.0876048
1 39.0144 45.2997 0.12385 0.0872847
1 40.1282 45.2912 0.119167 0.0946609
1 41.2426 45.2844 0.130378 0.104136
1 42.3572 45.2775 0.136843 0.120425
1 43.474 45.2682 0.115416 0.10956
1 0.763945 46.2219 -0.143635 0.130559
1 1.8762 46.2365 -0.137716 0.120362
1 2.9891 46.2434 -0.147481 0.110018
1 4.10376 46.2501 -0.149582 0.0885632
1 5.2188 46.26 -0.149273 0.0741004
1 6.33299 46.2714 -0.14161 0.071579
1 7.44603 46.2819 -0.119043 0.0778611
1 8.55682 46.2923 -0.0933951 0.0837117
1 9.665 46.3016 -0.0723141 0.0875664
1 10.7719 46.3105 -0.0549166 0.0866835
1 11.878 46.3196 -0.0430911 0.0887715
1 12.9832 46.3278 -0.0362266 0.0923186
1 14.0891 46.3362 -0.0301839 0.0909569
1 15.1958 46.3458 -0.020518 0.0920047
1 16.3025 46.3547 -0.0173229 0.097147
1 17.4104 46.3626 -0.0124847 0.088802
1 18.5187 46.3701 -0.00594858 0.0747025
1 19.6262 46.3736 -0.00470474 0.068744
1 20.7344 46.372 0.000820022 0.0646468
1 21.8429 46.3699 0.00270213 0.061906
1 22.9512 46.3712 -0.00119513 0.0583036
1 24.0596 46.3743 0.00237233 0.0637313
1 25.1677 46.3733 0.0042502 0.0727667
1 26.2759 46.3667 0.00773276 0.0820881
1 27.3841 46.3584 0.0161371 0.0961724
1 28.4911 46.3499 0.0182957 0.0979572
1 29.5975 46.3406 0.0217053 0.0912644
1 30.7038 46.3315 0.0339104 0.0910557
1 31.8094 46.3234 0.0444723 0.0932772
1 32.9154 46.315 0.0510989 0.0877832
1 34.022 46.3059 0.0657771 0.0868357
1 35.1296 46.2968 0.0886662 0.0880678
1 36.2396 46.2869 0.108528 0.0802213
1 37.3517 46.2764 0.130597 0.075149
1 38.4655 46.2655 0.144623 0.0728755
1 39.5799 46.2552 0.142446 0.0799549
1 40.6941 46.2462 0.141723 0.096068
1 41.8087 46.2386 0.153557 0.115403
1 42.9245 46.2303 0.160694 0.135369
1 44.0484 46.2161 0.133343 0.121637
1 0.177276 47.164 -0.17289 0.117924
1 1.30275 47.1955 -0.149055 0.117483
1 2.42015 47.204 -0.142772 0.120407
1 3.53464 47.2094 -0.135646 0.0984087
1 4.64926 47.2176 -0.148811 0.0666995
1 5.76506 47.2297 -0.160119 0.0521535
1 6.88015 47.2415 -0.14506 0.0621129
1 7.99283 47.2527 -0.115974 0.0622881
1 9.10314 47.2635 -0.0958305 0.0754921
1 10.2109 47.2721 -0.070901 0.0795301
1 11.3173 47.2821 -0.0575315 0.0734158
1 12.4238 47.2909 -0.0513701 0.0864346
1 13.529 47.2982 -0.0388285 0.0840552
1 14.635 47.3081 -0.0321243 0.07818
1 15.7426 47.3175 -0.0211685 0.0897608
1 16.8504 47.3252 -0.0187797 0.0905995
1 17.9596 47.3337 -0.00803527 0.0738932
1 19.0697 47.3405 -0.00496058 0.0654103
1 20.1797 47.3411 -0.00345376 0.0638317
1 21.2886 47.3377 0.006115 0.0542144
1 22.3966 47.337 -0.00415601 0.0485255
1 23.5054 47.3405 -0.000701263 0.0563891
1 24.6154 47.3425 0.00626644 0.0628027
1 25.7258 47.3381 0.00350528 0.0694641
1 26.8356 47.3293 0.0163604 0.0854414
1 27.944 47.3208 0.0202939 0.0939705
1 29.0515 47.3125 0.0262932 0.085653
1 30.1584 47.3028 0.0381427 0.0819029
1 31.2639 47.2941 0.0494152 0.0863044
1 32.3699 47.2863 0.0528803 0.0797004
1 33.4763 47.2769 0.0621456 0.0768059
1 34.5834 47.2676 0.0861942 0.0785324
1 35.6927 47.2577 0.104046 0.0686474
1 36.8044 47.2468 0.132564 0.064843
1 37.9184 47.2355 0.153853 0.0568063
1 39.0337 47.2235 0.150419 0.0590415
1 40.1487 47.2138 0.140258 0.079722
1 41.2633 47.2057 0.14712 0.100831
1 42.3795 47.1971 0.148827 0.118112
1 43.4988 47.1866 0.145988 0.155573
