1 0.624724 0.085399 0.0688935 0.0755622
1 1.74173 0.0805354 0.0699629 0.0799851
1 2.85675 0.0752457 0.0648138 0.0860421
1 3.97229 0.0736732 0.0593183 0.0657857
1 5.08695 0.0774682 0.0709104 0.0510262
1 6.19885 0.0831373 0.0844228 0.050166
1 7.30931 0.0883207 0.0856065 0.0539406
1 8.41914 0.0928418 0.0864251 0.0591257
1 9.5296 0.0962956 0.0671085 0.0704539
1 10.6435 0.0981223 0.0339617 0.0820947
1 11.7609 0.0987695 0.0114508 0.0885112
1 12.8802 0.0989024 0.0028833 0.0908659
1 14 0.0988356 0.000411534 0.0913939
1 15.12 0.0987892 0.000505839 0.0917927
1 16.2401 0.0988122 -0.000211312 0.0919464
1 17.3601 0.0988342 -0.000149953 0.0915761
1 18.4801 0.09889 0.000336497 0.0916788
1 19.6002 0.0990176 3.25908e-06 0.0913581
1 20.7201 0.0990313 0.000460195 0.0913589
1 21.8401 0.0990631 0.000515451 0.0912999
1 22.9601 0.098952 -0.000548602 0.0915074
1 24.08 0.0988784 -0.000461777 0.0913035
1 25.1999 0.09881 -0.000200372 0.0916383
1 26.3199 0.0987294 -0.000319815 0.091598
1 27.44 0.0987314 0.000152466 0.091351
1 28.56 0.0987929 0.000391725 0.0915423
1 29.68 0.0988398 -5.62553e-05 0.0914524
1 30.7998 0.0989035 -0.000656904 0.0911149
1 31.9194 0.0989203 -0.00587764 0.0901726
1 33.038 0.0985868 -0.0208114 0.0862196
1 34.1539 0.0974341 -0.0507292 0.0769663
1 35.2659 0.0948256 -0.0801824 0.0645271
1 36.3757 0.0907984 -0.0874002 0.056691
1 37.4857 0.0860592 -0.085879 0.0524009
1 38.5964 0.080372 -0.0796462 0.0464918
1 39.7098 0.0743116 -0.0623166 0.0524108
1 40.8254 0.0721091 -0.0616238 0.0777191
1 41.9412 0.0768994 -0.0592933 0.0915481
1 43.0579 0.0824655 -0.0640757 0.0753878
1 44.1789 0.099753 -0.0672825 0.0730703
1 0.0704691 1.05752 0.0612993 0.0754955
1 1.18951 1.04974 0.064446 0.0817043
1 2.30325 1.04456 0.0553392 0.0854714
1 3.41689 1.04133 0.0701492 0.0724203
1 4.52876 1.04299 0.0743844 0.0583983
1 5.64072 1.04806 0.0762057 0.0493745
1 6.75155 1.05383 0.0826821 0.0520322
1 7.86187 1.0585 0.0803365 0.0624354
1 8.97272 1.06166 0.0701955 0.073938
1 10.0856 1.0634 0.0448467 0.0835315
1 11.2018 1.0641 0.0192353 0.0891894
1 12.3204 1.06426 0.0057677 0.0916414
1 13.4401 1.06424 0.000931268 0.0923471
1 14.56 1.06416 0.000205022 0.0925018
1 15.68 1.06414 -6.13386e-05 0.0926894
1 16.8001 1.06418 -0.000278092 0.0929484
1 17.92 1.06422 0.000278381 0.0926075
1 19.04 1.06431 3.43741e-05 0.0921602
1 20.1601 1.06438 0.000366797 0.0924755
1 21.2801 1.06441 0.000340596 0.0925191
1 22.4002 1.06436 0.000176656 0.0922214
1 23.5201 1.06429 -0.00053303 0.0925308
1 24.64 1.06422 -8.93768e-05 0.0926696
1 25.76 1.06413 -0.000137423 0.0923908
1 26.88 1.06409 -0.000349957 0.0923217
1 28 1.06413 0.000308192 0.0924572
1 29.1199 1.06418 0.00036215 0.0923297
1 30.2399 1.06424 -5.40211e-05 0.0923799
1 31.3597 1.0643 -0.0022862 0.0922391
1 32.479 1.06424 -0.0110876 0.0909642
1 33.5966 1.06387 -0.0310154 0.086994
1 34.7112 1.06273 -0.0586115 0.0792752
1 35.8229 1.06035 -0.0761375 0.0686414
1 36.9335 1.0565 -0.0841872 0.0580132
1 38.0434 1.05129 -0.087174 0.0497117
1 39.1544 1.04514 -0.0703789 0.0471852
1 40.2673 1.04014 -0.0647452 0.0599014
1 41.3799 1.04109 -0.0696489 0.0888619
1 42.4929 1.04681 -0.066763 0.0866636
1 43.6058 1.0543 -0.0698287 0.0765563
1 0.636041 2.01567 0.0769928 0.0728908
1 1.7496 2.00977 0.0692318 0.0853935
1 2.86194 2.00538 0.0722667 0.0800908
1 3.97301 2.0052 0.0722567 0.0624056
1 5.08453 2.00898 0.0690786 0.0497425
1 6.1953 2.01454 0.0804208 0.0524711
1 7.30567 2.01902 0.0750412 0.0652288
1 8.41699 2.02192 0.0689536 0.0747425
1 9.52905 2.02371 0.0568382 0.0819416
1 10.6435 2.02459 0.0320029 0.0877035
1 11.761 2.02487 0.0121035 0.0906415
1 12.8803 2.0249 0.00326332 0.0915598
1 14.0001 2.02484 0.000226554 0.0917754
1 15.12 2.0248 0.000454422 0.0919735
1 16.24 2.02479 7.63228e-05 0.092108
1 17.36 2.02482 0.000166381 0.0920003
1 18.48 2.02491 0.000539685 0.0919041
1 19.6001 2.02499 7.73062e-05 0.0918125
1 20.7201 2.02501 0.00033141 0.091802
1 21.8401 2.02501 0.000320392 0.0918876
1 22.9601 2.02496 -0.000613821 0.0920014
1 24.0801 2.02488 -0.00049005 0.0919694
1 25.2 2.02482 -0.00018837 0.091854
1 26.32 2.02478 -0.00025663 0.091648
1 27.44 2.02476 0.000307 0.0916219
1 28.5599 2.0248 5.60773e-05 0.0918666
1 29.6799 2.02486 -0.000458378 0.0918706
1 30.7998 2.02491 -0.000880225 0.0917682
1 31.9193 2.02493 -0.00637509 0.0913376
1 33.0379 2.02479 -0.0207075 0.089632
1 34.154 2.02427 -0.045304 0.0853389
1 35.2672 2.02299 -0.0648369 0.0786557
1 36.3789 2.02071 -0.0699211 0.0705299
1 37.49 2.01709 -0.0778014 0.0591919
1 38.6002 2.0118 -0.0811581 0.0498956
1 39.7108 2.00631 -0.0773944 0.0532692
1 40.8213 2.00395 -0.0744719 0.0689402
1 41.9327 2.0064 -0.0624553 0.0825926
1 43.0449 2.01264 -0.0640609 0.0845759
1 44.1654 2.01673 -0.0597824 0.0852249
1 0.07598 2.97835 0.0679218 0.0760871
1 1.1961 2.97503 0.0672709 0.0852916
1 2.30858 2.96983 0.0620826 0.0820556
1 3.41974 2.96825 0.0772542 0.0639376
1 4.52946 2.97089 0.0753375 0.0532451
1 5.64015 2.97521 0.0715662 0.0543513
1 6.75092 2.97919 0.0709883 0.0646738
1 7.86229 2.98194 0.0674827 0.0725397
1 8.97387 2.98382 0.0671624 0.0783223
1 10.0865 2.98492 0.0486345 0.084271
1 11.2021 2.98536 0.0225122 0.0881543
1 12.3205 2.98544 0.00716431 0.0897111
1 13.4401 2.98542 0.00111281 0.0901352
1 14.5601 2.98537 -9.20038e-06 0.0901283
1 15.68 2.98534 -7.54453e-05 0.0901832
1 16.8 2.98536 -0.000426675 0.0901761
1 17.92 2.98542 0.00011647 0.090081
1 19.04 2.98548 -0.000194849 0.0902181
1 20.1601 2.98552 0.000337031 0.090117
1 21.2802 2.98553 0.000174056 0.0901421
1 22.4002 2.9855 0.000283503 0.0902831
1 23.5201 2.98546 -0.000293865 0.0901442
1 24.64 2.9854 0.00035112 0.0901516
1 25.76 2.98536 0.000170736 0.0900048
1 26.88 2.98535 -0.000158662 0.0898844
1 27.9999 2.98535 0.000138121 0.0899899
1 29.1199 2.98537 -1.77585e-05 0.0900885
1 30.2398 2.98542 -8.23251e-05 0.0900741
1 31.3596 2.98546 -0.00267806 0.0900606
1 32.4788 2.98543 -0.0131024 0.089249
1 33.596 2.98521 -0.0348371 0.08663
1 34.7101 2.98448 -0.0599341 0.0815799
1 35.8221 2.98302 -0.0679652 0.075716
1 36.9338 2.98077 -0.0698068 0.069218
1 38.0446 2.97737 -0.0763179 0.0594938
1 39.1551 2.97281 -0.0673427 0.0517803
1 40.2661 2.9687 -0.0705568 0.0563616
1 41.3763 2.96799 -0.0744946 0.0720966
1 42.4881 2.97175 -0.0714562 0.0861949
1 43.6029 2.97619 -0.0752477 0.0826367
1 0.638917 3.93782 0.0625299 0.0903161
1 1.75388 3.93336 0.0639491 0.0921562
1 2.86528 3.93104 0.071581 0.0760507
1 3.97543 3.93269 0.0619767 0.0623514
1 5.08699 3.93595 0.0575335 0.0656056
1 6.19781 3.93913 0.0726207 0.0719289
1 7.30824 3.94168 0.0703434 0.0780337
1 8.41934 3.94354 0.0713346 0.0829634
1 9.53055 3.94475 0.0645165 0.0886893
1 10.6441 3.94531 0.0377903 0.0933302
1 11.7612 3.94545 0.0141178 0.0952812
1 12.8803 3.94545 0.00392063 0.0957537
1 14.0001 3.94541 0.000616884 0.0959266
1 15.12 3.9454 0.00085452 0.0959163
1 16.24 3.94539 0.000188779 0.0958186
1 17.36 3.94543 9.26546e-05 0.0958204
1 18.48 3.94547 0.000365404 0.0959277
1 19.6001 3.94551 -0.000106686 0.0958724
1 20.7201 3.94553 0.000306457 0.0959506
1 21.8402 3.94552 0.000413261 0.0959078
1 22.9601 3.94549 -0.000586469 0.0959733
1 24.0801 3.94545 -0.000510209 0.0958465
1 25.2 3.94542 -0.00013353 0.0957931
1 26.32 3.9454 -0.000254635 0.0958108
1 27.44 3.94539 0.000267452 0.095755
1 28.56 3.9454 -0.000271608 0.0956981
1 29.6799 3.94543 -0.000899896 0.0958163
1 30.7997 3.94545 -0.00126979 0.0958811
1 31.9192 3.94547 -0.00744478 0.0956304
1 33.0376 3.94541 -0.0241173 0.0945862
1 34.153 3.94509 -0.0524705 0.0913751
1 35.2652 3.94422 -0.0706128 0.085943
1 36.3764 3.94268 -0.0679901 0.0807025
1 37.4878 3.94046 -0.0684868 0.0749844
1 38.5985 3.93741 -0.0697401 0.0684556
1 39.7092 3.93389 -0.0726196 0.0641701
1 40.8189 3.93116 -0.0752639 0.0682612
1 41.9299 3.93105 -0.0635856 0.0850238
1 43.0428 3.93476 -0.0681732 0.0971866
1 44.1636 3.9386 -0.0800868 0.0837573
1 0.0781942 4.90036 0.0730532 0.0953909
1 1.19993 4.89572 0.0654499 0.0874132
1 2.31262 4.89371 0.059838 0.0698909
1 3.42359 4.89457 0.069926 0.0604957
1 4.53373 4.89713 0.0685794 0.060645
1 5.64443 4.89964 0.0716544 0.064977
1 6.75471 4.90191 0.0735036 0.0691901
1 7.86537 4.90369 0.0732183 0.0740743
1 8.97585 4.9049 0.0766367 0.0796731
1 10.0873 4.90551 0.0559709 0.0845461
1 11.2024 4.9057 0.025559 0.0869221
1 12.3205 4.90572 0.00814794 0.0875174
1 13.4401 4.9057 0.00147381 0.0876048
1 14.56 4.90569 0.000351125 0.0876175
1 15.68 4.90569 -8.9038e-06 0.0876665
1 16.8 4.9057 -0.000681078 0.0876482
1 17.92 4.90572 0.000173046 0.0876319
1 19.04 4.90575 -0.000171396 0.087715
1 20.1601 4.90577 0.000222104 0.0876772
1 21.2802 4.90578 0.000313826 0.0876978
1 22.4002 4.90577 0.000210827 0.0877578
1 23.5202 4.90574 -0.000486338 0.0876598
1 24.64 4.90572 0.000437342 0.0876502
1 25.76 4.9057 9.82729e-05 0.0876256
1 26.88 4.90568 -0.000270517 0.0875737
1 28 4.90569 0.000273271 0.087518
1 29.12 4.9057 -5.45587e-05 0.087548
1 30.2399 4.90572 -0.000330066 0.0875624
1 31.3596 4.90573 -0.00313849 0.0876068
1 32.4786 4.90573 -0.0149353 0.0873385
1 33.5955 4.90563 -0.0399374 0.0859733
1 34.7087 4.90523 -0.0687923 0.0822692
1 35.8195 4.90431 -0.0759928 0.0768619
1 36.9303 4.90278 -0.0733819 0.0715923
1 38.0405 4.90065 -0.0744281 0.0668566
1 39.1513 4.89808 -0.0590573 0.0625893
1 40.2628 4.89534 -0.0624665 0.0601305
1 41.373 4.89322 -0.0711724 0.064542
1 42.4843 4.89368 -0.0649055 0.0818318
1 43.5993 4.89736 -0.0601382 0.0953211
1 0.645001 5.85805 0.0612714 0.100084
1 1.75913 5.85603 0.0669046 0.0788051
1 2.87001 5.85684 0.0723448 0.0664932
1 3.98013 5.85885 0.0629334 0.0637817
1 5.09163 5.86109 0.0619141 0.0681361
1 6.20192 5.86299 0.0789473 0.071948
1 7.31155 5.86458 0.0784503 0.0768311
1 8.42156 5.86565 0.0817123 0.0826992
1 9.53161 5.86619 0.0730716 0.0877988
1 10.6445 5.86636 0.0416595 0.0904998
1 11.7612 5.86639 0.0151849 0.0912728
1 12.8803 5.86638 0.00422759 0.0913796
1 14.0001 5.86637 0.000622962 0.0913682
1 15.12 5.86636 0.000741971 0.0913869
1 16.24 5.86636 -1.86609e-05 0.0914281
1 17.36 5.86638 -7.26658e-05 0.0913835
1 18.48 5.86639 0.000358944 0.0914317
1 19.6001 5.86641 -0.000123976 0.0914659
1 20.7201 5.86642 0.000341039 0.0915139
1 21.8402 5.86642 0.000465754 0.0915065
1 22.9602 5.8664 -0.000613624 0.0914793
1 24.0801 5.86639 -0.000454685 0.09141
1 25.2 5.86638 -9.15386e-05 0.0914212
1 26.32 5.86636 -0.000247962 0.0913473
1 27.44 5.86636 0.000343645 0.0912931
1 28.56 5.86637 -8.86501e-05 0.0912797
1 29.68 5.86638 -0.000685328 0.0913257
1 30.7998 5.86639 -0.00121475 0.091391
1 31.9192 5.8664 -0.00803959 0.091406
1 33.0374 5.86638 -0.0264414 0.0909991
1 34.1523 5.86628 -0.0587816 0.0892905
1 35.2636 5.86592 -0.080553 0.0852565
1 36.3736 5.86508 -0.0775621 0.0795478
1 37.4839 5.86366 -0.0756246 0.0736744
1 38.5939 5.86173 -0.073159 0.0692252
1 39.7045 5.8595 -0.0704751 0.0664647
1 40.8146 5.85726 -0.0686107 0.0651421
1 41.9258 5.85555 -0.0577018 0.0707596
1 43.0384 5.85562 -0.0599446 0.0861643
1 44.1608 5.85923 -0.0539023 0.104325
1 0.0835629 6.81875 0.0447731 0.102741
1 1.20529 6.81706 0.0601871 0.0847939
1 2.31727 6.81812 0.0589652 0.0743782
1 3.4282 6.82005 0.0716332 0.073376
1 4.53812 6.822 0.0733798 0.0751082
1 5.64837 6.82369 0.0782321 0.0795003
1 6.7579 6.825 0.0822212 0.0845593
1 7.86756 6.82586 0.0837654 0.0903871
1 8.97697 6.82624 0.0858809 0.0950369
1 10.0877 6.82631 0.060603 0.0973757
1 11.2024 6.8263 0.0267908 0.0979155
1 12.3205 6.82628 0.00827619 0.0978738
1 13.4401 6.82626 0.00138733 0.0978003
1 14.56 6.82626 0.000339687 0.0977927
1 15.68 6.82626 -2.83319e-06 0.0978295
1 16.8 6.82626 -0.000702119 0.0978588
1 17.92 6.82627 0.000104541 0.0978637
1 19.04 6.82628 -0.000247978 0.0978965
1 20.1601 6.82629 0.000218955 0.0979219
1 21.2802 6.82629 0.000384449 0.097944
1 22.4002 6.82629 0.000299183 0.0979503
1 23.5201 6.82628 -0.000461783 0.0979153
1 24.64 6.82627 0.00039376 0.0978808
1 25.76 6.82627 3.55656e-05 0.0978059
1 26.88 6.82626 -0.000325078 0.0977585
1 28 6.82626 0.000284672 0.097751
1 29.12 6.82627 5.66403e-05 0.097779
1 30.2399 6.82628 -0.000194374 0.0978277
1 31.3596 6.82628 -0.00307246 0.0978864
1 32.4786 6.82629 -0.0155363 0.0979296
1 33.5953 6.8263 -0.0427486 0.097682
1 34.708 6.82626 -0.075933 0.0962223
1 35.8178 6.82602 -0.0863488 0.0925097
1 36.9275 6.82535 -0.0836631 0.0869771
1 38.0367 6.82414 -0.0829273 0.0813559
1 39.1468 6.8225 -0.0643701 0.0766032
1 40.258 6.82052 -0.0644404 0.0729079
1 41.3682 6.81831 -0.0724524 0.0728924
1 42.4788 6.81655 -0.0678954 0.0786284
1 43.5922 6.81649 -0.0649048 0.0962275
1 0.650682 7.77752 0.0709918 0.0805076
1 1.76375 7.77911 0.0720292 0.0698063
1 2.8742 7.78116 0.0752834 0.0685894
1 3.98418 7.78303 0.0684954 0.0721354
1 5.0952 7.78454 0.0701416 0.0777981
1 6.20477 7.78555 0.0891344 0.0835968
1 7.3135 7.78616 0.0890272 0.0889081
1 8.42259 7.78638 0.0905782 0.09315
1 9.53196 7.78633 0.0779687 0.0952351
1 10.6445 7.78624 0.0430669 0.095482
1 11.7612 7.78619 0.0152834 0.0952198
1 12.8803 7.78617 0.00413609 0.09505
1 14.0001 7.78617 0.000575842 0.0949745
1 15.12 7.78616 0.000701448 0.0949722
1 16.24 7.78616 -5.77306e-05 0.0949918
1 17.36 7.78617 -0.000101071 0.0950127
1 18.48 7.78617 0.000381108 0.0950461
1 19.6001 7.78618 -0.000120349 0.0951002
1 20.7201 7.78618 0.000379284 0.0951331
1 21.8402 7.78618 0.00051729 0.0951356
1 22.9601 7.78618 -0.000633333 0.0951022
1 24.0801 7.78618 -0.000481479 0.0950677
1 25.2 7.78617 -0.000145421 0.0950187
1 26.32 7.78617 -0.000262404 0.0949624
1 27.44 7.78617 0.000358914 0.0949401
1 28.56 7.78617 2.34016e-05 0.094952
1 29.68 7.78618 -0.000546065 0.0950083
1 30.7998 7.78618 -0.00110991 0.0950597
1 31.9192 7.78618 -0.00804334 0.0951633
1 33.0374 7.78621 -0.0271249 0.0953292
1 34.1521 7.78627 -0.0619495 0.0953459
1 35.2628 7.78633 -0.0879465 0.0941567
1 36.372 7.78623 -0.0878188 0.0906851
1 37.4813 7.78574 -0.0861801 0.0854395
1 38.5904 7.78479 -0.082255 0.0796241
1 39.7004 7.78342 -0.0779542 0.0743747
1 40.81 7.78165 -0.0747941 0.0701682
1 41.9205 7.77965 -0.0618063 0.0680761
1 43.0316 7.77773 -0.0631754 0.0726593
1 44.1512 7.77737 -0.0400835 0.0893512
1 0.0936253 8.73927 0.0491282 0.0664205
1 1.21121 8.74085 0.0685682 0.0607788
1 2.32165 8.74287 0.0670245 0.0634961
1 3.43181 8.74446 0.0807581 0.0689467
1 4.54108 8.74563 0.0839295 0.074499
1 5.65063 8.74639 0.0888471 0.0802909
1 6.75943 8.74676 0.0922691 0.0849702
1 7.86837 8.74683 0.0917978 0.088166
1 8.97724 8.74669 0.0905276 0.0896639
1 10.0877 8.7465 0.0619639 0.0895074
1 11.2024 8.74639 0.0268267 0.0888429
1 12.3205 8.74636 0.00815344 0.0884537
1 13.4401 8.74635 0.00130809 0.088297
1 14.56 8.74635 0.0003554 0.0882597
1 15.68 8.74635 0.000114395 0.0882585
1 16.8 8.74635 -0.000578574 0.0882724
1 17.92 8.74635 0.000179579 0.0883033
1 19.04 8.74635 -0.000155505 0.088349
1 20.1601 8.74634 0.000298801 0.0883706
1 21.2802 8.74634 0.000363619 0.088383
1 22.4002 8.74635 0.000238329 0.088385
1 23.5201 8.74635 -0.000542102 0.0883535
1 24.64 8.74635 0.000243787 0.0883195
1 25.76 8.74635 -0.000112601 0.0882779
1 26.88 8.74636 -0.000380481 0.088266
1 28 8.74636 0.000250483 0.0882672
1 29.12 8.74636 6.32914e-05 0.0883028
1 30.2399 8.74636 -0.000144339 0.088334
1 31.3596 8.74635 -0.00299508 0.088392
1 32.4786 8.74637 -0.0155395 0.0886121
1 33.5953 8.74643 -0.0434229 0.0891079
1 34.7079 8.74657 -0.0790374 0.089575
1 35.8172 8.74673 -0.0931262 0.0887793
1 36.9262 8.74674 -0.0933491 0.0861112
1 38.0346 8.74646 -0.09423 0.0820456
1 39.1439 8.74583 -0.0750503 0.0765585
1 40.2546 8.74477 -0.0731094 0.0700812
1 41.3642 8.74325 -0.0795327 0.0640842
1 42.4744 8.74135 -0.0749801 0.0599572
1 43.5871 8.73925 -0.0736336 0.0593682
1 0.654778 9.70414 0.0798292 0.0388844
1 1.76716 9.70574 0.0807418 0.04672
1 2.87703 9.70697 0.0850571 0.053991
1 3.98645 9.70779 0.0787698 0.0596295
1 5.09683 9.70827 0.080796 0.0641358
1 6.20575 9.70845 0.0984832 0.0672256
1 7.31396 9.70844 0.0954752 0.0686869
1 8.42271 9.70829 0.0941557 0.0690224
1 9.53192 9.70809 0.079075 0.0682469
1 10.6445 9.70795 0.0429636 0.0670462
1 11.7611 9.70789 0.0150266 0.0663109
1 12.8803 9.70787 0.00397598 0.0660467
1 14 9.70788 0.000515501 0.0659822
1 15.12 9.70788 0.000641941 0.065972
1 16.24 9.70787 -0.000108002 0.0659704
1 17.36 9.70788 -6.69106e-05 0.0659885
1 18.48 9.70787 0.000468547 0.0659722
1 19.6001 9.70787 -7.7206e-05 0.065979
1 20.7202 9.70787 0.000400575 0.065999
1 21.8401 9.70787 0.000513675 0.0659876
1 22.9601 9.70787 -0.000695791 0.0659935
1 24.0801 9.70788 -0.000522305 0.0660229
1 25.2 9.70788 -0.00014758 0.0660063
1 26.32 9.70788 -0.000264271 0.0660029
1 27.44 9.70788 0.000371867 0.0660098
1 28.56 9.70788 0.000115102 0.0660064
1 29.68 9.70788 -0.000454908 0.0660267
1 30.7998 9.70788 -0.00103516 0.0660442
1 31.9192 9.70788 -0.00787612 0.0661525
1 33.0374 9.70791 -0.0269362 0.066583
1 34.1522 9.70801 -0.0624411 0.0675568
1 35.2628 9.70818 -0.0906153 0.0686056
1 36.3716 9.70834 -0.0933036 0.068691
1 37.4804 9.7084 -0.0941451 0.0676173
1 38.589 9.70829 -0.0921092 0.065045
1 39.6983 9.7079 -0.0890734 0.0608065
1 40.8073 9.70721 -0.0864612 0.055602
1 41.917 9.70616 -0.0732652 0.0490699
1 43.0268 9.70477 -0.0778223 0.0415559
1 44.1428 9.70345 -0.0659782 0.0361306
1 0.099019 10.6708 0.0798308 0.0159439
1 1.2144 10.6715 0.0852769 0.021853
1 2.32388 10.6722 0.0796283 0.0279394
1 3.43333 10.6726 0.0915782 0.0324438
1 4.54202 10.6729 0.0922825 0.0351689
1 5.65112 10.6729 0.094801 0.0367795
1 6.75961 10.6729 0.0960339 0.0373006
1 7.86835 10.6728 0.0937244 0.037026
1 8.97714 10.6727 0.0908937 0.0362736
1 10.0876 10.6726 0.0614834 0.0352038
1 11.2023 10.6726 0.0264185 0.0344141
1 12.3205 10.6725 0.00797395 0.0340727
1 13.4401 10.6725 0.00122457 0.0339881
1 14.56 10.6725 0.000337477 0.0339836
1 15.68 10.6725 0.000165881 0.0339756
1 16.8 10.6725 -0.000521124 0.0339771
1 17.92 10.6725 0.000202577 0.0339735
1 19.04 10.6725 -0.000121882 0.0339595
1 20.1601 10.6725 0.000313933 0.0339525
1 21.2802 10.6725 0.000364252 0.0339518
1 22.4002 10.6725 0.000220632 0.0339617
1 23.5201 10.6725 -0.000550137 0.033985
1 24.64 10.6725 0.000198748 0.0339984
1 25.76 10.6725 -0.00016552 0.0339982
1 26.88 10.6725 -0.00038724 0.0340092
1 28 10.6725 0.000235501 0.0340059
1 29.12 10.6725 5.35244e-05 0.0340062
1 30.2399 10.6725 -0.000120542 0.0340132
1 31.3596 10.6725 -0.00290231 0.0340292
1 32.4786 10.6726 -0.0152981 0.0341904
1 33.5954 10.6726 -0.0429878 0.0347279
1 34.7079 10.6727 -0.078975 0.0356939
1 35.8173 10.6728 -0.0944362 0.0366019
1 36.9261 10.6729 -0.0964939 0.0370027
1 38.0342 10.6729 -0.0998742 0.0368175
1 39.143 10.6729 -0.0830118 0.0355322
1 40.2532 10.6727 -0.082333 0.0330747
1 41.3624 10.6723 -0.0895725 0.0292284
1 42.472 10.6717 -0.0862375 0.0240888
1 43.5842 10.671 -0.0872584 0.0175671
1 0.656331 11.6398 0.0914301 0.0061634
1 1.76839 11.64 0.0902401 0.0092103
1 2.87789 11.6402 0.0922777 0.0114509
1 3.98697 11.6404 0.0838787 0.0131415
1 5.09709 11.6404 0.0843999 0.0140262
1 6.20579 11.6404 0.100365 0.0141809
1 7.31389 11.6404 0.0958856 0.0139243
1 8.4226 11.6403 0.0937543 0.013532
1 9.53183 11.6403 0.0783395 0.0130158
1 10.6444 11.6402 0.0424188 0.0125286
1 11.7611 11.6402 0.0148032 0.0122697
1 12.8803 11.6402 0.00391703 0.0121892
1 14 11.6402 0.00051343 0.012176
1 15.12 11.6402 0.000620796 0.012173
1 16.24 11.6402 -0.000132203 0.0121746
1 17.36 11.6402 -6.66044e-05 0.0121714
1 18.48 11.6402 0.000481281 0.0121718
1 19.6001 11.6402 -7.22842e-05 0.0121618
1 20.7201 11.6402 0.000399351 0.0121507
1 21.8401 11.6402 0.000511647 0.0121598
1 22.9601 11.6402 -0.000696792 0.0121721
1 24.0801 11.6402 -0.000510509 0.012178
1 25.2 11.6402 -0.00012593 0.012188
1 26.32 11.6402 -0.000250645 0.0121862
1 27.44 11.6402 0.00036974 0.0121887
1 28.56 11.6402 0.00013088 0.0121844
1 29.68 11.6402 -0.000444257 0.0121834
1 30.7998 11.6402 -0.00103244 0.0121873
1 31.9192 11.6402 -0.00777251 0.0122192
1 33.0374 11.6402 -0.0265845 0.0123656
1 34.1523 11.6402 -0.0617976 0.0127389
1 35.2629 11.6403 -0.0901316 0.0132657
1 36.3717 11.6403 -0.0935066 0.0136825
1 37.4804 11.6404 -0.0953582 0.0139324
1 38.5888 11.6404 -0.0948873 0.0138549
1 39.6979 11.6403 -0.0938846 0.0132522
1 40.8065 11.6403 -0.0935444 0.0122722
1 41.9159 11.6401 -0.0823931 0.0101805
1 43.0252 11.6399 -0.0900465 0.00745225
1 44.1404 11.6396 -0.0866026 0.00487456
1 0.0998652 12.6094 0.0893108 0.00121749
1 1.21497 12.6094 0.0912104 0.00244645
1 2.32429 12.6095 0.0838666 0.00292917
1 3.43358 12.6095 0.0945789 0.00332153
1 4.54211 12.6096 0.093937 0.00391125
1 5.65113 12.6096 0.0952535 0.00405389
1 6.75957 12.6095 0.0958232 0.00395258
1 7.8683 12.6095 0.0932712 0.00376079
1 8.97708 12.6095 0.0903226 0.0035455
1 10.0876 12.6095 0.0610156 0.00334556
1 11.2023 12.6095 0.0261982 0.00322603
1 12.3205 12.6095 0.00790975 0.00316412
1 13.4401 12.6095 0.00121311 0.00315285
1 14.56 12.6095 0.000344354 0.00316254
1 15.68 12.6095 0.000180019 0.0031572
1 16.8 12.6095 -0.0005152 0.00316082
1 17.92 12.6095 0.000191954 0.00315671
1 19.04 12.6095 -0.000127545 0.00315057
1 20.1601 12.6095 0.000312489 0.00315031
1 21.2802 12.6095 0.000358929 0.00314929
1 22.4002 12.6095 0.00022505 0.00314901
1 23.5201 12.6095 -0.000535022 0.0031578
1 24.64 12.6095 0.000202636 0.00316474
1 25.76 12.6095 -0.000160924 0.00316354
1 26.88 12.6095 -0.000376515 0.00316589
1 28 12.6095 0.00023512 0.00316422
1 29.12 12.6095 3.5704e-05 0.00315727
1 30.2399 12.6095 -0.000134032 0.00316424
1 31.3596 12.6095 -0.00288184 0.00315782
1 32.4787 12.6095 -0.015179 0.00318249
1 33.5954 12.6095 -0.0426501 0.00327867
1 34.708 12.6095 -0.0784264 0.00344158
1 35.8173 12.6095 -0.0939494 0.00364437
1 36.9261 12.6095 -0.0963399 0.00380467
1 38.0342 12.6096 -0.100403 0.00387332
1 39.1429 12.6095 -0.0843771 0.00381411
1 40.253 12.6095 -0.0846434 0.00369913
1 41.3621 12.6095 -0.0934915 0.00332891
1 42.4716 12.6095 -0.091552 0.00245736
1 43.5836 12.6094 -0.0930281 0.00148205
1 0.656509 13.5793 0.093675 0.000374579
1 1.76853 13.5793 0.0919205 0.000652265
1 2.87798 13.5793 0.0934216 0.00087232
1 3.98702 13.5793 0.0847596 0.000835845
1 5.09708 13.5793 0.0847277 0.000892476
1 6.20577 13.5793 0.100116 0.000858669
1 7.31387 13.5793 0.0955237 0.000811569
1 8.42258 13.5793 0.0934361 0.000739597
1 9.53182 13.5793 0.0780651 0.000663515
1 10.6444 13.5793 0.0422605 0.000601989
1 11.7611 13.5793 0.0147561 0.000571701
1 12.8803 13.5793 0.00391857 0.000563194
1 14 13.5793 0.000518747 0.000562528
1 15.12 13.5793 0.000614841 0.000562769
1 16.24 13.5793 -0.000131582 0.000562776
1 17.36 13.5793 -6.47558e-05 0.00056266
1 18.48 13.5793 0.000477266 0.000560509
1 19.6001 13.5793 -7.07233e-05 0.000557867
1 20.7201 13.5793 0.000396694 0.000556791
1 21.8401 13.5793 0.000507218 0.0005576
1 22.9601 13.5793 -0.000691407 0.000560369
1 24.0801 13.5793 -0.00050987 0.000562929
1 25.2 13.5793 -0.000126321 0.000563436
1 26.32 13.5793 -0.000238408 0.000563701
1 27.44 13.5793 0.00037387 0.000564421
1 28.56 13.5793 0.000132557 0.000564079
1 29.68 13.5793 -0.000443779 0.00056401
1 30.7998 13.5793 -0.00103946 0.000563601
1 31.9192 13.5793 -0.00776127 0.000566099
1 33.0374 13.5793 -0.0264937 0.000582032
1 34.1523 13.5793 -0.0615661 0.000626557
1 35.2629 13.5793 -0.089822 0.000699085
1 36.3717 13.5793 -0.0932651 0.000774779
1 37.4804 13.5793 -0.0952652 0.000838804
1 38.5888 13.5793 -0.0950198 0.000869598
1 39.6979 13.5793 -0.0943849 0.000811063
1 40.8065 13.5793 -0.0949133 0.0009469
1 41.9157 13.5793 -0.0845641 0.0007675
1 43.0251 13.5793 -0.0927365 0.000283452
1 44.1402 13.5793 -0.0900515 0.000118669
1 0.0999304 14.5492 0.0902918 0.000238052
1 1.21501 14.5493 0.0920838 4.64292e-05
1 2.32432 14.5493 0.0844327 0.000252048
1 3.4336 14.5493 0.0948685 0.000295324
1 4.54212 14.5493 0.0940834 0.000314548
1 5.65112 14.5493 0.095237 0.00020083
1 6.75956 14.5493 0.0957074 0.000281248
1 7.86829 14.5493 0.0931525 0.000360156
1 8.97707 14.5493 0.0902154 0.000420419
1 10.0876 14.5493 0.0609415 0.00044078
1 11.2023 14.5493 0.0261662 0.000434823
1 12.3205 14.5493 0.00790143 0.000443897
1 13.4401 14.5493 0.00121345 0.000441763
1 14.56 14.5493 0.000344738 0.000430596
1 15.68 14.5493 0.000180354 0.000435203
1 16.8 14.5493 -0.000514718 0.000430949
1 17.92 14.5493 0.000189131 0.000433351
1 19.04 14.5493 -0.000131069 0.000437036
1 20.1601 14.5493 0.000311575 0.000436076
1 21.2802 14.5493 0.000359101 0.000436984
1 22.4002 14.5493 0.000228535 0.000438807
1 23.5201 14.5493 -0.000531493 0.000433681
1 24.64 14.5493 0.000203378 0.000429742
1 25.76 14.5493 -0.000159798 0.000432212
1 26.88 14.5493 -0.000375174 0.000431791
1 28 14.5493 0.000234205 0.000433916
1 29.12 14.5493 3.45965e-05 0.000440521
1 30.2399 14.5493 -0.000135572 0.00043343
1 31.3596 14.5493 -0.00288122 0.000442708
1 32.4787 14.5493 -0.0151632 0.000443124
1 33.5954 14.5493 -0.0425998 0.00043027
1 34.708 14.5493 -0.0783286 0.000424804
1 35.8173 14.5493 -0.0938297 0.000396685
1 36.9261 14.5493 -0.0962567 0.000375204
1 38.0342 14.5493 -0.100428 0.000395591
1 39.1429 14.5493 -0.0844786 0.000290068
1 40.253 14.5493 -0.0847388 0.000162601
1 41.362 14.5493 -0.0936799 -6.69157e-05
1 42.4715 14.5493 -0.0919302 0.000336246
1 43.5836 14.5493 -0.093797 0.000445689
1 0.656526 15.5193 0.0939965 0.000551849
1 1.76854 15.5193 0.0921534 0.00080793
1 2.87799 15.5193 0.0935884 0.00130139
1 3.98703 15.5193 0.084663 0.00115655
1 5.0971 15.5193 0.0847411 0.00112261
1 6.20578 15.5193 0.100298 0.0010714
1 7.31387 15.5193 0.0956347 0.00111912
1 8.42258 15.5193 0.0934442 0.00112548
1 9.53181 15.5193 0.0780504 0.00109584
1 10.6444 15.5193 0.0422528 0.0010723
1 11.7611 15.5193 0.0147465 0.00106082
1 12.8803 15.5193 0.00390875 0.00105481
1 14 15.5193 0.000516104 0.00105651
1 15.12 15.5193 0.000616227 0.00105758
1 16.24 15.5193 -0.000137577 0.00105303
1 17.36 15.5193 -7.13118e-05 0.00105773
1 18.48 15.5193 0.000476252 0.00104651
1 19.6001 15.5193 -7.47406e-05 0.00104569
1 20.7201 15.5193 0.000398211 0.00105678
1 21.8401 15.5193 0.000513347 0.0010472
1 22.9601 15.5193 -0.000689735 0.00104798
1 24.0801 15.5193 -0.000502497 0.00105734
1 25.2 15.5193 -0.000119042 0.00104929
1 26.32 15.5193 -0.000244868 0.00105522
1 27.44 15.5193 0.000369899 0.00105795
1 28.56 15.5193 0.000131388 0.00105791
1 29.68 15.5193 -0.000444376 0.00106136
1 30.7998 15.5193 -0.00103572 0.00105886
1 31.9192 15.5193 -0.00775162 0.00105557
1 33.0374 15.5193 -0.0264873 0.00106293
1 34.1523 15.5193 -0.061573 0.00107758
1 35.2629 15.5193 -0.0898238 0.00110272
1 36.3717 15.5193 -0.0932277 0.00114361
1 37.4804 15.5193 -0.0952061 0.00119985
1 38.5888 15.5194 -0.0950348 0.00124291
1 39.6979 15.5194 -0.0944743 0.00108331
1 40.8064 15.5193 -0.0947961 0.00101794
1 41.9157 15.5193 -0.0843493 0.000960376
1 43.0251 15.5193 -0.0925448 0.00103932
1 44.1402 15.5193 -0.0902321 0.000728929
1 0.0999925 16.4893 0.0906394 0.000817766
1 1.21508 16.4893 0.092424 0.000415945
1 2.32436 16.4893 0.0847782 -0.00020676
1 3.43361 16.4893 0.0951395 -0.000322511
1 4.54213 16.4894 0.0941126 -9.71123e-05
1 5.65114 16.4894 0.0953067 -7.61318e-05
1 6.75957 16.4894 0.0958521 -1.16993e-05
1 7.86829 16.4894 0.0932468 4.24541e-05
1 8.97707 16.4894 0.09024 9.03346e-05
1 10.0876 16.4894 0.0609429 0.000131041
1 11.2023 16.4894 0.0261622 0.000153451
1 12.3205 16.4894 0.0078943 0.000159755
1 13.4401 16.4894 0.00121008 0.000158796
1 14.56 16.4894 0.000337751 0.000157216
1 15.68 16.4894 0.000174312 0.00015666
1 16.8 16.4894 -0.000514084 0.000155542
1 17.92 16.4894 0.00018598 0.00015545
1 19.04 16.4894 -0.000138438 0.00015634
1 20.1601 16.4894 0.000308078 0.000157597
1 21.2802 16.4894 0.000366611 0.000158502
1 22.4002 16.4894 0.000238179 0.000158392
1 23.5201 16.4894 -0.000527314 0.000156888
1 24.64 16.4894 0.000202433 0.000155414
1 25.76 16.4894 -0.000161875 0.00015478
1 26.88 16.4894 -0.000378394 0.000155111
1 28 16.4894 0.000229394 0.000156253
1 29.12 16.4894 4.32762e-05 0.00015786
1 30.2399 16.4894 -0.000127608 0.00015872
1 31.3596 16.4894 -0.00287868 0.000159761
1 32.4787 16.4894 -0.0151584 0.000158476
1 33.5954 16.4894 -0.0426069 0.000146861
1 34.708 16.4894 -0.0783595 0.000117117
1 35.8173 16.4894 -0.0938608 6.89068e-05
1 36.9261 16.4894 -0.0962188 9.00779e-06
1 38.0342 16.4894 -0.100322 -3.04411e-05
1 39.1429 16.4894 -0.0845261 -8.40887e-05
1 40.253 16.4894 -0.0849715 -8.1399e-05
1 41.362 16.4893 -0.0937788 -0.000256801
1 42.4715 16.4893 -0.0919977 -4.4858e-05
1 43.5835 16.4893 -0.0937238 0.000383134
1 0.656566 17.4593 0.0936799 0.000647327
1 1.76858 17.4593 0.0922211 0.000389727
1 2.87802 17.4593 0.0936846 0.00012924
1 3.98705 17.4593 0.0847656 1.95696e-05
1 5.09712 17.4593 0.0847934 0.000125547
1 6.20579 17.4593 0.100322 0.0001208
1 7.31388 17.4593 0.0956789 0.000132763
1 8.42259 17.4593 0.0934964 0.00014566
1 9.53182 17.4593 0.0780827 0.000172802
1 10.6444 17.4593 0.0422646 0.000186965
1 11.7611 17.4593 0.0147485 0.000192328
1 12.8803 17.4593 0.00390866 0.000196735
1 14 17.4593 0.000513655 0.000195418
1 15.12 17.4593 0.000612776 0.000193597
1 16.24 17.4593 -0.000140157 0.000196046
1 17.36 17.4593 -7.45396e-05 0.000190734
1 18.48 17.4593 0.000474466 0.000199279
1 19.6001 17.4593 -7.36713e-05 0.00019804
1 20.7201 17.4593 0.000399528 0.000187473
1 21.8401 17.4593 0.000513903 0.0001985
1 22.9601 17.4593 -0.000688502 0.000200087
1 24.0801 17.4593 -0.000501389 0.000191239
1 25.2 17.4593 -0.000118092 0.000197791
1 26.32 17.4593 -0.000241452 0.000191885
1 27.44 17.4593 0.000374075 0.00019137
1 28.56 17.4593 0.000134648 0.000192363
1 29.68 17.4593 -0.0004406 0.000191976
1 30.7998 17.4593 -0.00103358 0.000195564
1 31.9192 17.4593 -0.00775261 0.000198803
1 33.0374 17.4593 -0.0264914 0.000194387
1 34.1523 17.4593 -0.0615885 0.000187937
1 35.2629 17.4593 -0.0898641 0.000169933
1 36.3717 17.4593 -0.0933045 0.000123435
1 37.4804 17.4593 -0.0952894 5.88484e-05
1 38.5888 17.4593 -0.0950613 1.54629e-05
1 39.6979 17.4593 -0.0944985 2.82688e-05
1 40.8064 17.4593 -0.0948583 0.000367021
1 41.9157 17.4593 -0.084327 0.000352849
1 43.025 17.4593 -0.0924114 7.28571e-05
1 44.1401 17.4593 -0.0896821 0.000495354
1 0.10003 18.4294 0.0900428 0.000263113
1 1.2151 18.4293 0.0920086 0.000516628
1 2.32438 18.4293 0.0843883 0.000497681
1 3.43365 18.4293 0.0948687 0.000336399
1 4.54216 18.4293 0.0941055 0.000432977
1 5.65116 18.4293 0.0953195 0.000317481
1 6.75958 18.4293 0.0958199 0.000291375
1 7.8683 18.4293 0.0932474 0.000280142
1 8.97708 18.4293 0.0902818 0.000256713
1 10.0876 18.4293 0.0609724 0.000255242
1 11.2023 18.4293 0.0261748 0.000270146
1 12.3205 18.4293 0.00790193 0.00026549
1 13.4401 18.4293 0.00121065 0.000269272
1 14.56 18.4293 0.000343574 0.000277871
1 15.68 18.4293 0.00017766 0.000275176
1 16.8 18.4293 -0.000518407 0.000278383
1 17.92 18.4293 0.000186488 0.00027411
1 19.04 18.4293 -0.00013117 0.000272541
1 20.1601 18.4293 0.000313049 0.00027497
1 21.2802 18.4293 0.00036119 0.000274519
1 22.4002 18.4293 0.000229116 0.000271577
1 23.5201 18.4293 -0.00053175 0.00027344
1 24.64 18.4293 0.000203679 0.000277313
1 25.76 18.4293 -0.00015793 0.000274869
1 26.88 18.4293 -0.000371295 0.000274855
1 28 18.4293 0.000239051 0.000275479
1 29.12 18.4293 3.90528e-05 0.000270036
1 30.2399 18.4293 -0.000133437 0.000276307
1 31.3596 18.4293 -0.00287909 0.000270238
1 32.4787 18.4293 -0.0151665 0.000267202
1 33.5954 18.4293 -0.0426162 0.000271304
1 34.708 18.4293 -0.0783757 0.000258703
1 35.8173 18.4293 -0.0939123 0.000262749
1 36.9261 18.4293 -0.0963553 0.000268018
1 38.0342 18.4293 -0.100523 0.000242436
1 39.1429 18.4293 -0.0845421 0.00018608
1 40.253 18.4293 -0.0847703 0.000309945
1 41.362 18.4293 -0.0936713 0.000500591
1 42.4715 18.4293 -0.0919401 0.000636714
1 43.5836 18.4293 -0.0938842 0.000658168
1 0.656607 19.3993 0.0940363 5.65615e-05
1 1.76861 19.3993 0.0919751 0.000139447
1 2.87805 19.3992 0.0933922 0.000261785
1 3.98708 19.3993 0.0846669 0.0001778
1 5.09714 19.3992 0.0847327 0.000169681
1 6.20581 19.3993 0.100231 7.20405e-05
1 7.31389 19.3993 0.0956348 5.67048e-05
1 8.4226 19.3993 0.0935051 4.26525e-05
1 9.53182 19.3993 0.0781057 4.44428e-05
1 10.6444 19.3993 0.0422778 5.20659e-05
1 11.7611 19.3993 0.014756 5.81281e-05
1 12.8803 19.3993 0.00391385 6.18804e-05
1 14 19.3993 0.000515855 6.33207e-05
1 15.12 19.3993 0.00061175 6.78291e-05
1 16.24 19.3993 -0.000135278 6.63553e-05
1 17.36 19.3993 -6.84373e-05 6.61997e-05
1 18.48 19.3993 0.000475323 6.64953e-05
1 19.6001 19.3993 -7.18889e-05 6.54857e-05
1 20.7201 19.3993 0.000398441 6.41975e-05
1 21.8401 19.3993 0.00050996 6.44354e-05
1 22.9601 19.3993 -0.000691548 6.48515e-05
1 24.0801 19.3993 -0.000510512 6.32707e-05
1 25.2 19.3993 -0.000125603 6.40513e-05
1 26.32 19.3993 -0.000235694 6.43769e-05
1 27.44 19.3993 0.000377755 6.36161e-05
1 28.56 19.3993 0.000137513 6.35645e-05
1 29.68 19.3993 -0.000438714 6.63422e-05
1 30.7998 19.3993 -0.0010354 6.30555e-05
1 31.9192 19.3993 -0.00775771 6.23896e-05
1 33.0374 19.3993 -0.0264989 5.70627e-05
1 34.1523 19.3993 -0.0615995 4.68804e-05
1 35.2629 19.3993 -0.0898847 3.57956e-05
1 36.3717 19.3993 -0.0933271 3.83323e-05
1 37.4804 19.3993 -0.0953234 7.14695e-05
1 38.5888 19.3993 -0.0951156 0.00010075
1 39.6978 19.3992 -0.0944599 1.58681e-05
1 40.8064 19.3992 -0.094873 9.36386e-05
1 41.9157 19.3992 -0.0845586 0.00014043
1 43.025 19.3993 -0.0926799 0.000330443
1 44.1401 19.3993 -0.0898975 0.000252245
1 0.0999813 20.3692 0.0896035 6.81599e-05
1 1.21509 20.3692 0.0917577 -8.62678e-06
1 2.32438 20.3692 0.0842606 -0.00033215
1 3.43365 20.3692 0.0948266 -0.000428304
1 4.54216 20.3692 0.0939966 -0.00034575
1 5.65117 20.3692 0.0951933 -0.000375852
1 6.7596 20.3692 0.0957706 -0.000327689
1 7.86832 20.3692 0.0932509 -0.000294219
1 8.97709 20.3692 0.0903085 -0.000237496
1 10.0876 20.3692 0.0609963 -0.000191052
1 11.2023 20.3692 0.0261887 -0.000165752
1 12.3205 20.3692 0.00790774 -0.000149053
1 13.4401 20.3692 0.00120617 -0.000144486
1 14.56 20.3692 0.000340466 -0.00015234
1 15.68 20.3692 0.000178043 -0.000147457
1 16.8 20.3692 -0.000519612 -0.000145151
1 17.92 20.3692 0.00018706 -0.000143982
1 19.04 20.3692 -0.000134366 -0.000142766
1 20.1601 20.3692 0.000310117 -0.000143133
1 21.2802 20.3692 0.000361812 -0.000143033
1 22.4002 20.3692 0.000230006 -0.00014292
1 23.5201 20.3692 -0.000533805 -0.000145252
1 24.64 20.3692 0.00020345 -0.000149039
1 25.76 20.3692 -0.00015943 -0.000149671
1 26.88 20.3692 -0.00037431 -0.000149779
1 28 20.3692 0.000239647 -0.000147326
1 29.12 20.3692 3.93348e-05 -0.000146125
1 30.2399 20.3692 -0.000128172 -0.000152682
1 31.3596 20.3692 -0.00287366 -0.000145367
1 32.4787 20.3692 -0.0151756 -0.000153518
1 33.5954 20.3692 -0.0426401 -0.000180683
1 34.708 20.3692 -0.0784132 -0.000223495
1 35.8173 20.3692 -0.0939402 -0.000279196
1 36.9261 20.3692 -0.0963212 -0.000322834
1 38.0342 20.3692 -0.100417 -0.000299844
1 39.1429 20.3692 -0.0844651 -0.000316331
1 40.253 20.3692 -0.0848052 -0.000342557
1 41.362 20.3692 -0.0937795 -0.000590841
1 42.4715 20.3692 -0.092003 -0.000312434
1 43.5835 20.3693 -0.0934297 -0.000263768
1 0.656576 21.3392 0.0933274 4.49823e-05
1 1.76859 21.3392 0.0919544 0.000517847
1 2.87802 21.3391 0.0935312 0.000799889
1 3.98704 21.3391 0.0846302 0.000421894
1 5.09712 21.3391 0.0846451 0.00031746
1 6.2058 21.3391 0.100186 0.000305194
1 7.31389 21.3391 0.0955994 0.000319069
1 8.4226 21.3391 0.0934909 0.000268129
1 9.53183 21.3391 0.0781235 0.000218228
1 10.6444 21.3391 0.0423001 0.000200062
1 11.7611 21.3391 0.0147646 0.000196207
1 12.8803 21.3391 0.00391301 0.000192503
1 14 21.3391 0.000514784 0.000194408
1 15.12 21.3391 0.000619413 0.00020316
1 16.24 21.3391 -0.000142538 0.000201661
1 17.36 21.3391 -7.7425e-05 0.000202586
1 18.48 21.3391 0.000475941 0.000194886
1 19.6001 21.3391 -7.94856e-05 0.00019122
1 20.7201 21.3391 0.000397657 0.000197418
1 21.8402 21.3391 0.000515625 0.000191772
1 22.9601 21.3391 -0.000694001 0.000196229
1 24.0801 21.3391 -0.000501387 0.00020186
1 25.2 21.3391 -0.000115793 0.000195852
1 26.32 21.3391 -0.000244825 0.000200808
1 27.44 21.3391 0.000374815 0.00019844
1 28.56 21.3391 0.000136805 0.000200627
1 29.68 21.3391 -0.000444652 0.000201583
1 30.7998 21.3391 -0.00103169 0.00019298
1 31.9192 21.3391 -0.0077586 0.000190216
1 33.0374 21.3391 -0.0265179 0.000193587
1 34.1523 21.3391 -0.0616402 0.000198106
1 35.2629 21.3391 -0.0899123 0.000221501
1 36.3717 21.3391 -0.0933084 0.000276768
1 37.4804 21.3391 -0.0952367 0.000342699
1 38.5888 21.3391 -0.0949607 0.000410098
1 39.6978 21.3391 -0.0943706 0.000447485
1 40.8064 21.3391 -0.094746 0.000625515
1 41.9157 21.3391 -0.0841922 0.000641634
1 43.025 21.3392 -0.092211 8.63223e-05
1 44.1402 21.3392 -0.089614 -0.00045965
1 0.0998703 22.3091 0.0902905 -0.000482499
1 1.21501 22.3091 0.0920957 -0.000413548
1 2.32432 22.3091 0.0845089 -0.00024056
1 3.43359 22.3091 0.09484 -0.000212664
1 4.54212 22.3091 0.0939602 -0.000299042
1 5.65113 22.3091 0.0951952 -0.000437858
1 6.75957 22.3091 0.095713 -0.000418995
1 7.8683 22.3091 0.0931567 -0.000415359
1 8.97708 22.3091 0.090239 -0.000434766
1 10.0876 22.3091 0.0609809 -0.000448549
1 11.2023 22.3091 0.0261907 -0.000448019
1 12.3205 22.3091 0.00790826 -0.000447559
1 13.4401 22.3091 0.00121168 -0.000447563
1 14.56 22.3091 0.000340207 -0.00044581
1 15.68 22.3091 0.000175737 -0.000444032
1 16.8 22.3091 -0.000518092 -0.000440842
1 17.92 22.3091 0.000187652 -0.000448923
1 19.04 22.3091 -0.000138963 -0.000448058
1 20.1601 22.3091 0.000306463 -0.00044575
1 21.2802 22.3091 0.000364262 -0.000444952
1 22.4002 22.3091 0.000234739 -0.000445635
1 23.5201 22.3091 -0.000531738 -0.000445766
1 24.64 22.3091 0.000206365 -0.00044298
1 25.76 22.3091 -0.000158892 -0.000447131
1 26.88 22.3091 -0.00038003 -0.000448842
1 28 22.3091 0.000233155 -0.000445317
1 29.12 22.3091 4.29162e-05 -0.000447729
1 30.2399 22.3091 -0.000126526 -0.000449554
1 31.3596 22.3091 -0.00287917 -0.000450033
1 32.4787 22.3091 -0.0151793 -0.000450664
1 33.5954 22.3091 -0.0426507 -0.000453005
1 34.708 22.3091 -0.078407 -0.000454987
1 35.8173 22.3091 -0.0938771 -0.000437706
1 36.9261 22.3091 -0.0962156 -0.000402391
1 38.0342 22.3091 -0.100281 -0.00035987
1 39.1429 22.3091 -0.0843654 -0.000371036
1 40.253 22.3091 -0.0846926 -0.000211595
1 41.362 22.3091 -0.0934849 -0.000239082
1 42.4715 22.3091 -0.0916631 -0.000147415
1 43.5836 22.3091 -0.0936576 -0.000173828
1 0.656423 23.279 0.0937218 -0.000188277
1 1.76848 23.279 0.0918792 -8.48529e-05
1 2.87795 23.2791 0.0933183 0.000199409
1 3.987 23.2791 0.0844831 0.000262852
1 5.09708 23.279 0.084601 0.000292312
1 6.20577 23.279 0.100178 0.000237333
1 7.31387 23.279 0.0955395 0.00025871
1 8.42259 23.279 0.0933972 0.00029212
1 9.53182 23.279 0.0780556 0.000323563
1 10.6444 23.279 0.0422798 0.000333488
1 11.7611 23.279 0.0147704 0.000341763
1 12.8803 23.279 0.00392464 0.000349818
1 14 23.279 0.000517425 0.000343774
1 15.12 23.279 0.00062478 0.000349404
1 16.24 23.279 -0.000136464 0.000356378
1 17.36 23.279 -7.16202e-05 0.000342806
1 18.48 23.279 0.000479674 0.000353452
1 19.6001 23.279 -8.07538e-05 0.000352282
1 20.7201 23.279 0.000397231 0.000342184
1 21.8401 23.279 0.000516742 0.000353965
1 22.9601 23.279 -0.000696979 0.000356497
1 24.0801 23.279 -0.000504747 0.000344348
1 25.2 23.279 -0.00011766 0.000354333
1 26.32 23.279 -0.000246489 0.000350455
1 27.44 23.279 0.00037568 0.00034498
1 28.56 23.279 0.000132057 0.000353895
1 29.68 23.279 -0.000449295 0.000344251
1 30.7998 23.279 -0.00103451 0.0003413
1 31.9192 23.279 -0.00777035 0.000347938
1 33.0374 23.279 -0.0265252 0.000338176
1 34.1523 23.279 -0.0616211 0.000325766
1 35.2629 23.279 -0.0898472 0.000311515
1 36.3717 23.279 -0.0932081 0.00027938
1 37.4804 23.279 -0.0951296 0.000267251
1 38.5888 23.279 -0.094905 0.000275078
1 39.6979 23.279 -0.0943266 0.000210676
1 40.8064 23.2791 -0.0946192 0.000327288
1 41.9157 23.279 -0.0842075 0.000168537
1 43.0251 23.279 -0.0924312 4.74556e-05
1 44.1403 23.2789 -0.0898269 0.000163258
1 0.0997536 24.2489 0.0900602 0.000244964
1 1.2149 24.2489 0.0917416 5.71975e-05
1 2.32424 24.249 0.0842352 -0.000424448
1 3.43355 24.249 0.0947859 -0.000432273
1 4.54209 24.249 0.0939732 -0.00014508
1 5.65111 24.2489 0.0952042 -0.000183584
1 6.75955 24.249 0.0957228 -0.000176885
1 7.86829 24.249 0.0931321 -0.000154778
1 8.97708 24.249 0.0902018 -0.000117102
1 10.0876 24.249 0.0609659 -8.01482e-05
1 11.2023 24.249 0.026193 -5.90372e-05
1 12.3205 24.249 0.00791576 -4.30503e-05
1 13.4401 24.249 0.00121661 -4.21558e-05
1 14.56 24.249 0.000348262 -4.58153e-05
1 15.68 24.249 0.000181677 -3.58105e-05
1 16.8 24.249 -0.000520794 -3.98642e-05
1 17.92 24.249 0.000190008 -4.73923e-05
1 19.04 24.249 -0.000133339 -3.94347e-05
1 20.1601 24.249 0.000308429 -4.00917e-05
1 21.2802 24.249 0.000361717 -3.98203e-05
1 22.4002 24.249 0.000229268 -3.87545e-05
1 23.5201 24.249 -0.000533684 -4.7075e-05
1 24.64 24.249 0.000211888 -4.07672e-05
1 25.76 24.249 -0.000158627 -3.58468e-05
1 26.88 24.249 -0.00037761 -4.57291e-05
1 28 24.249 0.000237115 -4.20992e-05
1 29.12 24.249 3.38284e-05 -4.2538e-05
1 30.2399 24.249 -0.000135587 -4.71367e-05
1 31.3596 24.249 -0.00288382 -4.2132e-05
1 32.4787 24.249 -0.0151863 -4.57668e-05
1 33.5954 24.249 -0.0426487 -6.66102e-05
1 34.708 24.249 -0.0783841 -8.66112e-05
1 35.8173 24.249 -0.0938466 -0.000114908
1 36.9261 24.249 -0.0962014 -0.000160046
1 38.0342 24.249 -0.100277 -0.000194818
1 39.1429 24.249 -0.0843859 -0.000244305
1 40.253 24.2489 -0.0847785 -0.000147378
1 41.362 24.249 -0.0936438 -0.000342369
1 42.4716 24.2489 -0.0917608 -0.000378771
1 43.5836 24.2489 -0.0933608 -0.000190823
1 0.656397 25.2187 0.0935686 5.83412e-06
1 1.76844 25.2187 0.0920704 0.000108286
1 2.87791 25.2187 0.0935 0.000361446
1 3.98697 25.2187 0.08468 0.000185339
1 5.09705 25.2187 0.0846278 0.000111493
1 6.20576 25.2187 0.100091 -1.76942e-05
1 7.31386 25.2187 0.0955048 -6.34453e-05
1 8.42258 25.2187 0.0933885 -0.000121798
1 9.53182 25.2187 0.0780468 -0.000175081
1 10.6444 25.2187 0.0422789 -0.000204136
1 11.7611 25.2187 0.0147698 -0.000217023
1 12.8803 25.2187 0.00392389 -0.000221435
1 14 25.2187 0.000516676 -0.000217843
1 15.12 25.2187 0.000621072 -0.000213167
1 16.24 25.2187 -0.000129215 -0.000218953
1 17.36 25.2187 -6.37217e-05 -0.000214297
1 18.48 25.2187 0.000479535 -0.000217471
1 19.6001 25.2187 -7.55289e-05 -0.000219946
1 20.7201 25.2187 0.000397045 -0.000218748
1 21.8401 25.2187 0.00051119 -0.00022113
1 22.9601 25.2187 -0.000697198 -0.000219643
1 24.0801 25.2187 -0.000512632 -0.000216885
1 25.2 25.2187 -0.000124296 -0.000218167
1 26.32 25.2187 -0.00024189 -0.000214958
1 27.44 25.2187 0.000375683 -0.00021731
1 28.56 25.2187 0.00012868 -0.000221523
1 29.68 25.2187 -0.000449543 -0.00021474
1 30.7998 25.2187 -0.00103716 -0.000215465
1 31.9192 25.2187 -0.00777025 -0.000218884
1 33.0374 25.2187 -0.0265175 -0.000210121
1 34.1523 25.2187 -0.061595 -0.000183049
1 35.2629 25.2187 -0.0898068 -0.000129373
1 36.3717 25.2187 -0.0932101 -5.7972e-05
1 37.4804 25.2187 -0.0951868 -3.48218e-06
1 38.5889 25.2187 -0.0949397 1.18182e-05
1 39.6979 25.2187 -0.094324 -2.92695e-05
1 40.8065 25.2187 -0.0946545 0.000304487
1 41.9158 25.2187 -0.0841668 0.00016697
1 43.0252 25.2187 -0.0922905 -0.000160712
1 44.1403 25.2187 -0.0895068 -0.000200766
1 0.0997686 26.1886 0.0899857 -0.000234244
1 1.21492 26.1886 0.0919539 -7.67545e-05
1 2.32425 26.1886 0.0842844 0.000199299
1 3.43356 26.1886 0.094684 0.000108169
1 4.5421 26.1885 0.0939352 0.000233938
1 5.65111 26.1885 0.0951871 5.77046e-05
1 6.75955 26.1885 0.0957041 6.29192e-05
1 7.86829 26.1885 0.0931269 0.000109737
1 8.97708 26.1885 0.0901974 0.000142514
1 10.0876 26.1885 0.0609611 0.000163393
1 11.2023 26.1885 0.026191 0.000170178
1 12.3205 26.1885 0.00791226 0.000175073
1 13.4401 26.1885 0.00121041 0.000175069
1 14.56 26.1885 0.000334811 0.000173518
1 15.68 26.1885 0.000169188 0.000178674
1 16.8 26.1885 -0.000523418 0.00017211
1 17.92 26.1885 0.000186009 0.000176171
1 19.04 26.1885 -0.000142151 0.000180176
1 20.1601 26.1885 0.000306428 0.000179023
1 21.2802 26.1885 0.000363399 0.000178596
1 22.4002 26.1885 0.000237619 0.000178886
1 23.5201 26.1885 -0.000530137 0.000173904
1 24.64 26.1885 0.000211167 0.000173605
1 25.76 26.1885 -0.000154288 0.000181041
1 26.88 26.1885 -0.000377006 0.000176733
1 28 26.1885 0.000235592 0.000174339
1 29.12 26.1885 4.28527e-05 0.000177845
1 30.2399 26.1885 -0.000124463 0.000175871
1 31.3596 26.1885 -0.00287825 0.000176941
1 32.4787 26.1885 -0.0151794 0.000176073
1 33.5954 26.1885 -0.0426282 0.00017097
1 34.708 26.1885 -0.0783345 0.000167125
1 35.8173 26.1885 -0.093792 0.000158921
1 36.9261 26.1886 -0.0961838 0.000148586
1 38.0342 26.1886 -0.100294 0.000120423
1 39.143 26.1886 -0.084369 -3.28069e-05
1 40.253 26.1885 -0.0846933 -6.20232e-05
1 41.3621 26.1885 -0.0935226 -5.93412e-05
1 42.4716 26.1885 -0.0918617 0.00031007
1 43.5837 26.1885 -0.0938851 0.000294432
1 0.656456 27.1584 0.093838 -0.00011029
1 1.76849 27.1584 0.0918353 -3.08406e-05
1 2.87796 27.1584 0.0933281 4.58956e-05
1 3.98701 27.1584 0.0845286 3.11416e-05
1 5.09709 27.1584 0.0846117 0.000171356
1 6.20578 27.1584 0.100168 8.22611e-05
1 7.31387 27.1584 0.0955602 7.86728e-05
1 8.42259 27.1584 0.093421 9.03753e-05
1 9.53183 27.1584 0.078077 9.03191e-05
1 10.6444 27.1584 0.0422923 9.08448e-05
1 11.7611 27.1584 0.0147721 8.58484e-05
1 12.8803 27.1584 0.0039178 8.21693e-05
1 14 27.1584 0.000514604 8.88646e-05
1 15.12 27.1584 0.000619159 8.04238e-05
1 16.24 27.1584 -0.000142567 7.55474e-05
1 17.36 27.1584 -7.82279e-05 8.59523e-05
1 18.48 27.1584 0.000472119 8.31612e-05
1 19.6001 27.1584 -8.04804e-05 8.26144e-05
1 20.7201 27.1584 0.000396805 8.76339e-05
1 21.8402 27.1584 0.000515234 8.21531e-05
1 22.9601 27.1584 -0.000691034 8.25566e-05
1 24.0801 27.1584 -0.000500542 8.73631e-05
1 25.2 27.1584 -0.000114636 8.2304e-05
1 26.32 27.1584 -0.00024391 8.21693e-05
1 27.44 27.1584 0.000375912 8.5753e-05
1 28.56 27.1584 0.00013337 7.57842e-05
1 29.68 27.1584 -0.000450836 8.1458e-05
1 30.7998 27.1584 -0.00103516 8.89367e-05
1 31.9192 27.1584 -0.00776374 8.28079e-05
1 33.0374 27.1584 -0.0265165 8.90989e-05
1 34.1523 27.1584 -0.0615951 9.72513e-05
1 35.2629 27.1584 -0.0897961 9.90882e-05
1 36.3717 27.1584 -0.0931675 0.000109763
1 37.4804 27.1584 -0.0951625 0.000122697
1 38.5889 27.1584 -0.0949887 0.000106567
1 39.6979 27.1584 -0.0943484 -5.79886e-05
1 40.8065 27.1584 -0.0946112 2.76664e-05
1 41.9158 27.1583 -0.084178 6.22316e-05
1 43.0252 27.1584 -0.0922956 0.000182821
1 44.1404 27.1584 -0.0899666 0.000188438
1 0.0998694 28.1283 0.0899142 0.000264362
1 1.215 28.1283 0.091873 0.00019336
1 2.32432 28.1283 0.084266 -0.000543802
1 3.4336 28.1283 0.0947926 -0.000750916
1 4.54213 28.1283 0.0939473 -0.000419688
1 5.65114 28.1283 0.0951226 -0.000355598
1 6.75958 28.1283 0.0956926 -0.000341648
1 7.86831 28.1283 0.0931768 -0.000335394
1 8.97709 28.1283 0.0902646 -0.000341034
1 10.0876 28.1283 0.0609929 -0.000323856
1 11.2023 28.1283 0.0261997 -0.000305774
1 12.3205 28.1283 0.00791665 -0.000315866
1 13.4401 28.1283 0.00120874 -0.000318929
1 14.56 28.1283 0.000341496 -0.000309916
1 15.68 28.1283 0.000175497 -0.000324008
1 16.8 28.1283 -0.000526518 -0.0003162
1 17.92 28.1283 0.000186833 -0.000309924
1 19.04 28.1283 -0.000141722 -0.000316159
1 20.1601 28.1283 0.000305632 -0.000310503
1 21.2802 28.1283 0.000364276 -0.000310265
1 22.4002 28.1283 0.00023598 -0.000315026
1 23.5201 28.1283 -0.000534028 -0.000307467
1 24.64 28.1283 0.000210468 -0.000310933
1 25.76 28.1283 -0.000157283 -0.000321294
1 26.88 28.1283 -0.00037737 -0.000312293
1 28 28.1283 0.000239732 -0.000317734
1 29.12 28.1283 3.69634e-05 -0.00032194
1 30.2399 28.1283 -0.000131012 -0.000311259
1 31.3596 28.1283 -0.00287658 -0.000321749
1 32.4787 28.1283 -0.0151844 -0.000317745
1 33.5954 28.1283 -0.0426403 -0.000307943
1 34.708 28.1283 -0.0783653 -0.000327958
1 35.8173 28.1283 -0.0938279 -0.000347842
1 36.9261 28.1283 -0.0961855 -0.000350658
1 38.0342 28.1283 -0.100289 -0.000351138
1 39.1429 28.1283 -0.0843746 -0.00038652
1 40.253 28.1283 -0.0847356 -0.000393232
1 41.3621 28.1283 -0.0936321 -0.000505313
1 42.4716 28.1283 -0.091794 -0.000338788
1 43.5837 28.1283 -0.0932406 -0.00011374
1 0.65655 29.0982 0.0933309 0.000466171
1 1.76857 29.0981 0.0918641 0.000545361
1 2.87801 29.0981 0.0934596 0.000512919
1 3.98704 29.0982 0.0846805 0.000296385
1 5.09711 29.0982 0.0846264 0.000420759
1 6.2058 29.0982 0.100082 0.000434676
1 7.31389 29.0981 0.0955438 0.000449924
1 8.4226 29.0981 0.0934801 0.000441277
1 9.53183 29.0981 0.0781218 0.000423821
1 10.6444 29.0981 0.0423004 0.00040028
1 11.7611 29.0981 0.014771 0.000385799
1 12.8803 29.0981 0.00391931 0.000382757
1 14 29.0981 0.00051443 0.000382609
1 15.12 29.0981 0.00061564 0.00037505
1 16.24 29.0981 -0.000135826 0.000379077
1 17.36 29.0981 -6.93841e-05 0.000380364
1 18.48 29.0981 0.000477181 0.000380377
1 19.6001 29.0981 -7.41045e-05 0.000377923
1 20.7201 29.0981 0.000397384 0.000375979
1 21.8401 29.0981 0.000510129 0.000378993
1 22.9601 29.0981 -0.000695039 0.000382151
1 24.0801 29.0981 -0.000510111 0.000383836
1 25.2 29.0981 -0.000124268 0.000382744
1 26.32 29.0981 -0.000239475 0.000380006
1 27.44 29.0981 0.000378718 0.000383573
1 28.56 29.0981 0.000133333 0.000381945
1 29.68 29.0981 -0.000444499 0.000377065
1 30.7998 29.0981 -0.00103443 0.000379492
1 31.9192 29.0981 -0.00776471 0.00038127
1 33.0374 29.0981 -0.0265182 0.000388348
1 34.1523 29.0981 -0.0616135 0.000405269
1 35.2629 29.0981 -0.0898543 0.000422152
1 36.3717 29.0981 -0.0932461 0.000427876
1 37.4804 29.0981 -0.0952017 0.000438895
1 38.5888 29.0981 -0.0949566 0.000480002
1 39.6979 29.0981 -0.0943526 0.00047096
1 40.8064 29.0982 -0.0948066 0.000588655
1 41.9157 29.0981 -0.0843858 0.00058074
1 43.0251 29.0982 -0.0924247 0.000162761
1 44.1402 29.0982 -0.0898007 4.66526e-05
1 0.0999059 30.0681 0.0900724 7.92045e-06
1 1.21504 30.0681 0.091872 -0.000359143
1 2.32435 30.0681 0.084298 -0.000316592
1 3.43363 30.0681 0.0947695 -0.000264518
1 4.54215 30.0681 0.0939755 -0.000300167
1 5.65116 30.0681 0.0952027 -0.000391012
1 6.75959 30.0681 0.0957364 -0.000337677
1 7.86831 30.0681 0.0932114 -0.000291412
1 8.97709 30.0681 0.0902954 -0.000265128
1 10.0876 30.0681 0.0609988 -0.000266883
1 11.2023 30.0681 0.0261925 -0.000286324
1 12.3205 30.0681 0.00791229 -0.000286852
1 13.4401 30.0681 0.0012123 -0.000290989
1 14.56 30.0681 0.00034809 -0.000297655
1 15.68 30.0681 0.0001824 -0.000296256
1 16.8 30.0681 -0.000521925 -0.000298561
1 17.92 30.0681 0.000187207 -0.000290625
1 19.04 30.0681 -0.000133206 -0.000289285
1 20.1601 30.0681 0.000310812 -0.000293006
1 21.2802 30.0681 0.000361498 -0.000292363
1 22.4002 30.0681 0.000229051 -0.000287805
1 23.5201 30.0681 -0.000534238 -0.000289469
1 24.64 30.0681 0.000206587 -0.000297115
1 25.76 30.0681 -0.000162353 -0.000295446
1 26.88 30.0681 -0.000376136 -0.000293375
1 28 30.0681 0.000238551 -0.000295779
1 29.12 30.0681 3.4475e-05 -0.000290527
1 30.2399 30.0681 -0.000135051 -0.000297163
1 31.3596 30.0681 -0.00287928 -0.000292424
1 32.4787 30.0681 -0.0151818 -0.000286896
1 33.5954 30.0681 -0.0426458 -0.0002869
1 34.708 30.0681 -0.0784012 -0.000278926
1 35.8173 30.0681 -0.0938907 -0.000294408
1 36.9261 30.0681 -0.0962629 -0.000297886
1 38.0342 30.0681 -0.100375 -0.000248611
1 39.1429 30.0681 -0.0843871 -0.000295602
1 40.253 30.0681 -0.0846372 -0.000353609
1 41.362 30.0681 -0.0935429 -0.000544923
1 42.4715 30.0681 -0.0917405 -0.000142113
1 43.5836 30.0681 -0.0936311 0.000227974
1 0.656561 31.038 0.0938986 -7.81212e-05
1 1.76858 31.0381 0.0920692 -0.000131324
1 2.87803 31.0381 0.0934537 0.000265173
1 3.98706 31.0381 0.0845459 0.000204519
1 5.09714 31.0381 0.0846815 0.000211122
1 6.20581 31.0381 0.100305 0.000169399
1 7.31389 31.0381 0.0956786 0.000204084
1 8.4226 31.0381 0.0935081 0.000208723
1 9.53182 31.0381 0.0781074 0.000183854
1 10.6444 31.0381 0.042282 0.00015894
1 11.7611 31.0381 0.014758 0.000146756
1 12.8803 31.0381 0.00391355 0.00014182
1 14 31.0381 0.000516153 0.000141829
1 15.12 31.0381 0.000617727 0.000142029
1 16.24 31.0381 -0.000138971 0.000143411
1 17.36 31.0381 -7.08519e-05 0.000148712
1 18.48 31.0381 0.000480667 0.000141688
1 19.6001 31.0381 -7.70374e-05 0.00014455
1 20.7201 31.0381 0.000398827 0.000150384
1 21.8401 31.0381 0.000515618 0.00014465
1 22.9601 31.0381 -0.000696761 0.000141835
1 24.0801 31.0381 -0.000506935 0.000149092
1 25.2 31.0381 -0.000120023 0.000142083
1 26.32 31.0381 -0.000246422 0.000143687
1 27.44 31.0381 0.000372616 0.000146111
1 28.56 31.0381 0.000134175 0.000145882
1 29.68 31.0381 -0.000442044 0.000146057
1 30.7998 31.0381 -0.00103323 0.000143345
1 31.9192 31.0381 -0.00775922 0.000142658
1 33.0374 31.0381 -0.0265128 0.000148318
1 34.1523 31.0381 -0.0616271 0.000160962
1 35.2629 31.0381 -0.0898963 0.000179872
1 36.3717 31.0381 -0.093282 0.000202026
1 37.4804 31.0381 -0.0952097 0.000242127
1 38.5888 31.0381 -0.0949738 0.000278582
1 39.6978 31.0381 -0.094366 0.000114734
1 40.8064 31.0381 -0.0946413 4.2522e-06
1 41.9157 31.0381 -0.0841912 -5.22133e-05
1 43.025 31.038 -0.0922982 0.000207024
1 44.1401 31.0381 -0.0894864 0.00032621
1 0.0999973 32.0079 0.0899834 0.000150714
1 1.2151 32.008 0.0921217 -7.33617e-05
1 2.32438 32.0081 0.0846145 -0.000448199
1 3.43364 32.0081 0.0950382 -0.000425182
1 4.54216 32.0081 0.094071 -0.000137426
1 5.65116 32.0081 0.0953095 -9.27567e-05
1 6.75959 32.0081 0.0958846 -4.75205e-05
1 7.8683 32.008 0.093295 -1.50611e-05
1 8.97708 32.008 0.0902913 1.18737e-05
1 10.0876 32.008 0.0609749 2.94618e-05
1 11.2023 32.008 0.0261732 3.62506e-05
1 12.3205 32.008 0.00789668 3.60756e-05
1 13.4401 32.008 0.00120996 3.39508e-05
1 14.56 32.008 0.000337692 3.29212e-05
1 15.68 32.008 0.000174184 3.2321e-05
1 16.8 32.008 -0.000513658 3.16639e-05
1 17.92 32.008 0.000187458 3.683e-05
1 19.04 32.008 -0.000134783 3.8056e-05
1 20.1601 32.008 0.000311013 3.99546e-05
1 21.2802 32.008 0.000363029 3.96381e-05
1 22.4002 32.008 0.00023326 3.75181e-05
1 23.5201 32.008 -0.0005307 3.72548e-05
1 24.64 32.008 0.000200311 3.33077e-05
1 25.76 32.008 -0.000162645 3.53745e-05
1 26.88 32.008 -0.000379425 3.54594e-05
1 28 32.008 0.000228935 3.47061e-05
1 29.12 32.008 4.49954e-05 3.46797e-05
1 30.2399 32.008 -0.000124474 3.60268e-05
1 31.3596 32.008 -0.00287839 3.56679e-05
1 32.4787 32.008 -0.0151683 3.66957e-05
1 33.5954 32.008 -0.0426374 3.44845e-05
1 34.708 32.008 -0.0784182 2.25237e-05
1 35.8173 32.008 -0.0939294 -9.49867e-06
1 36.9261 32.0081 -0.0962717 -6.16452e-05
1 38.0342 32.0081 -0.100337 -9.94214e-05
1 39.1429 32.0081 -0.0844908 -0.000163366
1 40.2529 32.0081 -0.0849034 -0.000207386
1 41.362 32.0081 -0.0937016 -0.000485303
1 42.4715 32.0081 -0.0918986 -0.000502929
1 43.5835 32.008 -0.0935672 -0.000351815
1 0.656578 32.9779 0.0935836 -0.000359093
1 1.76859 32.9779 0.0921498 -0.000217247
1 2.87802 32.9779 0.0936488 -0.000195747
1 3.98705 32.9779 0.084752 -0.000193829
1 5.09712 32.9779 0.0847879 -9.79118e-05
1 6.2058 32.9779 0.100326 -0.000126608
1 7.31388 32.9779 0.0956901 -0.000162479
1 8.42259 32.9779 0.093514 -0.000197279
1 9.53182 32.9779 0.0780989 -0.000221489
1 10.6444 32.9779 0.0422708 -0.000245367
1 11.7611 32.9779 0.0147482 -0.00025715
1 12.8803 32.9779 0.00390654 -0.000257809
1 14 32.9779 0.000514539 -0.000260006
1 15.12 32.9779 0.000615834 -0.000263708
1 16.24 32.9779 -0.000137759 -0.000259607
1 17.36 32.9779 -7.30959e-05 -0.00026282
1 18.48 32.9779 0.000476289 -0.000255919
1 19.6001 32.9779 -7.48549e-05 -0.00025484
1 20.7201 32.9779 0.000398192 -0.000264709
1 21.8401 32.9779 0.000513098 -0.000256369
1 22.9601 32.9779 -0.000690911 -0.000257003
1 24.0801 32.9779 -0.000502471 -0.000261456
1 25.2 32.9779 -0.000120366 -0.000254569
1 26.32 32.9779 -0.000245393 -0.000260441
1 27.44 32.9779 0.000369956 -0.000259777
1 28.56 32.9779 0.000132339 -0.000259624
1 29.68 32.9779 -0.000441623 -0.00026279
1 30.7998 32.9779 -0.00103297 -0.000259216
1 31.9192 32.9779 -0.00775317 -0.000255389
1 33.0374 32.9779 -0.026501 -0.000250361
1 34.1523 32.9779 -0.0616138 -0.000229832
1 35.2629 32.9779 -0.0899031 -0.000202349
1 36.3717 32.9779 -0.0933416 -0.000199993
1 37.4804 32.9779 -0.0953139 -0.000220075
1 38.5888 32.9779 -0.0950668 -0.000231596
1 39.6978 32.9779 -0.0944851 -0.000219285
1 40.8064 32.9779 -0.094832 7.34825e-05
1 41.9157 32.978 -0.0842722 -0.00012624
1 43.025 32.9779 -0.0923411 -0.000737711
1 44.1401 32.9779 -0.0896056 -0.000682486
1 0.100007 33.948 0.0900764 -0.00110614
1 1.21507 33.9479 0.0919677 -0.000783704
1 2.32435 33.9479 0.0843495 -0.00070567
1 3.43362 33.9479 0.0948404 -0.000829347
1 4.54214 33.9479 0.0940976 -0.00075036
1 5.65114 33.9479 0.0953134 -0.0008836
1 6.75957 33.9479 0.0958065 -0.000918639
1 7.8683 33.9479 0.0932304 -0.000931765
1 8.97708 33.9479 0.090266 -0.00095945
1 10.0876 33.9479 0.0609646 -0.000955745
1 11.2023 33.9479 0.0261712 -0.000934045
1 12.3205 33.9479 0.00789986 -0.000936964
1 13.4401 33.9479 0.00121176 -0.000935726
1 14.56 33.9479 0.000344644 -0.000926227
1 15.68 33.9479 0.000179766 -0.000931058
1 16.8 33.9479 -0.00051563 -0.000929618
1 17.92 33.9479 0.000187773 -0.000931858
1 19.04 33.9479 -0.000133131 -0.000932735
1 20.1601 33.9479 0.000310631 -0.000929999
1 21.2802 33.9479 0.000359908 -0.000930922
1 22.4002 33.9479 0.00022994 -0.000934585
1 23.5201 33.9479 -0.000531482 -0.00093235
1 24.64 33.9479 0.000202657 -0.000928812
1 25.76 33.9479 -0.000160233 -0.000928549
1 26.88 33.9479 -0.000375435 -0.000928081
1 28 33.9479 0.000235506 -0.000928302
1 29.12 33.9479 3.71778e-05 -0.000933435
1 30.2399 33.9479 -0.000134001 -0.000927296
1 31.3596 33.9479 -0.00288123 -0.000937134
1 32.4787 33.9479 -0.0151688 -0.000938852
1 33.5954 33.9479 -0.0426216 -0.000936311
1 34.708 33.9479 -0.0783818 -0.000952799
1 35.8173 33.9479 -0.0939149 -0.000948249
1 36.9261 33.9479 -0.0963589 -0.00093402
1 38.0342 33.9479 -0.100525 -0.000953425
1 39.1429 33.9479 -0.0845386 -0.000995551
1 40.253 33.9479 -0.0847605 -0.000832915
1 41.362 33.9479 -0.0936505 -0.000658216
1 42.4715 33.9479 -0.0919068 -0.000614316
1 43.5836 33.9479 -0.0938475 -0.000696488
1 0.65651 34.9179 0.0935079 -0.00238424
1 1.76853 34.9178 0.091517 -0.00307566
1 2.87799 34.9178 0.0931077 -0.00348046
1 3.98703 34.9177 0.0845421 -0.00393939
1 5.0971 34.9177 0.0846956 -0.00413824
1 6.20578 34.9177 0.100249 -0.00427011
1 7.31388 34.9177 0.0956654 -0.00419064
1 8.42259 34.9177 0.0935337 -0.00405554
1 9.53182 34.9177 0.0781299 -0.00388115
1 10.6444 34.9177 0.0422915 -0.00372125
1 11.7611 34.9177 0.0147643 -0.0036364
1 12.8803 34.9177 0.00391655 -0.0036094
1 14 34.9177 0.000515166 -0.00360598
1 15.12 34.9177 0.000612549 -0.00360729
1 16.24 34.9177 -0.000134692 -0.00360937
1 17.36 34.9177 -6.76381e-05 -0.00361009
1 18.48 34.9177 0.000476073 -0.00360756
1 19.6001 34.9177 -7.2195e-05 -0.00360573
1 20.7201 34.9177 0.000396594 -0.00360643
1 21.8401 34.9177 0.000508061 -0.00360635
1 22.9601 34.9177 -0.00069171 -0.00360952
1 24.0801 34.9177 -0.000509182 -0.00361382
1 25.2 34.9177 -0.000125225 -0.00361419
1 26.32 34.9177 -0.000237109 -0.00361292
1 27.44 34.9177 0.000377494 -0.00361243
1 28.56 34.9177 0.000137396 -0.00361015
1 29.68 34.9177 -0.000440152 -0.00360962
1 30.7998 34.9177 -0.00103682 -0.00360996
1 31.9192 34.9177 -0.00776538 -0.00361987
1 33.0374 34.9177 -0.0265186 -0.00366781
1 34.1523 34.9177 -0.0616307 -0.00379049
1 35.2629 34.9177 -0.0899247 -0.00396983
1 36.3717 34.9177 -0.0933689 -0.00412447
1 37.4804 34.9177 -0.0953702 -0.00422306
1 38.5888 34.9177 -0.0951389 -0.00423479
1 39.6979 34.9177 -0.0944013 -0.00422346
1 40.8064 34.9177 -0.0946867 -0.00389548
1 41.9157 34.9178 -0.0842368 -0.00338176
1 43.0251 34.9178 -0.0923091 -0.00251865
1 44.1402 34.9179 -0.0896475 -0.00172584
1 0.0997231 35.8876 0.0869228 -0.00537589
1 1.21485 35.8874 0.089618 -0.00848633
1 2.3242 35.8872 0.0826237 -0.0115487
1 3.43353 35.887 0.0937759 -0.0135096
1 4.54209 35.8869 0.0935337 -0.0145122
1 5.65113 35.8869 0.0951506 -0.0151459
1 6.75958 35.8869 0.0959254 -0.0151575
1 7.86831 35.8869 0.0934544 -0.0148403
1 8.9771 35.887 0.090522 -0.0143314
1 10.0876 35.887 0.0611614 -0.0137454
1 11.2023 35.887 0.0262621 -0.0133528
1 12.3205 35.887 0.00792528 -0.0131765
1 13.4401 35.887 0.00121061 -0.0131413
1 14.56 35.887 0.000337773 -0.0131544
1 15.68 35.887 0.000172385 -0.0131486
1 16.8 35.887 -0.000521323 -0.0131534
1 17.92 35.887 0.000192976 -0.013149
1 19.04 35.887 -0.00012484 -0.0131379
1 20.1601 35.887 0.000313552 -0.0131349
1 21.2802 35.887 0.000357108 -0.0131345
1 22.4002 35.887 0.000220153 -0.0131395
1 23.5201 35.887 -0.000539642 -0.0131574
1 24.64 35.887 0.000204444 -0.0131681
1 25.76 35.887 -0.000157167 -0.0131654
1 26.88 35.887 -0.000372589 -0.013169
1 28 35.887 0.000242786 -0.0131625
1 29.12 35.887 4.39733e-05 -0.0131541
1 30.2399 35.887 -0.000127587 -0.0131619
1 31.3596 35.887 -0.00288544 -0.0131577
1 32.4787 35.887 -0.0152168 -0.0132344
1 33.5954 35.887 -0.0427629 -0.0135169
1 34.708 35.887 -0.0786283 -0.014031
1 35.8173 35.8869 -0.0941762 -0.0146136
1 36.9261 35.8869 -0.0965319 -0.0150479
1 38.0342 35.8869 -0.100483 -0.0152332
1 39.1429 35.8869 -0.0842262 -0.0150406
1 40.253 35.8869 -0.0841806 -0.0143046
1 41.3621 35.8871 -0.092552 -0.013129
1 42.4717 35.8873 -0.090098 -0.0105231
1 43.5838 35.8875 -0.0911318 -0.00723919
1 0.655895 36.8563 0.0870223 -0.0177982
1 1.76803 36.8556 0.0867256 -0.0238495
1 2.87763 36.855 0.0897301 -0.0286644
1 3.9868 36.8546 0.0822052 -0.0328049
1 5.097 36.8544 0.0832464 -0.0353751
1 6.20578 36.8543 0.0998028 -0.0366986
1 7.31392 36.8544 0.0958771 -0.0369132
1 8.42264 36.8544 0.0940306 -0.0365878
1 9.53187 36.8546 0.0786836 -0.0357544
1 10.6444 36.8546 0.0426395 -0.0348209
1 11.7611 36.8547 0.0148831 -0.0342958
1 12.8803 36.8547 0.00392592 -0.0341227
1 14 36.8547 0.000502624 -0.0340909
1 15.12 36.8547 0.000620389 -0.034085
1 16.24 36.8547 -0.000131061 -0.0340868
1 17.36 36.8547 -6.95549e-05 -0.034089
1 18.48 36.8547 0.000478064 -0.0340868
1 19.6001 36.8547 -7.57807e-05 -0.0340792
1 20.7201 36.8547 0.000397912 -0.0340744
1 21.8401 36.8547 0.000510229 -0.0340837
1 22.9601 36.8547 -0.00070146 -0.0341012
1 24.0801 36.8547 -0.000514722 -0.0341162
1 25.2 36.8547 -0.00012771 -0.0341216
1 26.32 36.8547 -0.000248035 -0.0341151
1 27.44 36.8547 0.000380884 -0.0341161
1 28.56 36.8547 0.000136654 -0.0341049
1 29.68 36.8547 -0.000440415 -0.0341063
1 30.7998 36.8547 -0.00102624 -0.0341151
1 31.9192 36.8547 -0.00780676 -0.0341853
1 33.0374 36.8547 -0.0267332 -0.0344946
1 34.1522 36.8546 -0.0621129 -0.0352521
1 35.2628 36.8545 -0.0905043 -0.036257
1 36.3716 36.8544 -0.0937738 -0.0369169
1 37.4804 36.8543 -0.0954261 -0.0371136
1 38.5889 36.8543 -0.0944775 -0.0365099
1 39.698 36.8544 -0.0926934 -0.0348296
1 40.8067 36.8547 -0.0913815 -0.0319296
1 41.9162 36.8551 -0.0791545 -0.0275395
1 43.0257 36.8558 -0.0853692 -0.0221083
1 44.1411 36.8566 -0.0792331 -0.0168357
1 0.0972676 37.8239 0.0670334 -0.0368372
1 1.21328 37.8226 0.0778021 -0.041926
1 2.32305 37.8212 0.0737517 -0.0492541
1 3.43275 37.8201 0.0867128 -0.0558907
1 4.54166 37.8194 0.0887037 -0.0609843
1 5.65095 37.819 0.0924285 -0.0653047
1 6.75955 37.8189 0.0947188 -0.0679175
1 7.86838 37.8189 0.0932021 -0.0690461
1 8.97719 37.8191 0.0909511 -0.0690032
1 10.0877 37.8193 0.0617827 -0.0679957
1 11.2024 37.8194 0.0266146 -0.0670345
1 12.3205 37.8194 0.00804619 -0.0665759
1 13.4401 37.8194 0.00124809 -0.06644
1 14.56 37.8194 0.000333851 -0.0664202
1 15.68 37.8194 0.000141474 -0.0664012
1 16.8 37.8194 -0.0005442 -0.0664019
1 17.92 37.8194 0.000196605 -0.066405
1 19.04 37.8194 -0.000132143 -0.0664069
1 20.1601 37.8194 0.000306375 -0.0664119
1 21.2802 37.8194 0.000358948 -0.0664198
1 22.4002 37.8194 0.000217427 -0.0664334
1 23.5201 37.8194 -0.000555778 -0.0664494
1 24.64 37.8194 0.000214169 -0.0664529
1 25.76 37.8194 -0.000142283 -0.066436
1 26.88 37.8194 -0.000374986 -0.0664405
1 28 37.8194 0.000253796 -0.0664326
1 29.12 37.8194 7.15979e-05 -0.0664407
1 30.2399 37.8194 -0.000118926 -0.0664624
1 31.3596 37.8194 -0.00294107 -0.0665004
1 32.4786 37.8194 -0.0154283 -0.0667411
1 33.5953 37.8193 -0.0432872 -0.0674584
1 34.7079 37.8192 -0.0793197 -0.0686183
1 35.8172 37.819 -0.0944825 -0.0693492
1 36.926 37.8189 -0.0960494 -0.0689809
1 38.0343 37.8189 -0.0985478 -0.0675415
1 39.1432 37.819 -0.0805352 -0.0645056
1 40.2536 37.8195 -0.078924 -0.059809
1 41.363 37.8204 -0.0851126 -0.0539612
1 42.4729 37.8216 -0.0805272 -0.0467309
1 43.5853 37.8232 -0.080205 -0.0389487
1 0.652971 38.7881 0.0740696 -0.0599185
1 1.76563 38.786 0.0751082 -0.0609207
1 2.87577 38.7841 0.0792575 -0.0652972
1 3.98545 38.7826 0.072931 -0.07102
1 5.09613 38.7815 0.0752591 -0.0772455
1 6.20535 38.7809 0.0939895 -0.0827751
1 7.31379 38.7806 0.0926143 -0.0869038
1 8.42268 38.7806 0.0926787 -0.0895498
1 9.53195 38.7808 0.0786841 -0.0903115
1 10.6445 38.7809 0.0430589 -0.0898134
1 11.7612 38.781 0.0151463 -0.0892888
1 12.8803 38.781 0.00404876 -0.089055
1 14 38.781 0.000546538 -0.0889557
1 15.12 38.781 0.000676276 -0.088924
1 16.24 38.781 -7.53657e-05 -0.0889046
1 17.36 38.781 -7.76872e-05 -0.0889047
1 18.48 38.781 0.000427386 -0.0889038
1 19.6001 38.781 -0.000102336 -0.0889461
1 20.7201 38.781 0.000383496 -0.0889834
1 21.8401 38.781 0.000505924 -0.0889827
1 22.9601 38.781 -0.000678081 -0.0889657
1 24.0801 38.781 -0.000512357 -0.0889709
1 25.2 38.781 -0.000146991 -0.088942
1 26.32 38.781 -0.000253747 -0.088918
1 27.44 38.781 0.00038163 -0.0889134
1 28.56 38.781 8.64233e-05 -0.0889279
1 29.68 38.781 -0.00049053 -0.0889745
1 30.7998 38.781 -0.0010772 -0.0890214
1 31.9192 38.781 -0.0079829 -0.0891598
1 33.0374 38.781 -0.0271221 -0.0895238
1 34.1521 38.7809 -0.0625418 -0.0901901
1 35.2627 38.7807 -0.0900697 -0.0904067
1 36.3716 38.7806 -0.09178 -0.0889534
1 37.4806 38.7806 -0.0916351 -0.085815
1 38.5894 38.781 -0.088529 -0.0812007
1 39.6989 38.7817 -0.0842755 -0.0754853
1 40.8083 38.7829 -0.0806603 -0.069695
1 41.9184 38.7845 -0.0670347 -0.0643812
1 43.0289 38.7865 -0.0692249 -0.0614271
1 44.1465 38.788 -0.0490199 -0.0661571
1 0.0888864 39.75 0.0402418 -0.088659
1 1.20846 39.7497 0.0625455 -0.071841
1 2.31953 39.7478 0.061702 -0.067637
1 3.43001 39.7458 0.0748167 -0.0698072
1 4.53961 39.7441 0.0776502 -0.0736108
1 5.64953 39.7427 0.0825405 -0.0788026
1 6.75872 39.7417 0.0867032 -0.0846308
1 7.86801 39.7413 0.0876934 -0.089891
1 8.97712 39.7411 0.0882869 -0.0933519
1 10.0877 39.7412 0.061334 -0.0945576
1 11.2024 39.7413 0.0268105 -0.0945194
1 12.3205 39.7413 0.00821593 -0.0943189
1 13.4401 39.7413 0.00137535 -0.0941931
1 14.56 39.7413 0.000391055 -0.0941373
1 15.68 39.7413 0.000105177 -0.094115
1 16.8 39.7413 -0.000600432 -0.0940929
1 17.92 39.7413 0.000158441 -0.0940878
1 19.04 39.7413 -0.000207001 -0.0941244
1 20.1601 39.7413 0.000251477 -0.0941538
1 21.2802 39.7413 0.000353585 -0.0941825
1 22.4002 39.7413 0.000251471 -0.0941971
1 23.5201 39.7413 -0.000524826 -0.0941628
1 24.64 39.7413 0.00029608 -0.0941271
1 25.76 39.7413 -4.74823e-05 -0.0940712
1 26.88 39.7413 -0.0003547 -0.0940595
1 28 39.7413 0.000261906 -0.0940811
1 29.12 39.7413 4.87036e-05 -0.0941437
1 30.2399 39.7413 -0.000197154 -0.0941948
1 31.3596 39.7413 -0.00308102 -0.0942727
1 32.4786 39.7413 -0.0156334 -0.0944422
1 33.5953 39.7412 -0.0433931 -0.0946777
1 34.7079 39.7411 -0.078248 -0.0944308
1 35.8173 39.7411 -0.0909025 -0.0923765
1 36.9265 39.7413 -0.0897365 -0.0881607
1 38.0352 39.7419 -0.0894719 -0.0828975
1 39.1448 39.743 -0.0699804 -0.07713
1 40.2559 39.7445 -0.0686658 -0.0714308
1 41.3658 39.7463 -0.0756646 -0.0680756
1 42.4764 39.7484 -0.0720558 -0.069482
1 43.5895 39.7499 -0.0706247 -0.0802446
1 0.647931 40.7109 0.065062 -0.0955788
1 1.76128 40.7108 0.068119 -0.0776373
1 2.87183 40.7091 0.072436 -0.0715556
1 3.98198 40.7069 0.0645503 -0.0718528
1 5.09325 40.7049 0.064621 -0.0755802
1 6.20326 40.7033 0.0824853 -0.080403
1 7.31251 40.7021 0.0828098 -0.0860484
1 8.42209 40.7014 0.0859098 -0.0916049
1 9.53179 40.7011 0.0755487 -0.0953658
1 10.6445 40.7011 0.0423705 -0.0968554
1 11.7612 40.7011 0.0152335 -0.0971032
1 12.8803 40.7011 0.00417827 -0.0970674
1 14.0001 40.7011 0.000631212 -0.0970213
1 15.12 40.7012 0.000799758 -0.0970067
1 16.24 40.7012 4.99908e-05 -0.0969766
1 17.36 40.7012 -5.20381e-05 -0.0969388
1 18.48 40.7012 0.000379222 -0.0969397
1 19.6001 40.7011 -0.000141981 -0.0969755
1 20.7201 40.7011 0.000336884 -0.0970248
1 21.8402 40.7011 0.000471467 -0.0970388
1 22.9601 40.7011 -0.000647749 -0.0970188
1 24.0801 40.7011 -0.000480059 -0.0969743
1 25.2 40.7011 -0.000149915 -0.0969296
1 26.32 40.7012 -0.000280336 -0.0968995
1 27.44 40.7012 0.000328069 -0.0969075
1 28.56 40.7012 -6.20801e-05 -0.0969506
1 29.68 40.7011 -0.000646481 -0.0970245
1 30.7998 40.7011 -0.00118656 -0.0970778
1 31.9192 40.7011 -0.0081161 -0.0971447
1 33.0374 40.7011 -0.0270742 -0.0971365
1 34.1522 40.7011 -0.061109 -0.0965561
1 35.263 40.7012 -0.0854397 -0.0941948
1 36.3724 40.7016 -0.0837943 -0.0894974
1 37.4821 40.7024 -0.0816157 -0.0836219
1 38.5916 40.7038 -0.0779016 -0.078482
1 39.7019 40.7054 -0.0738237 -0.0741038
1 40.8118 40.7074 -0.0718999 -0.0722862
1 41.9228 40.7093 -0.0592672 -0.0733641
1 43.0348 40.7104 -0.0610169 -0.0841925
1 44.1565 40.7087 -0.0452372 -0.102582
1 0.0794105 41.6682 0.0543238 -0.104347
1 1.20169 41.6718 0.0596593 -0.0870413
1 2.31426 41.6719 0.0578334 -0.071714
1 3.42543 41.6701 0.0686838 -0.0660565
1 4.53554 41.6679 0.0701761 -0.0675912
1 5.64609 41.6657 0.0735705 -0.070524
1 6.75613 41.6637 0.0762416 -0.0749684
1 7.86641 41.6623 0.077564 -0.0807387
1 8.9764 41.6615 0.0809566 -0.0863993
1 10.0875 41.6611 0.0582429 -0.0904345
1 11.2024 41.661 0.0261314 -0.0921563
1 12.3205 41.661 0.00814321 -0.0925347
1 13.4401 41.661 0.00139732 -0.0925616
1 14.56 41.661 0.000348557 -0.0925312
1 15.68 41.661 5.30108e-05 -0.0925756
1 16.8 41.661 -0.000640001 -0.0925353
1 17.92 41.661 0.000118102 -0.0925095
1 19.04 41.661 -0.000291455 -0.0925339
1 20.1601 41.661 0.000162418 -0.0925684
1 21.2802 41.661 0.000343307 -0.0926051
1 22.4002 41.661 0.000305442 -0.0926095
1 23.5201 41.661 -0.000426881 -0.0925388
1 24.64 41.661 0.000430496 -0.0924789
1 25.76 41.661 6.53528e-05 -0.0924322
1 26.88 41.661 -0.000340335 -0.0924396
1 28 41.661 0.000245868 -0.0924922
1 29.12 41.661 1.1003e-05 -0.0925583
1 30.2399 41.661 -0.000213419 -0.0925544
1 31.3596 41.661 -0.00310752 -0.0926053
1 32.4786 41.661 -0.0154051 -0.0925062
1 33.5954 41.661 -0.0419652 -0.0917253
1 34.7082 41.6612 -0.0734536 -0.0890105
1 35.8184 41.6617 -0.0821229 -0.0839465
1 36.9285 41.6628 -0.079262 -0.0780396
1 38.0381 41.6644 -0.0793357 -0.0731311
1 39.1484 41.6663 -0.0617784 -0.0693279
1 40.2599 41.6685 -0.0630919 -0.065009
1 41.37 41.6705 -0.0726076 -0.0679205
1 42.4809 41.6713 -0.0670035 -0.0795109
1 43.5951 41.6694 -0.0616131 -0.100084
1 0.640807 42.6301 0.0604315 -0.0949618
1 1.75582 42.6338 0.0650893 -0.0813721
1 2.86698 42.6343 0.0710714 -0.06391
1 3.97721 42.6322 0.0622283 -0.0598523
1 5.08876 42.6295 0.0591787 -0.062365
1 6.19944 42.6269 0.0742123 -0.0665797
1 7.30968 42.6247 0.0727294 -0.0712416
1 8.42038 42.6232 0.0757131 -0.0764204
1 9.53106 42.6223 0.0685146 -0.0818534
1 10.6443 42.6219 0.039623 -0.0854706
1 11.7612 42.6218 0.0145658 -0.0868613
1 12.8803 42.6218 0.00400797 -0.087231
1 14.0001 42.6218 0.00056336 -0.0871994
1 15.12 42.6218 0.000781789 -0.0872252
1 16.24 42.6218 4.1262e-05 -0.0872402
1 17.36 42.6218 -7.00979e-05 -0.0871909
1 18.48 42.6218 0.000278182 -0.0872003
1 19.6001 42.6218 -0.00023157 -0.0872247
1 20.7201 42.6218 0.000280097 -0.0872812
1 21.8402 42.6218 0.000496618 -0.0872785
1 22.9602 42.6218 -0.000503651 -0.087238
1 24.0801 42.6218 -0.000331353 -0.0871398
1 25.2 42.6218 -2.21582e-05 -0.0871273
1 26.32 42.6218 -0.0002793 -0.0870954
1 27.44 42.6218 0.000266038 -0.0871435
1 28.56 42.6218 -0.00012111 -0.0871934
1 29.6799 42.6218 -0.000689143 -0.0872222
1 30.7997 42.6218 -0.00115243 -0.0872233
1 31.9192 42.6218 -0.0078329 -0.0872161
1 33.0374 42.6218 -0.0257414 -0.0865166
1 34.1525 42.622 -0.05655 -0.0841532
1 35.2641 42.6226 -0.0763979 -0.0793563
1 36.3746 42.6238 -0.0733268 -0.0737229
1 37.4853 42.6256 -0.0729173 -0.068824
1 38.5955 42.6279 -0.0712518 -0.0646517
1 39.7062 42.6304 -0.068885 -0.0604251
1 40.8164 42.6329 -0.0697611 -0.0602926
1 41.9274 42.6338 -0.0596857 -0.0694363
1 43.0401 42.6318 -0.0658498 -0.0867813
1 44.1619 42.6272 -0.0725266 -0.0950691
1 0.0765326 43.5889 0.0804758 -0.0833235
1 1.19734 43.5928 0.0680097 -0.096608
1 2.31017 43.5964 0.0639838 -0.0849944
1 3.42115 43.5964 0.0755543 -0.0683325
1 4.53083 43.5937 0.0724289 -0.0641384
1 5.64149 43.5901 0.0703332 -0.0683675
1 6.75226 43.5871 0.0693475 -0.0747941
1 7.86358 43.5848 0.0681855 -0.080486
1 8.97478 43.5833 0.0708931 -0.0858787
1 10.0869 43.5824 0.0519236 -0.0911894
1 11.2022 43.5821 0.0238774 -0.0944565
1 12.3205 43.582 0.00760001 -0.0954857
1 13.4401 43.5821 0.00131661 -0.0957906
1 14.56 43.5821 0.000187603 -0.0957152
1 15.68 43.5821 -0.000143642 -0.0957287
1 16.8 43.5821 -0.000743309 -0.0958138
1 17.9199 43.5821 0.000109034 -0.0958363
1 19.0399 43.5821 -0.000168355 -0.0957619
1 20.1601 43.582 0.000170247 -0.0957892
1 21.2802 43.582 0.000256057 -0.0958151
1 22.4002 43.582 0.000204789 -0.095803
1 23.5202 43.5821 -0.000301934 -0.0958137
1 24.6401 43.5821 0.000647987 -0.0957151
1 25.76 43.5821 0.000240287 -0.0956076
1 26.88 43.5821 -0.00027224 -0.0956545
1 28 43.5821 0.000244621 -0.0957089
1 29.12 43.5821 5.11757e-05 -0.095701
1 30.2399 43.5821 -0.000147049 -0.0957378
1 31.3596 43.582 -0.0029713 -0.0957901
1 32.4787 43.582 -0.0143271 -0.0952246
1 33.5957 43.5822 -0.0380235 -0.093305
1 34.7092 43.5827 -0.0648388 -0.0886082
1 35.8205 43.584 -0.0718069 -0.0828863
1 36.9317 43.5858 -0.0713452 -0.0779402
1 38.0422 43.5884 -0.0731374 -0.071876
1 39.153 43.5916 -0.05756 -0.0655594
1 40.2645 43.5948 -0.0622151 -0.0622433
1 41.3747 43.5965 -0.0716655 -0.0759966
1 42.4861 43.5942 -0.0638279 -0.0922109
1 43.6011 43.5897 -0.0625585 -0.0903102
1 0.637291 44.5514 0.0752326 -0.0823725
1 1.75204 44.5558 0.0719187 -0.0855867
1 2.8637 44.5596 0.0744835 -0.0717616
1 3.97395 44.5589 0.0703558 -0.0562021
1 5.08494 44.5548 0.0674102 -0.0512935
1 6.19547 44.5502 0.075936 -0.0589785
1 7.30622 44.5468 0.0689234 -0.0688324
1 8.41784 44.5445 0.0673653 -0.0752144
1 9.52967 44.5431 0.0594467 -0.0812332
1 10.6438 44.5423 0.0346284 -0.086198
1 11.761 44.5421 0.0127669 -0.0887284
1 12.8803 44.5421 0.00365727 -0.089616
1 14.0001 44.5421 0.000560717 -0.0896448
1 15.12 44.5422 0.000533875 -0.0897674
1 16.24 44.5422 0.000125175 -0.0897752
1 17.3599 44.5422 0.000284207 -0.0897234
1 18.48 44.5421 0.000509808 -0.0897826
1 19.6001 44.5421 -2.09435e-05 -0.0897228
1 20.7201 44.5421 0.000254664 -0.0896616
1 21.8401 44.5421 0.000297906 -0.0897576
1 22.9602 44.5421 -0.000618186 -0.089813
1 24.0801 44.5421 -0.000533459 -0.0896815
1 25.2001 44.5422 -6.63675e-05 -0.0896753
1 26.3201 44.5422 -0.000147229 -0.0895797
1 27.44 44.5422 0.00015494 -0.0894755
1 28.56 44.5422 -0.00020037 -0.0895997
1 29.6799 44.5422 -0.000592549 -0.0897417
1 30.7998 44.5421 -0.00121344 -0.0896745
1 31.9192 44.5421 -0.00714944 -0.0894653
1 33.0377 44.5422 -0.0225724 -0.0878527
1 34.1534 44.5426 -0.0491495 -0.0838562
1 35.2661 44.5437 -0.0667201 -0.0779458
1 36.3777 44.5456 -0.0672079 -0.0721815
1 37.489 44.5484 -0.0704227 -0.0643839
1 38.5998 44.5524 -0.0712087 -0.0541293
1 39.7105 44.5567 -0.075423 -0.0529836
1 40.8202 44.5593 -0.0769963 -0.0633431
1 41.9314 44.5577 -0.0619542 -0.0815802
1 43.0439 44.5525 -0.067697 -0.0852704
1 44.164 44.5491 -0.0676684 -0.075992
1 0.0747297 45.511 0.060149 -0.0853739
1 1.19524 45.515 0.0638067 -0.0848182
1 2.30735 45.5213 0.0625652 -0.0828899
1 3.41881 45.5237 0.0745515 -0.0695064
1 4.52924 45.5213 0.0772199 -0.0534659
1 5.63979 45.5158 0.0814882 -0.0500796
1 6.75 45.5106 0.0782564 -0.0595695
1 7.8611 45.5069 0.069846 -0.0710496
1 8.9728 45.5046 0.0651613 -0.0791761
1 10.0859 45.5033 0.0449671 -0.0856781
1 11.2019 45.5028 0.0202373 -0.0898744
1 12.3204 45.5027 0.00630812 -0.091625
1 13.4401 45.5027 0.000911029 -0.0921889
1 14.56 45.5028 8.46797e-05 -0.0923776
1 15.68 45.5028 -2.43996e-05 -0.0924826
1 16.8 45.5028 -0.000346369 -0.092362
1 17.92 45.5028 0.000416144 -0.0921937
1 19.04 45.5027 -6.97538e-06 -0.0921761
1 20.1601 45.5027 8.93152e-05 -0.0922198
1 21.2801 45.5026 0.000403138 -0.0922475
1 22.4002 45.5027 0.000188728 -0.0922447
1 23.5202 45.5027 -0.000475347 -0.0922421
1 24.6401 45.5028 0.0002336 -0.0922627
1 25.7601 45.5028 -8.64951e-05 -0.0922369
1 26.88 45.5029 -0.000312327 -0.0920061
1 28 45.5028 0.000241348 -0.0920337
1 29.12 45.5028 0.000101426 -0.0922329
1 30.2399 45.5027 -9.32223e-05 -0.0923275
1 31.3596 45.5027 -0.00245061 -0.0921571
1 32.4789 45.5027 -0.0121485 -0.0911116
1 33.5963 45.503 -0.0324066 -0.0880913
1 34.7108 45.5039 -0.0571724 -0.0823533
1 35.8229 45.5057 -0.0692864 -0.0752583
1 36.9343 45.5086 -0.0756759 -0.0658065
1 38.0447 45.5131 -0.0806689 -0.0529371
1 39.1554 45.5186 -0.0690262 -0.0503238
1 40.267 45.5224 -0.0723026 -0.06288
1 41.378 45.5222 -0.0724373 -0.0802526
1 42.4904 45.5178 -0.0693342 -0.0855196
1 43.6039 45.5119 -0.0769403 -0.0729305
1 0.634355 46.4733 0.0700602 -0.076512
1 1.74724 46.4808 0.0669176 -0.0869209
1 2.86017 46.4865 0.0693753 -0.0889265
1 3.97271 46.4874 0.0647526 -0.0597761
1 5.08561 46.4825 0.0707165 -0.0469415
1 6.19658 46.4763 0.0869632 -0.0498677
1 7.30648 46.4711 0.0837962 -0.0582641
1 8.417 46.4672 0.075912 -0.0687085
1 9.52865 46.4648 0.0581574 -0.0790938
1 10.6432 46.4637 0.0305872 -0.0872476
1 11.7608 46.4633 0.0107283 -0.0910493
1 12.8802 46.4633 0.00283832 -0.0919907
1 14 46.4633 0.000280564 -0.0927213
1 15.1199 46.4634 0.000356678 -0.0931051
1 16.24 46.4634 9.49103e-05 -0.0928605
1 17.36 46.4634 1.93706e-05 -0.0926832
1 18.48 46.4633 0.000412523 -0.0926553
1 19.6001 46.4632 0.000210595 -0.0925845
1 20.7201 46.4632 0.000360514 -0.0924645
1 21.8401 46.4632 0.000272653 -0.0926537
1 22.9601 46.4632 -0.000431842 -0.0927216
1 24.0801 46.4633 -0.000448805 -0.0925909
1 25.2 46.4634 -0.000429692 -0.0925021
1 26.32 46.4634 -0.000311959 -0.0926199
1 27.44 46.4635 0.000343595 -0.0924882
1 28.56 46.4634 0.000113066 -0.0925605
1 29.68 46.4633 -0.000112355 -0.0928158
1 30.7998 46.4633 -0.000718069 -0.0925655
1 31.9194 46.4633 -0.00589466 -0.0916569
1 33.0381 46.4634 -0.0195294 -0.0896657
1 34.1543 46.4641 -0.0451854 -0.0837834
1 35.2672 46.4659 -0.0699358 -0.0737443
1 36.3781 46.469 -0.0803963 -0.0626091
1 37.4884 46.4737 -0.0823089 -0.0524418
1 38.5992 46.4795 -0.0760404 -0.049484
1 39.7112 46.4846 -0.0748142 -0.0585547
1 40.8231 46.4862 -0.0701482 -0.0725015
1 41.9368 46.483 -0.0555057 -0.0853655
1 43.0505 46.4778 -0.0650149 -0.0817281
1 44.1696 46.47 -0.0613851 -0.0755609
1 0.0612692 47.428 0.067648 -0.0729507
1 1.18227 47.4452 0.0642761 -0.0752166
1 2.299 47.4508 0.0593313 -0.0912198
1 3.41471 47.4556 0.0618284 -0.0774883
1 4.5303 47.4534 0.0622403 -0.0521038
1 5.64362 47.4474 0.0797662 -0.0463623
1 6.75433 47.4416 0.0862222 -0.0523016
1 7.86433 47.4369 0.0871148 -0.0564906
1 8.97412 47.4329 0.0803306 -0.0644193
1 10.086 47.4302 0.0499817 -0.0766219
1 11.2018 47.4291 0.0203551 -0.0859339
1 12.3203 47.4288 0.00600999 -0.089824
1 13.44 47.4288 0.00094081 -0.0912258
1 14.5599 47.4288 0.000341808 -0.0913538
1 15.6799 47.4289 0.000232287 -0.0917531
1 16.8 47.4289 -0.000426222 -0.0916142
1 17.92 47.4288 0.000151663 -0.0913118
1 19.04 47.4287 9.79973e-05 -0.091306
1 20.1601 47.4287 0.00039597 -0.0911343
1 21.2801 47.4287 0.000375115 -0.0911348
1 22.4002 47.4287 9.45183e-05 -0.0912623
1 23.5201 47.4288 -0.000546953 -0.0911631
1 24.64 47.4288 -0.000132711 -0.0912966
1 25.76 47.4289 -0.000407248 -0.0913594
1 26.88 47.4289 -0.000149496 -0.0911678
1 28 47.429 0.000315039 -0.0914051
1 29.1201 47.4289 0.000138107 -0.0914359
1 30.24 47.4288 -3.35332e-05 -0.0910219
1 31.3598 47.4288 -0.00222306 -0.0907331
1 32.479 47.4288 -0.0119493 -0.088422
1 33.5964 47.4295 -0.0342943 -0.0821251
1 34.7102 47.4313 -0.0671349 -0.0702644
1 35.8207 47.4348 -0.0866545 -0.0591463
1 36.9306 47.4393 -0.0859002 -0.0537415
1 38.0411 47.4445 -0.0843756 -0.050142
1 39.153 47.4502 -0.0710764 -0.0509742
1 40.2677 47.454 -0.0595434 -0.0656704
1 41.3832 47.4524 -0.0649334 -0.0859477
1 42.4983 47.4471 -0.0702066 -0.0801251
1 43.6154 47.4422 -0.0688496 -0.0756233
