1 0.529226 0.050591 -0.0154866 -0.0665924
1 1.64759 0.0441473 -0.0244533 -0.0640449
1 2.76467 0.0404457 -0.0159485 -0.0490694
1 3.88287 0.0408536 -0.0143721 -0.0380508
1 5.0016 0.0437256 -0.00835826 -0.0117271
1 6.11968 0.0491663 0.00647057 -0.00525754
1 7.23817 0.0561505 0.0104802 0.00520004
1 8.3584 0.0600605 0.0100467 -0.00226918
1 9.482 0.0652215 0.0279904 -0.0212582
1 10.6081 0.0740289 0.0502855 -0.00871138
1 11.7348 0.0839872 0.0635474 0.0116179
1 12.8624 0.0957628 0.0579869 0.0171116
1 13.991 0.105801 0.0408522 0.011061
1 15.1181 0.115154 0.026348 -0.0127248
1 16.2416 0.129154 0.0212546 -0.0327186
1 17.362 0.146294 0.0241786 -0.0479418
1 18.4823 0.162143 0.0320905 -0.0449169
1 19.6039 0.173828 0.0277194 -0.0101933
1 20.7243 0.18202 0.0128519 0.00893813
1 21.8414 0.18653 0.00265091 0.000813238
1 22.9574 0.184543 -0.00714705 0.00501127
1 24.0759 0.178438 -0.0193365 0.00415212
1 25.1964 0.169177 -0.0321615 -0.0303283
1 26.3168 0.15439 -0.0302421 -0.052788
1 27.437 0.13672 -0.0217887 -0.0428915
1 28.559 0.120101 -0.0246065 -0.0278582
1 29.6851 0.108637 -0.0283911 0.00193143
1 30.8135 0.102043 -0.0465576 0.0234854
1 31.9409 0.0921967 -0.0633302 0.01432
1 33.0678 0.0806656 -0.0555537 0.00420127
1 34.1942 0.0708851 -0.0406317 -0.0152911
1 35.3193 0.0621381 -0.0224738 -0.0195039
1 36.4417 0.0566614 -0.00927651 -0.00170176
1 37.5617 0.0526208 -0.00611074 0.00317157
1 38.6807 0.0467495 0.00400411 -0.0107741
1 39.7991 0.0427774 0.00681236 -0.0187493
1 40.9171 0.0418102 0.00865266 -0.0442394
1 42.0341 0.0416675 0.0105361 -0.0580683
1 43.1509 0.0453623 0.0173971 -0.0657745
1 44.274 0.0631892 0.0179416 -0.060228
1 -0.0263158 1.02116 -0.017302 -0.0661251
1 1.09567 1.01333 -0.0163234 -0.0683661
1 2.20978 1.0094 -0.0141708 -0.0536363
1 3.32423 1.00734 -0.00774335 -0.0445404
1 4.4397 1.00919 -0.0101918 -0.0348771
1 5.55619 1.01356 -0.00586915 -0.0121982
1 6.67417 1.01913 -0.000952743 -0.00193303
1 7.79431 1.02387 0.00613049 -0.00988085
1 8.91512 1.02854 0.02434 -0.0176755
1 10.0379 1.03431 0.0293374 -0.0232258
1 11.1636 1.04296 0.0383292 -0.00850981
1 12.2902 1.05331 0.0527128 0.0112435
1 13.4182 1.06358 0.0497299 0.00655807
1 14.5458 1.07414 0.0450707 -0.00802186
1 15.6691 1.08718 0.0419064 -0.0223436
1 16.7897 1.10323 0.0322676 -0.0365466
1 17.911 1.11926 0.0286234 -0.0443507
1 19.0342 1.13216 0.0198749 -0.0289605
1 20.1574 1.14221 0.00646305 -0.0041206
1 21.2797 1.14904 0.00482988 0.00601684
1 22.4006 1.15038 -0.00309156 0.00315061
1 23.521 1.1462 -0.00920748 0.000947074
1 24.6435 1.13828 -0.00872143 -0.0179258
1 25.7672 1.12644 -0.0229463 -0.0403767
1 26.889 1.11089 -0.030029 -0.0443997
1 28.01 1.09359 -0.0329971 -0.0347372
1 29.1322 1.07848 -0.0427965 -0.0150399
1 30.2572 1.06843 -0.0476203 0.00819273
1 31.3852 1.06018 -0.0520891 0.0139949
1 32.5128 1.05022 -0.0511264 0.00643189
1 33.6386 1.04022 -0.0390173 -0.0166818
1 34.7631 1.03159 -0.0314583 -0.0279694
1 35.8852 1.02513 -0.0230582 -0.0184554
1 37.0051 1.02097 -0.00932247 -0.00316594
1 38.1238 1.01672 0.00139424 -0.00815745
1 39.2413 1.01178 0.0109223 -0.0229708
1 40.3572 1.00924 0.0194677 -0.0421719
1 41.4727 1.00874 0.0220261 -0.055311
1 42.5864 1.0106 0.0230268 -0.0644169
1 43.6995 1.01747 0.0194571 -0.0644152
1 0.542234 1.97837 -0.0261809 -0.0657341
1 1.65595 1.97407 -0.0257307 -0.0575582
1 2.76848 1.97132 -0.0189928 -0.0497257
1 3.88202 1.97147 -0.0218111 -0.0366273
1 4.99715 1.97444 -0.019449 -0.0199785
1 6.11354 1.97863 -0.00877969 -0.0014914
1 7.23168 1.98294 0.00309115 -0.0091708
1 8.35097 1.98839 0.0179806 -0.0212456
1 9.4718 1.99293 0.0256618 -0.0156946
1 10.5956 1.99886 0.028833 -0.0137802
1 11.7204 2.00752 0.0463476 -0.000137535
1 12.8466 2.01682 0.0543446 0.0070961
1 13.9733 2.02764 0.0500833 -0.006513
1 15.0972 2.04085 0.0443168 -0.0153267
1 16.2186 2.05569 0.0424426 -0.0200339
1 17.3398 2.07084 0.0401353 -0.0245139
1 18.4633 2.08418 0.0268551 -0.0231626
1 19.5894 2.09523 0.00171081 -0.0139853
1 20.7148 2.10319 -0.00925686 -0.000253719
1 21.8392 2.10675 -0.00162347 0.00450108
1 22.9633 2.10576 0.00637961 0.000891958
1 24.0876 2.10029 0.00755582 -0.00988198
1 25.2133 2.09056 -0.0114097 -0.023508
1 26.3382 2.07776 -0.0346705 -0.0281612
1 27.4603 2.06249 -0.0436652 -0.0245152
1 28.5811 2.04657 -0.0475436 -0.0188039
1 29.7035 2.03297 -0.0496158 -0.00741578
1 30.8285 2.02287 -0.0532447 0.00588425
1 31.9553 2.01365 -0.0436306 0.00610438
1 33.0818 2.00473 -0.0264817 -0.0063199
1 34.2068 1.99681 -0.0228059 -0.0171389
1 35.3291 1.99028 -0.0264576 -0.019757
1 36.4486 1.98505 -0.0165664 -0.0149779
1 37.5674 1.98099 -0.000558813 -0.00519456
1 38.6851 1.977 0.0136618 -0.0146704
1 39.801 1.97359 0.022467 -0.0298158
1 40.9155 1.97211 0.0168032 -0.0427611
1 42.0283 1.97311 0.0183876 -0.0558951
1 43.1404 1.97649 0.0211052 -0.0574527
1 44.2614 1.97945 0.0181323 -0.0594728
1 -0.0180026 2.94111 -0.0196639 -0.0599249
1 1.10153 2.93892 -0.0275118 -0.0577721
1 2.21325 2.93603 -0.0264439 -0.0488299
1 3.32537 2.935 -0.025264 -0.038206
1 4.43882 2.93582 -0.0284001 -0.0272918
1 5.5544 2.93969 -0.0177174 -0.0146574
1 6.67084 2.94328 0.00566129 -0.0114294
1 7.78799 2.94832 0.0187148 -0.0221436
1 8.90763 2.95333 0.0227209 -0.01287
1 10.0293 2.95698 0.0225067 -0.00966515
1 11.1529 2.96324 0.0289628 -0.0103278
1 12.2777 2.97207 0.0435458 -0.00342056
1 13.4029 2.98133 0.0499689 -0.00602612
1 14.5269 2.9942 0.0434991 -0.0170247
1 15.6488 3.00895 0.0410067 -0.0168262
1 16.7697 3.02295 0.0469896 -0.0137183
1 17.8924 3.03548 0.0424446 -0.00379308
1 19.0194 3.04622 0.0175057 -0.00615434
1 20.1485 3.05521 -0.0101695 -0.00818508
1 21.2758 3.06042 -0.0154199 -0.00427456
1 22.4016 3.0616 0.00455764 -0.00470672
1 23.5279 3.0589 0.0141383 -0.00356909
1 24.6559 3.05154 -0.00172155 -0.00693481
1 25.784 3.04134 -0.0314695 -0.00569829
1 26.9085 3.02931 -0.0484139 -0.0135156
1 28.0297 3.01498 -0.0434609 -0.0200696
1 29.1508 3.00028 -0.0366668 -0.0172339
1 30.2739 2.98729 -0.0442341 -0.00839204
1 31.3988 2.97719 -0.0472194 -0.000579983
1 32.5242 2.96889 -0.0405801 -0.00341287
1 33.6485 2.96135 -0.0300378 -0.0103684
1 34.7711 2.95535 -0.0251885 -0.0148864
1 35.8917 2.95024 -0.0172302 -0.0209402
1 37.0104 2.94537 -0.00244045 -0.0166877
1 38.1275 2.94178 0.00965263 -0.00912437
1 39.2437 2.93832 0.019358 -0.0185051
1 40.3585 2.93633 0.0235188 -0.030091
1 41.4712 2.93654 0.0258541 -0.0469219
1 42.5832 2.9378 0.026476 -0.0538355
1 43.6971 2.94067 0.0280876 -0.0616725
1 0.543798 3.90326 -0.0272218 -0.0528704
1 1.65762 3.90135 -0.0275701 -0.0556197
1 2.76919 3.89986 -0.024409 -0.0486917
1 3.88158 3.89959 -0.0235557 -0.0387495
1 4.99523 3.90149 -0.0185167 -0.0311216
1 6.11059 3.90503 -0.00723363 -0.0212853
1 7.22688 3.9095 -0.00146965 -0.0267319
1 8.34571 3.9137 0.00400745 -0.0223026
1 9.4668 3.9174 0.0231207 -0.0142769
1 10.5883 3.9218 0.0353158 -0.0148018
1 11.711 3.92856 0.0408421 -0.016469
1 12.8353 3.93711 0.0430181 -0.0151961
1 13.9591 3.94809 0.0368237 -0.0253922
1 15.0811 3.96261 0.0291811 -0.0297186
1 16.2024 3.97695 0.0364707 -0.0237932
1 17.3239 3.98828 0.0481701 -0.00316349
1 18.4491 3.99686 0.0386468 0.00885889
1 19.5795 4.00531 0.0181833 -0.00309524
1 20.7101 4.0122 -0.00200165 -0.0106758
1 21.8381 4.01561 -0.00707823 -0.0157136
1 22.9658 4.01486 0.00658951 -0.0124443
1 24.0949 4.00954 0.00120136 -0.00603997
1 25.2254 4.00144 -0.0244921 0.00426522
1 26.3532 3.99306 -0.0422435 0.00436859
1 27.4767 3.9826 -0.0417759 -0.0190923
1 28.5977 3.96867 -0.0379007 -0.0303915
1 29.719 3.9545 -0.0388367 -0.0275482
1 30.8417 3.94251 -0.0438395 -0.0165035
1 31.9658 3.93348 -0.0363117 -0.00980626
1 33.0903 3.92622 -0.0262605 -0.0155357
1 34.2135 3.9205 -0.0216896 -0.0173375
1 35.3345 3.91551 -0.0252044 -0.0202272
1 36.4533 3.91093 -0.0173044 -0.0255191
1 37.5704 3.90723 -0.00811746 -0.0222979
1 38.6868 3.90367 0.0117433 -0.0237889
1 39.8019 3.90097 0.0227809 -0.0310006
1 40.9148 3.90059 0.0200664 -0.0410514
1 42.0271 3.90109 0.0242091 -0.0544549
1 43.1392 3.90264 0.0288535 -0.0579208
1 44.2598 3.90369 0.0241429 -0.0617592
1 -0.020783 4.86612 -0.0291198 -0.050466
1 1.10006 4.86551 -0.0272858 -0.0521013
1 2.21265 4.86497 -0.0192594 -0.0521556
1 3.32445 4.86427 -0.0165433 -0.0428307
1 4.43674 4.86486 -0.0149501 -0.0327321
1 5.55111 4.86712 -0.00967151 -0.0276458
1 6.66705 4.87087 0.00489268 -0.0236919
1 7.78485 4.87412 0.012229 -0.0192832
1 8.90449 4.87797 0.0219703 -0.0171828
1 10.0247 4.88211 0.0302071 -0.0140467
1 11.1466 4.88682 0.0338061 -0.0108733
1 12.2703 4.89381 0.0361285 -0.0154918
1 13.3934 4.90346 0.0408947 -0.0268094
1 14.5152 4.91676 0.0326191 -0.0361946
1 15.6361 4.93093 0.0226291 -0.0295405
1 16.7581 4.9423 0.0320026 -0.010658
1 17.8824 4.9497 0.0424448 0.0156162
1 19.0106 4.95544 0.0354337 0.0136553
1 20.1418 4.96194 0.0192443 -0.0011271
1 21.2727 4.96697 -0.000349353 -0.00900332
1 22.4028 4.96827 0.000985228 -0.00971797
1 23.5327 4.96531 -0.00916061 -0.00460644
1 24.6633 4.95891 -0.0295333 0.00463298
1 25.7932 4.9528 -0.0405714 0.020427
1 26.9191 4.94655 -0.0399487 0.00356247
1 28.0423 4.93631 -0.0212156 -0.0273702
1 29.1638 4.92306 -0.0236571 -0.0324513
1 30.2849 4.90949 -0.0379224 -0.0286265
1 31.4073 4.89861 -0.041063 -0.0170836
1 32.5306 4.89121 -0.0411535 -0.0120485
1 33.6534 4.88548 -0.0349173 -0.013579
1 34.7748 4.88066 -0.0253195 -0.0175765
1 35.8947 4.87603 -0.0103991 -0.0256873
1 37.0133 4.87237 0.00255975 -0.0221447
1 38.13 4.86906 0.01042 -0.0247597
1 39.2455 4.86616 0.0187295 -0.0283109
1 40.3591 4.86478 0.0252001 -0.0378342
1 41.4715 4.86461 0.031617 -0.0443872
1 42.5835 4.86582 0.0332508 -0.0463684
1 43.6973 4.86655 0.038177 -0.0521358
1 0.542124 5.82976 -0.0395213 -0.0529241
1 1.65568 5.82935 -0.0326812 -0.0472883
1 2.7677 5.82908 -0.0272125 -0.0442098
1 3.87989 5.82939 -0.0248132 -0.0375032
1 4.99318 5.83018 -0.0165696 -0.0266378
1 6.10834 5.83293 -0.0116149 -0.0240291
1 7.2252 5.83572 -0.0065368 -0.0183395
1 8.34404 5.83853 0.0123058 -0.0217677
1 9.46392 5.84288 0.029207 -0.0164951
1 10.5851 5.84728 0.0380159 -0.0101218
1 11.7075 5.85225 0.0419139 -0.0147847
1 12.8302 5.86084 0.046293 -0.0286963
1 13.9513 5.87263 0.0366784 -0.0349844
1 15.0721 5.88547 0.0126571 -0.0313845
1 16.1947 5.89677 0.00287353 -0.0215769
1 17.3189 5.9045 0.024923 0.000347361
1 18.4452 5.90879 0.0444924 0.0168733
1 19.5748 5.91274 0.0389508 0.00762915
1 20.7055 5.91706 0.0182029 0.00245613
1 21.837 5.91951 0.00149471 0.000203503
1 22.9689 5.91874 -0.00131476 0.00115328
1 24.0999 5.9154 -0.0213485 0.00390311
1 25.2297 5.91112 -0.0424553 0.0141701
1 26.3571 5.90687 -0.0402891 0.0132822
1 27.4827 5.90069 -0.0182861 -0.0139327
1 28.6064 5.89068 -0.0121866 -0.0282562
1 29.7277 5.87851 -0.0275277 -0.0345441
1 30.8486 5.8661 -0.0395229 -0.0314616
1 31.9704 5.85661 -0.0348416 -0.0155523
1 33.0938 5.85043 -0.0257688 -0.0101511
1 34.2163 5.84612 -0.0267086 -0.0132587
1 35.3367 5.84174 -0.0304621 -0.0222636
1 36.4554 5.83706 -0.0216501 -0.0247697
1 37.5729 5.83422 -0.00287036 -0.0244717
1 38.6894 5.83139 0.00988311 -0.0228772
1 39.804 5.83014 0.0151725 -0.0344369
1 40.9157 5.82942 0.0118273 -0.0411098
1 42.027 5.8297 0.0225295 -0.0410429
1 43.1395 5.83024 0.0327215 -0.0470493
1 44.2589 5.83092 0.0352502 -0.050003
1 -0.0190713 6.7949 -0.0302295 -0.0577663
1 1.09996 6.79523 -0.0295822 -0.0506934
1 2.21179 6.79422 -0.0168055 -0.0494093
1 3.32305 6.79459 -0.0121584 -0.045174
1 4.43515 6.79474 -0.0162976 -0.0380687
1 5.54962 6.79585 -0.0137894 -0.0347109
1 6.66634 6.79796 0.000496478 -0.0252122
1 7.78411 6.80007 0.0200765 -0.0279237
1 8.90278 6.80408 0.0264158 -0.0255689
1 10.0233 6.80818 0.0256453 -0.0190356
1 11.1459 6.81272 0.030963 -0.0197721
1 12.2687 6.81975 0.0394375 -0.0300506
1 13.3898 6.83007 0.0398061 -0.0348916
1 14.5109 6.84155 0.0201383 -0.0321667
1 15.6328 6.85158 0.00031398 -0.0285287
1 16.7573 6.85924 0.00880512 -0.0202565
1 17.8833 6.86434 0.0339809 -0.00119053
1 19.0111 6.86678 0.0379053 0.0064979
1 20.1407 6.86876 0.0211979 0.00206622
1 21.2711 6.8702 -0.000776667 0.0083626
1 22.4029 6.87051 -0.000917984 0.00952312
1 23.5339 6.86986 -0.0113295 0.0029174
1 24.6636 6.86818 -0.0313557 0.00568684
1 25.7923 6.86597 -0.0369987 0.00425694
1 26.9189 6.86192 -0.0206838 -0.0132511
1 28.045 6.85497 0.008624 -0.0259964
1 29.1686 6.84608 -0.00250787 -0.0275566
1 30.29 6.83509 -0.0338201 -0.0361185
1 31.4104 6.8246 -0.050206 -0.0318303
1 32.5312 6.81678 -0.0477741 -0.0221692
1 33.6537 6.81116 -0.0353942 -0.0166412
1 34.7758 6.80691 -0.0241765 -0.0216283
1 35.8966 6.80271 -0.00936577 -0.0289048
1 37.0149 6.79962 -0.00138418 -0.029811
1 38.1313 6.79672 0.00817948 -0.032426
1 39.2463 6.79537 0.0179587 -0.033891
1 40.3601 6.79541 0.0230234 -0.0413722
1 41.4717 6.79534 0.023751 -0.0500804
1 42.583 6.79492 0.0352048 -0.052605
1 43.6961 6.79533 0.0466745 -0.0542123
1 0.54278 7.76065 -0.0437029 -0.0603606
1 1.65625 7.76054 -0.0290952 -0.056451
1 2.76732 7.76027 -0.0222006 -0.0527059
1 3.87962 7.75989 -0.0228489 -0.0424441
1 4.99339 7.75979 -0.0148896 -0.0362068
1 6.10847 7.76097 -0.013222 -0.0290308
1 7.22501 7.76226 -0.00773336 -0.0243161
1 8.34386 7.76497 0.00773797 -0.027682
1 9.46467 7.76898 0.020667 -0.0242325
1 10.5867 7.77364 0.0371963 -0.0212316
1 11.7088 7.78 0.0520028 -0.0235054
1 12.8301 7.78861 0.0491393 -0.0281303
1 13.9506 7.79816 0.0266027 -0.0276805
1 15.0723 7.80719 -0.00540834 -0.0229944
1 16.1964 7.81427 -0.0138343 -0.0254146
1 17.3223 7.81951 0.01348 -0.0160231
1 18.4499 7.82228 0.0270467 0.00039512
1 19.5794 7.82306 0.0212738 0.00380325
1 20.7084 7.82303 0.00877034 0.0111762
1 21.8375 7.8227 -0.00363465 0.0208288
1 22.9671 7.82309 0.00207652 0.0162561
1 24.096 7.82362 -0.00334466 0.00701292
1 25.2248 7.82315 -0.0238904 0.00358146
1 26.3531 7.82122 -0.0258496 -0.0105384
1 27.4802 7.81653 -0.00238111 -0.0251032
1 28.6052 7.81007 0.00624066 -0.0201367
1 29.728 7.8023 -0.0108342 -0.0223385
1 30.8495 7.7931 -0.0334394 -0.0274075
1 31.9703 7.78447 -0.0444951 -0.0231405
1 33.0928 7.77698 -0.0357607 -0.022904
1 34.2151 7.77198 -0.0279813 -0.0223652
1 35.3359 7.76758 -0.024994 -0.0256257
1 36.4554 7.76416 -0.0195468 -0.0210492
1 37.5732 7.7622 -0.00441042 -0.0298765
1 38.6893 7.76094 0.00433015 -0.0355403
1 39.804 7.75999 0.014456 -0.0388296
1 40.9163 7.76109 0.016762 -0.0461525
1 42.0279 7.761 0.016219 -0.0586272
1 43.1393 7.76083 0.0190775 -0.0598641
1 44.2576 7.75988 0.0170037 -0.0522158
1 -0.0166249 8.72754 -0.011402 -0.0544406
1 1.10078 8.72706 -0.019183 -0.0610277
1 2.2129 8.7267 -0.0167393 -0.0512281
1 3.32528 8.72575 -0.0177887 -0.0399231
1 4.43784 8.7249 -0.0156112 -0.0349534
1 5.55253 8.72477 -0.00997246 -0.0250447
1 6.66968 8.72529 0.000225622 -0.0197994
1 7.78728 8.72688 0.0179259 -0.0207944
1 8.90605 8.73056 0.0262354 -0.0255122
1 10.0267 8.73487 0.0280231 -0.0226039
1 11.149 8.74073 0.0374016 -0.0264789
1 12.2712 8.7486 0.0451037 -0.0207235
1 13.3925 8.75673 0.0351656 -0.0182874
1 14.5142 8.76454 0.00467489 -0.0170492
1 15.637 8.77078 -0.015527 -0.0174078
1 16.762 8.77529 -0.00316506 -0.0172192
1 17.8897 8.77795 0.0120584 -0.00871926
1 19.019 8.77895 0.00366904 0.00233808
1 20.148 8.77889 -0.00585985 0.00962484
1 21.2751 8.77798 -0.0105697 0.023063
1 22.4016 8.77796 0.000403071 0.0289411
1 23.5278 8.77901 0.00829389 0.0171841
1 24.6557 8.77924 0.00229146 0.00603307
1 25.7855 8.77874 -0.0103115 -0.00138325
1 26.9139 8.77685 -0.00618163 -0.0148319
1 28.0402 8.77241 0.0186289 -0.0216772
1 29.164 8.76713 0.0110849 -0.0165346
1 30.2859 8.76022 -0.0212235 -0.0164346
1 31.4071 8.75269 -0.0431942 -0.0161641
1 32.5287 8.745 -0.0449201 -0.0241149
1 33.6512 8.73804 -0.0335357 -0.0223206
1 34.7734 8.73316 -0.0219004 -0.02561
1 35.894 8.72891 -0.00994979 -0.0255642
1 37.0129 8.72652 0.00581378 -0.02095
1 38.1301 8.72564 0.0106572 -0.0214369
1 39.246 8.72524 0.0122544 -0.0338231
1 40.3599 8.72593 0.0149087 -0.0385345
1 41.4728 8.72673 0.0134795 -0.0444577
1 42.5844 8.72762 0.0134283 -0.0537873
1 43.6974 8.72705 0.020556 -0.0590235
1 0.54422 9.69543 -0.0185977 -0.0601746
1 1.65746 9.69363 -0.016152 -0.0536341
1 2.7699 9.69169 -0.0139608 -0.043173
1 3.88321 9.6902 -0.0150635 -0.0396956
1 4.99793 9.68925 -0.0168069 -0.0315628
1 6.11389 9.68845 -0.0111813 -0.0295523
1 7.23044 9.6898 0.00413866 -0.0274475
1 8.34865 9.69255 0.0191422 -0.0295684
1 9.46939 9.69637 0.0244529 -0.0275372
1 10.5914 9.70148 0.0390571 -0.0320497
1 11.714 9.70915 0.0476955 -0.0312874
1 12.8361 9.71684 0.0439784 -0.0222944
1 13.9571 9.72331 0.0236883 -0.0178428
1 15.0791 9.72847 -0.0140299 -0.0165655
1 16.203 9.73212 -0.0257438 -0.0196322
1 17.3295 9.73406 -0.00150943 -0.0161789
1 18.4588 9.73467 0.0014412 -0.0123061
1 19.5882 9.73541 -0.0105757 -0.00824412
1 20.7151 9.73576 -0.0124552 0.00542406
1 21.8392 9.73577 -0.00714109 0.0203531
1 22.9625 9.73594 0.0116999 0.0173866
1 24.0876 9.73588 0.0225993 -0.00183334
1 25.2156 9.73505 0.0111713 -0.0117087
1 26.3451 9.73438 -0.00190382 -0.0127474
1 27.4732 9.7331 0.00890575 -0.0191291
1 28.5984 9.73015 0.0194205 -0.0190991
1 29.7215 9.72539 -0.00550053 -0.0160398
1 30.8429 9.71943 -0.0330947 -0.0156787
1 31.9649 9.71296 -0.041592 -0.0233547
1 33.0882 9.70558 -0.0422525 -0.0315459
1 34.2102 9.69922 -0.0314185 -0.0323063
1 35.3309 9.69477 -0.0310531 -0.0319742
1 36.4497 9.69116 -0.0284299 -0.0280014
1 37.5679 9.68933 -0.00609766 -0.0260925
1 38.6854 9.68935 0.0088427 -0.0299241
1 39.8014 9.69009 0.0103921 -0.0343999
1 40.9149 9.69117 0.00954575 -0.0412782
1 42.0276 9.69349 0.01051 -0.0464533
1 43.1406 9.69482 0.014093 -0.0559105
1 44.2577 9.69406 0.00977327 -0.061982
1 -0.0124783 10.6647 -0.0164718 -0.0708472
1 1.10456 10.6623 -0.0172492 -0.0555143
1 2.21703 10.6588 -0.0112237 -0.0458417
1 3.32988 10.6559 -0.011481 -0.0358411
1 4.44347 10.6537 -0.0135821 -0.0272344
1 5.55965 10.6528 -0.00287455 -0.0271956
1 6.67628 10.6536 0.010054 -0.0285996
1 7.79367 10.6554 0.0276141 -0.0209596
1 8.91268 10.6584 0.0308347 -0.0217274
1 10.0331 10.6633 0.0396209 -0.029541
1 11.1545 10.6702 0.045293 -0.0313017
1 12.2778 10.6777 0.0438358 -0.0195727
1 13.4002 10.684 0.031021 -0.00841947
1 14.5222 10.688 -0.00252418 -0.00251601
1 15.6455 10.6904 -0.024897 -0.00290811
1 16.771 10.6916 -0.0148736 -0.0053052
1 17.8992 10.6914 -0.000227324 -0.00957687
1 19.0279 10.692 -0.0141628 -0.0129147
1 20.1547 10.694 -0.0262703 -0.0026031
1 21.2787 10.6957 -0.0176476 0.0144651
1 22.4005 10.696 0.00408704 0.0227066
1 23.5225 10.695 0.0190496 0.00745853
1 24.6475 10.6929 0.0217806 -0.0104991
1 25.7756 10.6914 0.00585842 -0.0106131
1 26.9042 10.6914 0.000749286 -0.00677713
1 28.0314 10.6911 0.029884 -0.0045289
1 29.156 10.689 0.0269624 -0.00444612
1 30.2781 10.6855 -0.0178468 -0.00489226
1 31.3991 10.6804 -0.0398714 -0.0122996
1 32.5221 10.6737 -0.0387827 -0.0220272
1 33.6451 10.6669 -0.0392202 -0.0267704
1 34.767 10.6613 -0.0338151 -0.0250653
1 35.888 10.6574 -0.0253272 -0.0256594
1 37.0062 10.6544 -0.00611199 -0.0263749
1 38.1226 10.6531 0.00760483 -0.028065
1 39.2392 10.6536 0.0165507 -0.0260108
1 40.3553 10.6551 0.0236224 -0.0356762
1 41.4697 10.6574 0.0222893 -0.0360378
1 42.5837 10.6607 0.02757 -0.0487314
1 43.6983 10.6648 0.033428 -0.0621981
1 0.549499 11.6335 -0.0454721 -0.0622405
1 1.66402 11.6275 -0.0378712 -0.0421324
1 2.77764 11.6224 -0.0318941 -0.0292577
1 3.89205 11.6195 -0.0275984 -0.0236336
1 5.00714 11.6179 -0.0181777 -0.0258841
1 6.12258 11.6183 -0.0101229 -0.0220722
1 7.23899 11.6195 0.00222913 -0.0184517
1 8.35731 11.622 0.021542 -0.0173397
1 9.47736 11.6264 0.0364122 -0.0208489
1 10.5978 11.633 0.0481127 -0.021489
1 11.7203 11.6399 0.0452033 -0.0146316
1 12.8432 11.6457 0.0380908 0.00202117
1 13.9654 11.6492 0.00901562 0.0160246
1 15.0888 11.6502 -0.0297493 0.0135079
1 16.2136 11.6504 -0.0310966 0.00557143
1 17.3404 11.6502 0.00421167 0.00344662
1 18.4682 11.6502 0.00592267 -0.00392013
1 19.5946 11.6524 -0.0152936 -0.00586766
1 20.7184 11.6561 -0.0185213 0.0088402
1 21.8398 11.6585 -0.00386484 0.0223889
1 22.9606 11.6574 0.0184573 0.0198157
1 24.083 11.6541 0.0257603 0.00260388
1 25.2076 11.651 0.00927531 -0.00950792
1 26.3347 11.6496 -0.0141994 -0.00318956
1 27.4625 11.6503 0.00223243 0.00652986
1 28.588 11.6506 0.029585 0.0136482
1 29.7117 11.6497 0.0107952 0.014585
1 30.8344 11.6473 -0.0215624 0.00730613
1 31.957 11.6421 -0.0344667 -0.00865858
1 33.0808 11.6356 -0.0360015 -0.0155376
1 34.2029 11.6293 -0.0314715 -0.0171905
1 35.3232 11.6248 -0.0284267 -0.0157536
1 36.4417 11.6213 -0.0253646 -0.0196198
1 37.5592 11.6188 -0.0070876 -0.0227341
1 38.6763 11.6177 0.00502028 -0.0262661
1 39.7923 11.6184 0.0181749 -0.0226276
1 40.9062 11.6208 0.0236987 -0.0233355
1 42.0196 11.625 0.0306227 -0.0361267
1 43.1326 11.631 0.035837 -0.047276
1 44.2486 11.6398 0.0314971 -0.0808151
1 6.96625e-05 12.6095 -0.031739 -0.0723099
1 1.11693 12.5982 -0.0455122 -0.0440227
1 2.23005 12.591 -0.0372196 -0.0327906
1 3.34273 12.5861 -0.0285086 -0.0317173
1 4.45578 12.5838 -0.0168077 -0.0286965
1 5.57077 12.5839 -0.00869158 -0.0295506
1 6.68728 12.5848 0.00248933 -0.0209293
1 7.80435 12.5871 0.0262807 -0.0199021
1 8.92194 12.5911 0.0367041 -0.0177416
1 10.0401 12.597 0.0381419 -0.0180383
1 11.1608 12.6035 0.0374247 -0.00953055
1 12.2846 12.6085 0.0344715 0.00736302
1 13.4087 12.6113 0.0165705 0.0204237
1 14.5325 12.6117 -0.010975 0.024054
1 15.6567 12.611 -0.0184393 0.0143083
1 16.7819 12.6104 0.00654582 0.00117667
1 17.9082 12.6104 0.0260061 -0.000113916
1 19.0336 12.6126 0.00460108 -0.0035931
1 20.1569 12.617 -0.0207818 0.00246494
1 21.2786 12.6212 -0.019777 0.013359
1 22.3998 12.6222 0.00625005 0.0170955
1 23.5214 12.6191 0.0190901 0.00830926
1 24.6437 12.6144 0.00799847 -0.00136591
1 25.7682 12.6111 -0.0233795 -0.00397789
1 26.8945 12.6102 -0.0230111 -0.00220566
1 28.0205 12.6107 0.0202253 0.00999871
1 29.1449 12.6115 0.0281466 0.0201917
1 30.2689 12.6116 -0.00319155 0.0226799
1 31.3922 12.6099 -0.0319556 0.0138504
1 32.515 12.6056 -0.0432894 -0.00508928
1 33.6366 12.5997 -0.0448169 -0.0164442
1 34.7563 12.5937 -0.035972 -0.0114045
1 35.8763 12.5893 -0.0170242 -0.0130856
1 36.9948 12.5861 0.00176162 -0.0215729
1 38.1107 12.5842 0.0167242 -0.0298956
1 39.2258 12.5836 0.0246995 -0.0312441
1 40.3404 12.5848 0.0372889 -0.0291853
1 41.4537 12.588 0.0476028 -0.0339379
1 42.5668 12.5944 0.0581022 -0.0371808
1 43.6811 12.6052 0.074124 -0.0575497
1 0.570258 13.5724 -0.0799071 -0.0455511
1 1.68407 13.5609 -0.0623447 -0.0377259
1 2.79657 13.5547 -0.0424621 -0.0316761
1 3.90882 13.5518 -0.0346653 -0.0292776
1 5.02188 13.5509 -0.0222902 -0.0247703
1 6.13639 13.5514 -0.0198587 -0.0183505
1 7.25147 13.5533 -0.00296533 -0.0133998
1 8.36826 13.5575 0.025111 -0.00884109
1 9.48599 13.5636 0.0437 -0.00287602
1 10.6047 13.5696 0.0395877 0.00594923
1 11.7266 13.5737 0.0308599 0.0194684
1 12.8507 13.5749 0.0251388 0.0323288
1 13.9754 13.5748 0.00638683 0.0344378
1 15.0994 13.5737 -0.0193324 0.0280834
1 16.2231 13.5723 -0.011138 0.0144589
1 17.348 13.5725 0.025236 0.00913996
1 18.4726 13.5749 0.0238617 0.0157638
1 19.5954 13.5792 -0.00100996 0.0207829
1 20.7171 13.5841 -0.0134816 0.0226308
1 21.8392 13.5869 -0.00542203 0.0213868
1 22.9617 13.5854 0.0166201 0.0203451
1 24.0836 13.5814 0.0143245 0.0200502
1 25.2053 13.5768 -0.00927483 0.01275
1 26.3289 13.5737 -0.0325985 0.00939098
1 27.4538 13.5724 -0.0130144 0.0111935
1 28.5774 13.5729 0.00923206 0.0245902
1 29.7008 13.5744 0.00489522 0.0328177
1 30.8256 13.575 -0.00709883 0.0337883
1 31.9505 13.5743 -0.0239745 0.027806
1 33.0745 13.5717 -0.0344457 0.0100928
1 34.1948 13.5661 -0.0411236 -0.00218127
1 35.3115 13.5598 -0.0370572 -0.00646261
1 36.4281 13.5552 -0.0209191 -0.00669564
1 37.5442 13.5529 -0.00130232 -0.0127888
1 38.6599 13.5515 0.00987211 -0.0245239
1 39.7739 13.5508 0.0219638 -0.0283504
1 40.8857 13.5529 0.0347948 -0.0316594
1 41.9971 13.5577 0.0427877 -0.034306
1 43.1095 13.5661 0.0592132 -0.0409182
1 44.2281 13.581 0.0411782 -0.0437679
1 0.0214013 14.5459 -0.0378821 -0.0257264
1 1.14087 14.533 -0.0530052 -0.0299213
1 2.25281 14.5253 -0.0410026 -0.0278955
1 3.36374 14.521 -0.0296895 -0.0176955
1 4.47491 14.5197 -0.0209345 -0.0161747
1 5.58808 14.52 -0.0113318 -0.00874695
1 6.7025 14.5221 -0.000189124 -0.00610584
1 7.8166 14.5261 0.0213275 -0.00455506
1 8.93064 14.5323 0.0324969 0.00211461
1 10.0472 14.5378 0.0256637 0.0192813
1 11.169 14.5411 0.0193253 0.0347344
1 12.2944 14.5415 0.0148203 0.0465504
1 13.42 14.5398 0.0060749 0.0395126
1 14.5445 14.5386 -0.00645012 0.034723
1 15.667 14.5373 -0.0128637 0.0305438
1 16.7891 14.5372 0.00871065 0.0201173
1 17.9122 14.5397 0.0215862 0.0238618
1 19.0341 14.5442 0.00496752 0.0310191
1 20.1551 14.5488 -0.00657511 0.0323127
1 21.2771 14.5517 -0.00951507 0.0330302
1 22.4005 14.5522 0.00533044 0.0317113
1 23.5233 14.5504 0.00886547 0.0299203
1 24.6444 14.5466 -0.000413077 0.0307954
1 25.7661 14.5421 -0.0199847 0.0266317
1 26.889 14.5385 -0.0199226 0.020198
1 28.0116 14.5371 0.0129285 0.024581
1 29.1337 14.538 0.0138213 0.0331967
1 30.257 14.5393 -0.00569994 0.0364674
1 31.3813 14.5407 -0.0179872 0.0438507
1 32.5063 14.5418 -0.0179296 0.0383946
1 33.6298 14.5401 -0.020451 0.0269679
1 34.7486 14.5352 -0.0326536 0.00934129
1 35.8648 14.5286 -0.0256118 -0.00581998
1 36.9797 14.5238 0.00257571 -0.00486617
1 38.0934 14.5212 0.0211623 -0.00615806
1 39.2067 14.5203 0.023076 -0.0132561
1 40.3187 14.5205 0.0302415 -0.0194646
1 41.4296 14.5228 0.0393842 -0.0226626
1 42.5402 14.5289 0.0555091 -0.0317662
1 43.6527 14.5393 0.0715718 -0.0197651
1 0.596366 15.5045 -0.0537924 -0.00450452
1 1.70909 15.4962 -0.0466013 -0.0173754
1 2.81975 15.4909 -0.036201 -0.0147342
1 3.9302 15.4887 -0.0286287 -0.006559
1 5.04187 15.4895 -0.022841 -0.00129502
1 6.15368 15.4917 -0.0167583 -0.000866885
1 7.26551 15.4964 -0.00482332 0.000147321
1 8.37895 15.5025 0.00944058 0.0119751
1 9.49552 15.5078 0.00840473 0.0305706
1 10.6164 15.51 0.00304794 0.0432828
1 11.7419 15.5096 0.0143275 0.0465515
1 12.8676 15.5075 0.0261659 0.047316
1 13.9913 15.5054 0.0125177 0.0365505
1 15.1127 15.5044 -0.0184203 0.035175
1 16.2326 15.5047 -0.01825 0.0370345
1 17.3533 15.5071 0.0157489 0.0345195
1 18.4746 15.5114 0.0192872 0.0344188
1 19.5957 15.516 0.00360545 0.0379924
1 20.7171 15.519 -0.00623089 0.0410097
1 21.8391 15.5195 -0.00425994 0.0413873
1 22.9615 15.5193 0.0106967 0.041161
1 24.0833 15.5178 0.00511938 0.0382925
1 25.2044 15.5139 -0.00912287 0.0339333
1 26.3254 15.5096 -0.0207932 0.0346116
1 27.4461 15.506 -0.00324373 0.0352553
1 28.5662 15.5046 0.0128096 0.0354736
1 29.6869 15.5051 0.00526068 0.0367761
1 30.8094 15.5063 -0.0130518 0.0397083
1 31.9344 15.5088 -0.0185884 0.0460099
1 33.0614 15.5103 -0.00806768 0.0454739
1 34.1849 15.5092 -0.00764748 0.038005
1 35.3024 15.5054 -0.0206199 0.0183198
1 36.4158 15.4996 -0.0188972 0.00375436
1 37.5277 15.494 -0.00223868 0.00124357
1 38.6403 15.4908 0.00471001 0.00233031
1 39.7528 15.4894 0.0125996 -0.00453033
1 40.863 15.4897 0.0211647 -0.00913621
1 41.9725 15.4937 0.0282612 -0.0142488
1 43.0839 15.4998 0.0362421 -0.0122169
1 44.2035 15.5097 0.0241351 0.00348432
1 0.0464842 16.4754 -0.00449698 0.0260589
1 1.16489 16.4666 -0.0212151 -0.0017146
1 2.27616 16.4614 -0.0176104 -0.00378476
1 3.38589 16.4589 -0.012197 -0.00285021
1 4.49519 16.4594 -0.00737536 0.00181903
1 5.60633 16.4632 -0.000332175 0.00815436
1 6.71753 16.4687 0.00151694 0.0115184
1 7.82965 16.4747 0.0080031 0.0198029
1 8.94433 16.4785 0.00734044 0.036182
1 10.0637 16.4802 0.00981111 0.0452336
1 11.1885 16.4793 0.0250432 0.045417
1 12.3153 16.4775 0.0340886 0.0416828
1 13.4394 16.4754 0.0260547 0.0420848
1 14.5601 16.4743 0.00354589 0.0436625
1 15.6783 16.4747 -0.0134357 0.0468528
1 16.7964 16.4772 0.00576461 0.0479191
1 17.9162 16.481 0.0305482 0.0438917
1 19.0368 16.4851 0.0176696 0.0425145
1 20.1579 16.4882 -0.00417348 0.0487741
1 21.2789 16.4895 -0.00871766 0.0558313
1 22.4 16.4899 0.000783046 0.0544366
1 23.5212 16.4894 0.00686904 0.0486104
1 24.6421 16.487 -0.00551518 0.0450868
1 25.7629 16.4832 -0.0277699 0.0443415
1 26.883 16.4793 -0.0225667 0.0464198
1 28.0025 16.4761 0.0165849 0.0457289
1 29.1208 16.4746 0.0127182 0.0443882
1 30.2397 16.4748 -0.0285109 0.0405988
1 31.3611 16.4766 -0.0484889 0.0407782
1 32.4861 16.4789 -0.0316691 0.0426292
1 33.6117 16.4804 -0.0116489 0.0473837
1 34.7341 16.4802 -0.00592501 0.0393542
1 35.8526 16.4773 -0.00408151 0.0279087
1 36.9662 16.4719 0.00478536 0.0103781
1 38.0769 16.4661 0.0065885 0.00533581
1 39.1877 16.4617 0.0119972 0.00178615
1 40.2981 16.4595 0.0200412 -0.000101181
1 41.4078 16.4601 0.0239935 -0.0043736
1 42.5187 16.4636 0.0301168 -0.00569121
1 43.6312 16.4696 0.0374332 0.0054242
1 0.618059 17.4373 -0.0220104 0.0162834
1 1.7303 17.4321 -0.0234918 0.0049962
1 2.84008 17.4299 -0.0125191 0.00347073
1 3.94912 17.4312 -0.00669734 0.00585004
1 5.05836 17.4353 -0.00579509 0.00945816
1 6.16812 17.4414 -0.00841795 0.0180517
1 7.27933 17.4473 -0.00505725 0.0233258
1 8.39487 17.451 0.0121565 0.0342815
1 9.51418 17.4515 0.026421 0.0357106
1 10.6366 17.4505 0.0409301 0.0390141
1 11.7621 17.4488 0.0584366 0.0352555
1 12.8864 17.4477 0.0639692 0.0358436
1 14.0061 17.4469 0.0370215 0.0401598
1 15.1232 17.4471 -0.00394382 0.0461992
1 16.2401 17.4493 -0.00680897 0.0461378
1 17.3586 17.4528 0.0321472 0.0430387
1 18.4787 17.4563 0.0407539 0.0406582
1 19.5995 17.4594 0.0124265 0.0435009
1 20.7197 17.4617 -0.00518664 0.0534813
1 21.8396 17.4627 -0.00399912 0.0585865
1 22.9597 17.4626 0.00984352 0.0583785
1 24.0801 17.4611 0.00324571 0.0470866
1 25.201 17.458 -0.0226486 0.0397588
1 26.3214 17.4547 -0.0394145 0.0425582
1 27.4405 17.4513 -0.0189527 0.0458537
1 28.5579 17.4484 -0.00230325 0.0463941
1 29.6743 17.4472 -0.0202386 0.0441799
1 30.7926 17.4477 -0.0464891 0.0349208
1 31.9148 17.4488 -0.0580607 0.0327629
1 33.0405 17.45 -0.0500552 0.0351096
1 34.1652 17.4514 -0.0352894 0.0335768
1 35.2858 17.4515 -0.0226404 0.0352334
1 36.402 17.45 -0.01031 0.031136
1 37.5151 17.4448 -0.00445349 0.0208689
1 38.6267 17.4387 -0.0017759 0.0115992
1 39.737 17.4333 -0.00120259 0.00652984
1 40.8454 17.4305 -0.00347894 0.00114441
1 41.9546 17.4308 0.00113993 0.00296555
1 43.065 17.4343 0.0079386 0.00827452
1 44.1822 17.4395 -0.0122348 0.0233744
1 0.0665963 18.4082 0.0216721 0.0234653
1 1.18315 18.4033 0.0043205 0.0197635
1 2.2923 18.4013 0.00513057 0.0105118
1 3.39952 18.4026 0.0068192 0.0105352
1 4.50713 18.4067 0.00548366 0.0182276
1 5.61761 18.4127 0.00370731 0.0246995
1 6.73007 18.4185 0.0080832 0.0302521
1 7.84445 18.4219 0.0276167 0.0298338
1 8.96178 18.4224 0.0471255 0.0270859
1 10.0822 18.4213 0.0562974 0.0226935
1 11.2058 18.42 0.0679769 0.0222288
1 12.3303 18.4197 0.0723622 0.0214474
1 13.4515 18.4202 0.0601591 0.0287764
1 14.5682 18.4206 0.0324331 0.0378478
1 15.6837 18.4216 0.0127484 0.0373238
1 16.8008 18.4246 0.028747 0.0358544
1 17.9198 18.4279 0.0519527 0.0343124
1 19.04 18.4306 0.0291962 0.030774
1 20.1605 18.4331 -0.00335032 0.0384223
1 21.2802 18.4352 -0.00857656 0.0525066
1 22.3994 18.436 -0.00372111 0.0550622
1 23.5192 18.4346 0.00564692 0.0449565
1 24.6393 18.4321 -0.00976876 0.0325299
1 25.7597 18.4295 -0.0452098 0.0325941
1 26.8793 18.4265 -0.0451416 0.0367285
1 27.9977 18.4233 -0.00555912 0.0379093
1 29.1139 18.4214 -0.00886157 0.0359528
1 30.2297 18.4209 -0.0516036 0.0294669
1 31.3485 18.4203 -0.0780303 0.0245286
1 32.4712 18.4201 -0.0772539 0.021842
1 33.595 18.4211 -0.0717492 0.0213629
1 34.7168 18.4226 -0.0591825 0.0222831
1 35.8361 18.4228 -0.0349907 0.0284187
1 36.953 18.4209 -0.00794607 0.0288629
1 38.0661 18.4164 0.00474021 0.0262819
1 39.1771 18.4101 0.00482378 0.0224137
1 40.2861 18.4048 0.000287447 0.0148598
1 41.3942 18.402 0.000969014 0.00612299
1 42.5029 18.4023 0.0105461 0.0113458
1 43.6147 18.4053 0.0112133 0.0235194
1 0.631782 19.3753 -0.00925918 0.0240271
1 1.74197 19.3736 0.00106658 0.0178523
1 2.84923 19.3748 0.000312452 0.0192521
1 3.9565 19.378 -0.00529657 0.0256364
1 5.06567 19.3827 -0.00183534 0.0290351
1 6.17781 19.3877 0.00382285 0.0233407
1 7.29226 19.3913 0.0228248 0.020679
1 8.40952 19.3922 0.0521598 0.00953354
1 9.52862 19.3915 0.0697728 0.00399989
1 10.6495 19.3906 0.0797139 0.000502069
1 11.7721 19.3904 0.0864367 0.00243221
1 12.8941 19.3912 0.0882473 0.00242188
1 14.0125 19.3926 0.0626529 0.00680536
1 15.1276 19.3934 0.0168012 0.0151394
1 16.243 19.3945 0.0121305 0.0102537
1 17.361 19.3972 0.0535169 0.00621263
1 18.4812 19.3999 0.0561617 0.00438761
1 19.6016 19.402 0.0153426 0.00209278
1 20.7209 19.4045 -0.00806007 0.00977891
1 21.8404 19.4063 -0.00511822 0.0200013
1 22.9598 19.4059 0.0107121 0.0168542
1 24.0789 19.4036 0.0037772 0.0051889
1 25.1987 19.4014 -0.0339607 0.00380448
1 26.3186 19.3991 -0.0600948 0.00531952
1 27.4372 19.3962 -0.0366354 0.00474234
1 28.5536 19.394 -0.0191247 0.0122707
1 29.6688 19.3936 -0.0428857 0.0136582
1 30.786 19.3923 -0.0680871 0.00269838
1 31.9065 19.3909 -0.0785029 -0.000121086
1 33.0301 19.3911 -0.079468 0.00206768
1 34.1526 19.3918 -0.0745058 0.00243387
1 35.272 19.3927 -0.0665099 0.00593426
1 36.389 19.3926 -0.0504311 0.0130221
1 37.5046 19.3904 -0.0273583 0.0226886
1 38.6187 19.3855 -0.00891796 0.0307573
1 39.7303 19.3805 -0.00358932 0.0266361
1 40.8382 19.3765 -0.00788689 0.0197669
1 41.9448 19.3743 -0.0126743 0.0194897
1 43.0528 19.3744 -0.0103373 0.018714
1 44.1678 19.3781 -0.0204225 0.0214766
1 0.077783 20.3486 0.00681836 0.0210895
1 1.19081 20.3477 0.00117143 0.0174145
1 2.29726 20.3483 0.0059908 0.0264263
1 3.40396 20.3502 0.00238245 0.023665
1 4.51223 20.3532 0.00529114 0.0178798
1 5.62444 20.3566 0.0207693 0.0117696
1 6.73936 20.3601 0.0365777 0.00630435
1 7.85545 20.3618 0.0616036 -0.00228928
1 8.97206 20.3626 0.0747386 -0.0110435
1 10.0903 20.3616 0.0784594 -0.0151255
1 11.2116 20.3609 0.0841552 -0.0168241
1 12.3346 20.3611 0.0871316 -0.0181538
1 13.455 20.3625 0.0718756 -0.0195978
1 14.572 20.364 0.0418432 -0.0170272
1 15.6869 20.3644 0.0241667 -0.0210454
1 16.8029 20.3653 0.0403217 -0.0313473
1 17.9215 20.367 0.0629478 -0.0372136
1 19.0418 20.3694 0.0373636 -0.0396858
1 20.1615 20.3716 -0.00213365 -0.0379471
1 21.2805 20.3734 -0.0129304 -0.0362405
1 22.3998 20.3738 -0.00146402 -0.0375858
1 23.5194 20.3729 0.00850377 -0.0367266
1 24.6381 20.371 -0.0142417 -0.0374692
1 25.7577 20.3688 -0.0553037 -0.0359842
1 26.8774 20.3665 -0.0581994 -0.0362661
1 27.9951 20.3651 -0.0176673 -0.0285556
1 29.1105 20.3645 -0.0178644 -0.0210506
1 30.2261 20.3636 -0.0627171 -0.0185252
1 31.344 20.3622 -0.0955897 -0.0181648
1 32.4656 20.3616 -0.0897683 -0.0178293
1 33.588 20.3618 -0.0794474 -0.0184718
1 34.7079 20.3628 -0.0728679 -0.0111256
1 35.8265 20.3631 -0.063227 -0.00727281
1 36.9439 20.3619 -0.0390494 0.00201075
1 38.0589 20.3589 -0.0177788 0.00628337
1 39.1717 20.3553 -0.00791287 0.0152194
1 40.2822 20.352 -0.00128741 0.0241022
1 41.3902 20.3496 -0.000260745 0.0276052
1 42.497 20.348 0.00144175 0.02014
1 43.606 20.3481 0.00588916 0.0131975
1 0.635682 21.3224 -0.0146357 0.0210446
1 1.74434 21.3241 -0.0138688 0.0264567
1 2.85146 21.3243 -0.00442311 0.0297355
1 3.96001 21.3255 0.00807199 0.0268925
1 5.07081 21.3276 0.018079 0.0173107
1 6.18354 21.3303 0.0239516 0.0138334
1 7.29804 21.3323 0.0387577 0.0121746
1 8.41462 21.3337 0.0631651 0.00780426
1 9.53328 21.3337 0.0763649 0.00633639
1 10.6532 21.3326 0.0824858 0.00112039
1 11.7753 21.3317 0.0879621 0.000841298
1 12.8963 21.3323 0.0928541 0.00311007
1 14.0141 21.3337 0.0616591 0.00025448
1 15.1297 21.3344 0.0150747 -0.00852292
1 16.2452 21.3343 0.0141259 -0.0172224
1 17.3629 21.3344 0.0549777 -0.0207117
1 18.4823 21.3361 0.0516122 -0.0231619
1 19.6019 21.3381 0.0144723 -0.0265782
1 20.7209 21.3394 -0.00609385 -0.027865
1 21.8404 21.3397 -0.00484809 -0.0277139
1 22.9598 21.3397 0.00852397 -0.0270941
1 24.0786 21.339 0.00428046 -0.0274493
1 25.1979 21.3374 -0.0286251 -0.0235091
1 26.3174 21.3355 -0.059175 -0.0215095
1 27.4355 21.3347 -0.0384594 -0.021438
1 28.5518 21.3347 -0.0184925 -0.0149333
1 29.6671 21.3346 -0.0397522 -0.00436198
1 30.7842 21.3335 -0.0702283 0.00230261
1 31.9043 21.3323 -0.0831961 0.00182903
1 33.0272 21.3328 -0.082374 0.00137012
1 34.1484 21.334 -0.0847239 0.00284017
1 35.2666 21.3347 -0.0800124 0.00784893
1 36.3831 21.334 -0.0656761 0.0107587
1 37.4983 21.3322 -0.0423622 0.0142044
1 38.6127 21.3297 -0.0339166 0.0137587
1 39.7255 21.327 -0.0205322 0.0211776
1 40.8346 21.3251 -0.00429942 0.030697
1 41.9416 21.3244 0.00333515 0.0336793
1 43.048 21.3239 0.00917752 0.023655
1 44.1603 21.3219 -0.000487201 0.01513
1 0.0805303 22.2963 -0.00364852 0.00740832
1 1.19296 22.2999 -0.010214 0.0257593
1 2.30042 22.3005 9.46983e-05 0.032358
1 3.408 22.2998 0.012398 0.0253626
1 4.51706 22.3 0.0264337 0.0265317
1 5.62907 22.302 0.0385078 0.0279045
1 6.74266 22.3039 0.046099 0.0317956
1 7.85741 22.3054 0.0663834 0.0314531
1 8.97358 22.3055 0.0834419 0.029347
1 10.092 22.3049 0.0846981 0.026905
1 11.2135 22.3037 0.081192 0.0305663
1 12.3357 22.3033 0.0816581 0.029777
1 13.4553 22.3041 0.0672087 0.0322896
1 14.5726 22.3049 0.0383225 0.0309457
1 15.6885 22.305 0.0146314 0.0234657
1 16.8046 22.3045 0.0314169 0.020425
1 17.9223 22.3046 0.0536143 0.0221197
1 19.042 22.306 0.0282506 0.0218849
1 20.1619 22.3071 -0.0060851 0.0217861
1 21.2808 22.3071 -0.0148067 0.0204111
1 22.3998 22.3068 0.00267845 0.0206622
1 23.5192 22.3072 0.0100243 0.0215562
1 24.638 22.3066 -0.0115318 0.0209942
1 25.7572 22.3053 -0.0456761 0.0214876
1 26.8761 22.3047 -0.0475368 0.0217564
1 27.9936 22.3053 -0.0103267 0.0218778
1 29.1095 22.3055 -0.015627 0.0248032
1 30.226 22.305 -0.0570814 0.0317928
1 31.3438 22.3044 -0.0856117 0.0329199
1 32.464 22.3042 -0.0868603 0.0326804
1 33.5857 22.3052 -0.0835058 0.0289554
1 34.706 22.3062 -0.0818087 0.025095
1 35.8245 22.3066 -0.069488 0.0288447
1 36.9407 22.3056 -0.0437092 0.0302392
1 38.0546 22.3039 -0.0311652 0.0311773
1 39.1669 22.3017 -0.0288512 0.0268357
1 40.2771 22.3005 -0.0159732 0.0269572
1 41.3854 22.3003 -0.000434264 0.0284771
1 42.4937 22.3008 0.0143333 0.0327961
1 43.6043 22.2988 0.0276244 0.0210776
1 0.635402 23.2751 -0.0231692 0.00456881
1 1.74712 23.2761 -0.00857045 0.012134
1 2.85665 23.2757 0.0111609 0.0105472
1 3.96526 23.2753 0.022705 0.00879054
1 5.07418 23.2755 0.0295481 0.00843151
1 6.18525 23.2762 0.0334216 0.016202
1 7.29896 23.2769 0.0505026 0.0155656
1 8.41584 23.2774 0.0772927 0.0141314
1 9.53413 23.2773 0.084222 0.0145481
1 10.6539 23.2769 0.0813548 0.0167935
1 11.7752 23.2766 0.0864766 0.0174251
1 12.8957 23.2766 0.0890009 0.0190117
1 14.0139 23.2766 0.0588035 0.0167847
1 15.1306 23.2769 0.0100277 0.0148981
1 16.2469 23.2771 0.00512109 0.0191446
1 17.3643 23.2768 0.0453797 0.017327
1 18.4828 23.2771 0.0444091 0.0163856
1 19.6023 23.2776 0.0101707 0.0192
1 20.7217 23.2777 -0.00906416 0.0189582
1 21.8408 23.2773 -0.00514005 0.0166952
1 22.9594 23.2774 0.0131122 0.0176754
1 24.078 23.2776 0.0103579 0.0196553
1 25.1975 23.2771 -0.0256105 0.0182565
1 26.3166 23.2767 -0.0551502 0.0155636
1 27.4342 23.2772 -0.0318525 0.0184869
1 28.5509 23.2777 -0.0132011 0.0171224
1 29.6669 23.2775 -0.0394391 0.0171426
1 30.7841 23.2775 -0.0670306 0.0202006
1 31.9038 23.2773 -0.0806263 0.0169145
1 33.026 23.2772 -0.0766433 0.0160596
1 34.1474 23.2777 -0.0768372 0.0170661
1 35.266 23.2783 -0.0838147 0.0151558
1 36.3824 23.2783 -0.0759527 0.0146597
1 37.4974 23.2777 -0.0558656 0.0187323
1 38.6105 23.2769 -0.0393559 0.0126252
1 39.7212 23.276 -0.0271387 0.00988276
1 40.8296 23.276 -0.0180384 0.00938108
1 41.9378 23.2765 -0.0099583 0.0146632
1 43.0468 23.2762 0.00910609 0.0139393
1 44.1596 23.2742 0.00775984 0.00501054
1 0.0803405 24.2534 -0.00465299 -0.00438333
1 1.19324 24.2516 -0.00671107 -0.0131551
1 2.30225 24.2511 0.00989829 -0.0135535
1 3.41042 24.2516 0.0172515 -0.0100089
1 4.5188 24.2518 0.0267165 -0.0100956
1 5.62956 24.2509 0.0390674 -0.0115374
1 6.74258 24.2501 0.0537439 -0.0169607
1 7.85746 24.2496 0.0750967 -0.0136823
1 8.97386 24.2497 0.0824455 -0.0144333
1 10.0924 24.2503 0.0764862 -0.0165466
1 11.2137 24.2508 0.0784899 -0.01564
1 12.3358 24.2506 0.082364 -0.017004
1 13.4558 24.2505 0.0689068 -0.0201212
1 14.5731 24.2503 0.0388318 -0.0171598
1 15.6891 24.2502 0.0120329 -0.015931
1 16.8058 24.2505 0.0312931 -0.0159651
1 17.9233 24.2509 0.0543175 -0.0123164
1 19.0424 24.2503 0.026169 -0.0153169
1 20.1623 24.2498 -0.008713 -0.0181824
1 21.2809 24.25 -0.0154225 -0.016625
1 22.3992 24.25 0.00131307 -0.0157893
1 23.5185 24.2497 0.0102703 -0.0173305
1 24.6377 24.2498 -0.00671285 -0.0165539
1 25.7571 24.2504 -0.0437508 -0.0138284
1 26.8754 24.2508 -0.0476708 -0.0147042
1 27.993 24.2508 -0.00663803 -0.0174295
1 29.1095 24.2511 -0.00984779 -0.013984
1 30.2261 24.2514 -0.0569927 -0.0165921
1 31.344 24.2513 -0.0878996 -0.0188281
1 32.4644 24.2514 -0.086307 -0.0171519
1 33.5857 24.251 -0.0803072 -0.0164461
1 34.7055 24.2506 -0.083925 -0.0140981
1 35.8238 24.2505 -0.077603 -0.013473
1 36.9407 24.2509 -0.0522173 -0.014321
1 38.0546 24.2516 -0.0341359 -0.0150104
1 39.1658 24.2523 -0.030339 -0.00746078
1 40.2748 24.2524 -0.0235715 -0.00857193
1 41.3833 24.2519 -0.0125889 -0.0102537
1 42.493 24.2517 0.00832536 -0.0113895
1 43.6049 24.2526 0.0226466 -0.00443393
1 0.635682 25.2288 -0.0265749 -0.0208842
1 1.74618 25.2268 -0.013482 -0.0328345
1 2.85441 25.2272 0.000483994 -0.0298632
1 3.963 25.2271 0.0151423 -0.0288118
1 5.07305 25.2261 0.0270127 -0.0282575
1 6.18514 25.224 0.0295134 -0.0320893
1 7.29894 25.2224 0.0420435 -0.0308228
1 8.41508 25.2214 0.0692605 -0.0292904
1 9.53354 25.2218 0.081582 -0.02583
1 10.6539 25.2228 0.0838726 -0.029078
1 11.7756 25.2238 0.0876816 -0.032561
1 12.8961 25.2236 0.0873443 -0.0330145
1 14.0141 25.2229 0.0596036 -0.0322112
1 15.1306 25.2224 0.0152448 -0.0256052
1 16.2465 25.2226 0.00875471 -0.0206038
1 17.3639 25.2231 0.0452147 -0.0210662
1 18.483 25.2223 0.0456626 -0.0205691
1 19.6023 25.2209 0.013434 -0.020662
1 20.7212 25.2203 -0.00928489 -0.0215083
1 21.8403 25.2206 -0.00686209 -0.0207384
1 22.9594 25.2203 0.0134327 -0.0199906
1 24.0782 25.2204 0.00770744 -0.0210855
1 25.1977 25.2215 -0.0265052 -0.0213451
1 26.3172 25.223 -0.0534143 -0.0208737
1 27.435 25.2233 -0.0312538 -0.0200343
1 28.5513 25.2229 -0.0147182 -0.0230562
1 29.6671 25.2231 -0.0388014 -0.0313208
1 30.7844 25.2238 -0.0660893 -0.0327314
1 31.9039 25.2245 -0.0800858 -0.0301554
1 33.0262 25.2242 -0.079501 -0.0310927
1 34.1479 25.2229 -0.0845429 -0.0270523
1 35.2664 25.2224 -0.0839212 -0.0299169
1 36.3827 25.2224 -0.0670833 -0.0322247
1 37.4974 25.2239 -0.0471084 -0.0328837
1 38.611 25.2258 -0.0378986 -0.0283309
1 39.7231 25.2277 -0.0264715 -0.0271507
1 40.8322 25.2279 -0.0132118 -0.0258717
1 41.9398 25.2272 -0.000405599 -0.0338651
1 43.0475 25.2277 0.0111942 -0.0269534
1 44.16 25.2312 0.00224304 -0.00636954
1 0.0793833 26.2056 0.00378736 -0.0156508
1 1.19189 26.2035 -0.00632896 -0.022722
1 2.29833 26.2029 -0.00309355 -0.0340575
1 3.40549 26.2023 0.0035211 -0.0313901
1 4.51454 26.2006 0.019894 -0.0221437
1 5.62733 26.1981 0.0329616 -0.0160135
1 6.74176 26.1956 0.0400045 -0.0154844
1 7.85696 26.1938 0.0648338 -0.0113595
1 8.97333 26.1932 0.0800116 -0.00747302
1 10.0915 26.194 0.0848862 -0.00269516
1 11.2126 26.1952 0.0843934 -0.000522664
1 12.3354 26.1955 0.0856359 -0.00170248
1 13.4556 26.1944 0.0721131 -0.0026842
1 14.5728 26.1932 0.0406717 0.00323614
1 15.6882 26.1931 0.0197957 0.0134915
1 16.8045 26.193 0.0384775 0.0201029
1 17.9226 26.1921 0.0581733 0.0193506
1 19.0423 26.1901 0.0284563 0.0218947
1 20.1618 26.1885 -0.0040698 0.0249203
1 21.2805 26.1878 -0.0100008 0.0259422
1 22.3996 26.1878 -0.000231468 0.0256293
1 23.5191 26.188 0.00625703 0.0258237
1 24.638 26.1895 -0.0124696 0.0247884
1 25.7575 26.1915 -0.0509892 0.0203319
1 26.8767 26.1933 -0.0562675 0.0190728
1 27.9946 26.1935 -0.015143 0.0156227
1 29.1102 26.1935 -0.0151329 0.0086057
1 30.2259 26.1942 -0.0601988 -0.000817333
1 31.3435 26.1955 -0.0922224 -0.00377969
1 32.4645 26.1961 -0.0872931 -0.00177959
1 33.5865 26.1952 -0.0815772 -0.00136139
1 34.7064 26.194 -0.0757219 -0.00624773
1 35.8251 26.194 -0.0635655 -0.00806213
1 36.9417 26.1954 -0.0407074 -0.0129229
1 38.0563 26.1974 -0.0250239 -0.0148299
1 39.1692 26.2001 -0.018938 -0.0179976
1 40.2802 26.2022 -0.00806371 -0.0272918
1 41.3886 26.2032 0.00444922 -0.0304253
1 42.4959 26.2035 0.0142081 -0.0272967
1 43.6049 26.205 0.014238 -0.0206389
1 0.634036 27.1792 -0.00519034 -0.0129013
1 1.74297 27.1791 -0.000767262 -0.0191433
1 2.84971 27.1777 9.04977e-05 -0.0258639
1 3.95774 27.1754 0.00111745 -0.0219359
1 5.06819 27.1721 0.00639315 -0.0146148
1 6.18084 27.1686 0.0160704 -0.00645558
1 7.29579 27.1658 0.0359246 -0.00225124
1 8.41314 27.1647 0.061237 0.00789105
1 9.53172 27.165 0.0728907 0.0111084
1 10.6516 27.166 0.0805159 0.0187791
1 11.7742 27.1662 0.090935 0.0189414
1 12.896 27.1655 0.0965781 0.0187372
1 14.014 27.1642 0.0638605 0.0189391
1 15.1296 27.1633 0.0180561 0.0205712
1 16.2449 27.1626 0.0169904 0.02805
1 17.3625 27.1611 0.0570928 0.0346034
1 18.4824 27.1587 0.0565526 0.0354775
1 19.6021 27.1565 0.0163162 0.0350557
1 20.7209 27.1547 -0.00756509 0.0343471
1 21.8403 27.1537 -0.0031375 0.0352884
1 22.9597 27.1542 0.0119552 0.0354056
1 24.0786 27.1559 0.00238421 0.0367276
1 25.198 27.1583 -0.0363778 0.0372548
1 26.3181 27.1606 -0.0632208 0.0355896
1 27.4367 27.1624 -0.0402945 0.030795
1 28.5528 27.1632 -0.0235169 0.0219003
1 29.6678 27.1638 -0.0412148 0.0172757
1 30.7849 27.1652 -0.0704295 0.0195213
1 31.9052 27.1666 -0.0851072 0.0180683
1 33.0283 27.1667 -0.0824343 0.0162847
1 34.1497 27.1659 -0.0780233 0.0151367
1 35.268 27.165 -0.0742841 0.0113772
1 36.3846 27.1658 -0.0623794 0.00323684
1 37.5006 27.1676 -0.0381984 -0.00536764
1 38.6156 27.171 -0.0208656 -0.0110018
1 39.7279 27.1744 -0.00460131 -0.0166658
1 40.8363 27.1775 -0.00249542 -0.0224083
1 41.9431 27.1791 -0.00652181 -0.0256054
1 43.0498 27.1796 0.000790144 -0.0170058
1 44.163 27.1788 -0.00410883 -0.0219481
1 0.0723797 28.1492 0.0191625 -0.0207023
1 1.18743 28.1528 0.0103697 -0.0194267
1 2.29523 28.153 0.0118741 -0.0194318
1 3.40182 28.1509 0.00847681 -0.0185211
1 4.50959 28.1469 0.00513993 -0.0256236
1 5.62105 28.1419 0.00884274 -0.0309657
1 6.73516 28.1371 0.0259037 -0.0235985
1 7.8508 28.1352 0.0487155 -0.013912
1 8.96794 28.1351 0.0653275 -0.00645396
1 10.0873 28.136 0.0739116 -0.00219719
1 11.2099 28.1368 0.0810863 -0.00149112
1 12.3333 28.1369 0.0806572 0.00118959
1 13.4539 28.1356 0.0691017 -0.00164122
1 14.5711 28.1343 0.0429468 -0.0120114
1 15.6862 28.1338 0.0195016 -0.0118695
1 16.8026 28.1315 0.0364534 -0.00430366
1 17.9212 28.1286 0.0601106 -0.00473166
1 19.0413 28.1263 0.035242 -0.002953
1 20.1613 28.1241 -0.00246534 -0.00585295
1 21.2804 28.1219 -0.0125656 -0.0175005
1 22.3996 28.1214 -0.000403282 -0.0196358
1 23.5193 28.1232 0.00803266 -0.00925389
1 24.6385 28.1258 -0.0131225 -0.00166775
1 25.7587 28.128 -0.0546571 -0.00489946
1 26.8787 28.1305 -0.0540719 -0.00543316
1 27.997 28.1331 -0.0121079 -0.00891715
1 29.1125 28.1343 -0.0158037 -0.0132401
1 30.2279 28.1351 -0.0610384 -0.00635595
1 31.346 28.1366 -0.0875309 -0.00208948
1 32.4678 28.1373 -0.0850487 -0.00232916
1 33.5902 28.137 -0.0793865 -0.000160793
1 34.711 28.1361 -0.0707927 -0.00340993
1 35.8302 28.1355 -0.0539144 -0.00863808
1 36.9475 28.1364 -0.0251572 -0.019994
1 38.0621 28.14 -0.00553932 -0.0234276
1 39.1745 28.145 0.0013695 -0.0292404
1 40.2839 28.1497 0.00514932 -0.0252583
1 41.3911 28.1528 -0.00148499 -0.018968
1 42.4985 28.1538 -0.0022346 -0.0186988
1 43.6087 28.152 0.0107285 -0.0233614
1 0.625601 29.1218 -0.0112158 -0.023773
1 1.73721 29.125 -0.0127538 -0.0108078
1 2.84581 29.1254 -0.00214655 -0.00707324
1 3.9539 29.1226 0.000737742 -0.0156069
1 5.06278 29.1172 -0.00385439 -0.0222116
1 6.17351 29.111 -0.00519609 -0.0262144
1 7.28642 29.1067 0.0059571 -0.0297067
1 8.40332 29.1049 0.0328676 -0.0286568
1 9.52279 29.1052 0.0574573 -0.022344
1 10.6447 29.1066 0.0716902 -0.0204069
1 11.7686 29.1077 0.0788311 -0.0207396
1 12.8916 29.1074 0.0789301 -0.0230943
1 14.0105 29.1068 0.0522676 -0.0281207
1 15.1263 29.1063 0.0085958 -0.0354639
1 16.2423 29.1043 0.00522274 -0.0370478
1 17.3605 29.1011 0.0442363 -0.0351528
1 18.4803 29.098 0.0463531 -0.0303099
1 19.6007 29.0955 0.0116573 -0.0314977
1 20.7209 29.0931 -0.00454585 -0.0439418
1 21.8405 29.0917 -0.000843102 -0.05347
1 22.9598 29.0924 0.00846329 -0.0508706
1 24.0795 29.0946 0.00440872 -0.0366776
1 25.1999 29.0972 -0.027786 -0.0301916
1 26.32 29.0997 -0.0528387 -0.0340337
1 27.439 29.1029 -0.0297126 -0.0344381
1 28.5563 29.1057 -0.0123075 -0.0358173
1 29.6719 29.1069 -0.0320841 -0.0367249
1 30.7886 29.1074 -0.0583492 -0.0271609
1 31.9095 29.1079 -0.0702704 -0.0204431
1 33.0341 29.1076 -0.0661215 -0.0203721
1 34.1577 29.1064 -0.0570931 -0.0213103
1 35.2781 29.1054 -0.0483274 -0.0260171
1 36.3955 29.1058 -0.0286766 -0.0292029
1 37.5099 29.1092 -0.00915677 -0.0300825
1 38.6225 29.1147 -0.0045718 -0.0248707
1 39.7332 29.1208 -0.00637461 -0.0187891
1 40.841 29.125 -0.00707855 -0.010694
1 41.9481 29.1262 -0.00544691 -0.00999874
1 43.0571 29.124 -0.00202861 -0.0194771
1 44.1736 29.119 -0.0182529 -0.0216084
1 0.0582801 30.0875 0.0112477 -0.0236464
1 1.17525 30.093 -0.0086197 -0.00677133
1 2.28557 30.0964 -0.00254389 -0.00260993
1 3.39479 30.0966 0.00324604 -0.00124867
1 4.50313 30.0939 0.00144623 -0.00584627
1 5.61315 30.0885 0.00249927 -0.0106744
1 6.7246 30.0824 0.00409678 -0.0201553
1 7.83773 30.0772 0.0110207 -0.0312375
1 8.95397 30.0757 0.022352 -0.0357856
1 10.0746 30.0759 0.0349223 -0.0328855
1 11.1994 30.0774 0.051598 -0.0359795
1 12.325 30.0787 0.0599364 -0.0320003
1 13.4475 30.0797 0.0477277 -0.0340764
1 14.5658 30.0801 0.0200687 -0.0427657
1 15.6822 30.079 0.00180269 -0.0459957
1 16.7995 30.0759 0.0178148 -0.0450882
1 17.9186 30.0726 0.0389326 -0.0411463
1 19.039 30.0692 0.0241178 -0.0381411
1 20.16 30.0663 -0.00243419 -0.0464572
1 21.2803 30.0649 -0.01018 -0.0571616
1 22.4005 30.0647 0.00144215 -0.0564991
1 23.5205 30.0657 0.00543278 -0.0510543
1 24.6406 30.068 -0.0105675 -0.0426487
1 25.7612 30.0711 -0.0398818 -0.0402131
1 26.8812 30.0743 -0.0338226 -0.0426953
1 27.9999 30.0777 0.0061846 -0.0451774
1 29.117 30.08 0.0039531 -0.0450567
1 30.2341 30.0804 -0.0362215 -0.0392504
1 31.3536 30.0796 -0.0625787 -0.0344969
1 32.4775 30.0785 -0.0572115 -0.0332736
1 33.6029 30.0768 -0.0411034 -0.0381099
1 34.7252 30.0759 -0.0276237 -0.0344196
1 35.8447 30.0764 -0.0135519 -0.0348728
1 36.9604 30.08 0.0029552 -0.023624
1 38.0719 30.0859 0.00681054 -0.0169898
1 39.1819 30.092 0.00501942 -0.00747793
1 40.2912 30.0961 0.00519651 -0.00418569
1 41.4002 30.0976 0.0115574 -0.00289545
1 42.51 30.0954 0.024119 -0.00437316
1 43.622 30.09 0.0250331 -0.0151873
1 0.609157 31.0578 -0.0370978 -0.00665302
1 1.72166 31.0637 -0.0308343 0.00561221
1 2.83246 31.067 -0.0244661 0.00603396
1 3.94219 31.0677 -0.02053 7.41222e-05
1 5.05236 31.0656 -0.0119461 -0.00150067
1 6.16284 31.0611 -0.00736598 -0.00460219
1 7.27345 31.0553 -0.00595407 -0.00936142
1 8.38698 31.0498 0.00422189 -0.0261011
1 9.50545 31.047 0.00596972 -0.0393496
1 10.6279 31.0468 0.0121083 -0.0474925
1 11.7537 31.0484 0.0325743 -0.0427396
1 12.879 31.0506 0.0488218 -0.0405891
1 14.0008 31.0525 0.0286583 -0.0398396
1 15.1197 31.0527 -0.0132588 -0.0428988
1 16.2378 31.0512 -0.0171463 -0.0448493
1 17.357 31.048 0.0214124 -0.0447894
1 18.4772 31.0439 0.0282597 -0.0428973
1 19.5982 31.0402 0.0061533 -0.0436472
1 20.7192 31.038 -0.00523967 -0.0472743
1 21.8402 31.0375 -0.0027947 -0.0527047
1 22.9612 31.0378 0.010495 -0.0532206
1 24.082 31.0391 0.00572356 -0.046404
1 25.203 31.0421 -0.0160568 -0.0413908
1 26.3235 31.0461 -0.0325506 -0.0429989
1 27.4433 31.0498 -0.00752261 -0.0461692
1 28.5615 31.0523 0.0125994 -0.0458577
1 29.6799 31.0529 -0.00317577 -0.043603
1 30.8004 31.0518 -0.0242117 -0.0407976
1 31.9243 31.0498 -0.0321231 -0.0405337
1 33.0512 31.048 -0.0233159 -0.043621
1 34.176 31.0472 -0.0101471 -0.0453666
1 35.2954 31.0488 -0.00747138 -0.0357332
1 36.4103 31.0525 -0.00757121 -0.0193453
1 37.5225 31.0584 -0.00362919 -0.0104194
1 38.6338 31.064 -0.00146758 -0.0061499
1 39.745 31.0679 0.0063495 -2.74711e-05
1 40.8543 31.0686 0.0115885 0.00425878
1 41.964 31.0661 0.0166422 0.00406373
1 43.0752 31.0609 0.0219716 0.00115913
1 44.1933 31.052 0.00548944 -0.0255349
1 0.0369137 32.0176 -0.0228139 -0.00473541
1 1.15649 32.0275 -0.0359291 0.0104885
1 2.26784 32.0336 -0.0286125 0.012816
1 3.37745 32.0375 -0.021604 0.0084198
1 4.48743 32.0378 -0.0131577 0.00325683
1 5.59977 32.0365 -0.00569241 -0.00421781
1 6.71223 32.0332 0.000576983 -0.00282263
1 7.82419 32.0276 0.0188596 -0.00523865
1 8.93756 32.0218 0.0212112 -0.0202203
1 10.0551 32.018 0.00856566 -0.0394762
1 11.1784 32.017 0.0104237 -0.0472993
1 12.3054 32.0184 0.0209628 -0.0474245
1 13.4307 32.0209 0.0139678 -0.0407995
1 14.5534 32.0222 -0.0060065 -0.0371957
1 15.674 32.0228 -0.013776 -0.0359071
1 16.7939 32.0214 0.00146558 -0.0355544
1 17.9147 32.0178 0.0196245 -0.0350644
1 19.0356 32.0134 0.0100619 -0.0343194
1 20.1569 32.0096 -0.004255 -0.0380948
1 21.2787 32.0081 -0.0104799 -0.0403688
1 22.4012 32.0079 0.00261048 -0.0406377
1 23.5233 32.0084 0.00713169 -0.0404412
1 24.6445 32.0113 -0.00113229 -0.0375673
1 25.7653 32.0158 -0.0179068 -0.033887
1 26.8864 32.0199 -0.0165989 -0.0346571
1 28.0073 32.0223 0.0176685 -0.0375623
1 29.1274 32.0228 0.0174354 -0.0366829
1 30.2488 32.0219 -0.0122127 -0.0367777
1 31.3722 32.0199 -0.0260151 -0.047788
1 32.4976 32.0178 -0.0131319 -0.0477855
1 33.623 32.0174 -0.00221129 -0.0445994
1 34.744 32.0195 -0.00792631 -0.0326017
1 35.8608 32.0248 -0.0100605 -0.0147958
1 36.9743 32.0307 0.00255078 -0.0013452
1 38.0861 32.0355 0.0143753 0.000496803
1 39.1981 32.0379 0.021995 3.36488e-06
1 40.3098 32.0387 0.028291 0.00572262
1 41.4203 32.0366 0.036918 0.0135673
1 42.531 32.0313 0.0467135 0.0163879
1 43.6437 32.0231 0.0554719 0.00425728
1 0.587457 32.988 -0.069146 0.0189873
1 1.70012 32.9983 -0.0560784 0.0305549
1 2.81092 33.0043 -0.039274 0.0225635
1 3.92178 33.0067 -0.0313242 0.0193069
1 5.03353 33.0068 -0.0236534 0.0126548
1 6.14657 33.0059 -0.0225715 0.00477696
1 7.26014 33.0033 -0.00429825 0.00399819
1 8.37503 32.9984 0.0242656 0.00451544
1 9.49109 32.9919 0.0319045 -0.0105883
1 10.6099 32.9871 0.0216242 -0.0283374
1 11.7336 32.9853 0.0205507 -0.0390341
1 12.8588 32.9864 0.0187925 -0.0447751
1 13.9833 32.9877 0.00571416 -0.0376584
1 15.1066 32.9891 -0.0144831 -0.033794
1 16.2285 32.9902 -0.01303 -0.0257581
1 17.3509 32.9888 0.0188223 -0.0213247
1 18.4739 32.9851 0.0201616 -0.0285638
1 19.5958 32.9806 0.000603098 -0.0325355
1 20.717 32.9769 -0.00931713 -0.0312346
1 21.8397 32.9751 -0.00745254 -0.0324555
1 22.9631 32.9755 0.0115467 -0.0341164
1 24.0851 32.9783 0.00860803 -0.0328539
1 25.2059 32.9828 -0.00334756 -0.0316647
1 26.3279 32.9872 -0.0222489 -0.0248282
1 27.4508 32.9897 -0.01072 -0.0213545
1 28.5728 32.9897 0.0108902 -0.0319288
1 29.6952 32.9886 0.00606633 -0.035392
1 30.8197 32.9874 -0.00532761 -0.0400869
1 31.9451 32.9858 -0.0132906 -0.0474466
1 33.0707 32.9862 -0.0168369 -0.0362237
1 34.1926 32.9894 -0.024641 -0.0205795
1 35.3092 32.9947 -0.0320896 -0.00324238
1 36.4233 33.0009 -0.0216179 0.00420495
1 37.5373 33.005 -0.00186761 0.00572052
1 38.6517 33.0072 0.00992456 0.00831692
1 39.765 33.0076 0.0210418 0.0151779
1 40.8763 33.0062 0.0300167 0.016932
1 41.9871 33.002 0.0408973 0.0281295
1 43.0992 32.9945 0.0530766 0.0301452
1 44.2186 32.9816 0.0397469 0.0248608
1 0.0120329 33.9466 -0.0391209 0.0422902
1 1.13075 33.9613 -0.0587169 0.0406358
1 2.24321 33.9695 -0.043431 0.034076
1 3.35475 33.9744 -0.0356366 0.0315395
1 4.46643 33.9764 -0.0227863 0.0282357
1 5.58027 33.9758 -0.0114011 0.0246208
1 6.69571 33.9743 0.000210099 0.0130549
1 7.81179 33.9719 0.020922 0.00649093
1 8.92828 33.9673 0.0367152 0.00555168
1 10.0451 33.961 0.0405383 0.000924023
1 11.1654 33.9556 0.0360521 -0.0102452
1 12.2893 33.9529 0.0256361 -0.0273993
1 13.4143 33.9522 0.0081042 -0.0332396
1 14.5391 33.9527 -0.00580865 -0.0329765
1 15.6625 33.9543 -0.0100303 -0.025278
1 16.7861 33.9549 0.0117855 -0.0122242
1 17.9111 33.9537 0.0331156 -0.0108512
1 19.0347 33.9505 0.0106393 -0.0141371
1 20.1565 33.9459 -0.0137455 -0.021079
1 21.2784 33.9418 -0.0176613 -0.0218552
1 22.401 33.9405 0.00244249 -0.0219041
1 23.5234 33.9432 0.0122361 -0.0233262
1 24.6452 33.948 0.00283004 -0.0207146
1 25.7676 33.9522 -0.0230072 -0.015872
1 26.8918 33.9545 -0.0268457 -0.00988492
1 28.0168 33.9549 0.010082 -0.0154077
1 29.1407 33.9536 0.0197504 -0.0291134
1 30.2647 33.9526 -0.00529588 -0.034378
1 31.3892 33.9525 -0.0247238 -0.0325894
1 32.5131 33.9536 -0.0286478 -0.0207749
1 33.635 33.9577 -0.0390591 -0.00687303
1 34.7537 33.9636 -0.0443134 0.0023013
1 35.8715 33.9696 -0.0262795 0.00909522
1 36.9882 33.9739 0.00170467 0.014104
1 38.1033 33.9759 0.0196144 0.019285
1 39.2181 33.9764 0.0220498 0.0244632
1 40.3314 33.9756 0.0356293 0.0289069
1 41.4436 33.9727 0.0437793 0.0314494
1 42.556 33.9666 0.0616338 0.0384919
1 43.6698 33.9552 0.0813475 0.0445884
1 0.55913 34.9223 -0.0730117 0.0571861
1 1.67344 34.933 -0.0581218 0.036556
1 2.78656 34.9394 -0.0470312 0.0325483
1 3.89993 34.9426 -0.0377916 0.0273622
1 5.01438 34.9438 -0.0255732 0.0296138
1 6.12932 34.9432 -0.0179877 0.0281656
1 7.2451 34.9413 -0.00223738 0.019709
1 8.36349 34.938 0.0167985 0.0118928
1 9.48323 34.9335 0.0352532 0.0105105
1 10.603 34.9275 0.0444147 0.0144042
1 11.7248 34.9217 0.0451397 0.00422965
1 12.8478 34.9174 0.033319 -0.014638
1 13.9712 34.9156 0.00513415 -0.0235969
1 15.0952 34.9156 -0.0272842 -0.021806
1 16.2195 34.9165 -0.0202497 -0.0114021
1 17.3454 34.9171 0.0220405 -0.000345269
1 18.472 34.9164 0.0240736 0.00137335
1 19.5966 34.9131 -0.00654852 -0.00015266
1 20.7188 34.9084 -0.0190483 -0.00926446
1 21.8402 34.9051 -0.00811238 -0.0184032
1 22.9616 34.906 0.0183572 -0.0152815
1 24.0835 34.9101 0.020322 -0.00407871
1 25.2067 34.9146 -0.00418211 0.00274172
1 26.3319 34.9169 -0.0261177 -0.00142429
1 27.4579 34.9169 -0.00827846 -0.003989
1 28.5832 34.9162 0.0175217 -0.0169108
1 29.7073 34.9157 0.0100646 -0.0256432
1 30.8311 34.9161 -0.0166287 -0.0221348
1 31.955 34.9188 -0.0332794 -0.00810568
1 33.079 34.9239 -0.0354783 0.00778598
1 34.1997 34.9303 -0.0383551 0.0169293
1 35.3179 34.9361 -0.0372445 0.0171901
1 36.4354 34.9402 -0.0274123 0.019491
1 37.5524 34.9426 -0.00428617 0.0188202
1 38.6691 34.9434 0.00844364 0.0280894
1 39.7843 34.9436 0.0166849 0.0272741
1 40.8976 34.9414 0.0281419 0.0304037
1 42.0101 34.9366 0.0375447 0.0317707
1 43.1234 34.9294 0.0471679 0.0426615
1 44.2403 34.9182 0.0323798 0.0710931
1 -0.0086845 35.8875 -0.0310831 0.0798347
1 1.1075 35.8964 -0.0348881 0.0467088
1 2.22055 35.9025 -0.0313105 0.0367322
1 3.3341 35.9066 -0.0243865 0.0234986
1 4.44803 35.909 -0.0186575 0.0220181
1 5.56385 35.9097 -0.00636815 0.0263645
1 6.68085 35.9086 0.00452477 0.0229088
1 7.79824 35.9062 0.024659 0.0202505
1 8.91669 35.9026 0.0289418 0.0172462
1 10.0368 35.8978 0.0321957 0.0181287
1 11.159 35.8915 0.0386315 0.0165869
1 12.2828 35.8851 0.0363049 0.00847733
1 13.4056 35.8799 0.0229703 -0.00676445
1 14.5282 35.8774 -0.0107779 -0.0140745
1 15.6519 35.8764 -0.0307027 -0.0125586
1 16.7773 35.8767 -0.0045344 -0.0060551
1 17.905 35.8777 0.0148845 0.00226619
1 19.0323 35.8765 -0.00910058 0.00905678
1 20.1572 35.8733 -0.0260432 -0.00205686
1 21.2797 35.8699 -0.0196503 -0.0198338
1 22.4006 35.8686 0.00294031 -0.0232391
1 23.5221 35.8709 0.0190573 -0.00943233
1 24.6458 35.8746 0.0180417 0.00592278
1 25.772 35.877 -0.00503571 0.00411333
1 26.8996 35.8772 -0.00523823 -0.00402921
1 28.0263 35.8769 0.030023 -0.00656955
1 29.1513 35.8771 0.0300982 -0.0132915
1 30.2746 35.8782 -0.0089155 -0.0159113
1 31.3966 35.8815 -0.0379882 -0.00158766
1 32.5194 35.8873 -0.0432772 0.0147891
1 33.6419 35.8942 -0.0478044 0.022635
1 34.7622 35.9008 -0.0374458 0.0216476
1 35.8823 35.9053 -0.0226826 0.0191658
1 37.0007 35.9079 -0.00309912 0.0198408
1 38.1172 35.909 0.0102707 0.0219218
1 39.2329 35.9095 0.0176261 0.0262805
1 40.3481 35.9079 0.0273347 0.0244718
1 41.4626 35.9051 0.0328243 0.0295442
1 42.5762 35.9001 0.0374181 0.0422455
1 43.6906 35.894 0.0472809 0.0617081
1 0.541754 36.8624 -0.032439 0.0609476
1 1.65642 36.8668 -0.0276135 0.0479583
1 2.77055 36.8701 -0.021311 0.0363191
1 3.88501 36.8723 -0.0230617 0.0351749
1 5.00086 36.8739 -0.0169687 0.0264134
1 6.11732 36.8743 -0.00878918 0.0278401
1 7.23366 36.8731 0.00464524 0.0265932
1 8.35185 36.8701 0.0243365 0.0262952
1 9.47265 36.866 0.0336673 0.0262139
1 10.5946 36.8603 0.0406622 0.0272374
1 11.7178 36.8534 0.0408759 0.0220392
1 12.841 36.8468 0.0405373 0.0117156
1 13.9622 36.8417 0.0183949 0.00420231
1 15.084 36.8382 -0.0263233 0.00417262
1 16.2084 36.8361 -0.0308751 0.00513982
1 17.3354 36.8358 -0.00269955 0.00544671
1 18.4643 36.836 -0.0046228 0.00896481
1 19.5925 36.8345 -0.0182004 0.00885312
1 20.7179 36.8324 -0.0166673 -0.00847625
1 21.8399 36.8314 -0.0058092 -0.0236945
1 22.9618 36.8316 0.0160841 -0.0161728
1 24.0855 36.8331 0.0261527 0.000631949
1 25.2121 36.8352 0.0140915 0.0113153
1 26.3407 36.8359 0.0010158 0.00837758
1 27.4688 36.8358 0.013367 0.00405435
1 28.5943 36.8371 0.0241545 0.00170879
1 29.7176 36.8395 0.00131721 0.00220137
1 30.8396 36.8434 -0.0313366 0.00735312
1 31.9619 36.8495 -0.0420355 0.0192008
1 33.0853 36.8569 -0.0427844 0.0308872
1 34.2067 36.8638 -0.0396779 0.0301533
1 35.327 36.8688 -0.0311479 0.0227899
1 36.4461 36.8719 -0.0280707 0.0213739
1 37.5637 36.8738 -0.0121738 0.029464
1 38.6804 36.8745 0.00194443 0.028062
1 39.7968 36.8737 0.0145913 0.0273048
1 40.9105 36.8715 0.0112618 0.0355081
1 42.0233 36.8687 0.0112774 0.0457021
1 43.1358 36.8651 0.0170837 0.055126
1 44.2527 36.8626 0.0165589 0.0705936
1 -0.0177449 37.8331 -0.00904467 0.0626165
1 1.09949 37.8325 -0.0132514 0.0552979
1 2.21248 37.834 -0.0103629 0.0454664
1 3.32538 37.8363 -0.0102829 0.0407565
1 4.43881 37.8374 -0.0105329 0.0341629
1 5.55461 37.8381 -0.0103433 0.0287146
1 6.67212 37.8382 0.0022153 0.0243426
1 7.7902 37.8364 0.026648 0.0263076
1 8.90903 37.8327 0.0302408 0.0309207
1 10.0297 37.8282 0.0314054 0.0306753
1 11.1517 37.8216 0.0445187 0.0303624
1 12.2751 37.8143 0.0425328 0.0201174
1 13.3973 37.8079 0.0317285 0.0141255
1 14.5186 37.802 0.00378611 0.0136398
1 15.6414 37.7973 -0.0197941 0.0180375
1 16.7664 37.7943 -0.0103787 0.0182507
1 17.8946 37.7931 0.00293681 0.0112412
1 19.0242 37.7925 -0.0103421 0.00989418
1 20.1526 37.7917 -0.0216398 0.00113465
1 21.2778 37.7916 -0.013732 -0.0178514
1 22.4012 37.7918 0.00512405 -0.0223555
1 23.5254 37.7918 0.0132937 -0.00775167
1 24.6521 37.7919 0.0136971 0.00623041
1 25.7812 37.7927 0.00013001 0.0104388
1 26.9103 37.7935 0.001053 0.0150563
1 28.0368 37.7956 0.024989 0.0176062
1 29.1607 37.7992 0.0142929 0.0144741
1 30.2828 37.8043 -0.0237537 0.01603
1 31.4037 37.8105 -0.0427956 0.0196694
1 32.5258 37.818 -0.0452274 0.028457
1 33.6483 37.8257 -0.0370391 0.0309219
1 34.7702 37.8309 -0.0241724 0.0268732
1 35.891 37.8348 -0.0197421 0.0283876
1 37.0093 37.8375 -0.00537258 0.0266028
1 38.126 37.839 0.0100518 0.02857
1 39.2422 37.8382 0.0159291 0.0308068
1 40.3571 37.8372 0.0160707 0.0388791
1 41.4703 37.8358 0.0144837 0.0427551
1 42.5828 37.8337 0.016507 0.0523903
1 43.696 37.8318 0.0193858 0.0594991
1 0.542638 38.8003 -0.0192855 0.0593861
1 1.65562 38.7997 -0.0125058 0.0539253
1 2.7673 38.8006 -0.0133641 0.0442873
1 3.88023 38.8015 -0.0149156 0.0391724
1 4.994 38.8022 -0.0136526 0.0343797
1 6.10979 38.8018 -0.0121277 0.0220651
1 7.22685 38.8009 -0.00761927 0.0211197
1 8.3458 38.7986 0.00857937 0.0256013
1 9.46643 38.7943 0.0221896 0.0264165
1 10.5886 38.7893 0.0353244 0.0236823
1 11.7112 38.7822 0.0462113 0.0246965
1 12.833 38.7746 0.0430566 0.0164118
1 13.9542 38.7671 0.0194578 0.0155314
1 15.076 38.7602 -0.0115849 0.0166877
1 16.1997 38.7549 -0.0188923 0.0222578
1 17.326 38.7506 0.00597769 0.0155616
1 18.4546 38.7487 0.0118609 0.00337253
1 19.5846 38.7483 0.000662789 -0.00457727
1 20.7126 38.7485 -0.0064678 -0.0158849
1 21.8388 38.7495 -0.00222965 -0.0271335
1 22.9652 38.7495 0.00860689 -0.0228606
1 24.0922 38.7485 0.005118 -0.0101005
1 25.2209 38.7483 -0.00454011 -0.00196219
1 26.3501 38.7494 -0.0115539 0.00953856
1 27.4777 38.7525 0.00265613 0.0179738
1 28.6027 38.757 0.0156158 0.0170831
1 29.7256 38.763 -0.00460562 0.0179492
1 30.8473 38.7706 -0.0348713 0.0175591
1 31.9686 38.7784 -0.0434698 0.0209758
1 33.0909 38.7863 -0.035452 0.0269381
1 34.213 38.7924 -0.0280011 0.0238805
1 35.3337 38.7969 -0.0268126 0.027039
1 36.4525 38.8005 -0.0189325 0.021073
1 37.5703 38.802 -0.00205246 0.019924
1 38.6876 38.8025 0.00797021 0.0255775
1 39.8024 38.8025 0.0150733 0.0360994
1 40.9149 38.8016 0.0177096 0.0402427
1 42.0272 38.8005 0.0169439 0.0509832
1 43.1394 38.8002 0.0198868 0.0609133
1 44.2567 38.7997 0.0119786 0.0548914
1 -0.0172872 39.7677 -0.0160882 0.0522331
1 1.10097 39.7666 -0.018227 0.0601287
1 2.21226 39.7665 -0.01615 0.0595962
1 3.32383 39.7665 -0.0167722 0.0468633
1 4.43612 39.7675 -0.0140187 0.0396547
1 5.55069 39.7665 -0.00666485 0.0361099
1 6.6668 39.7654 0.00276935 0.0297174
1 7.78451 39.7634 0.0180218 0.0228695
1 8.90391 39.76 0.0238533 0.0265379
1 10.0248 39.7556 0.0279471 0.0245056
1 11.1471 39.7504 0.0377084 0.0252343
1 12.2695 39.7429 0.0461185 0.0246192
1 13.3904 39.7342 0.034044 0.0280356
1 14.5118 39.7251 0.00998545 0.0230375
1 15.6347 39.7173 -0.00686491 0.0215437
1 16.7597 39.7108 0.000500983 0.0263046
1 17.8868 39.7064 0.0260215 0.0125597
1 19.0152 39.7045 0.0239078 -0.00130365
1 20.1443 39.7039 0.00432803 -0.00453204
1 21.2733 39.7043 -0.00353622 -0.0139911
1 22.4029 39.7048 0.001621 -0.0194585
1 23.5318 39.7044 -0.00734293 -0.00981602
1 24.6607 39.7042 -0.0190328 -0.00284998
1 25.79 39.7051 -0.0267026 0.000780353
1 26.9174 39.7081 -0.0139754 0.0168904
1 28.0435 39.7136 0.0139139 0.0262863
1 29.1677 39.7206 0.00699596 0.0243349
1 30.2894 39.7293 -0.0267938 0.0295854
1 31.4097 39.7385 -0.0486262 0.0298815
1 32.5309 39.7471 -0.0518724 0.0255966
1 33.6528 39.7536 -0.037414 0.0228852
1 34.7748 39.7584 -0.0210516 0.0258993
1 35.8959 39.7625 -0.00786733 0.0284843
1 37.0147 39.7652 0.00687785 0.0248898
1 38.1314 39.7664 0.0125816 0.0300218
1 39.2467 39.7675 0.0140186 0.0375233
1 40.3606 39.7676 0.0225326 0.043589
1 41.4729 39.7671 0.0226882 0.0532425
1 42.5839 39.7668 0.0291923 0.0570903
1 43.6973 39.7667 0.0429943 0.0607363
1 0.544253 40.7323 -0.0443615 0.055293
1 1.65731 40.7327 -0.0339479 0.053448
1 2.76846 40.7322 -0.022152 0.0503052
1 3.88008 40.7322 -0.0215633 0.0405008
1 4.99375 40.732 -0.0182481 0.0346638
1 6.10861 40.7306 -0.00881381 0.0318936
1 7.22487 40.728 -0.000603518 0.0292661
1 8.34323 40.7249 0.00972081 0.0293561
1 9.4639 40.7206 0.0238628 0.0219152
1 10.586 40.7163 0.037337 0.0171843
1 11.7085 40.7107 0.0490041 0.0215565
1 12.8295 40.7027 0.0512116 0.0311971
1 13.9501 40.6923 0.0335581 0.0340554
1 15.0714 40.6812 0.00292446 0.0278499
1 16.195 40.6722 -0.00989213 0.025516
1 17.321 40.6656 0.019807 0.0130696
1 18.4478 40.6618 0.0381701 -0.00474364
1 19.5766 40.6595 0.0331534 -0.00516763
1 20.7064 40.6576 0.0124531 -0.00183299
1 21.8375 40.6569 -0.000954311 -0.00841637
1 22.9693 40.6573 -0.000363821 -0.00873188
1 24.0995 40.6586 -0.0212311 -0.00293225
1 25.2288 40.6606 -0.0389302 -0.00674786
1 26.3564 40.6631 -0.0349958 0.000155212
1 27.4824 40.6684 -0.00974766 0.019583
1 28.6069 40.6762 -0.000111265 0.0282302
1 29.7291 40.6861 -0.02057 0.0326137
1 30.8501 40.6973 -0.0390592 0.0353772
1 31.971 40.7074 -0.037794 0.031124
1 33.0937 40.7145 -0.0299546 0.0203879
1 34.2163 40.7191 -0.0260457 0.018079
1 35.3369 40.7232 -0.0274161 0.0250187
1 36.4557 40.7273 -0.02201 0.0276727
1 37.5736 40.7294 -0.00203926 0.0248554
1 38.6904 40.7314 0.0130051 0.0357041
1 39.805 40.7327 0.0165026 0.0384787
1 40.9171 40.7329 0.0112243 0.0445764
1 42.0283 40.7331 0.016362 0.0499087
1 43.1401 40.7322 0.0295349 0.0510169
1 44.259 40.7325 0.0304192 0.0578907
1 -0.018542 41.6968 -0.0351222 0.0509161
1 1.10093 41.6974 -0.0323835 0.0478915
1 2.21335 41.6978 -0.0222061 0.0407856
1 3.32464 41.6981 -0.0124031 0.0402312
1 4.43628 41.6972 -0.0140729 0.0350398
1 5.55078 41.6958 -0.011646 0.0223014
1 6.66718 41.6932 0.000841466 0.0237132
1 7.78457 41.6905 0.0190394 0.0238663
1 8.90324 41.6858 0.029982 0.0220148
1 10.0236 41.6814 0.0275583 0.0136389
1 11.146 41.677 0.0289187 0.00986127
1 12.2694 41.6708 0.0371837 0.0154492
1 13.3914 41.6612 0.0400865 0.0304281
1 14.5122 41.6488 0.0264202 0.0343116
1 15.6336 41.6365 0.0108313 0.028899
1 16.7571 41.6267 0.0166595 0.0137355
1 17.8826 41.6207 0.0395532 -0.0139182
1 19.0103 41.6166 0.0413942 -0.0147404
1 20.1404 41.6123 0.0225588 -0.00227839
1 21.2715 41.6088 0.000797481 -0.000168111
1 22.4035 41.608 -0.00239519 0.000470251
1 23.5347 41.6104 -0.016729 -0.00225781
1 24.6652 41.6148 -0.0363911 -0.0081601
1 25.7945 41.6187 -0.0448178 -0.0169042
1 26.9206 41.6231 -0.027739 -0.00107511
1 28.045 41.6309 -0.00389131 0.0221244
1 29.1678 41.6422 -0.012472 0.0311809
1 30.2888 41.6549 -0.036267 0.0356203
1 31.4097 41.6664 -0.0450111 0.029225
1 32.5321 41.675 -0.040536 0.0149435
1 33.6544 41.6799 -0.0359184 0.00958374
1 34.7755 41.6842 -0.0298109 0.0164327
1 35.8956 41.6887 -0.0125713 0.0210019
1 37.0145 41.6917 0.00551382 0.0171644
1 38.1316 41.6943 0.0107364 0.0230207
1 39.2468 41.6971 0.0163659 0.0263728
1 40.3602 41.6979 0.0247121 0.0376201
1 41.4723 41.6983 0.0279238 0.0432907
1 42.5844 41.698 0.0336382 0.0469641
1 43.6979 41.6976 0.0403375 0.0529472
1 0.543205 42.6612 -0.0389344 0.0519158
1 1.65697 42.6619 -0.0327441 0.0462965
1 2.7689 42.6631 -0.0308707 0.0432715
1 3.88133 42.6628 -0.0243853 0.0379638
1 4.99483 42.6612 -0.0196763 0.0288755
1 6.11008 42.6584 -0.0119295 0.0243282
1 7.22656 42.6551 -0.00327505 0.0208783
1 8.34525 42.6515 0.0098819 0.0244036
1 9.46511 42.6469 0.0257566 0.0161524
1 10.5866 42.6421 0.0371145 0.0120408
1 11.7093 42.6364 0.0435201 0.0113704
1 12.8327 42.6289 0.0420475 0.0177577
1 13.9551 42.618 0.0380063 0.0269161
1 15.076 42.6043 0.0238296 0.0319537
1 16.1975 42.5911 0.0211121 0.0253316
1 17.3206 42.581 0.03958 -0.00445906
1 18.4467 42.5749 0.0400064 -0.0209527
1 19.5768 42.5688 0.030153 -0.00515739
1 20.7077 42.5624 0.00999019 0.00417008
1 21.8377 42.5593 -0.00192198 0.0102743
1 22.9677 42.5606 0.000346829 0.00882037
1 24.0983 42.5656 -0.0186372 0.00071127
1 25.2292 42.5721 -0.0363748 -0.0141408
1 26.3572 42.578 -0.0440257 -0.0162786
1 27.4815 42.5854 -0.0331712 0.00968131
1 28.6036 42.5967 -0.0229991 0.0285961
1 29.7247 42.6108 -0.0333854 0.0350541
1 30.8465 42.624 -0.0407758 0.0267393
1 31.9695 42.6336 -0.0336878 0.0149306
1 33.0931 42.6405 -0.0322852 0.00993803
1 34.2149 42.6452 -0.0303683 0.0124486
1 35.3351 42.6493 -0.0223202 0.0163736
1 36.4548 42.6532 -0.0129449 0.0181169
1 37.5728 42.6564 -0.00618847 0.0217613
1 38.6889 42.6602 0.00977264 0.0279311
1 39.8034 42.6625 0.0157485 0.0322217
1 40.9158 42.6631 0.0163585 0.0414258
1 42.0276 42.6625 0.0199817 0.0523555
1 43.1402 42.6619 0.0284201 0.0517403
1 44.2609 42.6614 0.0300298 0.0498247
1 -0.019439 43.6241 -0.0234058 0.0620868
1 1.10116 43.6251 -0.0284169 0.0578249
1 2.21338 43.6267 -0.0239471 0.0540417
1 3.32569 43.6272 -0.0215591 0.0429644
1 4.43855 43.6266 -0.0218621 0.0334642
1 5.55351 43.6238 -0.012674 0.0258998
1 6.66979 43.6203 0.00757455 0.0236203
1 7.78682 43.6166 0.017407 0.0268802
1 8.90568 43.6119 0.0242621 0.0215601
1 10.0266 43.6069 0.0225635 0.0189372
1 11.1499 43.6013 0.027075 0.017466
1 12.2742 43.5941 0.0391184 0.0115521
1 13.3983 43.585 0.0445448 0.0181665
1 14.5209 43.5728 0.0388928 0.0288258
1 15.6421 43.5586 0.037536 0.0305768
1 16.763 43.5448 0.0412714 0.0194655
1 17.8864 43.5345 0.0412981 -0.00344892
1 19.0144 43.5261 0.0242194 -0.00292103
1 20.1453 43.518 -5.42289e-05 0.00731983
1 21.2746 43.5126 -0.00709827 0.0133463
1 22.4024 43.5118 0.00634849 0.0179541
1 23.5301 43.5153 0.00277181 0.0125304
1 24.6604 43.5222 -0.0152241 0.00494208
1 25.7906 43.5307 -0.0379632 -0.00683316
1 26.9157 43.5394 -0.0505145 0.00361292
1 28.0373 43.5506 -0.0370281 0.0247028
1 29.1588 43.5649 -0.0294207 0.0312852
1 30.2808 43.5792 -0.0364998 0.027839
1 31.4046 43.5903 -0.0426358 0.0166255
1 32.5288 43.5988 -0.0407117 0.0177727
1 33.6514 43.6055 -0.0353464 0.0163329
1 34.7728 43.6099 -0.0238944 0.014886
1 35.8939 43.6136 -0.00383588 0.023981
1 37.0128 43.6178 0.000905459 0.0270514
1 38.1292 43.6221 0.00697096 0.0233679
1 39.2448 43.6258 0.0170662 0.0330345
1 40.3585 43.6278 0.0248659 0.039789
1 41.471 43.6275 0.0246778 0.0497157
1 42.5826 43.6261 0.0276189 0.0561307
1 43.6963 43.6242 0.0281411 0.0541896
1 0.543239 44.5872 -0.0280368 0.0618033
1 1.65707 44.59 -0.0261903 0.0540743
1 2.76917 44.5913 -0.0256779 0.0475637
1 3.88206 44.5914 -0.0239015 0.0314004
1 4.99666 44.5893 -0.0194876 0.0191129
1 6.11272 44.5858 -0.0101078 0.0099764
1 7.22981 44.5821 0.00133819 0.0168847
1 8.34842 44.5773 0.016333 0.0207464
1 9.46892 44.5721 0.025024 0.0151646
1 10.5915 44.5662 0.0299116 0.0114789
1 11.7158 44.5588 0.0401701 0.00381432
1 12.8412 44.5505 0.0478156 0.000723597
1 13.9662 44.5402 0.0444836 0.00872143
1 15.0891 44.527 0.0372588 0.0165099
1 16.21 44.5124 0.0436708 0.0190922
1 17.3312 44.4981 0.0477341 0.0127769
1 18.4559 44.4862 0.0313378 0.00579702
1 19.5841 44.476 0.00259518 0.00559734
1 20.7123 44.4686 -0.0137995 0.00200451
1 21.8389 44.4659 -0.00496129 0.00478418
1 22.9647 44.4671 0.0141393 0.00461675
1 24.0916 44.4724 0.00943827 0.00780393
1 25.2203 44.4815 -0.017529 0.00596571
1 26.3473 44.4922 -0.0424014 0.00356691
1 27.4701 44.5048 -0.0468254 0.013468
1 28.5909 44.5186 -0.0407572 0.0171067
1 29.7129 44.5332 -0.0436564 0.0171205
1 30.8369 44.546 -0.0486631 0.007807
1 31.9619 44.5554 -0.0423526 0.00252701
1 33.0868 44.5642 -0.0280095 0.0106651
1 34.2106 44.5704 -0.0221451 0.00875
1 35.3323 44.5741 -0.0226505 0.0122054
1 36.452 44.579 -0.0195342 0.0220447
1 37.569 44.5841 -0.00584512 0.0121189
1 38.6856 44.5876 0.0171175 0.0149452
1 39.8012 44.5915 0.0298801 0.0287088
1 40.9147 44.5925 0.0248569 0.0398081
1 42.0268 44.5915 0.0251446 0.0496874
1 43.1386 44.5886 0.0278386 0.0572473
1 44.258 44.5864 0.0195681 0.0603024
1 -0.0210829 45.5485 -0.0177331 0.0599518
1 1.0999 45.5514 -0.0208271 0.0575533
1 2.21204 45.5548 -0.0197166 0.0564723
1 3.32488 45.5557 -0.0175687 0.0414738
1 4.4395 45.5542 -0.0225002 0.0289352
1 5.5553 45.5506 -0.0139044 0.0135051
1 6.67294 45.5467 0.000464625 0.0039411
1 7.79154 45.5426 0.0158116 0.0138238
1 8.91105 45.5373 0.0252537 0.0192345
1 10.0332 45.5309 0.0230594 0.0163758
1 11.158 45.5231 0.0267279 0.00578169
1 12.2845 45.5142 0.044588 -0.00762461
1 13.4114 45.5049 0.0531305 -0.00708351
1 14.5364 45.4946 0.0491984 0.00603933
1 15.6586 45.4809 0.0478673 0.015712
1 16.7794 45.465 0.0417417 0.0229293
1 17.9017 45.4498 0.0328989 0.0269697
1 19.0266 45.437 0.0123736 0.0212084
1 20.1524 45.4273 -0.00700571 0.00731273
1 21.2771 45.4218 -0.00620583 -0.00258651
1 22.4013 45.4208 0.0012877 -0.00568691
1 23.5253 45.4245 0.00851881 -0.000272396
1 24.6506 45.4326 0.000347802 0.0123539
1 25.7766 45.4435 -0.0259215 0.0210019
1 26.9001 45.4569 -0.0401268 0.0239508
1 28.0213 45.4721 -0.0412123 0.0182888
1 29.1428 45.4867 -0.0439953 0.0152707
1 30.2666 45.4999 -0.0490829 0.00655829
1 31.3932 45.5107 -0.0542448 -0.00816565
1 32.5192 45.52 -0.0456001 -0.00159332
1 33.6443 45.5287 -0.0288128 0.0117152
1 34.768 45.5346 -0.0257115 0.0137236
1 35.889 45.539 -0.0190683 0.0200391
1 37.0082 45.5446 -0.00424283 0.00798993
1 38.1265 45.5489 0.00856802 -0.000121993
1 39.2429 45.5529 0.0201609 0.0197918
1 40.3582 45.5561 0.023657 0.0368294
1 41.4717 45.5563 0.0205316 0.0494565
1 42.5842 45.5535 0.0268472 0.056548
1 43.6978 45.5492 0.0272857 0.0657105
1 0.540649 46.5106 -0.020182 0.064741
1 1.65391 46.5174 -0.0225679 0.0659047
1 2.76766 46.5192 -0.021801 0.0569416
1 3.88323 46.5185 -0.0191863 0.0433165
1 4.99928 46.5158 -0.0119637 0.023151
1 6.11662 46.5109 -0.0025149 0.00842149
1 7.23522 46.5068 0.00777963 0.00369176
1 8.35488 46.5027 0.0225408 0.0198265
1 9.47673 46.4961 0.0302875 0.0295196
1 10.6013 46.4875 0.0387031 0.0165596
1 11.727 46.4777 0.0511153 -0.00596403
1 12.8548 46.4677 0.0527012 -0.012933
1 13.9827 46.4593 0.0483251 -0.00770275
1 15.1077 46.4491 0.0440979 0.0155915
1 16.2298 46.4338 0.0332332 0.035397
1 17.3507 46.4166 0.0287913 0.0459582
1 18.4727 46.4011 0.0228676 0.0407941
1 19.5964 46.3893 0.00854059 0.0169339
1 20.7191 46.3813 0.00908924 -0.00135715
1 21.8398 46.3772 0.00284239 -0.00297655
1 22.9607 46.3786 -0.00500463 -0.00402926
1 24.0827 46.3856 -0.00605615 0.00458485
1 25.2057 46.3956 -0.019432 0.0289171
1 26.329 46.4084 -0.027715 0.0447773
1 27.4503 46.4246 -0.0326308 0.0383709
1 28.5708 46.4405 -0.0418537 0.0235979
1 29.6941 46.4534 -0.044678 0.0104489
1 30.8215 46.4639 -0.0488427 -0.00503216
1 31.9495 46.4742 -0.0508358 -0.0109078
1 33.0762 46.4845 -0.038393 0.00829991
1 34.2019 46.4932 -0.0292462 0.022568
1 35.3249 46.4989 -0.0249896 0.017934
1 36.4457 46.5036 -0.00729064 0.00971399
1 37.566 46.5084 0.000166242 0.00242722
1 38.684 46.5138 0.00551575 0.0128112
1 39.8006 46.5184 0.0118406 0.0365523
1 40.9161 46.5204 0.00768397 0.0465599
1 42.0305 46.5183 0.0137216 0.0552503
1 43.1445 46.5143 0.0163727 0.0693655
1 44.2664 46.5064 0.0179336 0.067474
1 -0.0337189 47.465 -0.0171603 0.0610472
1 1.0894 47.4827 -0.0166745 0.0652766
1 2.20651 47.4863 -0.0101418 0.0576259
1 3.3234 47.4861 -0.00830508 0.0451606
1 4.44149 47.4848 -0.00685817 0.0199416
1 5.55976 47.4809 -0.00480967 0.0109844
1 6.67858 47.4752 0.00462313 -0.00316231
1 7.79849 47.4713 0.00809853 0.00219308
1 8.92069 47.4658 0.0221018 0.0215894
1 10.0456 47.4568 0.0410499 0.0167874
1 11.1719 47.4471 0.0551286 -0.00523205
1 12.2988 47.4357 0.064346 -0.0152115
1 13.4265 47.4259 0.0469231 -0.0240029
1 14.5547 47.4191 0.0300878 -0.00223533
1 15.6807 47.4075 0.0238206 0.0285674
1 16.8029 47.3907 0.0204614 0.0437053
1 17.923 47.3731 0.029552 0.0537379
1 19.0434 47.3584 0.0330883 0.0299902
1 20.1641 47.3492 0.0190608 -0.00477337
1 21.2828 47.343 0.00634028 -0.00487668
1 22.3989 47.3411 -0.00333144 0.000805696
1 23.516 47.3457 -0.0135487 -0.00637974
1 24.6362 47.354 -0.0261347 0.0114689
1 25.7578 47.3656 -0.0317999 0.0440731
1 26.8781 47.3814 -0.025349 0.0482826
1 27.9985 47.3986 -0.0215171 0.0348843
1 29.122 47.4126 -0.0250851 0.0145385
1 30.249 47.4218 -0.0388548 -0.0105499
1 31.3775 47.4317 -0.057441 -0.016733
1 32.505 47.4435 -0.0637445 -0.0120133
1 33.6316 47.4535 -0.0497435 0.0078201
1 34.7578 47.4621 -0.0278092 0.0204399
1 35.8816 47.4675 -0.0107754 0.00345579
1 37.0021 47.4715 -0.0114958 -0.00487408
1 38.1205 47.4784 -0.00811923 0.00499502
1 39.2387 47.4838 0.00726771 0.0126416
1 40.3574 47.4868 0.0149749 0.0389489
1 41.4756 47.4873 0.0165842 0.0501635
1 42.5926 47.4836 0.0251855 0.064557
1 43.7108 47.477 0.0155048 0.0666303
